3.73898e-10	0	0	0
7.05211e-10	0	0	0
7.74429e-10	0	0	0
2.50269e-09	0	0	0
2.94166e-09	0	0	0
3.12609e-09	0	0	0
3.12735e-09	0	0	0
3.16913e-09	0	0	0
3.21015e-09	0	0	0
3.58803e-09	0	0	0
5.01199e-09	0	0	0
5.11159e-09	0	0	0
5.79116e-09	0	0	0
6.44315e-09	0	0	0
6.60058e-09	0	0	0
8.02636e-09	0	0	0
8.60731e-09	0	0	0
8.7275e-09	0	0	0
8.92463e-09	0	0	0
9.43077e-09	0	0	0
9.72449e-09	0	0	0
1.20495e-08	0	0	0
1.28786e-08	0	0	0
1.39692e-08	0	0	0
1.43346e-08	0	0	0
1.45487e-08	0	0	0
1.49273e-08	0	0	0
1.51893e-08	0	0	0
1.58768e-08	0	0	0
1.61257e-08	0	0	0
1.66674e-08	0	0	0
1.69838e-08	0	0	0
2.13807e-08	0	0	0
2.20469e-08	0	0	0
2.53585e-08	0	0	0
2.56324e-08	0	0	0
2.57341e-08	0	0	0
3.11919e-08	0	0	0
3.15859e-08	0	0	0
3.24045e-08	0	0	0
3.40997e-08	0	0	0
3.44191e-08	0	0	0
3.81929e-08	0	0	0
3.97214e-08	0	0	0
4.04604e-08	0	0	0
4.08758e-08	0	0	0
4.09174e-08	0	0	0
4.28168e-08	0	0	0
5.58154e-08	0	0	0
6.87556e-08	0	0	0
7.01189e-08	0	0	0
7.26745e-08	0	0	0
8.22706e-08	0	0	0
8.26091e-08	0	0	0
9.29883e-08	0	0	0
9.80829e-08	0	0	0
1.17946e-07	0	0	0
1.23376e-07	0	0	0
1.34109e-07	0	0	0
1.39004e-07	0	0	0
1.60314e-07	0	0	0
1.73763e-07	0	0	0
1.77945e-07	0	0	0
2.11463e-07	0	0	0
2.58611e-07	0	0	0
2.88599e-07	0	0	0
3.08696e-07	0	0	0
3.10392e-07	0	0	0
3.85269e-07	0	0	0
6.13098e-07	0	0	0
6.82772e-07	0	0	0
8.21975e-07	0	0	0
9.21793e-07	0	0	0
1.19969e-06	0	0	0
1.22112e-06	0	0	0
1.24523e-06	0	0	0
1.52438e-06	0	0	0
1.5631e-06	0	0	0
1.62287e-06	0	0	0
1.63624e-06	0	0	0
1.74299e-06	0	0	0
1.7647e-06	0	0	0
1.79701e-06	0	0	0
1.90897e-06	0	0	0
1.94257e-06	0	0	0
1.96433e-06	0	0	0
1.97239e-06	0	0	0
2.1065e-06	0	0	0
2.152e-06	0	0	0
2.21701e-06	0	0	0
2.23612e-06	0	0	0
2.28348e-06	0	0	0
2.32462e-06	0	0	0
2.37558e-06	0	0	0
2.48594e-06	0	0	0
2.48934e-06	0	0	0
2.51464e-06	0	0	0
2.63229e-06	0	0	0
2.73807e-06	0	0	0
2.78284e-06	0	0	0
2.86923e-06	0	0	0
3.2284e-06	0	0	0
3.29154e-06	0	0	0
3.29251e-06	0	0	0
3.35863e-06	0	0	0
3.56226e-06	0	0	0
3.62474e-06	0	0	0
3.64355e-06	0	0	0
3.72713e-06	0	0	0
3.79139e-06	0	0	0
4.08786e-06	0	0	0
4.25521e-06	0	0	0
4.27396e-06	0	0	0
4.29348e-06	0	0	0
4.37961e-06	0	0	0
4.51759e-06	0	0	0
4.68794e-06	0	0	0
4.85767e-06	0	0	0
4.98373e-06	0	0	0
5.16178e-06	0	0	0
5.25039e-06	0	0	0
5.56412e-06	0	0	0
5.60428e-06	0	0	0
5.67438e-06	0	0	0
5.82465e-06	0	0	0
5.85308e-06	0	0	0
6.31483e-06	0	0	0
6.41444e-06	0	0	0
6.53724e-06	0	0	0
6.63476e-06	0	0	0
6.86897e-06	0	0	0
6.89388e-06	0	0	0
6.95824e-06	0	0	0
6.95984e-06	0	0	0
7.26638e-06	0	0	0
7.41444e-06	0	0	0
7.41992e-06	0	0	0
7.56389e-06	0	0	0
7.61705e-06	0	0	0
7.81139e-06	0	0	0
7.95175e-06	0	0	0
8.01847e-06	0	0	0
8.03913e-06	0	0	0
8.10754e-06	0	0	0
8.11919e-06	0	0	0
8.12225e-06	0	0	0
8.62716e-06	0	0	0
8.70624e-06	0	0	0
9.82842e-06	0	0	0
9.89046e-06	0	0	0
1.00844e-05	0	0	0
1.01262e-05	0	0	0
1.05e-05	0	0	0
1.09673e-05	0	0	0
1.10285e-05	0	0	0
1.12049e-05	0	0	0
1.15261e-05	0	0	0
1.1531e-05	0	0	0
1.16337e-05	0	0	0
1.18379e-05	0	0	0
1.19006e-05	0	0	0
1.22186e-05	0	0	0
1.26006e-05	0	0	0
1.31553e-05	0	0	0
1.31813e-05	0	0	0
1.33018e-05	0	0	0
1.34898e-05	0	0	0
1.36837e-05	0	0	0
1.37509e-05	0	0	0
1.39915e-05	0	0	0
1.40043e-05	0	0	0
1.40861e-05	0	0	0
1.4353e-05	0	0	0
1.44752e-05	0	0	0
1.4561e-05	0	0	0
1.46119e-05	0	0	0
1.48062e-05	0	0	0
1.50205e-05	0	0	0
1.50637e-05	0	0	0
1.5072e-05	0	0	0
1.53677e-05	0	0	0
1.54793e-05	0	0	0
1.55395e-05	0	0	0
1.56277e-05	0	0	0
1.58302e-05	0	0	0
1.58453e-05	0	0	0
1.63533e-05	0	0	0
1.66221e-05	0	0	0
1.68878e-05	0	0	0
1.70927e-05	0	0	0
1.71503e-05	0	0	0
1.76098e-05	0	0	0
1.78475e-05	0	0	0
1.78638e-05	0	0	0
1.79874e-05	0	0	0
1.81275e-05	0	0	0
1.84212e-05	0	0	0
1.86161e-05	0	0	0
1.89237e-05	0	0	0
1.905e-05	0	0	0
1.92337e-05	0	0	0
1.94545e-05	0	0	0
1.95105e-05	0	0	0
1.96799e-05	0	0	0
1.97576e-05	0	0	0
2.01755e-05	0	0	0
2.04345e-05	0	0	0
2.12551e-05	0	0	0
2.14246e-05	0	0	0
2.1428e-05	0	0	0
2.14986e-05	0	0	0
2.15995e-05	0	0	0
2.21473e-05	0	0	0
2.22806e-05	0	0	0
2.26637e-05	0	0	0
2.27199e-05	0	0	0
2.28342e-05	0	0	0
2.32618e-05	0	0	0
2.36428e-05	0	0	0
2.3686e-05	0	0	0
2.39953e-05	0	0	0
2.42056e-05	0	0	0
2.42883e-05	0	0	0
2.46729e-05	0	0	0
2.47582e-05	0	0	0
2.55834e-05	0	0	0
2.55998e-05	0	0	0
2.56959e-05	0	0	0
2.5716e-05	0	0	0
2.59018e-05	0	0	0
2.60001e-05	0	0	0
2.64481e-05	0	0	0
2.66853e-05	0	0	0
2.7098e-05	0	0	0
2.76333e-05	0	0	0
2.80828e-05	0	0	0
2.83813e-05	0	0	0
2.89457e-05	0	0	0
2.92452e-05	0	0	0
2.95675e-05	0	0	0
3.13425e-05	0	0	0
3.17563e-05	0	0	0
3.20714e-05	0	0	0
3.22402e-05	0	0	0
3.22415e-05	0	0	0
3.22812e-05	0	0	0
3.24179e-05	0	0	0
3.3579e-05	0	0	0
3.62772e-05	0	0	0
3.67944e-05	0	0	0
3.68601e-05	0	0	0
3.82472e-05	0	0	0
3.82665e-05	0	0	0
3.83272e-05	0	0	0
3.84874e-05	0	0	0
3.86915e-05	0	0	0
3.89499e-05	0	0	0
3.96891e-05	0	0	0
3.97078e-05	0	0	0
3.99237e-05	0	0	0
4.06926e-05	0	0	0
4.11752e-05	0	0	0
4.15424e-05	0	0	0
4.17167e-05	0	0	0
4.24731e-05	0	0	0
4.25808e-05	0	0	0
4.28743e-05	0	0	0
4.30387e-05	0	0	0
4.39511e-05	0	0	0
4.42148e-05	0	0	0
4.48535e-05	0	0	0
4.70354e-05	0	0	0
4.96496e-05	0	0	0
4.97004e-05	0	0	0
5.08873e-05	0	0	0
5.18636e-05	0	0	0
5.27697e-05	0	0	0
5.37128e-05	0	0	0
5.59282e-05	0	0	0
5.70446e-05	0	0	0
5.76665e-05	0	0	0
5.9805e-05	0	0	0
6.23523e-05	0	0	0
6.27404e-05	0	0	0
6.60617e-05	0	0	0
6.75042e-05	0	0	0
7.02073e-05	0	0	0
7.20887e-05	0	0	0
7.21873e-05	0	0	0
7.56466e-05	0	0	0
7.60379e-05	0	0	0
7.63094e-05	0	0	0
7.69264e-05	0	0	0
7.81643e-05	0	0	0
8.20248e-05	0	0	0
8.2118e-05	0	0	0
8.23353e-05	0	0	0
8.38562e-05	0	0	0
8.44266e-05	0	0	0
8.58177e-05	0	0	0
8.77318e-05	0	0	0
8.84209e-05	0	0	0
9.00026e-05	0	0	0
9.44671e-05	0	0	0
0.000102685	0	0	0
0.000103038	0	0	0
0.00010522	0	0	0
0.00011398	0	0	0
0.000121871	0	0	0
0.00012421	0	0	0
0.000127963	0	0	0
0.000130543	0	0	0
0.000133065	0	0	0
0.000150942	0	0	0
0.000153568	0	0	0
0.0001827	0	0	0
0.000203204	0	0	0
0.00482624	0	0	0
0.00520356	0	0	0
0.00520694	0.0138198	0.0276396	0
0.00590812	0.0414594	0	0
0.00636511	0.0414594	0	0
0.051561	0.0414594	0	0
0.0524672	0.0414594	0	0
0.0524711	0.0552792	0.0276396	0
0.0524923	0.0829187	0	0
0.0858933	0.0829187	0	0
0.0868858	0.0829187	0	0
0.0868919	0.0967385	0.0276396	0
0.0869463	0.124378	0	0
0.12474	0.124378	0	0
0.125486	0.124378	0	0
0.125939	0.124378	0	0
0.126677	0.124378	0.0276396	0
0.126769	0.124378	0.0552792	0
0.127534	0.124378	0.0829187	0
0.128099	0.124378	0.110558	0
0.129956	0.124378	0.138198	0
0.134677	0.124378	0.165837	0
0.135896	0.124378	0.165837	0
0.135945	0.138198	0.193477	0
0.14835	0.165837	0.165837	0
0.180043	0.165837	0.165837	0
0.180075	0.165837	0.165837	0
0.180076	0.165837	0.165837	0
0.180091	0.193477	0.138198	0
0.180098	0.221117	0.110558	0
0.180103	0.248756	0.0829187	0
0.180119	0.276396	0.0552792	0
0.180126	0.304035	0.0276396	0
0.2362	0.331675	0	0
0.237832	0.331675	0	0
0.237834	0.345495	0.0276396	0
0.237901	0.373134	0	0
0.242097	0.373134	0	0
0.248466	0.373134	0	0
0.287263	0.373134	0	0
0.293851	0.373134	0	0
0.294958	0.373134	0	0
0.294974	0.373134	0	0
0.295007	0.373134	0	0
0.29502	0.373134	0	0
0.315316	0.373134	0	0
0.335158	0.373134	0	0
0.348556	0.373134	0	0
0.363819	0.373134	0	0
0.365658	0.373134	0	0
0.373337	0.373134	0	0
0.373945	0.373134	0	0.0909918
0.382555	0.373134	0	0.0909918
0.383748	0.373134	0	0.0909918
0.383794	0.386954	0.0276396	0.0909918
0.383824	0.414594	0	0.0909918
0.396623	0.414594	0	0.0909918
0.396853	0.414594	0	0.181984
0.416516	0.414594	0	0.181984
0.44762	0.414594	0	0.181984
0.45143	0.414594	0	0.181984
0.45404	0.414594	0	0.272975
0.494124	0.414594	0	0.363967
0.494275	0.414594	0	0.363967
0.494326	0.428413	0.0276396	0.363967
0.502819	0.456053	0	0.363967
0.509114	0.456053	0	0.363967
0.546987	0.456053	0	0.363967
0.547009	0.456053	0	0.454959
0.56884	0.456053	0	0.454959
0.571421	0.456053	0	0.454959
0.571428	0.456053	0.0552792	0.454959
0.571482	0.483693	0.0276396	0.454959
0.631623	0.511332	0	0.454959
0.632305	0.511332	0	0.454959
0.632469	0.511332	0.0276396	0.454959
0.63247	0.525152	0.0552792	0.454959
0.632533	0.552792	0.0276396	0.454959
0.646102	0.580431	0	0.454959
0.658544	0.580431	0	0.454959
0.658559	0.580431	0	0.454959
0.658587	0.594251	0.0276396	0.454959
0.658866	0.621891	0	0.454959
0.661409	0.621891	0	0.454959
0.662048	0.621891	0	0.454959
0.662051	0.63571	0.0276396	0.454959
0.671098	0.66335	0	0.454959
0.672114	0.66335	0	0.454959
0.672116	0.67717	0.0276396	0.454959
0.672549	0.704809	0	0.454959
0.673476	0.704809	0	0.454959
0.673532	0.718629	0.0276396	0.454959
0.686557	0.746269	0	0.454959
0.687173	0.746269	0	0.454959
0.68804	0.746269	0	0.454959
0.688043	0.760088	0.0276396	0.454959
0.68812	0.760088	0.0276396	0.454959
0.692787	0.787728	0	0.454959
0.693375	0.787728	0	0.454959
0.694266	0.787728	0.0276396	0.454959
0.694275	0.801548	0.0552792	0.454959
0.694277	0.829187	0.0276396	0.454959
0.694288	0.856827	0	0.454959
0.695286	0.856827	0	0.454959
0.69549	0.856827	0	0.454959
0.695506	0.856827	0.0552792	0.454959
0.695589	0.884467	0.0276396	0.454959
0.700245	0.912106	0	0.454959
0.700251	0.912106	0	0.454959
0.700262	0.912106	0	0.454959
0.713939	0.912106	0	0.454959
0.738635	0.912106	0	0.454959
0.73905	0.912106	0	0.454959
0.739079	0.925926	0.0276396	0.454959
0.73911	0.953566	0	0.454959
0.776586	0.953566	0	0.454959
0.776629	0.953566	0	0.454959
0.776671	0.953566	0	0.454959
0.792109	0.953566	0	0.454959
0.799967	0.953566	0	0.545951
0.800402	0.953566	0	0.545951
0.800412	0.967385	0.0276396	0.545951
0.828144	0.995025	0	0.545951
0.885309	0.995025	0	0.636943
0.91339	0.995025	0	0.636943
0.913393	0.995025	0	0.636943
0.913394	0.995025	0	0.636943
0.913439	0.995025	0	0.636943
0.920583	0.995025	0	0.636943
0.920747	0.995025	0	0.636943
0.920758	1.00884	0.0276396	0.636943
0.920832	1.03648	0	0.636943
0.930551	1.03648	0	0.636943
0.930873	1.03648	0	0.636943
0.930975	1.03648	0.0276396	0.636943
0.931018	1.03648	0.0552792	0.636943
0.93102	1.06412	0.0276396	0.636943
0.954231	1.09176	0	0.636943
0.956492	1.09176	0	0.727934
0.956519	1.09176	0	0.727934
0.956544	1.10558	0.0276396	0.727934
0.96551	1.13322	0	0.727934
1.02215	1.13322	0	0.727934
1.04196	1.13322	0	0.727934
1.07079	1.13322	0	0.727934
1.08641	1.13322	0	0.818926
1.08643	1.13322	0	0.818926
1.09526	1.13322	0	0.818926
1.09527	1.13322	0	0.818926
1.10644	1.13322	0	0.818926
1.14742	1.13322	0	0.818926
1.14758	1.13322	0	0.818926
1.1477	1.13322	0.0276396	0.818926
1.14771	1.14704	0.0552792	0.818926
1.14774	1.17468	0.0276396	0.818926
1.16268	1.20232	0	0.818926
1.23527	1.20232	0	0.909918
1.23527	1.20232	0	0.909918
1.2353	1.21614	0.0276396	0.909918
1.23672	1.24378	0	0.909918
1.23976	1.24378	0	0.909918
1.23979	1.24378	0	0.909918
1.28397	1.24378	0	0.909918
1.28446	1.24378	0	0.909918
1.28456	1.24378	0.0552792	0.909918
1.28457	1.27142	0.0276396	0.909918
1.28833	1.29906	0	0.909918
1.28897	1.29906	0	0.909918
1.28901	1.31288	0.0276396	0.909918
1.28901	1.31288	0.0276396	0.909918
1.28904	1.31288	0.0276396	0.909918
1.28906	1.34052	0	0.909918
1.3029	1.34052	0	0.909918
1.30355	1.34052	0	0.909918
1.30358	1.35434	0.0276396	0.909918
1.30926	1.38198	0	0.909918
1.31224	1.38198	0	0.909918
1.31256	1.38198	0	0.909918
1.31376	1.38198	0.0276396	0.909918
1.31377	1.3958	0.0552792	0.909918
1.31377	1.42344	0.0276396	0.909918
1.3211	1.45108	0	0.909918
1.32621	1.45108	0	0.909918
1.34836	1.45108	0	1.00091
1.34904	1.45108	0	1.00091
1.34907	1.4649	0.0276396	1.00091
1.35549	1.49254	0	1.00091
1.35557	1.49254	0	1.00091
1.35564	1.50636	0.0276396	1.00091
1.39	1.534	0	1.00091
1.39766	1.534	0	1.0919
1.39808	1.534	0	1.0919
1.3981	1.54782	0.0276396	1.0919
1.4276	1.57546	0	1.0919
1.42772	1.57546	0	1.0919
1.42774	1.57546	0.0552792	1.0919
1.42774	1.6031	0.0276396	1.0919
1.53538	1.63074	0	1.0919
1.53567	1.63074	0	1.0919
1.53603	1.63074	0.0276396	1.0919
1.53604	1.64456	0.0552792	1.0919
1.53604	1.67219	0.0276396	1.0919
1.54778	1.69983	0	1.0919
1.56156	1.69983	0	1.0919
1.56349	1.69983	0	1.0919
1.56395	1.69983	0.0276396	1.0919
1.56403	1.69983	0.0552792	1.0919
1.56438	1.69983	0.0829187	1.0919
1.5645	1.69983	0.110558	1.0919
1.56476	1.69983	0.138198	1.0919
1.56489	1.69983	0.165837	1.0919
1.56489	1.71365	0.193477	1.0919
1.56489	1.74129	0.165837	1.0919
1.56489	1.76893	0.138198	1.0919
1.5649	1.79657	0.110558	1.0919
1.56491	1.79657	0.110558	1.0919
1.56492	1.79657	0.110558	1.0919
1.56493	1.82421	0.0829187	1.0919
1.56493	1.85185	0.0552792	1.0919
1.56495	1.87949	0.0276396	1.0919
1.57521	1.90713	0	1.0919
1.57754	1.90713	0	1.18289
1.59379	1.90713	0	1.18289
1.60236	1.90713	0	1.36488
1.60263	1.90713	0	1.36488
1.60312	1.90713	0.0276396	1.36488
1.60313	1.92095	0.0552792	1.36488
1.60323	1.94859	0.0276396	1.36488
1.61043	1.97623	0	1.36488
1.6281	1.97623	0	1.36488
1.62869	1.97623	0	1.36488
1.62874	1.97623	0.0276396	1.36488
1.62915	1.97623	0.0552792	1.36488
1.62971	1.97623	0.0829187	1.36488
1.62973	1.99005	0.110558	1.36488
1.62975	2.01769	0.0829187	1.36488
1.62976	2.04533	0.0552792	1.36488
1.62995	2.07297	0.0276396	1.36488
1.64748	2.10061	0	1.36488
1.65816	2.10061	0	1.36488
1.65852	2.10061	0	1.36488
1.65854	2.11443	0.0276396	1.36488
1.66138	2.14207	0	1.36488
1.67284	2.14207	0	1.54686
1.6839	2.14207	0	1.54686
1.69138	2.14207	0	1.63785
1.6922	2.14207	0	1.63785
1.69307	2.14207	0.0276396	1.63785
1.6931	2.14207	0.0552792	1.63785
1.69517	2.14207	0.0829187	1.63785
1.69528	2.14207	0.110558	1.63785
1.69663	2.14207	0.138198	1.63785
1.69679	2.14207	0.165837	1.63785
1.69689	2.14207	0.193477	1.63785
1.69689	2.15589	0.221117	1.63785
1.6969	2.18353	0.193477	1.63785
1.69691	2.21117	0.165837	1.63785
1.69693	2.23881	0.138198	1.63785
1.69693	2.26645	0.110558	1.63785
1.69694	2.26645	0.110558	1.63785
1.69694	2.29409	0.0829187	1.63785
1.69697	2.29409	0.0829187	1.63785
1.69699	2.32172	0.0552792	1.63785
1.69699	2.34936	0.0276396	1.63785
1.69699	2.377	0	1.63785
1.71051	2.377	0	1.63785
1.72443	2.377	0	1.72884
1.74507	2.377	0	1.81984
1.75603	2.377	0	1.91083
1.76597	2.377	0	2.00182
1.76597	2.377	0	2.00182
1.766	2.39082	0.0276396	2.00182
1.77359	2.41846	0	2.00182
1.77362	2.41846	0	2.09281
1.77618	2.41846	0	2.09281
1.79231	2.41846	0	2.09281
1.80251	2.41846	0	2.1838
1.82093	2.41846	0	2.2748
1.84559	2.41846	0	2.2748
1.86454	2.41846	0	2.2748
1.89111	2.41846	0	2.2748
1.89112	2.41846	0	2.2748
1.89152	2.41846	0	2.36579
1.89159	2.41846	0.0552792	2.36579
1.89165	2.4461	0.0276396	2.36579
1.94233	2.47374	0	2.36579
1.94994	2.47374	0	2.36579
2.01075	2.47374	0	2.36579
2.01751	2.47374	0	2.36579
2.01769	2.47374	0	2.36579
2.01781	2.47374	0.0276396	2.36579
2.0179	2.47374	0.0552792	2.36579
2.01793	2.48756	0.0829187	2.36579
2.01798	2.5152	0.0552792	2.36579
2.01798	2.54284	0.0276396	2.36579
2.01799	2.54284	0.0276396	2.36579
2.02074	2.57048	0	2.36579
2.02081	2.57048	0	2.36579
2.02087	2.57048	0.0552792	2.36579
2.02095	2.59812	0.0276396	2.36579
2.02632	2.62576	0	2.36579
2.02704	2.62576	0	2.36579
2.02707	2.63958	0.0276396	2.36579
2.02853	2.66722	0	2.36579
2.02855	2.66722	0	2.36579
2.02904	2.66722	0.0276396	2.36579
2.02905	2.68104	0.0552792	2.36579
2.02905	2.70868	0.0276396	2.36579
2.04843	2.73632	0	2.36579
2.06484	2.73632	0	2.36579
2.06578	2.73632	0	2.36579
2.06587	2.73632	0.0276396	2.36579
2.06588	2.75014	0.0552792	2.36579
2.06591	2.77778	0.0276396	2.36579
2.06592	2.80542	0	2.36579
2.07808	2.80542	0	2.36579
2.07832	2.80542	0	2.36579
2.07833	2.80542	0.0552792	2.36579
2.07838	2.83306	0.0276396	2.36579
2.09253	2.8607	0	2.36579
2.09299	2.8607	0	2.36579
2.093	2.87452	0.0276396	2.36579
2.09636	2.90216	0	2.36579
2.09648	2.90216	0	2.36579
2.09649	2.91598	0.0276396	2.36579
2.12229	2.94362	0	2.36579
2.22882	2.94362	0	2.54777
2.23689	2.94362	0	2.54777
2.23707	2.94362	0	2.54777
2.2371	2.94362	0.0276396	2.54777
2.23715	2.95744	0.0552792	2.54777
2.2372	2.98507	0.0276396	2.54777
2.24765	3.01271	0	2.54777
2.24773	3.01271	0	2.54777
2.2506	3.01271	0.0276396	2.54777
2.25063	3.02653	0.0552792	2.54777
2.25065	3.05417	0.0276396	2.54777
2.25186	3.08181	0	2.54777
2.25355	3.08181	0	2.54777
2.255	3.08181	0	2.54777
2.2551	3.09563	0.0276396	2.54777
2.28022	3.12327	0	2.54777
2.2992	3.12327	0	2.72975
2.29945	3.12327	0	2.72975
2.29949	3.13709	0.0276396	2.72975
2.30188	3.16473	0	2.72975
2.36635	3.16473	0	2.82075
2.37249	3.16473	0	2.82075
2.38809	3.16473	0	2.82075
2.43439	3.16473	0	2.82075
2.45471	3.16473	0	2.91174
2.50242	3.16473	0	3.00273
2.50296	3.16473	0	3.00273
2.50296	3.17855	0.0276396	3.00273
2.50298	3.20619	0	3.00273
2.5218	3.20619	0	3.00273
2.52208	3.20619	0	3.00273
2.52224	3.20619	0.0276396	3.00273
2.52225	3.22001	0.0552792	3.00273
2.52232	3.24765	0.0276396	3.00273
2.52749	3.27529	0	3.00273
2.53305	3.27529	0	3.18471
2.55147	3.27529	0	3.27571
2.64283	3.27529	0	3.27571
2.6542	3.27529	0	3.3667
2.67457	3.27529	0	3.54868
2.67458	3.27529	0	3.54868
2.67562	3.27529	0.0276396	3.54868
2.67571	3.28911	0.0552792	3.54868
2.67572	3.31675	0.0276396	3.54868
2.67578	3.31675	0.0276396	3.54868
2.67581	3.33057	0.0552792	3.54868
2.67587	3.35821	0.0276396	3.54868
2.69111	3.38585	0	3.54868
2.692	3.38585	0	3.54868
2.69204	3.38585	0.0552792	3.54868
2.69212	3.41349	0.0276396	3.54868
2.75745	3.44113	0	3.54868
2.78607	3.44113	0	3.54868
2.78677	3.44113	0	3.54868
2.78739	3.44113	0.0276396	3.54868
2.78739	3.45495	0.0552792	3.54868
2.78741	3.45495	0.0552792	3.54868
2.78745	3.45495	0.0552792	3.54868
2.78745	3.48259	0.0276396	3.54868
2.78747	3.51023	0	3.54868
2.7881	3.51023	0	3.54868
2.78823	3.51023	0	3.54868
2.7883	3.52405	0.0276396	3.54868
2.79599	3.55169	0	3.54868
2.82592	3.55169	0	3.63967
2.82625	3.55169	0	3.63967
2.82717	3.55169	0.0276396	3.63967
2.82719	3.56551	0.0552792	3.63967
2.82725	3.59315	0.0276396	3.63967
2.85854	3.62078	0	3.63967
2.85891	3.62078	0	3.63967
2.85895	3.62078	0.0552792	3.63967
2.85896	3.64842	0.0276396	3.63967
2.86699	3.67606	0	3.63967
2.87605	3.67606	0	3.63967
2.89117	3.67606	0	3.82166
2.93747	3.67606	0	3.91265
2.93766	3.67606	0	3.91265
2.93774	3.68988	0.0276396	3.91265
2.95192	3.71752	0	3.91265
2.98327	3.71752	0	3.91265
3.02094	3.71752	0	3.91265
3.0438	3.71752	0	4.00364
3.04382	3.71752	0	4.00364
3.04426	3.71752	0.0276396	4.00364
3.04431	3.73134	0.0552792	4.00364
3.04434	3.75898	0.0276396	4.00364
3.06032	3.78662	0	4.00364
3.0748	3.78662	0	4.09463
3.07616	3.78662	0	4.09463
3.07617	3.80044	0.0276396	4.09463
3.07885	3.82808	0	4.09463
3.08115	3.82808	0	4.27662
3.08131	3.82808	0	4.27662
3.08134	3.8419	0.0276396	4.27662
3.08312	3.86954	0	4.27662
3.09327	3.86954	0	4.4586
3.11588	3.86954	0	4.54959
3.13171	3.86954	0	4.73157
3.13229	3.86954	0	4.73157
3.1323	3.88336	0.0276396	4.73157
3.13235	3.911	0	4.73157
3.1324	3.911	0	4.73157
3.18783	3.911	0	4.73157
3.19058	3.911	0	4.73157
3.19262	3.911	0.0276396	4.73157
3.19263	3.92482	0.0552792	4.73157
3.19266	3.95246	0.0276396	4.73157
3.19589	3.9801	0	4.73157
3.19683	3.9801	0	4.73157
3.19729	3.9801	0	4.73157
3.19731	3.9801	0.0276396	4.73157
3.19732	3.99392	0.0552792	4.73157
3.19739	4.02156	0.0276396	4.73157
3.19741	4.0492	0	4.73157
3.20379	4.0492	0	4.73157
3.20434	4.0492	0	4.73157
3.20435	4.0492	0.0552792	4.73157
3.20435	4.07684	0.0276396	4.73157
3.25704	4.10448	0	4.73157
3.30239	4.10448	0	4.82257
3.30264	4.10448	0	4.82257
3.30266	4.1183	0.0276396	4.82257
3.34242	4.14594	0	4.82257
3.34302	4.14594	0	4.82257
3.3431	4.15976	0.0276396	4.82257
3.35928	4.1874	0	4.82257
3.35936	4.1874	0	4.82257
3.35942	4.20122	0.0276396	4.82257
3.36131	4.22886	0	4.82257
3.36243	4.22886	0	4.82257
3.36273	4.22886	0.0276396	4.82257
3.36282	4.22886	0.0552792	4.82257
3.3634	4.22886	0.0829187	4.82257
3.41357	4.22886	0.110558	4.82257
3.41359	4.22886	0.110558	5.00455
3.4136	4.2565	0.0829187	5.00455
3.4136	4.28413	0.0552792	5.00455
3.41361	4.31177	0.0276396	5.00455
3.41364	4.31177	0.0276396	5.00455
3.43894	4.33941	0	5.00455
3.44085	4.33941	0	5.09554
3.44103	4.33941	0	5.09554
3.44103	4.33941	0.0276396	5.09554
3.44223	4.36705	0	5.09554
3.44237	4.36705	0	5.09554
3.44241	4.38087	0.0276396	5.09554
3.47325	4.40851	0	5.09554
3.48168	4.40851	0	5.18653
3.48501	4.40851	0	5.36852
3.48543	4.40851	0	5.36852
3.48548	4.42233	0.0276396	5.36852
3.52474	4.44997	0	5.36852
3.5256	4.44997	0	5.36852
3.52612	4.44997	0.0276396	5.36852
3.52612	4.46379	0.0552792	5.36852
3.52615	4.49143	0.0276396	5.36852
3.52615	4.51907	0	5.36852
3.53509	4.51907	0	5.36852
3.53528	4.51907	0	5.36852
3.53532	4.53289	0.0276396	5.36852
3.54184	4.56053	0	5.36852
3.54379	4.56053	0	5.36852
3.54379	4.56053	0.0552792	5.36852
3.54381	4.58817	0.0276396	5.36852
3.55889	4.61581	0	5.36852
3.61683	4.61581	0	5.5505
3.61719	4.61581	0	5.5505
3.61722	4.62963	0.0276396	5.5505
3.63037	4.65727	0	5.5505
3.65797	4.65727	0	5.64149
3.65808	4.65727	0	5.64149
3.65812	4.67109	0.0276396	5.64149
3.6702	4.69873	0	5.64149
3.71062	4.69873	0	5.73248
3.7783	4.69873	0	5.73248
3.77838	4.69873	0	5.82348
3.77839	4.69873	0	5.82348
3.78343	4.69873	0	5.82348
3.78362	4.69873	0	5.82348
3.78363	4.69873	0.0552792	5.82348
3.78365	4.72637	0.0276396	5.82348
3.78366	4.75401	0	5.82348
3.8005	4.75401	0	5.82348
3.86724	4.75401	0	5.82348
3.86762	4.75401	0	5.82348
3.86765	4.76783	0.0276396	5.82348
3.87987	4.79547	0	5.82348
3.88071	4.79547	0	5.82348
3.88122	4.79547	0.0276396	5.82348
3.88123	4.80929	0.0552792	5.82348
3.88124	4.83693	0.0276396	5.82348
3.89198	4.86457	0	5.82348
3.89305	4.86457	0	5.82348
3.89308	4.86457	0.0552792	5.82348
3.89321	4.89221	0.0276396	5.82348
3.93395	4.91985	0	5.82348
3.9341	4.91985	0	5.82348
3.93501	4.91985	0.0276396	5.82348
3.93503	4.93367	0.0552792	5.82348
3.93523	4.9613	0.0276396	5.82348
3.93727	4.98894	0	5.82348
4.02686	4.98894	0	5.91447
4.10678	4.98894	0	6.09645
4.10771	4.98894	0	6.09645
4.10772	5.00276	0.0276396	6.09645
4.12689	5.0304	0	6.09645
4.12851	5.0304	0	6.09645
4.12857	5.04422	0.0276396	6.09645
4.24422	5.07186	0	6.09645
4.24469	5.07186	0	6.09645
4.2447	5.07186	0.0552792	6.09645
4.24475	5.0995	0.0276396	6.09645
4.26822	5.12714	0	6.09645
4.26881	5.12714	0	6.09645
4.26914	5.12714	0.0276396	6.09645
4.26995	5.12714	0.0552792	6.09645
4.33935	5.12714	0.0829187	6.09645
4.33938	5.12714	0.0829187	6.18744
4.33941	5.15478	0.0552792	6.18744
4.33942	5.18242	0.0276396	6.18744
4.34393	5.21006	0	6.18744
4.41713	5.21006	0	6.18744
4.41792	5.21006	0	6.18744
4.418	5.22388	0.0276396	6.18744
4.43661	5.25152	0	6.18744
4.50277	5.25152	0	6.27843
4.5459	5.25152	0	6.36943
4.54656	5.25152	0	6.36943
4.54657	5.26534	0.0276396	6.36943
4.5496	5.29298	0	6.36943
4.55013	5.29298	0	6.36943
4.55017	5.3068	0.0276396	6.36943
4.55021	5.33444	0	6.36943
4.63704	5.33444	0	6.36943
4.64936	5.33444	0	6.55141
4.6851	5.33444	0	6.6424
4.68529	5.33444	0	6.6424
4.68535	5.34826	0.0276396	6.6424
4.70818	5.3759	0	6.6424
4.70886	5.3759	0	6.6424
4.70901	5.3759	0.0276396	6.6424
4.70901	5.38972	0.0552792	6.6424
4.70914	5.41736	0.0276396	6.6424
4.73051	5.445	0	6.6424
4.7306	5.445	0	6.6424
4.73213	5.445	0.0276396	6.6424
4.73215	5.45882	0.0552792	6.6424
4.73218	5.45882	0.0552792	6.6424
4.73219	5.48646	0.0276396	6.6424
4.74248	5.5141	0	6.6424
4.74268	5.5141	0	6.6424
4.75319	5.5141	0.0276396	6.6424
4.76485	5.5141	0.0276396	6.6424
4.76492	5.5141	0.0276396	6.6424
4.76642	5.54174	0	6.6424
4.76675	5.54174	0.0276396	6.6424
4.77526	5.54174	0.0552792	6.6424
4.78641	5.54174	0.0552792	6.82439
4.78642	5.54174	0.0552792	6.82439
4.78644	5.56938	0.0276396	6.82439
4.79514	5.59701	0	6.82439
4.79534	5.59701	0	6.82439
4.79534	5.59701	0	7.00637
4.79539	5.61083	0.0276396	7.00637
4.81048	5.63847	0	7.00637
4.81119	5.63847	0	7.00637
4.81126	5.65229	0.0276396	7.00637
4.83562	5.67993	0	7.00637
4.90194	5.67993	0	7.18835
4.95031	5.67993	0	7.27934
4.95038	5.67993	0	7.27934
4.95045	5.69375	0.0276396	7.27934
4.98296	5.72139	0	7.27934
4.98336	5.72139	0	7.27934
4.98338	5.73521	0.0276396	7.27934
4.99188	5.76285	0	7.27934
4.99567	5.76285	0	7.37034
5.02111	5.76285	0	7.46133
5.03121	5.76285	0	7.55232
5.03182	5.76285	0	7.55232
5.07396	5.76285	0	7.7343
5.0777	5.76285	0	7.8253
5.11468	5.76285	0	8.00728
5.11488	5.76285	0	8.00728
5.11488	5.77667	0.0276396	8.00728
5.13307	5.80431	0	8.00728
5.13315	5.80431	0	8.00728
5.13324	5.81813	0.0276396	8.00728
5.14565	5.84577	0	8.00728
5.31935	5.84577	0	8.18926
5.3198	5.84577	0	8.18926
5.31988	5.85959	0.0276396	8.18926
5.36959	5.88723	0	8.18926
5.36963	5.88723	0	8.18926
5.36964	5.88723	0.0276396	8.18926
5.36983	5.88723	0.0552792	8.18926
5.36985	5.90105	0.0829187	8.18926
5.36986	5.92869	0.0552792	8.18926
5.36994	5.95633	0.0276396	8.18926
5.36995	5.98397	0	8.18926
5.38921	5.98397	0	8.18926
5.39235	5.98397	0	8.37125
5.39971	5.98397	0	8.37125
5.40989	5.98397	0	8.46224
5.41589	5.98397	0	8.55323
5.42325	5.98397	0	8.73521
5.42389	5.98397	0	8.73521
5.42394	5.99779	0.0276396	8.73521
5.48644	6.02543	0	8.73521
5.48677	6.02543	0	8.73521
5.48689	6.02543	0.0276396	8.73521
5.4872	6.02543	0.0552792	8.73521
5.48722	6.02543	0.110558	8.73521
5.48722	6.05307	0.0829187	8.73521
5.48722	6.08071	0.0552792	8.73521
5.48724	6.10835	0.0276396	8.73521
5.50611	6.13599	0	8.73521
5.50625	6.13599	0	8.73521
5.50634	6.14981	0.0276396	8.73521
5.51786	6.17745	0	8.73521
5.52801	6.17745	0	8.82621
5.54987	6.17745	0	8.82621
5.56935	6.17745	0	9.00819
5.56938	6.17745	0	9.00819
5.5694	6.19127	0.0276396	9.00819
5.6211	6.21891	0	9.00819
5.62162	6.21891	0	9.00819
5.62162	6.21891	0.0552792	9.00819
5.62166	6.24655	0.0276396	9.00819
5.65115	6.27418	0	9.00819
5.65155	6.27418	0	9.00819
5.65155	6.288	0.0276396	9.00819
5.66603	6.31564	0	9.00819
5.66794	6.31564	0	9.00819
5.66851	6.31564	0.0276396	9.00819
5.66853	6.32946	0.0552792	9.00819
5.66854	6.3571	0.0276396	9.00819
5.69986	6.38474	0	9.00819
5.70404	6.38474	0	9.09918
5.70444	6.38474	0	9.09918
5.72416	6.38474	0.0276396	9.09918
5.72417	6.38474	0.0276396	9.28116
5.76399	6.41238	0	9.28116
5.78468	6.41238	0	9.46315
5.80683	6.41238	0	9.55414
5.81938	6.41238	0	9.73612
5.81947	6.41238	0	9.73612
5.8195	6.4262	0.0276396	9.73612
5.81956	6.45384	0	9.73612
5.82019	6.45384	0	9.73612
5.82019	6.45384	0.0552792	9.73612
5.82021	6.48148	0.0276396	9.73612
5.82789	6.50912	0	9.73612
5.85471	6.50912	0	9.91811
5.8844	6.50912	0	10.0091
5.88517	6.50912	0	10.0091
5.88564	6.50912	0.0276396	10.0091
5.88565	6.52294	0.0552792	10.0091
5.88569	6.55058	0.0276396	10.0091
5.94745	6.57822	0	10.0091
5.95549	6.57822	0	10.1001
5.95712	6.57822	0	10.1001
5.95714	6.59204	0.0276396	10.1001
5.96818	6.61968	0	10.1001
5.97877	6.61968	0	10.1911
5.99945	6.61968	0	10.3731
6.01568	6.61968	0	10.5551
6.01625	6.61968	0	10.5551
6.01628	6.6335	0.0276396	10.5551
6.07806	6.66114	0	10.5551
6.13647	6.66114	0	10.737
6.13676	6.66114	0	10.737
6.13742	6.66114	0.0276396	10.737
6.13743	6.67496	0.0552792	10.737
6.13749	6.7026	0.0276396	10.737
6.13941	6.73024	0	10.737
6.14888	6.73024	0	10.828
6.15104	6.73024	0	10.919
6.15188	6.73024	0	10.919
6.15194	6.74406	0.0276396	10.919
6.18107	6.7717	0	10.919
6.25068	6.7717	0	11.101
6.25101	6.7717	0	11.101
6.25161	6.7717	0.0276396	11.101
6.25161	6.78552	0.0552792	11.101
6.25171	6.81316	0.0276396	11.101
6.26621	6.8408	0	11.101
6.26624	6.8408	0	11.101
6.26624	6.85462	0.0276396	11.101
6.26628	6.88226	0	11.101
6.2904	6.88226	0	11.101
6.29062	6.88226	0	11.101
6.29106	6.88226	0.0276396	11.101
6.29404	6.88226	0.0552792	11.101
6.35043	6.88226	0.0552792	11.101
6.35044	6.88226	0.0552792	11.192
6.35053	6.90989	0.0276396	11.192
6.37181	6.93753	0	11.192
6.37196	6.93753	0	11.192
6.37214	6.95135	0.0276396	11.192
6.38569	6.97899	0	11.192
6.40233	6.97899	0	11.374
6.40248	6.97899	0	11.374
6.44161	6.97899	0.0276396	11.374
6.44164	6.97899	0.0276396	11.556
6.44491	7.00663	0	11.556
6.44521	7.00663	0	11.556
6.44533	7.02045	0.0276396	11.556
6.44603	7.04809	0	11.556
6.44608	7.04809	0	11.7379
6.49251	7.04809	0	11.8289
6.49273	7.04809	0	11.8289
6.49283	7.04809	0.0276396	11.8289
6.49292	7.06191	0.0552792	11.8289
6.49294	7.08955	0.0276396	11.8289
6.49296	7.11719	0	11.8289
6.49647	7.11719	0	11.8289
6.49702	7.11719	0	11.8289
6.49846	7.11719	0.0276396	11.8289
6.49854	7.11719	0.0552792	11.8289
6.49963	7.11719	0.0829187	11.8289
6.5128	7.11719	0.110558	11.8289
6.51282	7.11719	0.110558	11.9199
6.51282	7.14483	0.0829187	11.9199
6.51285	7.17247	0.0552792	11.9199
6.51293	7.20011	0.0276396	11.9199
6.58734	7.22775	0	11.9199
6.58735	7.22775	0	11.9199
6.58779	7.22775	0.0276396	11.9199
6.58828	7.22775	0.0552792	11.9199
6.5883	7.24157	0.0829187	11.9199
6.58831	7.26921	0.0552792	11.9199
6.58835	7.29685	0.0276396	11.9199
6.73066	7.32449	0	11.9199
6.73397	7.32449	0	12.1019
6.76511	7.32449	0	12.1929
6.82261	7.32449	0	12.1929
6.8244	7.32449	0	12.1929
6.82456	7.32449	0.0276396	12.1929
6.82458	7.33831	0.0552792	12.1929
6.82463	7.36595	0.0276396	12.1929
6.88241	7.39359	0	12.1929
6.88244	7.39359	0	12.1929
6.88246	7.40741	0.0276396	12.1929
6.88383	7.43505	0	12.1929
6.91658	7.43505	0	12.3749
6.93041	7.43505	0	12.5569
6.9317	7.43505	0	12.5569
6.93311	7.43505	0.0276396	12.5569
6.93312	7.44887	0.0552792	12.5569
6.93316	7.47651	0.0276396	12.5569
7.02965	7.50415	0	12.5569
7.02982	7.50415	0	12.5569
7.02984	7.50415	0.0552792	12.5569
7.02985	7.53179	0.0276396	12.5569
7.12111	7.55943	0	12.5569
7.12115	7.55943	0	12.5569
7.12118	7.57324	0.0276396	12.5569
7.13718	7.60088	0	12.5569
7.13718	7.60088	0	12.5569
7.13719	7.60088	0.0552792	12.5569
7.1372	7.62852	0.0276396	12.5569
7.14268	7.65616	0	12.5569
7.14273	7.65616	0	12.5569
7.1428	7.66998	0.0276396	12.5569
7.14871	7.69762	0	12.5569
7.14921	7.69762	0	12.5569
7.14947	7.69762	0.0276396	12.5569
7.14951	7.71144	0.0552792	12.5569
7.14953	7.73908	0.0276396	12.5569
7.20103	7.76672	0	12.5569
7.20508	7.76672	0	12.6479
7.2064	7.76672	0	12.6479
7.20673	7.76672	0.0276396	12.6479
7.20694	7.76672	0.0552792	12.6479
7.20726	7.76672	0.0829187	12.6479
7.20769	7.76672	0.110558	12.6479
7.20814	7.76672	0.138198	12.6479
7.20815	7.78054	0.165837	12.6479
7.20816	7.80818	0.138198	12.6479
7.20819	7.83582	0.110558	12.6479
7.20819	7.86346	0.0829187	12.6479
7.2082	7.8911	0.0552792	12.6479
7.20821	7.91874	0.0276396	12.6479
7.24093	7.94638	0	12.6479
7.24125	7.94638	0	12.6479
7.24135	7.9602	0.0276396	12.6479
7.28449	7.98784	0	12.6479
7.28553	7.98784	0	12.6479
7.28554	8.00166	0.0276396	12.6479
7.30449	8.0293	0	12.6479
7.30714	8.0293	0	12.6479
7.30716	8.0293	0.0552792	12.6479
7.30721	8.05694	0.0276396	12.6479
7.40473	8.08458	0	12.6479
7.41102	8.08458	0	12.8298
7.41128	8.08458	0	12.8298
7.41136	8.0984	0.0276396	12.8298
7.43498	8.12604	0	12.8298
7.43525	8.12604	0	12.8298
7.43529	8.13986	0.0276396	12.8298
7.55911	8.1675	0	12.8298
7.55916	8.1675	0	12.8298
7.5592	8.18132	0.0276396	12.8298
7.57882	8.20896	0	12.8298
7.57927	8.20896	0	12.8298
7.57938	8.22278	0.0276396	12.8298
7.59254	8.25041	0	12.8298
7.59306	8.25041	0	12.8298
7.59391	8.25041	0.0276396	12.8298
7.59413	8.25041	0.0552792	12.8298
7.59418	8.25041	0.0829187	12.8298
7.59418	8.26423	0.110558	12.8298
7.59419	8.29187	0.0829187	12.8298
7.59419	8.31951	0.0552792	12.8298
7.59421	8.34715	0.0276396	12.8298
7.60241	8.37479	0	12.8298
7.61412	8.37479	0	13.0118
7.61415	8.37479	0	13.0118
7.61423	8.38861	0.0276396	13.0118
7.78021	8.41625	0	13.0118
7.78035	8.41625	0	13.0118
7.78037	8.41625	0.0552792	13.0118
7.78038	8.44389	0.0276396	13.0118
7.83986	8.47153	0	13.0118
7.84019	8.47153	0	13.0118
7.84075	8.47153	0.0276396	13.0118
7.84079	8.48535	0.0552792	13.0118
7.84093	8.51299	0.0276396	13.0118
7.84245	8.54063	0	13.0118
7.8568	8.54063	0	13.1938
7.97332	8.54063	0	13.2848
7.97872	8.54063	0	13.3758
7.97967	8.54063	0	13.3758
7.97969	8.55445	0.0276396	13.3758
7.97978	8.55445	0.0276396	13.3758
7.9815	8.58209	0	13.3758
7.98299	8.58209	0	13.3758
7.98307	8.59591	0.0276396	13.3758
8.00386	8.62355	0	13.3758
8.00997	8.62355	0	13.4668
8.08459	8.62355	0	13.6488
8.08543	8.62355	0	13.6488
8.08548	8.62355	0.0276396	13.6488
8.08549	8.63737	0.0552792	13.6488
8.08555	8.66501	0.0276396	13.6488
8.16609	8.69265	0	13.6488
8.23414	8.69265	0	13.8308
8.24993	8.69265	0	14.0127
8.25019	8.69265	0	14.0127
8.25019	8.70647	0.0276396	14.0127
8.30127	8.73411	0	14.0127
8.30127	8.73411	0	14.0127
8.30213	8.73411	0.0276396	14.0127
8.30216	8.74793	0.0552792	14.0127
8.30218	8.77557	0.0276396	14.0127
8.30262	8.80321	0	14.0127
8.30292	8.80321	0	14.0127
8.30293	8.81703	0.0276396	14.0127
8.42636	8.84467	0	14.0127
8.42661	8.84467	0	14.0127
8.42893	8.84467	0.0276396	14.0127
8.42907	8.84467	0.0552792	14.0127
8.42907	8.85849	0.0829187	14.0127
8.42908	8.88612	0.0552792	14.0127
8.42911	8.91376	0.0276396	14.0127
8.4622	8.9414	0	14.0127
8.46327	8.9414	0	14.0127
8.46372	8.9414	0.0276396	14.0127
8.46373	8.95522	0.0552792	14.0127
8.46376	8.98286	0.0276396	14.0127
8.58236	9.0105	0	14.0127
8.58819	9.0105	0	14.1037
8.58857	9.0105	0	14.1037
8.5887	9.02432	0.0276396	14.1037
8.68108	9.05196	0	14.1037
8.68134	9.05196	0	14.1037
8.6814	9.06578	0.0276396	14.1037
8.85344	9.09342	0	14.1037
8.85385	9.09342	0	14.1037
8.85391	9.09342	0.0552792	14.1037
8.85396	9.12106	0.0276396	14.1037
8.89866	9.1487	0	14.1037
8.89932	9.1487	0	14.1037
8.89933	9.16252	0.0276396	14.1037
8.97044	9.19016	0	14.1037
8.97068	9.19016	0	14.1037
9.02729	9.19016	0.0276396	14.1037
9.02735	9.19016	0.0276396	14.1037
9.02782	9.2178	0	14.1037
9.02783	9.23162	0.0276396	14.1037
9.06242	9.25926	0	14.1037
9.06245	9.25926	0	14.1037
9.06251	9.25926	0.0552792	14.1037
9.06251	9.2869	0.0276396	14.1037
9.10814	9.31454	0	14.1037
9.10829	9.31454	0	14.1037
9.10829	9.31454	0.0552792	14.1037
9.10829	9.34218	0.0276396	14.1037
9.11189	9.36982	0	14.1037
9.11226	9.36982	0	14.1037
9.11228	9.38364	0.0276396	14.1037
9.14403	9.41128	0	14.1037
9.14418	9.41128	0	14.1037
9.14418	9.41128	0.0552792	14.1037
9.14423	9.43892	0.0276396	14.1037
9.2478	9.46656	0	14.1037
9.29124	9.46656	0	14.2857
9.29125	9.46656	0	14.2857
9.29126	9.48038	0.0276396	14.2857
9.30762	9.50802	0	14.2857
9.3081	9.50802	0	14.2857
9.3081	9.50802	0.0552792	14.2857
9.30812	9.53566	0.0276396	14.2857
9.31891	9.56329	0	14.2857
9.31913	9.56329	0	14.2857
9.31915	9.57711	0.0276396	14.2857
9.41635	9.60475	0	14.2857
9.4168	9.60475	0	14.2857
9.4169	9.61857	0.0276396	14.2857
9.51405	9.64621	0	14.2857
9.51772	9.64621	0	14.4677
9.5779	9.64621	0	14.6497
9.57797	9.64621	0	14.6497
9.57801	9.64621	0.0552792	14.6497
9.57807	9.67385	0.0276396	14.6497
9.77832	9.70149	0	14.6497
9.77973	9.70149	0	14.6497
9.77975	9.70149	0.0276396	14.6497
9.78105	9.72913	0	14.6497
9.78167	9.72913	0	14.6497
9.78168	9.74295	0.0276396	14.6497
9.78933	9.77059	0	14.6497
9.78954	9.77059	0	14.6497
9.78968	9.77059	0.0276396	14.6497
9.78971	9.78441	0.0552792	14.6497
9.78971	9.81205	0.0276396	14.6497
9.80017	9.83969	0	14.6497
9.80057	9.83969	0	14.6497
9.80058	9.85351	0.0276396	14.6497
9.9979	9.88115	0	14.6497
9.99804	9.88115	0	14.6497
9.99806	9.88115	0.0276396	14.6497
9.9981	9.89497	0.0552792	14.6497
9.99839	9.92261	0.0276396	14.6497
10.0784	9.95025	0	14.6497
10.1239	9.95025	0	14.8317
10.1243	9.95025	0	14.8317
10.1244	9.95025	0.0276396	14.8317
10.1244	9.96407	0.0552792	14.8317
10.1244	9.99171	0.0276396	14.8317
10.2952	10.0193	0	14.8317
10.5831	10.0193	0	15.0136
10.5834	10.0193	0	15.0136
10.5842	10.0193	0.0276396	15.0136
10.5842	10.0332	0.0552792	15.0136
10.5843	10.0608	0.0276396	15.0136
10.6079	10.0884	0	15.0136
10.8871	10.0884	0	15.1956
10.9333	10.0884	0	15.3776
10.9335	10.0884	0	15.3776
10.9337	10.1023	0.0276396	15.3776
10.9934	10.1299	0	15.3776
11.0045	10.1299	0	15.5596
11.0047	10.1299	0	15.5596
11.0047	10.1299	0.0552792	15.5596
11.0047	10.1575	0.0276396	15.5596
11.0048	10.1852	0	15.5596
11.0496	10.1852	0	15.5596
11.0518	10.1852	0	15.5596
11.0519	10.1852	0.0552792	15.5596
11.0519	10.2128	0.0276396	15.5596
11.0519	10.2128	0.0276396	15.5596
11.0726	10.2405	0	15.5596
11.0734	10.2405	0	15.5596
11.0735	10.2543	0.0276396	15.5596
11.0828	10.2819	0	15.5596
11.0835	10.2819	0	15.5596
11.0836	10.2957	0.0276396	15.5596
11.1019	10.3234	0	15.5596
11.1681	10.3234	0	15.7416
11.1707	10.3234	0	15.7416
11.1707	10.3234	0.0552792	15.7416
11.1707	10.351	0.0276396	15.7416
11.7616	10.3787	0	15.7416
11.7624	10.3787	0	15.7416
11.7624	10.3925	0.0276396	15.7416
11.7849	10.4201	0	15.7416
11.7903	10.4201	0	15.9236
11.929	10.4201	0	16.0146
11.9296	10.4201	0	16.0146
11.9297	10.4339	0.0276396	16.0146
12.1237	10.4616	0	16.0146
12.1241	10.4616	0	16.0146
12.1241	10.4754	0.0276396	16.0146
12.132	10.503	0	16.0146
12.1483	10.503	0	16.1965
12.1494	10.503	0	16.1965
12.1494	10.5169	0.0276396	16.1965
12.1847	10.5445	0	16.1965
12.185	10.5445	0	16.1965
12.185	10.5445	0.0552792	16.1965
12.1851	10.5721	0.0276396	16.1965
12.2679	10.5998	0	16.1965
12.4506	10.5998	0	16.2875
12.4508	10.5998	0	16.2875
12.4508	10.5998	0.0552792	16.2875
12.4508	10.6274	0.0276396	16.2875
12.5708	10.6551	0	16.2875
12.5709	10.6551	0	16.2875
12.5711	10.6551	0.0276396	16.2875
12.5711	10.6551	0.0829187	16.2875
12.5711	10.6827	0.0552792	16.2875
12.5711	10.7103	0.0276396	16.2875
12.7817	10.738	0	16.2875
12.7823	10.738	0	16.2875
12.7824	10.738	0.0276396	16.2875
12.7824	10.7518	0.0552792	16.2875
12.7824	10.7794	0.0276396	16.2875
12.7878	10.8071	0	16.2875
12.7886	10.8071	0	16.2875
12.8659	10.8071	0.0276396	16.2875
12.8659	10.8071	0.0276396	16.2875
12.8664	10.8347	0	16.2875
12.8664	10.8485	0.0276396	16.2875
12.8942	10.8762	0	16.2875
12.9083	10.8762	0	16.4695
12.9092	10.8762	0	16.4695
12.9096	10.8762	0.0276396	16.4695
12.9097	10.89	0.0552792	16.4695
12.9097	10.9176	0.0276396	16.4695
13.049	10.9453	0	16.4695
13.2632	10.9453	0	16.6515
13.2633	10.9453	0	16.6515
13.2644	10.9453	0.0276396	16.6515
13.2645	10.9591	0.0552792	16.6515
13.2647	10.9867	0.0276396	16.6515
13.2978	11.0144	0	16.6515
13.298	11.0144	0	16.6515
13.298	11.0282	0.0276396	16.6515
13.7087	11.0558	0	16.6515
13.7087	11.0558	0	16.6515
13.7087	11.0697	0.0276396	16.6515
13.7318	11.0973	0	16.6515
13.737	11.0973	0	16.8335
13.7377	11.0973	0	16.8335
13.7377	11.0973	0.0552792	16.8335
13.7378	11.1249	0.0276396	16.8335
13.7698	11.1526	0	16.8335
13.7993	11.1526	0	17.0155
13.7996	11.1526	0	17.0155
13.7997	11.1526	0.0276396	17.0155
13.7998	11.1664	0.0552792	17.0155
13.7999	11.194	0.0276396	17.0155
13.873	11.2217	0	17.0155
13.8731	11.2217	0	17.0155
13.8731	11.2217	0.0276396	17.0155
13.8731	11.2355	0.0552792	17.0155
13.8732	11.2631	0.0276396	17.0155
13.8922	11.2908	0	17.0155
13.8924	11.2908	0	17.0155
13.8927	11.2908	0.0276396	17.0155
13.8943	11.2908	0.0552792	17.0155
13.8943	11.3046	0.0829187	17.0155
13.8944	11.3322	0.0552792	17.0155
13.8945	11.3599	0.0276396	17.0155
13.9015	11.3875	0	17.0155
13.9023	11.3875	0	17.0155
13.9024	11.4013	0.0276396	17.0155
14.0291	11.429	0	17.0155
14.0624	11.429	0	17.1975
14.0633	11.429	0	17.1975
14.0635	11.429	0.0276396	17.1975
14.0635	11.429	0.0552792	17.1975
14.0638	11.429	0.0829187	17.1975
14.0638	11.4428	0.110558	17.1975
14.0639	11.4704	0.0829187	17.1975
14.0639	11.4981	0.0552792	17.1975
14.0639	11.5257	0.0276396	17.1975
14.2885	11.5533	0	17.1975
14.289	11.5533	0	17.1975
14.2919	11.5533	0.0276396	17.1975
14.2919	11.5672	0.0552792	17.1975
14.2919	11.5948	0.0276396	17.1975
14.3002	11.6224	0	17.1975
14.301	11.6224	0	17.1975
14.301	11.6363	0.0276396	17.1975
14.3263	11.6639	0	17.1975
14.3266	11.6639	0	17.1975
14.3267	11.6777	0.0276396	17.1975
14.3765	11.7054	0	17.1975
14.3765	11.7054	0	17.1975
14.3765	11.7192	0.0276396	17.1975
14.4438	11.7468	0	17.1975
14.4443	11.7468	0	17.1975
14.4443	11.7606	0.0276396	17.1975
14.4465	11.7883	0	17.1975
14.4467	11.7883	0	17.1975
14.4468	11.8021	0.0276396	17.1975
14.4854	11.8297	0	17.1975
14.4856	11.8297	0	17.1975
14.4856	11.8436	0.0276396	17.1975
14.5477	11.8712	0	17.1975
14.5485	11.8712	0	17.1975
14.5486	11.885	0.0276396	17.1975
14.5999	11.9127	0	17.1975
14.736	11.9127	0	17.3794
14.7363	11.9127	0	17.3794
14.7363	11.9127	0.0552792	17.3794
14.7364	11.9403	0.0276396	17.3794
14.8394	11.9679	0	17.3794
14.8407	11.9679	0	17.3794
14.8408	11.9818	0.0276396	17.3794
14.89	12.0094	0	17.3794
14.8902	12.0094	0	17.3794
14.8902	12.0094	0.0552792	17.3794
14.8902	12.037	0.0276396	17.3794
14.9946	12.0647	0	17.3794
15.1448	12.0647	0	17.5614
15.1452	12.0647	0	17.5614
15.1452	12.0785	0.0276396	17.5614
15.1743	12.1061	0	17.5614
15.1754	12.1061	0	17.5614
15.1754	12.12	0.0276396	17.5614
15.3973	12.1476	0	17.5614
15.3975	12.1476	0	17.5614
15.3975	12.1476	0.0552792	17.5614
15.3975	12.1752	0.0276396	17.5614
15.4677	12.2029	0	17.5614
15.4678	12.2029	0	17.5614
15.4679	12.2167	0.0276396	17.5614
15.5271	12.2443	0	17.5614
15.6019	12.2443	0	17.7434
15.6025	12.2443	0	17.7434
15.6025	12.2582	0.0276396	17.7434
15.6366	12.2858	0	17.7434
15.7922	12.2858	0	17.9254
15.7944	12.2858	0	17.9254
15.7944	12.2858	0.0552792	17.9254
15.7944	12.3134	0.0276396	17.9254
15.9528	12.3411	0	17.9254
15.9531	12.3411	0	17.9254
15.9533	12.3411	0.0276396	17.9254
15.9534	12.3549	0.0552792	17.9254
15.9534	12.3825	0.0276396	17.9254
15.9974	12.4102	0	17.9254
16.3067	12.4102	0	18.1074
16.3074	12.4102	0	18.1074
16.3075	12.4102	0.0552792	18.1074
16.3077	12.4378	0.0276396	18.1074
16.3283	12.4655	0	18.1074
16.3298	12.4655	0	18.1074
16.3299	12.4793	0.0276396	18.1074
16.3427	12.5069	0	18.1074
16.3661	12.5069	0	18.2894
16.3666	12.5069	0	18.2894
16.3666	12.5069	0.0552792	18.2894
16.3666	12.5345	0.0276396	18.2894
16.5048	12.5622	0	18.2894
16.505	12.5622	0	18.2894
16.505	12.5622	0.0552792	18.2894
16.505	12.5898	0.0276396	18.2894
16.5814	12.6175	0	18.2894
16.5823	12.6175	0	18.2894
16.5823	12.6175	0.0552792	18.2894
16.5823	12.6451	0.0276396	18.2894
16.5864	12.6727	0	18.2894
16.5865	12.6727	0	18.2894
16.5865	12.6727	0.0552792	18.2894
16.5865	12.7004	0.0276396	18.2894
16.7755	12.728	0	18.2894
17.045	12.728	0	18.4713
17.0783	12.728	0	18.6533
17.0787	12.728	0	18.6533
17.0787	12.728	0.0552792	18.6533
17.0788	12.7557	0.0276396	18.6533
17.1071	12.7833	0	18.6533
17.1071	12.7833	0	18.6533
17.1071	12.7971	0.0276396	18.6533
17.1597	12.8248	0	18.6533
17.1622	12.8248	0	18.6533
17.2716	12.8248	0.0276396	18.6533
17.2718	12.8248	0.0276396	18.6533
17.2718	12.8386	0.0552792	18.6533
17.272	12.8662	0.0276396	18.6533
17.3103	12.8939	0	18.6533
17.311	12.8939	0	18.6533
17.3123	12.8939	0.0276396	18.6533
17.3123	12.9077	0.0552792	18.6533
17.3123	12.9353	0.0276396	18.6533
17.6436	12.963	0	18.6533
17.6436	12.963	0	18.6533
17.6444	12.963	0.0276396	18.6533
17.6449	12.963	0.0276396	18.6533
17.645	12.9768	0.0552792	18.6533
17.645	12.9768	0.0829187	18.6533
17.912	13.0044	0.0552792	18.6533
17.912	13.0044	0.0552792	18.6533
17.912	13.0321	0.0276396	18.6533
17.9126	13.0597	0	18.6533
17.9127	13.0597	0.0276396	18.6533
17.9127	13.0735	0.0552792	18.6533
17.9129	13.1012	0.0276396	18.6533
17.9896	13.1288	0	18.6533
17.9898	13.1288	0	18.6533
17.9898	13.1426	0.0276396	18.6533
18.0108	13.1703	0	18.6533
18.0113	13.1703	0	18.6533
18.0113	13.1703	0.0552792	18.6533
18.0114	13.1979	0.0276396	18.6533
18.185	13.2255	0	18.6533
18.1852	13.2255	0	18.6533
18.1852	13.2394	0.0276396	18.6533
18.2763	13.267	0	18.6533
18.343	13.267	0	18.8353
18.3439	13.267	0	18.8353
18.3439	13.267	0.0552792	18.8353
18.344	13.2946	0.0276396	18.8353
18.3658	13.3223	0	18.8353
18.3672	13.3223	0	18.8353
18.3673	13.3223	0.0552792	18.8353
18.3674	13.3499	0.0276396	18.8353
18.3919	13.3776	0	18.8353
18.3922	13.3776	0	18.8353
18.3922	13.3914	0.0276396	18.8353
18.6126	13.419	0	18.8353
18.6934	13.419	0	19.0173
18.6935	13.419	0	19.0173
18.6935	13.4328	0.0276396	19.0173
18.6991	13.4605	0	19.0173
18.6993	13.4605	0	19.0173
18.6993	13.4605	0.0552792	19.0173
18.6995	13.4881	0.0276396	19.0173
19.16	13.5158	0	19.0173
19.1603	13.5158	0	19.0173
19.1604	13.5158	0.0276396	19.0173
19.1604	13.5296	0.0552792	19.0173
19.1604	13.5572	0.0276396	19.0173
19.3858	13.5849	0	19.0173
19.3862	13.5849	0	19.0173
19.3863	13.5987	0.0276396	19.0173
19.7582	13.6263	0	19.0173
19.7584	13.6263	0	19.0173
19.7584	13.6263	0.0552792	19.0173
19.7584	13.654	0.0276396	19.0173
19.7952	13.6816	0	19.0173
19.7955	13.6816	0	19.0173
19.9763	13.6816	0.0276396	19.0173
19.9763	13.6816	0.0276396	19.0173
19.977	13.7092	0	19.0173
19.9771	13.7231	0.0276396	19.0173
20.0652	13.7507	0	19.0173
20.0654	13.7507	0	19.0173
20.0655	13.7507	0.0276396	19.0173
20.0656	13.7645	0.0552792	19.0173
20.0656	13.7922	0.0276396	19.0173
20.2318	13.8198	0	19.0173
20.232	13.8198	0	19.0173
20.2322	13.8198	0.0552792	19.0173
20.2322	13.8474	0.0276396	19.0173
20.377	13.8751	0	19.0173
20.3772	13.8751	0	19.0173
20.3772	13.8751	0.0552792	19.0173
20.3772	13.9027	0.0276396	19.0173
20.5918	13.9303	0	19.0173
20.8064	13.9303	0	19.1993
20.8073	13.9303	0	19.1993
20.897	13.9303	0.0276396	19.1993
20.8971	13.9303	0.0276396	19.1993
20.8971	13.9303	0.0552792	19.1993
20.8979	13.958	0.0276396	19.1993
20.8986	13.958	0.0552792	19.1993
21.0652	13.958	0.0829187	19.1993
21.0653	13.958	0.0829187	19.1993
21.0653	13.9856	0.0552792	19.1993
21.0653	13.9856	0.0829187	19.1993
21.0653	14.0133	0.0552792	19.1993
21.066	14.0409	0.0276396	19.1993
21.5298	14.0409	0.0552792	19.1993
21.5299	14.0409	0.0552792	19.3813
21.5299	14.0685	0.0276396	19.3813
21.6988	14.0962	0	19.3813
21.6989	14.0962	0	19.3813
21.6989	14.11	0.0276396	19.3813
21.7067	14.1376	0	19.3813
21.7073	14.1376	0	19.3813
21.7074	14.1515	0.0276396	19.3813
21.9814	14.1791	0	19.3813
21.9817	14.1791	0	19.3813
21.9819	14.1929	0.0276396	19.3813
22.0291	14.2206	0	19.3813
22.0291	14.2206	0	19.3813
22.0292	14.2206	0.0552792	19.3813
22.0292	14.2482	0.0276396	19.3813
22.0947	14.2758	0	19.3813
22.0951	14.2758	0	19.3813
22.0964	14.2758	0.0276396	19.3813
22.0964	14.2897	0.0552792	19.3813
22.0965	14.3173	0.0276396	19.3813
22.2357	14.3449	0	19.3813
22.3718	14.3449	0	19.5632
22.3721	14.3449	0	19.5632
22.3729	14.3449	0.0276396	19.5632
22.3729	14.3588	0.0552792	19.5632
22.3729	14.3864	0.0276396	19.5632
22.3964	14.414	0	19.5632
22.397	14.414	0	19.5632
22.3971	14.4279	0.0276396	19.5632
22.4324	14.4555	0	19.5632
22.4326	14.4555	0	19.5632
22.4326	14.4555	0.0552792	19.5632
22.4326	14.4831	0.0276396	19.5632
22.9351	14.5108	0	19.5632
22.9356	14.5108	0	19.5632
22.9356	14.5246	0.0276396	19.5632
23.1766	14.5522	0	19.5632
23.1775	14.5522	0	19.5632
23.1781	14.5522	0.0276396	19.5632
23.1781	14.5661	0.0552792	19.5632
23.1781	14.5937	0.0276396	19.5632
23.3641	14.6213	0	19.5632
23.4552	14.6213	0	19.7452
23.4565	14.6213	0	19.7452
23.4565	14.6213	0.0552792	19.7452
23.4565	14.649	0.0276396	19.7452
23.7677	14.6766	0	19.7452
23.7681	14.6766	0	19.7452
23.7681	14.6904	0.0276396	19.7452
24.2001	14.7181	0	19.7452
24.2003	14.7181	0	19.7452
24.2003	14.7319	0.0276396	19.7452
24.2074	14.7595	0	19.7452
24.2083	14.7595	0	19.7452
24.2124	14.7595	0.0276396	19.7452
24.2125	14.7734	0.0552792	19.7452
24.2125	14.801	0.0276396	19.7452
24.6131	14.8286	0	19.7452
24.6137	14.8286	0	19.7452
24.6138	14.8286	0.0552792	19.7452
24.6138	14.8563	0.0276396	19.7452
25.4153	14.8839	0	19.7452
25.4156	14.8839	0	19.7452
25.4159	14.8839	0.0276396	19.7452
25.4159	14.8977	0.0552792	19.7452
25.4159	14.9254	0.0276396	19.7452
25.586	14.953	0	19.7452
25.5869	14.953	0	19.7452
25.587	14.953	0.0276396	19.7452
27.1704	14.953	0.0552792	19.7452
27.1704	14.953	0.0552792	19.7452
27.1705	14.9807	0.0276396	19.7452
27.1707	15.0083	0	19.7452
27.1707	15.0221	0.0276396	19.7452
27.3275	15.0498	0	19.7452
27.3283	15.0498	0	19.7452
27.3283	15.0636	0.0276396	19.7452
27.8056	15.0912	0	19.7452
27.8068	15.0912	0	19.7452
27.8069	15.0912	0.0552792	19.7452
27.8069	15.1189	0.0276396	19.7452
27.8809	15.1465	0	19.7452
27.8813	15.1465	0	19.7452
27.8813	15.1603	0.0276396	19.7452
28.4693	15.1879	0	19.7452
28.4703	15.1879	0	19.7452
28.4703	15.1879	0.0552792	19.7452
28.4703	15.2156	0.0276396	19.7452
28.4929	15.2432	0	19.7452
28.493	15.2432	0	19.7452
28.4931	15.257	0.0276396	19.7452
28.5849	15.2847	0	19.7452
28.5854	15.2847	0	19.7452
28.5854	15.2847	0.0552792	19.7452
28.5854	15.3123	0.0276396	19.7452
29.1072	15.34	0	19.7452
29.1075	15.34	0	19.7452
29.1075	15.3538	0.0276396	19.7452
29.2924	15.3814	0	19.7452
29.2924	15.3814	0	19.7452
29.2938	15.3814	0.0276396	19.7452
29.2938	15.3814	0.0552792	19.7452
29.3059	15.3814	0.0829187	19.7452
29.3063	15.3814	0.0829187	19.7452
29.3063	15.3814	0.110558	19.7452
29.3067	15.3814	0.138198	19.7452
29.3069	15.3814	0.165837	19.7452
29.3069	15.3814	0.193477	19.7452
29.3069	15.3814	0.221117	19.7452
29.3069	15.3952	0.248756	19.7452
29.3069	15.4229	0.221117	19.7452
29.3069	15.4505	0.193477	19.7452
29.3069	15.4782	0.165837	19.7452
29.3069	15.5058	0.138198	19.7452
29.307	15.5334	0.110558	19.7452
29.464	15.5611	0.0829187	19.7452
29.4641	15.5611	0.0829187	19.9272
29.4641	15.5887	0.0552792	19.9272
29.4641	15.6164	0.0276396	19.9272
29.7448	15.644	0	19.9272
29.745	15.644	0	19.9272
29.7453	15.644	0.0276396	19.9272
29.7453	15.6578	0.0552792	19.9272
29.7453	15.6855	0.0276396	19.9272
29.8934	15.7131	0	19.9272
29.8939	15.7131	0	19.9272
29.8939	15.7131	0.0552792	19.9272
29.8939	15.7407	0.0276396	19.9272
29.931	15.7684	0	19.9272
29.9311	15.7684	0	19.9272
29.9313	15.7684	0.0276396	19.9272
29.9313	15.7822	0.0552792	19.9272
29.9313	15.8098	0.0276396	19.9272
30.3083	15.8375	0	19.9272
30.3089	15.8375	0	19.9272
30.3089	15.8513	0.0276396	19.9272
30.4165	15.8789	0	19.9272
30.4167	15.8789	0	19.9272
30.4167	15.8928	0.0276396	19.9272
31.1751	15.9204	0	19.9272
31.1756	15.9204	0	19.9272
31.1756	15.9342	0.0276396	19.9272
32.2079	15.9619	0	19.9272
32.2081	15.9619	0	19.9272
32.2081	15.9757	0.0276396	19.9272
32.3488	16.0033	0	19.9272
32.7349	16.0033	0	20.1092
32.7353	16.0033	0	20.1092
32.7353	16.0033	0.0552792	20.1092
32.7354	16.031	0.0276396	20.1092
33.117	16.0586	0	20.1092
33.1175	16.0586	0	20.1092
33.1175	16.0586	0.0552792	20.1092
33.1177	16.0862	0.0276396	20.1092
33.7251	16.1139	0	20.1092
33.7263	16.1139	0	20.1092
33.7263	16.1277	0.0276396	20.1092
34.0788	16.1553	0	20.1092
34.079	16.1553	0	20.1092
34.079	16.1553	0.0552792	20.1092
34.0792	16.183	0.0276396	20.1092
34.482	16.2106	0	20.1092
34.4823	16.2106	0	20.1092
34.4839	16.2106	0.0276396	20.1092
34.4839	16.2244	0.0552792	20.1092
34.4839	16.2521	0.0276396	20.1092
34.9369	16.2797	0	20.1092
34.9375	16.2797	0	20.1092
34.9375	16.2797	0.0552792	20.1092
34.9375	16.3074	0.0276396	20.1092
35.2876	16.335	0	20.1092
35.2878	16.335	0	20.1092
37.7347	16.335	0.0276396	20.1092
37.7348	16.335	0.0276396	20.1092
37.735	16.3626	0	20.1092
37.735	16.3765	0.0276396	20.1092
37.9453	16.4041	0	20.1092
37.9469	16.4041	0	20.1092
37.947	16.4041	0.0276396	20.1092
37.947	16.4179	0.0552792	20.1092
37.947	16.4456	0.0276396	20.1092
38.2218	16.4732	0	20.1092
38.2225	16.4732	0	20.1092
38.2225	16.487	0.0276396	20.1092
38.7623	16.5146	0	20.1092
38.7624	16.5146	0	20.1092
38.7625	16.5146	0.0276396	20.1092
38.7625	16.5285	0.0552792	20.1092
38.7625	16.5561	0.0276396	20.1092
39.2073	16.5837	0	20.1092
39.2081	16.5837	0	20.1092
39.2081	16.5976	0.0276396	20.1092
39.3118	16.6252	0	20.1092
39.3125	16.6252	0	20.1092
39.3126	16.6252	0.0276396	20.1092
39.3129	16.6252	0.0552792	20.1092
39.9014	16.6252	0.0829187	20.1092
39.9014	16.6252	0.0829187	20.1092
39.9015	16.6528	0.0552792	20.1092
39.9015	16.6805	0.0276396	20.1092
39.9015	16.7081	0	20.1092
39.9016	16.7219	0.0276396	20.1092
40.0046	16.7496	0	20.1092
40.0057	16.7496	0	20.1092
40.0058	16.7634	0.0276396	20.1092
40.1269	16.791	0	20.1092
40.1272	16.791	0	20.1092
40.1272	16.8049	0.0276396	20.1092
40.1379	16.8325	0	20.1092
40.1381	16.8325	0	20.1092
40.1381	16.8325	0.0552792	20.1092
40.1382	16.8601	0.0276396	20.1092
41.462	16.8878	0	20.1092
41.4624	16.8878	0	20.1092
41.4631	16.8878	0.0276396	20.1092
41.4632	16.8878	0.0552792	20.1092
42.8528	16.8878	0.0829187	20.1092
42.8528	16.8878	0.0829187	20.1092
42.8528	16.9154	0.0552792	20.1092
42.8529	16.9431	0.0276396	20.1092
42.8546	16.9707	0	20.1092
42.8546	16.9707	0.0552792	20.1092
42.8546	16.9983	0.0276396	20.1092
43.1212	17.026	0	20.1092
43.1213	17.026	0	20.1092
43.1216	17.026	0.0276396	20.1092
43.1216	17.0398	0.0552792	20.1092
43.1216	17.0674	0.0276396	20.1092
44.0022	17.0951	0	20.1092
44.0031	17.0951	0	20.1092
44.0031	17.0951	0.0552792	20.1092
44.0031	17.1227	0.0276396	20.1092
45.1519	17.1504	0	20.1092
45.1521	17.1504	0	20.1092
45.1524	17.1504	0.0276396	20.1092
45.1524	17.1642	0.0552792	20.1092
45.1524	17.1918	0.0276396	20.1092
45.3115	17.2195	0	20.1092
45.3122	17.2195	0	20.1092
45.3123	17.2195	0.0552792	20.1092
45.3123	17.2471	0.0276396	20.1092
45.8395	17.2747	0	20.1092
45.8396	17.2747	0	20.1092
45.8396	17.2886	0.0276396	20.1092
47.0786	17.3162	0	20.1092
47.0787	17.3162	0	20.1092
47.0788	17.3162	0.0552792	20.1092
47.0788	17.3438	0.0276396	20.1092
47.4162	17.3715	0	20.1092
47.4176	17.3715	0	20.1092
47.4185	17.3715	0.0276396	20.1092
47.4205	17.3715	0.0552792	20.1092
47.4206	17.3715	0.0829187	20.1092
47.7627	17.3715	0.110558	20.1092
47.7627	17.3715	0.110558	20.1092
47.7627	17.3991	0.0829187	20.1092
47.7628	17.4268	0.0552792	20.1092
47.7628	17.4544	0.0276396	20.1092
47.7628	17.482	0	20.1092
47.7628	17.482	0.0552792	20.1092
47.763	17.5097	0.0276396	20.1092
48.168	17.5373	0	20.1092
48.1686	17.5373	0	20.1092
48.1686	17.5373	0.0552792	20.1092
48.1687	17.565	0.0276396	20.1092
49.8234	17.5926	0	20.1092
49.8243	17.5926	0	20.1092
49.8243	17.5926	0.0552792	20.1092
49.8244	17.6202	0.0276396	20.1092
50.9032	17.6479	0	20.1092
50.9033	17.6479	0	20.1092
50.9033	17.6479	0.0276396	20.1092
50.9033	17.6617	0.0552792	20.1092
50.9033	17.6893	0.0276396	20.1092
51.8937	17.717	0	20.1092
51.8939	17.717	0	20.1092
51.8939	17.717	0.0552792	20.1092
51.894	17.7446	0.0276396	20.1092
52.629	17.7722	0	20.1092
52.6293	17.7722	0	20.1092
52.6293	17.7722	0.0552792	20.1092
52.6293	17.7999	0.0276396	20.1092
56.0246	17.8275	0	20.1092
56.0256	17.8275	0	20.1092
56.1137	17.8275	0.0276396	20.1092
56.1137	17.8275	0.0276396	20.1092
56.1138	17.8552	0	20.1092
56.1138	17.869	0.0276396	20.1092
59.5118	17.8966	0	20.1092
59.5119	17.8966	0	20.1092
59.5119	17.8966	0.0552792	20.1092
59.5119	17.9243	0.0276396	20.1092
60.0886	17.9519	0	20.1092
60.0898	17.9519	0	20.1092
60.0898	17.9519	0.0552792	20.1092
60.0899	17.9795	0.0276396	20.1092
61.8861	18.0072	0	20.1092
61.8869	18.0072	0	20.1092
61.8876	18.0072	0.0276396	20.1092
61.888	18.0072	0.0552792	20.1092
61.8886	18.0072	0.0829187	20.1092
64.5244	18.0072	0.110558	20.1092
64.5244	18.0072	0.110558	20.1092
64.5244	18.0348	0.0829187	20.1092
64.5244	18.0625	0.0552792	20.1092
64.5245	18.0901	0.0276396	20.1092
64.5247	18.1177	0	20.1092
64.5247	18.1177	0.0552792	20.1092
64.5247	18.1454	0.0276396	20.1092
67.6847	18.173	0	20.1092
67.6849	18.173	0	20.1092
67.685	18.173	0.0552792	20.1092
67.685	18.2007	0.0276396	20.1092
75.0447	18.2283	0	20.1092
75.0449	18.2283	0	20.1092
75.0455	18.2283	0.0276396	20.1092
75.0457	18.2283	0.0552792	20.1092
75.0467	18.2283	0.0829187	20.1092
75.0478	18.2283	0.110558	20.1092
75.0479	18.2283	0.138198	20.1092
75.0493	18.2283	0.165837	20.1092
75.0498	18.2283	0.193477	20.1092
75.0498	18.2283	0.221117	20.1092
75.0499	18.2283	0.248756	20.1092
75.0502	18.2559	0.221117	20.1092
75.0502	18.2559	0.248756	20.1092
75.1565	18.2836	0.221117	20.1092
75.1565	18.2836	0.221117	20.1092
75.1565	18.3112	0.193477	20.1092
75.1565	18.3389	0.165837	20.1092
75.1565	18.3665	0.138198	20.1092
75.1565	18.3941	0.110558	20.1092
75.1566	18.4218	0.0829187	20.1092
75.1566	18.4494	0.0552792	20.1092
75.1566	18.4771	0.0276396	20.1092
75.1575	18.5047	0	20.1092
75.1575	18.5185	0.0276396	20.1092
79.4173	18.5462	0	20.1092
79.418	18.5462	0	20.1092
79.4181	18.56	0.0276396	20.1092
79.6345	18.5876	0	20.1092
79.6354	18.5876	0	20.1092
79.6354	18.5876	0.0552792	20.1092
79.6354	18.6153	0.0276396	20.1092
82.3274	18.6429	0	20.1092
82.3278	18.6429	0	20.1092
82.3278	18.6429	0.0552792	20.1092
82.3278	18.6705	0.0276396	20.1092
83.9777	18.6982	0	20.1092
83.9802	18.6982	0	20.1092
83.9803	18.6982	0.0552792	20.1092
83.9803	18.7258	0.0276396	20.1092
87.825	18.7535	0	20.1092
87.8252	18.7535	0	20.1092
87.8252	18.7535	0.0552792	20.1092
87.8252	18.7811	0.0276396	20.1092
92.2059	18.8087	0	20.1092
92.2073	18.8087	0	20.1092
92.2076	18.8087	0.0276396	20.1092
92.2083	18.8087	0.0552792	20.1092
130.605	18.8087	0.0829187	20.1092
130.605	18.8087	0.0829187	20.1092
130.605	18.8364	0.0552792	20.1092
130.605	18.864	0.0276396	20.1092
130.608	18.8917	0	20.1092
130.608	18.8917	0.0552792	20.1092
130.608	18.9193	0.0276396	20.1092
134.607	18.9469	0	20.1092
134.607	18.9469	0	20.1092
134.607	18.9469	0.0552792	20.1092
134.608	18.9746	0.0276396	20.1092
153.252	19.0022	0	20.1092
153.252	19.0022	0	20.1092
153.252	19.0022	0.0552792	20.1092
153.252	19.0299	0.0276396	20.1092
164.383	19.0575	0	20.1092
164.385	19.0575	0	20.1092
164.385	19.0575	0.0552792	20.1092
164.385	19.0851	0.0276396	20.1092
