1.83448e-07	0	0	0
5.2375e-07	0	0	0
1.62783e-06	0	0	0
1.95428e-06	0	0	0
2.1187e-06	0	0	0
2.76196e-06	0	0	0
3.15031e-06	0	0	0
3.22272e-06	0	0	0
3.51037e-06	0	0	0
4.14838e-06	0	0	0
4.99205e-06	0	0	0
6.26829e-06	0	0	0
6.62889e-06	0	0	0
1.05986e-05	0	0	0
1.20131e-05	0	0	0
1.20504e-05	0	0	0
1.22129e-05	0	0	0
1.27605e-05	0	0	0
1.32488e-05	0	0	0
1.36385e-05	0	0	0
1.38743e-05	0	0	0
1.43439e-05	0	0	0
1.43542e-05	0	0	0
1.47774e-05	0	0	0
1.48714e-05	0	0	0
1.58452e-05	0	0	0
1.65421e-05	0	0	0
1.6783e-05	0	0	0
1.68405e-05	0	0	0
1.69345e-05	0	0	0
1.79274e-05	0	0	0
1.85458e-05	0	0	0
1.8731e-05	0	0	0
1.90316e-05	0	0	0
1.94058e-05	0	0	0
1.96878e-05	0	0	0
1.98246e-05	0	0	0
2.01837e-05	0	0	0
2.16354e-05	0	0	0
2.22805e-05	0	0	0
2.3648e-05	0	0	0
2.46823e-05	0	0	0
2.46912e-05	0	0	0
2.58055e-05	0	0	0
2.58597e-05	0	0	0
2.66746e-05	0	0	0
2.71538e-05	0	0	0
2.72871e-05	0	0	0
2.78103e-05	0	0	0
2.81315e-05	0	0	0
2.88855e-05	0	0	0
2.93312e-05	0	0	0
3.06106e-05	0	0	0
3.17614e-05	0	0	0
3.31248e-05	0	0	0
3.45267e-05	0	0	0
3.58695e-05	0	0	0
3.59593e-05	0	0	0
3.63202e-05	0	0	0
3.63631e-05	0	0	0
3.72649e-05	0	0	0
3.89856e-05	0	0	0
3.94555e-05	0	0	0
4.02353e-05	0	0	0
4.07381e-05	0	0	0
4.09037e-05	0	0	0
4.14165e-05	0	0	0
4.23898e-05	0	0	0
4.40041e-05	0	0	0
4.51551e-05	0	0	0
4.58679e-05	0	0	0
4.63033e-05	0	0	0
4.71887e-05	0	0	0
4.76808e-05	0	0	0
4.79343e-05	0	0	0
4.89971e-05	0	0	0
4.98283e-05	0	0	0
5.18749e-05	0	0	0
5.40087e-05	0	0	0
5.51045e-05	0	0	0
5.51134e-05	0	0	0
5.53912e-05	0	0	0
5.55422e-05	0	0	0
5.63613e-05	0	0	0
5.64601e-05	0	0	0
5.66223e-05	0	0	0
5.75396e-05	0	0	0
5.83537e-05	0	0	0
5.85596e-05	0	0	0
5.85837e-05	0	0	0
6.24225e-05	0	0	0
6.29018e-05	0	0	0
6.35863e-05	0	0	0
6.4623e-05	0	0	0
6.48537e-05	0	0	0
6.50656e-05	0	0	0
6.67689e-05	0	0	0
6.69068e-05	0	0	0
6.69903e-05	0	0	0
6.70072e-05	0	0	0
6.70361e-05	0	0	0
6.72289e-05	0	0	0
6.78129e-05	0	0	0
6.78732e-05	0	0	0
6.79735e-05	0	0	0
6.91309e-05	0	0	0
6.92727e-05	0	0	0
6.95425e-05	0	0	0
6.95828e-05	0	0	0
7.03108e-05	0	0	0
7.04202e-05	0	0	0
7.08468e-05	0	0	0
7.08808e-05	0	0	0
7.13155e-05	0	0	0
7.15773e-05	0	0	0
7.20253e-05	0	0	0
7.27973e-05	0	0	0
7.3368e-05	0	0	0
7.43203e-05	0	0	0
7.53875e-05	0	0	0
7.5601e-05	0	0	0
7.68243e-05	0	0	0
7.70028e-05	0	0	0
7.76591e-05	0	0	0
7.76889e-05	0	0	0
7.83293e-05	0	0	0
7.93292e-05	0	0	0
8.0552e-05	0	0	0
8.18166e-05	0	0	0
8.19668e-05	0	0	0
8.26866e-05	0	0	0
8.34e-05	0	0	0
8.37285e-05	0	0	0
8.47575e-05	0	0	0
8.57258e-05	0	0	0
8.61675e-05	0	0	0
8.62586e-05	0	0	0
8.76814e-05	0	0	0
8.8121e-05	0	0	0
8.87078e-05	0	0	0
8.89898e-05	0	0	0
8.98797e-05	0	0	0
9.01658e-05	0	0	0
9.03198e-05	0	0	0
9.04647e-05	0	0	0
9.0878e-05	0	0	0
9.15406e-05	0	0	0
9.20893e-05	0	0	0
9.55008e-05	0	0	0
9.5827e-05	0	0	0
9.65432e-05	0	0	0
9.82541e-05	0	0	0
9.9503e-05	0	0	0
0.000100003	0	0	0
0.000100648	0	0	0
0.000101128	0	0	0
0.000101674	0	0	0
0.000103174	0	0	0
0.000103808	0	0	0
0.000104041	0	0	0
0.000104096	0	0	0
0.000104311	0	0	0
0.000104623	0	0	0
0.000106353	0	0	0
0.000106967	0	0	0
0.000107798	0	0	0
0.000107844	0	0	0
0.000108394	0	0	0
0.000110427	0	0	0
0.000110549	0	0	0
0.000111272	0	0	0
0.000111357	0	0	0
0.000111682	0	0	0
0.000111798	0	0	0
0.000112547	0	0	0
0.000112965	0	0	0
0.000113972	0	0	0
0.000114354	0	0	0
0.000114437	0	0	0
0.000114456	0	0	0
0.00011512	0	0	0
0.000115227	0	0	0
0.000115454	0	0	0
0.000117036	0	0	0
0.000117246	0	0	0
0.00012042	0	0	0
0.000120554	0	0	0
0.000120938	0	0	0
0.000121237	0	0	0
0.000121598	0	0	0
0.000122003	0	0	0
0.000122268	0	0	0
0.000123233	0	0	0
0.000124107	0	0	0
0.000125479	0	0	0
0.000125914	0	0	0
0.000126498	0	0	0
0.000126774	0	0	0
0.000128005	0	0	0
0.00012811	0	0	0
0.000128194	0	0	0
0.000128679	0	0	0
0.000128918	0	0	0
0.000129325	0	0	0
0.000129731	0	0	0
0.000129938	0	0	0
0.000131218	0	0	0
0.000131332	0	0	0
0.000131911	0	0	0
0.000132235	0	0	0
0.000133102	0	0	0
0.000133795	0	0	0
0.000134515	0	0	0
0.00013485	0	0	0
0.000135607	0	0	0
0.000135652	0	0	0
0.000136249	0	0	0
0.000137103	0	0	0
0.000138821	0	0	0
0.000138868	0	0	0
0.000139432	0	0	0
0.000139452	0	0	0
0.000142753	0	0	0
0.000143846	0	0	0
0.00014449	0	0	0
0.000144882	0	0	0
0.000147146	0	0	0
0.000147939	0	0	0
0.000148131	0	0	0
0.00015134	0	0	0
0.00015214	0	0	0
0.000152561	0	0	0
0.00015408	0	0	0
0.000155695	0	0	0
0.000156103	0	0	0
0.00015658	0	0	0
0.000157694	0	0	0
0.000157979	0	0	0
0.00015816	0	0	0
0.000160223	0	0	0
0.000160321	0	0	0
0.000163187	0	0	0
0.000163604	0	0	0
0.000165556	0	0	0
0.000167898	0	0	0
0.000168507	0	0	0
0.000168655	0	0	0
0.000169112	0	0	0
0.000171529	0	0	0
0.000171991	0	0	0
0.00017313	0	0	0
0.000173205	0	0	0
0.000173766	0	0	0
0.000174359	0	0	0
0.000175438	0	0	0
0.000175799	0	0	0
0.000176154	0	0	0
0.000178382	0	0	0
0.000178469	0	0	0
0.000178935	0	0	0
0.000179205	0	0	0
0.000179638	0	0	0
0.0001816	0	0	0
0.000181672	0	0	0
0.000183105	0	0	0
0.000184242	0	0	0
0.000185009	0	0	0
0.00018507	0	0	0
0.000185191	0	0	0
0.000189948	0	0	0
0.000190456	0	0	0
0.000190809	0	0	0
0.000191375	0	0	0
0.000192809	0	0	0
0.000194046	0	0	0
0.000194729	0	0	0
0.00019505	0	0	0
0.000195765	0	0	0
0.000196148	0	0	0
0.000196535	0	0	0
0.000200242	0	0	0
0.000200396	0	0	0
0.000202393	0	0	0
0.00020292	0	0	0
0.000207606	0	0	0
0.00020774	0	0	0
0.000207953	0	0	0
0.000208502	0	0	0
0.000210961	0	0	0
0.000211577	0	0	0
0.000211609	0	0	0
0.000213932	0	0	0
0.000214054	0	0	0
0.000214754	0	0	0
0.000215124	0	0	0
0.000215625	0	0	0
0.000217783	0	0	0
0.000217863	0	0	0
0.000218688	0	0	0
0.00021946	0	0	0
0.00022091	0	0	0
0.000223867	0	0	0
0.000223935	0	0	0
0.000226428	0	0	0
0.00022771	0	0	0
0.000228715	0	0	0
0.000229016	0	0	0
0.000231802	0	0	0
0.000233671	0	0	0
0.000235455	0	0	0
0.000235985	0	0	0
0.00023686	0	0	0
0.000237413	0	0	0
0.000237496	0	0	0
0.000237723	0	0	0
0.000238048	0	0	0
0.00023965	0	0	0
0.00024339	0	0	0
0.000243967	0	0	0
0.000244198	0	0	0
0.000244249	0	0	0
0.000247702	0	0	0
0.000248678	0	0	0
0.000248782	0	0	0
0.000249573	0	0	0
0.000250812	0	0	0
0.000251004	0	0	0
0.000251727	0	0	0
0.000254808	0	0	0
0.000256368	0	0	0
0.000256392	0	0	0
0.000259231	0	0	0
0.000264076	0	0	0
0.000266078	0	0	0
0.000266231	0	0	0
0.000268648	0	0	0
0.000270658	0	0	0
0.000273609	0	0	0
0.000274509	0	0	0
0.000274684	0	0	0
0.000276247	0	0	0
0.000279384	0	0	0
0.000280608	0	0	0
0.000280713	0	0	0
0.000281915	0	0	0
0.000286554	0	0	0
0.000289128	0	0	0
0.000291564	0	0	0
0.000292231	0	0	0
0.000294889	0	0	0
0.0002951	0	0	0
0.000296665	0	0	0
0.000297061	0	0	0
0.000297207	0	0	0
0.000297994	0	0	0
0.000304338	0	0	0
0.00030549	0	0	0
0.000307221	0	0	0
0.000307286	0	0	0
0.000308208	0	0	0
0.000309328	0	0	0
0.000310696	0	0	0
0.000311195	0	0	0
0.000311388	0	0	0
0.0003125	0	0	0
0.000313615	0	0	0
0.000313878	0	0	0
0.000316135	0	0	0
0.000316438	0	0	0
0.000317087	0	0	0
0.000317113	0	0	0
0.000317426	0	0	0
0.000317601	0	0	0
0.000319959	0	0	0
0.00032508	0	0	0
0.000327142	0	0	0
0.000327359	0	0	0
0.00032787	0	0	0
0.000328004	0	0	0
0.000328064	0	0	0
0.000329712	0	0	0
0.000329755	0	0	0
0.00033141	0	0	0
0.000331926	0	0	0
0.000333047	0	0	0
0.000333153	0	0	0
0.000333208	0	0	0
0.000342434	0	0	0
0.000342998	0	0	0
0.000345519	0	0	0
0.000345786	0	0	0
0.000347428	0	0	0
0.000347434	0	0	0
0.000348155	0	0	0
0.000348259	0	0	0
0.000348566	0	0	0
0.000350798	0	0	0
0.000351639	0	0	0
0.000353024	0	0	0
0.000353056	0	0	0
0.000353489	0	0	0
0.000357082	0	0	0
0.000357341	0	0	0
0.000360047	0	0	0
0.000361311	0	0	0
0.000361522	0	0	0
0.000361638	0	0	0
0.00036277	0	0	0
0.000363327	0	0	0
0.000370687	0	0	0
0.000370903	0	0	0
0.000372048	0	0	0
0.000375056	0	0	0
0.000377771	0	0	0
0.000382863	0	0	0
0.000383662	0	0	0
0.000384198	0	0	0
0.000384898	0	0	0
0.000386984	0	0	0
0.000387093	0	0	0
0.000388327	0	0	0
0.000391914	0	0	0
0.000393571	0	0	0
0.000395089	0	0	0
0.000395612	0	0	0
0.000397846	0	0	0
0.000399275	0	0	0
0.00040032	0	0	0
0.000400771	0	0	0
0.000402062	0	0	0
0.000403201	0	0	0
0.000403284	0	0	0
0.000406534	0	0	0
0.000409041	0	0	0
0.000412288	0	0	0
0.000417643	0	0	0
0.00042019	0	0	0
0.000420414	0	0	0
0.000421131	0	0	0
0.000422934	0	0	0
0.000433421	0	0	0
0.00043574	0	0	0
0.000438007	0	0	0
0.000438375	0	0	0
0.000438413	0	0	0
0.000441767	0	0	0
0.000442876	0	0	0
0.000444228	0	0	0
0.000444961	0	0	0
0.000448697	0	0	0
0.000452109	0	0	0
0.000453487	0	0	0
0.000460805	0	0	0
0.000464172	0	0	0
0.000472432	0	0	0
0.000473538	0	0	0
0.000473563	0	0	0
0.000480556	0	0	0
0.000485488	0	0	0
0.000486059	0	0	0
0.000488201	0	0	0
0.000488555	0	0	0
0.000494112	0	0	0
0.000494929	0	0	0
0.000496172	0	0	0
0.00050317	0	0	0
0.000503172	0	0	0
0.000508967	0	0	0
0.000510824	0	0	0
0.000512963	0	0	0
0.0005136	0	0	0
0.000515762	0	0	0
0.000517045	0	0	0
0.000518567	0	0	0
0.000520692	0	0	0
0.000521632	0	0	0
0.00052292	0	0	0
0.000527771	0	0	0
0.000528899	0	0	0
0.000529043	0	0	0
0.000533125	0	0	0
0.000537125	0	0	0
0.000539261	0	0	0
0.000541434	0	0	0
0.000542542	0	0	0
0.000542837	0	0	0
0.000545974	0	0	0
0.000546735	0	0	0
0.000547681	0	0	0
0.000548014	0	0	0
0.000548676	0	0	0
0.000550059	0	0	0
0.000561942	0	0	0
0.000566814	0	0	0
0.000567356	0	0	0
0.000568345	0	0	0
0.000568619	0	0	0
0.000572097	0	0	0
0.000572453	0	0	0
0.000573468	0	0	0
0.000587743	0	0	0
0.000590345	0	0	0
0.000593832	0	0	0
0.000603596	0	0	0
0.000605024	0	0	0
0.000606226	0	0	0
0.000606769	0	0	0
0.000610981	0	0	0
0.00061911	0	0	0
0.000621848	0	0	0
0.000624994	0	0	0
0.000626798	0	0	0
0.000628622	0	0	0
0.000639811	0	0	0
0.000649397	0	0	0
0.000653361	0	0	0
0.000654923	0	0	0
0.000657662	0	0	0
0.000660222	0	0	0
0.00066207	0	0	0
0.000672204	0	0	0
0.000674576	0	0	0
0.000681832	0	0	0
0.000683582	0	0	0
0.000684234	0	0	0
0.000684737	0	0	0
0.000690604	0	0	0
0.000705521	0	0	0
0.000708375	0	0	0
0.000709255	0	0	0
0.000723045	0	0	0
0.000723066	0	0	0
0.000725541	0	0	0
0.000726568	0	0	0
0.000731432	0	0	0
0.000732132	0	0	0
0.000737689	0	0	0
0.000740026	0	0	0
0.000746536	0	0	0
0.000760635	0	0	0
0.000762362	0	0	0
0.00076593	0	0	0
0.000782783	0	0	0
0.000790994	0	0	0
0.00079139	0	0	0
0.000799742	0	0	0
0.000818765	0	0	0
0.000821065	0	0	0
0.000823216	0	0	0
0.000825169	0	0	0
0.000828425	0	0	0
0.000831832	0	0	0
0.000834391	0	0	0
0.000834683	0	0	0
0.000838156	0	0	0
0.000841491	0	0	0
0.000851394	0	0	0
0.00085296	0	0	0
0.000857477	0	0	0
0.000872647	0	0	0
0.000882434	0	0	0
0.000882632	0	0	0
0.0008838	0	0	0
0.000883925	0	0	0
0.000890406	0	0	0
0.000911636	0	0	0
0.000921527	0	0	0
0.000924456	0	0	0
0.000929173	0	0	0
0.000933358	0	0	0
0.000960162	0	0	0
0.000960288	0	0	0
0.000967422	0	0	0
0.000976723	0	0	0
0.000993011	0	0	0
0.00101476	0	0	0
0.00102923	0	0	0
0.00103224	0	0	0
0.0010338	0	0	0
0.0010362	0	0	0
0.00105126	0	0	0
0.00106272	0	0	0
0.00106876	0	0	0
0.00107455	0	0	0
0.00108257	0	0	0
0.00108901	0	0	0
0.00110124	0	0	0
0.00110324	0	0	0
0.00111009	0	0	0
0.00111324	0	0	0
0.0011284	0	0	0
0.00113338	0	0	0
0.00114017	0	0	0
0.00114035	0	0	0
0.00115597	0	0	0
0.00115734	0	0	0
0.00115872	0	0	0
0.00117044	0	0	0
0.00120114	0	0	0
0.00120329	0	0	0
0.00120906	0	0	0
0.00121664	0	0	0
0.00122639	0	0	0
0.00123292	0	0	0
0.00123997	0	0	0
0.00126397	0	0	0
0.00128291	0	0	0
0.00130887	0	0	0
0.00131474	0	0	0
0.00131708	0	0	0
0.00132421	0	0	0
0.001341	0	0	0
0.00134398	0	0	0
0.0013468	0	0	0
0.0013898	0	0	0
0.00142573	0	0	0
0.00143714	0	0	0
0.00147405	0	0	0
0.00148155	0	0	0
0.00148722	0	0	0
0.00148897	0	0	0
0.00149957	0	0	0
0.00150544	0	0	0
0.00152128	0	0	0
0.0015218	0	0	0
0.00152896	0	0	0
0.00155219	0	0	0
0.00155585	0	0	0
0.00156723	0	0	0
0.00158671	0	0	0
0.00160954	0	0	0
0.00162923	0	0	0
0.00165675	0	0	0
0.00165871	0	0	0
0.00166667	0	0	0
0.00167383	0	0	0
0.00168361	0	0	0
0.00169724	0	0	0
0.00170059	0	0	0
0.00172306	0	0	0
0.00173664	0	0	0
0.00173848	0	0	0
0.00179215	0	0	0
0.0018094	0	0	0
0.00182869	0	0	0
0.00183322	0	0	0
0.00188197	0	0	0
0.00191068	0	0	0
0.00192812	0	0	0
0.00193801	0	0	0
0.00194236	0	0	0
0.00195025	0	0	0
0.00197282	0	0	0
0.00204889	0	0	0
0.00209915	0	0	0
0.00210307	0	0	0
0.00212703	0	0	0
0.00217743	0	0	0
0.00222469	0	0	0
0.00226521	0	0	0
0.00233662	0	0	0
0.00239434	0	0	0
0.00239535	0	0	0
0.00240373	0	0	0
0.002456	0	0	0
0.00246319	0	0	0
0.00247289	0	0	0
0.00255347	0	0	0
0.00257285	0	0	0
0.00257765	0	0	0
0.00258678	0	0	0
0.00259841	0	0	0
0.0026135	0	0	0
0.00261925	0	0	0
0.0026693	0	0	0
0.00269783	0	0	0
0.00274012	0	0	0
0.00275054	0	0	0
0.00275503	0	0	0
0.00283755	0	0	0
0.00294593	0	0	0
0.00298871	0	0	0
0.00305927	0	0	0
0.00318515	0	0	0
0.00327794	0	0	0
0.00330742	0	0	0
0.00333051	0	0	0
0.00339903	0	0	0
0.00340982	0	0	0
0.00343153	0	0	0
0.00344972	0	0	0
0.00345726	0	0	0
0.00346136	0	0	0
0.00349996	0	0	0
0.0035128	0	0	0
0.0035385	0	0	0
0.0035644	0	0	0
0.00367601	0	0	0
0.00377122	0	0	0
0.00377164	0	0	0
0.00384141	0	0	0
0.00404087	0	0	0
0.00411658	0	0	0
0.00420108	0	0	0
0.0043682	0	0	0
0.00452657	0	0	0
0.00465125	0	0	0
0.00468342	0	0	0
0.0047905	0	0	0
0.00500154	0	0	0
0.00513187	0	0	0
0.00514075	0	0	0
0.00519679	0	0	0
0.00553386	0	0	0
0.00557579	0	0	0
0.00561709	0	0	0
0.00580076	0	0	0
0.00582352	0	0	0
0.00656248	0	0	0
0.00664732	0	0	0
0.00665548	0	0	0
0.00674534	0	0	0
0.00718569	0	0	0
0.00761183	0	0	0
0.00762586	0.0412541	0.0825083	0
0.00814182	0.0412541	0.0825083	0
0.00818944	0.0412541	0.0825083	0
0.00856838	0.123762	0	0
0.00989246	0.123762	0	0
0.00996478	0.123762	0	0
0.0100549	0.123762	0	0
0.0110881	0.123762	0	0
0.0136964	0.123762	0	0
0.015075	0.123762	0	0
0.0270632	0.123762	0	0
0.0273255	0.123762	0	0
0.0505017	0.123762	0	0.126103
0.0567704	0.123762	0	0.126103
0.120198	0.123762	0	0.252207
0.131125	0.123762	0	0.37831
0.131216	0.165017	0.0825083	0.37831
0.132422	0.206271	0.165017	0.37831
0.133385	0.288779	0.0825083	0.37831
0.144413	0.371287	0	0.37831
0.146052	0.412541	0.0825083	0.37831
0.186983	0.49505	0	0.37831
0.189498	0.49505	0	0.37831
0.18976	0.49505	0	0.504414
0.223539	0.49505	0	0.504414
0.240877	0.49505	0	0.630517
0.241421	0.49505	0.165017	0.630517
0.241963	0.577558	0.0825083	0.630517
0.250783	0.660066	0	0.630517
0.270518	0.660066	0	0.630517
0.2859	0.660066	0	0.630517
0.287706	0.660066	0.0825083	0.630517
0.30704	0.742574	0	0.630517
0.352369	0.742574	0	0.630517
0.356927	0.742574	0	0.630517
0.35693	0.742574	0.0825083	0.630517
0.368277	0.825082	0	0.630517
0.368446	0.825082	0.165017	0.630517
0.369879	0.907591	0.0825083	0.630517
0.376366	0.990099	0	0.630517
0.37719	1.03135	0.0825083	0.630517
0.390049	1.11386	0	0.630517
0.415198	1.11386	0	0.75662
0.420765	1.11386	0	0.882724
0.466001	1.11386	0	0.882724
0.467153	1.15512	0.0825083	0.882724
0.494584	1.23762	0	0.882724
0.522056	1.23762	0	0.882724
0.524811	1.23762	0.0825083	0.882724
0.538123	1.32013	0	0.882724
0.563795	1.32013	0	0.882724
0.568462	1.36139	0.0825083	0.882724
0.608813	1.44389	0	0.882724
0.610598	1.44389	0	1.00883
0.629489	1.44389	0	1.13493
0.633832	1.44389	0	1.26103
0.641915	1.44389	0	1.38714
0.64223	1.44389	0.0825083	1.38714
0.643314	1.44389	0.0825083	1.63934
0.673396	1.5264	0	1.63934
0.674381	1.56766	0.0825083	1.63934
0.682365	1.65016	0	1.63934
0.697293	1.65016	0	1.63934
0.69736	1.65016	0	1.63934
0.697604	1.65016	0.165017	1.63934
0.697779	1.73267	0.0825083	1.63934
0.708837	1.81518	0	1.63934
0.733623	1.81518	0	1.76545
0.734093	1.85644	0.0825083	1.76545
0.745619	1.93894	0	1.76545
0.771708	1.93894	0	1.76545
0.778348	1.93894	0	1.76545
0.791386	1.93894	0	1.89155
0.800958	1.93894	0	2.01765
0.804869	1.93894	0	2.01765
0.808792	1.9802	0.0825083	2.01765
0.80968	2.02145	0.165017	2.01765
0.809989	2.10396	0.0825083	2.01765
0.817837	2.18647	0	2.01765
0.855666	2.18647	0	2.14376
0.85634	2.18647	0.165017	2.14376
0.85664	2.26898	0.0825083	2.14376
0.866988	2.35149	0	2.14376
0.868398	2.35149	0.0825083	2.14376
0.869582	2.35149	0.0825083	2.14376
0.870476	2.39274	0.165017	2.14376
0.870519	2.47525	0.0825083	2.14376
0.880916	2.55776	0	2.14376
0.899474	2.55776	0	2.14376
0.900397	2.59901	0.0825083	2.14376
0.900668	2.68152	0	2.14376
0.901139	2.72277	0.0825083	2.14376
0.902627	2.80528	0	2.14376
0.904147	2.80528	0.0825083	2.14376
0.911468	2.88779	0	2.14376
0.928587	2.88779	0	2.14376
0.929854	2.88779	0	2.26986
0.972	2.88779	0	2.39596
0.979177	2.92904	0.0825083	2.39596
1.05651	3.01155	0	2.39596
1.09525	3.01155	0	2.52207
1.10193	3.01155	0	2.52207
1.13839	3.01155	0	2.64817
1.14286	3.01155	0.0825083	2.64817
1.15319	3.09406	0	2.64817
1.15387	3.13531	0.0825083	2.64817
1.16301	3.21782	0	2.64817
1.18087	3.21782	0	2.77427
1.19162	3.21782	0	2.90038
1.1967	3.21782	0.0825083	2.90038
1.20463	3.30033	0	2.90038
1.2055	3.34158	0.0825083	2.90038
1.20557	3.38284	0.165017	2.90038
1.20624	3.46535	0.0825083	2.90038
1.20718	3.54785	0	2.90038
1.21019	3.54785	0.0825083	2.90038
1.21033	3.54785	0.165017	2.90038
1.2108	3.54785	0.165017	3.02648
1.21093	3.63036	0.0825083	3.02648
1.21114	3.71287	0	3.02648
1.21138	3.71287	0	3.15259
1.21244	3.71287	0.0825083	3.15259
1.21862	3.79538	0	3.15259
1.21936	3.79538	0	3.27869
1.22491	3.79538	0	3.40479
1.22831	3.79538	0	3.40479
1.22856	3.79538	0.165017	3.40479
1.22909	3.87789	0.0825083	3.40479
1.27099	3.9604	0	3.40479
1.27121	3.9604	0.165017	3.40479
1.27304	4.0429	0.0825083	3.40479
1.2742	4.12541	0	3.40479
1.27519	4.12541	0.0825083	3.40479
1.28776	4.20792	0	3.40479
1.28826	4.20792	0.165017	3.40479
1.28895	4.29043	0.0825083	3.40479
1.30154	4.37294	0	3.40479
1.30421	4.41419	0.0825083	3.40479
1.3071	4.4967	0	3.40479
1.3074	4.53795	0.0825083	3.40479
1.30816	4.62046	0	3.40479
1.30933	4.62046	0.165017	3.40479
1.31243	4.70297	0.0825083	3.40479
1.31453	4.70297	0.0825083	3.5309
1.31522	4.70297	0.0825083	3.657
1.32513	4.78548	0	3.657
1.3269	4.78548	0.0825083	3.657
1.34257	4.86799	0	3.657
1.38142	4.86799	0	3.7831
1.40927	4.86799	0	3.90921
1.44758	4.86799	0	4.03531
1.48878	4.86799	0	4.03531
1.48936	4.86799	0	4.16141
1.48967	4.90924	0.0825083	4.16141
1.49637	4.99175	0	4.16141
1.50707	4.99175	0	4.28752
1.5138	4.99175	0	4.28752
1.51454	5.033	0.0825083	4.28752
1.52265	5.11551	0	4.28752
1.53343	5.11551	0	4.41362
1.53486	5.15677	0.0825083	4.41362
1.5615	5.23927	0	4.41362
1.56271	5.23927	0	4.53972
1.58547	5.23927	0	4.53972
1.58709	5.28053	0.0825083	4.53972
1.59048	5.36304	0	4.53972
1.59472	5.36304	0	4.66583
1.59842	5.36304	0.0825083	4.66583
1.59845	5.36304	0.0825083	4.79193
1.6016	5.44554	0	4.79193
1.64788	5.44554	0	4.79193
1.65179	5.4868	0.0825083	4.79193
1.67851	5.56931	0	4.79193
1.70118	5.56931	0	4.91803
1.71078	5.56931	0	4.91803
1.77054	5.56931	0	5.04414
1.78277	5.56931	0	5.04414
1.82777	5.56931	0	5.04414
1.8309	5.61056	0.0825083	5.04414
1.83117	5.61056	0.247525	5.04414
1.83129	5.69307	0.165017	5.04414
1.83304	5.77558	0.0825083	5.04414
1.8412	5.85809	0	5.04414
1.84366	5.85809	0	5.17024
1.84461	5.85809	0.165017	5.17024
1.84545	5.94059	0.0825083	5.17024
1.855	6.0231	0	5.17024
1.88076	6.0231	0	5.17024
1.88082	6.0231	0	5.29634
1.88209	6.0231	0.0825083	5.29634
1.88656	6.10561	0	5.29634
1.88751	6.10561	0	5.29634
1.89714	6.10561	0	5.42245
1.93238	6.10561	0	5.42245
1.9363	6.10561	0	5.42245
1.93749	6.10561	0	5.42245
1.93965	6.10561	0.0825083	5.42245
1.94729	6.18812	0	5.42245
1.95007	6.18812	0.0825083	5.42245
1.97203	6.27063	0	5.42245
1.97281	6.27063	0.165017	5.42245
1.9782	6.35314	0.0825083	5.42245
1.9952	6.43564	0	5.42245
2.01994	6.43564	0	5.54855
2.02095	6.4769	0.0825083	5.54855
2.03995	6.55941	0	5.54855
2.05071	6.55941	0	5.54855
2.06726	6.55941	0	5.67465
2.06845	6.60066	0.0825083	5.67465
2.10884	6.68317	0	5.67465
2.10893	6.72442	0.0825083	5.67465
2.14267	6.80693	0	5.67465
2.14507	6.80693	0.0825083	5.67465
2.14792	6.88944	0	5.67465
2.16915	6.88944	0	5.80076
2.17636	6.88944	0	5.92686
2.17638	6.93069	0.0825083	5.92686
2.21	7.0132	0	5.92686
2.21064	7.05446	0.0825083	5.92686
2.21372	7.13696	0	5.92686
2.2143	7.17822	0.0825083	5.92686
2.29852	7.26073	0	5.92686
2.29981	7.26073	0.165017	5.92686
2.29995	7.34323	0.0825083	5.92686
2.31074	7.42574	0	5.92686
2.31278	7.42574	0	6.05296
2.32322	7.42574	0	6.17907
2.3558	7.42574	0	6.30517
2.36407	7.42574	0	6.43127
2.37293	7.42574	0	6.43127
2.40677	7.42574	0	6.43127
2.40995	7.467	0.0825083	6.43127
2.41547	7.5495	0	6.43127
2.44124	7.5495	0	6.43127
2.44288	7.5495	0.0825083	6.43127
2.45318	7.63201	0	6.43127
2.46126	7.63201	0	6.55738
2.51006	7.63201	0	6.55738
2.52029	7.63201	0	6.68348
2.52029	7.63201	0	6.80958
2.52043	7.67327	0.0825083	6.80958
2.5381	7.75578	0	6.80958
2.53947	7.75578	0.165017	6.80958
2.54036	7.83828	0.0825083	6.80958
2.54179	7.92079	0	6.80958
2.54797	7.96205	0.0825083	6.80958
2.57492	8.04455	0	6.80958
2.58257	8.04455	0	6.80958
2.58419	8.08581	0.0825083	6.80958
2.63614	8.16832	0	6.80958
2.6364	8.20957	0.0825083	6.80958
2.66484	8.29208	0	6.80958
2.66975	8.29208	0	6.93569
2.68768	8.29208	0	7.06179
2.69157	8.29208	0	7.18789
2.6959	8.29208	0	7.18789
2.70065	8.33333	0.0825083	7.18789
2.70383	8.41584	0	7.18789
2.70879	8.41584	0	7.314
2.74499	8.41584	0	7.4401
2.76127	8.41584	0	7.4401
2.76745	8.41584	0	7.4401
2.76817	8.41584	0.165017	7.4401
2.77391	8.49835	0.0825083	7.4401
2.80503	8.58086	0	7.4401
2.80997	8.62211	0.0825083	7.4401
2.81165	8.70462	0	7.4401
2.81303	8.70462	0.0825083	7.4401
2.82028	8.78713	0	7.4401
2.82233	8.78713	0	7.5662
2.82267	8.78713	0.165017	7.5662
2.82971	8.86964	0.0825083	7.5662
2.83115	8.95215	0	7.5662
2.8313	8.95215	0.165017	7.5662
2.83296	9.03465	0.0825083	7.5662
2.88185	9.11716	0	7.5662
2.90628	9.11716	0	7.69231
2.90795	9.11716	0.0825083	7.69231
2.9144	9.19967	0	7.69231
2.91702	9.19967	0.0825083	7.69231
2.91711	9.19967	0.0825083	7.81841
2.93827	9.28218	0	7.81841
2.9394	9.28218	0	7.94451
2.942	9.32343	0.0825083	7.94451
2.94827	9.40594	0	7.94451
2.9483	9.40594	0.0825083	7.94451
2.96064	9.48845	0	7.94451
2.96114	9.5297	0.0825083	7.94451
2.9685	9.61221	0	7.94451
2.99608	9.61221	0	8.07062
2.99669	9.65347	0.0825083	8.07062
3.02459	9.73597	0	8.07062
3.02595	9.73597	0	8.07062
3.02637	9.73597	0.0825083	8.07062
3.03304	9.81848	0	8.07062
3.03369	9.85974	0.0825083	8.07062
3.05047	9.94224	0	8.07062
3.06194	9.94224	0	8.19672
3.06604	9.94224	0	8.32282
3.06693	9.94224	0.165017	8.32282
3.06902	10.0248	0.0825083	8.32282
3.06935	10.0248	0.0825083	8.44893
3.09655	10.1073	0	8.44893
3.10565	10.1073	0	8.57503
3.11632	10.1073	0	8.70113
3.11701	10.1073	0.0825083	8.70113
3.11722	10.1898	0	8.70113
3.12525	10.1898	0	8.95334
3.15807	10.1898	0	9.07944
3.17261	10.1898	0	9.20555
3.17439	10.231	0.0825083	9.20555
3.18571	10.3135	0	9.20555
3.18698	10.3135	0.0825083	9.20555
3.19618	10.396	0	9.20555
3.20443	10.4373	0.0825083	9.20555
3.20506	10.5198	0	9.20555
3.20901	10.5198	0	9.20555
3.21193	10.5198	0	9.33165
3.21238	10.5611	0.0825083	9.33165
3.26555	10.6436	0	9.33165
3.28149	10.6436	0	9.45776
3.29844	10.6436	0	9.58386
3.3012	10.6436	0.0825083	9.58386
3.31348	10.7261	0	9.58386
3.32139	10.7261	0	9.70996
3.33318	10.7261	0	9.83607
3.35802	10.7261	0	9.83607
3.36369	10.7261	0	9.96217
3.38539	10.7261	0	10.0883
3.38645	10.7673	0.0825083	10.0883
3.38827	10.8498	0	10.0883
3.39247	10.8498	0	10.2144
3.39252	10.8498	0	10.3405
3.39604	10.8498	0	10.3405
3.40219	10.8498	0	10.4666
3.40395	10.8911	0.0825083	10.4666
3.41513	10.9736	0	10.4666
3.41581	10.9736	0.165017	10.4666
3.41795	11.0561	0.0825083	10.4666
3.44794	11.1386	0	10.4666
3.45334	11.1386	0	10.5927
3.48429	11.1386	0	10.5927
3.4849	11.1799	0.0825083	10.5927
3.49249	11.2624	0	10.5927
3.49267	11.3036	0.0825083	10.5927
3.49513	11.3861	0	10.5927
3.49896	11.3861	0	10.7188
3.50849	11.4274	0.0825083	10.7188
3.56414	11.5099	0	10.7188
3.57588	11.5099	0	10.8449
3.57695	11.5099	0	10.8449
3.58946	11.5099	0	10.971
3.59013	11.5099	0	11.0971
3.60895	11.5099	0	11.2232
3.60978	11.5512	0.0825083	11.2232
3.65035	11.6337	0	11.2232
3.65136	11.6337	0.0825083	11.2232
3.72243	11.7162	0	11.2232
3.7227	11.7574	0.0825083	11.2232
3.72848	11.8399	0	11.2232
3.72955	11.8812	0.0825083	11.2232
3.73846	11.9637	0	11.2232
3.77228	11.9637	0	11.3493
3.77877	11.9637	0	11.4754
3.77918	11.9637	0.165017	11.4754
3.77931	12.0462	0.0825083	11.4754
3.78086	12.0462	0.0825083	11.6015
3.79408	12.1287	0	11.6015
3.79486	12.1287	0.0825083	11.6015
3.80035	12.2112	0	11.6015
3.80047	12.2525	0.0825083	11.6015
3.83241	12.335	0	11.6015
3.84043	12.335	0	11.6015
3.8987	12.335	0	11.6015
3.90776	12.335	0	11.6015
3.95487	12.335	0	11.7276
3.97422	12.335	0	11.8537
3.97522	12.3762	0.0825083	11.8537
4.02808	12.4587	0	11.8537
4.02854	12.5	0.0825083	11.8537
4.03841	12.5825	0	11.8537
4.03909	12.5825	0.165017	11.8537
4.04192	12.665	0.0825083	11.8537
4.0454	12.7475	0	11.8537
4.06061	12.7475	0	11.9798
4.06263	12.7475	0.0825083	11.9798
4.07833	12.83	0	11.9798
4.08831	12.83	0	12.1059
4.12698	12.83	0	12.232
4.12719	12.8713	0.0825083	12.232
4.13007	12.9538	0	12.232
4.13131	12.9538	0	12.4842
4.13395	12.995	0.0825083	12.4842
4.135	13.0776	0	12.4842
4.14971	13.0776	0	12.7364
4.15119	13.0776	0.0825083	12.7364
4.15157	13.1188	0.165017	12.7364
4.15372	13.2013	0.0825083	12.7364
4.18556	13.2838	0	12.7364
4.18598	13.3251	0.0825083	12.7364
4.22674	13.4076	0	12.7364
4.22698	13.4488	0.0825083	12.7364
4.3012	13.5314	0	12.7364
4.30237	13.5726	0.0825083	12.7364
4.30466	13.6551	0	12.7364
4.31012	13.6551	0	12.7364
4.31362	13.6551	0.0825083	12.7364
4.32294	13.7376	0	12.7364
4.37162	13.7376	0	12.8625
4.40175	13.7376	0	12.9887
4.41254	13.7376	0	12.9887
4.413	13.7789	0.0825083	12.9887
4.44227	13.8614	0	12.9887
4.45021	13.8614	0	13.1148
4.45719	13.8614	0	13.2409
4.45888	13.8614	0.0825083	13.2409
4.46164	13.9439	0	13.2409
4.46201	13.9851	0.0825083	13.2409
4.4626	14.0264	0.165017	13.2409
4.46464	14.1089	0.0825083	13.2409
4.50985	14.1914	0	13.2409
4.53207	14.1914	0	13.367
4.54786	14.1914	0	13.367
4.60152	14.1914	0	13.4931
4.61318	14.1914	0	13.7453
4.61457	14.2327	0.0825083	13.7453
4.63674	14.3152	0	13.7453
4.64408	14.3152	0	13.7453
4.66077	14.3152	0	13.8714
4.66134	14.3564	0.0825083	13.8714
4.67151	14.4389	0	13.8714
4.67917	14.4389	0	13.8714
4.6792	14.4389	0.0825083	13.8714
4.71036	14.5215	0	13.8714
4.71246	14.5627	0.0825083	13.8714
4.77168	14.6452	0	13.8714
4.80936	14.6452	0	13.8714
4.82801	14.6452	0	13.9975
4.86096	14.6452	0	14.1236
4.86171	14.6452	0.0825083	14.1236
4.86311	14.6452	0.0825083	14.2497
4.90537	14.7277	0	14.2497
4.90658	14.7277	0	14.3758
4.93213	14.7277	0	14.5019
4.94483	14.7277	0	14.628
4.96117	14.7277	0	14.7541
4.96267	14.7277	0.165017	14.7541
4.96352	14.8102	0.0825083	14.7541
4.99004	14.8927	0	14.7541
4.99819	14.8927	0	14.8802
5.00448	14.8927	0	14.8802
5.00829	14.8927	0	15.0063
5.01617	14.8927	0	15.1324
5.01654	14.934	0.0825083	15.1324
5.02752	15.0165	0	15.1324
5.06639	15.0165	0	15.2585
5.06667	15.0578	0.0825083	15.2585
5.07152	15.1403	0	15.2585
5.07222	15.1403	0.165017	15.2585
5.0742	15.2228	0.0825083	15.2585
5.09315	15.3053	0	15.2585
5.14268	15.3053	0	15.2585
5.14678	15.3053	0	15.3846
5.14753	15.3465	0.0825083	15.3846
5.15876	15.429	0	15.3846
5.19515	15.429	0	15.5107
5.19543	15.429	0.165017	15.5107
5.19593	15.5116	0.0825083	15.5107
5.20116	15.5941	0	15.5107
5.20267	15.5941	0	15.5107
5.23036	15.5941	0	15.6368
5.25208	15.5941	0	15.7629
5.25393	15.5941	0.0825083	15.7629
5.25615	15.6766	0	15.7629
5.2579	15.7178	0.0825083	15.7629
5.25811	15.7178	0.165017	15.7629
5.25833	15.7178	0.165017	15.889
5.2586	15.7178	0.165017	15.889
5.25908	15.8003	0.0825083	15.889
5.26249	15.8003	0.0825083	16.0151
5.27618	15.8828	0	16.0151
5.27801	15.9241	0.0825083	16.0151
5.31721	16.0066	0	16.0151
5.33192	16.0066	0	16.1412
5.33375	16.0066	0.165017	16.1412
5.33388	16.0891	0.0825083	16.1412
5.36776	16.1716	0	16.1412
5.36953	16.1716	0	16.2673
5.3804	16.1716	0	16.3934
5.41816	16.1716	0	16.5195
5.42584	16.1716	0.0825083	16.5195
5.44165	16.2541	0	16.5195
5.44396	16.2954	0.0825083	16.5195
5.45682	16.3779	0	16.5195
5.45831	16.4191	0.0825083	16.5195
5.4642	16.5016	0	16.5195
5.46529	16.5016	0	16.6456
5.46542	16.5016	0.165017	16.6456
5.4678	16.5842	0.0825083	16.6456
5.47138	16.6667	0	16.6456
5.47218	16.7079	0.0825083	16.6456
5.49581	16.7904	0	16.6456
5.49699	16.8317	0.0825083	16.6456
5.50249	16.9142	0	16.6456
5.53212	16.9142	0	16.7718
5.54185	16.9142	0	16.8979
5.54234	16.9142	0.0825083	16.8979
5.54585	16.9967	0	16.8979
5.54638	17.038	0.0825083	16.8979
5.56828	17.1205	0	16.8979
5.57233	17.1205	0	17.024
5.57239	17.1617	0.0825083	17.024
5.58316	17.2442	0	17.024
5.58624	17.2442	0.0825083	17.024
5.5888	17.2855	0.165017	17.024
5.60104	17.368	0.0825083	17.024
5.61484	17.4505	0	17.024
5.61488	17.4505	0.165017	17.024
5.61733	17.533	0.0825083	17.024
5.6277	17.6155	0	17.024
5.62825	17.6155	0	17.1501
5.62905	17.6155	0.165017	17.1501
5.63132	17.698	0.0825083	17.1501
5.64966	17.7805	0	17.1501
5.70057	17.7805	0	17.2762
5.70384	17.8218	0.0825083	17.2762
5.71688	17.9043	0	17.2762
5.72549	17.9043	0	17.2762
5.75541	17.9043	0	17.4023
5.77417	17.9043	0	17.5284
5.77454	17.9043	0.165017	17.5284
5.77607	17.9868	0.0825083	17.5284
5.7771	18.0693	0	17.5284
5.78422	18.0693	0	17.6545
5.78831	18.0693	0	17.7806
5.78866	18.1106	0.0825083	17.7806
5.81737	18.1931	0	17.7806
5.82006	18.2343	0.0825083	17.7806
5.82477	18.3168	0	17.7806
5.83784	18.3168	0	17.9067
5.84323	18.3168	0	17.9067
5.86412	18.3168	0	18.0328
5.86427	18.3581	0.0825083	18.0328
5.86431	18.4406	0	18.0328
5.87855	18.4406	0	18.1589
5.88616	18.4406	0	18.285
5.89647	18.4406	0	18.5372
5.89778	18.4818	0.0825083	18.5372
5.92131	18.5644	0	18.5372
5.92167	18.6056	0.0825083	18.5372
5.93278	18.6881	0	18.5372
5.96437	18.6881	0	18.6633
5.96466	18.7294	0.0825083	18.6633
5.97892	18.8119	0	18.6633
5.99322	18.8119	0	18.7894
6.02052	18.8119	0	18.9155
6.0206	18.8119	0.165017	18.9155
6.02305	18.8944	0.0825083	18.9155
6.02931	18.9769	0	18.9155
6.03172	19.0182	0.0825083	18.9155
6.05067	19.1007	0	18.9155
6.05511	19.1007	0	19.0416
6.10699	19.1007	0	19.1677
6.14302	19.1007	0	19.1677
6.17544	19.1007	0	19.2938
6.19314	19.1007	0	19.4199
6.21007	19.1007	0	19.546
6.23086	19.1007	0	19.6721
6.23188	19.1007	0	19.7982
6.2321	19.1419	0.0825083	19.7982
6.23599	19.2244	0	19.7982
6.25095	19.2244	0	19.9243
6.25172	19.2244	0	20.0504
6.26399	19.2244	0	20.1765
6.34265	19.2244	0	20.1765
6.348	19.2244	0	20.4288
6.36224	19.2244	0	20.5549
6.36229	19.2244	0.165017	20.5549
6.36718	19.3069	0.0825083	20.5549
6.37446	19.3894	0	20.5549
6.37463	19.4307	0.0825083	20.5549
6.37748	19.5132	0	20.5549
6.41958	19.5132	0	20.681
6.48817	19.5132	0	20.681
6.53605	19.5132	0	20.8071
6.55864	19.5132	0	20.9332
6.58374	19.5132	0	21.0593
6.58421	19.5545	0.0825083	21.0593
6.58984	19.5545	0.0825083	21.1854
6.5912	19.637	0	21.1854
6.5931	19.6782	0.0825083	21.1854
6.59313	19.7607	0	21.1854
6.5984	19.7607	0	21.3115
6.59912	19.802	0.0825083	21.3115
6.63292	19.8845	0	21.3115
6.65093	19.8845	0	21.4376
6.66572	19.8845	0	21.5637
6.66587	19.8845	0.165017	21.5637
6.66653	19.967	0.0825083	21.5637
6.67781	20.0495	0	21.5637
6.72784	20.0495	0	21.6898
6.73458	20.0495	0	21.6898
6.73542	20.0495	0.165017	21.6898
6.73611	20.132	0.0825083	21.6898
6.74801	20.2145	0	21.6898
6.74869	20.2145	0.0825083	21.6898
6.76765	20.297	0	21.6898
6.76883	20.297	0.165017	21.6898
6.76945	20.3795	0.0825083	21.6898
6.78794	20.462	0	21.6898
6.79202	20.462	0	21.6898
6.80437	20.462	0	21.8159
6.80638	20.462	0.0825083	21.8159
6.80813	20.5446	0	21.8159
6.80914	20.5858	0.0825083	21.8159
6.80935	20.5858	0.165017	21.8159
6.8124	20.6683	0.0825083	21.8159
6.84485	20.7508	0	21.8159
6.84496	20.7508	0.165017	21.8159
6.845	20.8333	0.0825083	21.8159
6.86855	20.9158	0	21.8159
6.871	20.9158	0	21.8159
6.87411	20.9158	0	21.942
6.89853	20.9158	0	22.0681
6.94454	20.9158	0	22.1942
6.9511	20.9158	0	22.3203
6.95406	20.9571	0.0825083	22.3203
6.9869	21.0396	0	22.3203
7.01423	21.0396	0	22.4464
7.01493	21.0809	0.0825083	22.4464
7.0182	21.1634	0	22.4464
7.01991	21.1634	0.0825083	22.4464
7.02296	21.1634	0.0825083	22.5725
7.02444	21.2046	0.165017	22.5725
7.02498	21.2871	0.0825083	22.5725
7.03471	21.3696	0	22.5725
7.0395	21.3696	0	22.6986
7.04377	21.3696	0	22.8247
7.08917	21.3696	0	22.8247
7.10026	21.3696	0	22.9508
7.18029	21.3696	0	22.9508
7.18386	21.3696	0	23.0769
7.18386	21.3696	0.165017	23.0769
7.18549	21.4521	0.0825083	23.0769
7.22068	21.5347	0	23.0769
7.22133	21.5759	0.0825083	23.0769
7.24288	21.6584	0	23.0769
7.28255	21.6584	0	23.203
7.28261	21.6584	0.0825083	23.203
7.29834	21.7409	0	23.203
7.3009	21.7822	0.0825083	23.203
7.30735	21.8647	0	23.203
7.31048	21.9059	0.0825083	23.203
7.31282	21.9884	0	23.203
7.31935	22.0297	0.0825083	23.203
7.33983	22.1122	0	23.203
7.34395	22.1122	0	23.203
7.38255	22.1122	0	23.3291
7.38575	22.1122	0	23.4552
7.38858	22.1535	0.0825083	23.4552
7.4461	22.236	0	23.4552
7.44804	22.236	0.0825083	23.4552
7.45738	22.3185	0	23.4552
7.45896	22.3185	0.0825083	23.4552
7.48823	22.401	0	23.4552
7.53793	22.401	0	23.4552
7.53928	22.401	0.0825083	23.4552
7.56672	22.4835	0	23.4552
7.57204	22.5248	0.0825083	23.4552
7.60067	22.6073	0	23.4552
7.60446	22.6073	0.165017	23.4552
7.60495	22.6898	0.0825083	23.4552
7.60651	22.7723	0	23.4552
7.68147	22.7723	0	23.5813
7.69046	22.7723	0	23.7074
7.69076	22.7723	0.0825083	23.7074
7.71217	22.8548	0	23.7074
7.71317	22.8548	0.165017	23.7074
7.72018	22.9373	0.0825083	23.7074
7.74054	23.0198	0	23.7074
7.75943	23.0198	0	23.9596
7.7652	23.0198	0	24.0858
7.79163	23.0198	0	24.2119
7.79247	23.0611	0.0825083	24.2119
7.81552	23.1436	0	24.2119
7.82008	23.1436	0	24.338
7.83711	23.1436	0	24.4641
7.83821	23.1848	0.0825083	24.4641
7.84166	23.2673	0	24.4641
7.84375	23.2673	0.0825083	24.4641
7.85547	23.3498	0	24.4641
7.86121	23.3498	0.0825083	24.4641
7.86985	23.4323	0	24.4641
7.88096	23.4323	0	24.5902
7.8925	23.4323	0	24.7163
7.89463	23.4736	0.0825083	24.7163
7.89496	23.4736	0.0825083	24.7163
7.89738	23.5561	0	24.7163
7.90219	23.5561	0	24.8424
7.90228	23.5974	0.0825083	24.8424
7.91483	23.6799	0	24.8424
7.93968	23.6799	0	24.8424
7.95143	23.6799	0	24.8424
7.9544	23.7211	0.0825083	24.8424
7.95508	23.8036	0	24.8424
7.96981	23.8036	0	24.8424
7.97327	23.8449	0.0825083	24.8424
7.99183	23.9274	0	24.8424
7.99931	23.9274	0	24.9685
8.00163	23.9686	0.0825083	24.9685
8.00289	23.9686	0.0825083	25.0946
8.01228	24.0512	0	25.0946
8.02583	24.0512	0	25.2207
8.02665	24.0512	0.0825083	25.2207
8.03416	24.1337	0	25.2207
8.03552	24.1749	0.0825083	25.2207
8.0428	24.2574	0	25.2207
8.05251	24.2574	0	25.3468
8.05743	24.2574	0	25.4729
8.05841	24.2987	0.0825083	25.4729
8.072	24.3812	0	25.4729
8.07316	24.4224	0.0825083	25.4729
8.0754	24.5049	0	25.4729
8.08315	24.5049	0	25.599
8.1137	24.5049	0	25.7251
8.11978	24.5049	0	25.8512
8.12134	24.5462	0.0825083	25.8512
8.13417	24.6287	0	25.8512
8.16125	24.6287	0	25.9773
8.1848	24.6287	0	26.1034
8.19082	24.6287	0	26.2295
8.21881	24.6287	0	26.3556
8.22098	24.67	0.0825083	26.3556
8.30456	24.7525	0	26.3556
8.30817	24.7525	0	26.4817
8.31029	24.7525	0.165017	26.4817
8.31256	24.835	0.0825083	26.4817
8.3138	24.9175	0	26.4817
8.31423	24.9587	0.0825083	26.4817
8.32386	25.0413	0	26.4817
8.3239	25.0825	0.0825083	26.4817
8.34871	25.165	0	26.4817
8.35808	25.165	0	26.4817
8.39073	25.165	0	26.4817
8.43898	25.165	0	26.6078
8.44161	25.2063	0.0825083	26.6078
8.51312	25.2888	0	26.6078
8.51455	25.33	0.0825083	26.6078
8.52238	25.4125	0	26.6078
8.5225	25.4538	0.0825083	26.6078
8.56694	25.5363	0	26.6078
8.57073	25.5776	0.0825083	26.6078
8.57917	25.6601	0	26.6078
8.58699	25.6601	0.0825083	26.6078
8.59916	25.7426	0	26.6078
8.60178	25.7838	0.0825083	26.6078
8.60601	25.7838	0.0825083	26.7339
8.61473	25.8663	0	26.7339
8.61501	25.9076	0.0825083	26.7339
8.64629	25.9901	0	26.7339
8.68816	25.9901	0	26.7339
8.68979	26.0314	0.0825083	26.7339
8.69375	26.1139	0	26.7339
8.69436	26.1551	0.0825083	26.7339
8.69647	26.2376	0	26.7339
8.72116	26.2376	0	26.7339
8.7228	26.2376	0.0825083	26.7339
8.78864	26.3201	0	26.7339
8.79056	26.3614	0.0825083	26.7339
8.8173	26.4439	0	26.7339
8.81765	26.4851	0.0825083	26.7339
8.82428	26.5677	0	26.7339
8.87052	26.5677	0	26.86
8.87333	26.5677	0	26.9861
8.87934	26.5677	0	27.1122
8.87948	26.6089	0.0825083	27.1122
8.92856	26.6914	0	27.1122
8.95588	26.6914	0	27.2383
8.95617	26.6914	0.165017	27.2383
8.95622	26.7739	0.0825083	27.2383
8.95915	26.8564	0	27.2383
8.96761	26.8564	0	27.3644
8.96854	26.8977	0.0825083	27.3644
8.97649	26.9802	0	27.3644
8.9795	27.0215	0.0825083	27.3644
9.00049	27.104	0	27.3644
9.05508	27.104	0	27.4905
9.11298	27.104	0	27.6166
9.114	27.1452	0.0825083	27.6166
9.13139	27.2277	0	27.6166
9.13365	27.269	0.0825083	27.6166
9.15221	27.3515	0	27.6166
9.15509	27.3515	0	27.7427
9.17615	27.3515	0	27.8689
9.18145	27.3515	0	27.995
9.18255	27.3927	0.0825083	27.995
9.18527	27.4752	0	27.995
9.18688	27.4752	0	28.1211
9.18743	27.5165	0.0825083	28.1211
9.21523	27.599	0	28.1211
9.21991	27.6403	0.0825083	28.1211
9.26756	27.7228	0	28.1211
9.26884	27.7228	0.165017	28.1211
9.27658	27.8053	0.0825083	28.1211
9.29262	27.8878	0	28.1211
9.2929	27.929	0.0825083	28.1211
9.33308	28.0116	0	28.1211
9.33505	28.0116	0.165017	28.1211
9.33629	28.0941	0.0825083	28.1211
9.36354	28.1766	0	28.1211
9.36447	28.2178	0.0825083	28.1211
9.37469	28.3003	0	28.1211
9.39086	28.3003	0	28.3733
9.39139	28.3003	0.0825083	28.3733
9.45956	28.3828	0	28.3733
9.46026	28.4241	0.0825083	28.3733
9.46954	28.5066	0	28.3733
9.47175	28.5066	0	28.4994
9.49415	28.5066	0	28.6255
9.49421	28.5066	0.165017	28.6255
9.49427	28.5066	0.330033	28.6255
9.49445	28.5891	0.247525	28.6255
9.49778	28.6716	0.165017	28.6255
9.49941	28.7541	0.0825083	28.6255
9.50311	28.7541	0.0825083	28.7516
9.53268	28.8366	0	28.7516
9.53351	28.8366	0.0825083	28.7516
9.5345	28.9191	0	28.7516
9.53522	28.9191	0.0825083	28.7516
9.55522	29.0016	0	28.7516
9.57751	29.0016	0	28.8777
9.59337	29.0016	0	28.8777
9.63549	29.0016	0	29.0038
9.63678	29.0016	0.165017	29.0038
9.63756	29.0842	0.0825083	29.0038
9.64015	29.1667	0	29.0038
9.64068	29.2079	0.0825083	29.0038
9.67455	29.2904	0	29.0038
9.67489	29.3317	0.0825083	29.0038
9.68822	29.4142	0	29.0038
9.70186	29.4142	0	29.0038
9.74159	29.4142	0	29.1299
9.75724	29.4142	0	29.256
9.76003	29.4554	0.0825083	29.256
9.76793	29.538	0	29.256
9.76915	29.5792	0.0825083	29.256
9.78651	29.6617	0	29.256
9.78664	29.6617	0.165017	29.256
9.79022	29.7442	0.0825083	29.256
9.79052	29.7855	0.165017	29.256
9.79068	29.868	0.0825083	29.256
9.79155	29.868	0.0825083	29.3821
9.79192	29.9092	0.165017	29.3821
9.79358	29.9917	0.0825083	29.3821
9.79378	29.9917	0.165017	29.3821
9.79507	30.0743	0.0825083	29.3821
9.81006	30.1568	0	29.3821
9.84396	30.1568	0	29.3821
9.90143	30.1568	0	29.6343
9.94728	30.1568	0	29.7604
9.9477	30.198	0.0825083	29.7604
9.94856	30.2393	0.165017	29.7604
9.94876	30.3218	0.0825083	29.7604
9.95277	30.4043	0	29.7604
9.97058	30.4043	0	30.0126
9.97652	30.4043	0.0825083	30.0126
10.0018	30.4868	0	30.0126
10.0048	30.4868	0	30.1387
10.0049	30.5281	0.0825083	30.1387
10.01	30.5281	0.0825083	30.2648
10.0202	30.6106	0	30.2648
10.0296	30.6106	0	30.517
10.0299	30.6518	0.0825083	30.517
10.0324	30.7343	0	30.517
10.0337	30.7343	0.165017	30.517
10.035	30.8168	0.0825083	30.517
10.0431	30.8993	0	30.517
10.0432	30.8993	0.165017	30.517
10.0436	30.9818	0.0825083	30.517
10.0456	31.0644	0	30.517
10.0461	31.0644	0.165017	30.517
10.047	31.1469	0.0825083	30.517
10.0488	31.2294	0	30.517
10.0615	31.2294	0	30.517
10.0628	31.2706	0.0825083	30.517
10.0674	31.3531	0	30.517
10.0694	31.3531	0.0825083	30.517
10.0743	31.4356	0	30.517
10.0756	31.4769	0.0825083	30.517
10.0804	31.5594	0	30.517
10.0814	31.5594	0	30.6431
10.1245	31.5594	0	30.6431
10.1271	31.6007	0.0825083	30.6431
10.1307	31.6007	0.0825083	30.7692
10.1351	31.6832	0	30.7692
10.1366	31.6832	0.165017	30.7692
10.1367	31.7657	0.0825083	30.7692
10.1367	31.7657	0.247525	30.7692
10.1371	31.8482	0.165017	30.7692
10.1411	31.9307	0.0825083	30.7692
10.1651	32.0132	0	30.7692
10.1677	32.0545	0.0825083	30.7692
10.1903	32.137	0	30.7692
10.1914	32.137	0.165017	30.7692
10.1927	32.2195	0.0825083	30.7692
10.2051	32.302	0	30.7692
10.2057	32.302	0	30.8953
10.2068	32.302	0.0825083	30.8953
10.2243	32.3845	0	30.8953
10.2258	32.4257	0.0825083	30.8953
10.25	32.5083	0	30.8953
10.253	32.5495	0.0825083	30.8953
10.2954	32.632	0	30.8953
10.3233	32.632	0	31.0214
10.3246	32.632	0	31.1475
10.3248	32.632	0.0825083	31.1475
10.3345	32.7145	0	31.1475
10.3374	32.7558	0.0825083	31.1475
10.3683	32.8383	0	31.1475
10.3695	32.8795	0.0825083	31.1475
10.3728	32.962	0	31.1475
10.3735	33.0033	0.0825083	31.1475
10.4084	33.0858	0	31.1475
10.4253	33.0858	0	31.2736
10.4983	33.0858	0	31.3997
10.5181	33.0858	0	31.5259
10.5183	33.1271	0.0825083	31.5259
10.5194	33.1271	0.0825083	31.652
10.522	33.2096	0	31.652
10.5224	33.2508	0.0825083	31.652
10.5311	33.3333	0	31.652
10.5327	33.3333	0	31.7781
10.5622	33.3333	0	31.9042
10.572	33.3333	0	32.0303
10.588	33.3333	0	32.1564
10.589	33.3333	0.165017	32.1564
10.5912	33.4158	0.0825083	32.1564
10.6047	33.4983	0	32.1564
10.6063	33.5396	0.0825083	32.1564
10.6677	33.6221	0	32.1564
10.7206	33.6221	0	32.2825
10.734	33.6221	0	32.4086
10.7344	33.6221	0.165017	32.4086
10.7345	33.7046	0.0825083	32.4086
10.7413	33.7871	0	32.4086
10.7817	33.7871	0	32.5347
10.8053	33.7871	0	32.6608
10.8053	33.7871	0.0825083	32.6608
10.8334	33.8696	0	32.6608
10.842	33.8696	0	32.7869
10.8742	33.8696	0	32.913
10.8764	33.8696	0.0825083	32.913
10.9633	33.9521	0	32.913
10.9652	33.9934	0.0825083	32.913
10.9717	34.0759	0	32.913
10.9913	34.0759	0	33.0391
11.0171	34.0759	0	33.0391
11.0205	34.1172	0.0825083	33.0391
11.0499	34.1997	0	33.0391
11.0553	34.1997	0	33.0391
11.0558	34.2409	0.0825083	33.0391
11.0704	34.3234	0	33.0391
11.073	34.3647	0.0825083	33.0391
11.0786	34.4472	0	33.0391
11.0904	34.4472	0	33.1652
11.0932	34.4472	0.0825083	33.1652
11.0969	34.5297	0	33.1652
11.0979	34.5297	0	33.2913
11.1224	34.5297	0	33.2913
11.128	34.571	0.0825083	33.2913
11.129	34.571	0.0825083	33.4174
11.1603	34.6535	0	33.4174
11.1787	34.6535	0	33.5435
11.1806	34.6947	0.0825083	33.5435
11.1941	34.7772	0	33.5435
11.2003	34.7772	0	33.6696
11.2388	34.7772	0	33.7957
11.332	34.7772	0	33.9218
11.3389	34.7772	0	34.0479
11.3595	34.7772	0	34.174
11.36	34.8185	0.0825083	34.174
11.3655	34.901	0	34.174
11.3666	34.9422	0.0825083	34.174
11.3695	35.0248	0	34.174
11.3699	35.066	0.0825083	34.174
11.3917	35.1485	0	34.174
11.3922	35.1485	0	34.3001
11.4869	35.1485	0	34.3001
11.4881	35.1485	0.165017	34.3001
11.4901	35.231	0.0825083	34.3001
11.4965	35.3135	0	34.3001
11.4969	35.3135	0.165017	34.3001
11.5005	35.396	0.0825083	34.3001
11.5036	35.4785	0	34.3001
11.5041	35.5198	0.0825083	34.3001
11.53	35.6023	0	34.3001
11.5305	35.6436	0.0825083	34.3001
11.5305	35.7261	0	34.3001
11.5384	35.7261	0	34.3001
11.553	35.7261	0	34.4262
11.5877	35.7261	0	34.5523
11.5878	35.7261	0.165017	34.5523
11.5882	35.8086	0.0825083	34.5523
11.607	35.8911	0	34.5523
11.6076	35.9323	0.0825083	34.5523
11.616	36.0149	0	34.5523
11.6167	36.0561	0.0825083	34.5523
11.6202	36.1386	0	34.5523
11.6227	36.1799	0.0825083	34.5523
11.6803	36.2624	0	34.5523
11.6805	36.2624	0.165017	34.5523
11.6822	36.2624	0.165017	34.6784
11.6856	36.3449	0.0825083	34.6784
11.728	36.4274	0	34.6784
11.7292	36.4686	0.0825083	34.6784
11.7723	36.5512	0	34.6784
11.7919	36.5512	0	34.8045
11.7921	36.5512	0.165017	34.8045
11.7947	36.6337	0.0825083	34.8045
11.8463	36.7162	0	34.8045
11.8471	36.7574	0.0825083	34.8045
11.8499	36.8399	0	34.8045
11.8527	36.8399	0.0825083	34.8045
11.8534	36.9224	0	34.8045
11.8552	36.9224	0.0825083	34.8045
11.8996	37.005	0	34.8045
11.9041	37.005	0	35.0567
11.9044	37.0462	0.0825083	35.0567
11.9048	37.1287	0	35.0567
11.9061	37.17	0.0825083	35.0567
11.9991	37.2525	0	35.0567
12.0002	37.2937	0.0825083	35.0567
12.0105	37.3762	0	35.0567
12.0115	37.3762	0.165017	35.0567
12.0116	37.4587	0.0825083	35.0567
12.0178	37.5413	0	35.0567
12.0186	37.5413	0.0825083	35.0567
12.0215	37.6238	0	35.0567
12.0273	37.6238	0	35.0567
12.0562	37.6238	0	35.1828
12.0604	37.665	0.0825083	35.1828
12.0857	37.7475	0	35.1828
12.0875	37.7475	0.165017	35.1828
12.0886	37.83	0.0825083	35.1828
12.1286	37.9125	0	35.1828
12.1298	37.9538	0.0825083	35.1828
12.1301	37.9538	0.247525	35.1828
12.132	38.0363	0.165017	35.1828
12.1324	38.1188	0.0825083	35.1828
12.1431	38.2013	0	35.1828
12.1535	38.2013	0	35.4351
12.1545	38.2426	0.0825083	35.4351
12.1737	38.3251	0	35.4351
12.1743	38.3251	0	35.5612
12.2026	38.3251	0	35.6873
12.2054	38.3663	0.0825083	35.6873
12.2175	38.4488	0	35.6873
12.2187	38.4488	0	35.8134
12.2192	38.4488	0.0825083	35.8134
12.221	38.5314	0	35.8134
12.2216	38.5726	0.0825083	35.8134
12.2668	38.6551	0	35.8134
12.267	38.6551	0	35.8134
12.2697	38.6551	0.0825083	35.8134
12.2994	38.7376	0	35.8134
12.3	38.7789	0.0825083	35.8134
12.3123	38.8614	0	35.8134
12.366	38.8614	0	35.9395
12.3669	38.8614	0.0825083	35.9395
12.3781	38.9439	0	35.9395
12.3795	38.9439	0	36.0656
12.3798	38.9851	0.0825083	36.0656
12.3799	39.0677	0	36.0656
12.3842	39.0677	0.0825083	36.0656
12.3904	39.1502	0	36.0656
12.4148	39.1502	0	36.1917
12.4527	39.1502	0	36.3178
12.4529	39.1502	0.165017	36.3178
12.4542	39.2327	0.0825083	36.3178
12.4696	39.3152	0	36.3178
12.4726	39.3152	0	36.4439
12.4775	39.3152	0	36.57
12.5215	39.3152	0	36.6961
12.5256	39.3152	0.0825083	36.6961
12.5363	39.3977	0	36.6961
12.5486	39.3977	0	36.9483
12.5673	39.3977	0	37.0744
12.6197	39.3977	0	37.3266
12.6227	39.4389	0.0825083	37.3266
12.6395	39.5215	0	37.3266
12.6407	39.5627	0.0825083	37.3266
12.6725	39.6452	0	37.3266
12.6997	39.6452	0	37.4527
12.7223	39.6452	0	37.5788
12.7226	39.6865	0.0825083	37.5788
12.7323	39.769	0	37.5788
12.7342	39.769	0	37.5788
12.7358	39.8102	0.0825083	37.5788
12.7375	39.8515	0.165017	37.5788
12.7399	39.934	0.0825083	37.5788
12.769	40.0165	0	37.5788
12.8211	40.0165	0	37.7049
12.8532	40.0165	0	37.831
12.8547	40.0578	0.0825083	37.831
12.8904	40.1403	0	37.831
12.8955	40.1403	0	37.9571
12.9173	40.1403	0	38.0832
12.9187	40.1815	0.0825083	38.0832
12.931	40.264	0	38.0832
12.9312	40.3053	0.0825083	38.0832
12.9511	40.3878	0	38.0832
12.9533	40.429	0.0825083	38.0832
12.9647	40.5116	0	38.0832
12.9923	40.5116	0	38.2093
12.994	40.5116	0	38.3354
12.9945	40.5528	0.0825083	38.3354
13.0108	40.6353	0	38.3354
13.013	40.6766	0.0825083	38.3354
13.0635	40.7591	0	38.3354
13.0641	40.8003	0.0825083	38.3354
13.1145	40.8828	0	38.3354
13.1149	40.8828	0	38.4615
13.1206	40.8828	0	38.5876
13.1248	40.8828	0	38.7137
13.1292	40.8828	0.0825083	38.7137
13.1441	40.9653	0	38.7137
13.1442	40.9653	0.165017	38.7137
13.1573	41.0479	0.0825083	38.7137
13.1621	41.1304	0	38.7137
13.1621	41.1716	0.0825083	38.7137
13.1783	41.2541	0	38.7137
13.1995	41.2541	0	38.8398
13.2011	41.2541	0.0825083	38.8398
13.2173	41.3366	0	38.8398
13.228	41.3366	0	38.966
13.2284	41.3779	0.0825083	38.966
13.2643	41.4604	0	38.966
13.3168	41.4604	0	39.0921
13.3441	41.4604	0	39.2182
13.3556	41.4604	0	39.3443
13.3813	41.4604	0	39.4704
13.4792	41.4604	0	39.7226
13.4836	41.5017	0.0825083	39.7226
13.4925	41.5842	0	39.7226
13.4993	41.5842	0	39.8487
13.5005	41.6254	0.0825083	39.8487
13.5042	41.7079	0	39.8487
13.5428	41.7079	0	40.1009
13.5444	41.7079	0	40.227
13.5818	41.7079	0	40.227
13.5844	41.7492	0.0825083	40.227
13.5988	41.8317	0	40.227
13.6005	41.8317	0	40.3531
13.6284	41.8317	0	40.4792
13.6483	41.8317	0	40.6053
13.6754	41.8317	0	40.7314
13.6988	41.8317	0	40.9836
13.7012	41.8729	0.0825083	40.9836
13.7084	41.9554	0	40.9836
13.7785	41.9554	0	41.1097
13.8093	41.9554	0	41.2358
13.8142	41.9554	0.0825083	41.2358
13.8523	42.038	0	41.2358
13.855	42.038	0	41.3619
13.8557	42.038	0.0825083	41.3619
13.8705	42.1205	0	41.3619
13.8721	42.1205	0	41.488
13.9108	42.1205	0	41.6141
13.9734	42.1205	0	41.7402
14.0187	42.1205	0	41.8663
14.0444	42.1205	0	41.8663
14.0728	42.1205	0	41.9924
14.0765	42.1205	0	42.1185
14.0769	42.1617	0.0825083	42.1185
14.1134	42.2442	0	42.1185
14.1416	42.2442	0	42.2446
14.1451	42.2855	0.0825083	42.2446
14.1496	42.368	0	42.2446
14.1757	42.368	0	42.3707
14.1791	42.4092	0.0825083	42.3707
14.2521	42.4917	0	42.3707
14.2742	42.4917	0	42.4968
14.2745	42.533	0.0825083	42.4968
14.309	42.6155	0	42.4968
14.3198	42.6155	0	42.4968
14.3993	42.6155	0	42.623
14.4015	42.6155	0.165017	42.623
14.402	42.698	0.0825083	42.623
14.4449	42.7805	0	42.623
14.5186	42.7805	0	42.7491
14.5186	42.8218	0.0825083	42.7491
14.5752	42.9043	0	42.7491
14.5761	42.9455	0.0825083	42.7491
14.5912	43.0281	0	42.7491
14.5959	43.0693	0.0825083	42.7491
14.6938	43.1518	0	42.7491
14.7584	43.1518	0	42.8752
14.7792	43.1518	0	43.0013
14.7815	43.1931	0.0825083	43.0013
14.7896	43.2756	0	43.0013
14.793	43.3168	0.0825083	43.0013
14.7962	43.3168	0.0825083	43.1274
14.8497	43.3993	0	43.1274
14.8523	43.3993	0.0825083	43.1274
14.9326	43.4818	0	43.1274
14.9453	43.4818	0	43.2535
14.9496	43.5231	0.0825083	43.2535
14.9618	43.6056	0	43.2535
14.9995	43.6056	0	43.3796
15.0151	43.6056	0	43.5057
15.0163	43.6469	0.0825083	43.5057
15.028	43.7294	0	43.5057
15.0722	43.7294	0	43.7579
15.0742	43.7706	0.0825083	43.7579
15.104	43.8531	0	43.7579
15.1611	43.8531	0	43.884
15.164	43.8944	0.0825083	43.884
15.1836	43.9769	0	43.884
15.1957	44.0182	0.0825083	43.884
15.2398	44.1007	0	43.884
15.2401	44.1007	0.165017	43.884
15.2428	44.1832	0.0825083	43.884
15.2504	44.2657	0	43.884
15.2505	44.2657	0.165017	43.884
15.255	44.3482	0.0825083	43.884
15.3011	44.4307	0	43.884
15.3016	44.4719	0.0825083	43.884
15.3283	44.5545	0	43.884
15.3289	44.5545	0.165017	43.884
15.3341	44.637	0.0825083	43.884
15.3462	44.7195	0	43.884
15.3678	44.7195	0	44.0101
15.3678	44.7607	0.0825083	44.0101
15.4132	44.8432	0	44.0101
15.4143	44.8845	0.0825083	44.0101
15.429	44.967	0	44.0101
15.4294	44.967	0.165017	44.0101
15.4295	45.0495	0.0825083	44.0101
15.4426	45.132	0	44.0101
15.4611	45.132	0	44.1362
15.4666	45.132	0	44.3884
15.4666	45.1733	0.0825083	44.3884
15.5029	45.2558	0	44.3884
15.5068	45.297	0.0825083	44.3884
15.5084	45.3795	0	44.3884
15.5095	45.4208	0.0825083	44.3884
15.5434	45.5033	0	44.3884
15.5931	45.5033	0	44.5145
15.5933	45.5033	0.165017	44.5145
15.5961	45.5858	0.0825083	44.5145
15.6415	45.6683	0	44.5145
15.6803	45.6683	0	44.6406
15.7104	45.6683	0	44.7667
15.7149	45.6683	0	44.8928
15.9539	45.6683	0	45.0189
16.0706	45.6683	0	45.145
16.072	45.7096	0.0825083	45.145
16.1174	45.7921	0	45.145
16.1178	45.7921	0.165017	45.145
16.1206	45.8746	0.0825083	45.145
16.1369	45.9571	0	45.145
16.1727	45.9571	0	45.2711
16.1804	45.9571	0	45.5233
16.1841	45.9983	0.0825083	45.5233
16.1981	46.0809	0	45.5233
16.2007	46.1221	0.0825083	45.5233
16.2133	46.2046	0	45.5233
16.2238	46.2459	0.0825083	45.5233
16.2276	46.3284	0	45.5233
16.2302	46.3284	0.165017	45.5233
16.2329	46.4109	0.0825083	45.5233
16.2694	46.4934	0	45.5233
16.2694	46.5347	0.0825083	45.5233
16.2737	46.6172	0	45.5233
16.2771	46.6584	0.0825083	45.5233
16.3063	46.7409	0	45.5233
16.3185	46.7409	0	45.6494
16.3193	46.7409	0	45.7755
16.3215	46.7822	0.0825083	45.7755
16.3485	46.8647	0	45.7755
16.3521	46.9059	0.0825083	45.7755
16.3526	46.9059	0.0825083	45.9016
16.3572	46.9884	0	45.9016
16.361	47.0297	0.0825083	45.9016
16.3612	47.1122	0	45.9016
16.408	47.1122	0	46.0277
16.4213	47.1122	0	46.1538
16.4563	47.1122	0	46.2799
16.457	47.1122	0.165017	46.2799
16.4586	47.1947	0.0825083	46.2799
16.4868	47.2772	0	46.2799
16.5346	47.2772	0	46.4061
16.538	47.3185	0.0825083	46.4061
16.5484	47.401	0	46.4061
16.5961	47.401	0	46.5322
16.5984	47.401	0.165017	46.5322
16.5989	47.4835	0.0825083	46.5322
16.6147	47.566	0	46.5322
16.6399	47.566	0	46.6583
16.6585	47.566	0	46.7844
16.7155	47.566	0	46.7844
16.7799	47.566	0	47.0366
16.7898	47.566	0	47.1627
16.7901	47.6073	0.0825083	47.1627
16.7907	47.6073	0.247525	47.1627
16.7908	47.6898	0.165017	47.1627
16.7999	47.7723	0.0825083	47.1627
16.8039	47.8548	0	47.1627
16.805	47.8548	0	47.2888
16.8087	47.8548	0	47.4149
16.8094	47.8548	0.165017	47.4149
16.8123	47.9373	0.0825083	47.4149
16.8196	48.0198	0	47.4149
16.821	48.0611	0.0825083	47.4149
16.822	48.1436	0	47.4149
16.8235	48.1848	0.0825083	47.4149
16.8462	48.2673	0	47.4149
16.8846	48.2673	0	47.6671
16.8898	48.2673	0.0825083	47.6671
16.8987	48.3498	0	47.6671
16.8988	48.3498	0.165017	47.6671
16.9003	48.4323	0.0825083	47.6671
16.9081	48.5149	0	47.6671
16.9412	48.5149	0	47.7932
16.9432	48.5561	0.0825083	47.7932
16.9623	48.6386	0	47.7932
16.9631	48.6799	0.0825083	47.7932
16.9984	48.7624	0	47.7932
17.0065	48.7624	0	47.9193
17.048	48.7624	0	48.0454
17.0872	48.7624	0	48.0454
17.094	48.7624	0	48.1715
17.1372	48.7624	0	48.2976
17.14	48.7624	0.0825083	48.2976
17.1712	48.8449	0	48.2976
17.1754	48.8449	0.165017	48.2976
17.1758	48.9274	0.0825083	48.2976
17.1876	49.0099	0	48.2976
17.194	49.0099	0.0825083	48.2976
17.2161	49.0924	0	48.2976
17.222	49.0924	0	48.5498
17.2354	49.0924	0	48.6759
17.2524	49.0924	0	48.802
17.2553	49.1337	0.0825083	48.802
17.324	49.2162	0	48.802
17.3242	49.2162	0.165017	48.802
17.3272	49.2987	0.0825083	48.802
17.4291	49.3812	0	48.802
17.4336	49.4224	0.0825083	48.802
17.4445	49.505	0	48.802
17.4497	49.5462	0.0825083	48.802
17.4689	49.6287	0	48.802
17.4987	49.6287	0	48.9281
17.5522	49.6287	0	49.0542
17.5542	49.6287	0	49.1803
17.6098	49.6287	0	49.4325
17.6318	49.6287	0	49.6847
17.6324	49.67	0.0825083	49.6847
17.6471	49.7525	0	49.6847
17.6575	49.7525	0	49.8108
17.6596	49.7937	0.0825083	49.8108
17.6626	49.8762	0	49.8108
17.6643	49.8762	0.0825083	49.8108
17.6651	49.8762	0.0825083	49.9369
17.68	49.9587	0	49.9369
17.6805	49.9587	0	50.0631
17.711	49.9587	0	50.1892
17.7387	49.9587	0	50.3153
17.7517	49.9587	0	50.4414
17.752	50	0.0825083	50.4414
17.8094	50.0825	0	50.4414
17.8967	50.0825	0	50.4414
17.9165	50.0825	0	50.5675
17.9174	50.0825	0.165017	50.5675
17.9244	50.165	0.0825083	50.5675
17.9264	50.2063	0.165017	50.5675
17.9276	50.2888	0.0825083	50.5675
17.9395	50.3713	0	50.5675
17.9397	50.4125	0.0825083	50.5675
17.995	50.495	0	50.5675
17.9953	50.5363	0.0825083	50.5675
18.0032	50.6188	0	50.5675
18.0038	50.6188	0.0825083	50.5675
18.0419	50.7013	0	50.5675
18.0445	50.7013	0	50.6936
18.0638	50.7013	0	50.8197
18.0695	50.7426	0.0825083	50.8197
18.1147	50.8251	0	50.8197
18.1673	50.8251	0	50.9458
18.1693	50.8663	0.0825083	50.9458
18.2163	50.9488	0	50.9458
18.2165	50.9901	0.0825083	50.9458
18.2263	51.0726	0	50.9458
18.2298	51.0726	0	51.0719
18.2486	51.0726	0	51.3241
18.2489	51.1139	0.0825083	51.3241
18.2491	51.1964	0	51.3241
18.2504	51.1964	0.165017	51.3241
18.2514	51.2789	0.0825083	51.3241
18.3257	51.3614	0	51.3241
18.3281	51.4026	0.0825083	51.3241
18.3573	51.4851	0	51.3241
18.3748	51.4851	0	51.4502
18.3849	51.4851	0	51.5763
18.4414	51.4851	0	51.8285
18.4454	51.5264	0.0825083	51.8285
18.4606	51.6089	0	51.8285
18.4659	51.6089	0.0825083	51.8285
18.4996	51.6914	0	51.8285
18.5032	51.7327	0.0825083	51.8285
18.509	51.8152	0	51.8285
18.5142	51.8152	0	51.9546
18.5461	51.8152	0	52.0807
18.5464	51.8564	0.0825083	52.0807
18.5466	51.8977	0.165017	52.0807
18.5473	51.9802	0.0825083	52.0807
18.5619	52.0627	0	52.0807
18.5834	52.0627	0	52.2068
18.5846	52.104	0.0825083	52.2068
18.5926	52.1865	0	52.2068
18.6421	52.1865	0	52.459
18.6441	52.2277	0.0825083	52.459
18.6841	52.3102	0	52.459
18.6893	52.3102	0	52.5851
18.6912	52.3515	0.0825083	52.5851
18.7122	52.434	0	52.5851
18.7813	52.434	0	52.7112
18.7859	52.4752	0.0825083	52.7112
18.8401	52.5578	0	52.7112
18.8438	52.5578	0.165017	52.7112
18.846	52.6403	0.0825083	52.7112
18.8478	52.7228	0	52.7112
18.8479	52.7228	0.165017	52.7112
18.8499	52.8053	0.0825083	52.7112
18.8509	52.8053	0.0825083	52.8373
18.9308	52.8878	0	52.8373
18.9332	52.929	0.0825083	52.8373
18.937	53.0116	0	52.8373
19.0163	53.0116	0	52.9634
19.0163	53.0528	0.0825083	52.9634
19.0208	53.1353	0	52.9634
19.0515	53.1353	0	53.0895
19.0905	53.1353	0	53.3417
19.1124	53.1353	0	53.4678
19.1266	53.1353	0	53.5939
19.1319	53.1353	0	53.5939
19.1347	53.1766	0.0825083	53.5939
19.215	53.2591	0	53.5939
19.2439	53.2591	0	53.7201
19.28	53.2591	0	53.9723
19.2989	53.2591	0	54.0984
19.3121	53.2591	0	54.2245
19.3124	53.3003	0.0825083	54.2245
19.3496	53.3828	0	54.2245
19.3503	53.3828	0.0825083	54.2245
19.4028	53.4653	0	54.2245
19.4053	53.5066	0.0825083	54.2245
19.4208	53.5891	0	54.2245
19.423	53.6304	0.0825083	54.2245
19.4712	53.7129	0	54.2245
19.5312	53.7129	0	54.4767
19.546	53.7129	0	54.6028
19.5473	53.7541	0.0825083	54.6028
19.5477	53.8366	0	54.6028
19.5493	53.8366	0.0825083	54.6028
19.5717	53.9191	0	54.6028
19.5725	53.9604	0.0825083	54.6028
19.5789	54.0429	0	54.6028
19.5904	54.0429	0	54.7289
19.5912	54.0429	0.165017	54.7289
19.5948	54.1254	0.0825083	54.7289
19.6196	54.2079	0	54.7289
19.62	54.2079	0.165017	54.7289
19.6203	54.2904	0.0825083	54.7289
19.6473	54.3729	0	54.7289
19.6512	54.3729	0	54.855
19.6523	54.4142	0.0825083	54.855
19.7043	54.4967	0	54.855
19.7101	54.4967	0	54.9811
19.7104	54.538	0.0825083	54.9811
19.7743	54.6205	0	54.9811
19.8807	54.6205	0	55.1072
19.892	54.6205	0	55.2333
19.9078	54.6205	0	55.3594
19.9554	54.6205	0	55.4855
19.9623	54.6205	0	55.7377
19.9676	54.6205	0.0825083	55.7377
19.9938	54.703	0	55.7377
19.9983	54.7442	0.0825083	55.7377
20.0285	54.8267	0	55.7377
20.0294	54.868	0.0825083	55.7377
20.0321	54.9505	0	55.7377
20.0337	54.9505	0.0825083	55.7377
20.0693	55.033	0	55.7377
20.0723	55.0743	0.0825083	55.7377
20.1604	55.1568	0	55.7377
20.1606	55.1568	0.165017	55.7377
20.161	55.2393	0.0825083	55.7377
20.1743	55.3218	0	55.7377
20.1754	55.363	0.0825083	55.7377
20.1834	55.4455	0	55.7377
20.1884	55.4455	0	55.9899
20.1892	55.4868	0.0825083	55.9899
20.1899	55.4868	0.0825083	56.116
20.3703	55.5693	0	56.116
20.3768	55.5693	0	56.3682
20.3798	55.5693	0.0825083	56.3682
20.4434	55.6518	0	56.3682
20.4525	55.6518	0	56.6204
20.4564	55.6518	0	56.7465
20.4764	55.6518	0	56.9987
20.4784	55.6931	0.0825083	56.9987
20.579	55.7756	0	56.9987
20.6378	55.7756	0	57.1248
20.6407	55.7756	0	57.2509
20.6414	55.7756	0.0825083	57.2509
20.6652	55.8581	0	57.2509
20.6853	55.8581	0	57.377
20.687	55.8993	0.0825083	57.377
20.7004	55.9818	0	57.377
20.7386	55.9818	0	57.5032
20.7399	56.0231	0.0825083	57.5032
20.7511	56.1056	0	57.5032
20.8031	56.1056	0	57.6293
20.8262	56.1056	0	57.6293
20.8263	56.1469	0.0825083	57.6293
20.8798	56.2294	0	57.6293
20.8866	56.2294	0	57.7554
20.8883	56.2706	0.0825083	57.7554
20.914	56.3531	0	57.7554
20.9147	56.3944	0.0825083	57.7554
20.9196	56.4769	0	57.7554
20.9202	56.5182	0.0825083	57.7554
20.9303	56.6007	0	57.7554
20.9334	56.6419	0.0825083	57.7554
20.9625	56.7244	0	57.7554
20.9625	56.7244	0.165017	57.7554
20.9629	56.8069	0.0825083	57.7554
20.9791	56.8894	0	57.7554
20.9801	56.8894	0.165017	57.7554
20.9829	56.9719	0.0825083	57.7554
20.9932	57.0545	0	57.7554
20.9943	57.0957	0.0825083	57.7554
21.0082	57.1782	0	57.7554
21.0104	57.2195	0.0825083	57.7554
21.0165	57.302	0	57.7554
21.032	57.302	0	57.8815
21.0325	57.3432	0.0825083	57.8815
21.0662	57.4257	0	57.8815
21.116	57.4257	0	58.0076
21.1474	57.4257	0	58.1337
21.1911	57.4257	0	58.2598
21.1914	57.4257	0.165017	58.2598
21.1947	57.5083	0.0825083	58.2598
21.2303	57.5908	0	58.2598
21.2309	57.5908	0.0825083	58.2598
21.2317	57.6733	0	58.2598
21.2432	57.6733	0	58.512
21.2432	57.6733	0.165017	58.512
21.2437	57.7558	0.0825083	58.512
21.2459	57.8383	0	58.512
21.2464	57.8383	0.0825083	58.512
21.2743	57.9208	0	58.512
21.2747	57.9208	0.165017	58.512
21.2775	58.0033	0.0825083	58.512
21.3126	58.0858	0	58.512
21.3297	58.0858	0	58.6381
21.4219	58.0858	0	58.7642
21.509	58.0858	0	58.8903
21.5095	58.1271	0.0825083	58.8903
21.5207	58.2096	0	58.8903
21.521	58.2096	0.0825083	58.8903
21.5221	58.2096	0.165017	58.8903
21.526	58.2921	0.0825083	58.8903
21.5363	58.3746	0	58.8903
21.537	58.3746	0.165017	58.8903
21.5373	58.4571	0.0825083	58.8903
21.543	58.5396	0	58.8903
21.5447	58.5396	0.0825083	58.8903
21.5466	58.6221	0	58.8903
21.557	58.6221	0	59.1425
21.5587	58.6221	0.0825083	59.1425
21.5674	58.7046	0	59.1425
21.5699	58.7459	0.0825083	59.1425
21.5728	58.8284	0	59.1425
21.6865	58.8284	0	59.1425
21.7016	58.8284	0	59.3947
21.7021	58.8696	0.0825083	59.3947
21.749	58.9521	0	59.3947
21.7494	58.9521	0.0825083	59.3947
21.7625	59.0347	0	59.3947
21.7629	59.0347	0.0825083	59.3947
21.8366	59.1172	0	59.3947
21.8514	59.1172	0	59.5208
21.8516	59.1172	0.165017	59.5208
21.852	59.1997	0.0825083	59.5208
21.8899	59.2822	0	59.5208
21.9371	59.2822	0	59.6469
21.9382	59.2822	0.165017	59.6469
21.9386	59.3647	0.0825083	59.6469
21.9436	59.3647	0.0825083	59.773
22.0151	59.4472	0	59.773
22.091	59.4472	0	60.0252
22.0922	59.4884	0.0825083	60.0252
22.1067	59.571	0	60.0252
22.1074	59.6122	0.0825083	60.0252
22.1076	59.6535	0.165017	60.0252
22.1081	59.736	0.0825083	60.0252
22.128	59.8185	0	60.0252
22.1299	59.8597	0.0825083	60.0252
22.1807	59.9422	0	60.0252
22.2352	59.9422	0	60.1513
22.2424	59.9835	0.0825083	60.1513
22.2698	60.066	0	60.1513
22.283	60.066	0	60.2774
22.2841	60.066	0.165017	60.2774
22.2859	60.1485	0.0825083	60.2774
22.2934	60.231	0	60.2774
22.2939	60.231	0.165017	60.2774
22.2942	60.3135	0.0825083	60.2774
22.3411	60.396	0	60.2774
22.3428	60.4373	0.0825083	60.2774
22.3492	60.5198	0	60.2774
22.3496	60.5198	0.0825083	60.2774
22.3822	60.6023	0	60.2774
22.3841	60.6436	0.0825083	60.2774
22.3935	60.7261	0	60.2774
22.4098	60.7261	0	60.4035
22.41	60.7673	0.0825083	60.4035
22.5764	60.8498	0	60.4035
22.7191	60.8498	0	60.5296
22.7194	60.8911	0.0825083	60.5296
22.72	60.9736	0	60.5296
22.7209	60.9736	0.165017	60.5296
22.723	61.0561	0.0825083	60.5296
22.7399	61.1386	0	60.5296
22.7411	61.1386	0.165017	60.5296
22.7424	61.2211	0.0825083	60.5296
22.7469	61.3036	0	60.5296
22.7483	61.3449	0.0825083	60.5296
22.7592	61.4274	0	60.5296
22.7921	61.4274	0	60.6557
22.8932	61.4274	0	60.7818
22.895	61.4686	0.0825083	60.7818
22.897	61.5512	0	60.7818
22.8986	61.5924	0.0825083	60.7818
22.9075	61.6749	0	60.7818
22.9081	61.6749	0.0825083	60.7818
22.9333	61.7574	0	60.7818
22.9343	61.7574	0.165017	60.7818
22.9351	61.8399	0.0825083	60.7818
22.9481	61.9224	0	60.7818
22.9584	61.9224	0	60.9079
22.9687	61.9224	0	61.034
22.9693	61.9637	0.0825083	61.034
22.9947	62.0462	0	61.034
22.9975	62.0462	0	61.1602
23.0002	62.0875	0.0825083	61.1602
23.0741	62.17	0	61.1602
23.075	62.2112	0.0825083	61.1602
23.1162	62.2937	0	61.1602
23.1194	62.2937	0.0825083	61.1602
23.132	62.3762	0	61.1602
23.1324	62.3762	0.165017	61.1602
23.1346	62.4587	0.0825083	61.1602
23.1559	62.5413	0	61.1602
23.158	62.5413	0	61.4124
23.1594	62.5825	0.0825083	61.4124
23.1945	62.665	0	61.4124
23.232	62.665	0	61.6646
23.2349	62.7063	0.0825083	61.6646
23.2405	62.7888	0	61.6646
23.2421	62.83	0.0825083	61.6646
23.2968	62.9125	0	61.6646
23.3332	62.9125	0	61.7907
23.3355	62.9538	0.0825083	61.7907
23.3503	63.0363	0	61.7907
23.3556	63.0776	0.0825083	61.7907
23.3571	63.1188	0.165017	61.7907
23.3615	63.2013	0.0825083	61.7907
23.4027	63.2838	0	61.7907
23.403	63.3251	0.0825083	61.7907
23.4794	63.4076	0	61.7907
23.4795	63.4488	0.0825083	61.7907
23.5392	63.5314	0	61.7907
23.7115	63.5314	0	61.9168
23.7405	63.5314	0	62.0429
23.7405	63.5726	0.0825083	62.0429
23.7559	63.6551	0	62.0429
23.7718	63.6551	0	62.169
23.7726	63.6551	0.165017	62.169
23.7766	63.7376	0.0825083	62.169
23.9128	63.8201	0	62.169
23.9134	63.8614	0.0825083	62.169
24.0101	63.9439	0	62.169
24.0488	63.9439	0	62.2951
24.056	63.9439	0	62.4212
24.1002	63.9439	0	62.5473
24.1219	63.9439	0	62.6734
24.1427	63.9439	0	62.7995
24.1447	63.9851	0.0825083	62.7995
24.1675	64.0677	0	62.7995
24.2132	64.0677	0	63.0517
24.2525	64.0677	0	63.3039
24.2844	64.0677	0	63.43
24.3483	64.0677	0	63.6822
24.3522	64.1089	0.0825083	63.6822
24.4157	64.1914	0	63.6822
24.5645	64.1914	0	63.8083
24.6184	64.1914	0	63.9344
24.6186	64.2327	0.0825083	63.9344
24.6664	64.3152	0	63.9344
24.6665	64.3152	0.165017	63.9344
24.6672	64.3977	0.0825083	63.9344
24.7505	64.4802	0	63.9344
24.7783	64.4802	0	64.1866
24.7812	64.4802	0.165017	64.1866
24.7831	64.5627	0.0825083	64.1866
24.8548	64.6452	0	64.1866
24.88	64.6452	0	64.4388
24.8831	64.6865	0.0825083	64.4388
24.8832	64.7277	0.165017	64.4388
24.8837	64.8102	0.0825083	64.4388
24.9568	64.8927	0	64.4388
24.9776	64.8927	0	64.5649
24.9792	64.934	0.0825083	64.5649
25.0049	65.0165	0	64.5649
25.0188	65.0165	0	64.691
25.0228	65.0578	0.0825083	64.691
25.1243	65.1403	0	64.691
25.1535	65.1403	0	64.8171
25.2198	65.1403	0	65.0694
25.2201	65.1815	0.0825083	65.0694
25.2592	65.264	0	65.0694
25.2622	65.3053	0.0825083	65.0694
25.2812	65.3878	0	65.0694
25.2816	65.3878	0.165017	65.0694
25.2829	65.4703	0.0825083	65.0694
25.4672	65.5528	0	65.0694
25.4723	65.5528	0	65.3216
25.4776	65.5528	0	65.4477
25.6128	65.5528	0	65.6999
25.6153	65.5941	0.0825083	65.6999
25.6842	65.6766	0	65.6999
25.6865	65.7178	0.0825083	65.6999
25.6898	65.8003	0	65.6999
25.694	65.8416	0.0825083	65.6999
25.7621	65.9241	0	65.6999
25.7765	65.9241	0	65.9521
25.7776	65.9241	0.0825083	65.9521
25.8389	66.0066	0	65.9521
25.8444	66.0066	0	66.0782
25.8481	66.0066	0.165017	66.0782
25.8498	66.0891	0.0825083	66.0782
25.9072	66.1716	0	66.0782
25.9412	66.1716	0	66.2043
25.9426	66.1716	0.0825083	66.2043
25.9565	66.2541	0	66.2043
25.9869	66.2541	0	66.3304
26.005	66.2541	0	66.4565
26.0137	66.2541	0	66.7087
26.0145	66.2541	0.165017	66.7087
26.0148	66.3366	0.0825083	66.7087
26.0179	66.4191	0	66.7087
26.068	66.4191	0	66.8348
26.0691	66.4604	0.0825083	66.8348
26.0737	66.5429	0	66.8348
26.074	66.5429	0.165017	66.8348
26.0741	66.6254	0.0825083	66.8348
26.0925	66.7079	0	66.8348
26.0929	66.7492	0.0825083	66.8348
26.1013	66.8317	0	66.8348
26.1977	66.8317	0	66.9609
26.2094	66.8317	0	67.087
26.2136	66.8729	0.0825083	67.087
26.2191	66.9554	0	67.087
26.2329	66.9554	0	67.3392
26.2531	66.9554	0	67.4653
26.254	66.9967	0.0825083	67.4653
26.2985	67.0792	0	67.4653
26.299	67.0792	0.165017	67.4653
26.2996	67.1617	0.0825083	67.4653
26.3885	67.2442	0	67.4653
26.3888	67.2442	0.165017	67.4653
26.3888	67.3267	0.0825083	67.4653
26.4287	67.4092	0	67.4653
26.429	67.4505	0.0825083	67.4653
26.5115	67.533	0	67.4653
26.5141	67.533	0	67.7175
26.5146	67.5743	0.0825083	67.7175
26.5149	67.5743	0.0825083	67.8436
26.5184	67.6568	0	67.8436
26.5189	67.698	0.0825083	67.8436
26.5245	67.7805	0	67.8436
26.5248	67.8218	0.0825083	67.8436
26.5815	67.9043	0	67.8436
26.5816	67.9043	0.0825083	67.8436
26.6528	67.9868	0	67.8436
26.7276	67.9868	0	67.9697
26.7388	67.9868	0	68.2219
26.8037	67.9868	0	68.4742
26.8038	68.0281	0.0825083	68.4742
26.8735	68.1106	0	68.4742
26.9478	68.1106	0	68.7264
26.9758	68.1106	0	68.8525
26.9807	68.1518	0.0825083	68.8525
27.0095	68.2343	0	68.8525
27.0101	68.2756	0.0825083	68.8525
27.0695	68.3581	0	68.8525
27.0725	68.3581	0.165017	68.8525
27.0738	68.4406	0.0825083	68.8525
27.0748	68.5231	0	68.8525
27.1148	68.5231	0	68.9786
27.19	68.5231	0	69.1047
27.1924	68.5644	0.0825083	69.1047
27.1956	68.6469	0	69.1047
27.2604	68.6469	0	69.3569
27.279	68.6469	0	69.483
27.2801	68.6881	0.0825083	69.483
27.3252	68.7706	0	69.483
27.4307	68.7706	0	69.6091
27.4317	68.8119	0.0825083	69.6091
27.4658	68.8944	0	69.6091
27.4669	68.8944	0.165017	69.6091
27.4674	68.9769	0.0825083	69.6091
27.4834	69.0594	0	69.6091
27.4899	69.0594	0	69.7352
27.5267	69.0594	0	69.8613
27.6668	69.0594	0	69.9874
27.6691	69.0594	0	70.1135
27.6692	69.0594	0.165017	70.1135
27.6696	69.1419	0.0825083	70.1135
27.7649	69.2244	0	70.1135
27.834	69.2244	0	70.2396
27.8541	69.2244	0	70.3657
27.8682	69.2244	0	70.4918
27.8708	69.2244	0.0825083	70.4918
27.9014	69.3069	0	70.4918
27.902	69.3069	0.165017	70.4918
27.9035	69.3894	0.0825083	70.4918
27.9806	69.4719	0	70.4918
28.1394	69.4719	0	70.744
28.1398	69.5132	0.0825083	70.744
28.1526	69.5957	0	70.744
28.1528	69.637	0.0825083	70.744
28.1619	69.7195	0	70.744
28.2924	69.7195	0	70.8701
28.2943	69.7195	0.0825083	70.8701
28.2998	69.802	0	70.8701
28.3333	69.802	0	71.1223
28.3375	69.8432	0.0825083	71.1223
28.3509	69.9257	0	71.1223
28.3518	69.967	0.0825083	71.1223
28.3725	70.0495	0	71.1223
28.3889	70.0495	0	71.2484
28.3895	70.0495	0.165017	71.2484
28.3895	70.132	0.0825083	71.2484
28.4569	70.2145	0	71.2484
28.4573	70.2558	0.0825083	71.2484
28.6104	70.3383	0	71.2484
28.6124	70.3383	0	71.3745
28.69	70.3383	0	71.6267
28.6967	70.3383	0	71.7528
28.7308	70.3383	0	71.8789
28.7357	70.3795	0.0825083	71.8789
28.7549	70.462	0	71.8789
28.7791	70.462	0	72.005
28.7792	70.5033	0.0825083	72.005
28.7846	70.5858	0	72.005
28.9146	70.5858	0	72.2572
28.9967	70.5858	0	72.3834
29.0399	70.5858	0	72.6356
29.1882	70.5858	0	72.7617
29.1912	70.5858	0.0825083	72.7617
29.2163	70.6683	0	72.7617
29.2163	70.7096	0.0825083	72.7617
29.2602	70.7921	0	72.7617
29.3197	70.7921	0	73.0139
29.3202	70.7921	0.165017	73.0139
29.3202	70.8746	0.0825083	73.0139
29.3557	70.9571	0	73.0139
29.3579	70.9984	0.0825083	73.0139
29.3656	71.0809	0	73.0139
29.4572	71.0809	0	73.2661
29.4677	71.0809	0	73.5183
29.4776	71.0809	0	73.6444
29.6714	71.0809	0	73.7705
29.6744	71.1221	0.0825083	73.7705
29.6992	71.2046	0	73.7705
29.7014	71.2459	0.0825083	73.7705
29.7453	71.3284	0	73.7705
29.7483	71.3696	0.0825083	73.7705
29.7587	71.4521	0	73.7705
29.7593	71.4934	0.0825083	73.7705
29.7849	71.5759	0	73.7705
29.7902	71.6172	0.0825083	73.7705
29.8159	71.6997	0	73.7705
29.8664	71.6997	0	73.8966
29.8766	71.6997	0	74.0227
29.8786	71.6997	0.0825083	74.0227
29.8875	71.7822	0	74.0227
30.0032	71.7822	0	74.1488
30.0071	71.8234	0.0825083	74.1488
30.0449	71.9059	0	74.1488
30.0587	71.9059	0	74.2749
30.0591	71.9059	0.165017	74.2749
30.0597	71.9884	0.0825083	74.2749
30.0707	72.071	0	74.2749
30.1497	72.071	0	74.401
30.1532	72.1122	0.0825083	74.401
30.155	72.1947	0	74.401
30.1567	72.1947	0.165017	74.401
30.1583	72.2772	0.0825083	74.401
30.181	72.3597	0	74.401
30.2065	72.3597	0	74.5271
30.2065	72.401	0.0825083	74.5271
30.3107	72.4835	0	74.5271
30.3127	72.4835	0.165017	74.5271
30.3131	72.566	0.0825083	74.5271
30.3223	72.6485	0	74.5271
30.3231	72.6898	0.0825083	74.5271
30.3486	72.7723	0	74.5271
30.3487	72.8135	0.0825083	74.5271
30.5086	72.896	0	74.5271
30.5087	72.9373	0.0825083	74.5271
30.5346	73.0198	0	74.5271
30.5385	73.0611	0.0825083	74.5271
30.7164	73.1436	0	74.5271
30.7185	73.1848	0.0825083	74.5271
30.7561	73.2673	0	74.5271
30.8257	73.2673	0	74.7793
30.8606	73.2673	0	75.0315
30.8666	73.2673	0	75.1576
30.8682	73.3086	0.0825083	75.1576
30.8722	73.3911	0	75.1576
30.8728	73.3911	0.165017	75.1576
30.8756	73.4736	0.0825083	75.1576
30.9236	73.5561	0	75.1576
30.9807	73.5561	0	75.2837
30.9809	73.5561	0.165017	75.2837
30.9812	73.6386	0.0825083	75.2837
31.058	73.7211	0	75.2837
31.0596	73.7624	0.0825083	75.2837
31.086	73.8449	0	75.2837
31.0866	73.8861	0.0825083	75.2837
31.1628	73.9686	0	75.2837
31.1645	74.0099	0.0825083	75.2837
31.2785	74.0924	0	75.2837
31.2786	74.0924	0.165017	75.2837
31.2824	74.1749	0.0825083	75.2837
31.2883	74.2574	0	75.2837
31.2888	74.2574	0.0825083	75.2837
31.3196	74.3399	0	75.2837
31.3221	74.3812	0.0825083	75.2837
31.4042	74.4637	0	75.2837
31.455	74.4637	0	75.4098
31.5636	74.4637	0	75.662
31.6834	74.4637	0	75.9143
31.686	74.4637	0	76.0404
31.7055	74.4637	0	76.2926
31.7921	74.4637	0	76.4187
31.7937	74.505	0.0825083	76.4187
31.7969	74.5875	0	76.4187
31.8054	74.6287	0.0825083	76.4187
31.8321	74.7112	0	76.4187
31.8325	74.7525	0.0825083	76.4187
32.0145	74.835	0	76.4187
32.0153	74.8762	0.0825083	76.4187
32.0369	74.9587	0	76.4187
32.0398	75	0.0825083	76.4187
32.0411	75.0825	0	76.4187
32.0417	75.0825	0.0825083	76.4187
32.119	75.165	0	76.4187
32.1483	75.165	0	76.6709
32.1497	75.2063	0.0825083	76.6709
32.282	75.2888	0	76.6709
32.2922	75.2888	0	76.797
32.3254	75.2888	0	76.9231
32.3276	75.33	0.0825083	76.9231
32.529	75.4125	0	76.9231
32.5293	75.4125	0.0825083	76.9231
32.5664	75.495	0	76.9231
32.573	75.495	0	77.1753
32.65	75.495	0	77.4275
32.6519	75.5363	0.0825083	77.4275
32.7325	75.6188	0	77.4275
32.8773	75.6188	0	77.5536
32.8782	75.6601	0.0825083	77.5536
32.9136	75.7426	0	77.5536
32.9153	75.7838	0.0825083	77.5536
32.9916	75.8663	0	77.5536
33.0007	75.8663	0	77.8058
33.0025	75.9076	0.0825083	77.8058
33.1336	75.9901	0	77.8058
33.136	75.9901	0.165017	77.8058
33.1403	76.0726	0.0825083	77.8058
33.3219	76.1551	0	77.8058
33.3703	76.1551	0	77.9319
33.3742	76.1551	0.0825083	77.9319
33.4003	76.2376	0	77.9319
33.5597	76.2376	0	78.058
33.56	76.2376	0.165017	78.058
33.5633	76.3201	0.0825083	78.058
33.6376	76.4026	0	78.058
33.6885	76.4026	0	78.3102
33.6894	76.4026	0.165017	78.3102
33.6921	76.4851	0.0825083	78.3102
33.709	76.5677	0	78.3102
33.711	76.5677	0.0825083	78.3102
33.9692	76.6502	0	78.3102
33.9735	76.6914	0.0825083	78.3102
34.16	76.7739	0	78.3102
34.1603	76.8152	0.0825083	78.3102
34.4542	76.8977	0	78.3102
34.464	76.9389	0.0825083	78.3102
34.5339	77.0215	0	78.3102
34.6242	77.0215	0	78.4363
34.6251	77.0627	0.0825083	78.4363
34.772	77.1452	0	78.4363
34.8221	77.1452	0	78.5624
34.8696	77.1452	0	78.6885
34.8708	77.1865	0.0825083	78.6885
34.8717	77.269	0	78.6885
35.0761	77.269	0	78.8146
35.0904	77.269	0	79.0668
35.0927	77.269	0.0825083	79.0668
35.1463	77.3515	0	79.0668
35.1467	77.3927	0.0825083	79.0668
35.2835	77.4753	0	79.0668
35.342	77.4753	0	79.319
35.3421	77.4753	0.165017	79.319
35.3429	77.5578	0.0825083	79.319
35.3571	77.6403	0	79.319
35.4259	77.6403	0	79.5713
35.4263	77.6403	0.0825083	79.5713
35.5867	77.7228	0	79.5713
35.6137	77.7228	0	79.6973
35.6426	77.7228	0	79.9496
35.6444	77.7228	0.165017	79.9496
35.647	77.8053	0.0825083	79.9496
35.6677	77.8878	0	79.9496
35.6702	77.929	0.0825083	79.9496
35.6709	77.929	0.0825083	80.2018
35.6829	78.0116	0	80.2018
35.7259	78.0116	0	80.454
35.726	78.0116	0.165017	80.454
35.7268	78.0941	0.0825083	80.454
35.8621	78.1766	0	80.454
35.9731	78.1766	0	80.5801
35.9748	78.1766	0.0825083	80.5801
36.0969	78.2591	0	80.5801
36.3347	78.2591	0	80.7062
36.3623	78.2591	0	80.8323
36.6468	78.2591	0	80.9584
36.6954	78.2591	0	81.2106
36.6978	78.3003	0.0825083	81.2106
36.7663	78.3828	0	81.2106
36.7737	78.3828	0	81.4628
36.7742	78.3828	0.165017	81.4628
36.7773	78.4653	0.0825083	81.4628
36.9992	78.5479	0	81.4628
36.9993	78.5891	0.0825083	81.4628
37.1742	78.6716	0	81.4628
37.1749	78.7129	0.0825083	81.4628
37.2476	78.7954	0	81.4628
37.2477	78.7954	0.165017	81.4628
37.2523	78.8779	0.0825083	81.4628
37.4016	78.9604	0	81.4628
37.4029	79.0016	0.0825083	81.4628
37.4266	79.0842	0	81.4628
37.4269	79.1254	0.0825083	81.4628
37.4271	79.1667	0.165017	81.4628
37.436	79.2492	0.0825083	81.4628
37.7299	79.3317	0	81.4628
37.7304	79.3729	0.0825083	81.4628
37.7819	79.4554	0	81.4628
37.793	79.4554	0	81.715
37.8036	79.4554	0	81.8411
37.8875	79.4554	0	81.9672
37.8875	79.4967	0.0825083	81.9672
37.9342	79.5792	0	81.9672
37.9379	79.6205	0.0825083	81.9672
38.0959	79.703	0	81.9672
38.0962	79.7442	0.0825083	81.9672
38.1176	79.8267	0	81.9672
38.1197	79.868	0.0825083	81.9672
38.566	79.9505	0	81.9672
38.5667	79.9918	0.0825083	81.9672
38.5958	80.0743	0	81.9672
38.6199	80.0743	0	82.2194
38.6355	80.0743	0	82.4716
38.636	80.0743	0.165017	82.4716
38.6382	80.1568	0.0825083	82.4716
38.6808	80.2393	0	82.4716
38.6825	80.2393	0.0825083	82.4716
38.834	80.3218	0	82.4716
38.8383	80.3218	0.0825083	82.4716
38.8815	80.4043	0	82.4716
38.9628	80.4043	0	82.7238
39.0145	80.4043	0	82.8499
39.0149	80.4455	0.0825083	82.8499
39.0198	80.5281	0	82.8499
39.0212	80.5693	0.0825083	82.8499
39.0429	80.6518	0	82.8499
39.0434	80.6931	0.0825083	82.8499
39.0661	80.7756	0	82.8499
39.0682	80.8168	0.0825083	82.8499
39.164	80.8993	0	82.8499
39.3155	80.8993	0	83.1021
39.318	80.9406	0.0825083	83.1021
39.3938	81.0231	0	83.1021
39.3943	81.0644	0.0825083	83.1021
39.4698	81.1469	0	83.1021
39.4881	81.1469	0	83.2282
39.4892	81.1881	0.0825083	83.2282
39.652	81.2706	0	83.2282
39.655	81.2706	0	83.3543
39.6559	81.3119	0.0825083	83.3543
39.7072	81.3944	0	83.3543
39.7075	81.3944	0.165017	83.3543
39.7076	81.4769	0.0825083	83.3543
39.7263	81.5594	0	83.3543
39.7276	81.6007	0.0825083	83.3543
39.7653	81.6832	0	83.3543
39.7673	81.7244	0.0825083	83.3543
39.8497	81.8069	0	83.3543
39.852	81.8482	0.0825083	83.3543
39.8621	81.9307	0	83.3543
39.8795	81.9307	0	83.6066
39.8808	81.9719	0.0825083	83.6066
40.0234	82.0545	0	83.6066
40.0237	82.0957	0.0825083	83.6066
40.2538	82.1782	0	83.6066
40.3609	82.1782	0	83.7327
40.3614	82.2195	0.0825083	83.7327
40.5232	82.302	0	83.7327
40.6665	82.302	0	83.9849
40.6728	82.302	0	84.111
40.6746	82.3432	0.0825083	84.111
40.7597	82.4257	0	84.111
40.7764	82.4257	0	84.2371
40.7914	82.4257	0	84.3632
40.8842	82.4257	0	84.4893
41.0665	82.4257	0	84.7415
41.1828	82.4257	0	84.9937
41.1849	82.467	0.0825083	84.9937
41.1946	82.5495	0	84.9937
41.195	82.5908	0.0825083	84.9937
41.4841	82.6733	0	84.9937
41.4842	82.7145	0.0825083	84.9937
41.5266	82.797	0	84.9937
41.6905	82.797	0	85.2459
41.6916	82.8383	0.0825083	85.2459
41.9951	82.9208	0	85.2459
42.0678	82.9208	0	85.4981
42.0682	82.962	0.0825083	85.4981
42.214	83.0446	0	85.4981
42.2169	83.0858	0.0825083	85.4981
42.32	83.1683	0	85.4981
42.3201	83.2096	0.0825083	85.4981
42.4261	83.2921	0	85.4981
42.433	83.2921	0	85.7503
42.4334	83.2921	0.165017	85.7503
42.4337	83.3746	0.0825083	85.7503
42.5852	83.4571	0	85.7503
42.5873	83.4984	0.0825083	85.7503
42.8224	83.5809	0	85.7503
42.8625	83.5809	0	86.0025
42.8644	83.5809	0.165017	86.0025
42.867	83.6634	0.0825083	86.0025
43.2314	83.7459	0	86.0025
43.2316	83.7871	0.0825083	86.0025
43.3125	83.8696	0	86.0025
43.3141	83.8696	0	86.1286
43.4131	83.8696	0	86.2547
43.431	83.8696	0	86.5069
43.4311	83.8696	0.165017	86.5069
43.4347	83.9521	0.0825083	86.5069
43.9493	84.0347	0	86.5069
43.95	84.0759	0.0825083	86.5069
44.0098	84.1584	0	86.5069
44.055	84.1584	0	86.633
44.0582	84.1997	0.0825083	86.633
44.272	84.2822	0	86.633
44.3189	84.2822	0	86.8852
44.3207	84.3234	0.0825083	86.8852
44.3654	84.4059	0	86.8852
44.3656	84.4472	0.0825083	86.8852
44.3864	84.5297	0	86.8852
44.4975	84.5297	0	87.1375
44.6445	84.5297	0	87.2636
44.6466	84.571	0.0825083	87.2636
44.682	84.6535	0	87.2636
44.683	84.6947	0.0825083	87.2636
44.7231	84.7772	0	87.2636
44.7237	84.7772	0.165017	87.2636
44.7277	84.8597	0.0825083	87.2636
44.7726	84.9422	0	87.2636
44.7763	84.9835	0.0825083	87.2636
44.8095	85.066	0	87.2636
44.8121	85.066	0	87.3897
44.8139	85.1073	0.0825083	87.3897
44.8145	85.1898	0	87.3897
44.9853	85.1898	0	87.6419
44.9862	85.231	0.0825083	87.6419
45.0237	85.3135	0	87.6419
45.0237	85.3548	0.0825083	87.6419
45.0465	85.4373	0	87.6419
45.0569	85.4373	0	87.8941
45.0591	85.4373	0.0825083	87.8941
45.129	85.5198	0	87.8941
45.2107	85.5198	0	88.1463
45.2129	85.5611	0.0825083	88.1463
45.2425	85.6436	0	88.1463
45.2445	85.6436	0.165017	88.1463
45.2464	85.7261	0.0825083	88.1463
45.2514	85.8086	0	88.1463
45.2515	85.8498	0.0825083	88.1463
45.4488	85.9323	0	88.1463
45.4505	85.9736	0.0825083	88.1463
45.4684	86.0561	0	88.1463
45.4693	86.0974	0.0825083	88.1463
45.7327	86.1799	0	88.1463
45.7351	86.2211	0.0825083	88.1463
45.7433	86.3036	0	88.1463
45.7482	86.3449	0.0825083	88.1463
46.2342	86.4274	0	88.1463
46.2349	86.4274	0.165017	88.1463
46.2353	86.5099	0.0825083	88.1463
46.2678	86.5924	0	88.1463
46.6383	86.5924	0	88.3985
46.6432	86.6337	0.0825083	88.3985
46.7382	86.7162	0	88.3985
46.7386	86.7574	0.0825083	88.3985
46.7689	86.8399	0	88.3985
46.7993	86.8399	0	88.6507
46.8001	86.8812	0.0825083	88.6507
46.8877	86.9637	0	88.6507
46.8878	87.005	0.0825083	88.6507
47.066	87.0875	0	88.6507
47.0663	87.1287	0.0825083	88.6507
47.157	87.2112	0	88.6507
47.1611	87.2525	0.0825083	88.6507
47.2372	87.335	0	88.6507
47.2373	87.3762	0.0825083	88.6507
47.652	87.4587	0	88.6507
47.8509	87.4587	0	88.9029
47.8518	87.5	0.0825083	88.9029
47.8666	87.5825	0	88.9029
47.8672	87.5825	0.165017	88.9029
47.8694	87.665	0.0825083	88.9029
48.0527	87.7475	0	88.9029
48.1259	87.7475	0	89.1551
48.1286	87.7888	0.0825083	89.1551
48.6051	87.8713	0	89.1551
48.7292	87.8713	0	89.2812
48.7295	87.9125	0.0825083	89.2812
48.7513	87.995	0	89.2812
48.7514	88.0363	0.0825083	89.2812
48.9627	88.1188	0	89.2812
48.9631	88.1601	0.0825083	89.2812
48.9675	88.2426	0	89.2812
49.5496	88.2426	0	89.5334
49.5525	88.2838	0.0825083	89.5334
49.6921	88.3663	0	89.5334
49.6923	88.3663	0.0825083	89.5334
50.1034	88.4488	0	89.5334
50.1774	88.4488	0	89.6595
50.1927	88.4488	0	89.9117
50.1929	88.4488	0.165017	89.9117
50.1936	88.5314	0.0825083	89.9117
50.3102	88.6139	0	89.9117
50.3133	88.6139	0.165017	89.9117
50.314	88.6964	0.0825083	89.9117
50.7255	88.7789	0	89.9117
50.7258	88.8201	0.0825083	89.9117
50.7284	88.9026	0	89.9117
50.7451	88.9026	0	90.1639
50.9868	88.9026	0	90.4161
50.9875	88.9439	0.0825083	90.4161
50.9879	89.0264	0	90.4161
50.9891	89.0264	0.0825083	90.4161
51.3129	89.1089	0	90.4161
51.3791	89.1089	0	90.6684
51.3803	89.1502	0.0825083	90.6684
51.5108	89.2327	0	90.6684
51.5147	89.2327	0.165017	90.6684
51.5159	89.3152	0.0825083	90.6684
51.728	89.3977	0	90.6684
51.7295	89.3977	0.165017	90.6684
51.7298	89.4802	0.0825083	90.6684
52.1009	89.5627	0	90.6684
52.1453	89.5627	0	90.9206
52.1472	89.604	0.0825083	90.9206
52.1942	89.6865	0	90.9206
52.1952	89.7277	0.0825083	90.9206
52.3507	89.8102	0	90.9206
52.3524	89.8515	0.0825083	90.9206
52.7867	89.934	0	90.9206
52.7878	89.9753	0.0825083	90.9206
53.2889	90.0578	0	90.9206
53.4781	90.0578	0	91.1728
53.4791	90.099	0.0825083	91.1728
53.9104	90.1815	0	91.1728
53.9109	90.2228	0.0825083	91.1728
54.0248	90.3053	0	91.1728
54.0276	90.3465	0.0825083	91.1728
54.1379	90.429	0	91.1728
54.1414	90.4703	0.0825083	91.1728
54.1692	90.5528	0	91.1728
54.1694	90.5528	0.0825083	91.1728
54.352	90.6353	0	91.1728
54.3535	90.6766	0.0825083	91.1728
54.4427	90.7591	0	91.1728
54.4486	90.8003	0.0825083	91.1728
54.5824	90.8828	0	91.1728
54.7241	90.8828	0	91.425
54.7285	90.9241	0.0825083	91.425
55.2864	91.0066	0	91.425
55.5488	91.0066	0	91.5511
55.6138	91.0066	0	91.8033
55.7451	91.0066	0	91.9294
55.7463	91.0479	0.0825083	91.9294
56.0409	91.1304	0	91.9294
56.3024	91.1304	0	92.1816
56.3029	91.1304	0.0825083	92.1816
56.4291	91.2129	0	92.1816
56.4298	91.2129	0.165017	92.1816
56.4314	91.2954	0.0825083	92.1816
56.4577	91.3779	0	92.1816
56.4586	91.4191	0.0825083	92.1816
56.5654	91.5016	0	92.1816
56.5658	91.5429	0.0825083	92.1816
57.4181	91.6254	0	92.1816
57.4451	91.6254	0	92.3077
57.446	91.6667	0.0825083	92.3077
57.7887	91.7492	0	92.3077
57.7899	91.7904	0.0825083	92.3077
58.0732	91.8729	0	92.3077
58.0738	91.8729	0.165017	92.3077
58.0746	91.9554	0.0825083	92.3077
58.5488	92.038	0	92.3077
58.5491	92.038	0.165017	92.3077
58.5497	92.1205	0.0825083	92.3077
59.3885	92.203	0	92.3077
59.3911	92.2442	0.0825083	92.3077
59.3957	92.3267	0	92.3077
59.3974	92.3267	0.0825083	92.3077
59.467	92.4092	0	92.3077
59.4683	92.4505	0.0825083	92.3077
59.6377	92.533	0	92.3077
59.6387	92.533	0.165017	92.3077
59.6395	92.6155	0.0825083	92.3077
59.6602	92.698	0	92.3077
59.6635	92.7393	0.0825083	92.3077
59.7205	92.8218	0	92.3077
59.7568	92.8218	0	92.4338
60.778	92.8218	0	92.686
60.7804	92.863	0.0825083	92.686
60.8591	92.9455	0	92.686
60.8613	92.9455	0.165017	92.686
60.8618	93.0281	0.0825083	92.686
60.8733	93.1106	0	92.686
61.1033	93.1106	0	92.9382
61.1684	93.1106	0	93.1904
61.2202	93.1106	0	93.4426
61.2221	93.1518	0.0825083	93.4426
61.7661	93.2343	0	93.4426
61.7667	93.2756	0.0825083	93.4426
62.2217	93.3581	0	93.4426
62.3047	93.3581	0	93.5687
62.3066	93.3993	0.0825083	93.5687
62.3201	93.4818	0	93.5687
62.3221	93.5231	0.0825083	93.5687
62.4724	93.6056	0	93.5687
62.5994	93.6056	0	93.8209
62.6032	93.6469	0.0825083	93.8209
63.2609	93.7294	0	93.8209
63.7296	93.7294	0	94.0731
64.6063	93.7294	0	94.3253
64.7044	93.7294	0	94.5776
64.7051	93.7706	0.0825083	94.5776
64.904	93.8531	0	94.5776
64.9107	93.8531	0	94.7037
65.0062	93.8531	0	94.9559
66.0786	93.8531	0	95.2081
66.1137	93.8531	0	95.4603
66.1149	93.8944	0.0825083	95.4603
66.4188	93.9769	0	95.4603
67.0214	93.9769	0	95.7125
67.0222	93.9769	0	95.9647
67.8198	93.9769	0	96.2169
68.0733	93.9769	0	96.4691
68.4615	93.9769	0	96.7213
68.4638	94.0182	0.0825083	96.7213
69.2128	94.1007	0	96.7213
69.2133	94.1007	0.165017	96.7213
69.2151	94.1832	0.0825083	96.7213
69.253	94.2657	0	96.7213
69.2559	94.2657	0.0825083	96.7213
69.5195	94.3482	0	96.7213
69.5221	94.3894	0.0825083	96.7213
70.4599	94.4719	0	96.7213
70.4606	94.4719	0.165017	96.7213
70.4612	94.5545	0.0825083	96.7213
70.5237	94.637	0	96.7213
71.4895	94.637	0	96.9735
71.7003	94.637	0	97.2257
71.7029	94.6782	0.0825083	97.2257
71.8407	94.7607	0	97.2257
72.5885	94.7607	0	97.4779
72.9683	94.7607	0	97.7301
72.9691	94.802	0.0825083	97.7301
73.1346	94.8845	0	97.7301
73.1376	94.9257	0.0825083	97.7301
73.7433	95.0082	0	97.7301
73.8437	95.0082	0	97.9823
75.0091	95.0082	0	98.2346
75.0101	95.0495	0.0825083	98.2346
75.3369	95.132	0	98.2346
75.5318	95.132	0	98.4868
75.5331	95.1733	0.0825083	98.4868
75.9377	95.2558	0	98.4868
75.9393	95.297	0.0825083	98.4868
77.231	95.3795	0	98.4868
77.2336	95.4208	0.0825083	98.4868
78.0299	95.5033	0	98.4868
78.0304	95.5033	0.165017	98.4868
78.0326	95.5858	0.0825083	98.4868
79.1744	95.6683	0	98.4868
79.1751	95.7096	0.0825083	98.4868
79.8333	95.7921	0	98.4868
79.8348	95.7921	0.165017	98.4868
79.8355	95.8746	0.0825083	98.4868
80.9853	95.9571	0	98.4868
80.9874	95.9571	0.0825083	98.4868
82.3654	96.0396	0	98.4868
82.3656	96.0396	0.165017	98.4868
82.367	96.1221	0.0825083	98.4868
82.595	96.2046	0	98.4868
82.5964	96.2459	0.0825083	98.4868
82.8638	96.3284	0	98.4868
82.9734	96.3284	0	98.739
82.9742	96.3696	0.0825083	98.739
83.231	96.4521	0	98.739
83.2322	96.4521	0.165017	98.739
83.2338	96.5347	0.0825083	98.739
84.2294	96.6172	0	98.739
84.231	96.6584	0.0825083	98.739
85.4809	96.7409	0	98.739
85.4811	96.7822	0.0825083	98.739
86.6541	96.8647	0	98.739
86.6554	96.8647	0.165017	98.739
86.6574	96.9472	0.0825083	98.739
88.6653	97.0297	0	98.739
88.6657	97.0297	0.165017	98.739
88.6704	97.1122	0.0825083	98.739
88.6768	97.1947	0	98.739
88.6777	97.236	0.0825083	98.739
89.348	97.3185	0	98.739
90.8862	97.3185	0	98.9912
90.8878	97.3597	0.0825083	98.9912
92.2547	97.4422	0	98.9912
92.257	97.4422	0.165017	98.9912
92.2602	97.5247	0.0825083	98.9912
93.0357	97.6073	0	98.9912
93.0365	97.6073	0.0825083	98.9912
93.9207	97.6898	0	98.9912
93.9235	97.6898	0.165017	98.9912
93.9295	97.7723	0.0825083	98.9912
95.0506	97.8548	0	98.9912
95.0543	97.896	0.0825083	98.9912
95.8995	97.9785	0	98.9912
95.9005	98.0198	0.0825083	98.9912
100.451	98.1023	0	98.9912
100.451	98.1436	0.0825083	98.9912
100.46	98.2261	0	98.9912
100.461	98.2673	0.0825083	98.9912
101.885	98.3498	0	98.9912
101.886	98.3911	0.0825083	98.9912
102.658	98.4736	0	98.9912
102.658	98.4736	0.165017	98.9912
102.659	98.5561	0.0825083	98.9912
103.313	98.6386	0	98.9912
104.36	98.6386	0	99.2434
104.362	98.6799	0.0825083	99.2434
108.476	98.7624	0	99.2434
108.478	98.8036	0.0825083	99.2434
108.839	98.8861	0	99.2434
109.131	98.8861	0	99.4956
109.131	98.8861	0.165017	99.4956
109.131	98.9686	0.0825083	99.4956
111.775	99.0512	0	99.4956
115.714	99.0512	0	99.7478
115.715	99.0924	0.0825083	99.7478
120.578	99.1749	0	99.7478
120.579	99.2162	0.0825083	99.7478
122.374	99.2987	0	99.7478
127.495	99.2987	0	100
127.496	99.3399	0.0825083	100
136.516	99.4224	0	100
136.517	99.4637	0.0825083	100
143.38	99.5462	0	100
143.381	99.5875	0.0825083	100
153.332	99.67	0	100
153.34	99.7112	0.0825083	100
213.062	99.7937	0	100
213.063	99.7937	0.0825083	100
228.565	99.8762	0	100
228.566	99.9175	0.0825083	100
