3.04524e-07	0	0	0
5.63579e-07	0	0	0
1.26986e-06	0	0	0
1.68682e-06	0	0	0
2.38444e-06	0	0	0
2.96736e-06	0	0	0
3.11808e-06	0	0	0
3.46155e-06	0	0	0
3.72004e-06	0	0	0
3.85092e-06	0	0	0
6.66255e-06	0	0	0
7.24136e-06	0	0	0
7.88184e-06	0	0	0
8.20464e-06	0	0	0
9.22465e-06	0	0	0
9.97608e-06	0	0	0
1.01382e-05	0	0	0
1.01472e-05	0	0	0
1.06514e-05	0	0	0
1.17169e-05	0	0	0
1.27531e-05	0	0	0
1.32242e-05	0	0	0
1.32407e-05	0	0	0
1.32441e-05	0	0	0
1.32538e-05	0	0	0
1.38711e-05	0	0	0
1.45223e-05	0	0	0
1.46972e-05	0	0	0
1.48701e-05	0	0	0
1.50711e-05	0	0	0
1.53585e-05	0	0	0
1.55792e-05	0	0	0
1.62537e-05	0	0	0
1.65269e-05	0	0	0
1.67587e-05	0	0	0
1.70009e-05	0	0	0
1.87442e-05	0	0	0
1.94444e-05	0	0	0
1.94455e-05	0	0	0
2.00609e-05	0	0	0
2.03049e-05	0	0	0
2.05441e-05	0	0	0
2.10464e-05	0	0	0
2.11257e-05	0	0	0
2.15327e-05	0	0	0
2.21269e-05	0	0	0
2.26361e-05	0	0	0
2.28384e-05	0	0	0
2.30309e-05	0	0	0
2.32657e-05	0	0	0
2.43475e-05	0	0	0
2.67672e-05	0	0	0
2.73809e-05	0	0	0
2.74486e-05	0	0	0
2.76224e-05	0	0	0
2.79166e-05	0	0	0
2.85173e-05	0	0	0
2.86106e-05	0	0	0
2.91056e-05	0	0	0
2.9303e-05	0	0	0
2.93855e-05	0	0	0
2.94215e-05	0	0	0
3.03741e-05	0	0	0
3.25928e-05	0	0	0
3.26e-05	0	0	0
3.30197e-05	0	0	0
3.31974e-05	0	0	0
3.38415e-05	0	0	0
3.4588e-05	0	0	0
3.52364e-05	0	0	0
3.62313e-05	0	0	0
3.6452e-05	0	0	0
3.6488e-05	0	0	0
3.65196e-05	0	0	0
3.66238e-05	0	0	0
3.69624e-05	0	0	0
3.75571e-05	0	0	0
3.82529e-05	0	0	0
3.82596e-05	0	0	0
3.82802e-05	0	0	0
3.83534e-05	0	0	0
3.84823e-05	0	0	0
3.8652e-05	0	0	0
3.92092e-05	0	0	0
3.93315e-05	0	0	0
3.97118e-05	0	0	0
4.05644e-05	0	0	0
4.07923e-05	0	0	0
4.16963e-05	0	0	0
4.1798e-05	0	0	0
4.21239e-05	0	0	0
4.2547e-05	0	0	0
4.32815e-05	0	0	0
4.50366e-05	0	0	0
4.51794e-05	0	0	0
4.62582e-05	0	0	0
4.782e-05	0	0	0
4.81684e-05	0	0	0
4.92441e-05	0	0	0
5.02173e-05	0	0	0
5.0302e-05	0	0	0
5.08189e-05	0	0	0
5.09993e-05	0	0	0
5.14733e-05	0	0	0
5.48987e-05	0	0	0
5.51405e-05	0	0	0
5.76174e-05	0	0	0
5.81144e-05	0	0	0
5.87767e-05	0	0	0
6.03091e-05	0	0	0
6.05405e-05	0	0	0
6.0768e-05	0	0	0
6.09304e-05	0	0	0
6.14227e-05	0	0	0
6.30322e-05	0	0	0
6.36218e-05	0	0	0
6.38825e-05	0	0	0
6.4394e-05	0	0	0
6.50896e-05	0	0	0
6.51408e-05	0	0	0
6.52561e-05	0	0	0
6.6469e-05	0	0	0
6.70181e-05	0	0	0
6.73076e-05	0	0	0
6.80118e-05	0	0	0
6.82717e-05	0	0	0
6.94736e-05	0	0	0
7.31084e-05	0	0	0
7.41651e-05	0	0	0
7.44275e-05	0	0	0
7.45617e-05	0	0	0
7.56187e-05	0	0	0
7.59451e-05	0	0	0
7.6114e-05	0	0	0
7.63148e-05	0	0	0
7.71136e-05	0	0	0
7.71458e-05	0	0	0
7.79259e-05	0	0	0
7.83367e-05	0	0	0
7.85633e-05	0	0	0
7.86751e-05	0	0	0
7.90151e-05	0	0	0
7.90836e-05	0	0	0
7.99114e-05	0	0	0
8.03045e-05	0	0	0
8.11101e-05	0	0	0
8.17134e-05	0	0	0
8.22617e-05	0	0	0
8.32328e-05	0	0	0
8.60705e-05	0	0	0
8.61853e-05	0	0	0
8.70769e-05	0	0	0
8.72145e-05	0	0	0
8.80873e-05	0	0	0
8.86196e-05	0	0	0
8.97279e-05	0	0	0
9.15977e-05	0	0	0
9.1622e-05	0	0	0
9.17415e-05	0	0	0
9.18318e-05	0	0	0
9.19076e-05	0	0	0
9.36184e-05	0	0	0
9.37935e-05	0	0	0
9.55124e-05	0	0	0
9.57485e-05	0	0	0
9.60449e-05	0	0	0
9.71275e-05	0	0	0
9.71651e-05	0	0	0
9.77123e-05	0	0	0
9.79969e-05	0	0	0
9.82041e-05	0	0	0
9.86244e-05	0	0	0
9.87079e-05	0	0	0
9.89252e-05	0	0	0
9.91789e-05	0	0	0
9.99872e-05	0	0	0
0.000100296	0	0	0
0.000102859	0	0	0
0.000103134	0	0	0
0.000103994	0	0	0
0.000104043	0	0	0
0.000104612	0	0	0
0.000105969	0	0	0
0.000106968	0	0	0
0.000107233	0	0	0
0.000107856	0	0	0
0.000108331	0	0	0
0.000109437	0	0	0
0.000111616	0	0	0
0.00011168	0	0	0
0.000113767	0	0	0
0.000114472	0	0	0
0.000115721	0	0	0
0.000116047	0	0	0
0.000116541	0	0	0
0.000116952	0	0	0
0.000117835	0	0	0
0.000117912	0	0	0
0.000118484	0	0	0
0.000118612	0	0	0
0.000118743	0	0	0
0.000119702	0	0	0
0.000120125	0	0	0
0.000121768	0	0	0
0.000123494	0	0	0
0.000124043	0	0	0
0.000124738	0	0	0
0.000125203	0	0	0
0.000125508	0	0	0
0.000125561	0	0	0
0.000125908	0	0	0
0.000126582	0	0	0
0.000126881	0	0	0
0.000128813	0	0	0
0.000131174	0	0	0
0.000132057	0	0	0
0.000132081	0	0	0
0.000133241	0	0	0
0.000133796	0	0	0
0.000133993	0	0	0
0.000137019	0	0	0
0.000137862	0	0	0
0.000138005	0	0	0
0.000138908	0	0	0
0.000138962	0	0	0
0.000139687	0	0	0
0.000139826	0	0	0
0.000139875	0	0	0
0.000139965	0	0	0
0.000140974	0	0	0
0.000142758	0	0	0
0.000143764	0	0	0
0.000145195	0	0	0
0.00014582	0	0	0
0.000145965	0	0	0
0.000151667	0	0	0
0.000152838	0	0	0
0.000153036	0	0	0
0.000153243	0	0	0
0.000153324	0	0	0
0.000153346	0	0	0
0.000154746	0	0	0
0.000155259	0	0	0
0.000156779	0	0	0
0.000158579	0	0	0
0.000159132	0	0	0
0.000160298	0	0	0
0.000161045	0	0	0
0.000162131	0	0	0
0.000162844	0	0	0
0.000162951	0	0	0
0.000163439	0	0	0
0.000163861	0	0	0
0.000166496	0	0	0
0.000167278	0	0	0
0.000167356	0	0	0
0.000167816	0	0	0
0.000168614	0	0	0
0.000169274	0	0	0
0.000169478	0	0	0
0.000169594	0	0	0
0.000170653	0	0	0
0.000173703	0	0	0
0.00017444	0	0	0
0.000175155	0	0	0
0.000175329	0	0	0
0.000175566	0	0	0
0.000176946	0	0	0
0.000177174	0	0	0
0.000177845	0	0	0
0.000178309	0	0	0
0.000178401	0	0	0
0.000180751	0	0	0
0.000181005	0	0	0
0.000181026	0	0	0
0.000181572	0	0	0
0.000182672	0	0	0
0.000184006	0	0	0
0.000185783	0	0	0
0.000186376	0	0	0
0.000186809	0	0	0
0.000187954	0	0	0
0.000188229	0	0	0
0.000188764	0	0	0
0.000188783	0	0	0
0.000190231	0	0	0
0.000190645	0	0	0
0.000192092	0	0	0
0.000192326	0	0	0
0.000192899	0	0	0
0.000192904	0	0	0
0.000193932	0	0	0
0.000193964	0	0	0
0.000199485	0	0	0
0.00020135	0	0	0
0.000202335	0	0	0
0.000204152	0	0	0
0.000206492	0	0	0
0.00020711	0	0	0
0.000207576	0	0	0
0.000208493	0	0	0
0.000212782	0	0	0
0.000214052	0	0	0
0.000214074	0	0	0
0.000214509	0	0	0
0.000215884	0	0	0
0.000216739	0	0	0
0.000217142	0	0	0
0.000217199	0	0	0
0.000220574	0	0	0
0.000220708	0	0	0
0.000222038	0	0	0
0.000222384	0	0	0
0.000222547	0	0	0
0.000222733	0	0	0
0.000222891	0	0	0
0.000222915	0	0	0
0.000222951	0	0	0
0.000223888	0	0	0
0.000227217	0	0	0
0.000228359	0	0	0
0.00022862	0	0	0
0.000228655	0	0	0
0.000229723	0	0	0
0.000229901	0	0	0
0.000231571	0	0	0
0.000232285	0	0	0
0.000233777	0	0	0
0.000234058	0	0	0
0.000234548	0	0	0
0.000235246	0	0	0
0.000235706	0	0	0
0.00023634	0	0	0
0.000236981	0	0	0
0.000239685	0	0	0
0.00024018	0	0	0
0.000240253	0	0	0
0.000243505	0	0	0
0.000245277	0	0	0
0.000245852	0	0	0
0.000248329	0	0	0
0.000249042	0	0	0
0.000249447	0	0	0
0.000250529	0	0	0
0.00025196	0	0	0
0.00025272	0	0	0
0.000254112	0	0	0
0.000255008	0	0	0
0.000255806	0	0	0
0.000255922	0	0	0
0.000255978	0	0	0
0.000257743	0	0	0
0.000261499	0	0	0
0.000262325	0	0	0
0.000262814	0	0	0
0.000264873	0	0	0
0.000271148	0	0	0
0.000271321	0	0	0
0.000274132	0	0	0
0.000274368	0	0	0
0.000278596	0	0	0
0.00027901	0	0	0
0.000281508	0	0	0
0.000282282	0	0	0
0.000283046	0	0	0
0.000291293	0	0	0
0.000291463	0	0	0
0.000294972	0	0	0
0.000297355	0	0	0
0.000297677	0	0	0
0.000298604	0	0	0
0.000298972	0	0	0
0.000300265	0	0	0
0.000301547	0	0	0
0.000301765	0	0	0
0.000302032	0	0	0
0.000302382	0	0	0
0.000306104	0	0	0
0.000306359	0	0	0
0.000307247	0	0	0
0.000307611	0	0	0
0.000313321	0	0	0
0.000316331	0	0	0
0.000318552	0	0	0
0.000318638	0	0	0
0.000319885	0	0	0
0.00032018	0	0	0
0.000320611	0	0	0
0.00032284	0	0	0
0.000324021	0	0	0
0.000325262	0	0	0
0.000328284	0	0	0
0.000331084	0	0	0
0.000331404	0	0	0
0.000332459	0	0	0
0.0003333	0	0	0
0.00033685	0	0	0
0.000338072	0	0	0
0.000338162	0	0	0
0.000340471	0	0	0
0.000342168	0	0	0
0.000342767	0	0	0
0.000342845	0	0	0
0.000345047	0	0	0
0.000348644	0	0	0
0.000350648	0	0	0
0.000351087	0	0	0
0.000357651	0	0	0
0.000358642	0	0	0
0.000363293	0	0	0
0.000372578	0	0	0
0.000380234	0	0	0
0.000382317	0	0	0
0.000382819	0	0	0
0.00038382	0	0	0
0.000385352	0	0	0
0.000385947	0	0	0
0.000389109	0	0	0
0.000389574	0	0	0
0.000391786	0	0	0
0.000392104	0	0	0
0.00039303	0	0	0
0.000397521	0	0	0
0.000398087	0	0	0
0.000406906	0	0	0
0.000417941	0	0	0
0.000420963	0	0	0
0.000420976	0	0	0
0.000421786	0	0	0
0.000421904	0	0	0
0.000424141	0	0	0
0.000424732	0	0	0
0.000428224	0	0	0
0.000428319	0	0	0
0.000434505	0	0	0
0.000437267	0	0	0
0.000438613	0	0	0
0.000441395	0	0	0
0.000443197	0	0	0
0.000449175	0	0	0
0.000450835	0	0	0
0.000451095	0	0	0
0.000452017	0	0	0
0.000456261	0	0	0
0.000457217	0	0	0
0.000457687	0	0	0
0.000458294	0	0	0
0.000458371	0	0	0
0.000458438	0	0	0
0.00046035	0	0	0
0.000464497	0	0	0
0.000470648	0	0	0
0.00047099	0	0	0
0.000474988	0	0	0
0.000475704	0	0	0
0.000483887	0	0	0
0.000484752	0	0	0
0.000486196	0	0	0
0.000497766	0	0	0
0.000501684	0	0	0
0.000504354	0	0	0
0.000504914	0	0	0
0.000510581	0	0	0
0.000513385	0	0	0
0.000517707	0	0	0
0.00053035	0	0	0
0.000533707	0	0	0
0.000533966	0	0	0
0.000534567	0	0	0
0.000544138	0	0	0
0.000545655	0	0	0
0.000545958	0	0	0
0.000546625	0	0	0
0.000552498	0	0	0
0.000556464	0	0	0
0.000557781	0	0	0
0.000559204	0	0	0
0.000560012	0	0	0
0.000560373	0	0	0
0.000563268	0	0	0
0.000563952	0	0	0
0.000566524	0	0	0
0.000571482	0	0	0
0.000572954	0	0	0
0.000578667	0	0	0
0.000580302	0	0	0
0.00058113	0	0	0
0.000586115	0	0	0
0.000586332	0	0	0
0.000587333	0	0	0
0.000587434	0	0	0
0.000594382	0	0	0
0.000594451	0	0	0
0.000597041	0	0	0
0.000598445	0	0	0
0.000602883	0	0	0
0.000605458	0	0	0
0.000607965	0	0	0
0.000610464	0	0	0
0.000615792	0	0	0
0.000628196	0	0	0
0.000628235	0	0	0
0.000633118	0	0	0
0.000634304	0	0	0
0.000635095	0	0	0
0.000653613	0	0	0
0.000655462	0	0	0
0.000658929	0	0	0
0.000660172	0	0	0
0.000661588	0	0	0
0.000661666	0	0	0
0.000666267	0	0	0
0.000667742	0	0	0
0.000670717	0	0	0
0.000680215	0	0	0
0.000684907	0	0	0
0.000694182	0	0	0
0.000695423	0	0	0
0.00069812	0	0	0
0.000699199	0	0	0
0.000701752	0	0	0
0.000708657	0	0	0
0.000731235	0	0	0
0.000735841	0	0	0
0.000736318	0	0	0
0.000736973	0	0	0
0.000744844	0	0	0
0.000746695	0	0	0
0.000746894	0	0	0
0.000764411	0	0	0
0.000764416	0	0	0
0.000764762	0	0	0
0.000773784	0	0	0
0.000775839	0	0	0
0.000783686	0	0	0
0.000786254	0	0	0
0.000787115	0	0	0
0.000790879	0	0	0
0.000798006	0	0	0
0.000805851	0	0	0
0.000811056	0	0	0
0.000823605	0	0	0
0.000823816	0	0	0
0.000825713	0	0	0
0.000841175	0	0	0
0.000848299	0	0	0
0.000848977	0	0	0
0.000857279	0	0	0
0.000868578	0	0	0
0.000876216	0	0	0
0.000882562	0	0	0
0.00088494	0	0	0
0.000897258	0	0	0
0.000904174	0	0	0
0.000905126	0	0	0
0.000911386	0	0	0
0.000923339	0	0	0
0.000928221	0	0	0
0.000943194	0	0	0
0.000948327	0	0	0
0.000951138	0	0	0
0.00095475	0	0	0
0.000969495	0	0	0
0.000989143	0	0	0
0.000992087	0	0	0
0.00100198	0	0	0
0.00100389	0	0	0
0.0010283	0	0	0
0.00103096	0	0	0
0.00103915	0	0	0
0.00104768	0	0	0
0.00104897	0	0	0
0.00105753	0	0	0
0.00105974	0	0	0
0.0010819	0	0	0
0.00108925	0	0	0
0.00113116	0	0	0
0.00113868	0	0	0
0.00114841	0	0	0
0.00114925	0	0	0
0.0011512	0	0	0
0.00115795	0	0	0
0.00117626	0	0	0
0.00117858	0	0	0
0.00118759	0	0	0
0.00120233	0	0	0
0.00120351	0	0	0
0.00120931	0	0	0
0.0012105	0	0	0
0.0012132	0	0	0
0.00122087	0	0	0
0.00122757	0	0	0
0.00123162	0	0	0
0.00123432	0	0	0
0.00124572	0	0	0
0.00125621	0	0	0
0.00127951	0	0	0
0.00128074	0	0	0
0.0012863	0	0	0
0.00130105	0	0	0
0.00130796	0	0	0
0.00132756	0	0	0
0.00135326	0	0	0
0.00138547	0	0	0
0.00141459	0	0	0
0.00143453	0	0	0
0.00145555	0	0	0
0.00145875	0	0	0
0.00147561	0	0	0
0.00148388	0	0	0
0.00148456	0	0	0
0.00148573	0	0	0
0.00148696	0	0	0
0.00148951	0	0	0
0.00151641	0	0	0
0.00152478	0	0	0
0.00154674	0	0	0
0.00154931	0	0	0
0.00155505	0	0	0
0.00155628	0	0	0
0.00155722	0	0	0
0.00155877	0	0	0
0.00157078	0	0	0
0.00157838	0	0	0
0.00158778	0	0	0
0.00158954	0	0	0
0.00159558	0	0	0
0.00159663	0	0	0
0.00163794	0	0	0
0.00165005	0	0	0
0.0016681	0	0	0
0.0016748	0	0	0
0.00169146	0	0	0
0.00174311	0	0	0
0.00175969	0	0	0
0.00176752	0	0	0
0.00179148	0	0	0
0.00180581	0	0	0
0.00185018	0	0	0
0.00185342	0	0	0
0.00186634	0	0	0
0.00187197	0	0	0
0.00187692	0	0	0
0.00187908	0	0	0
0.00188304	0	0	0
0.00190182	0	0	0
0.00191207	0	0	0
0.00191327	0	0	0
0.00199016	0	0	0
0.0019956	0	0	0
0.0020525	0	0	0
0.00205304	0	0	0
0.00208059	0	0	0
0.00215721	0	0	0
0.00230184	0	0	0
0.00234315	0	0	0
0.00237	0	0	0
0.00237476	0	0	0
0.00239807	0	0	0
0.0024376	0	0	0
0.00244567	0	0	0
0.00244878	0	0	0
0.00247732	0	0	0
0.00254202	0	0	0
0.00268189	0	0	0
0.00276044	0	0	0
0.00284376	0	0	0
0.00287546	0	0	0
0.00288751	0	0	0
0.00290073	0	0	0
0.0029181	0	0	0
0.00293313	0	0	0
0.00306703	0	0	0
0.00312084	0	0	0
0.00319844	0	0	0
0.00323826	0	0	0
0.00331279	0	0	0
0.00333495	0	0	0
0.00344672	0	0	0
0.0034507	0	0	0
0.00348518	0	0	0
0.0035903	0	0	0
0.00364765	0	0	0
0.00374478	0	0	0
0.00386448	0	0	0
0.00386472	0	0	0
0.00410092	0	0	0
0.00412359	0	0	0
0.0041878	0	0	0
0.00419245	0	0	0
0.00432677	0	0	0
0.00447676	0	0	0
0.00451463	0	0	0
0.00458446	0	0	0
0.00471104	0	0	0
0.00503111	0	0	0
0.00519696	0	0	0
0.00532659	0	0	0
0.00539297	0	0	0
0.0054301	0	0	0
0.0054834	0	0	0
0.00564224	0	0	0
0.00565846	0	0	0
0.00565976	0	0	0
0.0058303	0	0	0
0.00614919	0	0	0
0.00614924	0	0	0
0.0062005	0	0	0
0.00654892	0	0	0
0.00674455	0	0	0
0.00726375	0	0	0
0.00729229	0	0	0
0.00733453	0	0	0
0.00734396	0	0	0
0.0076215	0	0	0
0.00797674	0	0	0
0.00800263	0	0	0
0.00807046	0	0	0
0.00812306	0	0	0
0.00813222	0	0	0
0.00816278	0	0	0
0.00835777	0	0	0
0.0085383	0	0	0
0.00859318	0	0	0
0.00868133	0	0	0
0.00868215	0	0	0
0.00874403	0	0	0
0.00904933	0	0	0
0.0110721	0	0	0
0.0113643	0	0	0
0.0157943	0	0	0
0.018265	0	0	0
0.0184528	0	0	0
0.025322	0	0	0
0.0254509	0.0412541	0.0825083	0
0.0277169	0.123762	0	0
0.0308557	0.123762	0	0
0.0379162	0.123762	0	0
0.0405277	0.165017	0.0825083	0
0.0535266	0.247525	0	0
0.0548902	0.288779	0.0825083	0
0.0620033	0.371287	0	0
0.0715916	0.412541	0.0825083	0
0.0831513	0.49505	0	0
0.0834192	0.49505	0	0
0.110915	0.49505	0	0.502513
0.112251	0.49505	0.0825083	0.502513
0.112688	0.536304	0.165017	0.502513
0.115648	0.618812	0.0825083	0.502513
0.123469	0.70132	0	0.502513
0.123694	0.70132	0.0825083	0.502513
0.127242	0.783828	0	0.502513
0.12759	0.825082	0.0825083	0.502513
0.140534	0.907591	0	0.502513
0.140749	0.907591	0.0825083	0.502513
0.255848	0.990099	0	0.502513
0.258839	0.990099	0	1.50754
0.258854	0.990099	0.165017	1.50754
0.259262	1.07261	0.0825083	1.50754
0.270931	1.15512	0	1.50754
0.276203	1.19637	0.0825083	1.50754
0.282779	1.27888	0	1.50754
0.286092	1.32013	0.0825083	1.50754
0.316339	1.40264	0	1.50754
0.316506	1.44389	0.0825083	1.50754
0.317904	1.5264	0	1.50754
0.330572	1.5264	0	2.01005
0.34318	1.5264	0	2.01005
0.362337	1.5264	0	2.51256
0.423551	1.5264	0	3.01508
0.428073	1.56766	0.0825083	3.01508
0.451524	1.65016	0	3.01508
0.452212	1.65016	0.165017	3.01508
0.452326	1.73267	0.0825083	3.01508
0.463197	1.81518	0	3.01508
0.464198	1.85644	0.0825083	3.01508
0.535306	1.93894	0	3.01508
0.553658	1.93894	0	3.01508
0.554649	1.93894	0.165017	3.01508
0.555454	2.02145	0.0825083	3.01508
0.557263	2.10396	0	3.01508
0.558203	2.10396	0.0825083	3.01508
0.573785	2.18647	0	3.01508
0.574279	2.22772	0.0825083	3.01508
0.591394	2.31023	0	3.01508
0.591732	2.31023	0.0825083	3.01508
0.595599	2.39274	0	3.01508
0.597124	2.43399	0.0825083	3.01508
0.623142	2.5165	0	3.01508
0.62368	2.55776	0.0825083	3.01508
0.628469	2.64026	0	3.01508
0.629747	2.68152	0.0825083	3.01508
0.632918	2.76403	0	3.01508
0.656625	2.76403	0	3.51759
0.657873	2.76403	0.0825083	3.51759
0.675185	2.84653	0	3.51759
0.675413	2.88779	0.0825083	3.51759
0.713196	2.9703	0	3.51759
0.713638	3.01155	0.0825083	3.51759
0.730379	3.09406	0	3.51759
0.731112	3.13531	0.0825083	3.51759
0.744801	3.21782	0	3.51759
0.745298	3.25908	0.0825083	3.51759
0.763198	3.34158	0	3.51759
0.785708	3.34158	0	4.0201
0.786921	3.38284	0.0825083	4.0201
0.797119	3.46535	0	4.0201
0.79733	3.46535	0.165017	4.0201
0.799512	3.54785	0.0825083	4.0201
0.80053	3.63036	0	4.0201
0.838751	3.63036	0	4.52261
0.84512	3.63036	0	5.02513
0.845658	3.67162	0.0825083	5.02513
0.865456	3.75413	0	5.02513
0.867936	3.75413	0.165017	5.02513
0.870896	3.83663	0.0825083	5.02513
0.889979	3.91914	0	5.02513
0.890574	3.91914	0.165017	5.02513
0.89069	4.00165	0.0825083	5.02513
0.894075	4.08416	0	5.02513
0.916566	4.08416	0	5.52764
0.949455	4.08416	0	6.03015
0.949683	4.08416	0.0825083	6.03015
0.954469	4.16667	0	6.03015
0.980458	4.16667	0	6.53266
0.981579	4.16667	0.0825083	6.53266
0.988731	4.24918	0	6.53266
1.00656	4.24918	0	6.53266
1.00847	4.29043	0.0825083	6.53266
1.01193	4.37294	0	6.53266
1.01302	4.37294	0.165017	6.53266
1.0155	4.45545	0.0825083	6.53266
1.04791	4.53795	0	6.53266
1.05077	4.57921	0.0825083	6.53266
1.05262	4.57921	0.0825083	7.03518
1.06784	4.66172	0	7.03518
1.11306	4.66172	0	7.53769
1.11402	4.66172	0.165017	7.53769
1.11527	4.74422	0.0825083	7.53769
1.1175	4.78548	0.165017	7.53769
1.12035	4.86799	0.0825083	7.53769
1.13689	4.9505	0	7.53769
1.14284	4.9505	0	8.0402
1.15146	4.99175	0.0825083	8.0402
1.18128	5.07426	0	8.0402
1.19071	5.07426	0	8.0402
1.2575	5.07426	0	9.04523
1.26027	5.07426	0.165017	9.04523
1.26092	5.15677	0.0825083	9.04523
1.28572	5.23927	0	9.04523
1.28682	5.23927	0.0825083	9.04523
1.31156	5.32178	0	9.04523
1.31376	5.36304	0.0825083	9.04523
1.33256	5.44554	0	9.04523
1.33269	5.4868	0.0825083	9.04523
1.39498	5.56931	0	9.04523
1.43349	5.56931	0	9.54774
1.43831	5.56931	0.0825083	9.54774
1.43928	5.56931	0.247525	9.54774
1.4393	5.65182	0.165017	9.54774
1.44049	5.73432	0.0825083	9.54774
1.46192	5.81683	0	9.54774
1.48009	5.81683	0	9.54774
1.48308	5.81683	0.0825083	9.54774
1.53624	5.89934	0	9.54774
1.53849	5.89934	0.165017	9.54774
1.54088	5.98185	0.0825083	9.54774
1.5617	6.06436	0	9.54774
1.6191	6.06436	0	10.0503
1.62031	6.10561	0.0825083	10.0503
1.74897	6.18812	0	10.0503
1.75108	6.22937	0.0825083	10.0503
1.75862	6.31188	0	10.0503
1.75927	6.31188	0.0825083	10.0503
1.83809	6.39439	0	10.0503
1.90154	6.39439	0	10.0503
1.904	6.39439	0.0825083	10.0503
1.91363	6.4769	0	10.0503
1.96738	6.4769	0	10.5528
1.96812	6.4769	0.0825083	10.5528
2.05737	6.55941	0	10.5528
2.06088	6.55941	0.0825083	10.5528
2.25365	6.64191	0	10.5528
2.25855	6.64191	0.0825083	10.5528
2.30785	6.72442	0	10.5528
2.3119	6.76568	0.0825083	10.5528
2.32472	6.84818	0	10.5528
2.32762	6.88944	0.0825083	10.5528
2.33491	6.97195	0	10.5528
2.33619	6.97195	0.165017	10.5528
2.33671	6.97195	0.247525	10.5528
2.34087	7.05446	0.165017	10.5528
2.34152	7.13696	0.0825083	10.5528
2.34505	7.21947	0	10.5528
2.35059	7.26073	0.0825083	10.5528
2.38101	7.34323	0	10.5528
2.38107	7.38449	0.0825083	10.5528
2.43336	7.467	0	10.5528
2.43629	7.50825	0.0825083	10.5528
2.46798	7.59076	0	10.5528
2.47203	7.63201	0.0825083	10.5528
2.55719	7.71452	0	10.5528
2.55745	7.71452	0.165017	10.5528
2.55844	7.79703	0.0825083	10.5528
2.57295	7.87954	0	10.5528
2.57315	7.87954	0.0825083	10.5528
2.59966	7.96205	0	10.5528
2.63784	7.96205	0	11.0553
2.64172	8.0033	0.0825083	11.0553
2.66385	8.08581	0	11.0553
2.66674	8.12706	0.0825083	11.0553
2.71652	8.20957	0	11.0553
2.71733	8.25082	0.0825083	11.0553
2.71736	8.29208	0.165017	11.0553
2.71982	8.37459	0.0825083	11.0553
2.73831	8.4571	0	11.0553
2.74283	8.4571	0.0825083	11.0553
2.77817	8.5396	0	11.0553
2.77848	8.5396	0.0825083	11.0553
2.81506	8.62211	0	11.0553
2.81568	8.66337	0.0825083	11.0553
2.82715	8.74587	0	11.0553
2.83237	8.74587	0.0825083	11.0553
2.88002	8.82838	0	11.0553
2.8812	8.86964	0.0825083	11.0553
2.94854	8.95215	0	11.0553
2.94864	8.95215	0.165017	11.0553
2.95036	9.03465	0.0825083	11.0553
2.98268	9.11716	0	11.0553
3.00086	9.11716	0	11.5578
3.02706	9.11716	0	12.0603
3.03591	9.11716	0	12.0603
3.06027	9.11716	0	12.0603
3.06172	9.15842	0.0825083	12.0603
3.06939	9.24092	0	12.0603
3.07875	9.24092	0	12.5628
3.07956	9.24092	0.165017	12.5628
3.08002	9.32343	0.0825083	12.5628
3.09504	9.40594	0	12.5628
3.09561	9.40594	0.165017	12.5628
3.09589	9.48845	0.0825083	12.5628
3.23383	9.57096	0	12.5628
3.23483	9.57096	0.0825083	12.5628
3.25653	9.65347	0	12.5628
3.2569	9.69472	0.0825083	12.5628
3.30113	9.77723	0	12.5628
3.30169	9.77723	0.165017	12.5628
3.30453	9.85974	0.0825083	12.5628
3.36894	9.94224	0	12.5628
3.37595	9.94224	0	13.0653
3.42065	9.94224	0	13.5678
3.50928	9.94224	0	14.5729
3.51024	9.94224	0.165017	14.5729
3.5103	10.0248	0.0825083	14.5729
3.54114	10.1073	0	14.5729
3.54162	10.1485	0.0825083	14.5729
3.54241	10.1898	0.165017	14.5729
3.544	10.2723	0.0825083	14.5729
3.57738	10.3548	0	14.5729
3.57784	10.396	0.0825083	14.5729
3.5932	10.4785	0	14.5729
3.59425	10.4785	0.165017	14.5729
3.59633	10.5611	0.0825083	14.5729
3.63293	10.6436	0	14.5729
3.63444	10.6848	0.0825083	14.5729
3.64219	10.7673	0	14.5729
3.68537	10.7673	0	15.0754
3.68856	10.7673	0.165017	15.0754
3.68923	10.8498	0.0825083	15.0754
3.69163	10.8911	0.165017	15.0754
3.69491	10.9736	0.0825083	15.0754
3.71059	11.0561	0	15.0754
3.71122	11.0974	0.0825083	15.0754
3.76266	11.1799	0	15.0754
3.76368	11.1799	0.165017	15.0754
3.7637	11.2624	0.0825083	15.0754
3.76651	11.3449	0	15.0754
3.76698	11.3449	0.165017	15.0754
3.76755	11.4274	0.0825083	15.0754
3.84286	11.5099	0	15.0754
3.84336	11.5512	0.0825083	15.0754
3.85551	11.6337	0	15.0754
3.87405	11.6337	0	15.5779
3.87428	11.6337	0.165017	15.5779
3.87436	11.7162	0.0825083	15.5779
3.90506	11.7987	0	15.5779
3.90785	11.8399	0.0825083	15.5779
3.90911	11.9224	0	15.5779
3.91034	11.9637	0.0825083	15.5779
3.92102	12.0462	0	15.5779
3.92199	12.0875	0.0825083	15.5779
3.93395	12.17	0	15.5779
3.94233	12.2112	0.0825083	15.5779
3.95726	12.2937	0	15.5779
3.96301	12.2937	0.165017	15.5779
3.96467	12.3762	0.0825083	15.5779
3.9766	12.4587	0	15.5779
3.97711	12.5	0.0825083	15.5779
4.12233	12.5825	0	15.5779
4.12241	12.6238	0.0825083	15.5779
4.12853	12.7063	0	15.5779
4.13087	12.7063	0.165017	15.5779
4.13129	12.7888	0.0825083	15.5779
4.26278	12.8713	0	15.5779
4.28028	12.8713	0	16.0804
4.28086	12.9125	0.0825083	16.0804
4.29528	12.995	0	16.0804
4.29622	12.995	0	16.5829
4.29627	12.995	0.0825083	16.5829
4.30373	13.0776	0	16.5829
4.32207	13.0776	0	16.5829
4.32364	13.1188	0.0825083	16.5829
4.32916	13.2013	0	16.5829
4.32941	13.2426	0.0825083	16.5829
4.33777	13.3251	0	16.5829
4.33784	13.3663	0.0825083	16.5829
4.37057	13.4488	0	16.5829
4.37611	13.4488	0	17.0854
4.43244	13.4488	0	17.5879
4.43265	13.4901	0.0825083	17.5879
4.45766	13.5726	0	17.5879
4.45955	13.5726	0.0825083	17.5879
4.46247	13.6551	0	17.5879
4.46316	13.6964	0.0825083	17.5879
4.5293	13.7789	0	17.5879
4.53468	13.8201	0.0825083	17.5879
4.55505	13.9026	0	17.5879
4.55855	13.9439	0.0825083	17.5879
4.61176	14.0264	0	17.5879
4.6133	14.0677	0.0825083	17.5879
4.63247	14.1502	0	17.5879
4.63368	14.1502	0.0825083	17.5879
4.63479	14.1914	0.165017	17.5879
4.6357	14.1914	0.247525	17.5879
4.63662	14.2739	0.165017	17.5879
4.63827	14.3564	0.0825083	17.5879
4.64538	14.4389	0	17.5879
4.64684	14.4802	0.0825083	17.5879
4.66673	14.5627	0	17.5879
4.67222	14.604	0.0825083	17.5879
4.68082	14.6865	0	17.5879
4.69823	14.6865	0	18.0905
4.73095	14.6865	0	18.593
4.73341	14.6865	0.165017	18.593
4.7364	14.769	0.0825083	18.593
4.74894	14.8515	0	18.593
4.74967	14.8927	0.0825083	18.593
4.80946	14.9752	0	18.593
4.81822	14.9752	0	19.0955
4.8194	14.9752	0.165017	19.0955
4.82317	15.0578	0.0825083	19.0955
4.85846	15.1403	0	19.0955
4.85858	15.1815	0.0825083	19.0955
4.86583	15.264	0	19.0955
4.86779	15.264	0.165017	19.0955
4.86815	15.3465	0.0825083	19.0955
4.88779	15.429	0	19.0955
4.8923	15.4703	0.0825083	19.0955
4.89352	15.5528	0	19.0955
4.89405	15.5528	0.0825083	19.0955
4.9406	15.6353	0	19.0955
4.96101	15.6353	0	19.598
4.96464	15.6353	0.0825083	19.598
4.98783	15.7178	0	19.598
4.99208	15.7178	0.0825083	19.598
4.99306	15.8003	0	19.598
4.99333	15.8416	0.0825083	19.598
4.99339	15.9241	0	19.598
4.99349	15.9653	0.0825083	19.598
4.99936	16.0479	0	19.598
5.003	16.0479	0	20.1005
5.00795	16.0479	0	20.603
5.06555	16.0479	0	21.1055
5.06572	16.0891	0.0825083	21.1055
5.07034	16.1716	0	21.1055
5.07073	16.1716	0.165017	21.1055
5.07385	16.2541	0.0825083	21.1055
5.08719	16.3366	0	21.1055
5.08818	16.3366	0.0825083	21.1055
5.08989	16.4191	0	21.1055
5.08996	16.4191	0.165017	21.1055
5.09003	16.5016	0.0825083	21.1055
5.09873	16.5842	0	21.1055
5.10401	16.6254	0.0825083	21.1055
5.10528	16.7079	0	21.1055
5.11164	16.7492	0.0825083	21.1055
5.11358	16.8317	0	21.1055
5.11755	16.8317	0.0825083	21.1055
5.12489	16.9142	0	21.1055
5.12498	16.9554	0.0825083	21.1055
5.12543	17.038	0	21.1055
5.12548	17.038	0.165017	21.1055
5.12581	17.1205	0.0825083	21.1055
5.12603	17.203	0	21.1055
5.12754	17.203	0.165017	21.1055
5.12933	17.2855	0.0825083	21.1055
5.14961	17.368	0	21.1055
5.14971	17.368	0.0825083	21.1055
5.15868	17.4505	0	21.1055
5.15942	17.4917	0.0825083	21.1055
5.16027	17.5743	0	21.1055
5.16049	17.5743	0.0825083	21.1055
5.17632	17.6568	0	21.1055
5.17992	17.698	0.0825083	21.1055
5.19277	17.7805	0	21.1055
5.19469	17.7805	0.0825083	21.1055
5.22665	17.863	0	21.1055
5.22784	17.9043	0.0825083	21.1055
5.23612	17.9868	0	21.1055
5.24736	17.9868	0	21.608
5.24868	18.0281	0.0825083	21.608
5.29078	18.1106	0	21.608
5.29203	18.1518	0.0825083	21.608
5.32033	18.2343	0	21.608
5.32087	18.2756	0.0825083	21.608
5.38719	18.3581	0	21.608
5.38757	18.3581	0.0825083	21.608
5.39815	18.4406	0	21.608
5.40244	18.4406	0.0825083	21.608
5.40248	18.5231	0	21.608
5.40303	18.5231	0.165017	21.608
5.40357	18.6056	0.0825083	21.608
5.41961	18.6881	0	21.608
5.41981	18.6881	0.165017	21.608
5.42243	18.7706	0.0825083	21.608
5.44524	18.8531	0	21.608
5.45075	18.8944	0.0825083	21.608
5.45245	18.9769	0	21.608
5.45467	19.0182	0.0825083	21.608
5.50013	19.1007	0	21.608
5.51794	19.1007	0	22.1106
5.51852	19.1419	0.0825083	22.1106
5.532	19.2244	0	22.1106
5.53207	19.2244	0.0825083	22.1106
5.59374	19.3069	0	22.1106
5.59412	19.3482	0.0825083	22.1106
5.64917	19.4307	0	22.1106
5.64946	19.4307	0.165017	22.1106
5.65277	19.5132	0.0825083	22.1106
5.65447	19.5545	0.165017	22.1106
5.65487	19.637	0.0825083	22.1106
5.68858	19.7195	0	22.1106
5.68986	19.7195	0.165017	22.1106
5.70167	19.802	0.0825083	22.1106
5.70214	19.8432	0.165017	22.1106
5.70399	19.9257	0.0825083	22.1106
5.71923	20.0083	0	22.1106
5.71941	20.0083	0.165017	22.1106
5.71957	20.0908	0.0825083	22.1106
5.80526	20.1733	0	22.1106
5.80819	20.2145	0.0825083	22.1106
5.84515	20.297	0	22.1106
5.84715	20.297	0	22.6131
5.84806	20.3383	0.0825083	22.6131
5.89752	20.4208	0	22.6131
5.90944	20.4208	0	23.1156
5.90965	20.4208	0.165017	23.1156
5.91052	20.5033	0.0825083	23.1156
5.91931	20.5858	0	23.1156
5.9197	20.5858	0.0825083	23.1156
5.9488	20.6683	0	23.1156
6.00374	20.6683	0	23.6181
6.00433	20.7096	0.0825083	23.6181
6.0305	20.7921	0	23.6181
6.0317	20.7921	0.165017	23.6181
6.03417	20.8746	0.0825083	23.6181
6.08752	20.9571	0	23.6181
6.08797	20.9571	0.165017	23.6181
6.09175	21.0396	0.0825083	23.6181
6.14732	21.1221	0	23.6181
6.14736	21.1634	0.0825083	23.6181
6.15079	21.2459	0	23.6181
6.20726	21.2459	0	24.1206
6.20864	21.2459	0.0825083	24.1206
6.26609	21.3284	0	24.1206
6.26688	21.3696	0.0825083	24.1206
6.27633	21.4521	0	24.1206
6.27653	21.4521	0.165017	24.1206
6.27737	21.5347	0.0825083	24.1206
6.31762	21.6172	0	24.1206
6.36577	21.6172	0	25.1256
6.38347	21.6172	0	25.6281
6.4354	21.6172	0	26.1307
6.43695	21.6172	0.0825083	26.1307
6.46646	21.6997	0	26.1307
6.46731	21.6997	0.165017	26.1307
6.46767	21.7822	0.0825083	26.1307
6.46808	21.8234	0.165017	26.1307
6.47206	21.9059	0.0825083	26.1307
6.47805	21.9884	0	26.1307
6.51153	21.9884	0	26.6332
6.51224	21.9884	0.165017	26.6332
6.51524	22.071	0.0825083	26.6332
6.61441	22.1535	0	26.6332
6.61591	22.1535	0.0825083	26.6332
6.63075	22.236	0	26.6332
6.67363	22.236	0	27.1357
6.67535	22.236	0.165017	27.1357
6.67596	22.3185	0.0825083	27.1357
6.67624	22.3185	0.165017	27.1357
6.67715	22.401	0.0825083	27.1357
6.71847	22.4835	0	27.1357
6.72191	22.5248	0.0825083	27.1357
6.7302	22.6073	0	27.1357
6.73028	22.6485	0.0825083	27.1357
6.73557	22.731	0	27.1357
6.74021	22.731	0	27.6382
6.74161	22.7723	0.0825083	27.6382
6.92245	22.8548	0	27.6382
6.93054	22.8548	0	28.1407
6.93174	22.8548	0	28.6432
7.01089	22.8548	0	29.1457
7.01131	22.896	0.0825083	29.1457
7.05187	22.9785	0	29.1457
7.05366	22.9785	0.165017	29.1457
7.05569	23.0611	0.0825083	29.1457
7.07675	23.1436	0	29.1457
7.07814	23.1848	0.0825083	29.1457
7.10817	23.2673	0	29.1457
7.12277	23.2673	0	29.6482
7.12404	23.2673	0.165017	29.6482
7.12634	23.3498	0.0825083	29.6482
7.18112	23.4323	0	29.6482
7.18388	23.4736	0.0825083	29.6482
7.21282	23.5561	0	29.6482
7.21517	23.5974	0.0825083	29.6482
7.26365	23.6799	0	29.6482
7.26553	23.7211	0.0825083	29.6482
7.27146	23.8036	0	29.6482
7.27468	23.8036	0.0825083	29.6482
7.27488	23.8861	0	29.6482
7.27516	23.8861	0.0825083	29.6482
7.35079	23.9686	0	29.6482
7.35148	23.9686	0.165017	29.6482
7.35277	24.0512	0.0825083	29.6482
7.36859	24.1337	0	29.6482
7.36866	24.1337	0.165017	29.6482
7.36924	24.2162	0.0825083	29.6482
7.45277	24.2987	0	29.6482
7.45331	24.3399	0.0825083	29.6482
7.45484	24.3812	0.165017	29.6482
7.46064	24.4637	0.0825083	29.6482
7.54002	24.5462	0	29.6482
7.54094	24.5462	0.165017	29.6482
7.54332	24.6287	0.0825083	29.6482
7.60566	24.7112	0	29.6482
7.60655	24.7112	0.0825083	29.6482
7.62739	24.7937	0	29.6482
7.62881	24.7937	0.165017	29.6482
7.62947	24.8762	0.0825083	29.6482
7.73628	24.9587	0	29.6482
7.74651	24.9587	0	30.1508
7.78055	24.9587	0	30.6533
7.78419	25	0.0825083	30.6533
7.80201	25.0825	0	30.6533
7.80227	25.0825	0	31.1558
7.8024	25.1238	0.0825083	31.1558
7.81417	25.2063	0	31.1558
7.83353	25.2063	0	31.6583
7.83574	25.2063	0	31.6583
7.83588	25.2063	0.165017	31.6583
7.8362	25.2888	0.0825083	31.6583
7.87109	25.3713	0	31.6583
7.91489	25.3713	0	32.1608
7.91584	25.3713	0.165017	32.1608
7.91673	25.4538	0.0825083	32.1608
7.92523	25.5363	0	32.1608
7.92632	25.5776	0.0825083	32.1608
8.01248	25.6601	0	32.1608
8.01324	25.7013	0.0825083	32.1608
8.0705	25.7838	0	32.1608
8.07226	25.8251	0.0825083	32.1608
8.0916	25.9076	0	32.1608
8.09188	25.9488	0.0825083	32.1608
8.10052	26.0314	0	32.1608
8.10142	26.0314	0.0825083	32.1608
8.16091	26.1139	0	32.1608
8.16157	26.1139	0.0825083	32.1608
8.2232	26.1964	0	32.1608
8.22323	26.2376	0.0825083	32.1608
8.22332	26.3201	0	32.1608
8.22363	26.3614	0.0825083	32.1608
8.25035	26.4439	0	32.1608
8.25089	26.4851	0.0825083	32.1608
8.26422	26.5677	0	32.1608
8.26437	26.5677	0.165017	32.1608
8.2647	26.6502	0.0825083	32.1608
8.28618	26.7327	0	32.1608
8.28832	26.7327	0.0825083	32.1608
8.31175	26.8152	0	32.1608
8.31337	26.8564	0.0825083	32.1608
8.33213	26.9389	0	32.1608
8.33235	26.9389	0.165017	32.1608
8.33638	27.0215	0.0825083	32.1608
8.3433	27.104	0	32.1608
8.3437	27.104	0.165017	32.1608
8.34913	27.1865	0.0825083	32.1608
8.41652	27.269	0	32.1608
8.41772	27.3102	0.0825083	32.1608
8.45581	27.3927	0	32.1608
8.46325	27.3927	0.0825083	32.1608
8.49616	27.4752	0	32.1608
8.49687	27.5165	0.0825083	32.1608
8.51847	27.599	0	32.1608
8.51863	27.6403	0.0825083	32.1608
8.54511	27.7228	0	32.1608
8.57142	27.7228	0	32.6633
8.57173	27.7228	0.165017	32.6633
8.57408	27.8053	0.0825083	32.6633
8.57429	27.8053	0.165017	32.6633
8.57484	27.8878	0.0825083	32.6633
8.58567	27.9703	0	32.6633
8.5966	28.0116	0.0825083	32.6633
8.69646	28.0941	0	32.6633
8.69709	28.1353	0.0825083	32.6633
8.71864	28.2178	0	32.6633
8.72068	28.2591	0.0825083	32.6633
8.77799	28.3416	0	32.6633
8.84246	28.3416	0	33.1658
8.84263	28.3828	0.0825083	33.1658
8.85721	28.4653	0	33.1658
8.86799	28.4653	0	33.6683
8.86986	28.5066	0.0825083	33.6683
8.88084	28.5891	0	33.6683
8.882	28.6304	0.0825083	33.6683
8.89273	28.7129	0	33.6683
8.89284	28.7129	0.165017	33.6683
8.89509	28.7954	0.0825083	33.6683
8.92001	28.8779	0	33.6683
8.92229	28.8779	0.0825083	33.6683
8.95293	28.9604	0	33.6683
8.96132	28.9604	0	34.1709
8.9625	29.0016	0.0825083	34.1709
8.97301	29.0842	0	34.1709
8.97348	29.0842	0.0825083	34.1709
8.97381	29.1667	0	34.1709
8.9765	29.2079	0.0825083	34.1709
8.99373	29.2904	0	34.1709
8.9967	29.2904	0.0825083	34.1709
9.0906	29.3729	0	34.1709
9.09143	29.3729	0.0825083	34.1709
9.1796	29.4554	0	34.1709
9.17994	29.4967	0.0825083	34.1709
9.18847	29.5792	0	34.1709
9.20679	29.5792	0	34.6734
9.207	29.5792	0.165017	34.6734
9.20954	29.6617	0.0825083	34.6734
9.21382	29.7442	0	34.6734
9.2144	29.7855	0.0825083	34.6734
9.21645	29.868	0	34.6734
9.21766	29.9092	0.0825083	34.6734
9.22251	29.9917	0	34.6734
9.22378	30.033	0.0825083	34.6734
9.24547	30.1155	0	34.6734
9.32805	30.1155	0	35.1759
9.32825	30.1568	0.0825083	35.1759
9.35345	30.2393	0	35.1759
9.35562	30.2805	0.0825083	35.1759
9.35793	30.363	0	35.1759
9.35847	30.363	0.165017	35.1759
9.36218	30.4455	0.0825083	35.1759
9.45395	30.5281	0	35.1759
9.45751	30.5281	0.0825083	35.1759
9.49502	30.6106	0	35.1759
9.4954	30.6106	0.165017	35.1759
9.49675	30.6931	0.0825083	35.1759
9.5094	30.7756	0	35.1759
9.50943	30.8168	0.0825083	35.1759
9.54649	30.8993	0	35.1759
9.55048	30.9406	0.0825083	35.1759
9.62412	31.0231	0	35.1759
9.69953	31.0231	0	35.1759
9.6998	31.0644	0.0825083	35.1759
9.75855	31.1469	0	35.1759
9.75897	31.1881	0.0825083	35.1759
9.79436	31.2706	0	35.1759
9.79471	31.3119	0.0825083	35.1759
9.81071	31.3944	0	35.1759
9.81547	31.4356	0.0825083	35.1759
9.82667	31.5182	0	35.1759
9.82753	31.5182	0.165017	35.1759
9.82998	31.6007	0.0825083	35.1759
9.84372	31.6832	0	35.1759
9.84643	31.7244	0.0825083	35.1759
9.9011	31.8069	0	35.1759
9.90143	31.8069	0.165017	35.1759
9.90832	31.8894	0.0825083	35.1759
9.92129	31.9719	0	35.1759
9.9225	31.9719	0.165017	35.1759
9.92277	32.0545	0.0825083	35.1759
9.9349	32.137	0	35.1759
9.935	32.137	0.165017	35.1759
9.93503	32.2195	0.0825083	35.1759
9.95245	32.302	0	35.1759
9.95248	32.302	0.165017	35.1759
9.95261	32.3845	0.0825083	35.1759
9.9537	32.467	0	35.1759
9.95436	32.5083	0.0825083	35.1759
9.9544	32.5083	0.0825083	35.6784
10.0356	32.5908	0	35.6784
10.036	32.632	0.0825083	35.6784
10.0432	32.7145	0	35.6784
10.0859	32.7145	0	36.1809
10.0859	32.7558	0.0825083	36.1809
10.0889	32.8383	0	36.1809
10.0903	32.8795	0.0825083	36.1809
10.1056	32.962	0	36.1809
10.1102	33.0033	0.0825083	36.1809
10.1107	33.0033	0.247525	36.1809
10.1107	33.0858	0.165017	36.1809
10.1118	33.1683	0.0825083	36.1809
10.1308	33.2508	0	36.1809
10.1593	33.2508	0	36.6834
10.1594	33.2508	0.165017	36.6834
10.1597	33.3333	0.0825083	36.6834
10.183	33.4158	0	36.6834
10.1885	33.4571	0.0825083	36.6834
10.1926	33.5396	0	36.6834
10.1933	33.5809	0.0825083	36.6834
10.2261	33.6634	0	36.6834
10.2267	33.7046	0.0825083	36.6834
10.2486	33.7871	0	36.6834
10.2541	33.7871	0.0825083	36.6834
10.2952	33.8696	0	36.6834
10.2968	33.8696	0.165017	36.6834
10.2976	33.9521	0.0825083	36.6834
10.4353	34.0347	0	36.6834
10.4372	34.0347	0.165017	36.6834
10.4374	34.1172	0.0825083	36.6834
10.4583	34.1997	0	36.6834
10.4591	34.2409	0.0825083	36.6834
10.4612	34.2409	0.165017	36.6834
10.4612	34.3234	0.0825083	36.6834
10.4638	34.3234	0.0825083	37.1859
10.4784	34.4059	0	37.1859
10.4808	34.4472	0.0825083	37.1859
10.5156	34.5297	0	37.1859
10.5163	34.571	0.0825083	37.1859
10.5294	34.6535	0	37.1859
10.5304	34.6535	0.0825083	37.1859
10.6182	34.736	0	37.1859
10.6211	34.7772	0.0825083	37.1859
10.6214	34.7772	0.247525	37.1859
10.6217	34.8597	0.165017	37.1859
10.625	34.9422	0.0825083	37.1859
10.6656	35.0248	0	37.1859
10.6695	35.066	0.0825083	37.1859
10.7856	35.1485	0	37.1859
10.7858	35.1485	0.165017	37.1859
10.7924	35.231	0.0825083	37.1859
10.8466	35.3135	0	37.1859
10.8484	35.3548	0.0825083	37.1859
10.8762	35.4373	0	37.1859
10.8796	35.4785	0.0825083	37.1859
10.8997	35.5611	0	37.1859
10.9015	35.6023	0.0825083	37.1859
10.9044	35.6848	0	37.1859
10.9226	35.6848	0	37.6884
10.9228	35.7261	0.0825083	37.6884
10.924	35.7261	0.0825083	38.191
10.9573	35.8086	0	38.191
10.9587	35.8086	0.165017	38.191
10.9603	35.8911	0.0825083	38.191
10.9841	35.9736	0	38.191
10.9841	36.0149	0.0825083	38.191
11.0115	36.0974	0	38.191
11.0118	36.1386	0.0825083	38.191
11.0356	36.2211	0	38.191
11.1139	36.2211	0	38.6935
11.1152	36.2624	0.0825083	38.6935
11.1231	36.3449	0	38.6935
11.1241	36.3449	0.165017	38.6935
11.1243	36.4274	0.0825083	38.6935
11.1428	36.5099	0	38.6935
11.1439	36.5512	0.0825083	38.6935
11.1961	36.6337	0	38.6935
11.197	36.6749	0.0825083	38.6935
11.2284	36.7574	0	38.6935
11.2717	36.7574	0	39.196
11.272	36.7574	0.0825083	39.196
11.3569	36.8399	0	39.196
11.357	36.8812	0.0825083	39.196
11.3727	36.9637	0	39.196
11.3931	36.9637	0	39.6985
11.3935	37.005	0.0825083	39.6985
11.4304	37.0875	0	39.6985
11.4316	37.1287	0.0825083	39.6985
11.458	37.2112	0	39.6985
11.5176	37.2112	0	40.201
11.5183	37.2112	0.0825083	40.201
11.5362	37.2937	0	40.201
11.5696	37.2937	0	40.7035
11.5718	37.335	0.0825083	40.7035
11.6085	37.4175	0	40.7035
11.6099	37.4587	0.0825083	40.7035
11.6266	37.5413	0	40.7035
11.6276	37.5413	0.0825083	40.7035
11.6465	37.6238	0	40.7035
11.6496	37.665	0.0825083	40.7035
11.662	37.7475	0	40.7035
11.6702	37.7475	0	41.206
11.6712	37.7888	0.0825083	41.206
11.7044	37.8713	0	41.206
11.7815	37.8713	0	41.7085
11.782	37.8713	0.165017	41.7085
11.7823	37.9538	0.0825083	41.7085
11.8503	38.0363	0	41.7085
11.8507	38.0776	0.0825083	41.7085
11.8583	38.1601	0	41.7085
11.8647	38.1601	0	42.2111
11.8652	38.2013	0.0825083	42.2111
11.9533	38.2838	0	42.2111
11.9549	38.3251	0.0825083	42.2111
12.0573	38.4076	0	42.2111
12.06	38.4488	0.0825083	42.2111
12.0988	38.5314	0	42.2111
12.0991	38.5726	0.0825083	42.2111
12.1166	38.6551	0	42.2111
12.157	38.6551	0	42.7136
12.1585	38.6551	0.165017	42.7136
12.1592	38.7376	0.0825083	42.7136
12.1599	38.7376	0.0825083	43.2161
12.1862	38.8201	0	43.2161
12.1865	38.8201	0.0825083	43.2161
12.1996	38.9026	0	43.2161
12.2382	38.9026	0	44.2211
12.2385	38.9439	0.0825083	44.2211
12.2745	39.0264	0	44.2211
12.2748	39.0677	0.0825083	44.2211
12.364	39.1502	0	44.2211
12.3644	39.1914	0.0825083	44.2211
12.3863	39.2739	0	44.2211
12.4806	39.2739	0	44.7236
12.4818	39.3152	0.0825083	44.7236
12.491	39.3977	0	44.7236
12.4912	39.4389	0.0825083	44.7236
12.4929	39.4802	0.165017	44.7236
12.4943	39.5627	0.0825083	44.7236
12.5122	39.6452	0	44.7236
12.5131	39.6452	0.0825083	44.7236
12.5431	39.7277	0	44.7236
12.5472	39.769	0.0825083	44.7236
12.5678	39.8515	0	44.7236
12.6362	39.8515	0	45.2261
12.6367	39.8927	0.0825083	45.2261
12.6378	39.9752	0	45.2261
12.6996	39.9752	0	45.7286
12.7022	40.0165	0.0825083	45.7286
12.7266	40.099	0	45.7286
12.7272	40.1403	0.0825083	45.7286
12.7585	40.2228	0	45.7286
12.789	40.2228	0	46.2312
12.79	40.2228	0.165017	46.2312
12.7911	40.3053	0.0825083	46.2312
12.8378	40.3878	0	46.2312
12.8404	40.429	0.0825083	46.2312
12.8733	40.5116	0	46.2312
12.8759	40.5528	0.0825083	46.2312
13.0382	40.6353	0	46.2312
13.039	40.6353	0.0825083	46.2312
13.1064	40.7178	0	46.2312
13.1459	40.7178	0	46.7337
13.149	40.7591	0.0825083	46.7337
13.152	40.8416	0	46.7337
13.152	40.8416	0.165017	46.7337
13.1531	40.9241	0.0825083	46.7337
13.3239	41.0066	0	46.7337
13.3246	41.0479	0.0825083	46.7337
13.3558	41.1304	0	46.7337
13.3588	41.1716	0.0825083	46.7337
13.5385	41.2541	0	46.7337
13.5421	41.2954	0.0825083	46.7337
13.5443	41.3779	0	46.7337
13.5444	41.3779	0.165017	46.7337
13.5451	41.4604	0.0825083	46.7337
13.6869	41.5429	0	46.7337
13.6871	41.5429	0.165017	46.7337
13.6921	41.6254	0.0825083	46.7337
13.7233	41.7079	0	46.7337
13.7251	41.7492	0.0825083	46.7337
13.752	41.8317	0	46.7337
13.7947	41.8317	0	47.2362
13.7955	41.8317	0.165017	47.2362
13.7964	41.9142	0.0825083	47.2362
13.7976	41.9554	0.165017	47.2362
13.7992	42.038	0.0825083	47.2362
13.844	42.1205	0	47.2362
13.8461	42.1617	0.0825083	47.2362
13.9566	42.2442	0	47.2362
13.9577	42.2855	0.0825083	47.2362
13.9858	42.368	0	47.2362
13.9863	42.4092	0.0825083	47.2362
14.0204	42.4917	0	47.2362
14.072	42.4917	0	47.7387
14.0724	42.4917	0.0825083	47.7387
14.0977	42.5743	0	47.7387
14.1024	42.6155	0.0825083	47.7387
14.1174	42.698	0	47.7387
14.1231	42.698	0	48.2412
14.1278	42.7393	0.0825083	48.2412
14.1939	42.8218	0	48.2412
14.1947	42.8218	0.165017	48.2412
14.2009	42.9043	0.0825083	48.2412
14.2112	42.9868	0	48.2412
14.25	42.9868	0	48.2412
14.2515	43.0281	0.0825083	48.2412
14.2523	43.0693	0.165017	48.2412
14.2528	43.1518	0.0825083	48.2412
14.3045	43.2343	0	48.2412
14.3047	43.2756	0.0825083	48.2412
14.306	43.3168	0.165017	48.2412
14.3062	43.3993	0.0825083	48.2412
14.4536	43.4818	0	48.2412
14.454	43.4818	0.165017	48.2412
14.4565	43.5644	0.0825083	48.2412
14.5406	43.6469	0	48.2412
14.5408	43.6881	0.0825083	48.2412
14.5466	43.7706	0	48.2412
14.5475	43.8119	0.0825083	48.2412
14.5809	43.8944	0	48.2412
14.5863	43.9356	0.0825083	48.2412
14.5945	44.0182	0	48.2412
14.597	44.0594	0.0825083	48.2412
14.6609	44.1419	0	48.2412
14.6654	44.1832	0.0825083	48.2412
14.6745	44.2657	0	48.2412
14.6757	44.2657	0	48.7437
14.6799	44.2657	0.0825083	48.7437
14.7066	44.3482	0	48.7437
14.7083	44.3894	0.0825083	48.7437
14.73	44.4719	0	48.7437
14.8524	44.4719	0	49.2462
14.8525	44.4719	0.0825083	49.2462
14.9417	44.5545	0	49.2462
14.9418	44.5957	0.0825083	49.2462
14.9804	44.6782	0	49.2462
14.9805	44.6782	0.165017	49.2462
14.9825	44.7607	0.0825083	49.2462
15.0012	44.8432	0	49.2462
15.0017	44.8845	0.0825083	49.2462
15.0956	44.967	0	49.2462
15.0963	44.967	0.0825083	49.2462
15.1179	45.0495	0	49.2462
15.1185	45.0908	0.0825083	49.2462
15.1621	45.1733	0	49.2462
15.1657	45.2145	0.0825083	49.2462
15.2158	45.297	0	49.2462
15.2195	45.297	0.165017	49.2462
15.2195	45.3795	0.0825083	49.2462
15.2231	45.462	0	49.2462
15.2277	45.462	0	49.7487
15.228	45.5033	0.0825083	49.7487
15.2327	45.5858	0	49.7487
15.2329	45.5858	0.165017	49.7487
15.235	45.6683	0.0825083	49.7487
15.2724	45.7508	0	49.7487
15.2729	45.7921	0.0825083	49.7487
15.2744	45.8746	0	49.7487
15.2766	45.9158	0.0825083	49.7487
15.3666	45.9983	0	49.7487
15.4289	45.9983	0	50.2513
15.4292	45.9983	0.165017	50.2513
15.4327	46.0809	0.0825083	50.2513
15.4546	46.1634	0	50.2513
15.456	46.2046	0.0825083	50.2513
15.471	46.2871	0	50.2513
15.4732	46.2871	0.0825083	50.2513
15.5109	46.3696	0	50.2513
15.5112	46.4109	0.0825083	50.2513
15.5578	46.4934	0	50.2513
15.5582	46.5347	0.0825083	50.2513
15.5824	46.6172	0	50.2513
15.5837	46.6584	0.0825083	50.2513
15.6311	46.7409	0	50.2513
15.6343	46.7822	0.0825083	50.2513
15.6539	46.8647	0	50.2513
15.654	46.8647	0.165017	50.2513
15.6544	46.9472	0.0825083	50.2513
15.6565	47.0297	0	50.2513
15.6588	47.0297	0.0825083	50.2513
15.6853	47.1122	0	50.2513
15.6861	47.1535	0.0825083	50.2513
15.6869	47.236	0	50.2513
15.6904	47.2772	0.0825083	50.2513
15.6977	47.3597	0	50.2513
15.6983	47.401	0.0825083	50.2513
15.8377	47.4835	0	50.2513
15.8379	47.5248	0.0825083	50.2513
15.8675	47.6073	0	50.2513
15.869	47.6073	0.165017	50.2513
15.8693	47.6898	0.0825083	50.2513
15.8762	47.7723	0	50.2513
15.8767	47.8135	0.0825083	50.2513
15.8892	47.896	0	50.2513
15.8919	47.896	0.165017	50.2513
15.892	47.896	0.165017	50.7538
15.8925	47.9785	0.0825083	50.7538
15.8958	48.0611	0	50.7538
15.8971	48.1023	0.0825083	50.7538
16.0694	48.1848	0	50.7538
16.0762	48.1848	0.0825083	50.7538
16.0762	48.2673	0	50.7538
16.0775	48.3086	0.0825083	50.7538
16.0833	48.3911	0	50.7538
16.0851	48.4323	0.0825083	50.7538
16.1517	48.5149	0	50.7538
16.1517	48.5149	0.165017	50.7538
16.153	48.5974	0.0825083	50.7538
16.2286	48.6799	0	50.7538
16.2896	48.6799	0	51.7588
16.2897	48.7211	0.0825083	51.7588
16.3497	48.8036	0	51.7588
16.3506	48.8036	0.165017	51.7588
16.3519	48.8861	0.0825083	51.7588
16.355	48.9686	0	51.7588
16.3574	49.0099	0.0825083	51.7588
16.4143	49.0924	0	51.7588
16.4572	49.0924	0	52.7638
16.4577	49.0924	0.165017	52.7638
16.4589	49.1749	0.0825083	52.7638
16.47	49.2574	0	52.7638
16.4702	49.2987	0.0825083	52.7638
16.4704	49.3399	0.165017	52.7638
16.4712	49.4224	0.0825083	52.7638
16.4754	49.505	0	52.7638
16.4764	49.505	0.0825083	52.7638
16.5031	49.5875	0	52.7638
16.5046	49.5875	0.0825083	52.7638
16.5121	49.67	0	52.7638
16.521	49.7112	0.0825083	52.7638
16.7918	49.7937	0	52.7638
16.7923	49.7937	0.165017	52.7638
16.7954	49.8762	0.0825083	52.7638
16.8616	49.9587	0	52.7638
16.8632	49.9587	0.0825083	52.7638
16.9145	50.0413	0	52.7638
16.9159	50.0413	0.0825083	52.7638
16.951	50.1238	0	52.7638
16.9515	50.165	0.0825083	52.7638
17.0407	50.2475	0	52.7638
17.0435	50.2475	0.0825083	52.7638
17.0505	50.33	0	52.7638
17.0529	50.3713	0.0825083	52.7638
17.0688	50.4538	0	52.7638
17.0713	50.4538	0.165017	52.7638
17.0717	50.5363	0.0825083	52.7638
17.101	50.6188	0	52.7638
17.1071	50.6601	0.0825083	52.7638
17.272	50.7426	0	52.7638
17.2729	50.7838	0.0825083	52.7638
17.2814	50.8663	0	52.7638
17.2922	50.9076	0.0825083	52.7638
17.3339	50.9901	0	52.7638
17.3341	51.0314	0.0825083	52.7638
17.3427	51.1139	0	52.7638
17.3577	51.1139	0	53.2663
17.3582	51.1139	0.0825083	53.2663
17.4076	51.1964	0	53.2663
17.409	51.1964	0.0825083	53.2663
17.4099	51.2789	0	53.2663
17.4102	51.2789	0.0825083	53.2663
17.4294	51.3614	0	53.2663
17.4304	51.3614	0.165017	53.2663
17.431	51.4439	0.0825083	53.2663
17.4737	51.5264	0	53.2663
17.5522	51.5264	0	53.7688
17.5524	51.5677	0.0825083	53.7688
17.6107	51.6502	0	53.7688
17.614	51.6502	0.165017	53.7688
17.6144	51.7327	0.0825083	53.7688
17.618	51.8152	0	53.7688
17.6189	51.8564	0.0825083	53.7688
17.6477	51.9389	0	53.7688
17.6509	51.9389	0.0825083	53.7688
17.6525	51.9389	0.0825083	54.2714
17.6979	52.0215	0	54.2714
17.6993	52.0627	0.0825083	54.2714
17.7578	52.1452	0	54.2714
17.758	52.1452	0.165017	54.2714
17.7586	52.2277	0.0825083	54.2714
17.9107	52.3102	0	54.2714
17.9115	52.3102	0.0825083	54.2714
17.9197	52.3927	0	54.2714
17.9212	52.434	0.0825083	54.2714
17.9305	52.5165	0	54.2714
17.9307	52.5165	0.0825083	54.2714
17.9398	52.599	0	54.2714
17.9425	52.599	0.0825083	54.2714
17.9955	52.6815	0	54.2714
17.9961	52.7228	0.0825083	54.2714
18.0277	52.8053	0	54.2714
18.0295	52.8053	0.0825083	54.2714
18.0931	52.8878	0	54.2714
18.0938	52.929	0.0825083	54.2714
18.1096	53.0116	0	54.2714
18.1142	53.0528	0.0825083	54.2714
18.1705	53.1353	0	54.2714
18.1714	53.1353	0.165017	54.2714
18.1724	53.2178	0.0825083	54.2714
18.2108	53.3003	0	54.2714
18.215	53.3416	0.0825083	54.2714
18.2237	53.4241	0	54.2714
18.2241	53.4653	0.0825083	54.2714
18.3145	53.5479	0	54.2714
18.4104	53.5479	0	55.2764
18.4107	53.5479	0.165017	55.2764
18.4147	53.6304	0.0825083	55.2764
18.493	53.7129	0	55.2764
18.4951	53.7541	0.0825083	55.2764
18.5417	53.8366	0	55.2764
18.7622	53.8366	0	55.7789
18.7626	53.8366	0.165017	55.7789
18.7641	53.9191	0.0825083	55.7789
18.787	54.0017	0	55.7789
18.7888	54.0429	0.0825083	55.7789
18.7977	54.1254	0	55.7789
18.7995	54.1667	0.0825083	55.7789
18.8939	54.2492	0	55.7789
18.8949	54.2904	0.0825083	55.7789
18.9481	54.3729	0	55.7789
18.9495	54.4142	0.0825083	55.7789
18.9677	54.4967	0	55.7789
18.968	54.538	0.0825083	55.7789
18.969	54.5792	0.165017	55.7789
18.971	54.6617	0.0825083	55.7789
18.9711	54.6617	0.247525	55.7789
18.9711	54.7442	0.165017	55.7789
18.9721	54.8267	0.0825083	55.7789
18.9956	54.9092	0	55.7789
19.002	54.9505	0.0825083	55.7789
19.0069	55.033	0	55.7789
19.0079	55.0743	0.0825083	55.7789
19.246	55.1568	0	55.7789
19.2468	55.1568	0.165017	55.7789
19.2497	55.2393	0.0825083	55.7789
19.3424	55.3218	0	55.7789
19.3438	55.363	0.0825083	55.7789
19.4201	55.4455	0	55.7789
19.4226	55.4868	0.0825083	55.7789
19.4527	55.5693	0	55.7789
19.453	55.5693	0.165017	55.7789
19.4531	55.6518	0.0825083	55.7789
19.516	55.7343	0	55.7789
19.5202	55.7343	0.0825083	55.7789
19.5351	55.8168	0	55.7789
19.5376	55.8168	0.0825083	55.7789
19.5805	55.8993	0	55.7789
19.5819	55.9406	0.0825083	55.7789
19.601	56.0231	0	55.7789
19.6236	56.0231	0	56.7839
19.6249	56.0231	0.165017	56.7839
19.6258	56.1056	0.0825083	56.7839
19.7045	56.1881	0	56.7839
19.7047	56.1881	0.165017	56.7839
19.7057	56.2706	0.0825083	56.7839
19.8104	56.3531	0	56.7839
19.8106	56.3531	0.0825083	56.7839
19.9067	56.4356	0	56.7839
19.9089	56.4769	0.0825083	56.7839
20.0413	56.5594	0	56.7839
20.0532	56.5594	0	57.2864
20.0533	56.6007	0.0825083	57.2864
20.1157	56.6832	0	57.2864
20.1383	56.6832	0	57.7889
20.1409	56.7244	0.0825083	57.7889
20.2203	56.8069	0	57.7889
20.2214	56.8069	0.165017	57.7889
20.2311	56.8894	0.0825083	57.7889
20.2468	56.9719	0	57.7889
20.2468	57.0132	0.0825083	57.7889
20.3747	57.0957	0	57.7889
20.3759	57.0957	0.0825083	57.7889
20.4117	57.1782	0	57.7889
20.4123	57.2195	0.0825083	57.7889
20.4505	57.302	0	57.7889
20.4522	57.3432	0.0825083	57.7889
20.5282	57.4257	0	57.7889
20.6037	57.4257	0	58.2915
20.6038	57.4257	0.0825083	58.2915
20.6149	57.5083	0	58.2915
20.6159	57.5083	0.165017	58.2915
20.6185	57.5908	0.0825083	58.2915
20.6486	57.6733	0	58.2915
20.6506	57.6733	0.165017	58.2915
20.6541	57.7558	0.0825083	58.2915
20.6589	57.8383	0	58.2915
20.6621	57.8383	0.0825083	58.2915
20.7464	57.9208	0	58.2915
20.7476	57.962	0.0825083	58.2915
20.8179	58.0446	0	58.2915
20.8194	58.0858	0.0825083	58.2915
20.9462	58.1683	0	58.2915
20.9845	58.1683	0	58.794
20.9851	58.2096	0.0825083	58.794
21.1276	58.2921	0	58.794
21.128	58.3333	0.0825083	58.794
21.2663	58.4158	0	58.794
21.2669	58.4158	0.0825083	58.794
21.2842	58.4983	0	58.794
21.2861	58.5396	0.0825083	58.794
21.2981	58.6221	0	58.794
21.2982	58.6221	0.165017	58.794
21.3053	58.7046	0.0825083	58.794
21.3188	58.7871	0	58.794
21.3199	58.8284	0.0825083	58.794
21.3816	58.9109	0	58.794
21.4463	58.9109	0	59.2965
21.4481	58.9109	0.0825083	59.2965
21.4485	58.9934	0	59.2965
21.4489	58.9934	0.0825083	59.2965
21.5765	59.0759	0	59.2965
21.5776	59.1172	0.0825083	59.2965
21.6041	59.1997	0	59.2965
21.6045	59.2409	0.0825083	59.2965
21.7264	59.3234	0	59.2965
21.729	59.3647	0.0825083	59.2965
21.7418	59.4472	0	59.2965
21.7419	59.4884	0.0825083	59.2965
21.7843	59.571	0	59.2965
21.7847	59.6122	0.0825083	59.2965
21.8382	59.6947	0	59.2965
21.8427	59.736	0.0825083	59.2965
21.8762	59.8185	0	59.2965
21.8765	59.8185	0.165017	59.2965
21.8771	59.901	0.0825083	59.2965
22.0576	59.9835	0	59.2965
22.0577	59.9835	0.0825083	59.2965
22.1387	60.066	0	59.2965
22.1401	60.1073	0.0825083	59.2965
22.1419	60.1898	0	59.2965
22.1422	60.231	0.0825083	59.2965
22.1645	60.3135	0	59.2965
22.1671	60.3548	0.0825083	59.2965
22.2168	60.4373	0	59.2965
22.2171	60.4373	0.165017	59.2965
22.2178	60.5198	0.0825083	59.2965
22.2214	60.6023	0	59.2965
22.2231	60.6436	0.0825083	59.2965
22.2241	60.6436	0.165017	59.2965
22.2241	60.7261	0.0825083	59.2965
22.463	60.8086	0	59.2965
22.4672	60.8086	0.165017	59.2965
22.4676	60.8911	0.0825083	59.2965
22.481	60.9736	0	59.2965
22.5236	60.9736	0	59.799
22.5241	61.0149	0.0825083	59.799
22.5997	61.0974	0	59.799
22.6039	61.1386	0.0825083	59.799
22.7119	61.2211	0	59.799
22.7121	61.2211	0.165017	59.799
22.7146	61.3036	0.0825083	59.799
22.7174	61.3449	0.165017	59.799
22.7189	61.4274	0.0825083	59.799
22.7759	61.5099	0	59.799
22.7762	61.5512	0.0825083	59.799
22.7822	61.6337	0	59.799
22.7843	61.6749	0.0825083	59.799
22.7865	61.7574	0	59.799
22.7878	61.7987	0.0825083	59.799
22.7879	61.7987	0.247525	59.799
22.7883	61.8812	0.165017	59.799
22.79	61.9637	0.0825083	59.799
22.8817	62.0462	0	59.799
22.8817	62.0462	0.165017	59.799
22.8832	62.1287	0.0825083	59.799
22.9583	62.2112	0	59.799
22.9591	62.2525	0.0825083	59.799
23.0677	62.335	0	59.799
23.0696	62.335	0.165017	59.799
23.0699	62.4175	0.0825083	59.799
23.1253	62.5	0	59.799
23.2834	62.5	0	60.3015
23.2844	62.5413	0.0825083	60.3015
23.285	62.5825	0.165017	60.3015
23.2854	62.665	0.0825083	60.3015
23.302	62.7475	0	60.3015
23.3133	62.7475	0	61.3065
23.3152	62.7475	0.0825083	61.3065
23.371	62.83	0	61.3065
23.3712	62.83	0.165017	61.3065
23.3719	62.9125	0.0825083	61.3065
23.3901	62.995	0	61.3065
23.3936	63.0363	0.0825083	61.3065
23.4351	63.1188	0	61.3065
23.4361	63.1601	0.0825083	61.3065
23.5025	63.2426	0	61.3065
23.6034	63.2426	0	61.809
23.6059	63.2426	0.165017	61.809
23.6062	63.3251	0.0825083	61.809
23.6116	63.4076	0	61.809
23.6122	63.4076	0.165017	61.809
23.6126	63.4901	0.0825083	61.809
23.6286	63.5726	0	61.809
23.6314	63.6139	0.0825083	61.809
23.6318	63.6551	0.165017	61.809
23.632	63.7376	0.0825083	61.809
23.6413	63.8201	0	61.809
23.642	63.8614	0.0825083	61.809
23.8399	63.9439	0	61.809
23.8405	63.9851	0.0825083	61.809
23.8431	64.0677	0	61.809
23.9579	64.0677	0	62.3116
23.9585	64.0677	0.165017	62.3116
23.9586	64.1089	0.247525	62.3116
23.9589	64.1914	0.165017	62.3116
23.961	64.2739	0.0825083	62.3116
24.2982	64.3564	0	62.3116
24.2991	64.3564	0.0825083	62.3116
24.4543	64.4389	0	62.3116
24.4554	64.4389	0.165017	62.3116
24.4563	64.5215	0.0825083	62.3116
24.6467	64.604	0	62.3116
24.6472	64.604	0.0825083	62.3116
24.6791	64.6865	0	62.3116
24.6818	64.7277	0.0825083	62.3116
25.0239	64.8102	0	62.3116
25.0707	64.8102	0	62.8141
25.0796	64.8102	0	63.3166
25.0847	64.8515	0.0825083	63.3166
25.1083	64.934	0	63.3166
25.1083	64.934	0.0825083	63.3166
25.1159	65.0165	0	63.3166
25.1378	65.0165	0	63.8191
25.2627	65.0165	0	64.3216
25.2649	65.0578	0.0825083	64.3216
25.371	65.1403	0	64.3216
25.371	65.1815	0.0825083	64.3216
25.4114	65.264	0	64.3216
25.4132	65.3053	0.0825083	64.3216
25.469	65.3878	0	64.3216
25.5203	65.3878	0	64.8241
25.5208	65.3878	0.165017	64.8241
25.5212	65.4703	0.0825083	64.8241
25.88	65.5528	0	64.8241
25.9674	65.5528	0	65.3266
25.9678	65.5941	0.0825083	65.3266
26.0162	65.6766	0	65.3266
26.0215	65.7178	0.0825083	65.3266
26.0321	65.8003	0	65.3266
26.0346	65.8003	0.165017	65.3266
26.0385	65.8828	0.0825083	65.3266
26.3137	65.9653	0	65.3266
26.3141	65.9653	0.165017	65.3266
26.3147	66.0479	0.0825083	65.3266
26.387	66.1304	0	65.3266
26.3884	66.1716	0.0825083	65.3266
26.412	66.2541	0	65.3266
26.4122	66.2541	0.165017	65.3266
26.4199	66.3366	0.0825083	65.3266
26.6093	66.4191	0	65.3266
26.6101	66.4191	0.165017	65.3266
26.6107	66.5016	0.0825083	65.3266
26.7357	66.5842	0	65.3266
26.7385	66.6254	0.0825083	65.3266
26.7758	66.7079	0	65.3266
26.7784	66.7079	0.165017	65.3266
26.7803	66.7904	0.0825083	65.3266
26.865	66.8729	0	65.3266
26.8655	66.8729	0.165017	65.3266
26.8662	66.9554	0.0825083	65.3266
26.8916	67.038	0	65.3266
26.9099	67.038	0	65.8291
26.9104	67.038	0.165017	65.8291
26.9167	67.1205	0.0825083	65.8291
27.0149	67.203	0	65.8291
27.0159	67.2442	0.0825083	65.8291
27.0842	67.3267	0	65.8291
27.1171	67.3267	0	66.8342
27.1174	67.3267	0.0825083	66.8342
27.1452	67.4092	0	66.8342
27.1458	67.4092	0.0825083	66.8342
27.1467	67.4505	0.165017	66.8342
27.1476	67.533	0.0825083	66.8342
27.168	67.6155	0	66.8342
27.1721	67.6568	0.0825083	66.8342
27.215	67.7393	0	66.8342
27.2185	67.7805	0.0825083	66.8342
27.3144	67.863	0	66.8342
27.3149	67.863	0.165017	66.8342
27.3174	67.9455	0.0825083	66.8342
27.421	68.0281	0	66.8342
27.4249	68.0693	0.0825083	66.8342
27.47	68.1518	0	66.8342
27.6092	68.1518	0	67.3367
27.612	68.1931	0.0825083	67.3367
27.6124	68.1931	0.165017	67.3367
27.6134	68.2756	0.0825083	67.3367
27.6633	68.3581	0	67.3367
27.665	68.3581	0.0825083	67.3367
27.782	68.4406	0	67.3367
28.0506	68.4406	0	67.8392
28.0508	68.4406	0.165017	67.8392
28.0513	68.5231	0.0825083	67.8392
28.1916	68.6056	0	67.8392
28.1922	68.6056	0.0825083	67.8392
28.2291	68.6881	0	67.8392
28.2291	68.7294	0.0825083	67.8392
28.3285	68.8119	0	67.8392
28.3285	68.8531	0.0825083	67.8392
28.4411	68.9356	0	67.8392
28.442	68.9769	0.0825083	67.8392
28.5126	69.0594	0	67.8392
28.5136	69.0594	0.0825083	67.8392
28.6889	69.1419	0	67.8392
28.6899	69.1832	0.0825083	67.8392
28.877	69.2657	0	67.8392
28.8795	69.3069	0.0825083	67.8392
29.0506	69.3894	0	67.8392
29.0519	69.4307	0.0825083	67.8392
29.0767	69.5132	0	67.8392
29.077	69.5132	0.165017	67.8392
29.082	69.5957	0.0825083	67.8392
29.1739	69.6782	0	67.8392
29.1743	69.6782	0.165017	67.8392
29.1746	69.7607	0.0825083	67.8392
29.2695	69.8432	0	67.8392
29.2697	69.8432	0.165017	67.8392
29.272	69.9257	0.0825083	67.8392
29.3872	70.0082	0	67.8392
29.3939	70.0082	0	68.3417
29.3942	70.0495	0.0825083	68.3417
29.4172	70.132	0	68.3417
29.4183	70.1733	0.0825083	68.3417
29.4851	70.2558	0	68.3417
29.4882	70.297	0.0825083	68.3417
29.5285	70.3795	0	68.3417
29.5291	70.3795	0.0825083	68.3417
29.5805	70.462	0	68.3417
29.649	70.462	0	69.3467
29.7576	70.462	0	70.3518
29.7579	70.462	0.165017	70.3518
29.7588	70.5446	0.0825083	70.3518
30.1443	70.6271	0	70.3518
30.1452	70.6683	0.0825083	70.3518
30.2524	70.7508	0	70.3518
30.2526	70.7921	0.0825083	70.3518
30.3038	70.8746	0	70.3518
30.3044	70.8746	0.0825083	70.3518
30.3642	70.9571	0	70.3518
30.365	70.9571	0.165017	70.3518
30.3654	71.0396	0.0825083	70.3518
30.3734	71.1221	0	70.3518
30.376	71.1634	0.0825083	70.3518
30.3971	71.2459	0	70.3518
30.4069	71.2459	0	70.8543
30.6229	71.2459	0	71.8593
30.6231	71.2459	0.165017	71.8593
30.628	71.3284	0.0825083	71.8593
30.6383	71.4109	0	71.8593
30.6392	71.4521	0.0825083	71.8593
30.6969	71.5347	0	71.8593
30.6983	71.5347	0.165017	71.8593
30.6983	71.6172	0.0825083	71.8593
30.8868	71.6997	0	71.8593
30.8878	71.6997	0.0825083	71.8593
30.9989	71.7822	0	71.8593
31.0009	71.8234	0.0825083	71.8593
31.0799	71.9059	0	71.8593
31.0858	71.9472	0.0825083	71.8593
31.1473	72.0297	0	71.8593
31.148	72.071	0.0825083	71.8593
31.1792	72.1535	0	71.8593
31.1798	72.1947	0.0825083	71.8593
31.366	72.2772	0	71.8593
31.3897	72.2772	0	72.3618
31.3934	72.3185	0.0825083	72.3618
31.4097	72.401	0	72.3618
31.4117	72.4422	0.0825083	72.3618
31.5246	72.5247	0	72.3618
31.5259	72.5247	0.165017	72.3618
31.5267	72.6073	0.0825083	72.3618
31.5281	72.6898	0	72.3618
31.5288	72.6898	0.165017	72.3618
31.5307	72.7723	0.0825083	72.3618
31.628	72.8548	0	72.3618
31.6284	72.896	0.0825083	72.3618
31.649	72.9785	0	72.3618
31.6595	73.0198	0.0825083	72.3618
31.7064	73.1023	0	72.3618
31.7065	73.1436	0.0825083	72.3618
31.9792	73.2261	0	72.3618
31.9848	73.2673	0.0825083	72.3618
32.2786	73.3498	0	72.3618
32.3523	73.3498	0	73.3668
32.3539	73.3911	0.0825083	73.3668
32.3977	73.4736	0	73.3668
32.3989	73.5149	0.0825083	73.3668
32.5906	73.5974	0	73.3668
32.5917	73.6386	0.0825083	73.3668
32.6496	73.7211	0	73.3668
32.6508	73.7624	0.0825083	73.3668
32.7335	73.8449	0	73.3668
32.8314	73.8449	0	74.3719
32.8315	73.8861	0.0825083	74.3719
32.8922	73.9686	0	74.3719
32.8925	73.9686	0.165017	74.3719
32.8929	73.9686	0.247525	74.3719
32.8951	74.0512	0.165017	74.3719
32.8958	74.1337	0.0825083	74.3719
33.0396	74.2162	0	74.3719
33.0407	74.2574	0.0825083	74.3719
33.0647	74.3399	0	74.3719
33.0999	74.3399	0	75.3769
33.1	74.3399	0.165017	75.3769
33.1002	74.4224	0.0825083	75.3769
33.1252	74.505	0	75.3769
33.1254	74.5462	0.0825083	75.3769
33.2911	74.6287	0	75.3769
33.2912	74.6287	0.165017	75.3769
33.293	74.7112	0.0825083	75.3769
33.4872	74.7937	0	75.3769
33.4881	74.7937	0.0825083	75.3769
33.5147	74.8762	0	75.3769
33.5149	74.9175	0.0825083	75.3769
33.58	75	0	75.3769
33.5817	75.0413	0.0825083	75.3769
33.7135	75.1238	0	75.3769
33.7146	75.165	0.0825083	75.3769
33.7294	75.2475	0	75.3769
33.7296	75.2475	0.165017	75.3769
33.7323	75.33	0.0825083	75.3769
33.9214	75.4125	0	75.3769
33.9235	75.4538	0.0825083	75.3769
34.1396	75.5363	0	75.3769
34.1435	75.5776	0.0825083	75.3769
34.2025	75.6601	0	75.3769
34.2036	75.7013	0.0825083	75.3769
34.3989	75.7838	0	75.3769
34.4012	75.8251	0.0825083	75.3769
34.4534	75.9076	0	75.3769
34.4542	75.9488	0.0825083	75.3769
34.4948	76.0314	0	75.3769
34.7873	76.0314	0	75.8794
34.7895	76.0726	0.0825083	75.8794
34.8757	76.1551	0	75.8794
34.8761	76.1964	0.0825083	75.8794
35.1261	76.2789	0	75.8794
35.2058	76.2789	0	76.3819
35.2071	76.3201	0.0825083	76.3819
35.2886	76.4026	0	76.3819
35.2892	76.4439	0.0825083	76.3819
35.3475	76.5264	0	76.3819
35.3483	76.5264	0.0825083	76.3819
35.5334	76.6089	0	76.3819
35.534	76.6502	0.0825083	76.3819
35.5514	76.7327	0	76.3819
35.5534	76.7739	0.0825083	76.3819
35.624	76.8564	0	76.3819
35.6262	76.8977	0.0825083	76.3819
35.6262	76.9802	0	76.3819
35.6271	76.9802	0.0825083	76.3819
35.7033	77.0627	0	76.3819
35.7034	77.0627	0.165017	76.3819
35.7051	77.1452	0.0825083	76.3819
35.8533	77.2277	0	76.3819
35.8555	77.269	0.0825083	76.3819
36.1153	77.3515	0	76.3819
36.1181	77.3927	0.0825083	76.3819
36.1686	77.4753	0	76.3819
36.1691	77.4753	0.165017	76.3819
36.1693	77.5578	0.0825083	76.3819
36.1736	77.6403	0	76.3819
36.1786	77.6815	0.0825083	76.3819
36.5703	77.764	0	76.3819
36.7091	77.764	0	77.3869
36.7124	77.8053	0.0825083	77.3869
36.748	77.8878	0	77.3869
36.8446	77.8878	0	78.392
36.8451	77.929	0.0825083	78.392
36.9341	78.0116	0	78.392
36.9342	78.0528	0.0825083	78.392
36.9505	78.1353	0	78.392
36.9507	78.1766	0.0825083	78.392
37.0002	78.2591	0	78.392
37.0032	78.3003	0.0825083	78.392
37.2527	78.3828	0	78.392
37.2562	78.4241	0.0825083	78.392
37.2939	78.5066	0	78.392
37.2944	78.5066	0.0825083	78.392
37.3266	78.5891	0	78.392
37.3283	78.6304	0.0825083	78.392
37.3676	78.7129	0	78.392
37.3681	78.7129	0.165017	78.392
37.3686	78.7954	0.0825083	78.392
37.4419	78.8779	0	78.392
37.6231	78.8779	0	78.8945
37.6247	78.9191	0.0825083	78.8945
37.691	79.0016	0	78.8945
37.692	79.0429	0.0825083	78.8945
37.7496	79.1254	0	78.8945
37.7521	79.1254	0.165017	78.8945
37.7527	79.2079	0.0825083	78.8945
37.7714	79.2904	0	78.8945
37.772	79.3317	0.0825083	78.8945
37.7761	79.4142	0	78.8945
37.7764	79.4142	0.165017	78.8945
37.7768	79.4967	0.0825083	78.8945
37.8953	79.5792	0	78.8945
37.8955	79.6205	0.0825083	78.8945
38.0054	79.703	0	78.8945
38.0057	79.703	0.165017	78.8945
38.0081	79.7855	0.0825083	78.8945
38.5445	79.868	0	78.8945
38.5468	79.9092	0.0825083	78.8945
38.7111	79.9918	0	78.8945
38.7138	80.033	0.0825083	78.8945
39.0853	80.1155	0	78.8945
39.0874	80.1155	0.165017	78.8945
39.0905	80.198	0.0825083	78.8945
39.207	80.2805	0	78.8945
39.2089	80.3218	0.0825083	78.8945
39.7631	80.4043	0	78.8945
39.7642	80.4043	0.165017	78.8945
39.7655	80.4868	0.0825083	78.8945
39.8753	80.5693	0	78.8945
39.8757	80.5693	0.0825083	78.8945
39.9626	80.6518	0	78.8945
39.9657	80.6931	0.0825083	78.8945
40.1316	80.7756	0	78.8945
40.1322	80.7756	0.165017	78.8945
40.1336	80.8581	0.0825083	78.8945
40.3324	80.9406	0	78.8945
40.4083	80.9406	0	79.397
40.4096	80.9818	0.0825083	79.397
40.4205	81.0644	0	79.397
40.4214	81.0644	0.0825083	79.397
40.4968	81.1469	0	79.397
40.4974	81.1881	0.0825083	79.397
40.5055	81.2706	0	79.397
40.5056	81.3119	0.0825083	79.397
40.7863	81.3944	0	79.397
40.792	81.3944	0.0825083	79.397
40.8201	81.4769	0	79.397
40.8903	81.4769	0	80.402
40.911	81.4769	0	81.407
41.0534	81.4769	0	82.4121
41.0576	81.5182	0.0825083	82.4121
41.3009	81.6007	0	82.4121
41.3013	81.6419	0.0825083	82.4121
41.4796	81.7244	0	82.4121
41.4804	81.7244	0.165017	82.4121
41.4841	81.8069	0.0825083	82.4121
41.5184	81.8894	0	82.4121
41.5186	81.9307	0.0825083	82.4121
41.5499	82.0132	0	82.4121
41.5503	82.0545	0.0825083	82.4121
41.5882	82.137	0	82.4121
41.5891	82.137	0.0825083	82.4121
41.9248	82.2195	0	82.4121
41.927	82.2195	0.0825083	82.4121
42.0273	82.302	0	82.4121
42.0281	82.3432	0.0825083	82.4121
42.0535	82.4257	0	82.4121
42.0536	82.4257	0.165017	82.4121
42.054	82.5082	0.0825083	82.4121
42.6304	82.5908	0	82.4121
42.6309	82.632	0.0825083	82.4121
42.9809	82.7145	0	82.4121
42.9835	82.7558	0.0825083	82.4121
43.2253	82.8383	0	82.4121
43.2271	82.8795	0.0825083	82.4121
43.244	82.962	0	82.4121
43.2456	83.0033	0.0825083	82.4121
43.3752	83.0858	0	82.4121
43.3753	83.1271	0.0825083	82.4121
44.0155	83.2096	0	82.4121
44.0159	83.2096	0.165017	82.4121
44.0196	83.2921	0.0825083	82.4121
44.2323	83.3746	0	82.4121
44.2327	83.4158	0.0825083	82.4121
44.3205	83.4984	0	82.4121
44.3246	83.5396	0.0825083	82.4121
44.4133	83.6221	0	82.4121
44.4139	83.6634	0.0825083	82.4121
44.4143	83.6634	0.247525	82.4121
44.4154	83.7459	0.165017	82.4121
44.4162	83.8284	0.0825083	82.4121
44.6048	83.9109	0	82.4121
44.6074	83.9109	0.0825083	82.4121
44.6446	83.9934	0	82.4121
44.6449	84.0347	0.0825083	82.4121
44.8408	84.1172	0	82.4121
44.8413	84.1172	0.165017	82.4121
44.8414	84.1997	0.0825083	82.4121
44.9301	84.2822	0	82.4121
45.0879	84.2822	0	83.4171
45.0882	84.3234	0.0825083	83.4171
45.1301	84.4059	0	83.4171
45.1303	84.4472	0.0825083	83.4171
45.1668	84.5297	0	83.4171
45.1696	84.571	0.0825083	83.4171
45.4372	84.6535	0	83.4171
45.4414	84.6947	0.0825083	83.4171
45.573	84.7772	0	83.4171
45.5786	84.8185	0.0825083	83.4171
45.7812	84.901	0	83.4171
46.1192	84.901	0	83.9196
46.1195	84.901	0.165017	83.9196
46.122	84.9835	0.0825083	83.9196
46.6255	85.066	0	83.9196
47.0008	85.066	0	84.9246
47.0035	85.1073	0.0825083	84.9246
47.2072	85.1898	0	84.9246
47.2082	85.231	0.0825083	84.9246
47.2182	85.3135	0	84.9246
47.2189	85.3135	0.0825083	84.9246
47.8205	85.396	0	84.9246
48.0161	85.396	0	85.4271
48.2443	85.396	0	86.4322
48.5894	85.396	0	87.4372
48.8895	85.396	0	88.4422
48.8901	85.396	0.165017	88.4422
48.8903	85.4785	0.0825083	88.4422
48.9916	85.5611	0	88.4422
49.253	85.5611	0	89.4472
49.2638	85.6023	0.0825083	89.4472
50.3465	85.6848	0	89.4472
50.3481	85.7261	0.0825083	89.4472
50.6295	85.8086	0	89.4472
50.6298	85.8498	0.0825083	89.4472
51.1191	85.9323	0	89.4472
51.2673	85.9323	0	90.4523
51.2687	85.9323	0.165017	90.4523
51.27	86.0149	0.0825083	90.4523
51.5608	86.0974	0	90.4523
51.5608	86.0974	0.0825083	90.4523
51.8799	86.1799	0	90.4523
51.8817	86.2211	0.0825083	90.4523
52.07	86.3036	0	90.4523
52.0706	86.3449	0.0825083	90.4523
52.1776	86.4274	0	90.4523
52.3505	86.4274	0	90.9548
52.4964	86.4274	0	91.9598
52.4981	86.4686	0.0825083	91.9598
52.7085	86.5512	0	91.9598
52.7092	86.5924	0.0825083	91.9598
53.099	86.6749	0	91.9598
53.0993	86.7162	0.0825083	91.9598
53.3523	86.7987	0	91.9598
53.4449	86.7987	0	92.9648
53.4461	86.8399	0.0825083	92.9648
53.678	86.9224	0	92.9648
53.6783	86.9224	0.165017	92.9648
53.6789	87.005	0.0825083	92.9648
53.7507	87.0875	0	92.9648
53.7527	87.1287	0.0825083	92.9648
53.7677	87.2112	0	92.9648
54.1614	87.2112	0	93.9698
54.1615	87.2525	0.0825083	93.9698
54.7303	87.335	0	93.9698
54.7343	87.3762	0.0825083	93.9698
54.8615	87.4587	0	93.9698
54.8626	87.5	0.0825083	93.9698
54.8942	87.5825	0	93.9698
54.94	87.5825	0	94.9749
54.9431	87.6238	0.0825083	94.9749
54.9636	87.7063	0	94.9749
54.9724	87.7475	0.0825083	94.9749
55.2981	87.83	0	94.9749
55.3	87.8713	0.0825083	94.9749
55.9531	87.9538	0	94.9749
55.9542	87.9538	0.165017	94.9749
55.9543	88.0363	0.0825083	94.9749
56.3275	88.1188	0	94.9749
56.3284	88.1601	0.0825083	94.9749
56.9121	88.2426	0	94.9749
56.9123	88.2838	0.0825083	94.9749
57.1037	88.3663	0	94.9749
57.1049	88.4076	0.0825083	94.9749
57.1945	88.4901	0	94.9749
57.1954	88.5314	0.0825083	94.9749
57.3612	88.6139	0	94.9749
57.5955	88.6139	0	95.9799
57.5957	88.6551	0.0825083	95.9799
57.8484	88.7376	0	95.9799
57.8485	88.7376	0.0825083	95.9799
57.862	88.8201	0	95.9799
57.8637	88.8201	0.165017	95.9799
57.864	88.9026	0.0825083	95.9799
57.9199	88.9851	0	95.9799
57.9199	88.9851	0.165017	95.9799
57.9212	89.0677	0.0825083	95.9799
58.3759	89.1502	0	95.9799
58.3763	89.1502	0.165017	95.9799
58.3767	89.2327	0.0825083	95.9799
58.6554	89.3152	0	95.9799
59.0119	89.3152	0	96.9849
59.0119	89.3152	0.165017	96.9849
59.0148	89.3977	0.0825083	96.9849
59.0438	89.4802	0	96.9849
59.0453	89.4802	0.0825083	96.9849
59.473	89.5627	0	96.9849
59.4751	89.604	0.0825083	96.9849
59.6753	89.6865	0	96.9849
59.6783	89.7277	0.0825083	96.9849
59.9278	89.8102	0	96.9849
59.9284	89.8515	0.0825083	96.9849
60.4737	89.934	0	96.9849
60.4754	89.934	0.0825083	96.9849
60.586	90.0165	0	96.9849
60.586	90.0165	0.0825083	96.9849
60.5952	90.099	0	96.9849
60.5954	90.1403	0.0825083	96.9849
60.6492	90.2228	0	96.9849
60.6498	90.264	0.0825083	96.9849
60.7387	90.3465	0	96.9849
60.7392	90.3465	0.0825083	96.9849
61.3958	90.429	0	96.9849
61.3972	90.4703	0.0825083	96.9849
61.4732	90.5528	0	96.9849
61.4739	90.5528	0.0825083	96.9849
61.5377	90.6353	0	96.9849
61.5394	90.6766	0.0825083	96.9849
61.6245	90.7591	0	96.9849
61.6276	90.8003	0.0825083	96.9849
61.6477	90.8828	0	96.9849
61.649	90.9241	0.0825083	96.9849
62.0536	91.0066	0	96.9849
62.0541	91.0066	0.165017	96.9849
62.0558	91.0891	0.0825083	96.9849
62.2235	91.1716	0	96.9849
62.2239	91.1716	0.165017	96.9849
62.2246	91.2541	0.0825083	96.9849
62.3192	91.3366	0	96.9849
62.3195	91.3779	0.0825083	96.9849
62.5797	91.4604	0	96.9849
62.5826	91.5016	0.0825083	96.9849
62.673	91.5842	0	96.9849
62.6733	91.5842	0.165017	96.9849
62.6757	91.6667	0.0825083	96.9849
63.0697	91.7492	0	96.9849
63.0715	91.7904	0.0825083	96.9849
63.9859	91.8729	0	96.9849
63.9911	91.9142	0.0825083	96.9849
64.1921	91.9967	0	96.9849
64.1926	92.038	0.0825083	96.9849
64.7625	92.1205	0	96.9849
64.7646	92.1617	0.0825083	96.9849
64.8375	92.2442	0	96.9849
64.8383	92.2442	0.165017	96.9849
64.8386	92.3267	0.0825083	96.9849
65.3063	92.4092	0	96.9849
65.3105	92.4505	0.0825083	96.9849
66.2263	92.533	0	96.9849
66.2273	92.533	0.165017	96.9849
66.23	92.6155	0.0825083	96.9849
66.3728	92.698	0	96.9849
66.3765	92.7393	0.0825083	96.9849
66.4137	92.8218	0	96.9849
66.4183	92.863	0.0825083	96.9849
66.5928	92.9455	0	96.9849
66.5943	92.9455	0.165017	96.9849
66.5948	93.0281	0.0825083	96.9849
66.7631	93.1106	0	96.9849
66.7681	93.1518	0.0825083	96.9849
66.7735	93.2343	0	96.9849
67.6345	93.2343	0	97.99
67.6346	93.2343	0.0825083	97.99
67.9199	93.3168	0	97.99
67.9213	93.3581	0.0825083	97.99
69.0403	93.4406	0	97.99
69.6714	93.4406	0	98.995
69.673	93.4818	0.0825083	98.995
69.7437	93.5644	0	98.995
69.7448	93.6056	0.0825083	98.995
70.4352	93.6881	0	98.995
70.4361	93.7294	0.0825083	98.995
71.36	93.8119	0	98.995
71.3614	93.8531	0.0825083	98.995
71.369	93.9356	0	98.995
71.3778	93.9769	0.0825083	98.995
71.5612	94.0594	0	98.995
71.5643	94.1007	0.0825083	98.995
72.4246	94.1832	0	98.995
72.4259	94.1832	0.165017	98.995
72.432	94.2657	0.0825083	98.995
72.882	94.3482	0	98.995
72.8824	94.3482	0.0825083	98.995
73.4709	94.4307	0	98.995
73.4735	94.4719	0.0825083	98.995
74.8873	94.5545	0	98.995
74.8875	94.5545	0.0825083	98.995
74.889	94.637	0	98.995
74.8913	94.6782	0.0825083	98.995
76.1536	94.7607	0	98.995
76.1556	94.802	0.0825083	98.995
78.0204	94.8845	0	98.995
78.0224	94.9257	0.0825083	98.995
78.5558	95.0082	0	98.995
78.5581	95.0082	0.0825083	98.995
81.5415	95.0908	0	98.995
81.5432	95.132	0.0825083	98.995
85.8966	95.2145	0	98.995
85.8966	95.2558	0.0825083	98.995
86.4661	95.3383	0	98.995
86.4671	95.3383	0.165017	98.995
86.4685	95.4208	0.0825083	98.995
86.5334	95.5033	0	98.995
86.5359	95.5446	0.0825083	98.995
86.6776	95.6271	0	98.995
86.6778	95.6683	0.0825083	98.995
89.4148	95.7508	0	98.995
89.4206	95.7921	0.0825083	98.995
90.3837	95.8746	0	98.995
90.3847	95.8746	0.0825083	98.995
93.5488	95.9571	0	98.995
93.549	95.9984	0.0825083	98.995
95.5548	96.0809	0	98.995
95.5552	96.1221	0.0825083	98.995
95.8451	96.2046	0	98.995
95.8472	96.2459	0.0825083	98.995
96.3752	96.3284	0	98.995
96.6957	96.3284	0	100
96.6971	96.3284	0.0825083	100
97.6174	96.4109	0	100
97.6178	96.4109	0.0825083	100
99.2932	96.4934	0	100
99.297	96.4934	0.0825083	100
100.456	96.5759	0	100
100.457	96.6172	0.0825083	100
101.319	96.6997	0	100
101.32	96.7409	0.0825083	100
103.494	96.8234	0	100
103.495	96.8647	0.0825083	100
103.583	96.9472	0	100
103.583	96.9884	0.0825083	100
105.193	97.071	0	100
105.2	97.1122	0.0825083	100
105.847	97.1947	0	100
105.848	97.236	0.0825083	100
106.142	97.3185	0	100
106.146	97.3597	0.0825083	100
106.394	97.4422	0	100
106.394	97.4422	0.165017	100
106.396	97.5247	0.0825083	100
107.437	97.6073	0	100
107.437	97.6073	0.165017	100
107.444	97.6898	0.0825083	100
108.279	97.7723	0	100
108.279	97.8135	0.0825083	100
108.953	97.896	0	100
108.954	97.9373	0.0825083	100
109.892	98.0198	0	100
109.893	98.0611	0.0825083	100
109.934	98.1436	0	100
109.936	98.1848	0.0825083	100
110.041	98.2673	0	100
110.044	98.3086	0.0825083	100
110.661	98.3911	0	100
110.662	98.4323	0.0825083	100
112.339	98.5149	0	100
112.342	98.5561	0.0825083	100
112.533	98.6386	0	100
112.537	98.6799	0.0825083	100
123.021	98.7624	0	100
123.026	98.8036	0.0825083	100
123.123	98.8861	0	100
123.125	98.9274	0.0825083	100
131.672	99.0099	0	100
131.676	99.0512	0.0825083	100
132.212	99.1337	0	100
132.212	99.1749	0.0825083	100
145.5	99.2574	0	100
145.502	99.2987	0.0825083	100
151.968	99.3812	0	100
151.968	99.3812	0.165017	100
151.969	99.4637	0.0825083	100
154.509	99.5462	0	100
154.509	99.5875	0.0825083	100
165.839	99.67	0	100
165.845	99.7112	0.0825083	100
178.379	99.7937	0	100
178.386	99.7937	0.0825083	100
184.061	99.8762	0	100
184.064	99.9175	0.0825083	100
