3.62738e-07	0	0	0
4.18693e-07	0	0	0
9.36341e-07	0	0	0
1.07965e-06	0	0	0
1.70291e-06	0	0	0
1.70945e-06	0	0	0
2.01248e-06	0	0	0
2.61591e-06	0	0	0
3.45916e-06	0	0	0
4.02e-06	0	0	0
4.61035e-06	0	0	0
5.38516e-06	0	0	0
5.73006e-06	0	0	0
5.78518e-06	0	0	0
6.23349e-06	0	0	0
6.91088e-06	0	0	0
8.25766e-06	0	0	0
8.71781e-06	0	0	0
8.72695e-06	0	0	0
8.83197e-06	0	0	0
9.20814e-06	0	0	0
9.47169e-06	0	0	0
9.62313e-06	0	0	0
9.8645e-06	0	0	0
9.92644e-06	0	0	0
1.05627e-05	0	0	0
1.06164e-05	0	0	0
1.13535e-05	0	0	0
1.27396e-05	0	0	0
1.36579e-05	0	0	0
1.38206e-05	0	0	0
1.4785e-05	0	0	0
1.48093e-05	0	0	0
1.49106e-05	0	0	0
1.6129e-05	0	0	0
1.66817e-05	0	0	0
1.75333e-05	0	0	0
1.76028e-05	0	0	0
1.7983e-05	0	0	0
1.89024e-05	0	0	0
1.90667e-05	0	0	0
1.9072e-05	0	0	0
2.04661e-05	0	0	0
2.11239e-05	0	0	0
2.16992e-05	0	0	0
2.33771e-05	0	0	0
2.36252e-05	0	0	0
2.49779e-05	0	0	0
2.53133e-05	0	0	0
2.6326e-05	0	0	0
2.64603e-05	0	0	0
2.6488e-05	0	0	0
2.65104e-05	0	0	0
2.65213e-05	0	0	0
2.75786e-05	0	0	0
2.91568e-05	0	0	0
2.96732e-05	0	0	0
3.02189e-05	0	0	0
3.05875e-05	0	0	0
3.14085e-05	0	0	0
3.16963e-05	0	0	0
3.18369e-05	0	0	0
3.34942e-05	0	0	0
3.43008e-05	0	0	0
3.48391e-05	0	0	0
3.55349e-05	0	0	0
3.56721e-05	0	0	0
3.64926e-05	0	0	0
3.67339e-05	0	0	0
3.73547e-05	0	0	0
3.76773e-05	0	0	0
3.77704e-05	0	0	0
3.95165e-05	0	0	0
3.98282e-05	0	0	0
4.01984e-05	0	0	0
4.08939e-05	0	0	0
4.10083e-05	0	0	0
4.10309e-05	0	0	0
4.11414e-05	0	0	0
4.3055e-05	0	0	0
4.34127e-05	0	0	0
4.34642e-05	0	0	0
4.4113e-05	0	0	0
4.46435e-05	0	0	0
4.47968e-05	0	0	0
4.55877e-05	0	0	0
4.63743e-05	0	0	0
4.67748e-05	0	0	0
4.69316e-05	0	0	0
4.70455e-05	0	0	0
4.75039e-05	0	0	0
4.78295e-05	0	0	0
4.80228e-05	0	0	0
4.85455e-05	0	0	0
4.91958e-05	0	0	0
5.02194e-05	0	0	0
5.05487e-05	0	0	0
5.21433e-05	0	0	0
5.22334e-05	0	0	0
5.33308e-05	0	0	0
5.34775e-05	0	0	0
5.35929e-05	0	0	0
5.4796e-05	0	0	0
5.54417e-05	0	0	0
5.55705e-05	0	0	0
5.63737e-05	0	0	0
5.69319e-05	0	0	0
5.82743e-05	0	0	0
5.91082e-05	0	0	0
5.92969e-05	0	0	0
6.22948e-05	0	0	0
6.33075e-05	0	0	0
6.34893e-05	0	0	0
6.35055e-05	0	0	0
6.45381e-05	0	0	0
6.47598e-05	0	0	0
6.53463e-05	0	0	0
6.57107e-05	0	0	0
6.6446e-05	0	0	0
6.67364e-05	0	0	0
6.7602e-05	0	0	0
6.82673e-05	0	0	0
6.87098e-05	0	0	0
6.94679e-05	0	0	0
7.0681e-05	0	0	0
7.08635e-05	0	0	0
7.30949e-05	0	0	0
7.32982e-05	0	0	0
7.34751e-05	0	0	0
7.40967e-05	0	0	0
7.43048e-05	0	0	0
7.55772e-05	0	0	0
7.84845e-05	0	0	0
7.89618e-05	0	0	0
7.93661e-05	0	0	0
8.02085e-05	0	0	0
8.05396e-05	0	0	0
8.05635e-05	0	0	0
8.09686e-05	0	0	0
8.2647e-05	0	0	0
8.26949e-05	0	0	0
8.29622e-05	0	0	0
8.45665e-05	0	0	0
8.54526e-05	0	0	0
8.56338e-05	0	0	0
8.64187e-05	0	0	0
8.99948e-05	0	0	0
8.99976e-05	0	0	0
9.00342e-05	0	0	0
9.01245e-05	0	0	0
9.03815e-05	0	0	0
9.14354e-05	0	0	0
9.16846e-05	0	0	0
9.3538e-05	0	0	0
9.45103e-05	0	0	0
9.5638e-05	0	0	0
9.94428e-05	0	0	0
0.000100568	0	0	0
0.000101448	0	0	0
0.000101657	0	0	0
0.000101718	0	0	0
0.000102762	0	0	0
0.000103679	0	0	0
0.000106098	0	0	0
0.00010957	0	0	0
0.000110308	0	0	0
0.000110468	0	0	0
0.00011063	0	0	0
0.000111036	0	0	0
0.000111807	0	0	0
0.000112042	0	0	0
0.000112665	0	0	0
0.00011366	0	0	0
0.000114706	0	0	0
0.000114745	0	0	0
0.000116404	0	0	0
0.000116824	0	0	0
0.000117213	0	0	0
0.00011816	0	0	0
0.000118398	0	0	0
0.000118489	0	0	0
0.000119505	0	0	0
0.000119624	0	0	0
0.000119853	0	0	0
0.000121347	0	0	0
0.000121655	0	0	0
0.000121771	0	0	0
0.000122044	0	0	0
0.000122409	0	0	0
0.000122672	0	0	0
0.000122985	0	0	0
0.000123754	0	0	0
0.000123859	0	0	0
0.000124145	0	0	0
0.000124894	0	0	0
0.000124915	0	0	0
0.000125071	0	0	0
0.000125556	0	0	0
0.00012566	0	0	0
0.000126689	0	0	0
0.000127533	0	0	0
0.000127745	0	0	0
0.000127768	0	0	0
0.000128328	0	0	0
0.000129108	0	0	0
0.00012955	0	0	0
0.000130646	0	0	0
0.0001314	0	0	0
0.000133322	0	0	0
0.000133912	0	0	0
0.000133915	0	0	0
0.00013528	0	0	0
0.000137703	0	0	0
0.000142612	0	0	0
0.000142806	0	0	0
0.000143566	0	0	0
0.000143717	0	0	0
0.000143912	0	0	0
0.000143913	0	0	0
0.000145176	0	0	0
0.000146814	0	0	0
0.000148444	0	0	0
0.000149651	0	0	0
0.000149976	0	0	0
0.000150375	0	0	0
0.000151039	0	0	0
0.000151457	0	0	0
0.000153354	0	0	0
0.000154616	0	0	0
0.000155833	0	0	0
0.00015597	0	0	0
0.000156062	0	0	0
0.000156474	0	0	0
0.00015655	0	0	0
0.000156578	0	0	0
0.000157274	0	0	0
0.000157286	0	0	0
0.000157548	0	0	0
0.000158379	0	0	0
0.000158505	0	0	0
0.000159236	0	0	0
0.000159852	0	0	0
0.00016034	0	0	0
0.000163945	0	0	0
0.000164	0	0	0
0.000164287	0	0	0
0.000166109	0	0	0
0.000166221	0	0	0
0.000166569	0	0	0
0.000166885	0	0	0
0.000171133	0	0	0
0.000171775	0	0	0
0.000172792	0	0	0
0.000172886	0	0	0
0.000173594	0	0	0
0.000173983	0	0	0
0.000174007	0	0	0
0.000174303	0	0	0
0.000175423	0	0	0
0.000176291	0	0	0
0.000176298	0	0	0
0.000176681	0	0	0
0.000177182	0	0	0
0.000177919	0	0	0
0.000178795	0	0	0
0.000179772	0	0	0
0.000180289	0	0	0
0.000180759	0	0	0
0.000180958	0	0	0
0.000184956	0	0	0
0.000188036	0	0	0
0.000188363	0	0	0
0.000188745	0	0	0
0.000189552	0	0	0
0.000189861	0	0	0
0.000191099	0	0	0
0.000192607	0	0	0
0.000193316	0	0	0
0.000196835	0	0	0
0.000197042	0	0	0
0.000197321	0	0	0
0.000199671	0	0	0
0.000202628	0	0	0
0.000202841	0	0	0
0.000203121	0	0	0
0.000203483	0	0	0
0.000203742	0	0	0
0.000203872	0	0	0
0.000204433	0	0	0
0.000205058	0	0	0
0.000205731	0	0	0
0.000206466	0	0	0
0.000208025	0	0	0
0.000208113	0	0	0
0.000209107	0	0	0
0.000210598	0	0	0
0.000211904	0	0	0
0.000212478	0	0	0
0.000212606	0	0	0
0.000212885	0	0	0
0.000216842	0	0	0
0.000217439	0	0	0
0.000221651	0	0	0
0.000223933	0	0	0
0.000224152	0	0	0
0.000225684	0	0	0
0.000228563	0	0	0
0.000229058	0	0	0
0.000230695	0	0	0
0.000231174	0	0	0
0.000233358	0	0	0
0.000233826	0	0	0
0.000235933	0	0	0
0.000236503	0	0	0
0.000237022	0	0	0
0.000237583	0	0	0
0.000237754	0	0	0
0.000238938	0	0	0
0.000240099	0	0	0
0.000243108	0	0	0
0.000243347	0	0	0
0.000245304	0	0	0
0.000249457	0	0	0
0.000256464	0	0	0
0.000257518	0	0	0
0.000258324	0	0	0
0.000260323	0	0	0
0.000260403	0	0	0
0.000260486	0	0	0
0.00026053	0	0	0
0.000261511	0	0	0
0.000262651	0	0	0
0.000262809	0	0	0
0.000264399	0	0	0
0.000265765	0	0	0
0.0002674	0	0	0
0.000269406	0	0	0
0.000270647	0	0	0
0.000270872	0	0	0
0.00027141	0	0	0
0.000271492	0	0	0
0.000272262	0	0	0
0.000272691	0	0	0
0.000275514	0	0	0
0.000275651	0	0	0
0.000279911	0	0	0
0.000282126	0	0	0
0.000284147	0	0	0
0.000284692	0	0	0
0.000289332	0	0	0
0.000289389	0	0	0
0.000290909	0	0	0
0.000294532	0	0	0
0.000295249	0	0	0
0.000296038	0	0	0
0.000296734	0	0	0
0.000298052	0	0	0
0.000300522	0	0	0
0.000301826	0	0	0
0.00030254	0	0	0
0.000304716	0	0	0
0.000305091	0	0	0
0.000305108	0	0	0
0.000309963	0	0	0
0.000313424	0	0	0
0.000314612	0	0	0
0.000316051	0	0	0
0.000316094	0	0	0
0.000316119	0	0	0
0.000317073	0	0	0
0.000319541	0	0	0
0.000322292	0	0	0
0.000323635	0	0	0
0.000325488	0	0	0
0.000327505	0	0	0
0.000329864	0	0	0
0.00033018	0	0	0
0.000330832	0	0	0
0.000332122	0	0	0
0.000332526	0	0	0
0.000339812	0	0	0
0.000340156	0	0	0
0.000341542	0	0	0
0.000341624	0	0	0
0.00034229	0	0	0
0.000342583	0	0	0
0.000343283	0	0	0
0.000344238	0	0	0
0.000344608	0	0	0
0.000345794	0	0	0
0.000345802	0	0	0
0.00034718	0	0	0
0.000349229	0	0	0
0.000351193	0	0	0
0.000352428	0	0	0
0.000353565	0	0	0
0.000353893	0	0	0
0.000353981	0	0	0
0.000354949	0	0	0
0.000355576	0	0	0
0.00035886	0	0	0
0.000359104	0	0	0
0.000359751	0	0	0
0.000363128	0	0	0
0.000363769	0	0	0
0.000364171	0	0	0
0.000364461	0	0	0
0.000364499	0	0	0
0.000366561	0	0	0
0.000368957	0	0	0
0.000369132	0	0	0
0.000370646	0	0	0
0.000371305	0	0	0
0.000373038	0	0	0
0.000374843	0	0	0
0.000375555	0	0	0
0.000377934	0	0	0
0.000378891	0	0	0
0.000379355	0	0	0
0.000381361	0	0	0
0.00038349	0	0	0
0.00038701	0	0	0
0.000388803	0	0	0
0.000397649	0	0	0
0.000402306	0	0	0
0.000403489	0	0	0
0.000405208	0	0	0
0.000406306	0	0	0
0.000408524	0	0	0
0.000408889	0	0	0
0.000412247	0	0	0
0.000412412	0	0	0
0.000415881	0	0	0
0.000417116	0	0	0
0.000417698	0	0	0
0.000424053	0	0	0
0.000424258	0	0	0
0.000428977	0	0	0
0.000431314	0	0	0
0.000432478	0	0	0
0.00043669	0	0	0
0.000442566	0	0	0
0.000444327	0	0	0
0.000453376	0	0	0
0.000456833	0	0	0
0.000466511	0	0	0
0.000468222	0	0	0
0.000469996	0	0	0
0.000470757	0	0	0
0.000471442	0	0	0
0.000473735	0	0	0
0.000475333	0	0	0
0.000477522	0	0	0
0.0004787	0	0	0
0.000481257	0	0	0
0.000485502	0	0	0
0.000486692	0	0	0
0.000488341	0	0	0
0.00049135	0	0	0
0.000492288	0	0	0
0.000493231	0	0	0
0.000497022	0	0	0
0.000501544	0	0	0
0.000504489	0	0	0
0.000507235	0	0	0
0.000507487	0	0	0
0.000512495	0	0	0
0.000512603	0	0	0
0.000512704	0	0	0
0.000514021	0	0	0
0.000516854	0	0	0
0.000521167	0	0	0
0.000536465	0	0	0
0.000543475	0	0	0
0.000545326	0	0	0
0.000551198	0	0	0
0.000552882	0	0	0
0.000559104	0	0	0
0.000567257	0	0	0
0.000571056	0	0	0
0.000572167	0	0	0
0.000575872	0	0	0
0.000592161	0	0	0
0.000593963	0	0	0
0.00059465	0	0	0
0.000604339	0	0	0
0.000609116	0	0	0
0.000619924	0	0	0
0.000628767	0	0	0
0.00063167	0	0	0
0.000631725	0	0	0
0.000634919	0	0	0
0.000636052	0	0	0
0.000638075	0	0	0
0.000641374	0	0	0
0.000642382	0	0	0
0.000650886	0	0	0
0.000653999	0	0	0
0.000654771	0	0	0
0.000669795	0	0	0
0.000671273	0	0	0
0.000678137	0	0	0
0.000679793	0	0	0
0.000682421	0	0	0
0.000683445	0	0	0
0.000683691	0	0	0
0.000685193	0	0	0
0.000690112	0	0	0
0.000692716	0	0	0
0.000696208	0	0	0
0.000706271	0	0	0
0.00070711	0	0	0
0.000709032	0	0	0
0.000712778	0	0	0
0.000713396	0	0	0
0.000716013	0	0	0
0.00072642	0	0	0
0.000731903	0	0	0
0.000733864	0	0	0
0.0007355	0	0	0
0.00073651	0	0	0
0.00073832	0	0	0
0.000738471	0	0	0
0.000742041	0	0	0
0.000742046	0	0	0
0.000743197	0	0	0
0.000744122	0	0	0
0.000755507	0	0	0
0.000757279	0	0	0
0.000760438	0	0	0
0.000769867	0	0	0
0.000773583	0	0	0
0.000773861	0	0	0
0.000781853	0	0	0
0.000782392	0	0	0
0.000782541	0	0	0
0.000787526	0	0	0
0.000792231	0	0	0
0.000793933	0	0	0
0.000794192	0	0	0
0.000800977	0	0	0
0.000806034	0	0	0
0.000812031	0	0	0
0.000820492	0	0	0
0.000821253	0	0	0
0.000823449	0	0	0
0.000823651	0	0	0
0.000834421	0	0	0
0.000837147	0	0	0
0.000841444	0	0	0
0.000850836	0	0	0
0.000853055	0	0	0
0.000857912	0	0	0
0.00086016	0	0	0
0.000875523	0	0	0
0.000876623	0	0	0
0.000881201	0	0	0
0.000882926	0	0	0
0.000884831	0	0	0
0.000890496	0	0	0
0.000899582	0	0	0
0.0009016	0	0	0
0.000904662	0	0	0
0.000905875	0	0	0
0.000911905	0	0	0
0.000923179	0	0	0
0.000933554	0	0	0
0.000945629	0	0	0
0.000945942	0	0	0
0.000946834	0	0	0
0.000950943	0	0	0
0.000963013	0	0	0
0.000972262	0	0	0
0.000972528	0	0	0
0.000983976	0	0	0
0.000992245	0	0	0
0.000995458	0	0	0
0.00100472	0	0	0
0.00100657	0	0	0
0.00100929	0	0	0
0.00101111	0	0	0
0.00101537	0	0	0
0.0010182	0	0	0
0.00102349	0	0	0
0.00104134	0	0	0
0.00106891	0	0	0
0.00107009	0	0	0
0.00107485	0	0	0
0.00107582	0	0	0
0.00108765	0	0	0
0.00109056	0	0	0
0.00109307	0	0	0
0.00110351	0	0	0
0.00111615	0	0	0
0.00111719	0	0	0
0.0011295	0	0	0
0.00113369	0	0	0
0.00113665	0	0	0
0.00114698	0	0	0
0.00115237	0	0	0
0.0011534	0	0	0
0.00116073	0	0	0
0.00116645	0	0	0
0.00118081	0	0	0
0.00118506	0	0	0
0.00119891	0	0	0
0.0012001	0	0	0
0.00120651	0	0	0
0.00120808	0	0	0
0.0012105	0	0	0
0.00122554	0	0	0
0.00122773	0	0	0
0.00124062	0	0	0
0.00125512	0	0	0
0.00126931	0	0	0
0.00127507	0	0	0
0.00128077	0	0	0
0.00128652	0	0	0
0.00130458	0	0	0
0.00131177	0	0	0
0.00132724	0	0	0
0.00133364	0	0	0
0.00133653	0	0	0
0.00134136	0	0	0
0.00134292	0	0	0
0.001354	0	0	0
0.00139974	0	0	0
0.00139983	0	0	0
0.00141686	0	0	0
0.00144285	0	0	0
0.00144518	0	0	0
0.00146398	0	0	0
0.00147871	0	0	0
0.00148118	0	0	0
0.00148803	0	0	0
0.00149298	0	0	0
0.00150702	0	0	0
0.0015199	0	0	0
0.00153067	0	0	0
0.00157408	0	0	0
0.00158919	0	0	0
0.00158943	0	0	0
0.00159713	0	0	0
0.00162205	0	0	0
0.00166932	0	0	0
0.00170986	0	0	0
0.00171579	0	0	0
0.00175072	0	0	0
0.00175749	0	0	0
0.00179473	0	0	0
0.00180397	0	0	0
0.00190704	0	0	0
0.00196235	0	0	0
0.0019895	0	0	0
0.002082	0	0	0
0.00208324	0	0	0
0.00209094	0	0	0
0.00210263	0	0	0
0.0021123	0	0	0
0.00211795	0	0	0
0.00212777	0	0	0
0.00217351	0	0	0
0.00219858	0	0	0
0.00221475	0	0	0
0.00222884	0	0	0
0.00226303	0	0	0
0.00233321	0	0	0
0.0023346	0	0	0
0.00235356	0	0	0
0.00237502	0	0	0
0.00241185	0	0	0
0.00243639	0	0	0
0.00247871	0	0	0
0.00252193	0	0	0
0.00252312	0	0	0
0.00254051	0	0	0
0.00260938	0	0	0
0.00264362	0	0	0
0.00282384	0	0	0
0.00283175	0	0	0
0.00284747	0	0	0
0.0029445	0	0	0
0.00303019	0	0	0
0.0032071	0	0	0
0.00329348	0	0	0
0.00344312	0	0	0
0.00348508	0	0	0
0.00352895	0	0	0
0.00356294	0	0	0
0.00356438	0	0	0
0.00357273	0	0	0
0.00364281	0	0	0
0.00364422	0	0	0
0.00402206	0	0	0
0.00418219	0	0	0
0.0041893	0	0	0
0.00422064	0	0	0
0.00424236	0	0	0
0.00425145	0	0	0
0.00437725	0	0	0
0.00443567	0	0	0
0.00447644	0	0	0
0.00473167	0	0	0
0.00475006	0	0	0
0.00485857	0	0	0
0.00489606	0	0	0
0.00498616	0	0	0
0.0050099	0	0	0
0.00520384	0	0	0
0.0052043	0	0	0
0.005497	0	0	0
0.00550508	0	0	0
0.00556789	0	0	0
0.00557618	0	0	0
0.00563126	0	0	0
0.00566249	0	0	0
0.00569689	0	0	0
0.00627629	0	0	0
0.00653338	0	0	0
0.00670076	0	0	0
0.00687446	0	0	0
0.00687917	0	0	0
0.00689029	0	0	0
0.00700407	0	0	0
0.00735624	0	0	0
0.00737248	0	0	0
0.008201	0	0	0
0.0083192	0	0	0
0.00858398	0	0	0
0.00959577	0	0	0
0.00973814	0	0	0
0.00985617	0	0	0
0.0120439	0	0	0
0.0133781	0	0	0
0.0145689	0	0	0
0.0295654	0	0	0
0.0300323	0	0	0
0.0336652	0	0.0825083	0
0.0595484	0.0825083	0	0
0.0623787	0.0825083	0.165017	0
0.0626631	0.165017	0.0825083	0
0.0762581	0.247525	0	0
0.0770613	0.288779	0.0825083	0
0.0962036	0.371287	0	0
0.0966487	0.412541	0.0825083	0
0.128388	0.49505	0	0
0.130631	0.536304	0.0825083	0
0.131436	0.618812	0	0
0.133212	0.660066	0.0825083	0
0.153765	0.742574	0	0
0.154258	0.783828	0.0825083	0
0.166317	0.866337	0	0
0.166395	0.866337	0.0825083	0
0.17426	0.948845	0	0
0.182151	0.990099	0.0825083	0
0.187432	1.07261	0	0
0.188202	1.07261	0.165017	0
0.191481	1.15512	0.0825083	0
0.213705	1.23762	0	0
0.216769	1.27888	0.0825083	0
0.259558	1.36139	0	0
0.263654	1.36139	0.0825083	0
0.287824	1.44389	0	0
0.288297	1.48515	0.0825083	0
0.311281	1.56766	0	0
0.312627	1.60891	0.0825083	0
0.31806	1.69142	0	0
0.320373	1.73267	0.0825083	0
0.324668	1.81518	0	0
0.326934	1.81518	0.0825083	0
0.399438	1.89769	0	0
0.401423	1.89769	0.0825083	0
0.448078	1.9802	0	0
0.448648	1.9802	0.0825083	0
0.495139	2.06271	0	0
0.495314	2.10396	0.0825083	0
0.498093	2.14521	0.165017	0
0.499554	2.22772	0.0825083	0
0.507782	2.31023	0	0
0.507812	2.31023	0.165017	0
0.507984	2.39274	0.0825083	0
0.547557	2.47525	0	0
0.548707	2.47525	0.165017	0
0.549463	2.55776	0.0825083	0
0.592419	2.64026	0	0
0.593479	2.64026	0.0825083	0
0.601125	2.72277	0	0
0.601474	2.76403	0.0825083	0
0.60207	2.76403	0.247525	0
0.603724	2.84653	0.165017	0
0.604396	2.92904	0.0825083	0
0.622528	3.01155	0	0
0.656859	3.01155	0	0.510204
0.658354	3.01155	0.0825083	0.510204
0.713063	3.09406	0	0.510204
0.759792	3.09406	0	1.02041
0.759826	3.09406	0.0825083	1.02041
0.759883	3.09406	0.247525	1.02041
0.760723	3.17657	0.165017	1.02041
0.763607	3.25908	0.0825083	1.02041
0.810036	3.34158	0	1.02041
0.811362	3.34158	0.0825083	1.02041
0.813768	3.42409	0	1.02041
0.814289	3.42409	0.165017	1.02041
0.814577	3.5066	0.0825083	1.02041
0.815742	3.58911	0	1.02041
0.859503	3.58911	0	1.02041
0.859616	3.63036	0.0825083	1.02041
0.86006	3.71287	0	1.02041
0.878255	3.71287	0	1.02041
0.878616	3.75413	0.0825083	1.02041
0.955714	3.83663	0	1.02041
0.956844	3.87789	0.0825083	1.02041
0.988281	3.9604	0	1.02041
1.03384	3.9604	0	1.53061
1.03922	3.9604	0.0825083	1.53061
1.0464	4.0429	0	1.53061
1.04718	4.0429	0.165017	1.53061
1.04873	4.12541	0.0825083	1.53061
1.05365	4.20792	0	1.53061
1.05516	4.24918	0.0825083	1.53061
1.10948	4.33168	0	1.53061
1.13261	4.33168	0	1.53061
1.13803	4.37294	0.0825083	1.53061
1.15535	4.45545	0	1.53061
1.15542	4.45545	0.165017	1.53061
1.15727	4.53795	0.0825083	1.53061
1.18814	4.62046	0	1.53061
1.18827	4.62046	0.165017	1.53061
1.19	4.70297	0.0825083	1.53061
1.19065	4.78548	0	1.53061
1.19263	4.82673	0.0825083	1.53061
1.23383	4.90924	0	1.53061
1.23429	4.9505	0.0825083	1.53061
1.27176	5.033	0	1.53061
1.27283	5.07426	0.0825083	1.53061
1.33689	5.15677	0	1.53061
1.3385	5.19802	0.0825083	1.53061
1.39006	5.28053	0	1.53061
1.39211	5.28053	0.165017	1.53061
1.39944	5.36304	0.0825083	1.53061
1.48791	5.44554	0	1.53061
1.48972	5.44554	0.0825083	1.53061
1.55641	5.52805	0	1.53061
1.59793	5.52805	0	2.04082
1.60016	5.52805	0.0825083	2.04082
1.61978	5.61056	0	2.04082
1.62063	5.65182	0.0825083	2.04082
1.65525	5.73432	0	2.04082
1.65877	5.77558	0.0825083	2.04082
1.68191	5.85809	0	2.04082
1.68745	5.89934	0.0825083	2.04082
1.69057	5.98185	0	2.04082
1.69152	6.0231	0.0825083	2.04082
1.72916	6.10561	0	2.04082
1.73002	6.14686	0.0825083	2.04082
1.73411	6.22937	0	2.04082
1.73623	6.27063	0.0825083	2.04082
1.73727	6.27063	0.0825083	2.04082
1.79551	6.35314	0	2.04082
1.84233	6.35314	0	2.55102
1.84598	6.35314	0	3.57143
1.84678	6.39439	0.0825083	3.57143
1.8567	6.4769	0	3.57143
1.8574	6.51815	0.0825083	3.57143
1.9065	6.60066	0	3.57143
1.90666	6.60066	0.165017	3.57143
1.9083	6.68317	0.0825083	3.57143
1.95409	6.76568	0	3.57143
1.95437	6.80693	0.0825083	3.57143
2.02533	6.88944	0	3.57143
2.02573	6.93069	0.0825083	3.57143
2.03107	7.0132	0	3.57143
2.03259	7.0132	0.165017	3.57143
2.03326	7.09571	0.0825083	3.57143
2.03407	7.09571	0.165017	3.57143
2.03768	7.17822	0.0825083	3.57143
2.06095	7.26073	0	3.57143
2.06543	7.26073	0.165017	3.57143
2.06733	7.34323	0.0825083	3.57143
2.09223	7.42574	0	3.57143
2.0971	7.42574	0	4.08163
2.09717	7.467	0.0825083	4.08163
2.10037	7.5495	0	4.08163
2.10508	7.59076	0.0825083	4.08163
2.11925	7.67327	0	4.08163
2.14123	7.67327	0	4.59184
2.14214	7.67327	0.165017	4.59184
2.14592	7.75578	0.0825083	4.59184
2.15207	7.83828	0	4.59184
2.15258	7.87954	0.0825083	4.59184
2.16019	7.96205	0	4.59184
2.16112	7.96205	0.165017	4.59184
2.164	8.04455	0.0825083	4.59184
2.26534	8.12706	0	4.59184
2.26566	8.16832	0.0825083	4.59184
2.30825	8.25082	0	4.59184
2.30943	8.25082	0.165017	4.59184
2.31363	8.33333	0.0825083	4.59184
2.37598	8.41584	0	4.59184
2.38462	8.41584	0	4.59184
2.38842	8.4571	0.0825083	4.59184
2.38844	8.4571	0.165017	4.59184
2.39281	8.5396	0.0825083	4.59184
2.46828	8.62211	0	4.59184
2.47092	8.62211	0.0825083	4.59184
2.54231	8.70462	0	4.59184
2.54429	8.74587	0.0825083	4.59184
2.57738	8.82838	0	4.59184
2.57743	8.86964	0.0825083	4.59184
2.58008	8.95215	0	4.59184
2.58641	8.95215	0.0825083	4.59184
2.58725	9.03465	0	4.59184
2.58822	9.03465	0.165017	4.59184
2.5883	9.11716	0.0825083	4.59184
2.66	9.19967	0	4.59184
2.66161	9.19967	0.165017	4.59184
2.66201	9.28218	0.0825083	4.59184
2.66441	9.36469	0	4.59184
2.66613	9.40594	0.0825083	4.59184
2.66712	9.40594	0.0825083	5.10204
2.73631	9.48845	0	5.10204
2.737	9.5297	0.0825083	5.10204
2.74808	9.61221	0	5.10204
2.77455	9.61221	0	5.61225
2.81214	9.61221	0	6.12245
2.81321	9.61221	0.165017	6.12245
2.81548	9.69472	0.0825083	6.12245
2.86754	9.77723	0	6.12245
2.86929	9.77723	0.0825083	6.12245
2.88903	9.85974	0	6.12245
2.89048	9.85974	0.165017	6.12245
2.89048	9.94224	0.0825083	6.12245
2.96146	10.0248	0	6.12245
2.96308	10.066	0.0825083	6.12245
2.96364	10.1485	0	6.12245
2.96497	10.1898	0.0825083	6.12245
3.0099	10.2723	0	6.12245
3.01092	10.3135	0.0825083	6.12245
3.03095	10.396	0	6.12245
3.03418	10.396	0.0825083	6.12245
3.03426	10.4373	0.165017	6.12245
3.03508	10.5198	0.0825083	6.12245
3.07192	10.6023	0	6.12245
3.07306	10.6023	0.165017	6.12245
3.07329	10.6848	0.0825083	6.12245
3.13172	10.7673	0	6.12245
3.20981	10.7673	0	6.12245
3.21237	10.7673	0.0825083	6.12245
3.32703	10.8498	0	6.12245
3.32802	10.8498	0.165017	6.12245
3.32954	10.9323	0.0825083	6.12245
3.34678	11.0149	0	6.12245
3.35247	11.0149	0	6.63265
3.3942	11.0149	0	7.14286
3.39448	11.0149	0.165017	7.14286
3.39454	11.0974	0.0825083	7.14286
3.45135	11.1799	0	7.14286
3.45739	11.2211	0.0825083	7.14286
3.45872	11.2211	0.247525	7.14286
3.45932	11.3036	0.165017	7.14286
3.4608	11.3861	0.0825083	7.14286
3.49552	11.4686	0	7.14286
3.4957	11.4686	0	7.65306
3.49671	11.5099	0.0825083	7.65306
3.50889	11.5924	0	7.65306
3.53474	11.5924	0	8.16327
3.53518	11.6337	0.0825083	8.16327
3.57943	11.7162	0	8.16327
3.57946	11.7574	0.0825083	8.16327
3.58237	11.7987	0.165017	8.16327
3.58269	11.8812	0.0825083	8.16327
3.59494	11.9637	0	8.16327
3.5952	12.005	0.0825083	8.16327
3.65237	12.0875	0	8.16327
3.65257	12.0875	0.165017	8.16327
3.65267	12.17	0.0825083	8.16327
3.66781	12.2525	0	8.16327
3.70415	12.2525	0	8.67347
3.71615	12.2525	0	9.18367
3.71772	12.2525	0.0825083	9.18367
3.72072	12.335	0	9.18367
3.72104	12.3762	0.0825083	9.18367
3.79574	12.4587	0	9.18367
3.82838	12.4587	0	9.18367
3.87702	12.4587	0	9.69388
3.98247	12.4587	0	10.2041
3.98271	12.4587	0.165017	10.2041
3.98552	12.5413	0.0825083	10.2041
3.99461	12.6238	0	10.2041
3.9955	12.665	0.0825083	10.2041
4.00157	12.7475	0	10.2041
4.03784	12.7475	0	10.7143
4.03852	12.7888	0.0825083	10.7143
4.05864	12.8713	0	10.7143
4.05982	12.9125	0.0825083	10.7143
4.09196	12.995	0	10.7143
4.09466	13.0363	0.0825083	10.7143
4.11631	13.1188	0	10.7143
4.11655	13.1188	0.0825083	10.7143
4.15099	13.2013	0	10.7143
4.15217	13.2426	0.0825083	10.7143
4.18245	13.3251	0	10.7143
4.18282	13.3251	0.165017	10.7143
4.18496	13.4076	0.0825083	10.7143
4.2294	13.4901	0	10.7143
4.27884	13.4901	0	11.2245
4.28169	13.4901	0	11.2245
4.2834	13.5314	0.0825083	11.2245
4.28652	13.6139	0	11.2245
4.28666	13.6551	0.0825083	11.2245
4.28799	13.7376	0	11.2245
4.30624	13.7376	0	12.2449
4.30628	13.7376	0.165017	12.2449
4.30774	13.8201	0.0825083	12.2449
4.30995	13.9026	0	12.2449
4.33444	13.9026	0	12.2449
4.33994	13.9026	0	12.7551
4.34205	13.9439	0.0825083	12.7551
4.39647	14.0264	0	12.7551
4.3976	14.0677	0.0825083	12.7551
4.41646	14.1502	0	12.7551
4.41736	14.1914	0.0825083	12.7551
4.44875	14.2739	0	12.7551
4.44892	14.2739	0.165017	12.7551
4.45155	14.3564	0.0825083	12.7551
4.54039	14.4389	0	12.7551
4.54204	14.4802	0.0825083	12.7551
4.56231	14.5627	0	12.7551
4.56502	14.5627	0.0825083	12.7551
4.6493	14.6452	0	12.7551
4.65048	14.6865	0.0825083	12.7551
4.66629	14.769	0	12.7551
4.66791	14.8102	0.0825083	12.7551
4.66885	14.8927	0	12.7551
4.67204	14.8927	0.165017	12.7551
4.67231	14.9752	0.0825083	12.7551
4.68924	15.0578	0	12.7551
4.74795	15.0578	0	13.2653
4.75157	15.099	0.0825083	13.2653
4.75253	15.1403	0.165017	13.2653
4.75336	15.2228	0.0825083	13.2653
4.86596	15.3053	0	13.2653
4.86682	15.3053	0.165017	13.2653
4.8671	15.3878	0.0825083	13.2653
4.87706	15.4703	0	13.2653
4.87895	15.5116	0.0825083	13.2653
4.9238	15.5941	0	13.2653
4.9304	15.6353	0.0825083	13.2653
4.93283	15.7178	0	13.2653
4.93447	15.7178	0.165017	13.2653
4.93465	15.8003	0.0825083	13.2653
4.9487	15.8828	0	13.2653
4.9495	15.8828	0.0825083	13.2653
4.95198	15.9653	0	13.2653
4.95276	16.0066	0.0825083	13.2653
4.9627	16.0891	0	13.2653
5.04008	16.0891	0	13.2653
5.08359	16.0891	0	13.2653
5.08451	16.0891	0.165017	13.2653
5.08816	16.1716	0.0825083	13.2653
5.08939	16.2541	0	13.2653
5.09206	16.2541	0.165017	13.2653
5.09549	16.3366	0.0825083	13.2653
5.10727	16.4191	0	13.2653
5.10836	16.4604	0.0825083	13.2653
5.12396	16.5429	0	13.2653
5.12571	16.5429	0.165017	13.2653
5.12606	16.6254	0.0825083	13.2653
5.15819	16.7079	0	13.2653
5.15855	16.7492	0.0825083	13.2653
5.18734	16.8317	0	13.2653
5.19294	16.8729	0.0825083	13.2653
5.20314	16.9554	0	13.2653
5.26257	16.9554	0	13.7755
5.26468	16.9967	0.0825083	13.7755
5.33756	17.0792	0	13.7755
5.3399	17.0792	0.0825083	13.7755
5.34083	17.1617	0	13.7755
5.34122	17.1617	0.165017	13.7755
5.34245	17.2442	0.0825083	13.7755
5.35922	17.3267	0	13.7755
5.3596	17.368	0.0825083	13.7755
5.36777	17.4505	0	13.7755
5.36792	17.4505	0.165017	13.7755
5.3724	17.533	0.0825083	13.7755
5.40932	17.6155	0	13.7755
5.47324	17.6155	0	14.2857
5.47391	17.6568	0.0825083	14.2857
5.52189	17.7393	0	14.2857
5.54432	17.7393	0	14.7959
5.57138	17.7393	0	15.3061
5.58211	17.7393	0	15.8163
5.58282	17.7805	0.0825083	15.8163
5.58308	17.8218	0.165017	15.8163
5.58373	17.9043	0.0825083	15.8163
5.61951	17.9868	0	15.8163
5.62257	18.0281	0.0825083	15.8163
5.65456	18.1106	0	15.8163
5.65604	18.1518	0.0825083	15.8163
5.67425	18.2343	0	15.8163
5.68196	18.2343	0	16.3265
5.6827	18.2343	0.0825083	16.3265
5.7647	18.3168	0	16.3265
5.76517	18.3581	0.0825083	16.3265
5.76524	18.3581	0.247525	16.3265
5.76548	18.4406	0.165017	16.3265
5.76709	18.5231	0.0825083	16.3265
5.77681	18.6056	0	16.3265
5.77684	18.6469	0.0825083	16.3265
5.77767	18.6881	0.165017	16.3265
5.77947	18.7706	0.0825083	16.3265
5.79549	18.8531	0	16.3265
5.81618	18.8531	0	16.8367
5.81898	18.8944	0.0825083	16.8367
5.82745	18.9769	0	16.8367
5.82761	18.9769	0.165017	16.8367
5.82988	19.0594	0.0825083	16.8367
5.87236	19.1419	0	16.8367
5.89192	19.1419	0	17.3469
5.89205	19.1832	0.0825083	17.3469
5.94947	19.2657	0	17.3469
5.99817	19.2657	0	17.8571
6.00616	19.2657	0.165017	17.8571
6.01118	19.3482	0.0825083	17.8571
6.11443	19.4307	0	17.8571
6.11465	19.4307	0.0825083	17.8571
6.15008	19.5132	0	17.8571
6.15018	19.5545	0.0825083	17.8571
6.20361	19.637	0	17.8571
6.20374	19.637	0.0825083	17.8571
6.22778	19.7195	0	17.8571
6.22856	19.7195	0.165017	17.8571
6.22857	19.802	0.0825083	17.8571
6.27946	19.8845	0	17.8571
6.28041	19.8845	0.0825083	17.8571
6.28277	19.967	0	17.8571
6.28831	19.967	0	18.3673
6.28861	20.0083	0.0825083	18.3673
6.29639	20.0908	0	18.3673
6.29759	20.132	0.0825083	18.3673
6.33169	20.2145	0	18.3673
6.36331	20.2145	0	18.8776
6.36563	20.2145	0.0825083	18.8776
6.39504	20.297	0	18.8776
6.39515	20.297	0.165017	18.8776
6.39884	20.3795	0.0825083	18.8776
6.40359	20.462	0	18.8776
6.43852	20.462	0	19.3878
6.43856	20.462	0.165017	19.3878
6.44695	20.5446	0.0825083	19.3878
6.50517	20.6271	0	19.3878
6.50647	20.6271	0.0825083	19.3878
6.52231	20.7096	0	19.3878
6.59583	20.7096	0	19.898
6.59639	20.7096	0.165017	19.898
6.59749	20.7921	0.0825083	19.898
6.61622	20.8746	0	19.898
6.62853	20.9158	0.0825083	19.898
6.66146	20.9984	0	19.898
6.66293	21.0396	0.0825083	19.898
6.68458	21.1221	0	19.898
6.77856	21.1221	0	20.4082
6.78065	21.1634	0.0825083	20.4082
6.81608	21.2459	0	20.4082
6.81758	21.2459	0.0825083	20.4082
6.83092	21.3284	0	20.4082
6.83425	21.3696	0.0825083	20.4082
6.83463	21.4521	0	20.4082
6.83532	21.4521	0.165017	20.4082
6.83622	21.5347	0.0825083	20.4082
6.837	21.6172	0	20.4082
6.83946	21.6584	0.0825083	20.4082
6.86887	21.7409	0	20.4082
6.86897	21.7822	0.0825083	20.4082
6.86938	21.7822	0.165017	20.4082
6.86957	21.8647	0.0825083	20.4082
6.89989	21.9472	0	20.4082
6.90442	21.9884	0.0825083	20.4082
6.90686	22.071	0	20.4082
6.90812	22.071	0.165017	20.4082
6.91848	22.1535	0.0825083	20.4082
6.92747	22.236	0	20.4082
6.93148	22.2772	0.0825083	20.4082
6.99253	22.3597	0	20.4082
6.99439	22.401	0.0825083	20.4082
7.01819	22.4835	0	20.4082
7.05003	22.4835	0	20.9184
7.07783	22.4835	0	21.4286
7.07879	22.5248	0.0825083	21.4286
7.17653	22.6073	0	21.4286
7.17732	22.6073	0.165017	21.4286
7.17942	22.6898	0.0825083	21.4286
7.31786	22.7723	0	21.4286
7.34835	22.7723	0	21.9388
7.34989	22.7723	0.165017	21.9388
7.352	22.8548	0.0825083	21.9388
7.3669	22.9373	0	21.9388
7.36696	22.9373	0.165017	21.9388
7.36758	23.0198	0.0825083	21.9388
7.36892	23.1023	0	21.9388
7.36997	23.1023	0.0825083	21.9388
7.38135	23.1848	0	21.9388
7.38294	23.2261	0.0825083	21.9388
7.38849	23.3086	0	21.9388
7.39077	23.3086	0.165017	21.9388
7.39092	23.3911	0.0825083	21.9388
7.39677	23.4736	0	21.9388
7.39771	23.5149	0.0825083	21.9388
7.40689	23.5974	0	21.9388
7.40723	23.6386	0.0825083	21.9388
7.40909	23.7211	0	21.9388
7.4137	23.7624	0.0825083	21.9388
7.41642	23.8449	0	21.9388
7.4184	23.8861	0.0825083	21.9388
7.4195	23.9686	0	21.9388
7.45801	23.9686	0	22.449
7.47869	23.9686	0	22.9592
7.55135	23.9686	0	23.4694
7.55257	23.9686	0.0825083	23.4694
7.57381	24.0512	0	23.4694
7.5758	24.0924	0.0825083	23.4694
7.61659	24.1749	0	23.4694
7.61823	24.1749	0	23.9796
7.62297	24.1749	0	24.4898
7.65762	24.1749	0	25
7.65828	24.1749	0.165017	25
7.65965	24.1749	0.165017	25.5102
7.66051	24.2574	0.0825083	25.5102
7.66192	24.3399	0	25.5102
7.66229	24.3399	0.165017	25.5102
7.66551	24.4224	0.0825083	25.5102
7.66598	24.5049	0	25.5102
7.66744	24.5049	0.0825083	25.5102
7.69416	24.5875	0	25.5102
7.69608	24.5875	0.165017	25.5102
7.69741	24.67	0.0825083	25.5102
7.69861	24.7525	0	25.5102
7.7011	24.7525	0.0825083	25.5102
7.73116	24.835	0	25.5102
7.73235	24.8762	0.0825083	25.5102
7.78211	24.9587	0	25.5102
7.78282	24.9587	0	25.5102
7.78354	24.9587	0.165017	25.5102
7.78543	25.0413	0.0825083	25.5102
7.82914	25.1238	0	25.5102
7.82918	25.1238	0.165017	25.5102
7.8295	25.165	0.247525	25.5102
7.8306	25.2475	0.165017	25.5102
7.83705	25.33	0.0825083	25.5102
7.93497	25.4125	0	25.5102
7.93948	25.4125	0.0825083	25.5102
8.0064	25.4951	0	25.5102
8.00778	25.4951	0.165017	25.5102
8.00952	25.5776	0.0825083	25.5102
8.02217	25.6601	0	25.5102
8.02253	25.7013	0.0825083	25.5102
8.05299	25.7838	0	25.5102
8.05664	25.7838	0.165017	25.5102
8.05759	25.8663	0.0825083	25.5102
8.05769	25.9076	0.165017	25.5102
8.058	25.9901	0.0825083	25.5102
8.06323	26.0726	0	25.5102
8.06329	26.1139	0.0825083	25.5102
8.12125	26.1964	0	25.5102
8.12422	26.2376	0.0825083	25.5102
8.14995	26.3201	0	25.5102
8.15129	26.3614	0.0825083	25.5102
8.18912	26.4439	0	25.5102
8.2443	26.4439	0	26.5306
8.24862	26.4439	0	27.551
8.27689	26.4439	0	28.0612
8.31499	26.4439	0	28.5714
8.31596	26.4851	0.0825083	28.5714
8.31608	26.5264	0.165017	28.5714
8.31802	26.6089	0.0825083	28.5714
8.3184	26.6089	0.165017	28.5714
8.31951	26.6914	0.0825083	28.5714
8.38957	26.7739	0	28.5714
8.39122	26.7739	0.0825083	28.5714
8.39145	26.7739	0.0825083	29.0816
8.46412	26.8564	0	29.0816
8.4642	26.8564	0.165017	29.0816
8.46461	26.9389	0.0825083	29.0816
8.52745	27.0215	0	29.0816
8.52804	27.0215	0.165017	29.0816
8.52872	27.104	0.0825083	29.0816
8.53389	27.1865	0	29.0816
8.60163	27.1865	0	29.5918
8.6025	27.2277	0.0825083	29.5918
8.65039	27.3102	0	29.5918
8.65081	27.3515	0.0825083	29.5918
8.66839	27.434	0	29.5918
8.67104	27.434	0.0825083	29.5918
8.71749	27.5165	0	29.5918
8.71817	27.5578	0.0825083	29.5918
8.72325	27.6403	0	29.5918
8.72336	27.6403	0.165017	29.5918
8.72472	27.7228	0.0825083	29.5918
8.75197	27.8053	0	29.5918
8.75505	27.8465	0.0825083	29.5918
8.75905	27.929	0	29.5918
8.76024	27.929	0.0825083	29.5918
8.89928	28.0116	0	29.5918
8.89962	28.0528	0.0825083	29.5918
8.96341	28.1353	0	29.5918
8.96389	28.1766	0.0825083	29.5918
8.97786	28.2591	0	29.5918
8.97885	28.2591	0.0825083	29.5918
9.07341	28.3416	0	29.5918
9.07618	28.3416	0.0825083	29.5918
9.09939	28.4241	0	29.5918
9.0996	28.4241	0.0825083	29.5918
9.11969	28.5066	0	29.5918
9.1221	28.5479	0.0825083	29.5918
9.13279	28.6304	0	29.5918
9.1339	28.6716	0.0825083	29.5918
9.19496	28.7541	0	29.5918
9.19502	28.7541	0.165017	29.5918
9.19865	28.8366	0.0825083	29.5918
9.27768	28.9191	0	29.5918
9.27786	28.9191	0.165017	29.5918
9.28749	29.0016	0.0825083	29.5918
9.33481	29.0842	0	29.5918
9.33514	29.0842	0.0825083	29.5918
9.38608	29.1667	0	29.5918
9.38658	29.1667	0.165017	29.5918
9.38952	29.2492	0.0825083	29.5918
9.40002	29.3317	0	29.5918
9.40176	29.3317	0.165017	29.5918
9.40367	29.4142	0.0825083	29.5918
9.54091	29.4967	0	29.5918
9.54213	29.4967	0.0825083	29.5918
9.58107	29.5792	0	29.5918
9.58522	29.6205	0.0825083	29.5918
9.70733	29.703	0	29.5918
9.7305	29.703	0	30.102
9.77418	29.703	0	30.102
9.84308	29.703	0	30.6122
9.84312	29.7442	0.0825083	30.6122
9.91799	29.8267	0	30.6122
9.91978	29.8267	0.0825083	30.6122
9.93039	29.9092	0	30.6122
9.9542	29.9092	0	31.1224
9.95599	29.9505	0.0825083	31.1224
9.97139	30.033	0	31.1224
9.97298	30.0743	0.0825083	31.1224
10.01	30.1568	0	31.1224
10.0139	30.1568	0	31.1224
10.0181	30.1568	0	32.1429
10.0216	30.1568	0.165017	32.1429
10.0246	30.2393	0.0825083	32.1429
10.0468	30.3218	0	32.1429
10.0495	30.363	0.0825083	32.1429
10.086	30.4455	0	32.1429
10.0885	30.4455	0.0825083	32.1429
10.1628	30.5281	0	32.1429
10.3304	30.5281	0	32.6531
10.332	30.5693	0.0825083	32.6531
10.3406	30.6518	0	32.6531
10.3409	30.6518	0.165017	32.6531
10.3455	30.7343	0.0825083	32.6531
10.3712	30.8168	0	32.6531
10.386	30.8168	0	33.1633
10.3862	30.8168	0.165017	33.1633
10.3862	30.8993	0.0825083	33.1633
10.472	30.9818	0	33.1633
10.5165	30.9818	0	33.6735
10.5276	30.9818	0	34.1837
10.5277	31.0231	0.0825083	34.1837
10.5588	31.1056	0	34.1837
10.5746	31.1056	0	34.6939
10.5769	31.1469	0.0825083	34.6939
10.5774	31.1469	0.0825083	35.7143
10.6257	31.2294	0	35.7143
10.627	31.2294	0.165017	35.7143
10.6274	31.3119	0.0825083	35.7143
10.6406	31.3944	0	35.7143
10.643	31.4356	0.0825083	35.7143
10.6512	31.5182	0	35.7143
10.6521	31.5182	0.165017	35.7143
10.6535	31.6007	0.0825083	35.7143
10.7125	31.6832	0	35.7143
10.7135	31.6832	0.165017	35.7143
10.7149	31.7657	0.0825083	35.7143
10.7254	31.8482	0	35.7143
10.7278	31.8894	0.0825083	35.7143
10.7341	31.9719	0	35.7143
10.7343	32.0132	0.0825083	35.7143
10.7399	32.0957	0	35.7143
10.7461	32.0957	0	36.2245
10.7621	32.0957	0	36.7347
10.7624	32.0957	0.165017	36.7347
10.7659	32.1782	0.0825083	36.7347
10.8013	32.2607	0	36.7347
10.8026	32.302	0.0825083	36.7347
10.8035	32.3845	0	36.7347
10.805	32.3845	0.165017	36.7347
10.807	32.467	0.0825083	36.7347
10.8124	32.5495	0	36.7347
10.8132	32.5908	0.0825083	36.7347
10.8401	32.6733	0	36.7347
10.8404	32.7145	0.0825083	36.7347
10.8488	32.797	0	36.7347
10.8491	32.8383	0.0825083	36.7347
10.9879	32.9208	0	36.7347
10.9885	32.9208	0.165017	36.7347
10.995	33.0033	0.0825083	36.7347
11.0223	33.0858	0	36.7347
11.0332	33.0858	0	36.7347
11.0342	33.0858	0.0825083	36.7347
11.0788	33.1683	0	36.7347
11.0789	33.2096	0.0825083	36.7347
11.1077	33.2921	0	36.7347
11.1093	33.2921	0.0825083	36.7347
11.1489	33.3746	0	36.7347
11.1491	33.3746	0.165017	36.7347
11.1508	33.4571	0.0825083	36.7347
11.1608	33.5396	0	36.7347
11.1633	33.5396	0.0825083	36.7347
11.1825	33.6221	0	36.7347
11.1907	33.6221	0	37.2449
11.1925	33.6221	0	37.7551
11.1931	33.6634	0.0825083	37.7551
11.2156	33.7459	0	37.7551
11.2163	33.7871	0.0825083	37.7551
11.25	33.8696	0	37.7551
11.3123	33.8696	0	38.2653
11.3146	33.9109	0.0825083	38.2653
11.3297	33.9934	0	38.2653
11.3298	34.0347	0.0825083	38.2653
11.3634	34.1172	0	38.2653
11.3639	34.1584	0.0825083	38.2653
11.4807	34.2409	0	38.2653
11.4814	34.2409	0.165017	38.2653
11.4886	34.3234	0.0825083	38.2653
11.5105	34.4059	0	38.2653
11.5119	34.4472	0.0825083	38.2653
11.5425	34.5297	0	38.2653
11.5427	34.5297	0.165017	38.2653
11.5443	34.6122	0.0825083	38.2653
11.5715	34.6947	0	38.2653
11.5736	34.736	0.0825083	38.2653
11.6459	34.8185	0	38.2653
11.6621	34.8185	0	38.7755
11.6675	34.8597	0.0825083	38.7755
11.6754	34.9422	0	38.7755
11.6754	34.9422	0.165017	38.7755
11.6762	35.0248	0.0825083	38.7755
11.782	35.1073	0	38.7755
11.7822	35.1073	0.0825083	38.7755
11.8056	35.1898	0	38.7755
11.8058	35.1898	0.165017	38.7755
11.8097	35.2723	0.0825083	38.7755
11.8157	35.3548	0	38.7755
11.8436	35.3548	0	39.2857
11.8438	35.396	0.0825083	39.2857
11.8876	35.4785	0	39.2857
11.8877	35.5198	0.0825083	39.2857
11.9115	35.6023	0	39.2857
11.9138	35.6436	0.0825083	39.2857
11.925	35.7261	0	39.2857
11.9258	35.7673	0.0825083	39.2857
11.9736	35.8498	0	39.2857
11.9746	35.8911	0.0825083	39.2857
11.9938	35.9736	0	39.2857
11.9943	36.0149	0.0825083	39.2857
12.0091	36.0974	0	39.2857
12.0105	36.1386	0.0825083	39.2857
12.0552	36.2211	0	39.2857
12.1367	36.2211	0	39.7959
12.1428	36.2624	0.0825083	39.7959
12.2067	36.3449	0	39.7959
12.2073	36.3449	0.165017	39.7959
12.2083	36.4274	0.0825083	39.7959
12.2089	36.4274	0.165017	39.7959
12.2108	36.5099	0.0825083	39.7959
12.2121	36.5924	0	39.7959
12.2127	36.6337	0.0825083	39.7959
12.2244	36.7162	0	39.7959
12.2269	36.7574	0.0825083	39.7959
12.2464	36.8399	0	39.7959
12.2472	36.8812	0.0825083	39.7959
12.2886	36.9637	0	39.7959
12.2887	36.9637	0.165017	39.7959
12.2911	37.0462	0.0825083	39.7959
12.2912	37.0462	0.247525	39.7959
12.2919	37.1287	0.165017	39.7959
12.2949	37.2112	0.0825083	39.7959
12.2979	37.2937	0	39.7959
12.2987	37.335	0.0825083	39.7959
12.4935	37.4175	0	39.7959
12.4974	37.4175	0.0825083	39.7959
12.5584	37.5	0	39.7959
12.5603	37.5	0.165017	39.7959
12.562	37.5825	0.0825083	39.7959
12.5772	37.665	0	39.7959
12.5774	37.7063	0.0825083	39.7959
12.645	37.7888	0	39.7959
12.6753	37.7888	0	40.3061
12.7238	37.7888	0	40.8163
12.8041	37.7888	0	41.3265
12.8071	37.83	0.0825083	41.3265
12.8544	37.9125	0	41.3265
12.8563	37.9538	0.0825083	41.3265
12.875	38.0363	0	41.3265
12.8772	38.0363	0.0825083	41.3265
12.8845	38.1188	0	41.3265
12.8854	38.1601	0.0825083	41.3265
13.0618	38.2426	0	41.3265
13.0622	38.2426	0.165017	41.3265
13.0637	38.3251	0.0825083	41.3265
13.0693	38.4076	0	41.3265
13.072	38.4076	0.165017	41.3265
13.0739	38.4901	0.0825083	41.3265
13.2344	38.5726	0	41.3265
13.2361	38.5726	0.0825083	41.3265
13.3321	38.6551	0	41.3265
13.3418	38.6551	0	41.8367
13.3424	38.6551	0.165017	41.8367
13.3474	38.7376	0.0825083	41.8367
13.3789	38.8201	0	41.8367
13.3876	38.8614	0.0825083	41.8367
13.4117	38.9439	0	41.8367
13.4193	38.9851	0.0825083	41.8367
13.4684	39.0677	0	41.8367
13.4686	39.1089	0.0825083	41.8367
13.5028	39.1914	0	41.8367
13.5035	39.1914	0.0825083	41.8367
13.5978	39.2739	0	41.8367
13.5988	39.2739	0	42.3469
13.5993	39.2739	0	42.8571
13.5996	39.2739	0.165017	42.8571
13.6005	39.3564	0.0825083	42.8571
13.6024	39.3977	0.165017	42.8571
13.603	39.4802	0.0825083	42.8571
13.6146	39.5627	0	42.8571
13.6153	39.604	0.0825083	42.8571
13.6386	39.6865	0	42.8571
13.6409	39.7277	0.0825083	42.8571
13.6525	39.8102	0	42.8571
13.6534	39.8515	0.0825083	42.8571
13.6631	39.934	0	42.8571
13.7081	39.934	0	43.3673
13.749	39.934	0	44.3878
13.7553	39.9752	0.0825083	44.3878
13.958	40.0578	0	44.3878
13.9583	40.099	0.0825083	44.3878
14.0026	40.1815	0	44.3878
14.0054	40.1815	0.0825083	44.3878
14.0148	40.264	0	44.3878
14.033	40.264	0	44.3878
14.0367	40.3053	0.0825083	44.3878
14.0573	40.3878	0	44.3878
14.0594	40.3878	0.0825083	44.3878
14.1856	40.4703	0	44.3878
14.2855	40.4703	0	44.898
14.2858	40.5116	0.0825083	44.898
14.3979	40.5941	0	44.898
14.3985	40.6353	0.0825083	44.898
14.4058	40.7178	0	44.898
14.4116	40.7591	0.0825083	44.898
14.4123	40.7591	0.247525	44.898
14.4127	40.8416	0.165017	44.898
14.4128	40.9241	0.0825083	44.898
14.4293	41.0066	0	44.898
14.431	41.0479	0.0825083	44.898
14.431	41.0479	0.247525	44.898
14.4318	41.1304	0.165017	44.898
14.4332	41.2129	0.0825083	44.898
14.5453	41.2954	0	44.898
14.5702	41.2954	0	45.4082
14.6024	41.2954	0	45.9184
14.6028	41.2954	0.165017	45.9184
14.6043	41.3779	0.0825083	45.9184
14.6129	41.4604	0	45.9184
14.614	41.5017	0.0825083	45.9184
14.6351	41.5842	0	45.9184
14.639	41.6254	0.0825083	45.9184
14.6395	41.6254	0.0825083	46.4286
14.7197	41.7079	0	46.4286
14.7205	41.7079	0.0825083	46.4286
14.7238	41.7079	0.0825083	46.9388
14.7269	41.7904	0	46.9388
14.728	41.8317	0.0825083	46.9388
14.8385	41.9142	0	46.9388
14.8389	41.9142	0.165017	46.9388
14.8409	41.9967	0.0825083	46.9388
14.8766	42.0792	0	46.9388
14.877	42.1205	0.0825083	46.9388
14.8799	42.203	0	46.9388
14.8804	42.2442	0.0825083	46.9388
14.9048	42.3267	0	46.9388
14.9053	42.3267	0.165017	46.9388
14.9056	42.4092	0.0825083	46.9388
15.0107	42.4917	0	46.9388
15.0471	42.4917	0	47.9592
15.0613	42.4917	0	48.4694
15.1398	42.4917	0	49.4898
15.1411	42.4917	0	50.5102
15.1721	42.4917	0	51.0204
15.1724	42.533	0.0825083	51.0204
15.1848	42.6155	0	51.0204
15.1848	42.6568	0.0825083	51.0204
15.2368	42.7393	0	51.0204
15.2373	42.7393	0.165017	51.0204
15.2426	42.8218	0.0825083	51.0204
15.2754	42.9043	0	51.0204
15.28	42.9455	0.0825083	51.0204
15.3266	43.0281	0	51.0204
15.327	43.0693	0.0825083	51.0204
15.4156	43.1518	0	51.0204
15.417	43.1931	0.0825083	51.0204
15.426	43.2756	0	51.0204
15.4578	43.2756	0	51.5306
15.4582	43.2756	0.0825083	51.5306
15.487	43.3581	0	51.5306
15.5186	43.3581	0	52.0408
15.5208	43.3581	0.165017	52.0408
15.5245	43.4406	0.0825083	52.0408
15.5764	43.5231	0	52.0408
15.5803	43.5231	0	52.551
15.5852	43.5644	0.0825083	52.551
15.655	43.6469	0	52.551
15.6558	43.6469	0.0825083	52.551
15.7506	43.7294	0	52.551
15.7538	43.7706	0.0825083	52.551
15.7869	43.8531	0	52.551
15.7886	43.8944	0.0825083	52.551
15.873	43.9769	0	52.551
15.873	43.9769	0.165017	52.551
15.8767	44.0594	0.0825083	52.551
15.9058	44.1419	0	52.551
15.9701	44.1419	0	53.0612
15.9702	44.1419	0.165017	53.0612
15.9712	44.2244	0.0825083	53.0612
15.9929	44.3069	0	53.0612
15.9931	44.3069	0.165017	53.0612
15.9969	44.3894	0.0825083	53.0612
16.0956	44.4719	0	53.0612
16.0973	44.5132	0.0825083	53.0612
16.1344	44.5957	0	53.0612
16.1346	44.637	0.0825083	53.0612
16.1372	44.7195	0	53.0612
16.1381	44.7195	0.165017	53.0612
16.1384	44.7607	0.247525	53.0612
16.1398	44.8432	0.165017	53.0612
16.1406	44.9257	0.0825083	53.0612
16.2	45.0083	0	53.0612
16.201	45.0083	0.0825083	53.0612
16.2379	45.0908	0	53.0612
16.2381	45.0908	0.165017	53.0612
16.2387	45.1733	0.0825083	53.0612
16.2505	45.2558	0	53.0612
16.2527	45.297	0.0825083	53.0612
16.2748	45.3795	0	53.0612
16.2807	45.3795	0.0825083	53.0612
16.2891	45.462	0	53.0612
16.2892	45.462	0.165017	53.0612
16.2914	45.5446	0.0825083	53.0612
16.3259	45.6271	0	53.0612
16.3286	45.6683	0.0825083	53.0612
16.3559	45.7508	0	53.0612
16.3637	45.7921	0.0825083	53.0612
16.3672	45.8746	0	53.0612
16.4078	45.8746	0	53.5714
16.4078	45.9158	0.0825083	53.5714
16.4206	45.9983	0	53.5714
16.4368	45.9983	0	54.0816
16.4416	46.0396	0.0825083	54.0816
16.4541	46.1221	0	54.0816
16.4549	46.1221	0.165017	54.0816
16.457	46.2046	0.0825083	54.0816
16.5185	46.2871	0	54.0816
16.5193	46.3284	0.0825083	54.0816
16.5278	46.4109	0	54.0816
16.5336	46.4109	0.165017	54.0816
16.5337	46.4109	0.247525	54.0816
16.5356	46.4934	0.165017	54.0816
16.5375	46.5759	0.0825083	54.0816
16.6502	46.6584	0	54.0816
16.6526	46.6997	0.0825083	54.0816
16.7566	46.7822	0	54.0816
16.7986	46.7822	0	54.0816
16.8029	46.8234	0.0825083	54.0816
16.8063	46.8234	0.165017	54.0816
16.8071	46.9059	0.0825083	54.0816
16.843	46.9884	0	54.0816
16.8437	47.0297	0.0825083	54.0816
16.9009	47.1122	0	54.0816
16.9623	47.1122	0	54.5918
16.9653	47.1535	0.0825083	54.5918
17.088	47.236	0	54.5918
17.088	47.236	0.165017	54.5918
17.0883	47.3185	0.0825083	54.5918
17.0985	47.401	0	54.5918
17.1209	47.401	0	55.6122
17.1233	47.4422	0.0825083	55.6122
17.1468	47.5248	0	55.6122
17.1491	47.5248	0.165017	55.6122
17.1516	47.6073	0.0825083	55.6122
17.1715	47.6898	0	55.6122
17.1747	47.731	0.0825083	55.6122
17.2561	47.8135	0	55.6122
17.3359	47.8135	0	56.1224
17.3375	47.8135	0.165017	56.1224
17.3405	47.896	0.0825083	56.1224
17.5051	47.9785	0	56.1224
17.5094	47.9785	0.165017	56.1224
17.5099	48.0611	0.0825083	56.1224
17.5593	48.1436	0	56.1224
17.5609	48.1436	0.0825083	56.1224
17.579	48.2261	0	56.1224
17.5797	48.2261	0.165017	56.1224
17.5798	48.3086	0.0825083	56.1224
17.6163	48.3911	0	56.1224
17.6176	48.4323	0.0825083	56.1224
17.634	48.5149	0	56.1224
17.6354	48.5561	0.0825083	56.1224
17.695	48.6386	0	56.1224
17.6951	48.6386	0.0825083	56.1224
17.7524	48.7211	0	56.1224
17.7801	48.7211	0	56.6327
17.7824	48.7624	0.0825083	56.6327
17.8182	48.8449	0	56.6327
17.8192	48.8861	0.0825083	56.6327
17.8468	48.9686	0	56.6327
17.851	49.0099	0.0825083	56.6327
17.9058	49.0924	0	56.6327
17.9101	49.0924	0.0825083	56.6327
18.2245	49.1749	0	56.6327
18.2277	49.2162	0.0825083	56.6327
18.2309	49.2987	0	56.6327
18.297	49.2987	0	57.1429
18.2982	49.2987	0.0825083	57.1429
18.3002	49.3812	0	57.1429
18.303	49.4224	0.0825083	57.1429
18.3036	49.4224	0.247525	57.1429
18.3036	49.505	0.165017	57.1429
18.3036	49.5875	0.0825083	57.1429
18.3174	49.67	0	57.1429
18.3191	49.7112	0.0825083	57.1429
18.3399	49.7937	0	57.1429
18.3417	49.7937	0.165017	57.1429
18.3418	49.8762	0.0825083	57.1429
18.3554	49.9587	0	57.1429
18.3557	49.9587	0.165017	57.1429
18.3587	50.0413	0.0825083	57.1429
18.3746	50.1238	0	57.1429
18.4509	50.1238	0	58.1633
18.6199	50.1238	0	58.6735
18.6203	50.1238	0.165017	58.6735
18.6212	50.2063	0.0825083	58.6735
18.6945	50.2888	0	58.6735
18.7136	50.2888	0	59.1837
18.7145	50.33	0.0825083	59.1837
18.7352	50.4125	0	59.1837
18.7353	50.4125	0.0825083	59.1837
18.7391	50.495	0	59.1837
18.7396	50.495	0.165017	59.1837
18.7407	50.5776	0.0825083	59.1837
18.9516	50.6601	0	59.1837
18.9519	50.6601	0.165017	59.1837
18.956	50.7426	0.0825083	59.1837
19.0131	50.8251	0	59.1837
19.0148	50.8663	0.0825083	59.1837
19.1248	50.9488	0	59.1837
19.1269	50.9488	0.0825083	59.1837
19.1348	51.0314	0	59.1837
19.1362	51.0726	0.0825083	59.1837
19.1661	51.1551	0	59.1837
19.1676	51.1551	0.0825083	59.1837
19.2075	51.2376	0	59.1837
19.2087	51.2376	0.165017	59.1837
19.2097	51.3201	0.0825083	59.1837
19.31	51.4026	0	59.1837
19.3111	51.4439	0.0825083	59.1837
19.3496	51.5264	0	59.1837
19.3499	51.5677	0.0825083	59.1837
19.3851	51.6502	0	59.1837
19.3918	51.6914	0.0825083	59.1837
19.5142	51.7739	0	59.1837
19.5157	51.7739	0.165017	59.1837
19.5179	51.8564	0.0825083	59.1837
19.6215	51.9389	0	59.1837
19.6271	51.9802	0.0825083	59.1837
19.6561	52.0627	0	59.1837
19.6563	52.104	0.0825083	59.1837
19.659	52.1865	0	59.1837
19.6613	52.2277	0.0825083	59.1837
19.6645	52.3102	0	59.1837
19.6675	52.3515	0.0825083	59.1837
19.797	52.434	0	59.1837
19.7977	52.4752	0.0825083	59.1837
19.8	52.4752	0.165017	59.1837
19.8003	52.5578	0.0825083	59.1837
19.8848	52.6403	0	59.1837
19.885	52.6815	0.0825083	59.1837
19.9078	52.764	0	59.1837
19.9107	52.8053	0.0825083	59.1837
19.9206	52.8878	0	59.1837
19.9568	52.8878	0	59.6939
19.9578	52.8878	0.0825083	59.6939
19.9622	52.9703	0	59.6939
19.963	52.9703	0.0825083	59.6939
19.9653	53.0528	0	59.6939
19.967	53.0941	0.0825083	59.6939
20.0938	53.1766	0	59.6939
20.0952	53.2178	0.0825083	59.6939
20.2132	53.3003	0	59.6939
20.2136	53.3416	0.0825083	59.6939
20.2682	53.4241	0	59.6939
20.2691	53.4653	0.0825083	59.6939
20.2704	53.4653	0.165017	59.6939
20.2718	53.5479	0.0825083	59.6939
20.5276	53.6304	0	59.6939
20.5303	53.6304	0.165017	59.6939
20.5326	53.7129	0.0825083	59.6939
20.5983	53.7954	0	59.6939
20.6016	53.8366	0.0825083	59.6939
20.7212	53.9191	0	59.6939
20.7225	53.9604	0.0825083	59.6939
20.8288	54.0429	0	59.6939
20.8294	54.0429	0.165017	59.6939
20.8294	54.1254	0.0825083	59.6939
20.9127	54.2079	0	59.6939
20.9131	54.2492	0.0825083	59.6939
21.1247	54.3317	0	59.6939
21.1455	54.3317	0	60.2041
21.1457	54.3317	0.165017	60.2041
21.1458	54.4142	0.0825083	60.2041
21.1561	54.4967	0	60.2041
21.1606	54.538	0.0825083	60.2041
21.2431	54.6205	0	60.2041
21.2464	54.6617	0.0825083	60.2041
21.3642	54.7442	0	60.2041
21.3646	54.7442	0.0825083	60.2041
21.3839	54.8267	0	60.2041
21.3966	54.8267	0	61.2245
21.3973	54.868	0.0825083	61.2245
21.6765	54.9505	0	61.2245
21.6932	54.9505	0	62.2449
21.6939	54.9917	0.0825083	62.2449
21.6955	55.0743	0	62.2449
21.7074	55.1155	0.0825083	62.2449
21.7406	55.198	0	62.2449
21.7428	55.198	0.165017	62.2449
21.7471	55.2805	0.0825083	62.2449
21.7858	55.363	0	62.2449
21.7865	55.4043	0.0825083	62.2449
21.8418	55.4868	0	62.2449
21.8429	55.4868	0.0825083	62.2449
21.8464	55.5693	0	62.2449
21.852	55.5693	0.0825083	62.2449
21.9894	55.6518	0	62.2449
21.9905	55.6931	0.0825083	62.2449
22.0983	55.7756	0	62.2449
22.0996	55.8168	0.0825083	62.2449
22.1762	55.8993	0	62.2449
22.3712	55.8993	0	62.7551
22.3762	55.8993	0.0825083	62.7551
22.3838	55.9818	0	62.7551
22.3849	56.0231	0.0825083	62.7551
22.4815	56.1056	0	62.7551
22.4856	56.1469	0.0825083	62.7551
22.5037	56.2294	0	62.7551
22.508	56.2294	0.0825083	62.7551
22.5105	56.3119	0	62.7551
22.5121	56.3119	0.0825083	62.7551
22.5502	56.3944	0	62.7551
22.5529	56.4356	0.0825083	62.7551
22.5601	56.5182	0	62.7551
22.5615	56.5594	0.0825083	62.7551
22.563	56.6419	0	62.7551
22.5656	56.6419	0.165017	62.7551
22.5675	56.7244	0.0825083	62.7551
22.9418	56.8069	0	62.7551
22.9431	56.8482	0.0825083	62.7551
22.9669	56.9307	0	62.7551
22.9676	56.9719	0.0825083	62.7551
23.0141	57.0545	0	62.7551
23.0149	57.0957	0.0825083	62.7551
23.0636	57.1782	0	62.7551
23.0651	57.1782	0.165017	62.7551
23.0664	57.2607	0.0825083	62.7551
23.0762	57.3432	0	62.7551
23.0762	57.3845	0.0825083	62.7551
23.2203	57.467	0	62.7551
23.2233	57.467	0.0825083	62.7551
23.3004	57.5495	0	62.7551
23.3007	57.5908	0.0825083	62.7551
23.3929	57.6733	0	62.7551
23.3937	57.7145	0.0825083	62.7551
23.5533	57.797	0	62.7551
23.5557	57.8383	0.0825083	62.7551
23.5678	57.9208	0	62.7551
23.5684	57.9208	0.165017	62.7551
23.5687	58.0033	0.0825083	62.7551
23.7649	58.0858	0	62.7551
23.7668	58.1271	0.0825083	62.7551
23.8544	58.2096	0	62.7551
23.858	58.2096	0.0825083	62.7551
23.9423	58.2921	0	62.7551
23.9439	58.3333	0.0825083	62.7551
24.0247	58.4158	0	62.7551
24.0249	58.4571	0.0825083	62.7551
24.025	58.5396	0	62.7551
24.026	58.5809	0.0825083	62.7551
24.0789	58.6634	0	62.7551
24.083	58.7046	0.0825083	62.7551
24.0925	58.7871	0	62.7551
24.0926	58.7871	0.165017	62.7551
24.0934	58.8696	0.0825083	62.7551
24.3153	58.9521	0	62.7551
24.3192	58.9521	0.0825083	62.7551
24.3931	59.0347	0	62.7551
24.4945	59.0347	0	63.2653
24.4948	59.0759	0.0825083	63.2653
24.5062	59.1584	0	63.2653
24.5079	59.1584	0.0825083	63.2653
24.5902	59.2409	0	63.2653
24.5921	59.2822	0.0825083	63.2653
24.6029	59.3647	0	63.2653
24.6043	59.4059	0.0825083	63.2653
24.6065	59.4884	0	63.2653
24.6065	59.5297	0.0825083	63.2653
24.7356	59.6122	0	63.2653
24.7774	59.6122	0	64.2857
24.7917	59.6122	0	64.7959
24.7926	59.6535	0.0825083	64.7959
24.7947	59.6947	0.165017	64.7959
24.7948	59.7772	0.0825083	64.7959
24.8221	59.8597	0	64.7959
24.8235	59.901	0.0825083	64.7959
24.9292	59.9835	0	64.7959
24.9303	60.0248	0.0825083	64.7959
24.9452	60.1073	0	64.7959
24.9465	60.1485	0.0825083	64.7959
24.9914	60.231	0	64.7959
24.9927	60.231	0.0825083	64.7959
24.9927	60.231	0.247525	64.7959
24.994	60.3135	0.165017	64.7959
24.9965	60.396	0.0825083	64.7959
25.0837	60.4785	0	64.7959
25.0877	60.5198	0.0825083	64.7959
25.1348	60.6023	0	64.7959
25.1366	60.6023	0.165017	64.7959
25.1367	60.6848	0.0825083	64.7959
25.1443	60.7673	0	64.7959
25.2637	60.7673	0	65.8163
25.2642	60.8086	0.0825083	65.8163
25.355	60.8911	0	65.8163
25.3561	60.8911	0.165017	65.8163
25.3598	60.9736	0.0825083	65.8163
25.5261	61.0561	0	65.8163
25.5263	61.0974	0.0825083	65.8163
25.6858	61.1799	0	65.8163
25.689	61.2211	0.0825083	65.8163
25.8055	61.3036	0	65.8163
25.8059	61.3036	0.0825083	65.8163
25.8568	61.3861	0	65.8163
26.0012	61.3861	0	66.8367
26.0399	61.3861	0	67.8571
26.0424	61.3861	0.0825083	67.8571
26.1032	61.4686	0	67.8571
26.1051	61.4686	0.0825083	67.8571
26.2772	61.5512	0	67.8571
26.2859	61.5512	0.0825083	67.8571
26.2967	61.6337	0	67.8571
26.2981	61.6337	0.165017	67.8571
26.2982	61.7162	0.0825083	67.8571
26.348	61.7987	0	67.8571
26.3739	61.7987	0	68.3673
26.3773	61.8399	0.0825083	68.3673
26.3921	61.9224	0	68.3673
26.6241	61.9224	0	68.8775
26.6243	61.9637	0.0825083	68.8775
26.6414	62.0462	0	68.8775
26.6416	62.0462	0.165017	68.8775
26.6444	62.1287	0.0825083	68.8775
26.9321	62.2112	0	68.8775
26.9344	62.2525	0.0825083	68.8775
26.9871	62.335	0	68.8775
27.0158	62.335	0	69.3878
27.0163	62.3762	0.0825083	69.3878
27.0188	62.4587	0	69.3878
27.0197	62.5	0.0825083	69.3878
27.0285	62.5825	0	69.3878
27.0302	62.6238	0.0825083	69.3878
27.0661	62.7063	0	69.3878
27.0685	62.7475	0.0825083	69.3878
27.4453	62.83	0	69.3878
27.4474	62.8713	0.0825083	69.3878
27.5185	62.9538	0	69.3878
27.5186	62.9538	0.165017	69.3878
27.5186	63.0363	0.0825083	69.3878
27.5494	63.1188	0	69.3878
27.5511	63.1601	0.0825083	69.3878
27.5688	63.2426	0	69.3878
27.5716	63.2838	0.0825083	69.3878
27.6511	63.3663	0	69.3878
27.6517	63.4076	0.0825083	69.3878
27.6529	63.4901	0	69.3878
27.6532	63.5314	0.0825083	69.3878
27.7963	63.6139	0	69.3878
27.7964	63.6551	0.0825083	69.3878
27.9653	63.7376	0	69.3878
27.9664	63.7789	0.0825083	69.3878
27.9745	63.8614	0	69.3878
28.0707	63.8614	0	69.898
28.0719	63.8614	0.0825083	69.898
28.0765	63.9439	0	69.898
28.0784	63.9851	0.0825083	69.898
28.1058	64.0677	0	69.898
28.1091	64.1089	0.0825083	69.898
28.139	64.1914	0	69.898
28.1392	64.2327	0.0825083	69.898
28.185	64.3152	0	69.898
28.1855	64.3152	0.165017	69.898
28.187	64.3977	0.0825083	69.898
28.2581	64.4802	0	69.898
28.2584	64.4802	0.165017	69.898
28.261	64.5627	0.0825083	69.898
28.3642	64.6452	0	69.898
28.3715	64.6865	0.0825083	69.898
28.4021	64.769	0	69.898
28.4059	64.769	0	70.9184
28.407	64.769	0.0825083	70.9184
28.6211	64.8515	0	70.9184
28.6255	64.8927	0.0825083	70.9184
28.6817	64.9753	0	70.9184
28.6846	64.9753	0	71.9388
28.6867	64.9753	0.165017	71.9388
28.6961	65.0578	0.0825083	71.9388
28.7476	65.1403	0	71.9388
28.753	65.1403	0	72.449
28.7546	65.1403	0.165017	72.449
28.7549	65.2228	0.0825083	72.449
28.8678	65.3053	0	72.449
29.0502	65.3053	0	73.4694
29.1919	65.3053	0	73.9796
29.1995	65.3465	0.0825083	73.9796
29.212	65.429	0	73.9796
29.4613	65.429	0	75
29.4646	65.429	0	76.0204
29.4657	65.4703	0.0825083	76.0204
29.5323	65.5528	0	76.0204
29.5329	65.5528	0.165017	76.0204
29.535	65.6353	0.0825083	76.0204
29.5612	65.7178	0	76.0204
29.5619	65.7178	0.165017	76.0204
29.5627	65.8003	0.0825083	76.0204
29.5763	65.8828	0	76.0204
29.5795	65.9241	0.0825083	76.0204
29.7138	66.0066	0	76.0204
29.7162	66.0479	0.0825083	76.0204
29.7358	66.1304	0	76.0204
30.0585	66.1304	0	76.5306
30.0595	66.1716	0.0825083	76.5306
30.3134	66.2541	0	76.5306
30.3154	66.2954	0.0825083	76.5306
30.4085	66.3779	0	76.5306
30.4107	66.3779	0.0825083	76.5306
30.4298	66.4604	0	76.5306
30.708	66.4604	0	77.0408
30.7089	66.5016	0.0825083	77.0408
30.8024	66.5842	0	77.0408
30.8025	66.6254	0.0825083	77.0408
30.9978	66.7079	0	77.0408
31.1355	66.7079	0	77.551
31.1361	66.7492	0.0825083	77.551
31.3371	66.8317	0	77.551
31.3395	66.8729	0.0825083	77.551
31.3714	66.9554	0	77.551
31.3723	66.9554	0.165017	77.551
31.3727	67.038	0.0825083	77.551
31.3815	67.1205	0	77.551
31.3817	67.1617	0.0825083	77.551
31.4156	67.2442	0	77.551
31.4221	67.2855	0.0825083	77.551
31.4347	67.368	0	77.551
31.548	67.368	0	78.0612
31.5488	67.4092	0.0825083	78.0612
31.6297	67.4918	0	78.0612
31.6325	67.533	0.0825083	78.0612
31.6612	67.6155	0	78.0612
31.8465	67.6155	0	78.5714
31.8471	67.6155	0.165017	78.5714
31.8479	67.698	0.0825083	78.5714
31.8538	67.7805	0	78.5714
31.8554	67.8218	0.0825083	78.5714
31.9979	67.9043	0	78.5714
32.0061	67.9455	0.0825083	78.5714
32.4006	68.0281	0	78.5714
32.4028	68.0693	0.0825083	78.5714
32.4038	68.1106	0.165017	78.5714
32.4055	68.1931	0.0825083	78.5714
32.4938	68.2756	0	78.5714
32.4974	68.2756	0.0825083	78.5714
32.5296	68.3581	0	78.5714
32.531	68.3993	0.0825083	78.5714
32.761	68.4818	0	78.5714
32.7613	68.5231	0.0825083	78.5714
32.9603	68.6056	0	78.5714
33.2849	68.6056	0	79.5918
33.2887	68.6056	0.0825083	79.5918
33.3674	68.6881	0	79.5918
33.3676	68.7294	0.0825083	79.5918
33.3689	68.8119	0	79.5918
33.3697	68.8531	0.0825083	79.5918
33.4255	68.9356	0	79.5918
33.4275	68.9356	0.165017	79.5918
33.4302	69.0182	0.0825083	79.5918
33.5734	69.1007	0	79.5918
33.5862	69.1007	0	80.102
33.5875	69.1007	0.0825083	80.102
33.6661	69.1832	0	80.102
33.6695	69.2244	0.0825083	80.102
33.6897	69.3069	0	80.102
33.6906	69.3482	0.0825083	80.102
33.726	69.4307	0	80.102
33.7276	69.4719	0.0825083	80.102
33.7492	69.5545	0	80.102
33.7849	69.5545	0	81.1225
33.7879	69.5545	0.0825083	81.1225
33.7943	69.637	0	81.1225
33.7956	69.6782	0.0825083	81.1225
33.8799	69.7607	0	81.1225
33.8808	69.802	0.0825083	81.1225
34.0807	69.8845	0	81.1225
34.0837	69.8845	0.165017	81.1225
34.0882	69.967	0.0825083	81.1225
34.126	70.0495	0	81.1225
34.1261	70.0908	0.0825083	81.1225
34.1379	70.1733	0	81.1225
34.1539	70.1733	0	82.1429
34.2729	70.1733	0	83.1633
34.2731	70.1733	0.0825083	83.1633
34.3644	70.2558	0	83.1633
34.3645	70.2558	0.165017	83.1633
34.3686	70.3383	0.0825083	83.1633
34.4224	70.4208	0	83.1633
34.4227	70.462	0.0825083	83.1633
34.4409	70.5446	0	83.1633
34.4418	70.5858	0.0825083	83.1633
34.6081	70.6683	0	83.1633
34.7287	70.6683	0	83.6735
34.7288	70.7096	0.0825083	83.6735
34.79	70.7921	0	83.6735
34.7902	70.8333	0.0825083	83.6735
34.8032	70.9158	0	83.6735
34.805	70.9158	0.165017	83.6735
34.8065	70.9984	0.0825083	83.6735
34.9129	71.0809	0	83.6735
34.9163	71.0809	0	84.6939
34.9163	71.0809	0.165017	84.6939
34.9209	71.1634	0.0825083	84.6939
35.4128	71.2459	0	84.6939
35.4136	71.2459	0.165017	84.6939
35.4151	71.3284	0.0825083	84.6939
35.4211	71.4109	0	84.6939
35.4217	71.4521	0.0825083	84.6939
35.4273	71.5347	0	84.6939
35.4376	71.5759	0.0825083	84.6939
35.6673	71.6584	0	84.6939
35.668	71.6997	0.0825083	84.6939
35.9073	71.7822	0	84.6939
35.909	71.7822	0.0825083	84.6939
36.0104	71.8647	0	84.6939
36.014	71.9059	0.0825083	84.6939
36.0291	71.9884	0	84.6939
36.0291	71.9884	0.165017	84.6939
36.0319	72.071	0.0825083	84.6939
36.0819	72.1535	0	84.6939
36.0826	72.1535	0.165017	84.6939
36.0854	72.236	0.0825083	84.6939
36.0889	72.3185	0	84.6939
36.2737	72.3185	0	85.7143
36.274	72.3597	0.0825083	85.7143
36.4325	72.4422	0	85.7143
36.437	72.4835	0.0825083	85.7143
36.5777	72.566	0	85.7143
36.5809	72.6073	0.0825083	85.7143
36.6669	72.6898	0	85.7143
36.6742	72.6898	0.0825083	85.7143
36.7114	72.7723	0	85.7143
36.7119	72.8135	0.0825083	85.7143
36.7605	72.896	0	85.7143
36.764	72.896	0.0825083	85.7143
36.8168	72.9785	0	85.7143
36.8175	72.9785	0.0825083	85.7143
36.9319	73.0611	0	85.7143
36.9327	73.1023	0.0825083	85.7143
37.0006	73.1848	0	85.7143
37.002	73.2261	0.0825083	85.7143
37.0927	73.3086	0	85.7143
37.0957	73.3498	0.0825083	85.7143
37.0958	73.3498	0.247525	85.7143
37.0963	73.4323	0.165017	85.7143
37.0964	73.5149	0.0825083	85.7143
37.2314	73.5974	0	85.7143
37.2318	73.6386	0.0825083	85.7143
37.2876	73.7211	0	85.7143
37.2878	73.7211	0.0825083	85.7143
37.3924	73.8036	0	85.7143
37.3952	73.8449	0.0825083	85.7143
37.4205	73.9274	0	85.7143
37.428	73.9686	0.0825083	85.7143
37.4557	74.0512	0	85.7143
37.4573	74.0512	0.0825083	85.7143
37.5457	74.1337	0	85.7143
37.6283	74.1337	0	86.2245
37.63	74.1749	0.0825083	86.2245
37.6674	74.2574	0	86.2245
37.6682	74.2574	0.165017	86.2245
37.6685	74.3399	0.0825083	86.2245
37.6919	74.4224	0	86.2245
37.7539	74.4224	0	87.2449
37.7561	74.4637	0.0825083	87.2449
37.9703	74.5462	0	87.2449
37.9761	74.5875	0.0825083	87.2449
38.1088	74.67	0	87.2449
38.1148	74.7112	0.0825083	87.2449
38.2251	74.7937	0	87.2449
38.2262	74.835	0.0825083	87.2449
38.2556	74.9175	0	87.2449
38.2596	74.9587	0.0825083	87.2449
38.2601	75.0413	0	87.2449
38.2618	75.0825	0.0825083	87.2449
38.307	75.165	0	87.2449
38.3078	75.2063	0.0825083	87.2449
38.458	75.2888	0	87.2449
38.4592	75.33	0.0825083	87.2449
38.4886	75.4125	0	87.2449
38.4943	75.4538	0.0825083	87.2449
38.699	75.5363	0	87.2449
38.7054	75.5776	0.0825083	87.2449
38.779	75.6601	0	87.2449
38.7809	75.6601	0.165017	87.2449
38.7811	75.7426	0.0825083	87.2449
38.9884	75.8251	0	87.2449
38.9891	75.8663	0.0825083	87.2449
39.0044	75.9488	0	87.2449
39.0077	75.9901	0.0825083	87.2449
39.1426	76.0726	0	87.2449
39.1435	76.1139	0.0825083	87.2449
39.7314	76.1964	0	87.2449
40.1362	76.1964	0	87.7551
40.141	76.2376	0.0825083	87.7551
40.4477	76.3201	0	87.7551
40.4553	76.3614	0.0825083	87.7551
40.5427	76.4439	0	87.7551
40.5442	76.4851	0.0825083	87.7551
40.5827	76.5677	0	87.7551
40.5847	76.6089	0.0825083	87.7551
40.6702	76.6914	0	87.7551
40.671	76.6914	0.165017	87.7551
40.6723	76.7739	0.0825083	87.7551
40.7912	76.8564	0	87.7551
40.9139	76.8564	0	88.7755
40.9156	76.8977	0.0825083	88.7755
40.9419	76.9802	0	88.7755
41.309	76.9802	0	89.7959
41.312	77.0215	0.0825083	89.7959
41.3159	77.104	0	89.7959
41.316	77.104	0.165017	89.7959
41.3163	77.1865	0.0825083	89.7959
41.3911	77.269	0	89.7959
41.3919	77.3102	0.0825083	89.7959
41.3973	77.3927	0	89.7959
41.3983	77.3927	0.0825083	89.7959
41.4611	77.4753	0	89.7959
41.4635	77.4753	0.165017	89.7959
41.4644	77.5578	0.0825083	89.7959
41.5352	77.6403	0	89.7959
41.5363	77.6815	0.0825083	89.7959
42.0088	77.764	0	89.7959
42.0091	77.764	0.165017	89.7959
42.0158	77.8465	0.0825083	89.7959
42.0346	77.929	0	89.7959
42.0365	77.9703	0.0825083	89.7959
42.1085	78.0528	0	89.7959
42.109	78.0528	0.0825083	89.7959
42.2528	78.1353	0	89.7959
42.2538	78.1353	0.165017	89.7959
42.2544	78.2178	0.0825083	89.7959
42.482	78.3003	0	89.7959
42.4822	78.3003	0.165017	89.7959
42.4824	78.3828	0.0825083	89.7959
42.4829	78.4241	0.165017	89.7959
42.4841	78.5066	0.0825083	89.7959
42.586	78.5891	0	89.7959
42.5867	78.6304	0.0825083	89.7959
42.7702	78.7129	0	89.7959
42.7705	78.7541	0.0825083	89.7959
42.8415	78.8366	0	89.7959
42.8482	78.8779	0.0825083	89.7959
42.9274	78.9604	0	89.7959
42.9277	79.0016	0.0825083	89.7959
42.9686	79.0842	0	89.7959
42.9695	79.1254	0.0825083	89.7959
42.9906	79.2079	0	89.7959
42.9943	79.2492	0.0825083	89.7959
43.4409	79.3317	0	89.7959
43.4412	79.3317	0.165017	89.7959
43.4428	79.4142	0.0825083	89.7959
43.9426	79.4967	0	89.7959
43.9474	79.538	0.0825083	89.7959
44.1886	79.6205	0	89.7959
44.2089	79.6205	0	90.8163
44.2092	79.6205	0.0825083	90.8163
44.4877	79.703	0	90.8163
44.4895	79.7442	0.0825083	90.8163
44.6846	79.8267	0	90.8163
44.6857	79.868	0.0825083	90.8163
44.827	79.9505	0	90.8163
44.8279	79.9918	0.0825083	90.8163
44.8793	80.0743	0	90.8163
44.8809	80.1155	0.0825083	90.8163
45.1566	80.198	0	90.8163
45.1572	80.2393	0.0825083	90.8163
45.3768	80.3218	0	90.8163
45.3795	80.363	0.0825083	90.8163
45.5527	80.4455	0	90.8163
45.5558	80.4868	0.0825083	90.8163
45.8228	80.5693	0	90.8163
45.824	80.6106	0.0825083	90.8163
46.4794	80.6931	0	90.8163
46.4828	80.7343	0.0825083	90.8163
46.4999	80.8168	0	90.8163
46.5033	80.8581	0.0825083	90.8163
46.6941	80.9406	0	90.8163
46.875	80.9406	0	91.8367
46.8753	80.9406	0.165017	91.8367
46.8758	81.0231	0.0825083	91.8367
47.0062	81.1056	0	91.8367
47.0071	81.1056	0.165017	91.8367
47.0072	81.1881	0.0825083	91.8367
47.7473	81.2706	0	91.8367
47.75	81.3119	0.0825083	91.8367
47.8691	81.3944	0	91.8367
47.8701	81.4356	0.0825083	91.8367
47.9932	81.5182	0	91.8367
48.0085	81.5182	0	92.8571
48.0149	81.5594	0.0825083	92.8571
48.0447	81.6419	0	92.8571
48.0473	81.6832	0.0825083	92.8571
48.0631	81.7657	0	92.8571
48.0641	81.7657	0.165017	92.8571
48.0653	81.8482	0.0825083	92.8571
48.3966	81.9307	0	92.8571
48.3973	81.9307	0.165017	92.8571
48.3974	82.0132	0.0825083	92.8571
48.7534	82.0957	0	92.8571
48.7535	82.137	0.0825083	92.8571
48.8409	82.2195	0	92.8571
48.8416	82.2607	0.0825083	92.8571
49.1969	82.3432	0	92.8571
49.1969	82.3432	0.0825083	92.8571
49.3207	82.4257	0	92.8571
49.3219	82.467	0.0825083	92.8571
49.6596	82.5495	0	92.8571
49.7581	82.5495	0	93.8775
49.7583	82.5908	0.0825083	93.8775
49.9572	82.6733	0	93.8775
49.9589	82.6733	0.0825083	93.8775
50.2986	82.7558	0	93.8775
50.3016	82.7558	0.0825083	93.8775
50.4433	82.8383	0	93.8775
50.4442	82.8383	0.0825083	93.8775
50.5958	82.9208	0	93.8775
50.5968	82.962	0.0825083	93.8775
50.9796	83.0446	0	93.8775
50.9813	83.0446	0.0825083	93.8775
51.0618	83.1271	0	93.8775
51.0624	83.1683	0.0825083	93.8775
51.1395	83.2508	0	93.8775
51.1408	83.2921	0.0825083	93.8775
51.2655	83.3746	0	93.8775
51.2665	83.4158	0.0825083	93.8775
51.475	83.4984	0	93.8775
51.4783	83.4984	0.0825083	93.8775
51.5135	83.5809	0	93.8775
51.5147	83.5809	0.0825083	93.8775
51.5148	83.6221	0.165017	93.8775
51.5157	83.7046	0.0825083	93.8775
51.5753	83.7871	0	93.8775
51.5779	83.8284	0.0825083	93.8775
51.6575	83.9109	0	93.8775
51.6576	83.9521	0.0825083	93.8775
51.9983	84.0347	0	93.8775
52.0766	84.0347	0	94.898
52.0767	84.0759	0.0825083	94.898
52.2646	84.1584	0	94.898
52.2683	84.1997	0.0825083	94.898
52.3002	84.2822	0	94.898
52.3018	84.2822	0.165017	94.898
52.3028	84.3647	0.0825083	94.898
52.4652	84.4472	0	94.898
52.4656	84.4472	0.165017	94.898
52.4668	84.5297	0.0825083	94.898
52.7215	84.6122	0	94.898
52.7228	84.6122	0.165017	94.898
52.7229	84.6947	0.0825083	94.898
52.7654	84.7772	0	94.898
52.7689	84.8185	0.0825083	94.898
52.8364	84.901	0	94.898
52.8374	84.9422	0.0825083	94.898
52.9055	85.0247	0	94.898
52.9072	85.066	0.0825083	94.898
53.5563	85.1485	0	94.898
53.557	85.1898	0.0825083	94.898
53.5961	85.2723	0	94.898
53.6032	85.3135	0.0825083	94.898
53.6585	85.396	0	94.898
53.6586	85.4373	0.0825083	94.898
53.8696	85.5198	0	94.898
53.87	85.5611	0.0825083	94.898
54.0614	85.6436	0	94.898
54.0631	85.6848	0.0825083	94.898
54.9358	85.7673	0	94.898
54.9371	85.8086	0.0825083	94.898
54.9998	85.8911	0	94.898
54.9998	85.9323	0.0825083	94.898
55.0216	86.0149	0	94.898
55.0241	86.0561	0.0825083	94.898
55.3636	86.1386	0	94.898
55.3646	86.1799	0.0825083	94.898
55.7648	86.2624	0	94.898
55.7655	86.3036	0.0825083	94.898
56.0696	86.3861	0	94.898
56.0727	86.4274	0.0825083	94.898
56.5731	86.5099	0	94.898
56.5747	86.5099	0.0825083	94.898
56.6619	86.5924	0	94.898
56.6705	86.6337	0.0825083	94.898
56.6952	86.7162	0	94.898
56.6964	86.7162	0.0825083	94.898
57.1109	86.7987	0	94.898
57.1119	86.8399	0.0825083	94.898
57.2581	86.9224	0	94.898
57.2584	86.9224	0.0825083	94.898
57.5967	87.005	0	94.898
57.5996	87.0462	0.0825083	94.898
57.8641	87.1287	0	94.898
57.8673	87.17	0.0825083	94.898
57.8675	87.17	0.247525	94.898
57.868	87.2525	0.165017	94.898
57.869	87.335	0.0825083	94.898
58.0163	87.4175	0	94.898
59.2443	87.4175	0	95.9184
59.2457	87.4175	0.0825083	95.9184
59.2735	87.5	0	95.9184
59.2764	87.5413	0.0825083	95.9184
59.7625	87.6238	0	95.9184
59.765	87.665	0.0825083	95.9184
60.0974	87.7475	0	95.9184
60.0985	87.7475	0.165017	95.9184
60.1003	87.83	0.0825083	95.9184
60.1149	87.9125	0	95.9184
60.117	87.9538	0.0825083	95.9184
60.1934	88.0363	0	95.9184
60.1967	88.0363	0.165017	95.9184
60.1977	88.1188	0.0825083	95.9184
60.6359	88.2013	0	95.9184
60.6372	88.2426	0.0825083	95.9184
60.7768	88.3251	0	95.9184
60.7804	88.3251	0.165017	95.9184
60.7809	88.4076	0.0825083	95.9184
60.8152	88.4901	0	95.9184
60.819	88.5314	0.0825083	95.9184
61.1885	88.6139	0	95.9184
61.4612	88.6139	0	96.9388
61.4627	88.6139	0.165017	96.9388
61.463	88.6964	0.0825083	96.9388
61.551	88.7789	0	96.9388
61.555	88.8201	0.0825083	96.9388
61.8707	88.9026	0	96.9388
61.8707	88.9026	0.165017	96.9388
61.872	88.9851	0.0825083	96.9388
61.8764	89.0677	0	96.9388
61.8791	89.1089	0.0825083	96.9388
61.9034	89.1914	0	96.9388
61.9043	89.2327	0.0825083	96.9388
62.0465	89.3152	0	96.9388
62.0486	89.3152	0.0825083	96.9388
62.1535	89.3977	0	96.9388
62.1543	89.4389	0.0825083	96.9388
62.2225	89.5215	0	96.9388
62.2268	89.5627	0.0825083	96.9388
63.1679	89.6452	0	96.9388
63.1711	89.6452	0.165017	96.9388
63.1711	89.7277	0.0825083	96.9388
63.2139	89.8102	0	96.9388
63.2146	89.8102	0.165017	96.9388
63.2154	89.8927	0.0825083	96.9388
63.5748	89.9753	0	96.9388
63.5749	89.9753	0.0825083	96.9388
63.9984	90.0578	0	96.9388
64.0332	90.0578	0	97.9592
64.0344	90.0578	0.0825083	97.9592
64.2779	90.1403	0	97.9592
64.2801	90.1815	0.0825083	97.9592
64.3042	90.264	0	97.9592
64.3048	90.3053	0.0825083	97.9592
65.2208	90.3878	0	97.9592
65.2208	90.3878	0.165017	97.9592
65.221	90.4703	0.0825083	97.9592
65.5673	90.5528	0	97.9592
65.5684	90.5528	0.165017	97.9592
65.5721	90.6353	0.0825083	97.9592
65.8191	90.7178	0	97.9592
65.8191	90.7591	0.0825083	97.9592
65.9327	90.8416	0	97.9592
65.9352	90.8828	0.0825083	97.9592
66.3841	90.9653	0	97.9592
66.3931	91.0066	0.0825083	97.9592
66.536	91.0891	0	97.9592
66.5392	91.1304	0.0825083	97.9592
66.8869	91.2129	0	97.9592
66.8916	91.2541	0.0825083	97.9592
67.84	91.3366	0	97.9592
67.8403	91.3779	0.0825083	97.9592
67.8486	91.4604	0	97.9592
67.8533	91.5016	0.0825083	97.9592
67.9995	91.5842	0	97.9592
68.0009	91.6254	0.0825083	97.9592
68.709	91.7079	0	97.9592
68.7094	91.7492	0.0825083	97.9592
68.9301	91.8317	0	97.9592
68.9325	91.8729	0.0825083	97.9592
69.2857	91.9554	0	97.9592
69.2859	91.9967	0.0825083	97.9592
69.4411	92.0792	0	97.9592
69.4476	92.1205	0.0825083	97.9592
69.7668	92.203	0	97.9592
69.7672	92.2442	0.0825083	97.9592
70.5856	92.3267	0	97.9592
70.5871	92.3267	0.0825083	97.9592
70.646	92.4092	0	97.9592
70.6508	92.4505	0.0825083	97.9592
70.7797	92.533	0	97.9592
70.7852	92.5743	0.0825083	97.9592
71.372	92.6568	0	97.9592
71.382	92.6568	0	98.9796
71.3877	92.698	0.0825083	98.9796
71.6888	92.7805	0	98.9796
71.6924	92.8218	0.0825083	98.9796
71.7315	92.9043	0	98.9796
71.7327	92.9043	0.0825083	98.9796
71.9509	92.9868	0	98.9796
71.9532	92.9868	0.0825083	98.9796
72.0269	93.0693	0	98.9796
72.0283	93.0693	0.165017	98.9796
72.0285	93.1518	0.0825083	98.9796
72.4181	93.2343	0	98.9796
72.4194	93.2343	0.165017	98.9796
72.4241	93.3168	0.0825083	98.9796
73.4188	93.3993	0	98.9796
73.419	93.3993	0.165017	98.9796
73.4208	93.4818	0.0825083	98.9796
73.8778	93.5644	0	98.9796
73.8781	93.6056	0.0825083	98.9796
74.0189	93.6881	0	98.9796
74.0219	93.7294	0.0825083	98.9796
74.2071	93.8119	0	98.9796
74.2081	93.8531	0.0825083	98.9796
75.3602	93.9356	0	98.9796
75.361	93.9769	0.0825083	98.9796
76.6518	94.0594	0	98.9796
76.6533	94.0594	0.165017	98.9796
76.6554	94.1419	0.0825083	98.9796
76.6643	94.2244	0	98.9796
76.6644	94.2244	0.165017	98.9796
76.669	94.3069	0.0825083	98.9796
77.1819	94.3894	0	98.9796
77.1844	94.4307	0.0825083	98.9796
78.2499	94.5132	0	98.9796
78.2541	94.5545	0.0825083	98.9796
78.7582	94.637	0	98.9796
78.7582	94.6782	0.0825083	98.9796
79.6995	94.7607	0	98.9796
79.7064	94.802	0.0825083	98.9796
80.1873	94.8845	0	98.9796
81.1983	94.8845	0	100
81.1995	94.9257	0.0825083	100
81.7654	95.0082	0	100
81.7663	95.0495	0.0825083	100
81.8887	95.132	0	100
81.8905	95.1733	0.0825083	100
82.0233	95.2558	0	100
82.0239	95.297	0.0825083	100
82.3052	95.3795	0	100
82.3066	95.4208	0.0825083	100
83.5924	95.5033	0	100
83.5936	95.5033	0.165017	100
83.5971	95.5858	0.0825083	100
84.4997	95.6683	0	100
84.4998	95.6683	0.165017	100
84.5004	95.7508	0.0825083	100
84.6898	95.8333	0	100
84.6942	95.8746	0.0825083	100
86.5358	95.9571	0	100
86.5376	95.9984	0.0825083	100
86.691	96.0809	0	100
86.6914	96.0809	0.0825083	100
87.8796	96.1634	0	100
87.8825	96.2046	0.0825083	100
88.1963	96.2871	0	100
88.2006	96.2871	0.0825083	100
88.3506	96.3696	0	100
88.3507	96.4109	0.0825083	100
88.7301	96.4934	0	100
88.7367	96.5347	0.0825083	100
88.8056	96.6172	0	100
88.8064	96.6584	0.0825083	100
89.5349	96.7409	0	100
89.5349	96.7409	0.165017	100
89.5359	96.8234	0.0825083	100
90.0175	96.9059	0	100
90.0227	96.9472	0.0825083	100
90.6444	97.0297	0	100
90.6486	97.071	0.0825083	100
93.845	97.1535	0	100
93.8471	97.1535	0.0825083	100
95.1435	97.236	0	100
95.1536	97.2772	0.0825083	100
95.6139	97.3597	0	100
95.618	97.401	0.0825083	100
100.847	97.4835	0	100
100.847	97.4835	0.165017	100
100.85	97.566	0.0825083	100
101.286	97.6485	0	100
101.296	97.6898	0.0825083	100
101.383	97.7723	0	100
101.387	97.8135	0.0825083	100
102.079	97.896	0	100
102.079	97.9373	0.0825083	100
104.505	98.0198	0	100
104.509	98.0611	0.0825083	100
104.666	98.1436	0	100
104.669	98.1848	0.0825083	100
104.893	98.2673	0	100
104.9	98.3086	0.0825083	100
106.147	98.3911	0	100
106.149	98.4323	0.0825083	100
107.092	98.5149	0	100
107.093	98.5561	0.0825083	100
112.769	98.6386	0	100
112.771	98.6799	0.0825083	100
124.907	98.7624	0	100
124.908	98.7624	0.165017	100
124.908	98.8449	0.0825083	100
126.288	98.9274	0	100
126.29	98.9686	0.0825083	100
127.325	99.0512	0	100
127.326	99.0512	0.0825083	100
127.773	99.1337	0	100
127.774	99.1749	0.0825083	100
128.237	99.2574	0	100
128.24	99.2987	0.0825083	100
132.438	99.3812	0	100
132.442	99.4224	0.0825083	100
138.844	99.505	0	100
138.845	99.5462	0.0825083	100
146.014	99.6287	0	100
146.015	99.67	0.0825083	100
148.607	99.7525	0	100
148.607	99.7937	0.0825083	100
161.656	99.8762	0	100
161.656	99.9175	0.0825083	100
