3.53506e-07	0	0	0
3.91072e-07	0	0	0
8.56659e-07	0	0	0
1.08277e-06	0	0	0
1.39136e-06	0	0	0
1.89724e-06	0	0	0
2.49901e-06	0	0	0
2.64225e-06	0	0	0
2.72078e-06	0	0	0
2.90817e-06	0	0	0
3.62724e-06	0	0	0
4.29452e-06	0	0	0
4.32503e-06	0	0	0
4.47889e-06	0	0	0
5.14508e-06	0	0	0
6.18816e-06	0	0	0
6.5031e-06	0	0	0
7.11384e-06	0	0	0
7.13704e-06	0	0	0
7.16087e-06	0	0	0
7.68383e-06	0	0	0
8.43748e-06	0	0	0
9.20123e-06	0	0	0
9.68623e-06	0	0	0
1.12885e-05	0	0	0
1.13622e-05	0	0	0
1.16416e-05	0	0	0
1.19811e-05	0	0	0
1.64896e-05	0	0	0
1.70571e-05	0	0	0
1.70739e-05	0	0	0
1.71511e-05	0	0	0
1.80607e-05	0	0	0
1.81189e-05	0	0	0
1.84431e-05	0	0	0
1.85547e-05	0	0	0
1.95939e-05	0	0	0
2.04151e-05	0	0	0
2.06342e-05	0	0	0
2.58811e-05	0	0	0
2.58997e-05	0	0	0
2.6044e-05	0	0	0
2.6148e-05	0	0	0
2.64727e-05	0	0	0
2.66288e-05	0	0	0
2.74433e-05	0	0	0
2.78618e-05	0	0	0
2.85529e-05	0	0	0
2.89521e-05	0	0	0
2.93722e-05	0	0	0
2.95109e-05	0	0	0
2.97303e-05	0	0	0
2.9787e-05	0	0	0
2.98433e-05	0	0	0
3.02965e-05	0	0	0
3.04477e-05	0	0	0
3.04797e-05	0	0	0
3.06921e-05	0	0	0
3.11429e-05	0	0	0
3.17894e-05	0	0	0
3.3292e-05	0	0	0
3.33011e-05	0	0	0
3.35452e-05	0	0	0
3.45388e-05	0	0	0
3.50443e-05	0	0	0
3.54524e-05	0	0	0
3.55735e-05	0	0	0
3.66549e-05	0	0	0
3.7393e-05	0	0	0
3.79556e-05	0	0	0
3.90219e-05	0	0	0
3.90746e-05	0	0	0
4.26733e-05	0	0	0
4.3768e-05	0	0	0
4.42892e-05	0	0	0
4.44032e-05	0	0	0
4.47705e-05	0	0	0
4.55516e-05	0	0	0
4.62941e-05	0	0	0
4.7133e-05	0	0	0
4.76181e-05	0	0	0
4.77178e-05	0	0	0
4.84821e-05	0	0	0
4.87626e-05	0	0	0
4.99665e-05	0	0	0
5.02125e-05	0	0	0
5.07528e-05	0	0	0
5.11645e-05	0	0	0
5.18278e-05	0	0	0
5.26565e-05	0	0	0
5.41859e-05	0	0	0
5.43794e-05	0	0	0
5.45923e-05	0	0	0
5.57297e-05	0	0	0
5.72982e-05	0	0	0
5.81383e-05	0	0	0
5.8531e-05	0	0	0
5.91138e-05	0	0	0
5.91815e-05	0	0	0
5.95872e-05	0	0	0
6.09093e-05	0	0	0
6.11841e-05	0	0	0
6.19162e-05	0	0	0
6.23116e-05	0	0	0
6.29069e-05	0	0	0
6.45784e-05	0	0	0
6.60515e-05	0	0	0
6.60947e-05	0	0	0
6.64153e-05	0	0	0
6.72259e-05	0	0	0
6.80393e-05	0	0	0
6.82329e-05	0	0	0
6.82861e-05	0	0	0
6.83532e-05	0	0	0
6.94357e-05	0	0	0
6.95856e-05	0	0	0
6.98175e-05	0	0	0
6.98279e-05	0	0	0
6.99738e-05	0	0	0
7.01031e-05	0	0	0
7.29978e-05	0	0	0
7.32076e-05	0	0	0
7.35309e-05	0	0	0
7.39064e-05	0	0	0
7.39728e-05	0	0	0
7.52216e-05	0	0	0
7.60457e-05	0	0	0
7.62773e-05	0	0	0
7.71599e-05	0	0	0
7.72607e-05	0	0	0
7.73564e-05	0	0	0
7.92407e-05	0	0	0
8.06339e-05	0	0	0
8.10723e-05	0	0	0
8.22915e-05	0	0	0
8.32944e-05	0	0	0
8.44621e-05	0	0	0
8.4851e-05	0	0	0
8.543e-05	0	0	0
8.54964e-05	0	0	0
8.62784e-05	0	0	0
8.72159e-05	0	0	0
8.73849e-05	0	0	0
8.7412e-05	0	0	0
8.77369e-05	0	0	0
8.84507e-05	0	0	0
8.84998e-05	0	0	0
8.85803e-05	0	0	0
8.88387e-05	0	0	0
8.94791e-05	0	0	0
8.976e-05	0	0	0
8.9885e-05	0	0	0
8.9932e-05	0	0	0
9.03645e-05	0	0	0
9.05981e-05	0	0	0
9.08186e-05	0	0	0
9.15054e-05	0	0	0
9.16154e-05	0	0	0
9.22401e-05	0	0	0
9.25462e-05	0	0	0
9.3116e-05	0	0	0
9.3128e-05	0	0	0
9.3134e-05	0	0	0
9.48736e-05	0	0	0
9.56225e-05	0	0	0
9.57984e-05	0	0	0
9.64777e-05	0	0	0
9.74703e-05	0	0	0
9.96489e-05	0	0	0
0.000100078	0	0	0
0.000100535	0	0	0
0.000101106	0	0	0
0.000101397	0	0	0
0.000101661	0	0	0
0.000104025	0	0	0
0.000104095	0	0	0
0.000104182	0	0	0
0.000105289	0	0	0
0.000105305	0	0	0
0.000106189	0	0	0
0.000106427	0	0	0
0.000107523	0	0	0
0.000109167	0	0	0
0.000109595	0	0	0
0.000110069	0	0	0
0.000110571	0	0	0
0.000111358	0	0	0
0.000112234	0	0	0
0.000112278	0	0	0
0.000113239	0	0	0
0.000113494	0	0	0
0.000115054	0	0	0
0.000115055	0	0	0
0.000115249	0	0	0
0.000115622	0	0	0
0.000116313	0	0	0
0.000116614	0	0	0
0.000116621	0	0	0
0.000117372	0	0	0
0.000117562	0	0	0
0.000119976	0	0	0
0.000120341	0	0	0
0.000120495	0	0	0
0.000120809	0	0	0
0.000121236	0	0	0
0.000121386	0	0	0
0.000121723	0	0	0
0.000128092	0	0	0
0.000128599	0	0	0
0.000128889	0	0	0
0.000129047	0	0	0
0.000130729	0	0	0
0.000130786	0	0	0
0.000130903	0	0	0
0.000130934	0	0	0
0.000131613	0	0	0
0.000132457	0	0	0
0.000133147	0	0	0
0.000135109	0	0	0
0.000135947	0	0	0
0.000136167	0	0	0
0.000136436	0	0	0
0.000136449	0	0	0
0.000136712	0	0	0
0.000137426	0	0	0
0.000137747	0	0	0
0.000138059	0	0	0
0.000138205	0	0	0
0.000139151	0	0	0
0.000139418	0	0	0
0.000139505	0	0	0
0.000140806	0	0	0
0.000141478	0	0	0
0.000142835	0	0	0
0.000145296	0	0	0
0.00014591	0	0	0
0.000145938	0	0	0
0.000146041	0	0	0
0.000147496	0	0	0
0.000148066	0	0	0
0.000149193	0	0	0
0.000149577	0	0	0
0.000149942	0	0	0
0.000151184	0	0	0
0.000152274	0	0	0
0.00015442	0	0	0
0.000157983	0	0	0
0.000158791	0	0	0
0.00015976	0	0	0
0.000160635	0	0	0
0.000162015	0	0	0
0.000162239	0	0	0
0.000165637	0	0	0
0.000169735	0	0	0
0.000169849	0	0	0
0.000169968	0	0	0
0.000170993	0	0	0
0.000171171	0	0	0
0.000171942	0	0	0
0.000172103	0	0	0
0.000172918	0	0	0
0.000173319	0	0	0
0.000173679	0	0	0
0.000174516	0	0	0
0.000174982	0	0	0
0.000175177	0	0	0
0.000176954	0	0	0
0.000177143	0	0	0
0.000177446	0	0	0
0.000177981	0	0	0
0.000178735	0	0	0
0.000178752	0	0	0
0.000180043	0	0	0
0.000180095	0	0	0
0.0001813	0	0	0
0.000182445	0	0	0
0.00018309	0	0	0
0.000183534	0	0	0
0.000187911	0	0	0
0.000188214	0	0	0
0.000190418	0	0	0
0.000191332	0	0	0
0.000193975	0	0	0
0.000194624	0	0	0
0.000195557	0	0	0
0.000195666	0	0	0
0.000197274	0	0	0
0.00019731	0	0	0
0.000198323	0	0	0
0.000199882	0	0	0
0.000200667	0	0	0
0.000201805	0	0	0
0.000203559	0	0	0
0.000204982	0	0	0
0.000205866	0	0	0
0.000206425	0	0	0
0.000207547	0	0	0
0.000210436	0	0	0
0.000211544	0	0	0
0.000212293	0	0	0
0.000213378	0	0	0
0.000215632	0	0	0
0.000216487	0	0	0
0.000221054	0	0	0
0.000222209	0	0	0
0.000224025	0	0	0
0.000227692	0	0	0
0.000229857	0	0	0
0.000230734	0	0	0
0.000231446	0	0	0
0.000233301	0	0	0
0.0002335	0	0	0
0.00023419	0	0	0
0.000237902	0	0	0
0.000239353	0	0	0
0.000240089	0	0	0
0.000242109	0	0	0
0.000242285	0	0	0
0.000243095	0	0	0
0.000243226	0	0	0
0.000244259	0	0	0
0.00024544	0	0	0
0.000246259	0	0	0
0.000248012	0	0	0
0.00025007	0	0	0
0.000250256	0	0	0
0.000250617	0	0	0
0.000251046	0	0	0
0.000251386	0	0	0
0.0002549	0	0	0
0.000257171	0	0	0
0.000258153	0	0	0
0.000259033	0	0	0
0.000259545	0	0	0
0.00026055	0	0	0
0.000260948	0	0	0
0.000261794	0	0	0
0.000262115	0	0	0
0.000262331	0	0	0
0.000265317	0	0	0
0.000266107	0	0	0
0.000267359	0	0	0
0.000268744	0	0	0
0.000269238	0	0	0
0.00027284	0	0	0
0.000273192	0	0	0
0.000275424	0	0	0
0.000275504	0	0	0
0.000278221	0	0	0
0.000279803	0	0	0
0.000283177	0	0	0
0.000284923	0	0	0
0.000287004	0	0	0
0.000289814	0	0	0
0.00029103	0	0	0
0.000291977	0	0	0
0.000294622	0	0	0
0.000295484	0	0	0
0.000299781	0	0	0
0.000299826	0	0	0
0.000302107	0	0	0
0.000307237	0	0	0
0.000308284	0	0	0
0.000310881	0	0	0
0.000311108	0	0	0
0.000313107	0	0	0
0.000314187	0	0	0
0.000315602	0	0	0
0.000315898	0	0	0
0.000318149	0	0	0
0.000321848	0	0	0
0.000322559	0	0	0
0.000324414	0	0	0
0.000328986	0	0	0
0.000331681	0	0	0
0.000338005	0	0	0
0.000339385	0	0	0
0.000339516	0	0	0
0.000339565	0	0	0
0.000340578	0	0	0
0.000343814	0	0	0
0.000344989	0	0	0
0.000346525	0	0	0
0.000348593	0	0	0
0.000349134	0	0	0
0.00035232	0	0	0
0.000356236	0	0	0
0.000359947	0	0	0
0.000362291	0	0	0
0.000362717	0	0	0
0.000363098	0	0	0
0.000364943	0	0	0
0.000365279	0	0	0
0.00036618	0	0	0
0.00036694	0	0	0
0.000369737	0	0	0
0.000370383	0	0	0
0.000370699	0	0	0
0.000372157	0	0	0
0.000372568	0	0	0
0.000375677	0	0	0
0.000378174	0	0	0
0.000379629	0	0	0
0.000379738	0	0	0
0.000382057	0	0	0
0.00038457	0	0	0
0.000387552	0	0	0
0.000389152	0	0	0
0.000390407	0	0	0
0.000392068	0	0	0
0.000394683	0	0	0
0.000400168	0	0	0
0.000401752	0	0	0
0.000404363	0	0	0
0.000405135	0	0	0
0.000405497	0	0	0
0.000405849	0	0	0
0.000406726	0	0	0
0.000408629	0	0	0
0.000411028	0	0	0
0.000415765	0	0	0
0.000415909	0	0	0
0.000416484	0	0	0
0.000417671	0	0	0
0.000420875	0	0	0
0.000421783	0	0	0
0.000424741	0	0	0
0.00042614	0	0	0
0.000426816	0	0	0
0.000432162	0	0	0
0.000432536	0	0	0
0.00043652	0	0	0
0.00043664	0	0	0
0.000439668	0	0	0
0.000441708	0	0	0
0.000441883	0	0	0
0.000444342	0	0	0
0.000445361	0	0	0
0.000446969	0	0	0
0.000452742	0	0	0
0.000459114	0	0	0
0.000460225	0	0	0
0.000460322	0	0	0
0.000460835	0	0	0
0.000463458	0	0	0
0.000465912	0	0	0
0.000465985	0	0	0
0.000467129	0	0	0
0.000472593	0	0	0
0.000475266	0	0	0
0.000475381	0	0	0
0.000475644	0	0	0
0.000477847	0	0	0
0.00048146	0	0	0
0.00048212	0	0	0
0.000483112	0	0	0
0.000484529	0	0	0
0.000488285	0	0	0
0.000488296	0	0	0
0.000496497	0	0	0
0.000511036	0	0	0
0.000511074	0	0	0
0.000513822	0	0	0
0.000515437	0	0	0
0.0005186	0	0	0
0.000522149	0	0	0
0.00053015	0	0	0
0.000531835	0	0	0
0.000539324	0	0	0
0.000541111	0	0	0
0.000543881	0	0	0
0.000543942	0	0	0
0.000555552	0	0	0
0.000556272	0	0	0
0.000556685	0	0	0
0.000564358	0	0	0
0.000565742	0	0	0
0.000565831	0	0	0
0.000566304	0	0	0
0.000573128	0	0	0
0.000573702	0	0	0
0.000578186	0	0	0
0.000581599	0	0	0
0.000583335	0	0	0
0.000602561	0	0	0
0.000606621	0	0	0
0.000610973	0	0	0
0.000611913	0	0	0
0.000616307	0	0	0
0.000621156	0	0	0
0.000627573	0	0	0
0.000629549	0	0	0
0.000632569	0	0	0
0.000640771	0	0	0
0.00064476	0	0	0
0.000667519	0	0	0
0.000670012	0	0	0
0.000678733	0	0	0
0.00068096	0	0	0
0.000693581	0	0	0
0.000698371	0	0	0
0.000719999	0	0	0
0.000730937	0	0	0
0.000737499	0	0	0
0.00073949	0	0	0
0.000742003	0	0	0
0.00074788	0	0	0
0.000747919	0	0	0
0.000750788	0	0	0
0.000752718	0	0	0
0.000760896	0	0	0
0.000764219	0	0	0
0.000765345	0	0	0
0.000766623	0	0	0
0.000768726	0	0	0
0.000769396	0	0	0
0.000774958	0	0	0
0.000777275	0	0	0
0.000777558	0	0	0
0.000780943	0	0	0
0.000785411	0	0	0
0.000786075	0	0	0
0.000787184	0	0	0
0.000788736	0	0	0
0.000789578	0	0	0
0.000794444	0	0	0
0.000800392	0	0	0
0.000815306	0	0	0
0.000819454	0	0	0
0.000820717	0	0	0
0.000825455	0	0	0
0.000828588	0	0	0
0.000829415	0	0	0
0.000836423	0	0	0
0.000842413	0	0	0
0.000851847	0	0	0
0.000851941	0	0	0
0.000854383	0	0	0
0.000855207	0	0	0
0.0008624	0	0	0
0.000864248	0	0	0
0.000866816	0	0	0
0.000877853	0	0	0
0.000878851	0	0	0
0.00088454	0	0	0
0.000886071	0	0	0
0.000892059	0	0	0
0.000903636	0	0	0
0.00090988	0	0	0
0.000918166	0	0	0
0.000918502	0	0	0
0.000925347	0	0	0
0.000942846	0	0	0
0.000943807	0	0	0
0.000947654	0	0	0
0.00095856	0	0	0
0.000972076	0	0	0
0.000986684	0	0	0
0.00099105	0	0	0
0.000997504	0	0	0
0.00101604	0	0	0
0.00102313	0	0	0
0.001025	0	0	0
0.00102718	0	0	0
0.00103643	0	0	0
0.00104721	0	0	0
0.00104805	0	0	0
0.00106867	0	0	0
0.00107397	0	0	0
0.00108384	0	0	0
0.0010898	0	0	0
0.00109561	0	0	0
0.00110778	0	0	0
0.00112079	0	0	0
0.00112469	0	0	0
0.00112482	0	0	0
0.00114	0	0	0
0.00114143	0	0	0
0.00114156	0	0	0
0.00116529	0	0	0
0.00116805	0	0	0
0.00117204	0	0	0
0.00121748	0	0	0
0.00122497	0	0	0
0.00123183	0	0	0
0.00123564	0	0	0
0.00123679	0	0	0
0.001237	0	0	0
0.00126142	0	0	0
0.00126503	0	0	0
0.00126972	0	0	0
0.00128397	0	0	0
0.00131847	0	0	0
0.0013224	0	0	0
0.00132294	0	0	0
0.00132608	0	0	0
0.00133166	0	0	0
0.001332	0	0	0
0.00133483	0	0	0
0.00134058	0	0	0
0.00137065	0	0	0
0.00137585	0	0	0
0.00138578	0	0	0
0.00139298	0	0	0
0.00139778	0	0	0
0.00141115	0	0	0
0.00141533	0	0	0
0.00141807	0	0	0
0.0014282	0	0	0
0.00144335	0	0	0
0.0014526	0	0	0
0.00145717	0	0	0
0.00146448	0	0	0
0.00147091	0	0	0
0.00147678	0	0	0
0.00147716	0	0	0
0.00147945	0	0	0
0.00149342	0	0	0
0.00152199	0	0	0
0.00152772	0	0	0
0.00153516	0	0	0
0.00154448	0	0	0
0.00155946	0	0	0
0.00158039	0	0	0
0.0016384	0	0	0
0.00164769	0	0	0
0.00165562	0	0	0
0.0016595	0	0	0
0.00168668	0	0	0
0.00169423	0	0	0
0.00169662	0	0	0
0.00169832	0	0	0
0.00172338	0	0	0
0.0017474	0	0	0
0.00175229	0	0	0
0.00176027	0	0	0
0.00179834	0	0	0
0.0018156	0	0	0
0.00181806	0	0	0
0.00186091	0	0	0
0.00194598	0	0	0
0.0019928	0	0	0
0.0020423	0	0	0
0.00204588	0	0	0
0.00205105	0	0	0
0.00205308	0	0	0
0.00206319	0	0	0
0.00206585	0	0	0
0.00210821	0	0	0
0.0021882	0	0	0
0.00219309	0	0	0
0.00229619	0	0	0
0.0023732	0	0	0
0.00237583	0	0	0
0.00237683	0	0	0
0.0024418	0	0	0
0.0024506	0	0	0
0.00249433	0	0	0
0.0024983	0	0	0
0.00258955	0	0	0
0.00266987	0	0	0
0.0027151	0	0	0
0.00276347	0	0	0
0.00280028	0	0	0
0.0028167	0	0	0
0.00282985	0	0	0
0.00284193	0	0	0
0.00288759	0	0	0
0.00289558	0	0	0
0.00295073	0	0	0
0.00296911	0	0	0
0.0030748	0	0	0
0.00314655	0	0	0
0.00333661	0	0	0
0.00334302	0	0	0
0.00345203	0	0	0
0.00350234	0	0	0
0.00352264	0	0	0
0.0036728	0	0	0
0.00369262	0	0	0
0.00371179	0	0	0
0.00382053	0	0	0
0.00390439	0	0	0
0.00400824	0	0	0
0.0041139	0	0	0
0.00415123	0	0	0
0.00418085	0	0	0
0.00420201	0	0	0
0.00422288	0	0	0
0.00455039	0	0	0
0.00466956	0	0	0
0.00467425	0	0	0
0.00476478	0	0	0
0.00485594	0	0	0
0.00487625	0	0	0
0.00488511	0	0	0
0.00499731	0	0	0
0.0052419	0	0	0
0.00537693	0	0	0
0.00552467	0	0	0
0.00561299	0	0	0
0.00572854	0	0	0
0.0058621	0	0	0
0.00591855	0	0	0
0.00599777	0	0	0
0.00606584	0	0	0
0.0062242	0	0	0
0.00662913	0	0	0
0.00683837	0	0	0
0.00684113	0	0	0
0.00700108	0	0	0
0.00704317	0	0	0
0.00707293	0	0	0
0.00718318	0	0	0
0.00748567	0	0	0
0.00787344	0	0	0
0.00792332	0	0	0
0.00804602	0	0	0
0.00827794	0	0	0
0.00859026	0	0	0
0.00863761	0	0	0
0.00865931	0	0	0
0.00891164	0	0	0
0.00960226	0	0	0
0.0101346	0	0	0
0.0106442	0	0	0
0.0114174	0	0	0
0.0125127	0	0	0
0.0258706	0	0	0
0.0305436	0	0	0
0.0313389	0.0412541	0.0825083	0
0.050394	0.123762	0	0
0.0912803	0.123762	0	0
0.0913943	0.123762	0.165017	0
0.0946899	0.206271	0.0825083	0
0.0952157	0.288779	0	0
0.112475	0.288779	0	0
0.113252	0.288779	0.0825083	0
0.115858	0.288779	0.0825083	0
0.12535	0.371287	0	0
0.126056	0.412541	0.0825083	0
0.138242	0.49505	0	0
0.167772	0.49505	0	0.273973
0.169306	0.49505	0	0.547945
0.170925	0.536304	0.0825083	0.547945
0.184959	0.618812	0	0.547945
0.237794	0.618812	0	0.547945
0.241643	0.660066	0.0825083	0.547945
0.261639	0.742574	0	0.547945
0.262743	0.783828	0.0825083	0.547945
0.341865	0.866337	0	0.547945
0.343831	0.866337	0.0825083	0.547945
0.346274	0.948845	0	0.547945
0.41363	0.948845	0	0.821918
0.414509	0.990099	0.0825083	0.821918
0.422893	1.07261	0	0.821918
0.427839	1.11386	0.0825083	0.821918
0.44733	1.19637	0	0.821918
0.45093	1.23762	0.0825083	0.821918
0.45767	1.32013	0	0.821918
0.457923	1.32013	0.0825083	0.821918
0.466049	1.40264	0	0.821918
0.466895	1.44389	0.0825083	0.821918
0.501529	1.5264	0	0.821918
0.502666	1.56766	0.0825083	0.821918
0.53416	1.65016	0	0.821918
0.538678	1.69142	0.0825083	0.821918
0.540706	1.77393	0	0.821918
0.565757	1.77393	0	0.821918
0.566944	1.81518	0.0825083	0.821918
0.56699	1.81518	0.0825083	0.821918
0.571934	1.89769	0	0.821918
0.572211	1.89769	0.165017	0.821918
0.573607	1.9802	0.0825083	0.821918
0.579262	2.06271	0	0.821918
0.584301	2.06271	0.0825083	0.821918
0.601323	2.14521	0	0.821918
0.630053	2.14521	0	1.09589
0.637753	2.18647	0.0825083	1.09589
0.641035	2.26898	0	1.09589
0.644371	2.31023	0.0825083	1.09589
0.653972	2.39274	0	1.09589
0.654759	2.43399	0.0825083	1.09589
0.671188	2.5165	0	1.09589
0.672912	2.5165	0.165017	1.09589
0.672939	2.59901	0.0825083	1.09589
0.768891	2.68152	0	1.09589
0.772354	2.72277	0.0825083	1.09589
0.809766	2.80528	0	1.09589
0.810449	2.80528	0.0825083	1.09589
0.818897	2.88779	0	1.09589
0.819414	2.88779	0.165017	1.09589
0.819426	2.9703	0.0825083	1.09589
0.822349	3.05281	0	1.09589
0.823911	3.09406	0.0825083	1.09589
0.847897	3.17657	0	1.09589
0.849548	3.21782	0.0825083	1.09589
0.872167	3.30033	0	1.09589
0.874696	3.34158	0.0825083	1.09589
0.8888	3.42409	0	1.09589
0.921805	3.42409	0	1.36986
0.984093	3.42409	0	1.36986
0.985083	3.42409	0.0825083	1.36986
0.994598	3.5066	0	1.36986
0.996253	3.5066	0.165017	1.36986
0.996741	3.58911	0.0825083	1.36986
1.00898	3.67162	0	1.36986
1.01324	3.71287	0.0825083	1.36986
1.01746	3.79538	0	1.36986
1.03355	3.79538	0	1.64384
1.03489	3.79538	0.165017	1.64384
1.03593	3.87789	0.0825083	1.64384
1.03744	3.87789	0.0825083	1.64384
1.05569	3.9604	0	1.64384
1.05799	4.00165	0.0825083	1.64384
1.11732	4.08416	0	1.64384
1.11844	4.08416	0.0825083	1.64384
1.14704	4.16667	0	1.64384
1.1541	4.20792	0.0825083	1.64384
1.15532	4.20792	0.0825083	1.91781
1.1557	4.29043	0	1.91781
1.15895	4.29043	0	2.19178
1.18974	4.29043	0	2.46575
1.21746	4.29043	0	2.46575
1.22349	4.33168	0.0825083	2.46575
1.2237	4.41419	0	2.46575
1.22463	4.45545	0.0825083	2.46575
1.26204	4.53795	0	2.46575
1.26837	4.53795	0	2.46575
1.27041	4.53795	0	2.73973
1.27065	4.53795	0.165017	2.73973
1.27116	4.62046	0.0825083	2.73973
1.2717	4.70297	0	2.73973
1.27185	4.74422	0.0825083	2.73973
1.27293	4.78548	0.165017	2.73973
1.2814	4.86799	0.0825083	2.73973
1.30102	4.9505	0	2.73973
1.3026	4.99175	0.0825083	2.73973
1.30714	5.07426	0	2.73973
1.38475	5.07426	0	2.73973
1.39163	5.07426	0	3.0137
1.39399	5.07426	0	3.28767
1.40572	5.07426	0	3.56164
1.41277	5.07426	0	3.56164
1.41342	5.11551	0.0825083	3.56164
1.42638	5.19802	0	3.56164
1.42694	5.23927	0.0825083	3.56164
1.46308	5.32178	0	3.56164
1.46404	5.36304	0.0825083	3.56164
1.46793	5.44554	0	3.56164
1.47109	5.4868	0.0825083	3.56164
1.55659	5.56931	0	3.56164
1.55878	5.61056	0.0825083	3.56164
1.57779	5.69307	0	3.56164
1.58303	5.69307	0	3.56164
1.58472	5.73432	0.0825083	3.56164
1.62102	5.81683	0	3.56164
1.62885	5.81683	0	3.83562
1.63096	5.81683	0.165017	3.83562
1.63098	5.89934	0.0825083	3.83562
1.63716	5.98185	0	3.83562
1.63924	5.98185	0.0825083	3.83562
1.65352	6.06436	0	3.83562
1.65367	6.10561	0.0825083	3.83562
1.6828	6.18812	0	3.83562
1.68437	6.22937	0.0825083	3.83562
1.73313	6.31188	0	3.83562
1.73349	6.31188	0.165017	3.83562
1.73569	6.39439	0.0825083	3.83562
1.73884	6.4769	0	3.83562
1.74029	6.51815	0.0825083	3.83562
1.78546	6.60066	0	3.83562
1.78565	6.60066	0.165017	3.83562
1.7879	6.68317	0.0825083	3.83562
1.79965	6.76568	0	3.83562
1.80406	6.76568	0	3.83562
1.80753	6.80693	0.0825083	3.83562
1.83844	6.88944	0	3.83562
1.83863	6.93069	0.0825083	3.83562
1.85457	7.0132	0	3.83562
1.85513	7.0132	0.165017	3.83562
1.85574	7.09571	0.0825083	3.83562
1.86855	7.17822	0	3.83562
1.8709	7.17822	0	3.83562
1.87299	7.17822	0	4.10959
1.88242	7.17822	0	4.10959
1.94947	7.17822	0	4.38356
1.94966	7.21947	0.0825083	4.38356
1.99286	7.30198	0	4.38356
2.01599	7.30198	0	4.38356
2.05237	7.30198	0	4.38356
2.05589	7.30198	0	4.65753
2.05964	7.34323	0.0825083	4.65753
2.10095	7.42574	0	4.65753
2.105	7.42574	0.0825083	4.65753
2.17349	7.50825	0	4.65753
2.17452	7.50825	0.0825083	4.65753
2.17455	7.50825	0.247525	4.65753
2.17483	7.59076	0.165017	4.65753
2.17875	7.67327	0.0825083	4.65753
2.18547	7.75578	0	4.65753
2.19928	7.75578	0	4.65753
2.21587	7.75578	0	4.93151
2.27193	7.75578	0	4.93151
2.27249	7.75578	0.165017	4.93151
2.27343	7.83828	0.0825083	4.93151
2.27364	7.92079	0	4.93151
2.27379	7.92079	0.165017	4.93151
2.27458	8.0033	0.0825083	4.93151
2.28964	8.08581	0	4.93151
2.30645	8.08581	0	5.20548
2.33866	8.08581	0	5.47945
2.47362	8.08581	0	5.47945
2.47372	8.12706	0.0825083	5.47945
2.48082	8.20957	0	5.47945
2.49012	8.20957	0	5.47945
2.49247	8.20957	0.165017	5.47945
2.49308	8.29208	0.0825083	5.47945
2.50753	8.37459	0	5.47945
2.50975	8.37459	0.165017	5.47945
2.51615	8.4571	0.0825083	5.47945
2.51761	8.5396	0	5.47945
2.51861	8.5396	0.0825083	5.47945
2.5208	8.62211	0	5.47945
2.52144	8.66337	0.0825083	5.47945
2.55853	8.74587	0	5.47945
2.55984	8.74587	0.165017	5.47945
2.56105	8.82838	0.0825083	5.47945
2.56148	8.82838	0.247525	5.47945
2.56162	8.91089	0.165017	5.47945
2.56389	8.9934	0.0825083	5.47945
2.57725	9.07591	0	5.47945
2.57794	9.11716	0.0825083	5.47945
2.60094	9.19967	0	5.47945
2.60887	9.19967	0	5.75342
2.6243	9.19967	0	6.0274
2.63045	9.19967	0	6.30137
2.63132	9.19967	0.0825083	6.30137
2.64391	9.28218	0	6.30137
2.6766	9.28218	0	6.57534
2.67661	9.28218	0.165017	6.57534
2.67762	9.36469	0.0825083	6.57534
2.68155	9.4472	0	6.57534
2.68232	9.48845	0.0825083	6.57534
2.68247	9.48845	0.247525	6.57534
2.68529	9.57096	0.165017	6.57534
2.6858	9.65347	0.0825083	6.57534
2.68974	9.73597	0	6.57534
2.68984	9.77723	0.0825083	6.57534
2.69458	9.85974	0	6.57534
2.69507	9.85974	0.0825083	6.57534
2.7073	9.94224	0	6.57534
2.71738	9.94224	0	6.57534
2.7199	9.9835	0.0825083	6.57534
2.72493	10.066	0	6.57534
2.72807	10.066	0	6.84932
2.72899	10.066	0.165017	6.84932
2.73111	10.1485	0.0825083	6.84932
2.75643	10.231	0	6.84932
2.75656	10.2723	0.0825083	6.84932
2.77845	10.3548	0	6.84932
2.78106	10.396	0.0825083	6.84932
2.78429	10.4785	0	6.84932
2.78628	10.5198	0.0825083	6.84932
2.78904	10.5198	0.0825083	7.12329
2.78924	10.5198	0.247525	7.12329
2.78978	10.6023	0.165017	7.12329
2.79061	10.6848	0.0825083	7.12329
2.80311	10.7673	0	7.12329
2.81085	10.7673	0	7.39726
2.81426	10.8086	0.0825083	7.39726
2.81612	10.8911	0	7.39726
2.81753	10.9323	0.0825083	7.39726
2.8317	11.0149	0	7.39726
2.85529	11.0149	0	7.67123
2.88055	11.0149	0	7.94521
2.88464	11.0149	0.0825083	7.94521
2.88563	11.0149	0.0825083	8.21918
2.8981	11.0974	0	8.21918
2.89999	11.0974	0	8.49315
2.90144	11.1386	0.0825083	8.49315
2.90733	11.2211	0	8.49315
2.9114	11.2211	0	8.76712
2.91974	11.2211	0	9.0411
2.92212	11.2211	0	9.31507
2.92484	11.2624	0.0825083	9.31507
3.00054	11.3449	0	9.31507
3.00101	11.3861	0.0825083	9.31507
3.04392	11.4686	0	9.31507
3.04423	11.5099	0.0825083	9.31507
3.07463	11.5924	0	9.31507
3.07551	11.5924	0.165017	9.31507
3.07561	11.6749	0.0825083	9.31507
3.10776	11.7574	0	9.31507
3.10809	11.7574	0.165017	9.31507
3.1099	11.8399	0.0825083	9.31507
3.17408	11.9224	0	9.31507
3.18828	11.9224	0	9.58904
3.19078	11.9224	0.0825083	9.58904
3.22372	12.005	0	9.58904
3.22527	12.0462	0.0825083	9.58904
3.2255	12.0462	0.0825083	9.86301
3.22561	12.0875	0.165017	9.86301
3.22611	12.17	0.0825083	9.86301
3.24692	12.2525	0	9.86301
3.24846	12.2525	0.0825083	9.86301
3.25533	12.335	0	9.86301
3.30434	12.335	0	10.137
3.30443	12.335	0.0825083	10.137
3.30604	12.4175	0	10.137
3.3064	12.4175	0.165017	10.137
3.30761	12.5	0.0825083	10.137
3.33865	12.5825	0	10.137
3.34518	12.5825	0	10.411
3.38424	12.5825	0	10.6849
3.47191	12.5825	0	10.9589
3.4849	12.5825	0	11.2329
3.48524	12.5825	0.165017	11.2329
3.48547	12.665	0.0825083	11.2329
3.4878	12.7475	0	11.2329
3.48863	12.7888	0.0825083	11.2329
3.49139	12.7888	0.0825083	11.7808
3.50591	12.8713	0	11.7808
3.51421	12.8713	0	12.0548
3.53694	12.8713	0	12.3288
3.54767	12.8713	0	12.6027
3.58604	12.8713	0	12.8767
3.68433	12.8713	0	12.8767
3.68652	12.9125	0.0825083	12.8767
3.69419	12.995	0	12.8767
3.74346	12.995	0	13.1507
3.74468	12.995	0	13.6986
3.76902	12.995	0	13.9726
3.76926	12.995	0	14.2466
3.77294	12.995	0	14.5205
3.77739	13.0363	0.0825083	14.5205
3.79531	13.1188	0	14.5205
3.79671	13.1188	0.165017	14.5205
3.79707	13.2013	0.0825083	14.5205
3.80214	13.2013	0.0825083	14.7945
3.80707	13.2838	0	14.7945
3.82097	13.2838	0	15.0685
3.82126	13.3251	0.0825083	15.0685
3.82943	13.4076	0	15.0685
3.83167	13.4488	0.0825083	15.0685
3.86352	13.5314	0	15.0685
3.86457	13.5726	0.0825083	15.0685
3.89701	13.6551	0	15.0685
3.89957	13.6964	0.0825083	15.0685
3.93383	13.7789	0	15.0685
3.93436	13.7789	0.165017	15.0685
3.93782	13.8614	0.0825083	15.0685
3.95706	13.9439	0	15.0685
3.96687	13.9439	0	15.3425
3.96802	13.9439	0.0825083	15.3425
4.00735	14.0264	0	15.3425
4.0081	14.0264	0.0825083	15.3425
4.03421	14.1089	0	15.3425
4.04748	14.1089	0	15.6164
4.04928	14.1089	0.165017	15.6164
4.05248	14.1914	0.0825083	15.6164
4.06081	14.2739	0	15.6164
4.06245	14.3152	0.0825083	15.6164
4.07593	14.3977	0	15.6164
4.08208	14.3977	0	15.8904
4.10563	14.3977	0	16.1644
4.10579	14.3977	0.165017	16.1644
4.10664	14.4802	0.0825083	16.1644
4.11712	14.5627	0	16.1644
4.13639	14.5627	0	16.4384
4.15855	14.5627	0	16.7123
4.15928	14.5627	0.0825083	16.7123
4.17642	14.6452	0	16.7123
4.21612	14.6452	0	16.9863
4.21706	14.6452	0.165017	16.9863
4.2172	14.7277	0.0825083	16.9863
4.21725	14.8102	0	16.9863
4.2386	14.8102	0	17.2603
4.24102	14.8515	0.0825083	17.2603
4.27099	14.934	0	17.2603
4.27167	14.934	0.165017	17.2603
4.27327	15.0165	0.0825083	17.2603
4.29762	15.099	0	17.2603
4.32452	15.099	0	17.5342
4.32634	15.1403	0.0825083	17.5342
4.34877	15.2228	0	17.5342
4.41636	15.2228	0	17.8082
4.41699	15.2228	0.165017	17.8082
4.41706	15.3053	0.0825083	17.8082
4.43187	15.3878	0	17.8082
4.43304	15.3878	0.0825083	17.8082
4.45991	15.4703	0	17.8082
4.48277	15.4703	0	18.0822
4.4836	15.4703	0.165017	18.0822
4.48376	15.5528	0.0825083	18.0822
4.48651	15.6353	0	18.0822
4.48847	15.6353	0.165017	18.0822
4.48878	15.6766	0.247525	18.0822
4.48984	15.7591	0.165017	18.0822
4.49083	15.8416	0.0825083	18.0822
4.49416	15.9241	0	18.0822
4.49912	15.9241	0	18.3562
4.50002	15.9653	0.0825083	18.3562
4.50133	15.9653	0.0825083	18.6301
4.52971	16.0479	0	18.6301
4.53085	16.0891	0.0825083	18.6301
4.56153	16.1716	0	18.6301
4.56233	16.2129	0.0825083	18.6301
4.58327	16.2954	0	18.6301
4.60399	16.2954	0	18.9041
4.60452	16.3366	0.0825083	18.9041
4.62006	16.4191	0	18.9041
4.64429	16.4191	0	19.1781
4.74533	16.4191	0	19.1781
4.74719	16.4604	0.0825083	19.1781
4.79904	16.5429	0	19.1781
4.80211	16.5429	0.0825083	19.1781
4.80633	16.6254	0	19.1781
4.83388	16.6254	0	19.4521
4.83438	16.6667	0.0825083	19.4521
4.84745	16.7492	0	19.4521
4.84764	16.7904	0.0825083	19.4521
4.89722	16.8729	0	19.4521
4.89825	16.8729	0.0825083	19.4521
4.9123	16.9554	0	19.4521
4.91345	16.9554	0.165017	19.4521
4.91515	17.038	0.0825083	19.4521
4.9282	17.1205	0	19.4521
4.93442	17.1205	0.0825083	19.4521
4.95285	17.203	0	19.4521
4.95305	17.203	0.165017	19.4521
4.95306	17.2855	0.0825083	19.4521
4.96059	17.368	0	19.4521
4.96252	17.368	0.165017	19.4521
4.96579	17.4505	0.0825083	19.4521
4.97089	17.533	0	19.4521
4.97204	17.5743	0.0825083	19.4521
4.97226	17.6568	0	19.4521
5.01901	17.6568	0	19.726
5.01937	17.6568	0.165017	19.726
5.02274	17.7393	0.0825083	19.726
5.04551	17.8218	0	19.726
5.07528	17.8218	0	20
5.09278	17.8218	0	20.274
5.12778	17.8218	0	20.5479
5.12788	17.863	0.0825083	20.5479
5.17777	17.9455	0	20.5479
5.18058	17.9455	0	20.8219
5.18293	17.9868	0.0825083	20.8219
5.22035	18.0693	0	20.8219
5.22047	18.0693	0.165017	20.8219
5.22056	18.1518	0.0825083	20.8219
5.22309	18.2343	0	20.8219
5.22315	18.2343	0.165017	20.8219
5.22527	18.3168	0.0825083	20.8219
5.22888	18.3993	0	20.8219
5.23429	18.3993	0	21.0959
5.23468	18.4406	0.0825083	21.0959
5.24347	18.5231	0	21.0959
5.24474	18.5644	0.0825083	21.0959
5.25414	18.6469	0	21.0959
5.2792	18.6469	0	21.3699
5.27999	18.6469	0.165017	21.3699
5.28156	18.7294	0.0825083	21.3699
5.29863	18.8119	0	21.3699
5.29929	18.8119	0.165017	21.3699
5.30194	18.8944	0.0825083	21.3699
5.30735	18.9769	0	21.3699
5.30755	19.0182	0.0825083	21.3699
5.3091	19.1007	0	21.3699
5.31692	19.1007	0	21.6438
5.31774	19.1419	0.0825083	21.6438
5.3331	19.2244	0	21.6438
5.36529	19.2244	0	21.9178
5.36851	19.2244	0.0825083	21.9178
5.37986	19.3069	0	21.9178
5.38088	19.3482	0.0825083	21.9178
5.38237	19.4307	0	21.9178
5.38488	19.4719	0.0825083	21.9178
5.49874	19.5545	0	21.9178
5.50274	19.5957	0.0825083	21.9178
5.52451	19.6782	0	21.9178
5.52683	19.6782	0	21.9178
5.52722	19.6782	0.165017	21.9178
5.5281	19.7607	0.0825083	21.9178
5.53132	19.8432	0	21.9178
5.53133	19.8432	0.0825083	21.9178
5.54799	19.9257	0	21.9178
5.55695	19.9257	0	22.1918
5.5574	19.9257	0	22.4658
5.55808	19.967	0.0825083	22.4658
5.55984	20.0495	0	22.4658
5.58269	20.0495	0	22.7397
5.59029	20.0495	0	22.7397
5.60292	20.0495	0	23.0137
5.60365	20.0908	0.0825083	23.0137
5.62985	20.1733	0	23.0137
5.63623	20.1733	0	23.2877
5.67018	20.1733	0	23.2877
5.67095	20.1733	0.0825083	23.2877
5.6806	20.2558	0	23.2877
5.68066	20.2558	0.165017	23.2877
5.68344	20.3383	0.0825083	23.2877
5.70189	20.4208	0	23.2877
5.72078	20.4208	0	23.5616
5.7688	20.4208	0	24.1096
5.78198	20.4208	0	24.3836
5.78342	20.462	0.0825083	24.3836
5.83451	20.5446	0	24.3836
5.83478	20.5446	0.0825083	24.3836
5.863	20.6271	0	24.3836
5.86496	20.6683	0.0825083	24.3836
5.91057	20.7508	0	24.3836
5.91764	20.7921	0.0825083	24.3836
5.91803	20.8746	0	24.3836
5.92336	20.8746	0	24.6575
5.95667	20.8746	0	24.9315
5.95772	20.9158	0.0825083	24.9315
6.00876	20.9984	0	24.9315
6.04305	20.9984	0	25.2055
6.05945	20.9984	0	25.4795
6.06136	20.9984	0.0825083	25.4795
6.06734	21.0809	0	25.4795
6.06823	21.0809	0.0825083	25.4795
6.08826	21.1634	0	25.4795
6.08833	21.1634	0.165017	25.4795
6.09059	21.2459	0.0825083	25.4795
6.17658	21.3284	0	25.4795
6.17979	21.3284	0	25.4795
6.18072	21.3284	0.165017	25.4795
6.1826	21.4109	0.0825083	25.4795
6.24408	21.4934	0	25.4795
6.24444	21.5347	0.0825083	25.4795
6.27143	21.6172	0	25.4795
6.29219	21.6172	0	25.7534
6.30373	21.6172	0	26.0274
6.40426	21.6172	0	26.3014
6.40453	21.6172	0.165017	26.3014
6.40529	21.6997	0.0825083	26.3014
6.41423	21.7822	0	26.3014
6.42277	21.7822	0	26.3014
6.43197	21.8234	0.0825083	26.3014
6.50092	21.9059	0	26.3014
6.501	21.9059	0.165017	26.3014
6.50483	21.9884	0.0825083	26.3014
6.521	22.071	0	26.3014
6.52132	22.071	0.165017	26.3014
6.52133	22.1535	0.0825083	26.3014
6.56139	22.236	0	26.3014
6.56185	22.236	0.165017	26.3014
6.56284	22.3185	0.0825083	26.3014
6.56572	22.401	0	26.3014
6.56639	22.4422	0.0825083	26.3014
6.56712	22.5248	0	26.3014
6.56847	22.5248	0.0825083	26.3014
6.59456	22.6073	0	26.3014
6.64056	22.6073	0	26.5753
6.70042	22.6073	0	26.8493
6.70047	22.6073	0.0825083	26.8493
6.71259	22.6898	0	26.8493
6.71299	22.731	0.0825083	26.8493
6.71523	22.8135	0	26.8493
6.71603	22.8135	0.165017	26.8493
6.71799	22.896	0.0825083	26.8493
6.76879	22.9785	0	26.8493
6.77089	23.0198	0.0825083	26.8493
6.77763	23.1023	0	26.8493
6.77766	23.1436	0.0825083	26.8493
6.797	23.2261	0	26.8493
6.79895	23.2261	0.165017	26.8493
6.79963	23.3086	0.0825083	26.8493
6.83826	23.3911	0	26.8493
6.83875	23.3911	0.165017	26.8493
6.83903	23.4736	0.0825083	26.8493
6.843	23.5561	0	26.8493
6.84854	23.5561	0.0825083	26.8493
6.99858	23.6386	0	26.8493
7.00134	23.6799	0.0825083	26.8493
7.00483	23.7624	0	26.8493
7.00518	23.7624	0.165017	26.8493
7.00683	23.8449	0.0825083	26.8493
7.09477	23.9274	0	26.8493
7.09633	23.9274	0.165017	26.8493
7.10944	24.0099	0.0825083	26.8493
7.14456	24.0924	0	26.8493
7.14537	24.0924	0	27.1233
7.14727	24.1337	0.0825083	27.1233
7.1599	24.2162	0	27.1233
7.16215	24.2574	0.0825083	27.1233
7.16957	24.3399	0	27.1233
7.18767	24.3399	0	27.3973
7.18788	24.3399	0	27.6712
7.18808	24.3399	0	27.9452
7.18853	24.3399	0.0825083	27.9452
7.23602	24.4224	0	27.9452
7.23631	24.4224	0.0825083	27.9452
7.26936	24.5049	0	27.9452
7.27034	24.5462	0.0825083	27.9452
7.28385	24.6287	0	27.9452
7.31486	24.6287	0	28.2192
7.31511	24.67	0.0825083	28.2192
7.32236	24.7525	0	28.2192
7.3235	24.7525	0.0825083	28.2192
7.33957	24.835	0	28.2192
7.34015	24.835	0.165017	28.2192
7.34031	24.9175	0.0825083	28.2192
7.39892	25	0	28.2192
7.40035	25.0413	0.0825083	28.2192
7.47212	25.1238	0	28.2192
7.49	25.1238	0	28.4932
7.49563	25.1238	0	28.7671
7.49576	25.1238	0	29.0411
7.49639	25.165	0.0825083	29.0411
7.50003	25.2475	0	29.0411
7.50065	25.2475	0.165017	29.0411
7.50501	25.33	0.0825083	29.0411
7.54815	25.4125	0	29.0411
7.55443	25.4125	0.0825083	29.0411
7.55465	25.4951	0	29.0411
7.55555	25.5363	0.0825083	29.0411
7.55603	25.5363	0.247525	29.0411
7.55916	25.6188	0.165017	29.0411
7.55952	25.7013	0.0825083	29.0411
7.56312	25.7838	0	29.0411
7.56362	25.8251	0.0825083	29.0411
7.60429	25.9076	0	29.0411
7.60506	25.9076	0	29.3151
7.60522	25.9076	0.165017	29.3151
7.6067	25.9901	0.0825083	29.3151
7.663	26.0726	0	29.3151
7.6635	26.1139	0.0825083	29.3151
7.71094	26.1964	0	29.3151
7.75513	26.1964	0	29.589
7.75543	26.2376	0.0825083	29.589
7.7649	26.3201	0	29.589
7.76737	26.3201	0.165017	29.589
7.77111	26.4026	0.0825083	29.589
7.773	26.4851	0	29.589
7.7838	26.4851	0	29.863
7.79123	26.4851	0	29.863
7.80809	26.4851	0	30.137
7.82546	26.4851	0	30.411
7.82826	26.4851	0	30.6849
7.84523	26.4851	0	30.9589
7.86101	26.4851	0	31.2329
7.86424	26.4851	0.0825083	31.2329
7.89001	26.5677	0	31.2329
7.89015	26.5677	0.165017	31.2329
7.89243	26.6502	0.0825083	31.2329
7.92514	26.7327	0	31.2329
7.92558	26.7739	0.0825083	31.2329
7.98263	26.8564	0	31.2329
8.02283	26.8564	0	31.5068
8.0238	26.8977	0.0825083	31.5068
8.03093	26.9802	0	31.5068
8.05038	26.9802	0	31.7808
8.05159	26.9802	0.165017	31.7808
8.05332	27.0627	0.0825083	31.7808
8.05534	27.1452	0	31.7808
8.05605	27.1865	0.0825083	31.7808
8.08194	27.269	0	31.7808
8.08228	27.269	0.165017	31.7808
8.08314	27.3515	0.0825083	31.7808
8.0981	27.434	0	31.7808
8.09892	27.434	0.0825083	31.7808
8.11467	27.5165	0	31.7808
8.11468	27.5165	0.165017	31.7808
8.11668	27.599	0.0825083	31.7808
8.17413	27.6815	0	31.7808
8.1753	27.6815	0.165017	31.7808
8.17668	27.764	0.0825083	31.7808
8.20621	27.8465	0	31.7808
8.20665	27.8878	0.0825083	31.7808
8.28694	27.9703	0	31.7808
8.3118	27.9703	0	32.0548
8.31218	27.9703	0.165017	32.0548
8.31265	28.0528	0.0825083	32.0548
8.36619	28.1353	0	32.0548
8.37068	28.1353	0.0825083	32.0548
8.37987	28.2178	0	32.0548
8.39689	28.2178	0	32.3288
8.39757	28.2591	0.0825083	32.3288
8.39759	28.3416	0	32.3288
8.40813	28.3416	0	32.6027
8.41165	28.3416	0.0825083	32.6027
8.42546	28.4241	0	32.6027
8.43299	28.4241	0	32.8767
8.43719	28.4241	0	33.1507
8.43903	28.4653	0.0825083	33.1507
8.44294	28.5479	0	33.1507
8.4632	28.5479	0	33.4247
8.4775	28.5479	0	33.6986
8.47858	28.5479	0.165017	33.6986
8.47999	28.6304	0.0825083	33.6986
8.48199	28.7129	0	33.6986
8.48386	28.7541	0.0825083	33.6986
8.53357	28.8366	0	33.6986
8.58226	28.8366	0	33.9726
8.58748	28.8779	0.0825083	33.9726
8.59897	28.9604	0	33.9726
8.601	29.0016	0.0825083	33.9726
8.6168	29.0842	0	33.9726
8.61872	29.1254	0.0825083	33.9726
8.66302	29.2079	0	33.9726
8.66407	29.2492	0.0825083	33.9726
8.70863	29.3317	0	33.9726
8.70933	29.3729	0.0825083	33.9726
8.7247	29.4554	0	33.9726
8.76667	29.4554	0	34.2466
8.76688	29.4967	0.0825083	34.2466
8.81407	29.5792	0	34.2466
8.81465	29.6205	0.0825083	34.2466
8.85896	29.703	0	34.2466
8.85906	29.703	0.165017	34.2466
8.86146	29.7855	0.0825083	34.2466
8.88298	29.868	0	34.2466
8.88317	29.868	0.165017	34.2466
8.8856	29.9505	0.0825083	34.2466
8.9769	30.033	0	34.2466
8.97917	30.0743	0.0825083	34.2466
9.00171	30.1568	0	34.2466
9.00381	30.1568	0.0825083	34.2466
9.06444	30.2393	0	34.2466
9.0645	30.2805	0.0825083	34.2466
9.06707	30.363	0	34.2466
9.09882	30.363	0	34.5205
9.09988	30.363	0.0825083	34.5205
9.13023	30.4455	0	34.5205
9.16397	30.4455	0	35.0685
9.16444	30.4868	0.0825083	35.0685
9.18197	30.5693	0	35.0685
9.25165	30.5693	0	35.6164
9.25411	30.6106	0.0825083	35.6164
9.26332	30.6931	0	35.6164
9.29287	30.6931	0	35.8904
9.29406	30.6931	0.165017	35.8904
9.29445	30.7756	0.0825083	35.8904
9.32534	30.8581	0	35.8904
9.37551	30.8581	0	36.1644
9.37629	30.8581	0.165017	36.1644
9.37701	30.9406	0.0825083	36.1644
9.38593	31.0231	0	36.1644
9.40327	31.0231	0	36.4384
9.43275	31.0231	0	36.7123
9.43442	31.0644	0.0825083	36.7123
9.4353	31.0644	0.165017	36.7123
9.43889	31.1469	0.0825083	36.7123
9.43944	31.2294	0	36.7123
9.44454	31.2294	0	36.9863
9.44853	31.2294	0	37.2603
9.44949	31.2706	0.0825083	37.2603
9.48475	31.3531	0	37.2603
9.49382	31.3944	0.0825083	37.2603
9.51524	31.4769	0	37.2603
9.51678	31.4769	0.165017	37.2603
9.51965	31.5594	0.0825083	37.2603
9.52781	31.6419	0	37.2603
9.52973	31.6832	0.0825083	37.2603
9.54886	31.7657	0	37.2603
9.55019	31.8069	0.0825083	37.2603
9.58102	31.8894	0	37.2603
9.58211	31.9307	0.0825083	37.2603
9.60587	32.0132	0	37.2603
9.60725	32.0132	0.165017	37.2603
9.60795	32.0957	0.0825083	37.2603
9.60999	32.1782	0	37.2603
9.61236	32.2195	0.0825083	37.2603
9.62054	32.302	0	37.2603
9.64699	32.302	0	37.5342
9.74717	32.302	0	37.8082
9.7485	32.302	0.0825083	37.8082
9.75864	32.3845	0	37.8082
9.75926	32.3845	0.0825083	37.8082
9.77592	32.467	0	37.8082
9.77663	32.5083	0.0825083	37.8082
9.82478	32.5908	0	37.8082
9.82713	32.632	0.0825083	37.8082
9.89685	32.7145	0	37.8082
9.90309	32.7145	0.0825083	37.8082
9.92224	32.797	0	37.8082
9.94429	32.797	0	38.0822
9.94821	32.8383	0.0825083	38.0822
10.0214	32.9208	0	38.0822
10.0214	32.9208	0.165017	38.0822
10.0221	33.0033	0.0825083	38.0822
10.0577	33.0858	0	38.0822
10.0612	33.1271	0.0825083	38.0822
10.0793	33.2096	0	38.0822
10.0819	33.2508	0.0825083	38.0822
10.0839	33.3333	0	38.0822
10.0844	33.3333	0.165017	38.0822
10.0873	33.4158	0.0825083	38.0822
10.1215	33.4983	0	38.0822
10.123	33.5396	0.0825083	38.0822
10.1487	33.6221	0	38.0822
10.149	33.6221	0.165017	38.0822
10.1492	33.7046	0.0825083	38.0822
10.1509	33.7459	0.165017	38.0822
10.1512	33.8284	0.0825083	38.0822
10.2078	33.9109	0	38.0822
10.2085	33.9109	0.165017	38.0822
10.2103	33.9934	0.0825083	38.0822
10.2244	34.0759	0	38.0822
10.2247	34.1172	0.0825083	38.0822
10.2248	34.1997	0	38.0822
10.225	34.2409	0.0825083	38.0822
10.2351	34.3234	0	38.0822
10.2368	34.3234	0.165017	38.0822
10.2375	34.4059	0.0825083	38.0822
10.2509	34.4884	0	38.0822
10.2863	34.4884	0	38.3562
10.2874	34.5297	0.0825083	38.3562
10.2939	34.6122	0	38.3562
10.2945	34.6535	0.0825083	38.3562
10.3234	34.736	0	38.3562
10.3237	34.7772	0.0825083	38.3562
10.3634	34.8597	0	38.3562
10.3645	34.901	0.0825083	38.3562
10.4371	34.9835	0	38.3562
10.4418	34.9835	0	38.6301
10.4419	34.9835	0.0825083	38.6301
10.5014	35.066	0	38.6301
10.5018	35.066	0.165017	38.6301
10.5072	35.1485	0.0825083	38.6301
10.6187	35.231	0	38.6301
10.6264	35.231	0	38.9041
10.627	35.231	0.0825083	38.9041
10.6366	35.3135	0	38.9041
10.6585	35.3135	0	39.1781
10.6588	35.3135	0.0825083	39.1781
10.7043	35.396	0	39.1781
10.8184	35.396	0	39.4521
10.8533	35.396	0	39.726
10.8539	35.396	0.165017	39.726
10.8546	35.4785	0.0825083	39.726
10.8984	35.5611	0	39.726
10.9939	35.5611	0	40
11.0471	35.5611	0	40.274
11.0523	35.5611	0.165017	40.274
11.0542	35.6436	0.0825083	40.274
11.0641	35.7261	0	40.274
11.0649	35.7673	0.0825083	40.274
11.065	35.7673	0.165017	40.274
11.0672	35.8498	0.0825083	40.274
11.0687	35.9323	0	40.274
11.0749	35.9323	0.0825083	40.274
11.0779	36.0149	0	40.274
11.2293	36.0149	0	40.8219
11.2313	36.0149	0	41.0959
11.237	36.0149	0.0825083	41.0959
11.2632	36.0974	0	41.0959
11.2648	36.1386	0.0825083	41.0959
11.3022	36.2211	0	41.0959
11.3031	36.2624	0.0825083	41.0959
11.3307	36.3449	0	41.0959
11.3343	36.3449	0	41.3699
11.3764	36.3449	0	41.6438
11.4088	36.3449	0	41.9178
11.4088	36.3861	0.0825083	41.9178
11.4838	36.4686	0	41.9178
11.4854	36.5099	0.0825083	41.9178
11.4958	36.5924	0	41.9178
11.4961	36.6337	0.0825083	41.9178
11.5439	36.7162	0	41.9178
11.5568	36.7162	0	42.1918
11.5571	36.7162	0.165017	42.1918
11.558	36.7987	0.0825083	42.1918
11.6084	36.8812	0	42.1918
11.6092	36.9224	0.0825083	42.1918
11.6107	37.005	0	42.1918
11.6807	37.005	0	42.4658
11.6829	37.005	0.0825083	42.4658
11.6947	37.0875	0	42.4658
11.7397	37.0875	0	42.7397
11.7419	37.0875	0.0825083	42.7397
11.7467	37.17	0	42.7397
11.7552	37.17	0	43.0137
11.7563	37.17	0.165017	43.0137
11.758	37.2525	0.0825083	43.0137
11.7755	37.335	0	43.0137
11.7773	37.335	0	43.2877
11.8235	37.335	0	43.8356
11.8239	37.3762	0.0825083	43.8356
11.8613	37.4587	0	43.8356
11.8685	37.4587	0	44.1096
11.8688	37.4587	0.165017	44.1096
11.8712	37.5413	0.0825083	44.1096
11.8854	37.6238	0	44.1096
11.9021	37.6238	0	44.3836
11.9028	37.665	0.0825083	44.3836
11.9117	37.7475	0	44.3836
11.9117	37.7888	0.0825083	44.3836
11.9144	37.8713	0	44.3836
11.9879	37.8713	0	44.6575
11.9882	37.9125	0.0825083	44.6575
12.0066	37.995	0	44.6575
12.0148	38.0363	0.0825083	44.6575
12.0825	38.1188	0	44.6575
12.086	38.1601	0.0825083	44.6575
12.101	38.2426	0	44.6575
12.1043	38.2838	0.0825083	44.6575
12.1422	38.3663	0	44.6575
12.1422	38.4076	0.0825083	44.6575
12.2371	38.4901	0	44.6575
12.287	38.4901	0	44.9315
12.2888	38.5314	0.0825083	44.9315
12.2906	38.5314	0.0825083	45.2055
12.3154	38.6139	0	45.2055
12.316	38.6551	0.0825083	45.2055
12.3329	38.7376	0	45.2055
12.3384	38.7789	0.0825083	45.2055
12.4036	38.8614	0	45.2055
12.4245	38.8614	0	45.2055
12.4246	38.8614	0.0825083	45.2055
12.4826	38.9439	0	45.2055
12.4859	38.9851	0.0825083	45.2055
12.502	39.0677	0	45.2055
12.5026	39.0677	0.165017	45.2055
12.5034	39.1502	0.0825083	45.2055
12.5527	39.2327	0	45.2055
12.5542	39.2327	0	45.4795
12.5563	39.2739	0.0825083	45.4795
12.5578	39.3564	0	45.4795
12.5594	39.3977	0.0825083	45.4795
12.5989	39.4802	0	45.4795
12.6018	39.5215	0.0825083	45.4795
12.6087	39.604	0	45.4795
12.6102	39.604	0.0825083	45.4795
12.6122	39.6865	0	45.4795
12.6147	39.6865	0.0825083	45.4795
12.637	39.769	0	45.4795
12.6393	39.8102	0.0825083	45.4795
12.6566	39.8927	0	45.4795
12.6744	39.8927	0	45.7534
12.6938	39.8927	0	46.0274
12.6939	39.934	0.0825083	46.0274
12.7006	40.0165	0	46.0274
12.7024	40.0578	0.0825083	46.0274
12.7126	40.1403	0	46.0274
12.7129	40.1403	0.165017	46.0274
12.7131	40.2228	0.0825083	46.0274
12.7143	40.3053	0	46.0274
12.7198	40.3053	0	46.3014
12.7199	40.3053	0.165017	46.3014
12.7207	40.3878	0.0825083	46.3014
12.7211	40.4703	0	46.3014
12.7216	40.4703	0.165017	46.3014
12.7232	40.5528	0.0825083	46.3014
12.7518	40.6353	0	46.3014
12.7537	40.6766	0.0825083	46.3014
12.7941	40.7591	0	46.3014
12.8069	40.7591	0	46.8493
12.8074	40.8003	0.0825083	46.8493
12.8144	40.8828	0	46.8493
12.8464	40.8828	0	47.1233
12.8466	40.9241	0.0825083	47.1233
12.8654	41.0066	0	47.1233
12.8658	41.0066	0.165017	47.1233
12.8663	41.0891	0.0825083	47.1233
12.882	41.1716	0	47.1233
12.8829	41.1716	0.0825083	47.1233
12.9141	41.2541	0	47.1233
12.9319	41.2541	0	47.3973
12.9374	41.2954	0.0825083	47.3973
12.9633	41.3779	0	47.3973
12.9892	41.3779	0	47.6712
12.991	41.4191	0.0825083	47.6712
13.0713	41.5017	0	47.6712
13.0727	41.5429	0.0825083	47.6712
13.085	41.6254	0	47.6712
13.0859	41.6254	0.0825083	47.6712
13.1211	41.7079	0	47.6712
13.1231	41.7492	0.0825083	47.6712
13.1598	41.8317	0	47.6712
13.1623	41.8317	0.165017	47.6712
13.165	41.9142	0.0825083	47.6712
13.1793	41.9967	0	47.6712
13.1799	41.9967	0.0825083	47.6712
13.2088	42.0792	0	47.6712
13.209	42.0792	0.0825083	47.6712
13.2111	42.1617	0	47.6712
13.2112	42.1617	0	47.9452
13.2137	42.1617	0.165017	47.9452
13.2144	42.2442	0.0825083	47.9452
13.2729	42.3267	0	47.9452
13.2731	42.3267	0.165017	47.9452
13.2763	42.4092	0.0825083	47.9452
13.339	42.4917	0	47.9452
13.3857	42.4917	0	48.2192
13.3858	42.533	0.0825083	48.2192
13.5051	42.6155	0	48.2192
13.6141	42.6155	0	48.4931
13.6177	42.6568	0.0825083	48.4931
13.6272	42.7393	0	48.4931
13.6313	42.7805	0.0825083	48.4931
13.6416	42.863	0	48.4931
13.6454	42.9043	0.0825083	48.4931
13.6464	42.9868	0	48.4931
13.6473	42.9868	0.0825083	48.4931
13.6557	43.0693	0	48.4931
13.657	43.1106	0.0825083	48.4931
13.6764	43.1931	0	48.4931
13.682	43.2343	0.0825083	48.4931
13.7135	43.3168	0	48.4931
13.7308	43.3168	0	48.7671
13.7317	43.3581	0.0825083	48.7671
13.7333	43.4406	0	48.7671
13.7336	43.4818	0.0825083	48.7671
13.8783	43.5644	0	48.7671
13.9422	43.5644	0	49.0411
13.9449	43.5644	0	49.3151
13.9457	43.6056	0.0825083	49.3151
13.9616	43.6881	0	49.3151
13.9637	43.6881	0.165017	49.3151
13.9645	43.7706	0.0825083	49.3151
13.9657	43.8531	0	49.3151
13.9741	43.8944	0.0825083	49.3151
13.9752	43.9769	0	49.3151
14.0006	43.9769	0	49.589
14.0021	44.0182	0.0825083	49.589
14.0095	44.1007	0	49.589
14.0217	44.1007	0	49.863
14.0251	44.1419	0.0825083	49.863
14.0255	44.1832	0.165017	49.863
14.0261	44.2657	0.0825083	49.863
14.1021	44.3482	0	49.863
14.1037	44.3482	0.165017	49.863
14.1037	44.4307	0.0825083	49.863
14.192	44.5132	0	49.863
14.2598	44.5132	0	50.137
14.2629	44.5545	0.0825083	50.137
14.2885	44.637	0	50.137
14.2976	44.6782	0.0825083	50.137
14.3116	44.7607	0	50.137
14.3703	44.7607	0	50.411
14.3725	44.7607	0.0825083	50.411
14.3756	44.8432	0	50.411
14.3759	44.8432	0.0825083	50.411
14.3778	44.9257	0	50.411
14.3786	44.9257	0.0825083	50.411
14.4198	45.0083	0	50.411
14.4914	45.0083	0	50.6849
14.4917	45.0083	0.165017	50.6849
14.4923	45.0908	0.0825083	50.6849
14.5423	45.1733	0	50.6849
14.5579	45.1733	0	50.9589
14.5601	45.1733	0.0825083	50.9589
14.5736	45.2558	0	50.9589
14.5737	45.297	0.0825083	50.9589
14.5853	45.3795	0	50.9589
14.6001	45.3795	0	51.2329
14.602	45.4208	0.0825083	51.2329
14.6053	45.5033	0	51.2329
14.609	45.5446	0.0825083	51.2329
14.724	45.6271	0	51.2329
14.7249	45.6683	0.0825083	51.2329
14.7537	45.7508	0	51.2329
14.755	45.7921	0.0825083	51.2329
14.7956	45.8746	0	51.2329
14.7985	45.9158	0.0825083	51.2329
14.856	45.9983	0	51.2329
14.8565	46.0396	0.0825083	51.2329
14.874	46.1221	0	51.2329
14.8896	46.1221	0	51.7808
14.9993	46.1221	0	52.3288
15.0001	46.1221	0.165017	52.3288
15.0019	46.2046	0.0825083	52.3288
15.0019	46.2459	0.165017	52.3288
15.0025	46.3284	0.0825083	52.3288
15.017	46.4109	0	52.3288
15.0172	46.4521	0.0825083	52.3288
15.0852	46.5347	0	52.3288
15.0864	46.5759	0.0825083	52.3288
15.0988	46.6584	0	52.3288
15.0996	46.6584	0	52.6027
15.0999	46.6997	0.0825083	52.6027
15.102	46.7822	0	52.6027
15.1022	46.7822	0	52.8767
15.1031	46.7822	0.165017	52.8767
15.1051	46.8647	0.0825083	52.8767
15.1063	46.9472	0	52.8767
15.1113	46.9884	0.0825083	52.8767
15.1419	47.071	0	52.8767
15.1464	47.1122	0.0825083	52.8767
15.1949	47.1947	0	52.8767
15.1953	47.236	0.0825083	52.8767
15.2466	47.3185	0	52.8767
15.254	47.3597	0.0825083	52.8767
15.3237	47.4422	0	52.8767
15.3245	47.4422	0.165017	52.8767
15.3255	47.5248	0.0825083	52.8767
15.4156	47.6073	0	52.8767
15.4163	47.6073	0.165017	52.8767
15.4212	47.6898	0.0825083	52.8767
15.4697	47.7723	0	52.8767
15.5168	47.7723	0	53.1507
15.5174	47.7723	0.165017	53.1507
15.5213	47.8548	0.0825083	53.1507
15.6046	47.9373	0	53.1507
15.6057	47.9373	0.165017	53.1507
15.607	48.0198	0.0825083	53.1507
15.6234	48.1023	0	53.1507
15.6537	48.1023	0	53.4247
15.6562	48.1436	0.0825083	53.4247
15.6961	48.2261	0	53.4247
15.6967	48.2673	0.0825083	53.4247
15.7337	48.3498	0	53.4247
15.7343	48.3498	0.165017	53.4247
15.7345	48.4323	0.0825083	53.4247
15.7525	48.5149	0	53.4247
15.7593	48.5149	0.0825083	53.4247
16.0371	48.5974	0	53.4247
16.0373	48.5974	0.165017	53.4247
16.0398	48.6799	0.0825083	53.4247
16.0852	48.7624	0	53.4247
16.099	48.7624	0	53.9726
16.0995	48.7624	0.0825083	53.9726
16.2677	48.8449	0	53.9726
16.3731	48.8449	0	54.2466
16.3742	48.8449	0.165017	54.2466
16.3754	48.9274	0.0825083	54.2466
16.5228	49.0099	0	54.2466
16.5245	49.0512	0.0825083	54.2466
16.559	49.1337	0	54.2466
16.5617	49.1337	0.165017	54.2466
16.5638	49.2162	0.0825083	54.2466
16.573	49.2987	0	54.2466
16.5755	49.3399	0.0825083	54.2466
16.5839	49.4224	0	54.2466
16.5839	49.4637	0.0825083	54.2466
16.6334	49.5462	0	54.2466
16.6356	49.5875	0.0825083	54.2466
16.8087	49.67	0	54.2466
16.8094	49.67	0.165017	54.2466
16.8104	49.67	0.165017	54.5205
16.8109	49.7525	0.0825083	54.5205
16.8671	49.835	0	54.5205
16.8671	49.8762	0.0825083	54.5205
16.8751	49.9587	0	54.5205
16.9845	49.9587	0	54.7945
16.9859	50	0.0825083	54.7945
17.2353	50.0825	0	54.7945
17.2641	50.0825	0	55.0685
17.2649	50.0825	0.165017	55.0685
17.2715	50.165	0.0825083	55.0685
17.3074	50.2475	0	55.0685
17.3082	50.2888	0.0825083	55.0685
17.3281	50.3713	0	55.0685
17.3313	50.4125	0.0825083	55.0685
17.333	50.495	0	55.0685
17.3335	50.5363	0.0825083	55.0685
17.3551	50.6188	0	55.0685
17.4351	50.6188	0	55.3425
17.4376	50.6188	0	55.6164
17.4379	50.6188	0.165017	55.6164
17.4385	50.7013	0.0825083	55.6164
17.4869	50.7838	0	55.6164
17.5712	50.7838	0	55.8904
17.5822	50.7838	0	56.1644
17.6503	50.7838	0	56.4384
17.6521	50.8251	0.0825083	56.4384
17.6708	50.9076	0	56.4384
17.6714	50.9076	0.0825083	56.4384
17.676	50.9901	0	56.4384
17.709	50.9901	0	56.7123
17.7166	51.0314	0.0825083	56.7123
17.7325	51.1139	0	56.7123
17.7425	51.1139	0	56.7123
17.7448	51.1139	0.0825083	56.7123
17.8164	51.1964	0	56.7123
17.8181	51.1964	0	56.9863
17.8194	51.2376	0.0825083	56.9863
17.9261	51.3201	0	56.9863
17.9471	51.3201	0	57.2603
17.9485	51.3614	0.0825083	57.2603
17.9713	51.4439	0	57.2603
17.9733	51.4439	0.0825083	57.2603
17.9759	51.5264	0	57.2603
18.0818	51.5264	0	57.5342
18.1	51.5264	0	58.0822
18.1017	51.5264	0.165017	58.0822
18.1018	51.6089	0.0825083	58.0822
18.1429	51.6914	0	58.0822
18.1608	51.6914	0	58.6301
18.1611	51.6914	0.0825083	58.6301
18.181	51.7739	0	58.6301
18.1824	51.8152	0.0825083	58.6301
18.2196	51.8977	0	58.6301
18.2215	51.9389	0.0825083	58.6301
18.3285	52.0215	0	58.6301
18.3286	52.0215	0.165017	58.6301
18.3294	52.104	0.0825083	58.6301
18.3413	52.1865	0	58.6301
18.3423	52.2277	0.0825083	58.6301
18.4176	52.3102	0	58.6301
18.5767	52.3102	0	58.9041
18.5784	52.3515	0.0825083	58.9041
18.6603	52.434	0	58.9041
18.667	52.434	0.165017	58.9041
18.6703	52.5165	0.0825083	58.9041
18.7683	52.599	0	58.9041
18.7684	52.599	0.165017	58.9041
18.7738	52.6815	0.0825083	58.9041
18.7763	52.764	0	58.9041
18.7765	52.8053	0.0825083	58.9041
18.8295	52.8878	0	58.9041
18.8311	52.929	0.0825083	58.9041
18.9001	53.0116	0	58.9041
18.9583	53.0116	0	59.1781
19.1099	53.0116	0	59.4521
19.1106	53.0528	0.0825083	59.4521
19.1223	53.1353	0	59.4521
19.1229	53.1353	0.0825083	59.4521
19.2259	53.2178	0	59.4521
19.226	53.2178	0.165017	59.4521
19.2268	53.3003	0.0825083	59.4521
19.2365	53.3828	0	59.4521
19.3587	53.3828	0	59.4521
19.3589	53.4241	0.0825083	59.4521
19.3917	53.5066	0	59.4521
19.3918	53.5066	0.165017	59.4521
19.3919	53.5891	0.0825083	59.4521
19.4803	53.6716	0	59.4521
19.5559	53.6716	0	59.726
19.5566	53.7129	0.0825083	59.726
19.6405	53.7954	0	59.726
19.6429	53.8366	0.0825083	59.726
19.6632	53.9191	0	59.726
19.6632	53.9191	0.0825083	59.726
19.7093	54.0017	0	59.726
19.712	54.0017	0.0825083	59.726
19.7277	54.0842	0	59.726
19.8352	54.0842	0	60
19.8373	54.1254	0.0825083	60
19.8687	54.2079	0	60
19.8689	54.2492	0.0825083	60
19.9615	54.3317	0	60
20.0759	54.3317	0	60.274
20.0763	54.3729	0.0825083	60.274
20.0813	54.4554	0	60.274
20.0918	54.4554	0	60.5479
20.0977	54.4967	0.0825083	60.5479
20.1369	54.5792	0	60.5479
20.137	54.5792	0.165017	60.5479
20.1397	54.6617	0.0825083	60.5479
20.1752	54.7442	0	60.5479
20.1855	54.7442	0	60.8219
20.2254	54.7442	0	61.3699
20.2967	54.7442	0	61.9178
20.345	54.7442	0	62.1918
20.3644	54.7442	0	62.4658
20.3646	54.7442	0.165017	62.4658
20.3651	54.8267	0.0825083	62.4658
20.3992	54.9092	0	62.4658
20.4025	54.9505	0.0825083	62.4658
20.5072	55.033	0	62.4658
20.5318	55.033	0	62.7397
20.5546	55.033	0	63.0137
20.5935	55.033	0	63.5616
20.5955	55.0743	0.0825083	63.5616
20.6129	55.1568	0	63.5616
20.6129	55.1568	0	63.8356
20.6132	55.1568	0.0825083	63.8356
20.6464	55.2393	0	63.8356
20.6481	55.2805	0.0825083	63.8356
20.7187	55.363	0	63.8356
20.7194	55.363	0	64.1096
20.7208	55.4043	0.0825083	64.1096
20.7753	55.4868	0	64.1096
20.7764	55.5281	0.0825083	64.1096
20.7824	55.6106	0	64.1096
20.7826	55.6518	0.0825083	64.1096
20.8105	55.7343	0	64.1096
20.8119	55.7756	0.0825083	64.1096
21.0058	55.8581	0	64.1096
21.0063	55.8993	0.0825083	64.1096
21.0376	55.9818	0	64.1096
21.0376	55.9818	0.0825083	64.1096
21.1255	56.0644	0	64.1096
21.127	56.0644	0.165017	64.1096
21.1289	56.1469	0.0825083	64.1096
21.278	56.2294	0	64.1096
21.3086	56.2294	0	64.3836
21.3102	56.2294	0.165017	64.3836
21.3113	56.2294	0.165017	64.9315
21.3122	56.3119	0.0825083	64.9315
21.4815	56.3944	0	64.9315
21.5519	56.3944	0	65.2055
21.5533	56.3944	0.165017	65.2055
21.5538	56.4769	0.0825083	65.2055
21.5924	56.5594	0	65.2055
21.5927	56.6007	0.0825083	65.2055
21.655	56.6832	0	65.2055
21.803	56.6832	0	65.7534
21.8036	56.7244	0.0825083	65.7534
21.8191	56.8069	0	65.7534
21.8206	56.8482	0.0825083	65.7534
21.8558	56.9307	0	65.7534
21.9186	56.9307	0	66.0274
21.9193	56.9719	0.0825083	66.0274
21.994	57.0545	0	66.0274
21.9954	57.0545	0.0825083	66.0274
22.044	57.137	0	66.0274
22.0483	57.1782	0.0825083	66.0274
22.2339	57.2607	0	66.0274
22.235	57.302	0.0825083	66.0274
22.2417	57.3845	0	66.0274
22.2422	57.4257	0.0825083	66.0274
22.2645	57.5083	0	66.0274
22.265	57.5495	0.0825083	66.0274
22.2689	57.632	0	66.0274
22.2689	57.632	0.165017	66.0274
22.2709	57.7145	0.0825083	66.0274
22.361	57.797	0	66.0274
22.3624	57.797	0.165017	66.0274
22.3637	57.8795	0.0825083	66.0274
22.4225	57.962	0	66.0274
22.4255	58.0033	0.0825083	66.0274
22.4819	58.0858	0	66.0274
22.4823	58.1271	0.0825083	66.0274
22.5078	58.2096	0	66.0274
22.5079	58.2096	0.165017	66.0274
22.5114	58.2921	0.0825083	66.0274
22.5694	58.3746	0	66.0274
22.5701	58.4158	0.0825083	66.0274
22.6148	58.4983	0	66.0274
22.6158	58.5396	0.0825083	66.0274
22.7325	58.6221	0	66.0274
22.7328	58.6221	0.0825083	66.0274
22.7377	58.7046	0	66.0274
22.7403	58.7459	0.0825083	66.0274
22.765	58.8284	0	66.0274
22.8288	58.8284	0	66.3014
22.8291	58.8284	0.165017	66.3014
22.8292	58.8284	0.330033	66.3014
22.8303	58.9109	0.247525	66.3014
22.8317	58.9934	0.165017	66.3014
22.8351	59.0759	0.0825083	66.3014
22.9076	59.1584	0	66.3014
22.9198	59.1584	0.0825083	66.3014
22.9975	59.2409	0	66.3014
23.078	59.2409	0	66.5753
23.0893	59.2409	0	67.1233
23.0896	59.2822	0.0825083	67.1233
23.0978	59.3647	0	67.1233
23.2234	59.3647	0	67.3973
23.2255	59.4059	0.0825083	67.3973
23.3815	59.4884	0	67.3973
23.3816	59.5297	0.0825083	67.3973
23.6514	59.6122	0	67.3973
23.6532	59.6122	0.0825083	67.3973
23.6535	59.6947	0	67.3973
23.656	59.6947	0.0825083	67.3973
23.672	59.7772	0	67.3973
23.6723	59.7772	0.0825083	67.3973
23.7531	59.8597	0	67.3973
23.7555	59.901	0.0825083	67.3973
23.9044	59.9835	0	67.3973
23.9065	59.9835	0.0825083	67.3973
23.9406	60.066	0	67.3973
23.9432	60.066	0.0825083	67.3973
23.9918	60.1485	0	67.3973
23.9919	60.1898	0.0825083	67.3973
24.1069	60.2723	0	67.3973
24.1086	60.3135	0.0825083	67.3973
24.1935	60.396	0	67.3973
24.2218	60.396	0	67.9452
24.2219	60.4373	0.0825083	67.9452
24.2856	60.5198	0	67.9452
24.2869	60.5611	0.0825083	67.9452
24.3834	60.6436	0	67.9452
24.4315	60.6436	0	68.2192
24.4321	60.6848	0.0825083	68.2192
24.4715	60.7673	0	68.2192
24.4721	60.8086	0.0825083	68.2192
24.4724	60.8911	0	68.2192
24.4732	60.9323	0.0825083	68.2192
24.5969	61.0149	0	68.2192
24.61	61.0149	0	68.7671
24.6116	61.0561	0.0825083	68.7671
24.6182	61.1386	0	68.7671
24.7346	61.1386	0	69.3151
24.736	61.1799	0.0825083	69.3151
24.8331	61.2624	0	69.3151
24.866	61.2624	0	69.589
24.8669	61.3036	0.0825083	69.589
24.9673	61.3861	0	69.589
24.9674	61.3861	0.0825083	69.589
24.9854	61.4686	0	69.589
24.9868	61.5099	0.0825083	69.589
25.1626	61.5924	0	69.589
25.1642	61.5924	0	69.863
25.1646	61.5924	0.165017	69.863
25.1652	61.6749	0.0825083	69.863
25.3534	61.7574	0	69.863
25.4543	61.7574	0	70.137
25.4555	61.7574	0.0825083	70.137
25.4942	61.8399	0	70.137
25.4946	61.8812	0.0825083	70.137
25.6028	61.9637	0	70.137
25.7823	61.9637	0	70.411
25.7831	62.005	0.0825083	70.411
25.8148	62.0875	0	70.411
25.8151	62.0875	0.0825083	70.411
25.8652	62.17	0	70.411
25.8729	62.17	0	70.6849
25.873	62.17	0.165017	70.6849
25.8748	62.2525	0.0825083	70.6849
25.9409	62.335	0	70.6849
25.9413	62.335	0.165017	70.6849
25.9424	62.4175	0.0825083	70.6849
25.9469	62.5	0	70.6849
25.9509	62.5413	0.0825083	70.6849
26.1012	62.6238	0	70.6849
26.1014	62.665	0.0825083	70.6849
26.1886	62.7475	0	70.6849
26.2329	62.7475	0	70.9589
26.3094	62.7475	0	71.2329
26.3147	62.7475	0	71.7808
26.3154	62.7475	0.165017	71.7808
26.3159	62.83	0.0825083	71.7808
26.3659	62.9125	0	71.7808
26.3659	62.9538	0.0825083	71.7808
26.4191	63.0363	0	71.7808
26.4195	63.0363	0.0825083	71.7808
26.4329	63.1188	0	71.7808
26.4332	63.1601	0.0825083	71.7808
26.4797	63.2426	0	71.7808
26.4811	63.2426	0.165017	71.7808
26.4844	63.3251	0.0825083	71.7808
26.5032	63.4076	0	71.7808
26.563	63.4076	0	71.7808
26.6096	63.4076	0	72.3288
26.6098	63.4488	0.0825083	72.3288
26.6105	63.5314	0	72.3288
26.6133	63.5726	0.0825083	72.3288
26.7469	63.6551	0	72.3288
26.7489	63.6551	0.165017	72.3288
26.7493	63.7376	0.0825083	72.3288
26.8371	63.8201	0	72.3288
26.8376	63.8201	0.165017	72.3288
26.839	63.9026	0.0825083	72.3288
26.9933	63.9851	0	72.3288
26.996	64.0264	0.0825083	72.3288
27.0425	64.1089	0	72.3288
27.0468	64.1089	0	72.6027
27.0469	64.1502	0.0825083	72.6027
27.0504	64.2327	0	72.6027
27.0513	64.2739	0.0825083	72.6027
27.0913	64.3564	0	72.6027
27.0914	64.3564	0.165017	72.6027
27.0932	64.4389	0.0825083	72.6027
27.2846	64.5215	0	72.6027
27.2854	64.5215	0.165017	72.6027
27.286	64.604	0.0825083	72.6027
27.3281	64.6865	0	72.6027
27.3317	64.7277	0.0825083	72.6027
27.3374	64.8102	0	72.6027
27.3377	64.8102	0.165017	72.6027
27.3415	64.8927	0.0825083	72.6027
27.3554	64.9753	0	72.6027
27.3904	64.9753	0	73.1507
27.3909	65.0165	0.0825083	73.1507
27.531	65.099	0	73.1507
27.5338	65.1403	0.0825083	73.1507
27.5747	65.2228	0	73.1507
27.5788	65.264	0.0825083	73.1507
27.6829	65.3465	0	73.1507
27.7142	65.3465	0	73.6986
27.7177	65.3878	0.0825083	73.6986
27.7263	65.4703	0	73.6986
27.7278	65.5116	0.0825083	73.6986
27.7786	65.5941	0	73.6986
27.851	65.5941	0	73.9726
27.8514	65.6353	0.0825083	73.9726
27.9072	65.7178	0	73.9726
27.9072	65.7591	0.0825083	73.9726
27.9187	65.8416	0	73.9726
27.9194	65.8828	0.0825083	73.9726
27.9293	65.9653	0	73.9726
27.9322	65.9653	0.165017	73.9726
27.9365	66.0479	0.0825083	73.9726
27.9434	66.1304	0	73.9726
27.9444	66.1304	0	74.2466
27.9445	66.1304	0.165017	74.2466
27.9463	66.2129	0.0825083	74.2466
27.9553	66.2954	0	74.2466
27.9554	66.2954	0.165017	74.2466
27.9564	66.3779	0.0825083	74.2466
27.9732	66.4604	0	74.2466
27.9735	66.4604	0.165017	74.2466
27.9742	66.5429	0.0825083	74.2466
28.1641	66.6254	0	74.2466
28.1658	66.6254	0.0825083	74.2466
28.189	66.7079	0	74.2466
28.1913	66.7492	0.0825083	74.2466
28.2325	66.8317	0	74.2466
28.239	66.8729	0.0825083	74.2466
28.5333	66.9554	0	74.2466
28.5363	66.9967	0.0825083	74.2466
28.5443	67.0792	0	74.2466
28.5443	67.0792	0.165017	74.2466
28.5445	67.1617	0.0825083	74.2466
28.6459	67.2442	0	74.2466
28.6478	67.2442	0.165017	74.2466
28.6478	67.2855	0.247525	74.2466
28.6498	67.368	0.165017	74.2466
28.65	67.4505	0.0825083	74.2466
28.6846	67.533	0	74.2466
28.685	67.5743	0.0825083	74.2466
28.9221	67.6568	0	74.2466
28.9228	67.6568	0.165017	74.2466
28.9256	67.7393	0.0825083	74.2466
28.985	67.8218	0	74.2466
28.986	67.863	0.0825083	74.2466
28.9961	67.9455	0	74.2466
28.9982	67.9455	0.0825083	74.2466
29.0413	68.0281	0	74.2466
29.0416	68.0693	0.0825083	74.2466
29.1117	68.1518	0	74.2466
29.1195	68.1518	0	74.5205
29.1242	68.1518	0.0825083	74.5205
29.1245	68.1518	0.0825083	74.7945
29.1872	68.2343	0	74.7945
29.1906	68.2343	0.0825083	74.7945
29.2552	68.3168	0	74.7945
29.2572	68.3581	0.0825083	74.7945
29.2575	68.3581	0.0825083	75.3425
29.3846	68.4406	0	75.3425
29.3846	68.4406	0.165017	75.3425
29.3868	68.5231	0.0825083	75.3425
29.5466	68.6056	0	75.3425
29.5504	68.6469	0.0825083	75.3425
29.567	68.7294	0	75.3425
29.5704	68.7706	0.0825083	75.3425
29.6868	68.8531	0	75.3425
29.7273	68.8531	0	75.6164
29.7288	68.8944	0.0825083	75.6164
29.8646	68.9769	0	75.6164
29.8646	69.0182	0.0825083	75.6164
29.9246	69.1007	0	75.6164
29.9257	69.1007	0.0825083	75.6164
30.0661	69.1832	0	75.6164
30.0674	69.1832	0.165017	75.6164
30.0703	69.2657	0.0825083	75.6164
30.0932	69.3482	0	75.6164
30.0932	69.3482	0.165017	75.6164
30.0944	69.4307	0.0825083	75.6164
30.1334	69.5132	0	75.6164
30.1358	69.5545	0.0825083	75.6164
30.1421	69.637	0	75.6164
30.1815	69.637	0	75.8904
30.3169	69.637	0	76.1644
30.3241	69.6782	0.0825083	76.1644
30.3274	69.7607	0	76.1644
30.3322	69.7607	0	76.4384
30.3327	69.802	0.0825083	76.4384
30.3718	69.8845	0	76.4384
30.3734	69.9257	0.0825083	76.4384
30.3819	70.0082	0	76.4384
30.3821	70.0495	0.0825083	76.4384
30.4131	70.132	0	76.4384
30.414	70.1733	0.0825083	76.4384
30.7471	70.2558	0	76.4384
30.7492	70.297	0.0825083	76.4384
30.8027	70.3795	0	76.4384
30.8987	70.3795	0	76.7123
30.899	70.3795	0.165017	76.7123
30.8991	70.462	0.0825083	76.7123
30.9353	70.5446	0	76.7123
30.9357	70.5446	0.165017	76.7123
30.9378	70.6271	0.0825083	76.7123
30.9392	70.7096	0	76.7123
30.9394	70.7096	0.165017	76.7123
30.9407	70.7921	0.0825083	76.7123
30.9948	70.8746	0	76.7123
31.0011	70.9158	0.0825083	76.7123
31.0116	70.9984	0	76.7123
31.1069	70.9984	0	76.9863
31.1086	70.9984	0.0825083	76.9863
31.1338	71.0809	0	76.9863
31.134	71.1221	0.0825083	76.9863
31.2309	71.2046	0	76.9863
31.2312	71.2459	0.0825083	76.9863
31.2802	71.3284	0	76.9863
31.281	71.3284	0.165017	76.9863
31.2839	71.4109	0.0825083	76.9863
31.3075	71.4934	0	76.9863
31.309	71.5347	0.0825083	76.9863
31.3421	71.6172	0	76.9863
31.3843	71.6172	0	77.2603
31.3849	71.6172	0.165017	77.2603
31.3858	71.6997	0.0825083	77.2603
31.5063	71.7822	0	77.2603
31.5071	71.7822	0.165017	77.2603
31.5084	71.8647	0.0825083	77.2603
31.5134	71.9472	0	77.2603
31.5146	71.9472	0.165017	77.2603
31.5173	72.0297	0.0825083	77.2603
31.7937	72.1122	0	77.2603
31.8456	72.1122	0	77.8082
31.8459	72.1122	0.165017	77.8082
31.8465	72.1947	0.0825083	77.8082
32.0043	72.2772	0	77.8082
32.0065	72.3185	0.0825083	77.8082
32.0181	72.401	0	77.8082
32.0181	72.4422	0.0825083	77.8082
32.3257	72.5247	0	77.8082
32.3948	72.5247	0	78.3562
32.3951	72.566	0.0825083	78.3562
32.4389	72.6485	0	78.3562
32.4391	72.6898	0.0825083	78.3562
32.6621	72.7723	0	78.3562
32.6687	72.8135	0.0825083	78.3562
32.9782	72.896	0	78.3562
33.051	72.896	0	78.9041
33.1826	72.896	0	79.1781
33.2008	72.896	0	79.4521
33.2008	72.896	0.165017	79.4521
33.2022	72.9785	0.0825083	79.4521
33.2748	73.0611	0	79.4521
33.2773	73.1023	0.0825083	79.4521
33.4946	73.1848	0	79.4521
33.4952	73.1848	0.0825083	79.4521
33.5095	73.2673	0	79.4521
33.5114	73.2673	0.165017	79.4521
33.5153	73.3498	0.0825083	79.4521
33.5775	73.4323	0	79.4521
33.5886	73.4323	0	79.726
33.5901	73.4736	0.0825083	79.726
33.7438	73.5561	0	79.726
33.8089	73.5561	0	80.274
33.8171	73.5561	0.0825083	80.274
33.8525	73.6386	0	80.274
33.8536	73.6386	0.0825083	80.274
34.1803	73.7211	0	80.274
34.1818	73.7624	0.0825083	80.274
34.3919	73.8449	0	80.274
34.4343	73.8449	0	80.5479
34.4392	73.8449	0.0825083	80.5479
34.4557	73.9274	0	80.5479
34.5116	73.9274	0	81.0959
34.5139	73.9274	0.165017	81.0959
34.5169	74.0099	0.0825083	81.0959
34.5289	74.0924	0	81.0959
34.6239	74.0924	0	81.3699
34.6252	74.1337	0.0825083	81.3699
34.667	74.2162	0	81.3699
34.6677	74.2574	0.0825083	81.3699
34.6751	74.3399	0	81.3699
34.6763	74.3812	0.0825083	81.3699
35.0706	74.4637	0	81.3699
35.1465	74.4637	0	81.6438
35.1476	74.4637	0.165017	81.6438
35.148	74.5462	0.0825083	81.6438
35.1495	74.5462	0.0825083	82.1918
35.3159	74.6287	0	82.1918
35.3168	74.67	0.0825083	82.1918
35.6215	74.7525	0	82.1918
35.6622	74.7525	0	82.7397
35.6963	74.7525	0	83.0137
35.6967	74.7937	0.0825083	83.0137
35.8292	74.8762	0	83.0137
35.832	74.8762	0.165017	83.0137
35.8327	74.9587	0.0825083	83.0137
35.844	75.0413	0	83.0137
35.8444	75.0825	0.0825083	83.0137
35.8961	75.165	0	83.0137
35.8966	75.2063	0.0825083	83.0137
36.1203	75.2888	0	83.0137
36.1238	75.33	0.0825083	83.0137
36.1482	75.4125	0	83.0137
36.1501	75.4538	0.0825083	83.0137
36.2635	75.5363	0	83.0137
36.2666	75.5776	0.0825083	83.0137
36.3247	75.6601	0	83.0137
36.3286	75.7013	0.0825083	83.0137
36.5294	75.7838	0	83.0137
36.5303	75.8251	0.0825083	83.0137
36.5566	75.9076	0	83.0137
36.5578	75.9076	0.165017	83.0137
36.5598	75.9901	0.0825083	83.0137
36.6221	76.0726	0	83.0137
36.6262	76.1139	0.0825083	83.0137
36.6519	76.1964	0	83.0137
36.7017	76.1964	0	83.5616
36.7023	76.2376	0.0825083	83.5616
37.0233	76.3201	0	83.5616
37.033	76.3614	0.0825083	83.5616
37.1393	76.4439	0	83.5616
37.1406	76.4439	0.165017	83.5616
37.1427	76.5264	0.0825083	83.5616
37.3859	76.6089	0	83.5616
37.3862	76.6502	0.0825083	83.5616
37.7635	76.7327	0	83.5616
37.7635	76.7739	0.0825083	83.5616
37.7665	76.8564	0	83.5616
37.7668	76.8977	0.0825083	83.5616
37.8676	76.9802	0	83.5616
37.8837	76.9802	0	84.1096
37.8839	77.0215	0.0825083	84.1096
37.8982	77.104	0	84.1096
37.8982	77.1452	0.0825083	84.1096
37.9332	77.2277	0	84.1096
37.9347	77.2277	0.0825083	84.1096
38.0263	77.3102	0	84.1096
38.0269	77.3102	0.0825083	84.1096
38.0862	77.3927	0	84.1096
38.0871	77.434	0.0825083	84.1096
38.214	77.5165	0	84.1096
38.2186	77.5578	0.0825083	84.1096
38.2809	77.6403	0	84.1096
38.2813	77.6815	0.0825083	84.1096
38.3687	77.764	0	84.1096
38.3708	77.8053	0.0825083	84.1096
38.6333	77.8878	0	84.1096
38.6605	77.8878	0	84.6575
38.6608	77.8878	0.165017	84.6575
38.6617	77.9703	0.0825083	84.6575
38.8105	78.0528	0	84.6575
38.8113	78.0941	0.0825083	84.6575
39.2702	78.1766	0	84.6575
39.2741	78.2178	0.0825083	84.6575
39.4268	78.3003	0	84.6575
39.4278	78.3003	0.0825083	84.6575
39.4983	78.3828	0	84.6575
39.4991	78.3828	0.165017	84.6575
39.4993	78.4653	0.0825083	84.6575
39.5439	78.5479	0	84.6575
39.6488	78.5479	0	85.2055
39.6982	78.5479	0	85.7534
39.7772	78.5479	0	86.0274
39.7782	78.5479	0.0825083	86.0274
39.9373	78.6304	0	86.0274
39.9386	78.6716	0.0825083	86.0274
39.9918	78.7541	0	86.0274
39.9934	78.7954	0.0825083	86.0274
40.1616	78.8779	0	86.0274
40.1643	78.9191	0.0825083	86.0274
40.3316	79.0016	0	86.0274
40.3335	79.0429	0.0825083	86.0274
40.3516	79.1254	0	86.0274
40.3588	79.1254	0	86.5753
40.359	79.1254	0.165017	86.5753
40.3597	79.2079	0.0825083	86.5753
40.4017	79.2904	0	86.5753
40.4029	79.3317	0.0825083	86.5753
40.4107	79.4142	0	86.5753
40.4119	79.4554	0.0825083	86.5753
41.1142	79.538	0	86.5753
41.1153	79.538	0.0825083	86.5753
41.1693	79.6205	0	86.5753
41.1698	79.6617	0.0825083	86.5753
41.3159	79.7442	0	86.5753
41.4055	79.7442	0	86.8493
41.4754	79.7442	0	87.3973
41.4767	79.7855	0.0825083	87.3973
41.6433	79.868	0	87.3973
42.0261	79.868	0	87.9452
42.0262	79.9092	0.0825083	87.9452
42.0879	79.9918	0	87.9452
42.088	80.033	0.0825083	87.9452
42.1495	80.1155	0	87.9452
42.1505	80.1568	0.0825083	87.9452
42.3584	80.2393	0	87.9452
42.359	80.2805	0.0825083	87.9452
42.4467	80.363	0	87.9452
42.4473	80.363	0.165017	87.9452
42.4485	80.4455	0.0825083	87.9452
42.4598	80.5281	0	87.9452
42.4608	80.5693	0.0825083	87.9452
42.565	80.6518	0	87.9452
42.5708	80.6518	0.0825083	87.9452
42.7485	80.7343	0	87.9452
42.7506	80.7756	0.0825083	87.9452
43.0089	80.8581	0	87.9452
43.0122	80.8993	0.0825083	87.9452
43.0183	80.9818	0	87.9452
43.0211	81.0231	0.0825083	87.9452
43.1194	81.1056	0	87.9452
43.1718	81.1056	0	88.4931
43.178	81.1056	0	88.7671
43.1786	81.1056	0.165017	88.7671
43.1815	81.1881	0.0825083	88.7671
43.2367	81.2706	0	88.7671
43.239	81.3119	0.0825083	88.7671
43.2753	81.3944	0	88.7671
43.2761	81.4356	0.0825083	88.7671
43.5474	81.5182	0	88.7671
43.5477	81.5594	0.0825083	88.7671
43.6856	81.6419	0	88.7671
43.6878	81.6832	0.0825083	88.7671
43.7884	81.7657	0	88.7671
43.7885	81.8069	0.0825083	88.7671
43.8571	81.8894	0	88.7671
43.8588	81.9307	0.0825083	88.7671
44.4336	82.0132	0	88.7671
44.4364	82.0545	0.0825083	88.7671
44.8787	82.137	0	88.7671
44.8902	82.137	0	89.0411
44.8952	82.1782	0.0825083	89.0411
45.082	82.2607	0	89.0411
45.0823	82.302	0.0825083	89.0411
45.1346	82.3845	0	89.0411
45.6493	82.3845	0	89.3151
45.6513	82.4257	0.0825083	89.3151
45.7294	82.5082	0	89.3151
45.7318	82.5495	0.0825083	89.3151
45.7945	82.632	0	89.3151
46.033	82.632	0	89.863
46.0331	82.632	0.165017	89.863
46.0331	82.7145	0.0825083	89.863
46.1008	82.797	0	89.863
46.101	82.8383	0.0825083	89.863
46.2599	82.9208	0	89.863
46.2607	82.9208	0.165017	89.863
46.2624	83.0033	0.0825083	89.863
46.2837	83.0858	0	89.863
46.2847	83.1271	0.0825083	89.863
46.3748	83.2096	0	89.863
46.3765	83.2508	0.0825083	89.863
46.7495	83.3333	0	89.863
46.7504	83.3333	0.0825083	89.863
47.2871	83.4158	0	89.863
47.2982	83.4158	0.0825083	89.863
47.3064	83.4984	0	89.863
47.3111	83.4984	0.0825083	89.863
47.3946	83.5809	0	89.863
47.3981	83.6221	0.0825083	89.863
47.4728	83.7046	0	89.863
47.4756	83.7459	0.0825083	89.863
47.5831	83.8284	0	89.863
47.5837	83.8284	0.0825083	89.863
47.591	83.9109	0	89.863
47.5918	83.9109	0.0825083	89.863
47.5948	83.9521	0.165017	89.863
47.5969	84.0347	0.0825083	89.863
47.8237	84.1172	0	89.863
47.825	84.1584	0.0825083	89.863
48.0457	84.2409	0	89.863
48.1005	84.2409	0	90.411
48.1942	84.2409	0	90.9589
48.1967	84.2822	0.0825083	90.9589
48.2103	84.3647	0	90.9589
48.2118	84.3647	0	91.2329
48.2124	84.4059	0.0825083	91.2329
48.3332	84.4884	0	91.2329
48.3353	84.4884	0.0825083	91.2329
48.413	84.571	0	91.2329
48.4144	84.571	0.0825083	91.2329
48.5545	84.6535	0	91.2329
48.5553	84.6947	0.0825083	91.2329
48.7603	84.7772	0	91.2329
48.7623	84.8185	0.0825083	91.2329
48.8775	84.901	0	91.2329
48.8777	84.901	0.0825083	91.2329
49.1245	84.9835	0	91.2329
49.2492	84.9835	0	91.5069
49.2501	85.0247	0.0825083	91.5069
49.3254	85.1073	0	91.5069
49.3266	85.1485	0.0825083	91.5069
49.3335	85.231	0	91.5069
49.3346	85.2723	0.0825083	91.5069
49.3634	85.3548	0	91.5069
49.3649	85.396	0.0825083	91.5069
49.4187	85.4785	0	91.5069
49.4218	85.5198	0.0825083	91.5069
49.6389	85.6023	0	91.5069
49.6389	85.6023	0.0825083	91.5069
49.6808	85.6848	0	91.5069
49.6812	85.7261	0.0825083	91.5069
50.0389	85.8086	0	91.5069
50.039	85.8086	0.165017	91.5069
50.0407	85.8911	0.0825083	91.5069
50.1878	85.9736	0	91.5069
50.2057	85.9736	0	92.0548
50.2078	85.9736	0.165017	92.0548
50.2117	86.0561	0.0825083	92.0548
50.2382	86.1386	0	92.0548
50.2437	86.1799	0.0825083	92.0548
51.4747	86.2624	0	92.0548
51.4779	86.3036	0.0825083	92.0548
51.5141	86.3861	0	92.0548
51.5151	86.3861	0.165017	92.0548
51.5211	86.4686	0.0825083	92.0548
51.6664	86.5512	0	92.0548
51.7657	86.5512	0	92.6027
51.7665	86.5924	0.0825083	92.6027
52.0091	86.6749	0	92.6027
52.0113	86.7162	0.0825083	92.6027
52.1938	86.7987	0	92.6027
52.1952	86.7987	0.0825083	92.6027
52.4775	86.8812	0	92.6027
52.4798	86.9224	0.0825083	92.6027
52.6684	87.005	0	92.6027
52.6698	87.0462	0.0825083	92.6027
52.9366	87.1287	0	92.6027
52.9393	87.17	0.0825083	92.6027
53.2264	87.2525	0	92.6027
53.227	87.2525	0.165017	92.6027
53.2278	87.335	0.0825083	92.6027
53.2362	87.4175	0	92.6027
53.6035	87.4175	0	93.1507
53.6038	87.4587	0.0825083	93.1507
54.3554	87.5413	0	93.1507
54.3558	87.5825	0.0825083	93.1507
54.5463	87.665	0	93.1507
54.5511	87.665	0.0825083	93.1507
55.1058	87.7475	0	93.1507
55.1063	87.7888	0.0825083	93.1507
55.1091	87.8713	0	93.1507
55.111	87.9125	0.0825083	93.1507
55.1882	87.995	0	93.1507
55.1885	88.0363	0.0825083	93.1507
55.3805	88.1188	0	93.1507
55.3831	88.1601	0.0825083	93.1507
55.726	88.2426	0	93.1507
55.7299	88.2426	0.165017	93.1507
55.731	88.3251	0.0825083	93.1507
55.8421	88.4076	0	93.1507
56.317	88.4076	0	93.6986
56.3192	88.4488	0.0825083	93.6986
56.4307	88.5314	0	93.6986
56.7173	88.5314	0	94.2466
56.7175	88.5314	0.0825083	94.2466
56.8292	88.6139	0	94.2466
56.8298	88.6551	0.0825083	94.2466
57.2516	88.7376	0	94.2466
57.2524	88.7376	0.165017	94.2466
57.2529	88.8201	0.0825083	94.2466
57.3065	88.9026	0	94.2466
57.3072	88.9439	0.0825083	94.2466
57.4724	89.0264	0	94.2466
57.4731	89.0677	0.0825083	94.2466
57.4791	89.1502	0	94.2466
57.482	89.1914	0.0825083	94.2466
57.5551	89.2739	0	94.2466
57.5562	89.2739	0.165017	94.2466
57.5564	89.3564	0.0825083	94.2466
57.7047	89.4389	0	94.2466
57.705	89.4802	0.0825083	94.2466
58.6005	89.5627	0	94.2466
58.603	89.604	0.0825083	94.2466
58.6976	89.6865	0	94.2466
59.0375	89.6865	0	94.7945
59.1364	89.6865	0	95.3425
59.2776	89.6865	0	95.8904
59.2791	89.7277	0.0825083	95.8904
59.6472	89.8102	0	95.8904
59.6482	89.8515	0.0825083	95.8904
59.6845	89.934	0	95.8904
59.6866	89.9753	0.0825083	95.8904
59.788	90.0578	0	95.8904
59.7883	90.099	0.0825083	95.8904
60.0386	90.1815	0	95.8904
60.039	90.2228	0.0825083	95.8904
60.1507	90.3053	0	95.8904
60.1526	90.3053	0.165017	95.8904
60.1576	90.3878	0.0825083	95.8904
60.3369	90.4703	0	95.8904
61.0122	90.4703	0	96.1644
61.0142	90.5116	0.0825083	96.1644
61.3654	90.5941	0	96.1644
61.366	90.6353	0.0825083	96.1644
61.8907	90.7178	0	96.1644
61.8908	90.7178	0.165017	96.1644
61.8912	90.8003	0.0825083	96.1644
62.099	90.8828	0	96.1644
62.6341	90.8828	0	96.7123
62.6345	90.9241	0.0825083	96.7123
62.6648	91.0066	0	96.7123
62.6678	91.0066	0.0825083	96.7123
62.7837	91.0891	0	96.7123
62.856	91.0891	0	97.2603
62.8568	91.1304	0.0825083	97.2603
63.2888	91.2129	0	97.2603
63.2893	91.2129	0.165017	97.2603
63.2948	91.2954	0.0825083	97.2603
63.816	91.3779	0	97.2603
63.8192	91.4191	0.0825083	97.2603
64.4052	91.5016	0	97.2603
64.4064	91.5429	0.0825083	97.2603
64.4661	91.6254	0	97.2603
64.4666	91.6254	0.165017	97.2603
64.4687	91.7079	0.0825083	97.2603
64.8477	91.7904	0	97.2603
64.8479	91.8317	0.0825083	97.2603
65.0576	91.9142	0	97.2603
65.0645	91.9554	0.0825083	97.2603
65.1848	92.038	0	97.2603
65.1852	92.0792	0.0825083	97.2603
65.2681	92.1617	0	97.2603
65.2691	92.203	0.0825083	97.2603
65.6335	92.2855	0	97.2603
65.6399	92.3267	0.0825083	97.2603
65.8615	92.4092	0	97.2603
65.8641	92.4505	0.0825083	97.2603
65.9309	92.533	0	97.2603
65.9671	92.533	0	97.8082
65.9675	92.5743	0.0825083	97.8082
65.9697	92.6568	0	97.8082
65.9707	92.6568	0.0825083	97.8082
66.2218	92.7393	0	97.8082
66.2225	92.7805	0.0825083	97.8082
66.3559	92.863	0	97.8082
66.357	92.9043	0.0825083	97.8082
66.6125	92.9868	0	97.8082
66.6136	93.0281	0.0825083	97.8082
66.9067	93.1106	0	97.8082
66.9086	93.1518	0.0825083	97.8082
67.1127	93.2343	0	97.8082
67.1133	93.2343	0.165017	97.8082
67.1146	93.3168	0.0825083	97.8082
67.2121	93.3993	0	97.8082
67.2125	93.3993	0.165017	97.8082
67.2133	93.4818	0.0825083	97.8082
67.682	93.5644	0	97.8082
67.6882	93.6056	0.0825083	97.8082
67.9764	93.6881	0	97.8082
67.9772	93.6881	0.0825083	97.8082
68.6267	93.7706	0	97.8082
68.6278	93.8119	0.0825083	97.8082
68.9741	93.8944	0	97.8082
68.9742	93.8944	0.165017	97.8082
68.9749	93.9769	0.0825083	97.8082
69.0199	94.0594	0	97.8082
69.0205	94.0594	0.0825083	97.8082
69.1782	94.1419	0	97.8082
69.1786	94.1832	0.0825083	97.8082
69.4795	94.2657	0	97.8082
69.4868	94.3069	0.0825083	97.8082
70.2239	94.3894	0	97.8082
70.2243	94.3894	0.165017	97.8082
70.2276	94.4719	0.0825083	97.8082
70.3962	94.5545	0	97.8082
70.3968	94.5957	0.0825083	97.8082
70.4429	94.6782	0	97.8082
70.4433	94.7195	0.0825083	97.8082
70.6353	94.802	0	97.8082
70.6706	94.802	0	98.3562
70.6712	94.8432	0.0825083	98.3562
71.1403	94.9257	0	98.3562
71.1404	94.9257	0.0825083	98.3562
71.3754	95.0082	0	98.3562
71.3766	95.0495	0.0825083	98.3562
72.2303	95.132	0	98.3562
72.2308	95.1733	0.0825083	98.3562
72.4015	95.2558	0	98.3562
72.4017	95.297	0.0825083	98.3562
73.4103	95.3795	0	98.3562
73.4108	95.3795	0.165017	98.3562
73.4119	95.462	0.0825083	98.3562
73.5603	95.5446	0	98.3562
73.5627	95.5858	0.0825083	98.3562
73.724	95.6683	0	98.3562
73.7253	95.7096	0.0825083	98.3562
73.8944	95.7921	0	98.3562
73.8946	95.7921	0.165017	98.3562
73.8959	95.8746	0.0825083	98.3562
76.6232	95.9571	0	98.3562
76.6266	95.9984	0.0825083	98.3562
76.9469	96.0809	0	98.3562
76.9487	96.1221	0.0825083	98.3562
77.3997	96.2046	0	98.3562
77.4002	96.2459	0.0825083	98.3562
77.7391	96.3284	0	98.3562
77.7401	96.3696	0.0825083	98.3562
78.0394	96.4521	0	98.3562
78.0421	96.4934	0.0825083	98.3562
78.5164	96.5759	0	98.3562
78.6663	96.5759	0	98.9041
79.0445	96.5759	0	99.4521
79.046	96.6172	0.0825083	99.4521
79.1787	96.6997	0	99.4521
79.8093	96.6997	0	100
79.8094	96.7409	0.0825083	100
80.0832	96.8234	0	100
80.0836	96.8647	0.0825083	100
80.2826	96.9472	0	100
80.2829	96.9472	0.165017	100
80.2858	97.0297	0.0825083	100
81.9696	97.1122	0	100
81.973	97.1535	0.0825083	100
83.1597	97.236	0	100
83.1628	97.2772	0.0825083	100
87.6364	97.3597	0	100
87.6385	97.401	0.0825083	100
89.6426	97.4835	0	100
89.646	97.4835	0.165017	100
89.6466	97.566	0.0825083	100
89.7661	97.6485	0	100
89.7667	97.6485	0.165017	100
89.77	97.731	0.0825083	100
90.9961	97.8135	0	100
91.0012	97.8548	0.0825083	100
91.0838	97.9373	0	100
91.0866	97.9785	0.0825083	100
91.812	98.0611	0	100
91.8123	98.1023	0.0825083	100
95.7902	98.1848	0	100
95.7932	98.1848	0.165017	100
95.7966	98.2673	0.0825083	100
99.8745	98.3498	0	100
99.8747	98.3911	0.0825083	100
100.409	98.4736	0	100
100.409	98.4736	0.165017	100
100.409	98.5561	0.0825083	100
100.579	98.6386	0	100
100.58	98.6799	0.0825083	100
102.747	98.7624	0	100
102.75	98.8036	0.0825083	100
105.753	98.8861	0	100
105.753	98.9274	0.0825083	100
108.616	99.0099	0	100
108.622	99.0512	0.0825083	100
108.664	99.1337	0	100
108.67	99.1749	0.0825083	100
124.584	99.2574	0	100
124.592	99.2987	0.0825083	100
127.11	99.3812	0	100
127.112	99.4224	0.0825083	100
130.574	99.505	0	100
130.576	99.5462	0.0825083	100
134.591	99.6287	0	100
134.593	99.67	0.0825083	100
162.102	99.7525	0	100
162.103	99.7937	0.0825083	100
174.203	99.8762	0	100
174.204	99.9175	0.0825083	100
