2.25957e-06	0	0	0
2.44358e-06	0	0	0
2.6082e-06	0	0	0
2.68093e-06	0	0	0
2.94235e-06	0	0	0
3.34518e-06	0	0	0
3.58774e-06	0	0	0
3.86885e-06	0	0	0
4.00053e-06	0	0	0
4.46334e-06	0	0	0
4.58337e-06	0	0	0
5.04854e-06	0	0	0
5.18034e-06	0	0	0
5.20828e-06	0	0	0
6.39648e-06	0	0	0
6.90215e-06	0	0	0
7.27803e-06	0	0	0
7.53777e-06	0	0	0
7.55453e-06	0	0	0
7.8129e-06	0	0	0
8.01341e-06	0	0	0
8.5163e-06	0	0	0
9.06458e-06	0	0	0
9.18645e-06	0	0	0
1.04425e-05	0	0	0
1.07668e-05	0	0	0
1.13137e-05	0	0	0
1.1758e-05	0	0	0
1.18306e-05	0	0	0
1.30776e-05	0	0	0
1.4396e-05	0	0	0
1.44754e-05	0	0	0
1.45854e-05	0	0	0
1.47384e-05	0	0	0
1.47839e-05	0	0	0
1.47901e-05	0	0	0
1.68688e-05	0	0	0
1.74887e-05	0	0	0
1.74928e-05	0	0	0
1.80261e-05	0	0	0
1.82647e-05	0	0	0
2.09057e-05	0	0	0
2.15881e-05	0	0	0
2.24644e-05	0	0	0
2.25553e-05	0	0	0
2.33452e-05	0	0	0
2.34568e-05	0	0	0
2.39642e-05	0	0	0
2.39814e-05	0	0	0
2.59898e-05	0	0	0
2.7093e-05	0	0	0
2.72106e-05	0	0	0
2.73826e-05	0	0	0
2.814e-05	0	0	0
2.83428e-05	0	0	0
2.83727e-05	0	0	0
2.88154e-05	0	0	0
2.95904e-05	0	0	0
2.98086e-05	0	0	0
3.05433e-05	0	0	0
3.10475e-05	0	0	0
3.23541e-05	0	0	0
3.26387e-05	0	0	0
3.32447e-05	0	0	0
3.32705e-05	0	0	0
3.40612e-05	0	0	0
3.47291e-05	0	0	0
3.51189e-05	0	0	0
3.55713e-05	0	0	0
3.58802e-05	0	0	0
3.59168e-05	0	0	0
3.59802e-05	0	0	0
3.60571e-05	0	0	0
3.71967e-05	0	0	0
3.8115e-05	0	0	0
3.83052e-05	0	0	0
3.85499e-05	0	0	0
3.97224e-05	0	0	0
4.00547e-05	0	0	0
4.02208e-05	0	0	0
4.05298e-05	0	0	0
4.07085e-05	0	0	0
4.0866e-05	0	0	0
4.09761e-05	0	0	0
4.13993e-05	0	0	0
4.21261e-05	0	0	0
4.53621e-05	0	0	0
4.6926e-05	0	0	0
4.75607e-05	0	0	0
4.86919e-05	0	0	0
4.9722e-05	0	0	0
5.06109e-05	0	0	0
5.07199e-05	0	0	0
5.12601e-05	0	0	0
5.1387e-05	0	0	0
5.20336e-05	0	0	0
5.26621e-05	0	0	0
5.32912e-05	0	0	0
5.36077e-05	0	0	0
5.40752e-05	0	0	0
5.50625e-05	0	0	0
5.53203e-05	0	0	0
5.54518e-05	0	0	0
5.57467e-05	0	0	0
5.71718e-05	0	0	0
5.75745e-05	0	0	0
5.91654e-05	0	0	0
5.9684e-05	0	0	0
5.99618e-05	0	0	0
5.99636e-05	0	0	0
6.0559e-05	0	0	0
6.08768e-05	0	0	0
6.13918e-05	0	0	0
6.153e-05	0	0	0
6.16347e-05	0	0	0
6.17954e-05	0	0	0
6.22074e-05	0	0	0
6.23144e-05	0	0	0
6.25391e-05	0	0	0
6.35393e-05	0	0	0
6.40042e-05	0	0	0
6.4203e-05	0	0	0
6.48832e-05	0	0	0
6.5274e-05	0	0	0
6.54961e-05	0	0	0
6.60344e-05	0	0	0
6.66274e-05	0	0	0
6.76789e-05	0	0	0
6.83123e-05	0	0	0
6.87135e-05	0	0	0
6.88568e-05	0	0	0
7.01141e-05	0	0	0
7.04434e-05	0	0	0
7.06311e-05	0	0	0
7.19226e-05	0	0	0
7.22911e-05	0	0	0
7.23559e-05	0	0	0
7.36838e-05	0	0	0
7.40605e-05	0	0	0
7.66622e-05	0	0	0
7.69665e-05	0	0	0
7.71873e-05	0	0	0
7.87004e-05	0	0	0
7.9533e-05	0	0	0
7.95452e-05	0	0	0
7.97372e-05	0	0	0
8.01845e-05	0	0	0
8.10335e-05	0	0	0
8.30762e-05	0	0	0
8.3314e-05	0	0	0
8.43433e-05	0	0	0
8.53409e-05	0	0	0
8.54153e-05	0	0	0
8.60022e-05	0	0	0
8.72365e-05	0	0	0
8.75962e-05	0	0	0
8.78899e-05	0	0	0
8.81327e-05	0	0	0
8.92105e-05	0	0	0
8.9215e-05	0	0	0
8.96198e-05	0	0	0
9.13398e-05	0	0	0
9.14434e-05	0	0	0
9.25209e-05	0	0	0
9.37541e-05	0	0	0
9.40879e-05	0	0	0
9.5768e-05	0	0	0
9.60082e-05	0	0	0
9.8723e-05	0	0	0
9.98327e-05	0	0	0
0.000100564	0	0	0
0.000102611	0	0	0
0.000103279	0	0	0
0.000103392	0	0	0
0.000104693	0	0	0
0.000105287	0	0	0
0.000106159	0	0	0
0.000107504	0	0	0
0.000108437	0	0	0
0.000110167	0	0	0
0.000112465	0	0	0
0.00011252	0	0	0
0.000112799	0	0	0
0.000114089	0	0	0
0.000114211	0	0	0
0.000116964	0	0	0
0.000117159	0	0	0
0.000117773	0	0	0
0.00011783	0	0	0
0.000118152	0	0	0
0.00011817	0	0	0
0.000118478	0	0	0
0.000118636	0	0	0
0.000120739	0	0	0
0.000120949	0	0	0
0.000121533	0	0	0
0.00012158	0	0	0
0.000123208	0	0	0
0.000123397	0	0	0
0.000124928	0	0	0
0.000125125	0	0	0
0.000125427	0	0	0
0.000129133	0	0	0
0.000129194	0	0	0
0.000130008	0	0	0
0.000131642	0	0	0
0.000131697	0	0	0
0.000132487	0	0	0
0.000132734	0	0	0
0.000134216	0	0	0
0.000134868	0	0	0
0.000136503	0	0	0
0.00013706	0	0	0
0.000138529	0	0	0
0.000140058	0	0	0
0.000140109	0	0	0
0.000142073	0	0	0
0.000142209	0	0	0
0.000142298	0	0	0
0.000142479	0	0	0
0.000142743	0	0	0
0.000146624	0	0	0
0.000150482	0	0	0
0.000151118	0	0	0
0.000151973	0	0	0
0.0001526	0	0	0
0.00015274	0	0	0
0.000153043	0	0	0
0.000154053	0	0	0
0.000155122	0	0	0
0.000156981	0	0	0
0.000157618	0	0	0
0.000157994	0	0	0
0.000158168	0	0	0
0.000160144	0	0	0
0.000160862	0	0	0
0.000161025	0	0	0
0.00016105	0	0	0
0.000162765	0	0	0
0.000162975	0	0	0
0.000165676	0	0	0
0.00016599	0	0	0
0.000166624	0	0	0
0.000167833	0	0	0
0.000168018	0	0	0
0.000169397	0	0	0
0.000170447	0	0	0
0.00017079	0	0	0
0.000171163	0	0	0
0.00017219	0	0	0
0.000172563	0	0	0
0.000173975	0	0	0
0.000178605	0	0	0
0.000179439	0	0	0
0.000180872	0	0	0
0.000181266	0	0	0
0.00018133	0	0	0
0.000182439	0	0	0
0.000187564	0	0	0
0.000188353	0	0	0
0.000189203	0	0	0
0.000191181	0	0	0
0.000192027	0	0	0
0.000192183	0	0	0
0.000194187	0	0	0
0.000194495	0	0	0
0.000194525	0	0	0
0.000195848	0	0	0
0.000198617	0	0	0
0.000200031	0	0	0
0.000200046	0	0	0
0.000200175	0	0	0
0.000200594	0	0	0
0.000201528	0	0	0
0.000202113	0	0	0
0.000203095	0	0	0
0.00020311	0	0	0
0.000203293	0	0	0
0.000203311	0	0	0
0.000203708	0	0	0
0.000204978	0	0	0
0.000204997	0	0	0
0.000205548	0	0	0
0.000206548	0	0	0
0.000206564	0	0	0
0.000208913	0	0	0
0.000209542	0	0	0
0.000210551	0	0	0
0.000211613	0	0	0
0.000212206	0	0	0
0.000212359	0	0	0
0.000213818	0	0	0
0.000215213	0	0	0
0.000215434	0	0	0
0.000217281	0	0	0
0.00021818	0	0	0
0.000218345	0	0	0
0.00022059	0	0	0
0.000220938	0	0	0
0.000221248	0	0	0
0.000221466	0	0	0
0.000221764	0	0	0
0.00022471	0	0	0
0.000225601	0	0	0
0.000226233	0	0	0
0.000226833	0	0	0
0.000227714	0	0	0
0.000228116	0	0	0
0.000229041	0	0	0
0.000229095	0	0	0
0.000229663	0	0	0
0.000231891	0	0	0
0.000232304	0	0	0
0.000233565	0	0	0
0.00023399	0	0	0
0.000235106	0	0	0
0.000235242	0	0	0
0.000235633	0	0	0
0.000236477	0	0	0
0.000237692	0	0	0
0.00024166	0	0	0
0.000242496	0	0	0
0.000242986	0	0	0
0.000243162	0	0	0
0.000246243	0	0	0
0.000246796	0	0	0
0.000247315	0	0	0
0.000251215	0	0	0
0.000252518	0	0	0
0.000252633	0	0	0
0.000254198	0	0	0
0.000256418	0	0	0
0.000256513	0	0	0
0.000256551	0	0	0
0.000257812	0	0	0
0.000258529	0	0	0
0.000258975	0	0	0
0.000265211	0	0	0
0.00026675	0	0	0
0.000267237	0	0	0
0.000269059	0	0	0
0.000270639	0	0	0
0.000271919	0	0	0
0.000272085	0	0	0
0.000272831	0	0	0
0.000272913	0	0	0
0.000275735	0	0	0
0.000275835	0	0	0
0.000276908	0	0	0
0.000278988	0	0	0
0.000279993	0	0	0
0.000282324	0	0	0
0.000284846	0	0	0
0.000286409	0	0	0
0.000288229	0	0	0
0.000290064	0	0	0
0.000290289	0	0	0
0.000291132	0	0	0
0.000292533	0	0	0
0.000296066	0	0	0
0.000296672	0	0	0
0.000300645	0	0	0
0.000301092	0	0	0
0.000301964	0	0	0
0.000302642	0	0	0
0.000303183	0	0	0
0.000306205	0	0	0
0.000306736	0	0	0
0.000306973	0	0	0
0.000308162	0	0	0
0.000308195	0	0	0
0.000311663	0	0	0
0.000313233	0	0	0
0.000313551	0	0	0
0.00031906	0	0	0
0.000319276	0	0	0
0.000319929	0	0	0
0.000319935	0	0	0
0.000321754	0	0	0
0.000322089	0	0	0
0.000328499	0	0	0
0.000329268	0	0	0
0.000329612	0	0	0
0.000329963	0	0	0
0.000331486	0	0	0
0.000333888	0	0	0
0.00033628	0	0	0
0.000338303	0	0	0
0.000342547	0	0	0
0.000344441	0	0	0
0.000345393	0	0	0
0.000346607	0	0	0
0.000347196	0	0	0
0.000347546	0	0	0
0.000351119	0	0	0
0.000356677	0	0	0
0.000357775	0	0	0
0.000358371	0	0	0
0.000358891	0	0	0
0.000358997	0	0	0
0.000359854	0	0	0
0.000361319	0	0	0
0.000365149	0	0	0
0.000369756	0	0	0
0.0003716	0	0	0
0.000372638	0	0	0
0.000372868	0	0	0
0.000373347	0	0	0
0.000376445	0	0	0
0.000378225	0	0	0
0.0003877	0	0	0
0.000388013	0	0	0
0.000388019	0	0	0
0.000394716	0	0	0
0.000396783	0	0	0
0.000399934	0	0	0
0.000401097	0	0	0
0.000408433	0	0	0
0.000408632	0	0	0
0.000413301	0	0	0
0.00041348	0	0	0
0.000416009	0	0	0
0.000420749	0	0	0
0.000428211	0	0	0
0.00043015	0	0	0
0.000437035	0	0	0
0.000437751	0	0	0
0.00043796	0	0	0
0.000439861	0	0	0
0.000439898	0	0	0
0.000440059	0	0	0
0.000443969	0	0	0
0.000447167	0	0	0
0.000447436	0	0	0
0.000450697	0	0	0
0.000457347	0	0	0
0.000465669	0	0	0
0.000471187	0	0	0
0.000474143	0	0	0
0.000474181	0	0	0
0.000478712	0	0	0
0.000480474	0	0	0
0.000482062	0	0	0
0.000486325	0	0	0
0.000486739	0	0	0
0.000490302	0	0	0
0.000491682	0	0	0
0.000499359	0	0	0
0.000500205	0	0	0
0.000504218	0	0	0
0.00050754	0	0	0
0.000508121	0	0	0
0.000516115	0	0	0
0.000516499	0	0	0
0.000519301	0	0	0
0.000524397	0	0	0
0.000526509	0	0	0
0.000526831	0	0	0
0.000529653	0	0	0
0.000531874	0	0	0
0.000534169	0	0	0
0.000534592	0	0	0
0.000537918	0	0	0
0.000541109	0	0	0
0.000543684	0	0	0
0.000546374	0	0	0
0.000553086	0	0	0
0.000556744	0	0	0
0.000562492	0	0	0
0.000572101	0	0	0
0.000574649	0	0	0
0.000576122	0	0	0
0.00057856	0	0	0
0.000579264	0	0	0
0.000579943	0	0	0
0.000584597	0	0	0
0.000586963	0	0	0
0.000592795	0	0	0
0.000595458	0	0	0
0.000596259	0	0	0
0.00060054	0	0	0
0.00060331	0	0	0
0.000604024	0	0	0
0.000608752	0	0	0
0.000609715	0	0	0
0.000610378	0	0	0
0.000610488	0	0	0
0.000622264	0	0	0
0.000626078	0	0	0
0.000631153	0	0	0
0.000632068	0	0	0
0.000636178	0	0	0
0.000642622	0	0	0
0.000645962	0	0	0
0.000647216	0	0	0
0.00064749	0	0	0
0.000648301	0	0	0
0.000650841	0	0	0
0.000654154	0	0	0
0.000656501	0	0	0
0.000656761	0	0	0
0.000657445	0	0	0
0.000669834	0	0	0
0.000679327	0	0	0
0.000686343	0	0	0
0.000686896	0	0	0
0.000690092	0	0	0
0.000692477	0	0	0
0.000693257	0	0	0
0.00069614	0	0	0
0.00070661	0	0	0
0.000709466	0	0	0
0.000714987	0	0	0
0.000723652	0	0	0
0.000727332	0	0	0
0.000728637	0	0	0
0.000728812	0	0	0
0.000733025	0	0	0
0.000737362	0	0	0
0.000751266	0	0	0
0.000755327	0	0	0
0.000755517	0	0	0
0.000757364	0	0	0
0.000764617	0	0	0
0.000765851	0	0	0
0.000775935	0	0	0
0.000780527	0	0	0
0.00078247	0	0	0
0.000788729	0	0	0
0.000792945	0	0	0
0.000793063	0	0	0
0.00079375	0	0	0
0.000796659	0	0	0
0.000800463	0	0	0
0.000813574	0	0	0
0.000819913	0	0	0
0.000831758	0	0	0
0.000832311	0	0	0
0.000835008	0	0	0
0.000836726	0	0	0
0.000844583	0	0	0
0.000845918	0	0	0
0.000863606	0	0	0
0.000867519	0	0	0
0.000868975	0	0	0
0.000869183	0	0	0
0.000879973	0	0	0
0.000893804	0	0	0
0.000902148	0	0	0
0.000903262	0	0	0
0.000905808	0	0	0
0.000909647	0	0	0
0.000909922	0	0	0
0.000926611	0	0	0
0.000947693	0	0	0
0.000947769	0	0	0
0.000949044	0	0	0
0.000954686	0	0	0
0.000964957	0	0	0
0.000978037	0	0	0
0.000979684	0	0	0
0.000981388	0	0	0
0.000983953	0	0	0
0.00099	0	0	0
0.000993279	0	0	0
0.00101447	0	0	0
0.0010171	0	0	0
0.00102736	0	0	0
0.00104046	0	0	0
0.00104324	0	0	0
0.0010529	0	0	0
0.00106045	0	0	0
0.00107327	0	0	0
0.00112273	0	0	0
0.0011387	0	0	0
0.00113936	0	0	0
0.00114423	0	0	0
0.00115348	0	0	0
0.00115365	0	0	0
0.00116498	0	0	0
0.00117173	0	0	0
0.00119428	0	0	0
0.0011956	0	0	0
0.00119918	0	0	0
0.00120203	0	0	0
0.00121448	0	0	0
0.00121597	0	0	0
0.00121631	0	0	0
0.00122063	0	0	0
0.00122162	0	0	0
0.0012305	0	0	0
0.00127406	0	0	0
0.00128078	0	0	0
0.00128831	0	0	0
0.00130913	0	0	0
0.00131359	0	0	0
0.00131429	0	0	0
0.00131483	0	0	0
0.00132047	0	0	0
0.00133015	0	0	0
0.00133082	0	0	0
0.00134986	0	0	0
0.0013548	0	0	0
0.00135624	0	0	0
0.00136475	0	0	0
0.00136549	0	0	0
0.00136911	0	0	0
0.00137661	0	0	0
0.00138577	0	0	0
0.00141049	0	0	0
0.00142833	0	0	0
0.00143555	0	0	0
0.00143569	0	0	0
0.00144822	0	0	0
0.00145009	0	0	0
0.00146197	0	0	0
0.0014639	0	0	0
0.00146865	0	0	0
0.00147447	0	0	0
0.00147961	0	0	0
0.00148532	0	0	0
0.00151194	0	0	0
0.00152684	0	0	0
0.00155882	0	0	0
0.00157586	0	0	0
0.00158152	0	0	0
0.00158476	0	0	0
0.00159509	0	0	0
0.00164885	0	0	0
0.00166136	0	0	0
0.00167634	0	0	0
0.00170468	0	0	0
0.00170481	0	0	0
0.00172631	0	0	0
0.00173453	0	0	0
0.00174879	0	0	0
0.00175778	0	0	0
0.00176084	0	0	0
0.00178653	0	0	0
0.00180091	0	0	0
0.00180114	0	0	0
0.00181468	0	0	0
0.00186622	0	0	0
0.00187313	0	0	0
0.00188504	0	0	0
0.00191087	0	0	0
0.001911	0	0	0
0.00193113	0	0	0
0.00194252	0	0	0
0.0019505	0	0	0
0.0019538	0	0	0
0.00197627	0	0	0
0.00197963	0	0	0
0.00202203	0	0	0
0.00203245	0	0	0
0.00208131	0	0	0
0.00215016	0	0	0
0.00215043	0	0	0
0.00217019	0	0	0
0.00217389	0	0	0
0.00225919	0	0	0
0.00228951	0	0	0
0.00229406	0	0	0
0.00234608	0	0	0
0.00238009	0	0	0
0.00259933	0	0	0
0.00264575	0	0	0
0.00268019	0	0	0
0.00272748	0	0	0
0.00278902	0	0	0
0.00280933	0	0	0
0.00285058	0	0	0
0.00287778	0	0	0
0.00289339	0	0	0
0.00289886	0	0	0
0.00290668	0	0	0
0.00298603	0	0	0
0.00303239	0	0	0
0.00309333	0	0	0
0.00311167	0	0	0
0.00314133	0	0	0
0.00324481	0	0	0
0.00325115	0	0	0
0.00325757	0	0	0
0.00329945	0	0	0
0.00343949	0	0	0
0.00354713	0	0	0
0.0035717	0	0	0
0.00365593	0	0	0
0.00382754	0	0	0
0.0038411	0	0	0
0.00392824	0	0	0
0.00399988	0	0	0
0.00414382	0	0	0
0.00415532	0	0	0
0.00458226	0	0	0
0.00458248	0	0	0
0.00491053	0	0	0
0.00498188	0	0	0
0.00505006	0	0	0
0.00541933	0	0	0
0.0054736	0	0	0
0.00551878	0	0	0
0.00556765	0	0	0
0.00642064	0	0	0
0.00670009	0	0	0
0.00679371	0	0	0
0.00747389	0	0	0
0.00750677	0	0	0
0.00753248	0	0	0
0.00764239	0	0	0
0.00780393	0	0	0
0.00794989	0	0	0
0.00806152	0	0	0
0.00816174	0	0	0
0.00821507	0	0	0
0.00850711	0	0	0
0.0100545	0	0	0
0.0101191	0	0	0
0.0108101	0	0	0
0.0117596	0	0	0
0.012011	0	0	0
0.0126141	0	0	0
0.0126667	0	0	0
0.0129843	0	0	0
0.0149873	0	0	0
0.0154734	0	0	0
0.0155488	0	0	0
0.0305845	0	0	0
0.0311645	0	0	0
0.0317376	0	0	0.250941
0.0344091	0.0412541	0.0825083	0.250941
0.0387152	0.123762	0	0.250941
0.0713328	0.123762	0	0.250941
0.0762551	0.123762	0	0.376412
0.0781608	0.123762	0	0.501882
0.0792087	0.165017	0.0825083	0.501882
0.0796558	0.247525	0	0.501882
0.080529	0.247525	0.165017	0.501882
0.0824701	0.330033	0.0825083	0.501882
0.101831	0.412541	0	0.501882
0.113082	0.412541	0	0.627353
0.11519	0.453795	0.0825083	0.627353
0.117524	0.536304	0	0.627353
0.118221	0.536304	0.165017	0.627353
0.118927	0.618812	0.0825083	0.627353
0.121164	0.618812	0.0825083	0.627353
0.123641	0.70132	0	0.627353
0.124704	0.742574	0.0825083	0.627353
0.140625	0.825082	0	0.627353
0.141598	0.825082	0	0.752823
0.156072	0.825082	0	0.752823
0.159224	0.866337	0.0825083	0.752823
0.161379	0.948845	0	0.752823
0.172894	0.948845	0	0.878294
0.173276	0.948845	0.0825083	0.878294
0.178307	1.03135	0	0.878294
0.180302	1.07261	0.0825083	0.878294
0.2365	1.15512	0	0.878294
0.253333	1.15512	0	1.00376
0.253844	1.19637	0.0825083	1.00376
0.254049	1.19637	0.247525	1.00376
0.25422	1.27888	0.165017	1.00376
0.25466	1.36139	0.0825083	1.00376
0.305844	1.44389	0	1.00376
0.307963	1.48515	0.0825083	1.00376
0.319512	1.56766	0	1.00376
0.320063	1.60891	0.0825083	1.00376
0.323872	1.69142	0	1.00376
0.376	1.69142	0	1.12923
0.402045	1.69142	0	1.12923
0.405247	1.69142	0	1.12923
0.407169	1.69142	0	1.12923
0.433879	1.69142	0	1.12923
0.435581	1.69142	0.0825083	1.12923
0.438037	1.77393	0	1.12923
0.443124	1.81518	0.0825083	1.12923
0.446586	1.81518	0.0825083	1.12923
0.448318	1.89769	0	1.12923
0.450653	1.89769	0.0825083	1.12923
0.459652	1.9802	0	1.12923
0.460548	2.02145	0.0825083	1.12923
0.479604	2.10396	0	1.12923
0.480148	2.14521	0.0825083	1.12923
0.48116	2.14521	0.0825083	1.12923
0.527372	2.22772	0	1.12923
0.540305	2.22772	0	1.25471
0.543643	2.22772	0	1.38018
0.546746	2.26898	0.0825083	1.38018
0.551417	2.35149	0	1.38018
0.55151	2.39274	0.0825083	1.38018
0.576053	2.47525	0	1.38018
0.584271	2.47525	0	1.50565
0.586777	2.47525	0.0825083	1.50565
0.586823	2.47525	0.247525	1.50565
0.590894	2.55776	0.165017	1.50565
0.594617	2.64026	0.0825083	1.50565
0.611887	2.72277	0	1.50565
0.626546	2.72277	0	1.50565
0.633278	2.72277	0	1.50565
0.633327	2.72277	0.165017	1.50565
0.635484	2.80528	0.0825083	1.50565
0.656163	2.88779	0	1.50565
0.656461	2.88779	0.0825083	1.50565
0.660482	2.9703	0	1.50565
0.692716	2.9703	0	1.50565
0.694662	2.9703	0	1.50565
0.695168	2.9703	0.0825083	1.50565
0.697446	3.05281	0	1.50565
0.724546	3.05281	0	1.50565
0.733007	3.05281	0	1.63112
0.758355	3.05281	0	1.75659
0.76023	3.05281	0	1.75659
0.762531	3.05281	0	1.88206
0.768632	3.05281	0	1.88206
0.778562	3.05281	0	2.00753
0.779312	3.09406	0.0825083	2.00753
0.790185	3.17657	0	2.00753
0.79124	3.21782	0.0825083	2.00753
0.79316	3.21782	0.0825083	2.133
0.794808	3.30033	0	2.133
0.795984	3.30033	0	2.133
0.796646	3.30033	0.165017	2.133
0.79729	3.30033	0.165017	2.25847
0.799477	3.38284	0.0825083	2.25847
0.806474	3.46535	0	2.25847
0.81238	3.46535	0	2.25847
0.829011	3.46535	0	2.25847
0.840822	3.46535	0	2.25847
0.842168	3.5066	0.0825083	2.25847
0.848321	3.58911	0	2.25847
0.849636	3.58911	0.0825083	2.25847
0.875089	3.67162	0	2.25847
0.912145	3.67162	0	2.38394
0.912346	3.67162	0.165017	2.38394
0.914559	3.75413	0.0825083	2.38394
0.922896	3.83663	0	2.38394
0.962318	3.83663	0	2.38394
0.990502	3.83663	0	2.50941
1.01068	3.83663	0	2.50941
1.01239	3.83663	0.165017	2.50941
1.01287	3.91914	0.0825083	2.50941
1.01531	4.00165	0	2.50941
1.02342	4.00165	0	2.63488
1.02463	4.00165	0.165017	2.63488
1.02496	4.08416	0.0825083	2.63488
1.04298	4.16667	0	2.63488
1.06191	4.16667	0	2.63488
1.06274	4.16667	0.165017	2.63488
1.06337	4.24918	0.0825083	2.63488
1.08944	4.33168	0	2.63488
1.08967	4.33168	0.165017	2.63488
1.09107	4.41419	0.0825083	2.63488
1.17381	4.4967	0	2.63488
1.21357	4.4967	0	2.76035
1.21709	4.4967	0	2.76035
1.23169	4.4967	0	2.88582
1.23402	4.4967	0.0825083	2.88582
1.28014	4.57921	0	2.88582
1.28015	4.57921	0.165017	2.88582
1.28032	4.66172	0.0825083	2.88582
1.28407	4.74422	0	2.88582
1.29657	4.74422	0	3.01129
1.29755	4.78548	0.0825083	3.01129
1.30902	4.86799	0	3.01129
1.33802	4.86799	0	3.01129
1.35322	4.86799	0	3.13676
1.35442	4.86799	0	3.26223
1.35531	4.86799	0.165017	3.26223
1.35562	4.9505	0.0825083	3.26223
1.39037	5.033	0	3.26223
1.39805	5.033	0	3.26223
1.40585	5.033	0	3.3877
1.4105	5.07426	0.0825083	3.3877
1.41563	5.15677	0	3.3877
1.41617	5.19802	0.0825083	3.3877
1.43924	5.28053	0	3.3877
1.44801	5.28053	0	3.51317
1.4577	5.28053	0	3.51317
1.45943	5.32178	0.0825083	3.51317
1.46081	5.40429	0	3.51317
1.46166	5.44554	0.0825083	3.51317
1.46285	5.44554	0.0825083	3.63864
1.46485	5.52805	0	3.63864
1.51365	5.52805	0	3.76412
1.51399	5.52805	0.0825083	3.76412
1.5143	5.56931	0.165017	3.76412
1.52279	5.65182	0.0825083	3.76412
1.53414	5.73432	0	3.76412
1.59603	5.73432	0	3.88959
1.68359	5.73432	0	3.88959
1.69347	5.73432	0	4.01506
1.70037	5.73432	0	4.14053
1.70048	5.73432	0	4.14053
1.70052	5.73432	0	4.266
1.70707	5.73432	0	4.39147
1.73254	5.73432	0	4.39147
1.75734	5.73432	0	4.51694
1.78375	5.73432	0	4.64241
1.79649	5.73432	0	4.76788
1.80916	5.73432	0	4.76788
1.80933	5.73432	0.165017	4.76788
1.81062	5.81683	0.0825083	4.76788
1.84856	5.89934	0	4.76788
1.85518	5.94059	0.0825083	4.76788
1.8563	6.0231	0	4.76788
1.85733	6.06436	0.0825083	4.76788
1.87868	6.14686	0	4.76788
1.89867	6.14686	0	4.89335
1.89883	6.14686	0.165017	4.89335
1.89929	6.22937	0.0825083	4.89335
1.8994	6.22937	0.0825083	5.01882
1.89963	6.22937	0.0825083	5.14429
1.9174	6.31188	0	5.14429
1.91758	6.31188	0.165017	5.14429
1.91786	6.39439	0.0825083	5.14429
1.92137	6.4769	0	5.14429
1.92305	6.4769	0.165017	5.14429
1.92566	6.55941	0.0825083	5.14429
1.93674	6.64191	0	5.14429
1.93821	6.64191	0	5.26976
1.93843	6.64191	0.165017	5.26976
1.94184	6.72442	0.0825083	5.26976
1.95692	6.80693	0	5.26976
1.96031	6.80693	0	5.26976
1.96068	6.80693	0.165017	5.26976
1.96222	6.88944	0.0825083	5.26976
1.97208	6.97195	0	5.26976
1.97752	7.0132	0.0825083	5.26976
1.9917	7.09571	0	5.26976
2.00512	7.09571	0	5.39523
2.00515	7.13696	0.0825083	5.39523
2.00518	7.17822	0.165017	5.39523
2.00879	7.26073	0.0825083	5.39523
2.00902	7.34323	0	5.39523
2.02514	7.34323	0	5.5207
2.02565	7.34323	0.0825083	5.5207
2.04208	7.42574	0	5.5207
2.06353	7.42574	0	5.5207
2.07084	7.42574	0	5.64617
2.07736	7.42574	0	5.64617
2.16389	7.42574	0	5.77164
2.17327	7.42574	0	5.89711
2.17674	7.42574	0	6.02258
2.18112	7.42574	0	6.14806
2.18113	7.42574	0.165017	6.14806
2.18519	7.50825	0.0825083	6.14806
2.18704	7.59076	0	6.14806
2.21463	7.59076	0	6.27353
2.23442	7.59076	0	6.27353
2.24574	7.59076	0	6.27353
2.24586	7.59076	0	6.27353
2.24802	7.63201	0.0825083	6.27353
2.28289	7.71452	0	6.27353
2.29626	7.71452	0	6.27353
2.29662	7.75578	0.0825083	6.27353
2.32831	7.83828	0	6.27353
2.36079	7.83828	0	6.399
2.36434	7.87954	0.0825083	6.399
2.49163	7.96205	0	6.399
2.53682	7.96205	0	6.52447
2.54008	7.96205	0	6.52447
2.60349	7.96205	0	6.64994
2.60392	7.96205	0.165017	6.64994
2.60748	8.04455	0.0825083	6.64994
2.62068	8.12706	0	6.64994
2.63956	8.12706	0	6.77541
2.64444	8.12706	0	6.77541
2.64511	8.16832	0.0825083	6.77541
2.66688	8.25082	0	6.77541
2.70606	8.25082	0	6.77541
2.71932	8.25082	0	6.77541
2.71961	8.25082	0.0825083	6.77541
2.72352	8.33333	0	6.77541
2.74959	8.33333	0	6.90088
2.7501	8.37459	0.0825083	6.90088
2.75373	8.4571	0	6.90088
2.75411	8.4571	0.0825083	6.90088
2.75458	8.5396	0	6.90088
2.77984	8.5396	0	6.90088
2.79808	8.5396	0	7.02635
2.7983	8.58086	0.0825083	7.02635
2.8029	8.66337	0	7.02635
2.81239	8.66337	0	7.15182
2.81581	8.66337	0	7.27729
2.82018	8.70462	0.0825083	7.27729
2.82725	8.78713	0	7.27729
2.82849	8.78713	0	7.40276
2.82939	8.78713	0	7.52823
2.82974	8.82838	0.0825083	7.52823
2.83165	8.82838	0.0825083	7.52823
2.85325	8.91089	0	7.52823
2.85499	8.91089	0.165017	7.52823
2.85813	8.9934	0.0825083	7.52823
2.86808	9.07591	0	7.52823
2.87705	9.07591	0	7.6537
2.92411	9.07591	0	7.77917
2.92435	9.07591	0.165017	7.77917
2.92535	9.15842	0.0825083	7.77917
2.9287	9.24092	0	7.77917
2.92995	9.28218	0.0825083	7.77917
2.93788	9.36469	0	7.77917
2.98289	9.36469	0	7.90464
3.00499	9.36469	0	8.03011
3.00499	9.40594	0.0825083	8.03011
3.00978	9.48845	0	8.03011
3.03536	9.48845	0	8.15558
3.03657	9.48845	0.0825083	8.15558
3.03901	9.57096	0	8.15558
3.05376	9.57096	0	8.28105
3.06451	9.57096	0	8.40652
3.06555	9.57096	0	8.53199
3.079	9.57096	0	8.65747
3.07942	9.61221	0.0825083	8.65747
3.08232	9.69472	0	8.65747
3.08646	9.69472	0	8.78294
3.08771	9.73597	0.0825083	8.78294
3.09538	9.81848	0	8.78294
3.10916	9.81848	0	8.90841
3.1112	9.81848	0.0825083	8.90841
3.12976	9.90099	0	8.90841
3.15355	9.90099	0	9.03388
3.15365	9.90099	0.165017	9.03388
3.15486	9.9835	0.0825083	9.03388
3.16856	10.066	0	9.03388
3.17451	10.066	0	9.15935
3.1885	10.066	0	9.28482
3.19069	10.066	0.0825083	9.28482
3.19072	10.066	0.247525	9.28482
3.19099	10.1485	0.165017	9.28482
3.19231	10.231	0.0825083	9.28482
3.21171	10.3135	0	9.28482
3.2127	10.3135	0	9.28482
3.21801	10.3135	0	9.41029
3.221	10.3548	0.0825083	9.41029
3.22825	10.4373	0	9.41029
3.22826	10.4373	0	9.53576
3.22977	10.4785	0.0825083	9.53576
3.23158	10.4785	0.0825083	9.53576
3.23217	10.5611	0	9.53576
3.23243	10.5611	0.165017	9.53576
3.2331	10.6436	0.0825083	9.53576
3.23458	10.7261	0	9.53576
3.24518	10.7261	0	9.66123
3.25952	10.7261	0	9.66123
3.27269	10.7261	0	9.7867
3.32231	10.7261	0	9.91217
3.34356	10.7261	0	10.0376
3.34395	10.7261	0.165017	10.0376
3.34432	10.8086	0.0825083	10.0376
3.38217	10.8911	0	10.0376
3.40421	10.8911	0	10.0376
3.41272	10.8911	0	10.1631
3.41483	10.8911	0	10.2886
3.44372	10.8911	0	10.2886
3.44501	10.9323	0.0825083	10.2886
3.45787	11.0149	0	10.2886
3.45812	11.0149	0.165017	10.2886
3.45953	11.0974	0.0825083	10.2886
3.4624	11.1799	0	10.2886
3.49231	11.1799	0	10.4141
3.49724	11.1799	0	10.5395
3.49753	11.1799	0.0825083	10.5395
3.52626	11.2624	0	10.5395
3.53014	11.2624	0	10.5395
3.53417	11.2624	0	10.665
3.54704	11.2624	0	10.665
3.56245	11.2624	0	10.7905
3.56333	11.2624	0.165017	10.7905
3.56529	11.3449	0.0825083	10.7905
3.57375	11.4274	0	10.7905
3.5785	11.4274	0	10.9159
3.58796	11.4274	0	11.0414
3.60856	11.4274	0	11.1669
3.60939	11.4686	0.0825083	11.1669
3.62912	11.5512	0	11.1669
3.63398	11.5512	0	11.2923
3.64468	11.5512	0	11.4178
3.68344	11.5512	0	11.5433
3.69717	11.5512	0	11.6688
3.70374	11.5512	0	11.7942
3.71077	11.5512	0	11.7942
3.72342	11.5512	0	11.9197
3.75035	11.5512	0	12.0452
3.80032	11.5512	0	12.1706
3.80275	11.5512	0	12.2961
3.81002	11.5512	0	12.4216
3.81355	11.5512	0	12.5471
3.8192	11.5512	0.0825083	12.5471
3.82177	11.6337	0	12.5471
3.82439	11.6749	0.0825083	12.5471
3.82947	11.7574	0	12.5471
3.82976	11.7987	0.0825083	12.5471
3.87473	11.8812	0	12.5471
3.90805	11.8812	0	12.5471
3.90808	11.9224	0.0825083	12.5471
3.92236	12.005	0	12.5471
3.9285	12.005	0	12.6725
3.93203	12.005	0	12.6725
3.97457	12.005	0	12.798
3.97549	12.005	0.0825083	12.798
3.98285	12.0875	0	12.798
3.98383	12.0875	0	12.9235
3.98461	12.1287	0.0825083	12.9235
3.98518	12.1287	0.0825083	13.0489
4.01093	12.2112	0	13.0489
4.01193	12.2112	0.0825083	13.0489
4.03136	12.2937	0	13.0489
4.039	12.2937	0	13.0489
4.04013	12.335	0.0825083	13.0489
4.059	12.4175	0	13.0489
4.07496	12.4175	0	13.0489
4.08963	12.4175	0	13.1744
4.09058	12.4175	0	13.1744
4.09767	12.4587	0.0825083	13.1744
4.1156	12.5413	0	13.1744
4.11821	12.5413	0	13.2999
4.15693	12.5413	0	13.4253
4.15696	12.5825	0.0825083	13.4253
4.18077	12.665	0	13.4253
4.18798	12.665	0	13.5508
4.18831	12.665	0.0825083	13.5508
4.20338	12.7475	0	13.5508
4.20499	12.7475	0	13.6763
4.21414	12.7475	0	13.8018
4.24361	12.7475	0	13.9272
4.24472	12.7475	0.165017	13.9272
4.24594	12.83	0.0825083	13.9272
4.27063	12.9125	0	13.9272
4.30675	12.9125	0	14.0527
4.32242	12.9125	0	14.1782
4.32694	12.9125	0	14.1782
4.33153	12.9125	0	14.3036
4.33156	12.9125	0.165017	14.3036
4.3323	12.995	0.0825083	14.3036
4.33347	12.995	0.0825083	14.4291
4.34466	13.0776	0	14.4291
4.34878	13.0776	0	14.5546
4.35196	13.0776	0	14.68
4.35275	13.0776	0.165017	14.68
4.35401	13.1601	0.0825083	14.68
4.35987	13.2426	0	14.68
4.36118	13.2426	0.165017	14.68
4.36349	13.3251	0.0825083	14.68
4.36485	13.4076	0	14.68
4.37394	13.4076	0	14.931
4.37533	13.4076	0.165017	14.931
4.37695	13.4901	0.0825083	14.931
4.37878	13.4901	0.0825083	14.931
4.38665	13.5726	0	14.931
4.38854	13.6139	0.0825083	14.931
4.44952	13.6964	0	14.931
4.45175	13.6964	0.0825083	14.931
4.46529	13.7789	0	14.931
4.46772	13.7789	0	15.0565
4.47682	13.7789	0	15.0565
4.48428	13.7789	0	15.1819
4.49744	13.7789	0	15.3074
4.50587	13.7789	0	15.5583
4.52114	13.7789	0	15.6838
4.52175	13.7789	0	15.8093
4.52209	13.8201	0.0825083	15.8093
4.52403	13.9026	0	15.8093
4.57003	13.9026	0	15.9348
4.57051	13.9026	0.165017	15.9348
4.57061	13.9851	0.0825083	15.9348
4.59258	14.0677	0	15.9348
4.59328	14.1089	0.0825083	15.9348
4.59599	14.1914	0	15.9348
4.59727	14.2327	0.0825083	15.9348
4.60806	14.3152	0	15.9348
4.62392	14.3152	0	16.0602
4.6259	14.3564	0.0825083	16.0602
4.62914	14.4389	0	16.0602
4.62915	14.4389	0.0825083	16.0602
4.64211	14.5215	0	16.0602
4.64312	14.5215	0.0825083	16.0602
4.64773	14.604	0	16.0602
4.65103	14.6452	0.0825083	16.0602
4.65388	14.7277	0	16.0602
4.65593	14.769	0.0825083	16.0602
4.68338	14.8515	0	16.0602
4.68374	14.8927	0.0825083	16.0602
4.68761	14.9752	0	16.0602
4.69068	14.9752	0	16.1857
4.69498	15.0165	0.0825083	16.1857
4.69749	15.099	0	16.1857
4.71956	15.099	0	16.4366
4.7245	15.1403	0.0825083	16.4366
4.75912	15.2228	0	16.4366
4.75993	15.2228	0.0825083	16.4366
4.76299	15.3053	0	16.4366
4.7797	15.3053	0	16.5621
4.82041	15.3053	0	16.6876
4.82949	15.3053	0	16.813
4.83094	15.3465	0.0825083	16.813
4.8311	15.429	0	16.813
4.83461	15.429	0	16.9385
4.87829	15.429	0	17.064
4.91246	15.429	0	17.064
4.93299	15.429	0	17.1895
4.94227	15.429	0	17.3149
4.94843	15.429	0	17.4404
5.02492	15.429	0	17.4404
5.02581	15.429	0	17.5659
5.02862	15.4703	0.0825083	17.5659
5.02883	15.5116	0.165017	17.5659
5.029	15.5941	0.0825083	17.5659
5.05878	15.6766	0	17.5659
5.06269	15.6766	0.165017	17.5659
5.06383	15.7591	0.0825083	17.5659
5.08117	15.8416	0	17.5659
5.08355	15.8416	0	17.6913
5.08663	15.8828	0.0825083	17.6913
5.10203	15.9653	0	17.6913
5.10914	15.9653	0	17.6913
5.11206	15.9653	0	17.8168
5.11788	15.9653	0	17.9423
5.21772	15.9653	0	18.0678
5.2192	15.9653	0	18.1932
5.26053	15.9653	0	18.3187
5.26138	15.9653	0.165017	18.3187
5.26645	16.0479	0.0825083	18.3187
5.29564	16.1304	0	18.3187
5.3174	16.1304	0	18.4442
5.31755	16.1304	0.165017	18.4442
5.32222	16.2129	0.0825083	18.4442
5.33678	16.2954	0	18.4442
5.34362	16.3366	0.0825083	18.4442
5.34843	16.4191	0	18.4442
5.35239	16.4191	0.0825083	18.4442
5.36558	16.5016	0	18.4442
5.40069	16.5016	0	18.4442
5.40556	16.5016	0	18.5696
5.41224	16.5016	0	18.6951
5.41415	16.5429	0.0825083	18.6951
5.46683	16.6254	0	18.6951
5.47772	16.6254	0	18.8206
5.47836	16.6667	0.0825083	18.8206
5.4971	16.7492	0	18.8206
5.5016	16.7492	0.0825083	18.8206
5.50952	16.8317	0	18.8206
5.51961	16.8317	0	18.946
5.52013	16.8317	0.165017	18.946
5.52121	16.9142	0.0825083	18.946
5.54003	16.9967	0	18.946
5.60444	16.9967	0	19.0715
5.6056	17.038	0.0825083	19.0715
5.62602	17.1205	0	19.0715
5.65644	17.1205	0	19.3225
5.70861	17.1205	0	19.4479
5.73138	17.1205	0	19.5734
5.75328	17.1205	0	19.5734
5.75403	17.1205	0.0825083	19.5734
5.78556	17.203	0	19.5734
5.82468	17.203	0	19.6989
5.83359	17.203	0	19.8243
5.83543	17.2442	0.0825083	19.8243
5.84232	17.3267	0	19.8243
5.91008	17.3267	0	19.8243
5.91028	17.3267	0	19.9498
5.91978	17.3267	0	19.9498
5.91993	17.368	0.0825083	19.9498
5.93395	17.4505	0	19.9498
5.97031	17.4505	0	20.0753
5.97038	17.4505	0.165017	20.0753
5.97082	17.533	0.0825083	20.0753
5.97162	17.6155	0	20.0753
5.9877	17.6155	0	20.2008
6.00653	17.6155	0	20.3262
6.02986	17.6155	0	20.4517
6.03256	17.6155	0.0825083	20.4517
6.06416	17.698	0	20.4517
6.06464	17.698	0.165017	20.4517
6.06505	17.7805	0.0825083	20.4517
6.08854	17.863	0	20.4517
6.08906	17.863	0	20.5772
6.08937	17.9043	0.0825083	20.5772
6.10124	17.9868	0	20.5772
6.10303	17.9868	0.0825083	20.5772
6.11126	18.0693	0	20.5772
6.11494	18.0693	0	20.7026
6.14374	18.0693	0	20.8281
6.14757	18.0693	0	20.9536
6.17394	18.0693	0	21.079
6.17453	18.0693	0.165017	21.079
6.17506	18.1518	0.0825083	21.079
6.20633	18.2343	0	21.079
6.20647	18.2343	0.165017	21.079
6.20713	18.3168	0.0825083	21.079
6.20835	18.3993	0	21.079
6.20872	18.3993	0	21.2045
6.20966	18.3993	0.0825083	21.2045
6.21458	18.4818	0	21.2045
6.22146	18.4818	0	21.2045
6.22272	18.5231	0.0825083	21.2045
6.22399	18.6056	0	21.2045
6.26785	18.6056	0	21.33
6.2709	18.6056	0	21.4555
6.27174	18.6056	0.0825083	21.4555
6.27749	18.6881	0	21.4555
6.28194	18.6881	0	21.4555
6.29605	18.6881	0	21.5809
6.2971	18.7294	0.0825083	21.5809
6.30443	18.8119	0	21.5809
6.38039	18.8119	0	21.7064
6.43063	18.8119	0	21.8319
6.43737	18.8119	0	21.8319
6.44813	18.8119	0.0825083	21.8319
6.51419	18.8944	0	21.8319
6.52567	18.8944	0	21.9573
6.54452	18.8944	0	21.9573
6.56742	18.8944	0	22.0828
6.56772	18.9356	0.0825083	22.0828
6.5683	18.9769	0.165017	22.0828
6.56966	19.0594	0.0825083	22.0828
6.57127	19.1419	0	22.0828
6.57267	19.1832	0.0825083	22.0828
6.61465	19.2657	0	22.0828
6.61654	19.2657	0.165017	22.0828
6.61706	19.3482	0.0825083	22.0828
6.63647	19.4307	0	22.0828
6.65468	19.4307	0	22.0828
6.6557	19.4307	0.0825083	22.0828
6.6629	19.5132	0	22.0828
6.67401	19.5132	0	22.2083
6.70223	19.5132	0	22.3338
6.70957	19.5132	0	22.4592
6.71083	19.5545	0.0825083	22.4592
6.73263	19.637	0	22.4592
6.739	19.637	0	22.7102
6.76467	19.637	0	22.8356
6.76599	19.6782	0.0825083	22.8356
6.7867	19.7607	0	22.8356
6.78778	19.7607	0.165017	22.8356
6.79072	19.8432	0.0825083	22.8356
6.79184	19.9257	0	22.8356
6.79195	19.967	0.0825083	22.8356
6.84659	20.0495	0	22.8356
6.85147	20.0495	0	22.9611
6.85309	20.0495	0	23.0866
6.85322	20.0908	0.0825083	23.0866
6.85484	20.132	0.165017	23.0866
6.85494	20.2145	0.0825083	23.0866
6.90124	20.297	0	23.0866
6.90161	20.297	0.0825083	23.0866
6.91858	20.3795	0	23.0866
6.92316	20.3795	0	23.0866
6.9255	20.4208	0.0825083	23.0866
6.92691	20.5033	0	23.0866
6.92894	20.5446	0.0825083	23.0866
6.92951	20.6271	0	23.0866
6.93208	20.6683	0.0825083	23.0866
6.97412	20.7508	0	23.0866
6.97493	20.7508	0.165017	23.0866
6.97541	20.8333	0.0825083	23.0866
7.0286	20.9158	0	23.0866
7.03942	20.9158	0	23.212
7.04103	20.9571	0.0825083	23.212
7.09474	21.0396	0	23.212
7.09538	21.0396	0.0825083	23.212
7.10287	21.1221	0	23.212
7.13563	21.1221	0	23.3375
7.15438	21.1221	0	23.463
7.15467	21.1634	0.0825083	23.463
7.16238	21.2459	0	23.463
7.20445	21.2459	0	23.5885
7.21931	21.2459	0	23.7139
7.22159	21.2871	0.0825083	23.7139
7.24859	21.3696	0	23.7139
7.2486	21.3696	0.165017	23.7139
7.24942	21.4521	0.0825083	23.7139
7.25864	21.5347	0	23.7139
7.25874	21.5347	0.0825083	23.7139
7.26228	21.6172	0	23.7139
7.2693	21.6172	0	23.7139
7.2861	21.6172	0	23.9649
7.28754	21.6584	0.0825083	23.9649
7.37281	21.7409	0	23.9649
7.37318	21.7822	0.0825083	23.9649
7.37821	21.8647	0	23.9649
7.43878	21.8647	0	24.0903
7.46013	21.8647	0	24.2158
7.46041	21.8647	0	24.2158
7.47172	21.8647	0	24.3413
7.47559	21.8647	0	24.3413
7.48387	21.8647	0	24.4668
7.48577	21.9059	0.0825083	24.4668
7.49553	21.9884	0	24.4668
7.51246	21.9884	0	24.5922
7.52152	21.9884	0	24.7177
7.52153	22.0297	0.0825083	24.7177
7.53167	22.1122	0	24.7177
7.5386	22.1122	0	24.8432
7.53906	22.1122	0.0825083	24.8432
7.54584	22.1947	0	24.8432
7.55703	22.1947	0	24.9686
7.56833	22.1947	0	25.0941
7.56985	22.236	0.0825083	25.0941
7.57794	22.3185	0	25.0941
7.59211	22.3185	0	25.2196
7.59938	22.3185	0	25.345
7.63843	22.3185	0	25.345
7.63898	22.3185	0.0825083	25.345
7.64337	22.401	0	25.345
7.66447	22.401	0	25.345
7.66453	22.4422	0.0825083	25.345
7.68782	22.5248	0	25.345
7.68805	22.5248	0	25.345
7.7044	22.5248	0	25.4705
7.70579	22.5248	0	25.596
7.74302	22.5248	0	25.7215
7.74555	22.5248	0	25.8469
7.74563	22.5248	0.165017	25.8469
7.74595	22.6073	0.0825083	25.8469
7.77629	22.6898	0	25.8469
7.7779	22.6898	0	25.9724
7.77892	22.6898	0	26.0979
7.79318	22.6898	0	26.2233
7.80567	22.6898	0	26.2233
7.80649	22.6898	0.165017	26.2233
7.80698	22.7723	0.0825083	26.2233
7.83424	22.8548	0	26.2233
7.83518	22.896	0.0825083	26.2233
7.84752	22.9785	0	26.2233
7.85427	23.0198	0.0825083	26.2233
7.87567	23.1023	0	26.2233
7.88239	23.1023	0	26.3488
7.88363	23.1023	0.165017	26.3488
7.88584	23.1848	0.0825083	26.3488
7.95303	23.2673	0	26.3488
7.95524	23.3086	0.0825083	26.3488
7.97544	23.3911	0	26.3488
7.97583	23.3911	0.165017	26.3488
7.97678	23.4736	0.0825083	26.3488
7.98211	23.5561	0	26.3488
8.00371	23.5561	0	26.5997
8.00541	23.5561	0	26.5997
8.04749	23.5561	0	26.7252
8.08287	23.5561	0	26.8507
8.08384	23.5974	0.0825083	26.8507
8.13606	23.6799	0	26.8507
8.13694	23.6799	0	26.9762
8.138	23.7211	0.0825083	26.9762
8.13828	23.7211	0.0825083	27.1016
8.14644	23.8036	0	27.1016
8.14901	23.8036	0	27.2271
8.14936	23.8449	0.0825083	27.2271
8.15398	23.9274	0	27.2271
8.20959	23.9274	0	27.3526
8.20971	23.9274	0.165017	27.3526
8.21029	24.0099	0.0825083	27.3526
8.22338	24.0924	0	27.3526
8.249	24.0924	0	27.478
8.25127	24.0924	0.0825083	27.478
8.25206	24.1749	0	27.478
8.2644	24.1749	0	27.478
8.26744	24.2162	0.0825083	27.478
8.28134	24.2987	0	27.478
8.31874	24.2987	0	27.6035
8.32151	24.2987	0.0825083	27.6035
8.3244	24.3812	0	27.6035
8.33365	24.3812	0	27.729
8.33985	24.3812	0	27.8545
8.35263	24.3812	0	27.9799
8.35373	24.3812	0.165017	27.9799
8.35417	24.4637	0.0825083	27.9799
8.37083	24.5462	0	27.9799
8.37409	24.5462	0.0825083	27.9799
8.38367	24.6287	0	27.9799
8.44002	24.6287	0	28.1054
8.45576	24.6287	0	28.1054
8.45929	24.67	0.0825083	28.1054
8.48568	24.7525	0	28.1054
8.49477	24.7525	0	28.2309
8.496	24.7937	0.0825083	28.2309
8.49668	24.835	0.165017	28.2309
8.4972	24.9175	0.0825083	28.2309
8.56475	25	0	28.2309
8.56742	25	0.0825083	28.2309
8.60964	25.0825	0	28.2309
8.61797	25.0825	0	28.3563
8.61809	25.0825	0.0825083	28.3563
8.63928	25.165	0	28.3563
8.64275	25.165	0	28.4818
8.64355	25.165	0.0825083	28.4818
8.64955	25.2475	0	28.4818
8.6841	25.2475	0	28.6073
8.72068	25.2475	0	28.7327
8.72732	25.2475	0	28.8582
8.72813	25.2888	0.0825083	28.8582
8.72979	25.3713	0	28.8582
8.7341	25.3713	0	29.1092
8.7572	25.3713	0	29.2346
8.75803	25.4125	0.0825083	29.2346
8.76517	25.4951	0	29.2346
8.76738	25.4951	0.0825083	29.2346
8.80982	25.5776	0	29.2346
8.81282	25.5776	0.165017	29.2346
8.81377	25.6601	0.0825083	29.2346
8.81661	25.7426	0	29.2346
8.81913	25.7426	0	29.3601
8.82954	25.7426	0	29.4856
8.84598	25.7426	0	29.4856
8.84798	25.7838	0.0825083	29.4856
8.85681	25.8663	0	29.4856
8.85859	25.9076	0.0825083	29.4856
8.85971	25.9076	0.247525	29.4856
8.85994	25.9901	0.165017	29.4856
8.85996	26.0726	0.0825083	29.4856
8.86148	26.1551	0	29.4856
8.8618	26.1964	0.0825083	29.4856
8.87996	26.2789	0	29.4856
8.88221	26.2789	0.0825083	29.4856
8.885	26.3614	0	29.4856
8.88652	26.4026	0.0825083	29.4856
8.93079	26.4851	0	29.4856
8.94512	26.4851	0	29.611
8.94532	26.5264	0.0825083	29.611
8.94637	26.6089	0	29.611
8.96261	26.6089	0	29.7365
8.96665	26.6089	0	29.862
8.98662	26.6089	0	29.9875
9.06065	26.6089	0	30.1129
9.06268	26.6089	0	30.2384
9.08744	26.6089	0	30.3639
9.0884	26.6502	0.0825083	30.3639
9.089	26.7327	0	30.3639
9.09093	26.7327	0.165017	30.3639
9.09139	26.8152	0.0825083	30.3639
9.09924	26.8977	0	30.3639
9.12134	26.8977	0	30.4893
9.13869	26.8977	0	30.6148
9.1391	26.9389	0.0825083	30.6148
9.20895	27.0215	0	30.6148
9.27448	27.0215	0	30.7403
9.27719	27.0215	0	30.8657
9.29805	27.0215	0	30.9912
9.33215	27.0215	0	31.1167
9.33599	27.0215	0	31.1167
9.37807	27.0215	0	31.2422
9.38721	27.0215	0	31.3676
9.40568	27.0215	0	31.4931
9.40569	27.0627	0.0825083	31.4931
9.4071	27.0627	0.165017	31.4931
9.40813	27.1452	0.0825083	31.4931
9.41091	27.2277	0	31.4931
9.41118	27.2277	0.165017	31.4931
9.41434	27.3102	0.0825083	31.4931
9.4439	27.3927	0	31.4931
9.46153	27.3927	0	31.6186
9.46195	27.434	0.0825083	31.6186
9.49585	27.5165	0	31.6186
9.49678	27.5165	0.0825083	31.6186
9.49685	27.5165	0.0825083	31.744
9.49925	27.5578	0.165017	31.744
9.50158	27.6403	0.0825083	31.744
9.51646	27.7228	0	31.744
9.51779	27.7228	0.165017	31.744
9.52285	27.8053	0.0825083	31.744
9.56863	27.8878	0	31.744
9.56974	27.8878	0.0825083	31.744
9.57397	27.9703	0	31.744
9.5955	27.9703	0	31.8695
9.6231	27.9703	0	32.1205
9.63163	27.9703	0	32.2459
9.63257	28.0116	0.0825083	32.2459
9.64655	28.0941	0	32.2459
9.65215	28.0941	0	32.2459
9.66832	28.0941	0	32.3714
9.66992	28.0941	0	32.4969
9.67291	28.0941	0.165017	32.4969
9.67388	28.1766	0.0825083	32.4969
9.72745	28.2591	0	32.4969
9.7983	28.2591	0	32.6223
9.80039	28.2591	0	32.7478
9.81424	28.2591	0	32.8733
9.81751	28.3003	0.0825083	32.8733
9.8423	28.3828	0	32.8733
9.84697	28.3828	0	32.9987
9.84769	28.4241	0.0825083	32.9987
9.85804	28.5066	0	32.9987
9.88822	28.5066	0	33.1242
9.88935	28.5479	0.0825083	33.1242
9.89007	28.5479	0.165017	33.1242
9.89012	28.6304	0.0825083	33.1242
9.89087	28.6304	0.0825083	33.3752
9.90162	28.7129	0	33.3752
9.90278	28.7541	0.0825083	33.3752
9.94177	28.8366	0	33.3752
9.94301	28.8366	0.165017	33.3752
9.94313	28.9191	0.0825083	33.3752
9.99241	29.0016	0	33.3752
9.99491	29.0016	0	33.5006
10.0665	29.0016	0	33.6261
10.0699	29.0429	0.0825083	33.6261
10.1258	29.1254	0	33.6261
10.1664	29.1254	0	33.7516
10.1682	29.1254	0.165017	33.7516
10.1688	29.2079	0.0825083	33.7516
10.2433	29.2904	0	33.7516
10.2442	29.2904	0.165017	33.7516
10.2473	29.3729	0.0825083	33.7516
10.2643	29.4554	0	33.7516
10.2644	29.4554	0.0825083	33.7516
10.2664	29.538	0	33.7516
10.2864	29.538	0	33.877
10.2899	29.5792	0.0825083	33.877
10.3196	29.6617	0	33.877
10.3462	29.6617	0	34.0025
10.347	29.6617	0.165017	34.0025
10.3515	29.7442	0.0825083	34.0025
10.3581	29.8267	0	34.0025
10.3594	29.868	0.0825083	34.0025
10.378	29.9505	0	34.0025
10.3801	29.9505	0	34.128
10.3852	29.9917	0.0825083	34.128
10.4275	30.0743	0	34.128
10.4283	30.0743	0.165017	34.128
10.4302	30.1568	0.0825083	34.128
10.4502	30.2393	0	34.128
10.4517	30.2393	0	34.2535
10.4676	30.2393	0	34.3789
10.5325	30.2393	0	34.5044
10.5362	30.2805	0.0825083	34.5044
10.5367	30.363	0	34.5044
10.545	30.363	0	34.7553
10.574	30.363	0	34.8808
10.5744	30.4043	0.0825083	34.8808
10.6758	30.4868	0	34.8808
10.6951	30.4868	0	35.0063
10.7471	30.4868	0	35.1317
10.7492	30.5281	0.0825083	35.1317
10.775	30.6106	0	35.1317
10.7892	30.6106	0	35.2572
10.7896	30.6518	0.0825083	35.2572
10.8255	30.7343	0	35.2572
10.8433	30.7343	0	35.3827
10.873	30.7343	0	35.3827
10.8812	30.7756	0.0825083	35.3827
10.8832	30.8581	0	35.3827
10.9453	30.8581	0	35.5082
10.9535	30.8581	0	35.6336
10.9669	30.8581	0	35.7591
10.9825	30.8581	0	35.8846
11.0139	30.8581	0	36.01
11.017	30.8993	0.0825083	36.01
11.0253	30.9818	0	36.01
11.0253	31.0231	0.0825083	36.01
11.0259	31.0231	0.0825083	36.01
11.0465	31.1056	0	36.01
11.0586	31.1056	0	36.1355
11.0597	31.1056	0.165017	36.1355
11.0601	31.1881	0.0825083	36.1355
11.0609	31.1881	0.0825083	36.261
11.0745	31.2706	0	36.261
11.077	31.2706	0.0825083	36.261
11.0771	31.3531	0	36.261
11.1107	31.3531	0	36.3864
11.1135	31.3531	0.0825083	36.3864
11.122	31.4356	0	36.3864
11.136	31.4356	0	36.5119
11.1626	31.4356	0	36.6374
11.1635	31.4769	0.0825083	36.6374
11.1965	31.5594	0	36.6374
11.2668	31.5594	0	36.8883
11.2701	31.5594	0.165017	36.8883
11.2701	31.6419	0.0825083	36.8883
11.3252	31.7244	0	36.8883
11.3259	31.7244	0.165017	36.8883
11.327	31.8069	0.0825083	36.8883
11.3332	31.8894	0	36.8883
11.3737	31.8894	0	37.0138
11.3961	31.8894	0	37.0138
11.4167	31.8894	0	37.0138
11.4193	31.9307	0.0825083	37.0138
11.4197	31.9307	0.0825083	37.1393
11.4426	32.0132	0	37.1393
11.4633	32.0132	0	37.2647
11.4642	32.0132	0.0825083	37.2647
11.4882	32.0957	0	37.2647
11.5437	32.0957	0	37.3902
11.5438	32.137	0.0825083	37.3902
11.5674	32.2195	0	37.3902
11.5682	32.2195	0.165017	37.3902
11.5701	32.302	0.0825083	37.3902
11.5856	32.3845	0	37.3902
11.5861	32.4257	0.0825083	37.3902
11.5953	32.5083	0	37.3902
11.5962	32.5083	0.165017	37.3902
11.5964	32.5908	0.0825083	37.3902
11.6308	32.6733	0	37.3902
11.6337	32.7145	0.0825083	37.3902
11.6606	32.797	0	37.3902
11.6634	32.8383	0.0825083	37.3902
11.7402	32.9208	0	37.3902
11.7404	32.9208	0.165017	37.3902
11.7422	33.0033	0.0825083	37.3902
11.8034	33.0858	0	37.3902
11.8041	33.1271	0.0825083	37.3902
11.8224	33.2096	0	37.3902
11.8269	33.2096	0	37.5157
11.8501	33.2096	0	37.6412
11.8691	33.2096	0	37.6412
11.8696	33.2508	0.0825083	37.6412
11.8726	33.3333	0	37.6412
11.8908	33.3333	0	37.7666
11.891	33.3333	0.165017	37.7666
11.8944	33.4158	0.0825083	37.7666
11.8963	33.4158	0.247525	37.7666
11.897	33.4983	0.165017	37.7666
11.8976	33.5809	0.0825083	37.7666
11.898	33.6634	0	37.7666
11.8997	33.6634	0	37.8921
11.9024	33.7046	0.0825083	37.8921
11.9279	33.7871	0	37.8921
11.9279	33.7871	0.0825083	37.8921
11.9525	33.8696	0	37.8921
11.9533	33.8696	0.0825083	37.8921
11.9634	33.9521	0	37.8921
11.9993	33.9521	0	37.8921
12.0062	33.9521	0	38.0176
12.0333	33.9521	0	38.143
12.0368	33.9521	0.0825083	38.143
12.1299	34.0347	0	38.143
12.1334	34.0347	0	38.2685
12.1339	34.0759	0.0825083	38.2685
12.1469	34.1584	0	38.2685
12.1516	34.1584	0	38.394
12.1519	34.1997	0.0825083	38.394
12.1646	34.2822	0	38.394
12.1689	34.2822	0	38.5194
12.169	34.2822	0.165017	38.5194
12.1691	34.3647	0.0825083	38.5194
12.1918	34.4472	0	38.5194
12.1927	34.4472	0.165017	38.5194
12.1929	34.5297	0.0825083	38.5194
12.2093	34.6122	0	38.5194
12.2866	34.6122	0	38.6449
12.294	34.6122	0	38.8959
12.2954	34.6535	0.0825083	38.8959
12.301	34.736	0	38.8959
12.3052	34.736	0	39.0213
12.3288	34.736	0	39.1468
12.3375	34.7772	0.0825083	39.1468
12.338	34.7772	0.0825083	39.2723
12.3412	34.8597	0	39.2723
12.3418	34.8597	0	39.3977
12.3529	34.8597	0	39.5232
12.3604	34.8597	0	39.6487
12.3653	34.8597	0	39.8996
12.3666	34.901	0.0825083	39.8996
12.3828	34.9835	0	39.8996
12.3833	35.0248	0.0825083	39.8996
12.4263	35.1073	0	39.8996
12.4271	35.1073	0.0825083	39.8996
12.4356	35.1898	0	39.8996
12.4416	35.1898	0	40.0251
12.482	35.1898	0	40.1506
12.4825	35.1898	0.0825083	40.1506
12.4878	35.2723	0	40.1506
12.4913	35.2723	0	40.276
12.4997	35.2723	0	40.4015
12.5	35.3135	0.0825083	40.4015
12.5288	35.396	0	40.4015
12.5998	35.396	0	40.527
12.5999	35.396	0.165017	40.527
12.601	35.4785	0.0825083	40.527
12.6679	35.5611	0	40.527
12.6683	35.5611	0.0825083	40.527
12.6973	35.6436	0	40.527
12.698	35.6436	0.0825083	40.527
12.7305	35.7261	0	40.527
12.7319	35.7673	0.0825083	40.527
12.7537	35.8498	0	40.527
12.7612	35.8911	0.0825083	40.527
12.8397	35.9736	0	40.527
12.8634	35.9736	0	40.6524
12.8747	35.9736	0	40.7779
12.8963	35.9736	0	40.7779
12.8981	35.9736	0.0825083	40.7779
12.942	36.0561	0	40.7779
12.9445	36.0974	0.0825083	40.7779
12.9896	36.1799	0	40.7779
13.0808	36.1799	0	40.9034
13.0829	36.1799	0.0825083	40.9034
13.1603	36.2624	0	40.9034
13.1619	36.2624	0.165017	40.9034
13.1632	36.3449	0.0825083	40.9034
13.2103	36.4274	0	40.9034
13.2115	36.4274	0.0825083	40.9034
13.2117	36.5099	0	40.9034
13.2136	36.5512	0.0825083	40.9034
13.2543	36.6337	0	40.9034
13.2595	36.6749	0.0825083	40.9034
13.2682	36.7574	0	40.9034
13.3063	36.7574	0	41.0289
13.3068	36.7987	0.0825083	41.0289
13.3381	36.8812	0	41.0289
13.3385	36.9224	0.0825083	41.0289
13.3941	37.005	0	41.0289
13.4009	37.005	0	41.1543
13.4019	37.005	0.0825083	41.1543
13.4232	37.0875	0	41.1543
13.4263	37.0875	0	41.2798
13.4269	37.1287	0.0825083	41.2798
13.4959	37.2112	0	41.2798
13.4993	37.2525	0.0825083	41.2798
13.5258	37.335	0	41.2798
13.6496	37.335	0	41.5307
13.6497	37.335	0.0825083	41.5307
13.7161	37.4175	0	41.5307
13.7537	37.4175	0	41.6562
13.754	37.4175	0.165017	41.6562
13.7547	37.5	0.0825083	41.6562
13.7692	37.5825	0	41.6562
13.7746	37.6238	0.0825083	41.6562
13.7856	37.7063	0	41.6562
13.8165	37.7063	0	41.6562
13.8177	37.7475	0.0825083	41.6562
13.8183	37.7475	0.0825083	41.7817
13.8825	37.83	0	41.7817
13.8921	37.83	0	41.9072
13.9065	37.83	0	42.0326
13.9066	37.8713	0.0825083	42.0326
13.9248	37.9538	0	42.0326
13.9269	37.9538	0.165017	42.0326
13.9296	38.0363	0.0825083	42.0326
13.9364	38.1188	0	42.0326
13.9401	38.1601	0.0825083	42.0326
13.9664	38.2426	0	42.0326
13.9672	38.2838	0.0825083	42.0326
13.9704	38.3663	0	42.0326
13.9738	38.4076	0.0825083	42.0326
14.0116	38.4901	0	42.0326
14.0124	38.5314	0.0825083	42.0326
14.0757	38.6139	0	42.0326
14.0828	38.6139	0	42.1581
14.0865	38.6139	0	42.2836
14.0866	38.6139	0.165017	42.2836
14.0883	38.6964	0.0825083	42.2836
14.1113	38.7789	0	42.2836
14.1113	38.8201	0.0825083	42.2836
14.1135	38.9026	0	42.2836
14.1142	38.9439	0.0825083	42.2836
14.1612	39.0264	0	42.2836
14.1618	39.0677	0.0825083	42.2836
14.1725	39.1502	0	42.2836
14.1725	39.1502	0.165017	42.2836
14.1728	39.2327	0.0825083	42.2836
14.1729	39.3152	0	42.2836
14.1986	39.3152	0	42.409
14.1989	39.3564	0.0825083	42.409
14.2161	39.4389	0	42.409
14.2225	39.4802	0.0825083	42.409
14.2356	39.5627	0	42.409
14.2369	39.5627	0.165017	42.409
14.2375	39.6452	0.0825083	42.409
14.2382	39.7277	0	42.409
14.2387	39.7277	0	42.66
14.266	39.7277	0	42.7854
14.2788	39.7277	0	42.9109
14.279	39.7277	0.0825083	42.9109
14.2832	39.8102	0	42.9109
14.3202	39.8102	0	43.0364
14.3214	39.8515	0.0825083	43.0364
14.3316	39.934	0	43.0364
14.3438	39.934	0	43.1619
14.3442	39.9752	0.0825083	43.1619
14.3669	40.0578	0	43.1619
14.3674	40.0578	0.165017	43.1619
14.3674	40.1403	0.0825083	43.1619
14.4045	40.2228	0	43.1619
14.4185	40.2228	0	43.4128
14.4529	40.2228	0	43.5383
14.4535	40.2228	0.165017	43.5383
14.4582	40.3053	0.0825083	43.5383
14.4597	40.3878	0	43.5383
14.553	40.3878	0	43.6637
14.56	40.3878	0	43.7892
14.5666	40.3878	0.0825083	43.7892
14.5749	40.4703	0	43.7892
14.5794	40.4703	0	43.9147
14.5829	40.5116	0.0825083	43.9147
14.677	40.5941	0	43.9147
14.6777	40.5941	0.165017	43.9147
14.6783	40.6766	0.0825083	43.9147
14.7137	40.7591	0	43.9147
14.7153	40.8003	0.0825083	43.9147
14.7195	40.8828	0	43.9147
14.721	40.9241	0.0825083	43.9147
14.7669	41.0066	0	43.9147
14.7892	41.0066	0	44.0401
14.794	41.0066	0	44.1656
14.8161	41.0066	0	44.2911
14.8183	41.0066	0	44.2911
14.8201	41.0479	0.0825083	44.2911
14.8332	41.1304	0	44.2911
14.8422	41.1304	0	44.542
14.8442	41.1304	0	44.6675
14.8673	41.1304	0	44.793
14.8716	41.1716	0.0825083	44.793
14.92	41.2541	0	44.793
14.9258	41.2954	0.0825083	44.793
14.9684	41.3779	0	44.793
14.9686	41.4191	0.0825083	44.793
15.0701	41.5017	0	44.793
15.0703	41.5429	0.0825083	44.793
15.0856	41.6254	0	44.793
15.198	41.6254	0	44.9184
15.1984	41.6667	0.0825083	44.9184
15.2071	41.7492	0	44.9184
15.2074	41.7492	0.165017	44.9184
15.2074	41.8317	0.0825083	44.9184
15.214	41.9142	0	44.9184
15.2154	41.9554	0.0825083	44.9184
15.222	42.038	0	44.9184
15.222	42.038	0	45.0439
15.2646	42.038	0	45.2949
15.2894	42.038	0	45.5458
15.2903	42.038	0.0825083	45.5458
15.4451	42.1205	0	45.5458
15.4543	42.1205	0	45.6713
15.4597	42.1205	0.0825083	45.6713
15.4798	42.203	0	45.6713
15.4802	42.2442	0.0825083	45.6713
15.4954	42.3267	0	45.6713
15.4979	42.3267	0	45.7967
15.5057	42.3267	0	45.9222
15.6337	42.3267	0	46.0477
15.6342	42.368	0.0825083	46.0477
15.6462	42.4505	0	46.0477
15.6476	42.4505	0	46.1731
15.6722	42.4505	0	46.2986
15.6724	42.4505	0	46.4241
15.7213	42.4505	0	46.5496
15.7225	42.4917	0.0825083	46.5496
15.7367	42.5743	0	46.5496
15.7385	42.5743	0	46.675
15.8099	42.5743	0	46.8005
15.8103	42.5743	0.165017	46.8005
15.8124	42.6568	0.0825083	46.8005
15.8747	42.7393	0	46.8005
15.9014	42.7393	0	46.926
15.9303	42.7393	0	47.0514
15.9379	42.7393	0	47.1769
15.9391	42.7805	0.0825083	47.1769
15.9623	42.863	0	47.1769
15.9693	42.9043	0.0825083	47.1769
15.9984	42.9868	0	47.1769
15.9999	42.9868	0.165017	47.1769
16.0017	43.0693	0.0825083	47.1769
16.0029	43.1518	0	47.1769
16.022	43.1518	0	47.3024
16.0229	43.1931	0.0825083	47.3024
16.0321	43.2756	0	47.3024
16.0342	43.3168	0.0825083	47.3024
16.0361	43.3581	0.165017	47.3024
16.0398	43.4406	0.0825083	47.3024
16.0538	43.5231	0	47.3024
16.0547	43.5644	0.0825083	47.3024
16.1756	43.6469	0	47.3024
16.1757	43.6881	0.0825083	47.3024
16.2396	43.7706	0	47.3024
16.249	43.7706	0	47.4279
16.2501	43.7706	0	47.5533
16.2655	43.7706	0	47.5533
16.2907	43.7706	0	47.8043
16.2968	43.7706	0	47.8043
16.2988	43.7706	0.165017	47.8043
16.3004	43.8531	0.0825083	47.8043
16.3127	43.9356	0	47.8043
16.3216	43.9356	0	47.9297
16.3216	43.9769	0.0825083	47.9297
16.3355	44.0594	0	47.9297
16.3657	44.0594	0	48.0552
16.3687	44.0594	0	48.1807
16.4185	44.0594	0	48.3061
16.4195	44.0594	0.165017	48.3061
16.4205	44.1419	0.0825083	48.3061
16.4237	44.2244	0	48.3061
16.4501	44.2244	0	48.4316
16.4654	44.2244	0	48.5571
16.4658	44.2657	0.0825083	48.5571
16.476	44.3482	0	48.5571
16.4768	44.3894	0.0825083	48.5571
16.5016	44.4719	0	48.5571
16.502	44.5132	0.0825083	48.5571
16.5274	44.5957	0	48.5571
16.5277	44.637	0.0825083	48.5571
16.5394	44.7195	0	48.5571
16.5414	44.7195	0	48.6826
16.5415	44.7607	0.0825083	48.6826
16.5434	44.8432	0	48.6826
16.544	44.8845	0.0825083	48.6826
16.5921	44.967	0	48.6826
16.7031	44.967	0	48.808
16.7044	44.967	0.165017	48.808
16.7057	45.0495	0.0825083	48.808
16.7551	45.132	0	48.808
16.7558	45.132	0.165017	48.808
16.7568	45.2145	0.0825083	48.808
16.7684	45.297	0	48.808
16.7964	45.297	0	48.9335
16.7967	45.3383	0.0825083	48.9335
16.7971	45.3795	0.165017	48.9335
16.8003	45.462	0.0825083	48.9335
16.8019	45.5446	0	48.9335
16.8107	45.5446	0	49.059
16.8112	45.5446	0.165017	49.059
16.8136	45.6271	0.0825083	49.059
16.8448	45.7096	0	49.059
16.8449	45.7508	0.0825083	49.059
16.8512	45.8333	0	49.059
16.8526	45.8333	0.0825083	49.059
16.8805	45.9158	0	49.059
16.8818	45.9158	0.0825083	49.059
16.8822	45.9983	0	49.059
16.8995	45.9983	0	49.1844
16.9363	45.9983	0	49.1844
16.9393	46.0396	0.0825083	49.1844
16.9675	46.1221	0	49.1844
16.9677	46.1221	0.165017	49.1844
16.9692	46.2046	0.0825083	49.1844
16.9954	46.2871	0	49.1844
17.0001	46.2871	0.165017	49.1844
17.0007	46.3696	0.0825083	49.1844
17.0487	46.4521	0	49.1844
17.0696	46.4521	0	49.3099
17.0704	46.4934	0.0825083	49.3099
17.1065	46.5759	0	49.3099
17.1407	46.5759	0	49.4354
17.1412	46.6172	0.0825083	49.4354
17.1513	46.6997	0	49.4354
17.152	46.7409	0.0825083	49.4354
17.173	46.8234	0	49.4354
17.2068	46.8234	0	49.5609
17.2123	46.8234	0	49.6863
17.2139	46.8647	0.0825083	49.6863
17.2428	46.9472	0	49.6863
17.2437	46.9884	0.0825083	49.6863
17.2464	47.0297	0.165017	49.6863
17.2472	47.1122	0.0825083	49.6863
17.2851	47.1947	0	49.6863
17.2891	47.1947	0	49.8118
17.3172	47.1947	0	49.9373
17.347	47.1947	0	50.0627
17.3518	47.236	0.0825083	50.0627
17.3578	47.3185	0	50.0627
17.3602	47.3185	0	50.1882
17.4026	47.3185	0	50.3137
17.4027	47.3597	0.0825083	50.3137
17.443	47.4422	0	50.3137
17.4584	47.4422	0	50.4391
17.4596	47.4422	0.0825083	50.4391
17.5279	47.5248	0	50.4391
17.5497	47.5248	0	50.5646
17.5504	47.566	0.0825083	50.5646
17.5732	47.6485	0	50.5646
17.5801	47.6485	0	50.6901
17.644	47.6485	0	50.8156
17.6828	47.6485	0	50.941
17.7062	47.6485	0	51.192
17.751	47.6485	0	51.3174
17.7512	47.6898	0.0825083	51.3174
17.7946	47.7723	0	51.3174
17.827	47.7723	0	51.4429
17.8302	47.7723	0	51.5684
17.8321	47.8135	0.0825083	51.5684
17.8378	47.896	0	51.5684
17.8385	47.9373	0.0825083	51.5684
17.8659	48.0198	0	51.5684
17.8689	48.0611	0.0825083	51.5684
17.8772	48.1436	0	51.5684
17.8785	48.1848	0.0825083	51.5684
17.9489	48.2673	0	51.5684
17.9497	48.3086	0.0825083	51.5684
17.9559	48.3911	0	51.5684
17.9575	48.3911	0	51.8193
17.9578	48.3911	0.165017	51.8193
17.9593	48.4736	0.0825083	51.8193
17.9821	48.5561	0	51.8193
17.9843	48.5974	0.0825083	51.8193
18.0064	48.6799	0	51.8193
18.0263	48.6799	0	51.9448
18.123	48.6799	0	52.0703
18.1601	48.6799	0	52.1957
18.1666	48.6799	0	52.4467
18.2589	48.6799	0	52.5721
18.2602	48.6799	0.165017	52.5721
18.2623	48.7211	0.247525	52.5721
18.2633	48.8036	0.165017	52.5721
18.2661	48.8861	0.0825083	52.5721
18.2857	48.9686	0	52.5721
18.2996	48.9686	0	52.6976
18.3346	48.9686	0	52.9486
18.3412	48.9686	0	53.074
18.3416	49.0099	0.0825083	53.074
18.3708	49.0924	0	53.074
18.3712	49.1337	0.0825083	53.074
18.3755	49.2162	0	53.074
18.3759	49.2574	0.0825083	53.074
18.3808	49.3399	0	53.074
18.3841	49.3399	0	53.1995
18.3898	49.3812	0.0825083	53.1995
18.3933	49.4637	0	53.1995
18.3947	49.505	0.0825083	53.1995
18.4017	49.5875	0	53.1995
18.4271	49.5875	0	53.325
18.4749	49.5875	0	53.4504
18.4753	49.6287	0.0825083	53.4504
18.4864	49.7112	0	53.4504
18.5005	49.7112	0	53.7014
18.587	49.7112	0	53.8269
18.5876	49.7112	0.165017	53.8269
18.5887	49.7937	0.0825083	53.8269
18.6728	49.8762	0	53.8269
18.6729	49.8762	0	53.9523
18.6742	49.8762	0.0825083	53.9523
18.7232	49.9587	0	53.9523
18.7529	49.9587	0	54.2033
18.7772	49.9587	0	54.3287
18.7829	50	0.0825083	54.3287
18.8456	50.0825	0	54.3287
18.8461	50.0825	0.165017	54.3287
18.8503	50.165	0.0825083	54.3287
18.875	50.2475	0	54.3287
18.8756	50.2888	0.0825083	54.3287
18.8767	50.2888	0.0825083	54.4542
18.8851	50.3713	0	54.4542
19.0154	50.3713	0	54.5797
19.0168	50.3713	0.0825083	54.5797
19.036	50.4538	0	54.5797
19.0365	50.495	0.0825083	54.5797
19.0498	50.5776	0	54.5797
19.05	50.5776	0.165017	54.5797
19.0506	50.6601	0.0825083	54.5797
19.1708	50.7426	0	54.5797
19.1751	50.7426	0.0825083	54.5797
19.1835	50.8251	0	54.5797
19.185	50.8663	0.0825083	54.5797
19.2041	50.9488	0	54.5797
19.2098	50.9488	0	54.7051
19.2102	50.9488	0.165017	54.7051
19.211	51.0314	0.0825083	54.7051
19.3149	51.1139	0	54.7051
19.3152	51.1551	0.0825083	54.7051
19.3464	51.2376	0	54.7051
19.4012	51.2376	0	54.7051
19.4056	51.2376	0	54.9561
19.4059	51.2376	0.165017	54.9561
19.4065	51.3201	0.0825083	54.9561
19.4287	51.4026	0	54.9561
19.4328	51.4439	0.0825083	54.9561
19.4382	51.5264	0	54.9561
19.4452	51.5264	0	55.0816
19.4667	51.5264	0	55.207
19.4671	51.5677	0.0825083	55.207
19.5203	51.6502	0	55.207
19.5225	51.6502	0	55.3325
19.5234	51.6914	0.0825083	55.3325
19.5663	51.7739	0	55.3325
19.5804	51.7739	0	55.5834
19.5821	51.8152	0.0825083	55.5834
19.5919	51.8977	0	55.5834
19.5935	51.8977	0.0825083	55.5834
19.6964	51.9802	0	55.5834
19.7168	51.9802	0	55.7089
19.7173	51.9802	0.165017	55.7089
19.7174	52.0627	0.0825083	55.7089
19.8301	52.1452	0	55.7089
19.8872	52.1452	0	55.8344
19.9878	52.1452	0	55.9599
19.9984	52.1452	0	56.0853
19.9986	52.1865	0.0825083	56.0853
20.0917	52.269	0	56.0853
20.1552	52.269	0	56.2108
20.1611	52.269	0	56.3363
20.1619	52.3102	0.0825083	56.3363
20.2062	52.3927	0	56.3363
20.2075	52.434	0.0825083	56.3363
20.2083	52.5165	0	56.3363
20.2345	52.5165	0	56.4617
20.2388	52.5165	0.0825083	56.4617
20.2766	52.599	0	56.4617
20.3042	52.599	0	56.5872
20.3056	52.599	0.0825083	56.5872
20.324	52.6815	0	56.5872
20.3579	52.6815	0	56.7127
20.3713	52.6815	0	56.8381
20.3721	52.7228	0.0825083	56.8381
20.4023	52.8053	0	56.8381
20.403	52.8465	0.0825083	56.8381
20.4499	52.929	0	56.8381
20.4503	52.929	0	57.0891
20.4511	52.9703	0.0825083	57.0891
20.512	53.0528	0	57.0891
20.5237	53.0528	0	57.34
20.5239	53.0941	0.0825083	57.34
20.5584	53.1766	0	57.34
20.6575	53.1766	0	57.4655
20.6772	53.1766	0	57.591
20.6773	53.1766	0.165017	57.591
20.678	53.2591	0.0825083	57.591
20.7116	53.3416	0	57.591
20.7137	53.3828	0.0825083	57.591
20.7227	53.4653	0	57.591
20.7424	53.4653	0	57.591
20.7443	53.4653	0.165017	57.591
20.747	53.5479	0.0825083	57.591
20.7474	53.5479	0.0825083	57.8419
20.7486	53.6304	0	57.8419
20.7489	53.6716	0.0825083	57.8419
20.8029	53.7541	0	57.8419
20.8041	53.7954	0.0825083	57.8419
20.82	53.8779	0	57.8419
20.821	53.9191	0.0825083	57.8419
20.8318	54.0017	0	57.8419
20.8592	54.0017	0	58.0928
20.958	54.0017	0	58.2183
20.9773	54.0017	0	58.4693
20.9791	54.0429	0.0825083	58.4693
21.0929	54.1254	0	58.4693
21.1026	54.1254	0	58.7202
21.1029	54.1254	0	58.8457
21.1038	54.1667	0.0825083	58.8457
21.1165	54.2492	0	58.8457
21.1719	54.2492	0	58.9711
21.1719	54.2492	0.165017	58.9711
21.1737	54.3317	0.0825083	58.9711
21.2603	54.4142	0	58.9711
21.2634	54.4554	0.0825083	58.9711
21.2683	54.538	0	58.9711
21.272	54.538	0.0825083	58.9711
21.2936	54.6205	0	58.9711
21.2989	54.6617	0.0825083	58.9711
21.3008	54.6617	0.0825083	59.0966
21.3643	54.7442	0	59.0966
21.4113	54.7442	0	59.2221
21.4126	54.7855	0.0825083	59.2221
21.4802	54.868	0	59.2221
21.5031	54.868	0	59.3476
21.5158	54.868	0	59.473
21.5213	54.868	0.0825083	59.473
21.573	54.9505	0	59.473
21.5741	54.9917	0.0825083	59.473
21.5797	55.0743	0	59.473
21.5801	55.0743	0.0825083	59.473
21.6124	55.1568	0	59.473
21.6143	55.1568	0.0825083	59.473
21.6887	55.2393	0	59.473
21.7178	55.2393	0	59.724
21.7947	55.2393	0	59.8494
21.8003	55.2805	0.0825083	59.8494
21.9403	55.363	0	59.8494
21.9422	55.4043	0.0825083	59.8494
21.944	55.4868	0	59.8494
21.945	55.4868	0	59.9749
22.0304	55.4868	0	60.1004
22.0825	55.4868	0	60.2258
22.0828	55.4868	0.165017	60.2258
22.0865	55.5693	0.0825083	60.2258
22.0984	55.6518	0	60.2258
22.0997	55.6518	0.165017	60.2258
22.1009	55.7343	0.0825083	60.2258
22.1378	55.8168	0	60.2258
22.14	55.8581	0.0825083	60.2258
22.157	55.9406	0	60.2258
22.1582	55.9818	0.0825083	60.2258
22.284	56.0644	0	60.2258
22.2851	56.0644	0.165017	60.2258
22.2883	56.1469	0.0825083	60.2258
22.3194	56.2294	0	60.2258
22.3194	56.2706	0.0825083	60.2258
22.3222	56.2706	0.0825083	60.4768
22.358	56.3531	0	60.4768
22.3797	56.3531	0	60.6023
22.3798	56.3944	0.0825083	60.6023
22.4134	56.4769	0	60.6023
22.4685	56.4769	0	60.7277
22.472	56.5182	0.0825083	60.7277
22.7015	56.6007	0	60.7277
22.7023	56.6419	0.0825083	60.7277
22.7262	56.7244	0	60.7277
22.7301	56.7657	0.0825083	60.7277
22.7493	56.8482	0	60.7277
22.7498	56.8894	0.0825083	60.7277
22.7522	56.8894	0.0825083	60.9787
22.816	56.9719	0	60.9787
22.8299	56.9719	0	61.2296
22.8617	56.9719	0	61.4806
22.8623	57.0132	0.0825083	61.4806
22.8716	57.0957	0	61.4806
22.8727	57.0957	0.0825083	61.4806
22.8989	57.1782	0	61.4806
22.8992	57.2195	0.0825083	61.4806
22.9027	57.302	0	61.4806
22.9031	57.3432	0.0825083	61.4806
22.9983	57.4257	0	61.4806
22.999	57.4257	0.0825083	61.4806
23.0081	57.5083	0	61.4806
23.0103	57.5083	0.0825083	61.4806
23.0211	57.5908	0	61.4806
23.0335	57.5908	0	61.606
23.2365	57.5908	0	61.7315
23.241	57.5908	0.165017	61.7315
23.2415	57.632	0.247525	61.7315
23.2445	57.7145	0.165017	61.7315
23.2465	57.797	0.0825083	61.7315
23.2827	57.8795	0	61.7315
23.3067	57.8795	0	61.857
23.3544	57.8795	0	61.9824
23.3582	57.8795	0	61.9824
23.3601	57.8795	0.0825083	61.9824
23.4333	57.962	0	61.9824
23.4343	58.0033	0.0825083	61.9824
23.4356	58.0033	0.0825083	62.1079
23.4616	58.0858	0	62.1079
23.5597	58.0858	0	62.2334
23.5862	58.0858	0	62.3588
23.5906	58.0858	0	62.6098
23.5906	58.0858	0.165017	62.6098
23.5908	58.1683	0.0825083	62.6098
23.5981	58.2508	0	62.6098
23.5994	58.2508	0.165017	62.6098
23.6002	58.3333	0.0825083	62.6098
23.6233	58.4158	0	62.6098
23.6541	58.4158	0	62.7353
23.8782	58.4158	0	62.8607
23.881	58.4158	0	62.9862
23.886	58.4571	0.0825083	62.9862
23.9017	58.5396	0	62.9862
23.9186	58.5396	0	63.1117
23.9283	58.5396	0	63.2371
23.9417	58.5396	0	63.3626
23.9419	58.5809	0.0825083	63.3626
23.9609	58.6634	0	63.3626
23.961	58.7046	0.0825083	63.3626
23.9722	58.7871	0	63.3626
23.9872	58.7871	0	63.6136
24.1771	58.7871	0	63.739
24.1801	58.7871	0	63.8645
24.2042	58.7871	0	63.99
24.2045	58.7871	0.165017	63.99
24.2084	58.8696	0.0825083	63.99
24.3024	58.9521	0	63.99
24.3035	58.9934	0.0825083	63.99
24.3446	59.0759	0	63.99
24.3472	59.1172	0.0825083	63.99
24.3498	59.1997	0	63.99
24.3503	59.2409	0.0825083	63.99
24.3678	59.3234	0	63.99
24.3715	59.3647	0.0825083	63.99
24.3795	59.4472	0	63.99
24.3805	59.4884	0.0825083	63.99
24.3861	59.571	0	63.99
24.4366	59.571	0	64.1154
24.4368	59.6122	0.0825083	64.1154
24.4825	59.6947	0	64.1154
24.4989	59.6947	0	64.2409
24.4996	59.6947	0.165017	64.2409
24.5078	59.7772	0.0825083	64.2409
24.5167	59.8597	0	64.2409
24.5173	59.901	0.0825083	64.2409
24.5284	59.9835	0	64.2409
24.5286	60.0248	0.0825083	64.2409
24.5462	60.1073	0	64.2409
24.5468	60.1485	0.0825083	64.2409
24.6287	60.231	0	64.2409
24.6296	60.231	0.165017	64.2409
24.6327	60.3135	0.0825083	64.2409
24.6668	60.396	0	64.2409
24.6722	60.396	0	64.3664
24.6744	60.396	0.0825083	64.3664
24.7193	60.4785	0	64.3664
24.7194	60.4785	0.165017	64.3664
24.7198	60.5611	0.0825083	64.3664
24.7793	60.6436	0	64.3664
24.8724	60.6436	0	64.4918
24.9172	60.6436	0	64.6173
24.9177	60.6848	0.0825083	64.6173
24.9204	60.6848	0.0825083	64.8683
24.9518	60.7673	0	64.8683
25.0899	60.7673	0	64.9937
25.0907	60.8086	0.0825083	64.9937
25.1459	60.8911	0	64.9937
25.1647	60.8911	0	65.1192
25.1789	60.8911	0	65.2447
25.1814	60.8911	0.165017	65.2447
25.1823	60.9736	0.0825083	65.2447
25.1868	61.0561	0	65.2447
25.1884	61.0561	0	65.3701
25.1896	61.0974	0.0825083	65.3701
25.282	61.1799	0	65.3701
25.2841	61.1799	0	65.6211
25.2873	61.2211	0.0825083	65.6211
25.4821	61.3036	0	65.6211
25.4846	61.3036	0.0825083	65.6211
25.4971	61.3861	0	65.6211
25.6353	61.3861	0	65.7466
25.6576	61.3861	0	65.872
25.6672	61.3861	0	66.123
25.7567	61.3861	0	66.2484
25.7568	61.4274	0.0825083	66.2484
25.7956	61.5099	0	66.2484
25.8175	61.5099	0	66.4994
25.8198	61.5099	0.0825083	66.4994
25.8209	61.5924	0	66.4994
26.0776	61.5924	0	66.6248
26.0862	61.5924	0	66.8758
26.0889	61.6337	0.0825083	66.8758
26.1027	61.7162	0	66.8758
26.1785	61.7162	0	67.1267
26.2029	61.7162	0	67.3777
26.2054	61.7162	0.0825083	67.3777
26.4507	61.7987	0	67.3777
26.4508	61.7987	0.165017	67.3777
26.4511	61.8812	0.0825083	67.3777
26.4905	61.9637	0	67.3777
26.5988	61.9637	0	67.5031
26.6659	61.9637	0	67.6286
26.7387	61.9637	0	67.7541
26.7966	61.9637	0	67.8795
26.7993	61.9637	0.165017	67.8795
26.7998	62.0462	0.0825083	67.8795
26.903	62.1287	0	67.8795
26.9056	62.17	0.0825083	67.8795
26.9556	62.2525	0	67.8795
26.9562	62.2937	0.0825083	67.8795
27.0326	62.3762	0	67.8795
27.1531	62.3762	0	68.005
27.154	62.3762	0.165017	68.005
27.1693	62.4587	0.0825083	68.005
27.1703	62.5413	0	68.005
27.1731	62.5825	0.0825083	68.005
27.1787	62.665	0	68.005
27.2066	62.665	0	68.1305
27.269	62.665	0	68.256
27.2718	62.665	0.165017	68.256
27.274	62.7475	0.0825083	68.256
27.3224	62.83	0	68.256
27.3244	62.83	0.0825083	68.256
27.3635	62.9125	0	68.256
27.3638	62.9538	0.0825083	68.256
27.3788	63.0363	0	68.256
27.3804	63.0776	0.0825083	68.256
27.4245	63.1601	0	68.256
27.4252	63.1601	0	68.5069
27.4592	63.1601	0	68.6324
27.4797	63.1601	0	68.8833
27.5019	63.1601	0	69.0088
27.513	63.1601	0	69.1343
27.5145	63.2013	0.0825083	69.1343
27.5398	63.2838	0	69.1343
27.5827	63.2838	0	69.3852
27.5843	63.3251	0.0825083	69.3852
27.7029	63.4076	0	69.3852
27.7623	63.4076	0	69.6361
27.7652	63.4488	0.0825083	69.6361
27.8474	63.5314	0	69.6361
27.9741	63.5314	0	69.6361
27.9981	63.5314	0	69.7616
28.0825	63.5314	0	69.8871
28.0826	63.5726	0.0825083	69.8871
28.274	63.6551	0	69.8871
28.2747	63.6964	0.0825083	69.8871
28.2798	63.7789	0	69.8871
28.3099	63.7789	0	70.0126
28.3103	63.8201	0.0825083	70.0126
28.311	63.8614	0.165017	70.0126
28.3126	63.9439	0.0825083	70.0126
28.3468	64.0264	0	70.0126
28.3473	64.0264	0.165017	70.0126
28.3498	64.1089	0.0825083	70.0126
28.3788	64.1914	0	70.0126
28.3801	64.1914	0.165017	70.0126
28.3832	64.2739	0.0825083	70.0126
28.3958	64.3564	0	70.0126
28.3967	64.3564	0.0825083	70.0126
28.3996	64.4389	0	70.0126
28.5076	64.4389	0	70.138
28.5091	64.4389	0.165017	70.138
28.5096	64.5215	0.0825083	70.138
28.5695	64.604	0	70.138
28.5707	64.6452	0.0825083	70.138
28.6261	64.7277	0	70.138
28.6314	64.7277	0	70.2635
28.6393	64.7277	0	70.389
28.6418	64.7277	0.0825083	70.389
28.6507	64.8102	0	70.389
28.6535	64.8515	0.0825083	70.389
28.6578	64.934	0	70.389
28.6594	64.934	0	70.6399
28.7043	64.934	0	70.7654
28.7096	64.934	0	71.0163
28.7107	64.9753	0.0825083	71.0163
28.7714	65.0578	0	71.0163
28.8042	65.0578	0	71.2673
28.808	65.0578	0	71.2673
28.8091	65.099	0.0825083	71.2673
28.8226	65.1815	0	71.2673
28.8245	65.2228	0.0825083	71.2673
28.8737	65.3053	0	71.2673
28.8748	65.3053	0.165017	71.2673
28.877	65.3878	0.0825083	71.2673
28.8829	65.4703	0	71.2673
28.8838	65.5116	0.0825083	71.2673
28.9432	65.5941	0	71.2673
28.9444	65.5941	0.0825083	71.2673
28.9602	65.6766	0	71.2673
28.9857	65.6766	0	71.3927
28.9912	65.7178	0.0825083	71.3927
29.0025	65.8003	0	71.3927
29.0031	65.8003	0.165017	71.3927
29.0056	65.8828	0.0825083	71.3927
29.0262	65.9653	0	71.3927
29.0314	66.0066	0.0825083	71.3927
29.048	66.0891	0	71.3927
29.1148	66.0891	0	71.5182
29.1151	66.1304	0.0825083	71.5182
29.1197	66.2129	0	71.5182
29.125	66.2541	0.0825083	71.5182
29.1782	66.3366	0	71.5182
29.1801	66.3779	0.0825083	71.5182
29.1975	66.4604	0	71.5182
29.1976	66.4604	0.165017	71.5182
29.1996	66.5429	0.0825083	71.5182
29.2955	66.6254	0	71.5182
29.3092	66.6254	0	71.7691
29.33	66.6254	0	72.0201
29.3446	66.6254	0	72.1455
29.4451	66.6254	0	72.3965
29.5525	66.6254	0	72.6474
29.5688	66.6254	0	72.8984
29.5693	66.6254	0.165017	72.8984
29.5707	66.7079	0.0825083	72.8984
29.6233	66.7904	0	72.8984
29.6242	66.8317	0.0825083	72.8984
29.651	66.9142	0	72.8984
29.7385	66.9142	0	73.0238
29.7397	66.9142	0.0825083	73.0238
29.7883	66.9967	0	73.0238
29.7898	67.038	0.0825083	73.0238
29.8295	67.1205	0	73.0238
29.8491	67.1205	0	73.2748
29.9774	67.1205	0	73.5257
29.9802	67.1617	0.0825083	73.5257
30.0211	67.2442	0	73.5257
30.0384	67.2442	0	73.6512
30.0583	67.2442	0	73.7767
30.059	67.2855	0.0825083	73.7767
30.1457	67.368	0	73.7767
30.1495	67.4092	0.0825083	73.7767
30.2858	67.4918	0	73.7767
30.2883	67.533	0.0825083	73.7767
30.4299	67.6155	0	73.7767
30.431	67.6568	0.0825083	73.7767
30.4456	67.7393	0	73.7767
30.4506	67.7805	0.0825083	73.7767
30.5712	67.863	0	73.7767
30.5746	67.9043	0.0825083	73.7767
30.593	67.9868	0	73.7767
30.5989	68.0281	0.0825083	73.7767
30.625	68.1106	0	73.7767
30.6256	68.1106	0.165017	73.7767
30.6263	68.1931	0.0825083	73.7767
30.6535	68.2756	0	73.7767
30.6567	68.2756	0.0825083	73.7767
30.6892	68.3581	0	73.7767
30.7127	68.3581	0	73.9021
30.718	68.3993	0.0825083	73.9021
30.7668	68.4818	0	73.9021
30.7679	68.4818	0.0825083	73.9021
30.8476	68.5644	0	73.9021
30.8655	68.5644	0	74.1531
30.8729	68.5644	0	74.2785
30.8746	68.6056	0.0825083	74.2785
30.9032	68.6881	0	74.2785
30.9075	68.6881	0.0825083	74.2785
30.987	68.7706	0	74.2785
30.9944	68.7706	0	74.404
30.996	68.7706	0.165017	74.404
30.9985	68.8531	0.0825083	74.404
31.0989	68.9356	0	74.404
31.0995	68.9356	0.0825083	74.404
31.2764	69.0182	0	74.404
31.279	69.0182	0	74.5295
31.3156	69.0182	0	74.655
31.3381	69.0182	0	74.7804
31.4265	69.0182	0	74.9059
31.4266	69.0594	0.0825083	74.9059
31.4939	69.1419	0	74.9059
31.4941	69.1419	0.165017	74.9059
31.4992	69.2244	0.0825083	74.9059
31.5117	69.3069	0	74.9059
31.5507	69.3069	0	75.0314
31.5513	69.3069	0.165017	75.0314
31.5574	69.3894	0.0825083	75.0314
31.6482	69.4719	0	75.0314
31.6523	69.4719	0	75.1568
31.6526	69.4719	0.165017	75.1568
31.6542	69.5545	0.0825083	75.1568
31.6964	69.637	0	75.1568
31.6977	69.6782	0.0825083	75.1568
31.722	69.7607	0	75.1568
31.8371	69.7607	0	75.2823
31.838	69.802	0.0825083	75.2823
31.8993	69.8845	0	75.2823
31.902	69.9257	0.0825083	75.2823
31.9695	70.0082	0	75.2823
31.9797	70.0082	0	75.5332
31.986	70.0082	0.0825083	75.5332
32.0556	70.0908	0	75.5332
32.0569	70.0908	0.0825083	75.5332
32.1388	70.1733	0	75.5332
32.1622	70.1733	0	75.6587
32.2957	70.1733	0	75.7842
32.2958	70.2145	0.0825083	75.7842
32.3291	70.297	0	75.7842
32.3304	70.3383	0.0825083	75.7842
32.3695	70.4208	0	75.7842
32.3712	70.462	0.0825083	75.7842
32.4056	70.5446	0	75.7842
32.4062	70.5858	0.0825083	75.7842
32.5233	70.6683	0	75.7842
32.5245	70.6683	0.165017	75.7842
32.5257	70.7508	0.0825083	75.7842
32.6304	70.8333	0	75.7842
32.6306	70.8333	0.165017	75.7842
32.6366	70.9158	0.0825083	75.7842
32.7196	70.9984	0	75.7842
32.7197	71.0396	0.0825083	75.7842
32.7236	71.1221	0	75.7842
32.7244	71.1221	0.165017	75.7842
32.725	71.2046	0.0825083	75.7842
32.8725	71.2871	0	75.7842
32.8726	71.2871	0.0825083	75.7842
32.8744	71.3696	0	75.7842
32.8754	71.3696	0.165017	75.7842
32.8762	71.4521	0.0825083	75.7842
32.9812	71.5347	0	75.7842
32.982	71.5759	0.0825083	75.7842
33.0743	71.6584	0	75.7842
33.2599	71.6584	0	75.9097
33.2604	71.6997	0.0825083	75.9097
33.3746	71.7822	0	75.9097
33.4103	71.7822	0	76.1606
33.4113	71.8234	0.0825083	76.1606
33.448	71.9059	0	76.1606
33.4494	71.9059	0.165017	76.1606
33.4543	71.9884	0.0825083	76.1606
33.6244	72.071	0	76.1606
33.6266	72.1122	0.0825083	76.1606
33.6863	72.1947	0	76.1606
33.687	72.236	0.0825083	76.1606
33.8143	72.3185	0	76.1606
33.815	72.3597	0.0825083	76.1606
33.8236	72.4422	0	76.1606
33.8245	72.4835	0.0825083	76.1606
33.935	72.566	0	76.1606
34.022	72.566	0	76.2861
34.0233	72.6073	0.0825083	76.2861
34.0302	72.6898	0	76.2861
34.0305	72.731	0.0825083	76.2861
34.0401	72.8135	0	76.2861
34.1758	72.8135	0	76.537
34.194	72.8135	0	76.6625
34.2775	72.8135	0	76.9134
34.2779	72.8135	0	77.0389
34.2793	72.8135	0.165017	77.0389
34.2803	72.896	0.0825083	77.0389
34.3519	72.9785	0	77.0389
34.5426	72.9785	0	77.1644
34.5426	72.9785	0.165017	77.1644
34.5443	73.0611	0.0825083	77.1644
34.5456	73.0611	0.247525	77.1644
34.5458	73.1436	0.165017	77.1644
34.548	73.2261	0.0825083	77.1644
34.5739	73.3086	0	77.1644
34.5745	73.3498	0.0825083	77.1644
34.7366	73.4323	0	77.1644
34.738	73.4736	0.0825083	77.1644
34.7954	73.5561	0	77.1644
34.7956	73.5561	0.165017	77.1644
34.7991	73.6386	0.0825083	77.1644
34.9474	73.7211	0	77.1644
34.9521	73.7211	0	77.2898
34.9531	73.7211	0.0825083	77.2898
34.9818	73.8036	0	77.2898
35.0193	73.8036	0	77.5408
35.0268	73.8036	0	77.6663
35.0282	73.8036	0	77.7917
35.0289	73.8449	0.0825083	77.7917
35.0945	73.9274	0	77.7917
35.1439	73.9274	0	77.9172
35.3343	73.9274	0	78.1681
35.3385	73.9274	0	78.2936
35.3493	73.9274	0	78.4191
35.3712	73.9274	0	78.67
35.3743	73.9686	0.0825083	78.67
35.3888	74.0512	0	78.67
35.3932	74.0512	0	78.921
35.3933	74.0512	0.0825083	78.921
35.7095	74.1337	0	78.921
35.8153	74.1337	0	79.1719
35.8185	74.1749	0.0825083	79.1719
35.8817	74.2574	0	79.1719
35.9215	74.2574	0	79.4228
35.9218	74.2987	0.0825083	79.4228
36.0659	74.3812	0	79.4228
36.0664	74.3812	0.0825083	79.4228
36.1092	74.4637	0	79.4228
36.1104	74.4637	0.0825083	79.4228
36.2105	74.5462	0	79.4228
36.2106	74.5462	0.165017	79.4228
36.2118	74.6287	0.0825083	79.4228
36.2152	74.7112	0	79.4228
36.2171	74.7525	0.0825083	79.4228
36.2174	74.835	0	79.4228
36.2206	74.835	0.165017	79.4228
36.2236	74.9175	0.0825083	79.4228
36.3488	75	0	79.4228
36.489	75	0	79.5483
36.4891	75	0.165017	79.5483
36.4921	75.0825	0.0825083	79.5483
36.6899	75.165	0	79.5483
36.8236	75.165	0	79.6738
36.8461	75.165	0	79.9247
37.0002	75.165	0	80.1757
37.0019	75.2063	0.0825083	80.1757
37.0662	75.2888	0	80.1757
37.2259	75.2888	0	80.3011
37.2302	75.2888	0.165017	80.3011
37.233	75.3713	0.0825083	80.3011
37.2893	75.4538	0	80.3011
37.2899	75.495	0.0825083	80.3011
37.3349	75.5776	0	80.3011
37.3361	75.6188	0.0825083	80.3011
37.3377	75.7013	0	80.3011
37.3401	75.7013	0.0825083	80.3011
37.4882	75.7838	0	80.3011
37.5676	75.7838	0	80.4266
37.6574	75.7838	0	80.5521
37.6604	75.7838	0	80.803
37.6969	75.7838	0	81.054
37.7376	75.7838	0	81.1794
37.7376	75.8251	0.0825083	81.1794
37.7758	75.9076	0	81.1794
37.7761	75.9488	0.0825083	81.1794
37.8054	76.0314	0	81.1794
37.8055	76.0726	0.0825083	81.1794
37.8767	76.1551	0	81.1794
37.8782	76.1551	0	81.3049
37.8795	76.1551	0.165017	81.3049
37.8806	76.2376	0.0825083	81.3049
38.0606	76.3201	0	81.3049
38.109	76.3201	0	81.5558
38.4356	76.3201	0	81.8068
38.4381	76.3614	0.0825083	81.8068
38.5155	76.4439	0	81.8068
38.5156	76.4851	0.0825083	81.8068
38.5441	76.5677	0	81.8068
38.714	76.5677	0	82.0577
38.7147	76.6089	0.0825083	82.0577
38.7224	76.6914	0	82.0577
38.8584	76.6914	0	82.3087
38.8931	76.6914	0	82.4341
38.8945	76.6914	0.165017	82.4341
38.8946	76.7739	0.0825083	82.4341
38.9831	76.8564	0	82.4341
39.2689	76.8564	0	82.5596
39.269	76.8564	0.165017	82.5596
39.2697	76.9389	0.0825083	82.5596
39.3647	77.0215	0	82.5596
39.3693	77.0215	0	82.6851
39.3788	77.0215	0	82.936
39.3809	77.0215	0.165017	82.936
39.3908	77.104	0.0825083	82.936
39.4374	77.1865	0	82.936
39.5551	77.1865	0	83.187
39.7381	77.1865	0	83.4379
40.0633	77.1865	0	83.5634
40.0646	77.2277	0.0825083	83.5634
40.1538	77.3102	0	83.5634
40.1582	77.3515	0.0825083	83.5634
40.1839	77.434	0	83.5634
40.2389	77.434	0	83.8143
40.2393	77.434	0.165017	83.8143
40.2401	77.5165	0.0825083	83.8143
40.304	77.599	0	83.8143
40.619	77.599	0	84.0652
40.6343	77.599	0	84.3162
40.6353	77.599	0.165017	84.3162
40.6369	77.6815	0.0825083	84.3162
40.7596	77.764	0	84.3162
40.7599	77.8053	0.0825083	84.3162
40.8585	77.8878	0	84.3162
40.9818	77.8878	0	84.5671
40.9835	77.929	0.0825083	84.5671
41.0282	78.0116	0	84.5671
41.0294	78.0116	0.165017	84.5671
41.0305	78.0941	0.0825083	84.5671
41.0527	78.1766	0	84.5671
41.1209	78.1766	0	84.8181
41.1222	78.2178	0.0825083	84.8181
41.2246	78.3003	0	84.8181
41.2271	78.3416	0.0825083	84.8181
41.2339	78.4241	0	84.8181
41.2343	78.4241	0.0825083	84.8181
41.3342	78.5066	0	84.8181
41.335	78.5479	0.0825083	84.8181
41.3985	78.6304	0	84.8181
41.3995	78.6716	0.0825083	84.8181
41.4987	78.7541	0	84.8181
41.7042	78.7541	0	84.9435
41.7166	78.7541	0	85.1945
41.8799	78.7541	0	85.3199
42.0175	78.7541	0	85.5709
42.0182	78.7541	0.165017	85.5709
42.0193	78.8366	0.0825083	85.5709
42.1934	78.9191	0	85.5709
42.3726	78.9191	0	85.6964
42.5308	78.9191	0	85.9473
42.5323	78.9191	0	86.0728
42.605	78.9191	0	86.1982
42.6811	78.9191	0	86.3237
42.7593	78.9191	0	86.5747
42.76	78.9191	0.165017	86.5747
42.7617	79.0016	0.0825083	86.5747
42.8062	79.0842	0	86.5747
42.8068	79.1254	0.0825083	86.5747
42.8301	79.2079	0	86.5747
42.8304	79.2079	0.0825083	86.5747
42.9026	79.2904	0	86.5747
42.9043	79.3317	0.0825083	86.5747
42.9452	79.4142	0	86.5747
42.9464	79.4554	0.0825083	86.5747
42.9624	79.538	0	86.5747
42.9628	79.5792	0.0825083	86.5747
43.0177	79.6617	0	86.5747
43.0202	79.703	0.0825083	86.5747
43.0326	79.7855	0	86.5747
43.0409	79.7855	0	86.8256
43.2429	79.7855	0	87.0765
43.2819	79.7855	0	87.202
43.2825	79.8267	0.0825083	87.202
43.3012	79.9092	0	87.202
43.3046	79.9092	0.0825083	87.202
43.3379	79.9918	0	87.202
43.3418	79.9918	0	87.4529
43.4004	79.9918	0	87.7039
43.4006	80.033	0.0825083	87.7039
43.467	80.1155	0	87.7039
43.4671	80.1155	0.0825083	87.7039
43.4802	80.198	0	87.7039
43.4803	80.2393	0.0825083	87.7039
43.604	80.3218	0	87.7039
43.6058	80.363	0.0825083	87.7039
43.6302	80.4455	0	87.7039
43.6317	80.4455	0.165017	87.7039
43.6335	80.5281	0.0825083	87.7039
43.6561	80.6106	0	87.7039
43.8415	80.6106	0	87.9548
43.8425	80.6518	0.0825083	87.9548
43.8753	80.7343	0	87.9548
43.8756	80.7756	0.0825083	87.9548
43.8916	80.8581	0	87.9548
44.2457	80.8581	0	88.2058
44.2469	80.8581	0.0825083	88.2058
44.5977	80.9406	0	88.2058
44.5992	80.9406	0.165017	88.2058
44.6025	81.0231	0.0825083	88.2058
44.6485	81.1056	0	88.2058
44.7933	81.1056	0	88.4567
44.7965	81.1469	0.0825083	88.4567
44.8784	81.2294	0	88.4567
44.8993	81.2294	0	88.7077
44.9114	81.2294	0	88.8331
44.9447	81.2294	0	89.0841
44.9457	81.2706	0.0825083	89.0841
44.9658	81.3531	0	89.0841
45.0951	81.3531	0	89.2095
45.1042	81.3531	0	89.4605
45.1069	81.3531	0.0825083	89.4605
45.1193	81.4356	0	89.4605
45.1221	81.4769	0.0825083	89.4605
45.2548	81.5594	0	89.4605
45.2569	81.6007	0.0825083	89.4605
45.3798	81.6832	0	89.4605
45.498	81.6832	0	89.5859
45.5002	81.6832	0.0825083	89.5859
45.6634	81.7657	0	89.5859
45.6652	81.8069	0.0825083	89.5859
45.6778	81.8894	0	89.5859
45.6825	81.9307	0.0825083	89.5859
45.7732	82.0132	0	89.5859
45.7744	82.0132	0.0825083	89.5859
45.7858	82.0957	0	89.5859
45.8189	82.0957	0	89.8369
46.0657	82.0957	0	90.0878
46.0711	82.137	0.0825083	90.0878
46.1456	82.2195	0	90.0878
46.4601	82.2195	0	90.3388
46.4611	82.2195	0.0825083	90.3388
46.5003	82.302	0	90.3388
46.5035	82.3432	0.0825083	90.3388
46.5231	82.4257	0	90.3388
46.5235	82.4257	0.165017	90.3388
46.5241	82.5082	0.0825083	90.3388
46.6002	82.5908	0	90.3388
46.8005	82.5908	0	90.5897
46.8032	82.5908	0.165017	90.5897
46.8036	82.6733	0.0825083	90.5897
46.8313	82.7558	0	90.5897
47.0187	82.7558	0	90.7152
47.0189	82.797	0.0825083	90.7152
47.3482	82.8795	0	90.7152
47.3522	82.9208	0.0825083	90.7152
47.379	83.0033	0	90.7152
47.3791	83.0446	0.0825083	90.7152
47.3798	83.1271	0	90.7152
47.3843	83.1683	0.0825083	90.7152
47.455	83.2508	0	90.7152
47.7059	83.2508	0	90.9661
47.7066	83.2921	0.0825083	90.9661
47.8236	83.3746	0	90.9661
47.8281	83.4158	0.0825083	90.9661
47.8693	83.4984	0	90.9661
47.8716	83.5396	0.0825083	90.9661
47.9981	83.6221	0	90.9661
47.9996	83.6634	0.0825083	90.9661
48.0943	83.7459	0	90.9661
48.1013	83.7871	0.0825083	90.9661
48.1873	83.8696	0	90.9661
48.2056	83.8696	0	91.2171
48.2063	83.9109	0.0825083	91.2171
48.4455	83.9934	0	91.2171
48.4985	83.9934	0	91.468
48.4987	84.0347	0.0825083	91.468
48.6058	84.1172	0	91.468
48.6187	84.1172	0	91.5935
48.6192	84.1172	0.165017	91.5935
48.6236	84.1997	0.0825083	91.5935
48.6923	84.2822	0	91.5935
48.7813	84.2822	0	91.8444
48.7818	84.3234	0.0825083	91.8444
49.0357	84.4059	0	91.8444
49.036	84.4472	0.0825083	91.8444
49.1023	84.5297	0	91.8444
49.1042	84.571	0.0825083	91.8444
49.1635	84.6535	0	91.8444
49.1642	84.6947	0.0825083	91.8444
49.1861	84.7772	0	91.8444
49.1881	84.8185	0.0825083	91.8444
49.47	84.901	0	91.8444
49.4711	84.9422	0.0825083	91.8444
49.5262	85.0247	0	91.8444
49.5286	85.066	0.0825083	91.8444
49.7044	85.1485	0	91.8444
49.8762	85.1485	0	92.0954
49.8766	85.1898	0.0825083	92.0954
49.8849	85.2723	0	92.0954
49.8853	85.3135	0.0825083	92.0954
49.8857	85.396	0	92.0954
49.8884	85.4373	0.0825083	92.0954
49.8982	85.5198	0	92.0954
49.9007	85.5611	0.0825083	92.0954
49.9312	85.6436	0	92.0954
49.9312	85.6848	0.0825083	92.0954
50.0063	85.7673	0	92.0954
50.5342	85.7673	0	92.3463
50.54	85.8086	0.0825083	92.3463
50.8559	85.8911	0	92.3463
50.8564	85.8911	0.165017	92.3463
50.8589	85.9736	0.0825083	92.3463
51.1834	86.0561	0	92.3463
51.1837	86.0561	0.165017	92.3463
51.1841	86.1386	0.0825083	92.3463
51.2374	86.2211	0	92.3463
51.2389	86.2211	0.165017	92.3463
51.243	86.3036	0.0825083	92.3463
52.1796	86.3861	0	92.3463
52.1802	86.4274	0.0825083	92.3463
52.3126	86.5099	0	92.3463
52.3131	86.5099	0.165017	92.3463
52.3131	86.5924	0.0825083	92.3463
52.5008	86.6749	0	92.3463
52.5019	86.6749	0.0825083	92.3463
52.5056	86.7574	0	92.3463
52.5404	86.7574	0	92.5972
52.6776	86.7574	0	92.7227
52.8106	86.7574	0	92.8482
52.996	86.7574	0	93.0991
52.996	86.7574	0.165017	93.0991
52.9962	86.8399	0.0825083	93.0991
53.1792	86.9224	0	93.0991
53.1806	86.9224	0.165017	93.0991
53.1919	87.005	0.0825083	93.0991
53.5137	87.0875	0	93.0991
53.5143	87.0875	0.165017	93.0991
53.5151	87.17	0.0825083	93.0991
53.6735	87.2525	0	93.0991
53.7011	87.2525	0	93.3501
53.7017	87.2937	0.0825083	93.3501
54.1198	87.3762	0	93.3501
54.1413	87.3762	0	93.4755
54.3087	87.3762	0	93.7265
54.5196	87.3762	0	93.9774
54.5204	87.4175	0.0825083	93.9774
54.9016	87.5	0	93.9774
54.9017	87.5	0.165017	93.9774
54.9019	87.5825	0.0825083	93.9774
55.0697	87.665	0	93.9774
55.07	87.665	0.165017	93.9774
55.0708	87.7475	0.0825083	93.9774
55.1316	87.83	0	93.9774
55.2206	87.83	0	94.1029
55.2213	87.8713	0.0825083	94.1029
55.2343	87.9538	0	94.1029
55.2351	87.9538	0.165017	94.1029
55.2361	88.0363	0.0825083	94.1029
55.3481	88.1188	0	94.1029
55.9996	88.1188	0	94.3538
56.002	88.1601	0.0825083	94.3538
56.0202	88.2426	0	94.3538
56.0499	88.2426	0	94.6048
56.1953	88.2426	0	94.7302
56.8126	88.2426	0	94.9812
56.8134	88.2838	0.0825083	94.9812
57.388	88.3663	0	94.9812
57.3904	88.4076	0.0825083	94.9812
57.7776	88.4901	0	94.9812
57.7785	88.4901	0.0825083	94.9812
57.8689	88.5726	0	94.9812
57.8692	88.6139	0.0825083	94.9812
57.9982	88.6964	0	94.9812
58	88.7376	0.0825083	94.9812
58.1206	88.8201	0	94.9812
58.1234	88.8614	0.0825083	94.9812
58.5741	88.9439	0	94.9812
58.5748	88.9851	0.0825083	94.9812
58.6715	89.0677	0	94.9812
58.6723	89.1089	0.0825083	94.9812
59.3693	89.1914	0	94.9812
59.3695	89.2327	0.0825083	94.9812
60.3752	89.3152	0	94.9812
60.6577	89.3152	0	95.2321
61.6451	89.3152	0	95.4831
61.6462	89.3152	0.0825083	95.4831
61.6688	89.3977	0	95.4831
62.7342	89.3977	0	95.734
63.2542	89.3977	0	95.9849
63.2552	89.4389	0.0825083	95.9849
63.3339	89.5215	0	95.9849
63.3362	89.5627	0.0825083	95.9849
63.4671	89.6452	0	95.9849
63.468	89.6865	0.0825083	95.9849
63.8024	89.769	0	95.9849
63.8047	89.769	0.0825083	95.9849
64.0691	89.8515	0	95.9849
64.0708	89.8927	0.0825083	95.9849
64.1981	89.9753	0	95.9849
64.2029	90.0165	0.0825083	95.9849
64.2433	90.099	0	95.9849
64.2452	90.1403	0.0825083	95.9849
64.3066	90.2228	0	95.9849
64.3068	90.264	0.0825083	95.9849
64.3122	90.3465	0	95.9849
64.3132	90.3878	0.0825083	95.9849
64.3948	90.4703	0	95.9849
64.675	90.4703	0	96.1104
64.6776	90.5116	0.0825083	96.1104
64.7093	90.5941	0	96.1104
64.8949	90.5941	0	96.3614
64.8978	90.6353	0.0825083	96.3614
65.141	90.7178	0	96.3614
65.144	90.7178	0.165017	96.3614
65.148	90.8003	0.0825083	96.3614
65.5243	90.8828	0	96.3614
65.5974	90.8828	0	96.4868
65.9364	90.8828	0	96.7378
65.9384	90.9241	0.0825083	96.7378
65.9978	91.0066	0	96.7378
65.9985	91.0066	0.165017	96.7378
66.0025	91.0891	0.0825083	96.7378
66.4958	91.1716	0	96.7378
66.4961	91.2129	0.0825083	96.7378
66.7959	91.2954	0	96.7378
66.7963	91.2954	0.165017	96.7378
66.7968	91.3779	0.0825083	96.7378
67.2488	91.4604	0	96.7378
67.2497	91.5016	0.0825083	96.7378
67.5463	91.5842	0	96.7378
67.7872	91.5842	0	96.9887
67.7873	91.6254	0.0825083	96.9887
68.1634	91.7079	0	96.9887
68.1677	91.7492	0.0825083	96.9887
69.5567	91.8317	0	96.9887
69.557	91.8317	0.165017	96.9887
69.5634	91.9142	0.0825083	96.9887
69.5945	91.9967	0	96.9887
70.2663	91.9967	0	97.2396
70.2685	92.038	0.0825083	97.2396
70.3449	92.1205	0	97.2396
70.345	92.1617	0.0825083	97.2396
70.5082	92.2442	0	97.2396
70.5109	92.2855	0.0825083	97.2396
70.7001	92.368	0	97.2396
70.7278	92.368	0	97.4906
70.7286	92.4092	0.0825083	97.4906
70.9372	92.4918	0	97.4906
70.9383	92.533	0.0825083	97.4906
71.8055	92.6155	0	97.4906
72.3528	92.6155	0	97.7415
72.3571	92.6155	0.0825083	97.7415
72.9268	92.698	0	97.7415
72.9303	92.698	0.0825083	97.7415
73.0098	92.7805	0	97.7415
73.0163	92.8218	0.0825083	97.7415
73.069	92.9043	0	97.7415
73.072	92.9455	0.0825083	97.7415
73.2235	93.0281	0	97.7415
73.2298	93.0693	0.0825083	97.7415
73.2764	93.1518	0	97.7415
73.2775	93.1931	0.0825083	97.7415
73.6066	93.2756	0	97.7415
73.6171	93.3168	0.0825083	97.7415
73.6784	93.3993	0	97.7415
73.6801	93.4406	0.0825083	97.7415
73.959	93.5231	0	97.7415
74.0497	93.5231	0	97.9925
74.0512	93.5644	0.0825083	97.9925
74.1008	93.6469	0	97.9925
74.1034	93.6469	0.165017	97.9925
74.1037	93.7294	0.0825083	97.9925
74.2929	93.8119	0	97.9925
74.2977	93.8531	0.0825083	97.9925
75.3295	93.9356	0	97.9925
75.3299	93.9769	0.0825083	97.9925
76.614	94.0594	0	97.9925
76.6143	94.0594	0.165017	97.9925
76.6143	94.1419	0.0825083	97.9925
77.5987	94.2244	0	97.9925
77.6003	94.2244	0.165017	97.9925
77.6038	94.3069	0.0825083	97.9925
77.9396	94.3894	0	97.9925
77.9407	94.4307	0.0825083	97.9925
78.0242	94.5132	0	97.9925
78.0285	94.5545	0.0825083	97.9925
78.1264	94.637	0	97.9925
78.1281	94.6782	0.0825083	97.9925
78.5227	94.7607	0	97.9925
78.5232	94.7607	0.165017	97.9925
78.5251	94.8432	0.0825083	97.9925
79.4739	94.9257	0	97.9925
79.4743	94.967	0.0825083	97.9925
79.6648	95.0495	0	97.9925
79.6694	95.0495	0.165017	97.9925
79.6723	95.132	0.0825083	97.9925
80.1301	95.2145	0	97.9925
80.5333	95.2145	0	98.2434
80.5335	95.2145	0.165017	98.2434
80.5338	95.297	0.0825083	98.2434
80.7589	95.3795	0	98.2434
80.7619	95.3795	0.0825083	98.2434
81.3208	95.462	0	98.2434
81.3218	95.5033	0.0825083	98.2434
81.8278	95.5858	0	98.2434
81.8286	95.6271	0.0825083	98.2434
81.8352	95.7096	0	98.2434
81.8372	95.7508	0.0825083	98.2434
81.9905	95.8333	0	98.2434
81.9921	95.8746	0.0825083	98.2434
82.3686	95.9571	0	98.2434
82.3694	95.9984	0.0825083	98.2434
82.6323	96.0809	0	98.2434
82.6798	96.0809	0	98.4944
82.681	96.1221	0.0825083	98.4944
83.0118	96.2046	0	98.4944
85.0484	96.2046	0	98.7453
85.0509	96.2459	0.0825083	98.7453
85.4585	96.3284	0	98.7453
85.4633	96.3284	0.0825083	98.7453
86.0589	96.4109	0	98.7453
86.4739	96.4109	0	98.9962
86.4758	96.4521	0.0825083	98.9962
86.993	96.5347	0	98.9962
86.9942	96.5759	0.0825083	98.9962
88.2345	96.6584	0	98.9962
88.9722	96.6584	0	99.2472
88.9722	96.6997	0.0825083	99.2472
89.3268	96.7822	0	99.2472
89.3295	96.8234	0.0825083	99.2472
89.8601	96.9059	0	99.2472
89.8609	96.9472	0.0825083	99.2472
90.5279	97.0297	0	99.2472
90.5281	97.071	0.0825083	99.2472
90.6534	97.1535	0	99.2472
91.2011	97.1535	0	99.4981
91.2045	97.1947	0.0825083	99.4981
91.6374	97.2772	0	99.4981
91.6395	97.3185	0.0825083	99.4981
92.6766	97.401	0	99.4981
92.6771	97.4422	0.0825083	99.4981
92.9437	97.5247	0	99.4981
92.9453	97.566	0.0825083	99.4981
93.3552	97.6485	0	99.4981
93.3556	97.6898	0.0825083	99.4981
93.8818	97.7723	0	99.4981
93.8826	97.8135	0.0825083	99.4981
94.7961	97.896	0	99.4981
94.7963	97.9373	0.0825083	99.4981
95.4913	98.0198	0	99.4981
95.4926	98.0611	0.0825083	99.4981
95.6199	98.1436	0	99.4981
95.6219	98.1848	0.0825083	99.4981
95.8043	98.2673	0	99.4981
95.8082	98.3086	0.0825083	99.4981
98.1535	98.3911	0	99.4981
98.1556	98.3911	0.165017	99.4981
98.1568	98.4736	0.0825083	99.4981
98.419	98.5561	0	99.4981
98.7022	98.5561	0	99.7491
98.7033	98.5974	0.0825083	99.7491
107.075	98.6799	0	99.7491
107.077	98.7211	0.0825083	99.7491
107.125	98.8036	0	99.7491
107.127	98.8449	0.0825083	99.7491
107.178	98.9274	0	99.7491
107.432	98.9274	0	100
107.434	98.9686	0.0825083	100
115.499	99.0512	0	100
115.5	99.0512	0.0825083	100
121.963	99.1337	0	100
121.964	99.1749	0.0825083	100
138.173	99.2574	0	100
138.173	99.2574	0.165017	100
138.175	99.3399	0.0825083	100
150.034	99.4224	0	100
150.035	99.4224	0.165017	100
150.035	99.505	0.0825083	100
153.885	99.5875	0	100
153.886	99.6287	0.0825083	100
174.684	99.7112	0	100
174.686	99.7112	0.165017	100
174.688	99.7937	0.0825083	100
185.847	99.8762	0	100
185.851	99.9175	0.0825083	100
