7.24755e-07	0	0	0
1.25672e-06	0	0	0
1.42215e-06	0	0	0
1.76843e-06	0	0	0
2.40591e-06	0	0	0
3.01054e-06	0	0	0
4.16485e-06	0	0	0
4.22848e-06	0	0	0
4.48824e-06	0	0	0
4.53971e-06	0	0	0
5.04212e-06	0	0	0
5.66726e-06	0	0	0
5.71377e-06	0	0	0
5.87117e-06	0	0	0
7.3316e-06	0	0	0
7.78136e-06	0	0	0
8.25274e-06	0	0	0
8.61428e-06	0	0	0
8.79055e-06	0	0	0
9.03058e-06	0	0	0
1.02892e-05	0	0	0
1.05896e-05	0	0	0
1.06466e-05	0	0	0
1.06602e-05	0	0	0
1.11116e-05	0	0	0
1.18663e-05	0	0	0
1.20951e-05	0	0	0
1.23567e-05	0	0	0
1.4308e-05	0	0	0
1.48101e-05	0	0	0
1.4819e-05	0	0	0
1.62561e-05	0	0	0
1.62936e-05	0	0	0
1.65203e-05	0	0	0
1.6963e-05	0	0	0
1.71174e-05	0	0	0
1.75023e-05	0	0	0
1.87768e-05	0	0	0
2.00515e-05	0	0	0
2.13124e-05	0	0	0
2.1825e-05	0	0	0
2.2036e-05	0	0	0
2.24558e-05	0	0	0
2.28576e-05	0	0	0
2.35232e-05	0	0	0
2.40538e-05	0	0	0
2.40807e-05	0	0	0
2.4158e-05	0	0	0
2.47042e-05	0	0	0
2.52899e-05	0	0	0
2.53047e-05	0	0	0
2.55259e-05	0	0	0
2.55976e-05	0	0	0
2.62444e-05	0	0	0
2.64548e-05	0	0	0
2.66447e-05	0	0	0
2.70538e-05	0	0	0
2.72485e-05	0	0	0
2.80593e-05	0	0	0
2.82235e-05	0	0	0
2.84557e-05	0	0	0
2.89866e-05	0	0	0
2.96742e-05	0	0	0
3.03803e-05	0	0	0
3.10188e-05	0	0	0
3.11806e-05	0	0	0
3.15731e-05	0	0	0
3.1839e-05	0	0	0
3.22504e-05	0	0	0
3.27026e-05	0	0	0
3.3397e-05	0	0	0
3.34828e-05	0	0	0
3.36759e-05	0	0	0
3.38419e-05	0	0	0
3.43889e-05	0	0	0
3.46554e-05	0	0	0
3.49734e-05	0	0	0
3.54141e-05	0	0	0
3.62739e-05	0	0	0
4.06575e-05	0	0	0
4.08119e-05	0	0	0
4.14808e-05	0	0	0
4.15019e-05	0	0	0
4.22885e-05	0	0	0
4.38238e-05	0	0	0
4.5006e-05	0	0	0
4.51935e-05	0	0	0
4.54618e-05	0	0	0
4.59492e-05	0	0	0
4.59867e-05	0	0	0
4.6188e-05	0	0	0
4.68908e-05	0	0	0
4.86734e-05	0	0	0
4.88669e-05	0	0	0
4.89714e-05	0	0	0
4.92002e-05	0	0	0
4.96217e-05	0	0	0
4.9796e-05	0	0	0
4.9805e-05	0	0	0
5.1754e-05	0	0	0
5.19541e-05	0	0	0
5.20485e-05	0	0	0
5.24478e-05	0	0	0
5.27857e-05	0	0	0
5.40743e-05	0	0	0
5.4842e-05	0	0	0
5.6332e-05	0	0	0
5.66197e-05	0	0	0
5.6867e-05	0	0	0
5.83764e-05	0	0	0
5.8693e-05	0	0	0
5.8903e-05	0	0	0
5.90411e-05	0	0	0
5.97708e-05	0	0	0
6.05535e-05	0	0	0
6.13418e-05	0	0	0
6.169e-05	0	0	0
6.21216e-05	0	0	0
6.2486e-05	0	0	0
6.36399e-05	0	0	0
6.3794e-05	0	0	0
6.57317e-05	0	0	0
6.61821e-05	0	0	0
6.63329e-05	0	0	0
6.76531e-05	0	0	0
6.79267e-05	0	0	0
6.80342e-05	0	0	0
6.81206e-05	0	0	0
6.81519e-05	0	0	0
6.8264e-05	0	0	0
6.89118e-05	0	0	0
6.94405e-05	0	0	0
7.00696e-05	0	0	0
7.08391e-05	0	0	0
7.23595e-05	0	0	0
7.26039e-05	0	0	0
7.26765e-05	0	0	0
7.27004e-05	0	0	0
7.46993e-05	0	0	0
7.61914e-05	0	0	0
7.71276e-05	0	0	0
7.74651e-05	0	0	0
7.79637e-05	0	0	0
8.00569e-05	0	0	0
8.15138e-05	0	0	0
8.15919e-05	0	0	0
8.21407e-05	0	0	0
8.26078e-05	0	0	0
8.32458e-05	0	0	0
8.35518e-05	0	0	0
8.4137e-05	0	0	0
8.4713e-05	0	0	0
8.51176e-05	0	0	0
8.7873e-05	0	0	0
8.80205e-05	0	0	0
8.94366e-05	0	0	0
8.95992e-05	0	0	0
9.07492e-05	0	0	0
9.08732e-05	0	0	0
9.18849e-05	0	0	0
9.21871e-05	0	0	0
9.22929e-05	0	0	0
9.25094e-05	0	0	0
9.2642e-05	0	0	0
9.28614e-05	0	0	0
9.28633e-05	0	0	0
9.34914e-05	0	0	0
9.65706e-05	0	0	0
9.76476e-05	0	0	0
9.79813e-05	0	0	0
9.86234e-05	0	0	0
9.8891e-05	0	0	0
9.93587e-05	0	0	0
0.000100515	0	0	0
0.000100535	0	0	0
0.000100737	0	0	0
0.000100765	0	0	0
0.000101352	0	0	0
0.000102793	0	0	0
0.000102945	0	0	0
0.000103569	0	0	0
0.000104302	0	0	0
0.000104812	0	0	0
0.000105332	0	0	0
0.00010572	0	0	0
0.000105769	0	0	0
0.000106008	0	0	0
0.000106055	0	0	0
0.000107013	0	0	0
0.000107683	0	0	0
0.00010779	0	0	0
0.000108544	0	0	0
0.000108814	0	0	0
0.000110416	0	0	0
0.000113058	0	0	0
0.000114177	0	0	0
0.000115244	0	0	0
0.000115863	0	0	0
0.000116524	0	0	0
0.000120948	0	0	0
0.000122424	0	0	0
0.000122607	0	0	0
0.000123897	0	0	0
0.000124023	0	0	0
0.000125289	0	0	0
0.000127117	0	0	0
0.000128766	0	0	0
0.00012913	0	0	0
0.000129929	0	0	0
0.000130687	0	0	0
0.000130939	0	0	0
0.00013142	0	0	0
0.000132374	0	0	0
0.000132381	0	0	0
0.000133758	0	0	0
0.000135172	0	0	0
0.000136043	0	0	0
0.000136188	0	0	0
0.000138809	0	0	0
0.000139023	0	0	0
0.000140025	0	0	0
0.000141053	0	0	0
0.000141822	0	0	0
0.000142197	0	0	0
0.000148367	0	0	0
0.000149553	0	0	0
0.000151197	0	0	0
0.000153156	0	0	0
0.000154287	0	0	0
0.00015503	0	0	0
0.000155039	0	0	0
0.000155383	0	0	0
0.000156902	0	0	0
0.000156938	0	0	0
0.000156994	0	0	0
0.000157834	0	0	0
0.000158231	0	0	0
0.000158328	0	0	0
0.000159294	0	0	0
0.000159474	0	0	0
0.000160441	0	0	0
0.000165457	0	0	0
0.000165658	0	0	0
0.000170707	0	0	0
0.000171864	0	0	0
0.000172486	0	0	0
0.0001726	0	0	0
0.000172739	0	0	0
0.000173466	0	0	0
0.000173569	0	0	0
0.000173788	0	0	0
0.000175937	0	0	0
0.000176274	0	0	0
0.000178244	0	0	0
0.000178404	0	0	0
0.000179447	0	0	0
0.000179583	0	0	0
0.000179877	0	0	0
0.000180061	0	0	0
0.000181555	0	0	0
0.000183718	0	0	0
0.000184186	0	0	0
0.000185233	0	0	0
0.0001874	0	0	0
0.000189793	0	0	0
0.000190425	0	0	0
0.000190672	0	0	0
0.000191625	0	0	0
0.000192044	0	0	0
0.000193289	0	0	0
0.000194448	0	0	0
0.000194717	0	0	0
0.000195788	0	0	0
0.000197686	0	0	0
0.000198493	0	0	0
0.000198788	0	0	0
0.000199918	0	0	0
0.000200218	0	0	0
0.00020054	0	0	0
0.00020089	0	0	0
0.000201799	0	0	0
0.000202777	0	0	0
0.000203367	0	0	0
0.000203686	0	0	0
0.000204477	0	0	0
0.000205278	0	0	0
0.00020791	0	0	0
0.000208093	0	0	0
0.00020926	0	0	0
0.000211587	0	0	0
0.000212217	0	0	0
0.000213138	0	0	0
0.000213735	0	0	0
0.000213797	0	0	0
0.000214617	0	0	0
0.000218469	0	0	0
0.000218643	0	0	0
0.000222447	0	0	0
0.000223475	0	0	0
0.000224109	0	0	0
0.000225462	0	0	0
0.000226967	0	0	0
0.000228405	0	0	0
0.000231754	0	0	0
0.000234387	0	0	0
0.000236398	0	0	0
0.000236418	0	0	0
0.000236662	0	0	0
0.00023735	0	0	0
0.000237786	0	0	0
0.000238101	0	0	0
0.000238825	0	0	0
0.000239193	0	0	0
0.000239395	0	0	0
0.000240074	0	0	0
0.000240293	0	0	0
0.000240656	0	0	0
0.000244183	0	0	0
0.000248461	0	0	0
0.000248776	0	0	0
0.00024878	0	0	0
0.000251844	0	0	0
0.000252466	0	0	0
0.000252513	0	0	0
0.000252684	0	0	0
0.00025286	0	0	0
0.000253681	0	0	0
0.000253718	0	0	0
0.000254145	0	0	0
0.000255217	0	0	0
0.000256033	0	0	0
0.000256531	0	0	0
0.000259351	0	0	0
0.000259623	0	0	0
0.000260086	0	0	0
0.000261997	0	0	0
0.000262618	0	0	0
0.000263116	0	0	0
0.000264578	0	0	0
0.000265754	0	0	0
0.000267675	0	0	0
0.000270326	0	0	0
0.00027069	0	0	0
0.00027152	0	0	0
0.000272375	0	0	0
0.000273083	0	0	0
0.000273363	0	0	0
0.000273372	0	0	0
0.000274192	0	0	0
0.000274283	0	0	0
0.000276784	0	0	0
0.000276873	0	0	0
0.000281531	0	0	0
0.000283821	0	0	0
0.00028444	0	0	0
0.000284875	0	0	0
0.000286485	0	0	0
0.000288372	0	0	0
0.000289378	0	0	0
0.000290089	0	0	0
0.000290142	0	0	0
0.000291516	0	0	0
0.000291795	0	0	0
0.000292502	0	0	0
0.000292648	0	0	0
0.000295866	0	0	0
0.000296395	0	0	0
0.000296782	0	0	0
0.000297416	0	0	0
0.000303245	0	0	0
0.000303663	0	0	0
0.000305378	0	0	0
0.000305767	0	0	0
0.000309114	0	0	0
0.000309198	0	0	0
0.000309507	0	0	0
0.000315476	0	0	0
0.000316284	0	0	0
0.000318405	0	0	0
0.000319902	0	0	0
0.000320274	0	0	0
0.000320861	0	0	0
0.000322452	0	0	0
0.000323117	0	0	0
0.000325245	0	0	0
0.000325255	0	0	0
0.000326146	0	0	0
0.000326221	0	0	0
0.000327261	0	0	0
0.000329263	0	0	0
0.000329324	0	0	0
0.00032984	0	0	0
0.000330763	0	0	0
0.000334274	0	0	0
0.000334319	0	0	0
0.000335668	0	0	0
0.000336756	0	0	0
0.000337819	0	0	0
0.000341799	0	0	0
0.000343706	0	0	0
0.000347499	0	0	0
0.00034964	0	0	0
0.000350591	0	0	0
0.000352217	0	0	0
0.000360905	0	0	0
0.000361967	0	0	0
0.000362175	0	0	0
0.000362212	0	0	0
0.000362674	0	0	0
0.0003636	0	0	0
0.00036629	0	0	0
0.000369256	0	0	0
0.000369519	0	0	0
0.000370012	0	0	0
0.000371242	0	0	0
0.000371559	0	0	0
0.000373244	0	0	0
0.000373364	0	0	0
0.000374554	0	0	0
0.000376873	0	0	0
0.000381142	0	0	0
0.000384298	0	0	0
0.000386261	0	0	0
0.000387912	0	0	0
0.000388906	0	0	0
0.000390918	0	0	0
0.000393001	0	0	0
0.000399187	0	0	0
0.000399776	0	0	0
0.000401389	0	0	0
0.000403753	0	0	0
0.000404527	0	0	0
0.000405843	0	0	0
0.000412495	0	0	0
0.000415099	0	0	0
0.000417384	0	0	0
0.000417753	0	0	0
0.000421538	0	0	0
0.000424216	0	0	0
0.000424744	0	0	0
0.000427662	0	0	0
0.000428157	0	0	0
0.000432946	0	0	0
0.00043549	0	0	0
0.000435813	0	0	0
0.000437535	0	0	0
0.00044326	0	0	0
0.000443618	0	0	0
0.000444101	0	0	0
0.000444312	0	0	0
0.000445694	0	0	0
0.000445898	0	0	0
0.000447597	0	0	0
0.000450088	0	0	0
0.000453948	0	0	0
0.000454507	0	0	0
0.000455232	0	0	0
0.000464436	0	0	0
0.000468418	0	0	0
0.000469005	0	0	0
0.000475155	0	0	0
0.000479082	0	0	0
0.000480375	0	0	0
0.000483251	0	0	0
0.000487014	0	0	0
0.000497061	0	0	0
0.000499146	0	0	0
0.000511232	0	0	0
0.000512065	0	0	0
0.000513384	0	0	0
0.000518157	0	0	0
0.000518193	0	0	0
0.00052027	0	0	0
0.000529094	0	0	0
0.000529496	0	0	0
0.000532611	0	0	0
0.000534718	0	0	0
0.000534936	0	0	0
0.000538516	0	0	0
0.000544983	0	0	0
0.000547545	0	0	0
0.000551753	0	0	0
0.00055491	0	0	0
0.000556062	0	0	0
0.000556367	0	0	0
0.000557507	0	0	0
0.000557528	0	0	0
0.000559698	0	0	0
0.000561875	0	0	0
0.000564078	0	0	0
0.000565806	0	0	0
0.000570562	0	0	0
0.000572285	0	0	0
0.000575446	0	0	0
0.0005761	0	0	0
0.000586327	0	0	0
0.000590848	0	0	0
0.000596659	0	0	0
0.000597212	0	0	0
0.00060643	0	0	0
0.000616682	0	0	0
0.000617727	0	0	0
0.000622144	0	0	0
0.000625207	0	0	0
0.000629085	0	0	0
0.000629523	0	0	0
0.00063295	0	0	0
0.000639836	0	0	0
0.000639836	0	0	0
0.000649973	0	0	0
0.000656708	0	0	0
0.000660141	0	0	0
0.000661144	0	0	0
0.000664446	0	0	0
0.000665211	0	0	0
0.000674803	0	0	0
0.000675077	0	0	0
0.000680811	0	0	0
0.000683757	0	0	0
0.000685679	0	0	0
0.000685853	0	0	0
0.000686087	0	0	0
0.000690673	0	0	0
0.000692242	0	0	0
0.0007003	0	0	0
0.000702104	0	0	0
0.00070281	0	0	0
0.000705538	0	0	0
0.000708974	0	0	0
0.000715639	0	0	0
0.000718256	0	0	0
0.00071907	0	0	0
0.000723802	0	0	0
0.000724606	0	0	0
0.000726562	0	0	0
0.000730502	0	0	0
0.000733858	0	0	0
0.000741895	0	0	0
0.000743308	0	0	0
0.000745024	0	0	0
0.000745548	0	0	0
0.000746102	0	0	0
0.000760518	0	0	0
0.000761117	0	0	0
0.000770893	0	0	0
0.000779672	0	0	0
0.000780724	0	0	0
0.00078346	0	0	0
0.000790746	0	0	0
0.000798956	0	0	0
0.000806137	0	0	0
0.000811136	0	0	0
0.000814092	0	0	0
0.000823809	0	0	0
0.000835768	0	0	0
0.000847355	0	0	0
0.000848137	0	0	0
0.000858695	0	0	0
0.0008603	0	0	0
0.000869386	0	0	0
0.000871855	0	0	0
0.000884596	0	0	0
0.00089906	0	0	0
0.000907835	0	0	0
0.000910954	0	0	0
0.00093225	0	0	0
0.000942485	0	0	0
0.000944789	0	0	0
0.000945791	0	0	0
0.000959795	0	0	0
0.000982937	0	0	0
0.000984263	0	0	0
0.000991109	0	0	0
0.00101843	0	0	0
0.00102319	0	0	0
0.00102793	0	0	0
0.00103029	0	0	0
0.00103061	0	0	0
0.00103692	0	0	0
0.00103837	0	0	0
0.00104379	0	0	0
0.00104797	0	0	0
0.00105351	0	0	0
0.00106298	0	0	0
0.00106746	0	0	0
0.00108263	0	0	0
0.00110057	0	0	0
0.00110158	0	0	0
0.00111842	0	0	0
0.00112053	0	0	0
0.00112232	0	0	0
0.00112366	0	0	0
0.0011279	0	0	0
0.00112916	0	0	0
0.00113036	0	0	0
0.00113042	0	0	0
0.00114813	0	0	0
0.00118158	0	0	0
0.00120188	0	0	0
0.00122711	0	0	0
0.00124106	0	0	0
0.00125825	0	0	0
0.00127212	0	0	0
0.00129325	0	0	0
0.00129405	0	0	0
0.0013021	0	0	0
0.00131596	0	0	0
0.0013355	0	0	0
0.00134461	0	0	0
0.00136087	0	0	0
0.00136181	0	0	0
0.00136341	0	0	0
0.00137599	0	0	0
0.00138037	0	0	0
0.00140148	0	0	0
0.0014066	0	0	0
0.00141791	0	0	0
0.00141886	0	0	0
0.00142622	0	0	0
0.00142815	0	0	0
0.00143258	0	0	0
0.00145912	0	0	0
0.00152422	0	0	0
0.00155815	0	0	0
0.00156232	0	0	0
0.00156666	0	0	0
0.00157012	0	0	0
0.00157469	0	0	0
0.00157645	0	0	0
0.0015961	0	0	0
0.00159991	0	0	0
0.0016254	0	0	0
0.00164027	0	0	0
0.0016456	0	0	0
0.00164716	0	0	0
0.00165431	0	0	0
0.00166204	0	0	0
0.00166838	0	0	0
0.00167839	0	0	0
0.00168111	0	0	0
0.00179823	0	0	0
0.00180256	0	0	0
0.00180816	0	0	0
0.0018379	0	0	0
0.00186449	0	0	0
0.00189237	0	0	0
0.00190118	0	0	0
0.00191843	0	0	0
0.00192578	0	0	0
0.00194227	0	0	0
0.00195005	0	0	0
0.00195934	0	0	0
0.00197075	0	0	0
0.00199966	0	0	0
0.00210151	0	0	0
0.0021321	0	0	0
0.00218168	0	0	0
0.00224579	0	0	0
0.00226827	0	0	0
0.00229227	0	0	0
0.002319	0	0	0
0.00236524	0	0	0
0.00238192	0	0	0
0.0024262	0	0	0
0.00250375	0	0	0
0.00259126	0	0	0
0.00268473	0	0	0
0.00275957	0	0	0
0.00281379	0	0	0
0.0028874	0	0	0
0.00289624	0	0	0
0.0029404	0	0	0
0.0029548	0	0	0
0.00298161	0	0	0
0.00299317	0	0	0
0.00302296	0	0	0
0.00306615	0	0	0
0.00310859	0	0	0
0.00311793	0	0	0
0.00314864	0	0	0
0.00318927	0	0	0
0.00321493	0	0	0
0.00329453	0	0	0
0.00329982	0	0	0
0.00346343	0	0	0
0.00353168	0	0	0
0.00359082	0	0	0
0.00360594	0	0	0
0.0037329	0	0	0
0.00373707	0	0	0
0.00373932	0	0	0
0.00376953	0	0	0
0.00377141	0	0	0
0.0038061	0	0	0
0.00388538	0	0	0
0.00395377	0	0	0
0.00396954	0	0	0
0.00418152	0	0	0
0.00419851	0	0	0
0.00448498	0	0	0
0.004509	0	0	0
0.00455043	0	0	0
0.00487712	0	0	0
0.00497434	0	0	0
0.00520741	0	0	0
0.00572974	0	0	0
0.00616098	0	0	0
0.00620341	0	0	0
0.00624526	0	0	0
0.00639168	0	0	0
0.0064197	0	0	0
0.00645717	0	0	0
0.00658981	0	0	0
0.00678062	0	0	0
0.00741509	0	0	0
0.00743205	0	0	0
0.00745033	0	0	0
0.00755851	0	0	0
0.00831743	0	0	0
0.00972798	0	0	0
0.0104488	0	0	0
0.0122618	0	0	0
0.014746	0	0	0
0.0158494	0	0	0
0.0160098	0	0	0
0.0168928	0	0	0
0.0191123	0	0	0
0.0198184	0	0	0
0.0248112	0	0	0
0.041596	0	0	0
0.0429643	0.0412541	0.0825083	0
0.0486258	0.123762	0	0
0.0489501	0.165017	0.0825083	0
0.0596161	0.247525	0	0
0.0603413	0.247525	0.165017	0
0.0630202	0.330033	0.0825083	0
0.0706427	0.412541	0	0
0.0827885	0.412541	0	0
0.0995837	0.412541	0	0
0.099698	0.412541	0.0825083	0
0.110016	0.49505	0	0
0.110045	0.536304	0.0825083	0
0.121627	0.618812	0	0
0.142474	0.618812	0	0
0.157266	0.618812	0	0
0.168839	0.618812	0	0
0.171608	0.660066	0.0825083	0
0.204673	0.742574	0	0
0.239966	0.742574	0	0.125471
0.254887	0.742574	0	0.125471
0.254898	0.783828	0.0825083	0.125471
0.265749	0.866337	0	0.125471
0.265765	0.866337	0	0.250941
0.269344	0.866337	0	0.376412
0.270175	0.907591	0.0825083	0.376412
0.300718	0.990099	0	0.376412
0.301007	1.03135	0.0825083	0.376412
0.340919	1.11386	0	0.376412
0.343719	1.11386	0	0.376412
0.344417	1.11386	0.165017	0.376412
0.345133	1.19637	0.0825083	0.376412
0.368809	1.27888	0	0.376412
0.370652	1.32013	0.0825083	0.376412
0.374647	1.40264	0	0.376412
0.385838	1.40264	0.0825083	0.376412
0.391983	1.48515	0	0.376412
0.410585	1.48515	0	0.376412
0.410705	1.48515	0.0825083	0.376412
0.427439	1.56766	0	0.376412
0.429061	1.56766	0.165017	0.376412
0.431293	1.65016	0.0825083	0.376412
0.455745	1.73267	0	0.376412
0.456135	1.73267	0.165017	0.376412
0.456408	1.81518	0.0825083	0.376412
0.461097	1.89769	0	0.376412
0.462434	1.89769	0	0.376412
0.47143	1.89769	0	0.501882
0.471948	1.89769	0.165017	0.501882
0.472529	1.9802	0.0825083	0.501882
0.474628	2.06271	0	0.501882
0.474995	2.06271	0.165017	0.501882
0.477155	2.14521	0.0825083	0.501882
0.477222	2.18647	0.165017	0.501882
0.477393	2.22772	0.247525	0.501882
0.477626	2.31023	0.165017	0.501882
0.480144	2.39274	0.0825083	0.501882
0.481144	2.39274	0.0825083	0.627353
0.50682	2.47525	0	0.627353
0.516852	2.47525	0	0.627353
0.523841	2.47525	0	0.752823
0.534538	2.47525	0	0.878294
0.555306	2.47525	0	0.878294
0.566885	2.47525	0	0.878294
0.568057	2.47525	0	1.00376
0.613289	2.47525	0	1.12923
0.613462	2.47525	0.165017	1.12923
0.613725	2.55776	0.0825083	1.12923
0.620161	2.64026	0	1.12923
0.627137	2.64026	0	1.25471
0.627941	2.68152	0.0825083	1.25471
0.630076	2.76403	0	1.25471
0.632561	2.76403	0.165017	1.25471
0.634427	2.84653	0.0825083	1.25471
0.635513	2.84653	0.0825083	1.38018
0.643977	2.92904	0	1.38018
0.647843	2.92904	0	1.50565
0.659553	2.92904	0	1.63112
0.678125	2.92904	0	1.75659
0.685274	2.92904	0	1.88206
0.685558	2.92904	0.165017	1.88206
0.686249	3.01155	0.0825083	1.88206
0.689662	3.01155	0.0825083	2.00753
0.71661	3.09406	0	2.00753
0.721939	3.09406	0	2.00753
0.725543	3.09406	0	2.00753
0.726612	3.09406	0.165017	2.00753
0.727161	3.17657	0.0825083	2.00753
0.746516	3.25908	0	2.00753
0.749132	3.30033	0.0825083	2.00753
0.76782	3.38284	0	2.00753
0.771501	3.38284	0.0825083	2.00753
0.778811	3.46535	0	2.00753
0.795467	3.46535	0	2.00753
0.797924	3.46535	0.0825083	2.00753
0.798181	3.54785	0	2.00753
0.799818	3.58911	0.0825083	2.00753
0.803941	3.67162	0	2.00753
0.816066	3.67162	0	2.133
0.822427	3.67162	0	2.25847
0.825074	3.67162	0	2.38394
0.831117	3.71287	0.0825083	2.38394
0.833395	3.79538	0	2.38394
0.834706	3.79538	0.165017	2.38394
0.836415	3.87789	0.0825083	2.38394
0.843473	3.9604	0	2.38394
0.84441	3.9604	0.0825083	2.38394
0.861907	4.0429	0	2.38394
0.902526	4.0429	0	2.50941
0.905084	4.0429	0	2.63488
0.912037	4.0429	0	2.63488
0.916221	4.0429	0.0825083	2.63488
0.963856	4.12541	0	2.63488
0.966892	4.12541	0	2.76035
0.969668	4.16667	0.0825083	2.76035
0.99183	4.24918	0	2.76035
0.992933	4.24918	0.165017	2.76035
0.992966	4.33168	0.0825083	2.76035
1.02406	4.41419	0	2.76035
1.02593	4.41419	0.165017	2.76035
1.02703	4.4967	0.0825083	2.76035
1.05785	4.57921	0	2.76035
1.09149	4.57921	0	2.88582
1.10376	4.57921	0	2.88582
1.12203	4.57921	0	3.01129
1.13008	4.57921	0	3.13676
1.13045	4.57921	0.0825083	3.13676
1.13158	4.66172	0	3.13676
1.13586	4.66172	0	3.26223
1.1436	4.66172	0	3.3877
1.15455	4.66172	0	3.51317
1.1606	4.66172	0	3.63864
1.16158	4.66172	0.165017	3.63864
1.16298	4.74422	0.0825083	3.63864
1.16586	4.82673	0	3.63864
1.1729	4.82673	0	3.76412
1.17936	4.82673	0	3.88959
1.18522	4.82673	0	4.01506
1.18756	4.82673	0	4.14053
1.18857	4.86799	0.0825083	4.14053
1.20993	4.9505	0	4.14053
1.20994	4.99175	0.0825083	4.14053
1.21998	5.07426	0	4.14053
1.2207	5.07426	0	4.14053
1.22223	5.07426	0.165017	4.14053
1.22588	5.15677	0.0825083	4.14053
1.24281	5.23927	0	4.14053
1.26645	5.23927	0	4.266
1.27148	5.23927	0.0825083	4.266
1.30199	5.32178	0	4.266
1.33546	5.32178	0	4.266
1.34306	5.36304	0.0825083	4.266
1.3507	5.44554	0	4.266
1.38618	5.44554	0	4.39147
1.39016	5.44554	0	4.51694
1.39069	5.44554	0.165017	4.51694
1.39462	5.52805	0.0825083	4.51694
1.39945	5.61056	0	4.51694
1.39994	5.65182	0.0825083	4.51694
1.44962	5.73432	0	4.51694
1.44985	5.77558	0.0825083	4.51694
1.46422	5.85809	0	4.51694
1.46656	5.89934	0.0825083	4.51694
1.46843	5.98185	0	4.51694
1.46847	5.98185	0.165017	4.51694
1.46865	6.06436	0.0825083	4.51694
1.4755	6.14686	0	4.51694
1.47572	6.18812	0.0825083	4.51694
1.47697	6.27063	0	4.51694
1.48808	6.27063	0	4.51694
1.49362	6.27063	0	4.64241
1.50372	6.27063	0	4.76788
1.5041	6.31188	0.0825083	4.76788
1.50446	6.39439	0	4.76788
1.50454	6.39439	0.165017	4.76788
1.50627	6.4769	0.0825083	4.76788
1.53004	6.55941	0	4.76788
1.53004	6.55941	0.165017	4.76788
1.53161	6.64191	0.0825083	4.76788
1.53212	6.64191	0.247525	4.76788
1.5351	6.72442	0.165017	4.76788
1.53678	6.80693	0.0825083	4.76788
1.54038	6.84818	0.165017	4.76788
1.54324	6.93069	0.0825083	4.76788
1.54849	7.0132	0	4.76788
1.55132	7.0132	0	4.76788
1.55341	7.05446	0.0825083	4.76788
1.56157	7.13696	0	4.76788
1.58434	7.13696	0	4.76788
1.58653	7.13696	0.0825083	4.76788
1.61713	7.21947	0	4.76788
1.61831	7.21947	0.0825083	4.76788
1.626	7.30198	0	4.76788
1.63406	7.30198	0	4.89335
1.63945	7.30198	0	4.89335
1.64154	7.30198	0	5.01882
1.6421	7.34323	0.0825083	5.01882
1.64432	7.42574	0	5.01882
1.70899	7.42574	0	5.14429
1.70899	7.467	0.0825083	5.14429
1.71154	7.5495	0	5.14429
1.7174	7.5495	0	5.26976
1.73989	7.5495	0	5.39523
1.74332	7.59076	0.0825083	5.39523
1.75278	7.67327	0	5.39523
1.75507	7.67327	0.0825083	5.39523
1.7555	7.67327	0.0825083	5.39523
1.77041	7.75578	0	5.39523
1.77687	7.75578	0	5.39523
1.85106	7.75578	0	5.5207
1.85447	7.75578	0	5.5207
1.85935	7.75578	0	5.64617
1.8604	7.75578	0.165017	5.64617
1.86313	7.83828	0.0825083	5.64617
1.86586	7.92079	0	5.64617
1.88522	7.92079	0	5.89711
1.89433	7.92079	0	6.02258
1.89463	7.96205	0.0825083	6.02258
1.89673	7.96205	0.0825083	6.14806
1.90907	8.04455	0	6.14806
1.91006	8.04455	0.165017	6.14806
1.91043	8.12706	0.0825083	6.14806
1.92386	8.20957	0	6.14806
1.93933	8.20957	0	6.14806
1.94058	8.25082	0.0825083	6.14806
1.95091	8.33333	0	6.14806
1.95096	8.33333	0.165017	6.14806
1.95112	8.41584	0.0825083	6.14806
1.97	8.49835	0	6.14806
1.97148	8.5396	0.0825083	6.14806
1.98909	8.62211	0	6.14806
1.98919	8.66337	0.0825083	6.14806
2.01351	8.74587	0	6.14806
2.01652	8.78713	0.0825083	6.14806
2.01999	8.86964	0	6.14806
2.02086	8.91089	0.0825083	6.14806
2.02437	8.9934	0	6.14806
2.04015	8.9934	0	6.27353
2.04077	8.9934	0.0825083	6.27353
2.06291	9.07591	0	6.27353
2.06549	9.07591	0	6.27353
2.0664	9.07591	0.0825083	6.27353
2.06727	9.07591	0.0825083	6.27353
2.09228	9.15842	0	6.27353
2.09569	9.19967	0.0825083	6.27353
2.10804	9.28218	0	6.27353
2.12905	9.28218	0	6.399
2.13007	9.28218	0.165017	6.399
2.13142	9.36469	0.0825083	6.399
2.14057	9.4472	0	6.399
2.14119	9.4472	0	6.52447
2.14158	9.4472	0	6.64994
2.14779	9.4472	0	6.64994
2.14978	9.48845	0.0825083	6.64994
2.15283	9.57096	0	6.64994
2.15455	9.61221	0.0825083	6.64994
2.15954	9.69472	0	6.64994
2.16447	9.69472	0	6.64994
2.20736	9.69472	0	6.77541
2.20812	9.69472	0.165017	6.77541
2.20825	9.77723	0.0825083	6.77541
2.21024	9.85974	0	6.77541
2.21947	9.85974	0	6.77541
2.22485	9.85974	0	6.90088
2.23084	9.85974	0	6.90088
2.23128	9.90099	0.0825083	6.90088
2.23232	9.90099	0.0825083	7.02635
2.23249	9.9835	0	7.02635
2.23466	10.0248	0.0825083	7.02635
2.23769	10.1073	0	7.02635
2.23891	10.1073	0	7.15182
2.24555	10.1073	0	7.27729
2.25741	10.1073	0	7.40276
2.29265	10.1073	0	7.40276
2.29504	10.1073	0	7.6537
2.29629	10.1073	0.165017	7.6537
2.29733	10.1898	0.0825083	7.6537
2.30907	10.2723	0	7.6537
2.31947	10.2723	0	7.6537
2.33638	10.2723	0	7.6537
2.34171	10.2723	0	7.6537
2.34228	10.3135	0.0825083	7.6537
2.35981	10.396	0	7.6537
2.36174	10.4373	0.0825083	7.6537
2.37955	10.5198	0	7.6537
2.38586	10.5198	0	7.6537
2.38628	10.5198	0	7.6537
2.38644	10.5198	0.165017	7.6537
2.38787	10.6023	0.0825083	7.6537
2.39102	10.6848	0	7.6537
2.3934	10.6848	0.165017	7.6537
2.39419	10.7673	0.0825083	7.6537
2.40256	10.8498	0	7.6537
2.40655	10.8498	0	7.6537
2.40661	10.8498	0.165017	7.6537
2.40751	10.9323	0.0825083	7.6537
2.4095	11.0149	0	7.6537
2.42678	11.0149	0	7.6537
2.45724	11.0149	0	7.6537
2.45898	11.0561	0.0825083	7.6537
2.46213	11.1386	0	7.6537
2.46298	11.1386	0.165017	7.6537
2.46368	11.2211	0.0825083	7.6537
2.46504	11.2211	0.0825083	7.77917
2.48231	11.3036	0	7.77917
2.50053	11.3036	0	7.90464
2.51552	11.3036	0	7.90464
2.51789	11.3036	0	8.03011
2.51794	11.3036	0.165017	8.03011
2.51864	11.3861	0.0825083	8.03011
2.53071	11.4686	0	8.03011
2.54836	11.4686	0	8.03011
2.55033	11.4686	0.0825083	8.03011
2.60268	11.5512	0	8.03011
2.61169	11.5512	0	8.03011
2.62665	11.5512	0	8.15558
2.62719	11.5924	0.0825083	8.15558
2.63758	11.6749	0	8.15558
2.64248	11.6749	0	8.28105
2.69011	11.6749	0	8.28105
2.69022	11.7162	0.0825083	8.28105
2.70959	11.7987	0	8.28105
2.73274	11.7987	0	8.40652
2.74639	11.7987	0	8.53199
2.77234	11.7987	0	8.65747
2.77567	11.7987	0	8.65747
2.78509	11.7987	0	8.78294
2.78889	11.7987	0	8.90841
2.79729	11.7987	0	8.90841
2.79749	11.8399	0.0825083	8.90841
2.85766	11.9224	0	8.90841
2.85809	11.9637	0.0825083	8.90841
2.86425	12.0462	0	8.90841
2.8833	12.0462	0	9.03388
2.8964	12.0462	0	9.15935
2.91112	12.0462	0	9.28482
2.92139	12.0462	0	9.41029
2.9216	12.0462	0.165017	9.41029
2.92264	12.1287	0.0825083	9.41029
2.95072	12.2112	0	9.41029
2.9723	12.2112	0	9.41029
3.00195	12.2112	0	9.53576
3.00222	12.2525	0.0825083	9.53576
3.00298	12.2937	0.165017	9.53576
3.00362	12.3762	0.0825083	9.53576
3.04333	12.4587	0	9.53576
3.04583	12.4587	0	9.66123
3.04611	12.5	0.0825083	9.66123
3.05693	12.5825	0	9.66123
3.08068	12.5825	0	9.7867
3.10028	12.5825	0	9.91217
3.10107	12.5825	0.0825083	9.91217
3.10846	12.665	0	9.91217
3.11242	12.665	0	9.91217
3.12163	12.665	0	10.0376
3.13072	12.665	0	10.0376
3.14888	12.665	0	10.1631
3.16767	12.665	0	10.1631
3.1691	12.665	0.165017	10.1631
3.17141	12.7475	0.0825083	10.1631
3.1739	12.7475	0.0825083	10.2886
3.19341	12.83	0	10.2886
3.19384	12.83	0.165017	10.2886
3.19392	12.9125	0.0825083	10.2886
3.19662	12.995	0	10.2886
3.22917	12.995	0	10.2886
3.2298	12.995	0	10.4141
3.23058	12.995	0.165017	10.4141
3.23125	13.0776	0.0825083	10.4141
3.23381	13.1601	0	10.4141
3.24781	13.1601	0	10.5395
3.25081	13.2013	0.0825083	10.5395
3.25239	13.2838	0	10.5395
3.25253	13.2838	0.165017	10.5395
3.25276	13.3663	0.0825083	10.5395
3.27066	13.4488	0	10.5395
3.27166	13.4488	0	10.665
3.28716	13.4488	0	10.7905
3.30776	13.4488	0	10.9159
3.31113	13.4901	0.0825083	10.9159
3.32328	13.5726	0	10.9159
3.32569	13.6139	0.0825083	10.9159
3.33432	13.6964	0	10.9159
3.33535	13.6964	0.165017	10.9159
3.33577	13.7789	0.0825083	10.9159
3.34618	13.8614	0	10.9159
3.35408	13.8614	0	11.0414
3.3977	13.8614	0	11.1669
3.39785	13.8614	0	11.1669
3.39807	13.8614	0.165017	11.1669
3.39882	13.9439	0.0825083	11.1669
3.39956	13.9439	0.0825083	11.2923
3.39994	13.9851	0.165017	11.2923
3.40016	14.0677	0.0825083	11.2923
3.4018	14.1502	0	11.2923
3.40197	14.1502	0.0825083	11.2923
3.40634	14.2327	0	11.2923
3.41488	14.2327	0	11.2923
3.46066	14.2327	0	11.4178
3.46321	14.2327	0	11.5433
3.4638	14.2327	0.165017	11.5433
3.4647	14.3152	0.0825083	11.5433
3.48543	14.3977	0	11.5433
3.48587	14.4389	0.0825083	11.5433
3.49679	14.5215	0	11.5433
3.49759	14.5215	0.0825083	11.5433
3.49819	14.604	0	11.5433
3.55554	14.604	0	11.6688
3.58115	14.604	0	11.7942
3.58131	14.604	0.165017	11.7942
3.59073	14.6865	0.0825083	11.7942
3.59463	14.769	0	11.7942
3.59479	14.8102	0.0825083	11.7942
3.60392	14.8927	0	11.7942
3.60403	14.8927	0.165017	11.7942
3.60405	14.9752	0.0825083	11.7942
3.60791	15.0578	0	11.7942
3.6135	15.0578	0.0825083	11.7942
3.62557	15.1403	0	11.7942
3.62573	15.1403	0.165017	11.7942
3.62586	15.1815	0.247525	11.7942
3.62605	15.264	0.165017	11.7942
3.63246	15.3465	0.0825083	11.7942
3.63807	15.429	0	11.7942
3.64123	15.4703	0.0825083	11.7942
3.65215	15.5528	0	11.7942
3.66794	15.5528	0	11.9197
3.67019	15.5528	0	12.0452
3.6956	15.5528	0	12.0452
3.69587	15.5528	0.165017	12.0452
3.69605	15.6353	0.0825083	12.0452
3.72232	15.7178	0	12.0452
3.7226	15.7178	0.165017	12.0452
3.72567	15.8003	0.0825083	12.0452
3.75927	15.8828	0	12.0452
3.76132	15.8828	0.165017	12.0452
3.76252	15.9653	0.0825083	12.0452
3.76731	16.0479	0	12.0452
3.76925	16.0479	0	12.1706
3.77518	16.0479	0	12.2961
3.77751	16.0891	0.0825083	12.2961
3.79428	16.1716	0	12.2961
3.79466	16.2129	0.0825083	12.2961
3.7987	16.2129	0.0825083	12.4216
3.83199	16.2954	0	12.4216
3.83233	16.2954	0.165017	12.4216
3.83307	16.3779	0.0825083	12.4216
3.83402	16.4604	0	12.4216
3.84135	16.4604	0	12.5471
3.88594	16.4604	0	12.6725
3.93241	16.4604	0	12.798
3.93288	16.4604	0.165017	12.798
3.93521	16.5429	0.0825083	12.798
3.9724	16.6254	0	12.798
3.97343	16.6667	0.0825083	12.798
3.97613	16.7492	0	12.798
3.98221	16.7492	0	12.798
3.98445	16.7492	0	12.9235
4.08573	16.7492	0	12.9235
4.09432	16.7492	0	13.0489
4.09554	16.7904	0.0825083	13.0489
4.11246	16.8729	0	13.0489
4.12335	16.8729	0	13.1744
4.12357	16.9142	0.0825083	13.1744
4.12357	16.9142	0.0825083	13.1744
4.12488	16.9142	0.0825083	13.1744
4.13198	16.9967	0	13.1744
4.13202	16.9967	0	13.2999
4.1816	16.9967	0	13.2999
4.18648	16.9967	0	13.4253
4.18657	16.9967	0	13.4253
4.18878	16.9967	0	13.6763
4.19054	17.038	0.0825083	13.6763
4.19511	17.1205	0	13.6763
4.19577	17.1205	0.0825083	13.6763
4.19592	17.1617	0.165017	13.6763
4.19815	17.2442	0.0825083	13.6763
4.21365	17.3267	0	13.6763
4.21404	17.3267	0.165017	13.6763
4.21604	17.4092	0.0825083	13.6763
4.22581	17.4917	0	13.6763
4.22599	17.4917	0.165017	13.6763
4.2268	17.5743	0.0825083	13.6763
4.22708	17.6568	0	13.6763
4.22893	17.698	0.0825083	13.6763
4.22985	17.7805	0	13.6763
4.24831	17.7805	0	13.8018
4.24852	17.8218	0.0825083	13.8018
4.26225	17.9043	0	13.8018
4.26329	17.9043	0	13.9272
4.26373	17.9043	0.165017	13.9272
4.26397	17.9043	0.165017	14.0527
4.26443	17.9868	0.0825083	14.0527
4.26979	18.0693	0	14.0527
4.28055	18.0693	0	14.1782
4.28133	18.0693	0.165017	14.1782
4.28307	18.1518	0.0825083	14.1782
4.28595	18.2343	0	14.1782
4.30358	18.2343	0	14.1782
4.30373	18.2343	0.165017	14.1782
4.30498	18.3168	0.0825083	14.1782
4.3266	18.3993	0	14.1782
4.33049	18.3993	0	14.1782
4.33055	18.3993	0.165017	14.1782
4.3318	18.4818	0.0825083	14.1782
4.33398	18.5644	0	14.1782
4.33415	18.6056	0.0825083	14.1782
4.34479	18.6881	0	14.1782
4.36897	18.6881	0	14.4291
4.38698	18.6881	0	14.5546
4.40509	18.6881	0	14.68
4.40528	18.6881	0.165017	14.68
4.40533	18.7706	0.0825083	14.68
4.42314	18.8531	0	14.68
4.42432	18.8944	0.0825083	14.68
4.46767	18.9769	0	14.68
4.48279	18.9769	0	14.68
4.48336	18.9769	0.0825083	14.68
4.48863	19.0594	0	14.68
4.49031	19.0594	0.165017	14.68
4.49147	19.1419	0.0825083	14.68
4.49616	19.2244	0	14.68
4.51051	19.2244	0	14.68
4.517	19.2244	0	14.68
4.5199	19.2244	0	14.8055
4.52133	19.2657	0.0825083	14.8055
4.55653	19.3482	0	14.8055
4.55697	19.3894	0.0825083	14.8055
4.56405	19.4719	0	14.8055
4.5854	19.4719	0	14.931
4.58645	19.4719	0	15.0565
4.58708	19.4719	0.165017	15.0565
4.58825	19.5545	0.0825083	15.0565
4.60398	19.637	0	15.0565
4.60422	19.637	0.165017	15.0565
4.6047	19.7195	0.0825083	15.0565
4.61325	19.802	0	15.0565
4.61368	19.802	0	15.0565
4.61639	19.802	0.0825083	15.0565
4.62514	19.8845	0	15.0565
4.65604	19.8845	0	15.1819
4.67212	19.8845	0	15.4329
4.67328	19.9257	0.0825083	15.4329
4.67655	20.0083	0	15.4329
4.67715	20.0083	0.0825083	15.4329
4.69542	20.0908	0	15.4329
4.72616	20.0908	0	15.5583
4.72623	20.0908	0.165017	15.5583
4.72805	20.1733	0.0825083	15.5583
4.7332	20.2558	0	15.5583
4.74124	20.2558	0	15.6838
4.74588	20.2558	0	15.6838
4.74787	20.2558	0	15.8093
4.74914	20.297	0.0825083	15.8093
4.75567	20.297	0.0825083	15.8093
4.77383	20.3795	0	15.8093
4.78328	20.4208	0.0825083	15.8093
4.79393	20.5033	0	15.8093
4.79575	20.5033	0.0825083	15.8093
4.85101	20.5858	0	15.8093
4.86164	20.5858	0	15.9348
4.86235	20.6271	0.0825083	15.9348
4.86253	20.7096	0	15.9348
4.87008	20.7096	0	16.0602
4.87392	20.7508	0.0825083	16.0602
4.92578	20.8333	0	16.0602
4.92742	20.8746	0.0825083	16.0602
4.93605	20.9571	0	16.0602
4.95083	20.9571	0	16.1857
4.95169	20.9571	0.165017	16.1857
4.95468	21.0396	0.0825083	16.1857
4.99928	21.1221	0	16.1857
4.99949	21.1221	0.165017	16.1857
5.0007	21.2046	0.0825083	16.1857
5.00079	21.2871	0	16.1857
5.00931	21.2871	0	16.3112
5.01088	21.2871	0.0825083	16.3112
5.10595	21.3696	0	16.3112
5.10696	21.4109	0.0825083	16.3112
5.11966	21.4934	0	16.3112
5.12023	21.5347	0.0825083	16.3112
5.13219	21.6172	0	16.3112
5.13518	21.6584	0.0825083	16.3112
5.15875	21.7409	0	16.3112
5.16083	21.7409	0	16.3112
5.17205	21.7409	0	16.4366
5.1744	21.7822	0.0825083	16.4366
5.18459	21.8647	0	16.4366
5.21725	21.8647	0	16.5621
5.21899	21.8647	0.165017	16.5621
5.22025	21.9472	0.0825083	16.5621
5.24498	22.0297	0	16.5621
5.26255	22.0297	0	16.5621
5.28572	22.0297	0	16.6876
5.28912	22.0297	0	16.813
5.30683	22.0297	0	16.9385
5.30811	22.071	0.0825083	16.9385
5.31249	22.1535	0	16.9385
5.31391	22.1535	0.0825083	16.9385
5.32833	22.236	0	16.9385
5.36293	22.236	0	17.064
5.36481	22.2772	0.0825083	17.064
5.42731	22.3597	0	17.064
5.44308	22.3597	0	17.1895
5.46535	22.3597	0	17.3149
5.47267	22.3597	0	17.3149
5.53953	22.3597	0	17.4404
5.53978	22.3597	0.165017	17.4404
5.54227	22.4422	0.0825083	17.4404
5.56584	22.5248	0	17.4404
5.58205	22.5248	0	17.5659
5.58222	22.5248	0.165017	17.5659
5.58313	22.6073	0.0825083	17.5659
5.58522	22.6898	0	17.5659
5.58589	22.731	0.0825083	17.5659
5.60618	22.8135	0	17.5659
5.62086	22.8135	0	17.6913
5.643	22.8135	0	17.8168
5.65074	22.8135	0	17.9423
5.66616	22.8135	0	18.0678
5.66822	22.8548	0.0825083	18.0678
5.67129	22.9373	0	18.0678
5.67329	22.9373	0	18.1932
5.68634	22.9373	0	18.3187
5.68716	22.9373	0.0825083	18.3187
5.68729	22.9373	0.247525	18.3187
5.68763	23.0198	0.165017	18.3187
5.688	23.1023	0.0825083	18.3187
5.71842	23.1848	0	18.3187
5.71894	23.2261	0.0825083	18.3187
5.72894	23.3086	0	18.3187
5.75594	23.3086	0	18.4442
5.76408	23.3086	0	18.5696
5.76694	23.3498	0.0825083	18.5696
5.77673	23.4323	0	18.5696
5.77769	23.4736	0.0825083	18.5696
5.77938	23.4736	0.0825083	18.6951
5.79575	23.5561	0	18.6951
5.7973	23.5974	0.0825083	18.6951
5.79814	23.6799	0	18.6951
5.7984	23.6799	0.0825083	18.6951
5.82257	23.7624	0	18.6951
5.82485	23.7624	0.0825083	18.6951
5.8393	23.8449	0	18.6951
5.86666	23.8449	0	18.8206
5.86681	23.8449	0.165017	18.8206
5.86713	23.9274	0.0825083	18.8206
5.86949	24.0099	0	18.8206
5.87012	24.0099	0	18.946
5.87042	24.0099	0.165017	18.946
5.87476	24.0924	0.0825083	18.946
5.92161	24.1749	0	18.946
5.92544	24.2162	0.0825083	18.946
5.92873	24.2987	0	18.946
5.93188	24.2987	0.165017	18.946
5.93381	24.3812	0.0825083	18.946
5.95096	24.4637	0	18.946
5.95304	24.5049	0.0825083	18.946
6.01213	24.5875	0	18.946
6.0376	24.5875	0	19.0715
6.04255	24.5875	0	19.197
6.04528	24.5875	0	19.3225
6.08015	24.5875	0	19.4479
6.08758	24.5875	0	19.4479
6.09028	24.5875	0	19.5734
6.09073	24.6287	0.0825083	19.5734
6.10822	24.7112	0	19.5734
6.1101	24.7112	0.0825083	19.5734
6.12435	24.7937	0	19.5734
6.12784	24.835	0.0825083	19.5734
6.16254	24.9175	0	19.5734
6.16593	24.9175	0.165017	19.5734
6.16681	25	0.0825083	19.5734
6.24425	25.0825	0	19.5734
6.24629	25.0825	0.0825083	19.5734
6.30932	25.165	0	19.5734
6.31144	25.2063	0.0825083	19.5734
6.34033	25.2888	0	19.5734
6.34387	25.33	0.0825083	19.5734
6.36027	25.4125	0	19.5734
6.37966	25.4125	0	19.6989
6.3981	25.4125	0	19.8243
6.39883	25.4125	0.165017	19.8243
6.39956	25.4951	0.0825083	19.8243
6.40088	25.5776	0	19.8243
6.40143	25.5776	0	19.9498
6.41288	25.5776	0	20.0753
6.43239	25.5776	0	20.2008
6.4343	25.5776	0.0825083	20.2008
6.44895	25.6601	0	20.2008
6.4505	25.7013	0.0825083	20.2008
6.46554	25.7838	0	20.2008
6.48737	25.7838	0	20.3262
6.50248	25.7838	0	20.4517
6.5335	25.7838	0	20.5772
6.53654	25.8251	0.0825083	20.5772
6.55118	25.9076	0	20.5772
6.55576	25.9076	0.165017	20.5772
6.55812	25.9901	0.0825083	20.5772
6.55908	26.0726	0	20.5772
6.55999	26.0726	0.165017	20.5772
6.56004	26.1551	0.0825083	20.5772
6.57361	26.2376	0	20.5772
6.61476	26.2376	0	20.7026
6.61801	26.2376	0	20.8281
6.6363	26.2376	0	20.9536
6.6366	26.2376	0.165017	20.9536
6.63888	26.3201	0.0825083	20.9536
6.68598	26.4026	0	20.9536
6.68622	26.4026	0.0825083	20.9536
6.70015	26.4851	0	20.9536
6.70127	26.5264	0.0825083	20.9536
6.70266	26.5677	0.165017	20.9536
6.70311	26.6502	0.0825083	20.9536
6.70327	26.6914	0.165017	20.9536
6.70461	26.7739	0.0825083	20.9536
6.70622	26.8564	0	20.9536
6.70872	26.8977	0.0825083	20.9536
6.71115	26.9802	0	20.9536
6.74445	26.9802	0	21.079
6.75651	26.9802	0	21.2045
6.77712	26.9802	0	21.33
6.84639	26.9802	0	21.4555
6.8507	27.0215	0.0825083	21.4555
6.86269	27.104	0	21.4555
6.8631	27.1452	0.0825083	21.4555
6.86326	27.1452	0.247525	21.4555
6.86331	27.2277	0.165017	21.4555
6.8641	27.3102	0.0825083	21.4555
6.86426	27.3515	0.165017	21.4555
6.86446	27.434	0.0825083	21.4555
6.86508	27.5165	0	21.4555
6.86529	27.5578	0.0825083	21.4555
6.86718	27.6403	0	21.4555
6.86758	27.6815	0.0825083	21.4555
6.89491	27.764	0	21.4555
6.89524	27.8053	0.0825083	21.4555
6.92182	27.8878	0	21.4555
6.92467	27.929	0.0825083	21.4555
6.9249	28.0116	0	21.4555
6.92709	28.0528	0.0825083	21.4555
6.98781	28.1353	0	21.4555
7.01621	28.1353	0	21.5809
7.01684	28.1766	0.0825083	21.5809
7.0367	28.2591	0	21.5809
7.03711	28.3003	0.0825083	21.5809
7.03956	28.3828	0	21.5809
7.05321	28.3828	0	21.7064
7.05401	28.3828	0.165017	21.7064
7.05581	28.4653	0.0825083	21.7064
7.05582	28.5066	0.165017	21.7064
7.05729	28.5891	0.0825083	21.7064
7.11992	28.6716	0	21.7064
7.17348	28.6716	0	21.8319
7.17609	28.7129	0.0825083	21.8319
7.18751	28.7954	0	21.8319
7.18847	28.7954	0	21.9573
7.19114	28.8366	0.0825083	21.9573
7.20514	28.9191	0	21.9573
7.21629	28.9191	0	22.0828
7.24214	28.9191	0	22.2083
7.24422	28.9604	0.0825083	22.2083
7.2449	29.0429	0	22.2083
7.2699	29.0429	0	22.3338
7.32725	29.0429	0	22.4592
7.32732	29.0429	0.0825083	22.4592
7.38488	29.1254	0	22.4592
7.48619	29.1254	0	22.5847
7.50072	29.1254	0	22.7102
7.50464	29.1254	0.165017	22.7102
7.50529	29.2079	0.0825083	22.7102
7.51218	29.2904	0	22.7102
7.5126	29.2904	0.165017	22.7102
7.51267	29.3729	0.0825083	22.7102
7.51492	29.3729	0.0825083	22.8356
7.53188	29.4554	0	22.8356
7.54109	29.4554	0	22.9611
7.54168	29.4554	0.165017	22.9611
7.54366	29.538	0.0825083	22.9611
7.57981	29.6205	0	22.9611
7.58072	29.6617	0.0825083	22.9611
7.58585	29.7442	0	22.9611
7.60812	29.7442	0	23.0866
7.61135	29.7442	0.0825083	23.0866
7.63619	29.8267	0	23.0866
7.63628	29.8267	0.0825083	23.0866
7.63716	29.8267	0.0825083	23.3375
7.69414	29.9092	0	23.3375
7.69573	29.9505	0.0825083	23.3375
7.72175	30.033	0	23.3375
7.7226	30.033	0.165017	23.3375
7.72368	30.1155	0.0825083	23.3375
7.74381	30.198	0	23.3375
7.74453	30.198	0	23.463
7.7738	30.198	0	23.5885
7.78817	30.198	0	23.7139
7.81502	30.198	0	23.8394
7.81996	30.198	0	23.9649
7.82119	30.198	0.0825083	23.9649
7.83084	30.2805	0	23.9649
7.83853	30.2805	0	24.0903
7.84089	30.3218	0.0825083	24.0903
7.857	30.4043	0	24.0903
7.90227	30.4043	0	24.2158
7.9054	30.4043	0.0825083	24.2158
7.9137	30.4868	0	24.2158
7.92924	30.4868	0	24.3413
7.94346	30.4868	0	24.4668
7.94756	30.4868	0	24.5922
7.98246	30.4868	0	24.7177
7.98271	30.4868	0.165017	24.7177
7.98554	30.5693	0.0825083	24.7177
8.00159	30.6518	0	24.7177
8.00522	30.6518	0	24.8432
8.00812	30.6518	0.165017	24.8432
8.00927	30.7343	0.0825083	24.8432
8.01058	30.8168	0	24.8432
8.01481	30.8168	0	24.9686
8.01509	30.8168	0.0825083	24.9686
8.01962	30.8993	0	24.9686
8.02031	30.9406	0.0825083	24.9686
8.04577	31.0231	0	24.9686
8.04602	31.0644	0.0825083	24.9686
8.07378	31.1469	0	24.9686
8.08405	31.1469	0	25.0941
8.09422	31.1469	0	25.2196
8.09425	31.1469	0.0825083	25.2196
8.10801	31.2294	0	25.2196
8.11121	31.2294	0	25.2196
8.12688	31.2294	0	25.345
8.1489	31.2294	0	25.4705
8.15274	31.2294	0.0825083	25.4705
8.16038	31.3119	0	25.4705
8.16109	31.3531	0.0825083	25.4705
8.18551	31.4356	0	25.4705
8.19078	31.4769	0.0825083	25.4705
8.20465	31.5594	0	25.4705
8.24575	31.5594	0	25.596
8.2466	31.5594	0.165017	25.596
8.24771	31.6419	0.0825083	25.596
8.24837	31.7244	0	25.596
8.26274	31.7244	0	25.7215
8.26549	31.7244	0	25.8469
8.26562	31.7244	0.165017	25.8469
8.26575	31.8069	0.0825083	25.8469
8.30629	31.8894	0	25.8469
8.30734	31.8894	0.0825083	25.8469
8.31917	31.9719	0	25.8469
8.31917	31.9719	0.0825083	25.8469
8.33094	32.0545	0	25.8469
8.33191	32.0957	0.0825083	25.8469
8.34358	32.1782	0	25.8469
8.3544	32.1782	0	25.9724
8.45494	32.1782	0	26.0979
8.45874	32.2195	0.0825083	26.0979
8.48554	32.302	0	26.0979
8.51305	32.302	0	26.2233
8.51329	32.302	0	26.3488
8.51723	32.302	0	26.4743
8.53599	32.302	0	26.5997
8.53733	32.302	0	26.7252
8.54998	32.302	0	26.8507
8.60268	32.302	0	26.8507
8.60297	32.3432	0.0825083	26.8507
8.60732	32.4257	0	26.8507
8.63174	32.4257	0	26.9762
8.67244	32.4257	0	26.9762
8.67309	32.467	0.0825083	26.9762
8.6883	32.5495	0	26.9762
8.68866	32.5495	0.165017	26.9762
8.69176	32.632	0.0825083	26.9762
8.69695	32.7145	0	26.9762
8.69966	32.7145	0	27.1016
8.74353	32.7145	0	27.2271
8.74417	32.7558	0.0825083	27.2271
8.74515	32.7558	0.0825083	27.3526
8.77147	32.8383	0	27.3526
8.80156	32.8383	0	27.3526
8.83879	32.8383	0	27.478
8.85636	32.8383	0	27.6035
8.90579	32.8383	0	27.729
9.00078	32.8383	0	27.8545
9.0206	32.8383	0	27.9799
9.02183	32.8383	0.0825083	27.9799
9.05579	32.9208	0	27.9799
9.06468	32.9208	0	28.1054
9.07799	32.9208	0	28.2309
9.07877	32.962	0.0825083	28.2309
9.10177	33.0446	0	28.2309
9.15109	33.0446	0	28.2309
9.15202	33.0446	0.0825083	28.2309
9.16812	33.1271	0	28.2309
9.18855	33.1271	0	28.4818
9.21215	33.1271	0	28.6073
9.21273	33.1271	0.0825083	28.6073
9.23814	33.2096	0	28.6073
9.25864	33.2096	0	28.7327
9.33023	33.2096	0	28.8582
9.33051	33.2096	0.165017	28.8582
9.33075	33.2921	0.0825083	28.8582
9.33216	33.3746	0	28.8582
9.33289	33.3746	0.165017	28.8582
9.33342	33.4571	0.0825083	28.8582
9.36106	33.5396	0	28.8582
9.36491	33.5396	0	28.9837
9.38225	33.5396	0	28.9837
9.42795	33.5396	0	29.1092
9.45129	33.5396	0	29.2346
9.45578	33.5396	0	29.3601
9.46789	33.5396	0	29.4856
9.47026	33.5809	0.0825083	29.4856
9.47888	33.6634	0	29.4856
9.54702	33.6634	0	29.7365
9.54789	33.6634	0	29.862
9.54928	33.7046	0.0825083	29.862
9.61613	33.7871	0	29.862
9.65078	33.7871	0	29.9875
9.70014	33.7871	0	30.1129
9.70083	33.7871	0.0825083	30.1129
9.71199	33.8696	0	30.1129
9.71393	33.8696	0	30.1129
9.7152	33.8696	0.0825083	30.1129
9.71582	33.8696	0.165017	30.1129
9.71677	33.9521	0.0825083	30.1129
9.76478	34.0347	0	30.1129
9.78319	34.0347	0	30.2384
9.78401	34.0347	0.165017	30.2384
9.79103	34.1172	0.0825083	30.2384
9.79298	34.1997	0	30.2384
9.83054	34.1997	0	30.3639
9.83924	34.1997	0	30.4893
9.84337	34.1997	0	30.6148
9.8436	34.2409	0.0825083	30.6148
9.8637	34.3234	0	30.6148
9.89701	34.3234	0	30.7403
9.90065	34.3234	0.165017	30.7403
9.90142	34.4059	0.0825083	30.7403
9.91347	34.4884	0	30.7403
9.91643	34.4884	0	30.8657
9.91651	34.4884	0	30.8657
9.91706	34.4884	0.0825083	30.8657
9.92786	34.571	0	30.8657
9.93017	34.6122	0.0825083	30.8657
9.93323	34.6947	0	30.8657
9.93356	34.6947	0.165017	30.8657
9.93468	34.7772	0.0825083	30.8657
9.93643	34.8597	0	30.8657
9.95563	34.8597	0	30.9912
9.96309	34.8597	0	31.1167
9.98403	34.8597	0	31.2422
9.98734	34.901	0.0825083	31.2422
9.99908	34.9835	0	31.2422
10.0035	34.9835	0	31.3676
10.0038	35.0248	0.0825083	31.3676
10.0106	35.1073	0	31.3676
10.0169	35.1073	0	31.4931
10.0264	35.1073	0	31.6186
10.0399	35.1073	0	31.744
10.065	35.1073	0	31.8695
10.0652	35.1485	0.0825083	31.8695
10.0771	35.231	0	31.8695
10.0777	35.231	0.165017	31.8695
10.0782	35.3135	0.0825083	31.8695
10.1601	35.396	0	31.8695
10.1659	35.396	0	31.995
10.1676	35.396	0.0825083	31.995
10.1786	35.4785	0	31.995
10.1892	35.4785	0	32.1205
10.1932	35.4785	0	32.2459
10.2033	35.4785	0	32.3714
10.2045	35.4785	0.0825083	32.3714
10.2326	35.5611	0	32.3714
10.2597	35.5611	0	32.4969
10.2864	35.5611	0	32.6223
10.288	35.6023	0.0825083	32.6223
10.3013	35.6848	0	32.6223
10.3029	35.6848	0	32.7478
10.312	35.6848	0	32.8733
10.3758	35.6848	0	32.9987
10.3776	35.6848	0	33.1242
10.4102	35.6848	0	33.3752
10.4292	35.6848	0	33.5006
10.4972	35.6848	0	33.6261
10.5209	35.6848	0	33.7516
10.5381	35.6848	0	33.877
10.5826	35.6848	0	34.0025
10.585	35.6848	0.165017	34.0025
10.59	35.7673	0.0825083	34.0025
10.5919	35.8498	0	34.0025
10.5925	35.8498	0.165017	34.0025
10.5928	35.9323	0.0825083	34.0025
10.607	36.0149	0	34.0025
10.6072	36.0561	0.0825083	34.0025
10.6263	36.1386	0	34.0025
10.6277	36.1799	0.0825083	34.0025
10.6514	36.2624	0	34.0025
10.6876	36.2624	0	34.128
10.6885	36.2624	0.165017	34.128
10.6891	36.3449	0.0825083	34.128
10.7453	36.4274	0	34.128
10.7753	36.4274	0	34.128
10.8072	36.4274	0	34.2535
10.8075	36.4274	0.165017	34.2535
10.8094	36.5099	0.0825083	34.2535
10.8344	36.5924	0	34.2535
10.8419	36.5924	0	34.3789
10.8805	36.5924	0	34.3789
10.9097	36.5924	0	34.5044
10.9609	36.5924	0	34.6299
11.011	36.5924	0	34.7553
11.0481	36.5924	0	34.8808
11.0516	36.5924	0	35.0063
11.0546	36.5924	0	35.1317
11.0605	36.6337	0.0825083	35.1317
11.0787	36.7162	0	35.1317
11.0795	36.7162	0.165017	35.1317
11.0854	36.7987	0.0825083	35.1317
11.1077	36.8812	0	35.1317
11.1081	36.9224	0.0825083	35.1317
11.1193	37.005	0	35.1317
11.1519	37.005	0	35.2572
11.1623	37.005	0	35.3827
11.1682	37.005	0	35.5082
11.1964	37.005	0	35.6336
11.2079	37.005	0	35.7591
11.2257	37.005	0	35.8846
11.2262	37.005	0.165017	35.8846
11.2266	37.005	0.247525	35.8846
11.227	37.0875	0.165017	35.8846
11.2294	37.17	0.0825083	35.8846
11.2573	37.2525	0	35.8846
11.2576	37.2937	0.0825083	35.8846
11.2636	37.3762	0	35.8846
11.2656	37.4175	0.0825083	35.8846
11.3794	37.5	0	35.8846
11.3812	37.5	0.0825083	35.8846
11.3871	37.5825	0	35.8846
11.3875	37.5825	0	36.01
11.3881	37.6238	0.0825083	36.01
11.4741	37.7063	0	36.01
11.4902	37.7063	0	36.1355
11.492	37.7475	0.0825083	36.1355
11.5249	37.83	0	36.1355
11.541	37.83	0	36.1355
11.5456	37.83	0	36.261
11.5498	37.83	0.0825083	36.261
11.587	37.9125	0	36.261
11.5875	37.9538	0.0825083	36.261
11.5932	38.0363	0	36.261
11.6215	38.0363	0	36.3864
11.6768	38.0363	0	36.5119
11.7599	38.0363	0	36.6374
11.7606	38.0776	0.0825083	36.6374
11.8045	38.1601	0	36.6374
11.8588	38.1601	0	36.7629
11.8588	38.2013	0.0825083	36.7629
11.8589	38.2838	0	36.7629
11.8614	38.2838	0	36.8883
11.8621	38.2838	0.165017	36.8883
11.8627	38.3663	0.0825083	36.8883
11.8696	38.4488	0	36.8883
11.8828	38.4488	0	37.0138
11.8961	38.4488	0	37.1393
11.899	38.4901	0.0825083	37.1393
11.9351	38.5726	0	37.1393
12.0229	38.5726	0	37.2647
12.0242	38.6139	0.0825083	37.2647
12.0331	38.6964	0	37.2647
12.0335	38.6964	0.165017	37.2647
12.0349	38.7789	0.0825083	37.2647
12.0496	38.8614	0	37.2647
12.0549	38.8614	0	37.3902
12.0952	38.8614	0	37.5157
12.0966	38.8614	0	37.6412
12.127	38.8614	0	37.6412
12.1491	38.8614	0	37.6412
12.1538	38.9026	0.0825083	37.6412
12.1586	38.9026	0.0825083	37.6412
12.3353	38.9851	0	37.6412
12.3449	38.9851	0	37.7666
12.3452	38.9851	0.165017	37.7666
12.3454	39.0677	0.0825083	37.7666
12.3817	39.1502	0	37.7666
12.3842	39.1502	0	37.8921
12.404	39.1502	0	38.0176
12.4587	39.1502	0	38.143
12.4654	39.1502	0	38.2685
12.4958	39.1502	0	38.394
12.4971	39.1502	0.165017	38.394
12.4976	39.2327	0.0825083	38.394
12.5338	39.3152	0	38.394
12.5567	39.3152	0	38.6449
12.5839	39.3152	0	38.7704
12.593	39.3152	0	38.8959
12.5988	39.3152	0	39.0213
12.6116	39.3152	0	39.1468
12.6183	39.3152	0	39.2723
12.6724	39.3152	0	39.3977
12.677	39.3152	0	39.6487
12.6771	39.3564	0.0825083	39.6487
12.7267	39.4389	0	39.6487
12.7975	39.4389	0	39.7742
12.7986	39.4802	0.0825083	39.7742
12.8139	39.5627	0	39.7742
12.8161	39.5627	0.165017	39.7742
12.8189	39.6452	0.0825083	39.7742
12.8374	39.7277	0	39.7742
12.8375	39.7277	0.165017	39.7742
12.8392	39.8102	0.0825083	39.7742
12.8464	39.8927	0	39.7742
12.8566	39.8927	0	39.8996
12.9001	39.8927	0	40.0251
12.9132	39.8927	0	40.1506
12.9156	39.8927	0.0825083	40.1506
12.9343	39.9752	0	40.1506
12.9346	39.9752	0.165017	40.1506
12.9348	40.0578	0.0825083	40.1506
12.9623	40.1403	0	40.1506
12.9679	40.1403	0	40.276
13.0174	40.1403	0	40.527
13.0265	40.1815	0.0825083	40.527
13.0964	40.264	0	40.527
13.1451	40.264	0	40.6524
13.1456	40.3053	0.0825083	40.6524
13.1731	40.3878	0	40.6524
13.1776	40.3878	0.0825083	40.6524
13.2137	40.4703	0	40.6524
13.2205	40.4703	0	40.7779
13.2477	40.4703	0	40.9034
13.2727	40.4703	0	41.0289
13.2757	40.4703	0	41.1543
13.2768	40.5116	0.0825083	41.1543
13.3211	40.5941	0	41.1543
13.3245	40.6353	0.0825083	41.1543
13.3614	40.7178	0	41.1543
13.4044	40.7178	0	41.2798
13.4364	40.7178	0	41.4053
13.4366	40.7591	0.0825083	41.4053
13.476	40.8416	0	41.4053
13.4794	40.8416	0	41.5307
13.4986	40.8416	0	41.6562
13.5351	40.8416	0	41.7817
13.5356	40.8828	0.0825083	41.7817
13.5802	40.9653	0	41.7817
13.5808	40.9653	0.0825083	41.7817
13.5868	41.0479	0	41.7817
13.5908	41.0479	0.165017	41.7817
13.5909	41.1304	0.0825083	41.7817
13.6148	41.2129	0	41.7817
13.6206	41.2129	0	41.9072
13.629	41.2129	0	42.0326
13.6295	41.2129	0.165017	42.0326
13.63	41.2954	0.0825083	42.0326
13.6819	41.3779	0	42.0326
13.6977	41.3779	0	42.1581
13.6983	41.4191	0.0825083	42.1581
13.7159	41.5017	0	42.1581
13.716	41.5429	0.0825083	42.1581
13.7407	41.6254	0	42.1581
13.7554	41.6254	0	42.2836
13.7568	41.6667	0.0825083	42.2836
13.7789	41.7492	0	42.2836
13.7791	41.7492	0	42.5345
13.8129	41.7492	0	42.66
13.813	41.7904	0.0825083	42.66
13.8568	41.8729	0	42.66
13.893	41.8729	0	42.9109
13.954	41.8729	0	43.1619
13.9664	41.8729	0	43.2873
13.9679	41.9142	0.0825083	43.2873
13.9854	41.9967	0	43.2873
13.9891	41.9967	0	43.4128
14.0002	41.9967	0	43.5383
14.0035	42.038	0.0825083	43.5383
14.0456	42.1205	0	43.5383
14.077	42.1205	0	43.6637
14.088	42.1205	0	43.7892
14.1006	42.1205	0	43.9147
14.1616	42.1205	0	43.9147
14.1639	42.1617	0.0825083	43.9147
14.1752	42.2442	0	43.9147
14.2345	42.2442	0	44.0401
14.2381	42.2442	0.0825083	44.0401
14.2475	42.3267	0	44.0401
14.2492	42.368	0.0825083	44.0401
14.2704	42.4505	0	44.0401
14.2706	42.4505	0.165017	44.0401
14.2708	42.533	0.0825083	44.0401
14.2888	42.6155	0	44.0401
14.2915	42.6568	0.0825083	44.0401
14.3226	42.7393	0	44.0401
14.3485	42.7393	0	44.1656
14.4301	42.7393	0	44.2911
14.4383	42.7393	0	44.4166
14.44	42.7393	0	44.542
14.4612	42.7393	0	44.6675
14.4616	42.7805	0.0825083	44.6675
14.5193	42.863	0	44.6675
14.5223	42.863	0.0825083	44.6675
14.5336	42.9455	0	44.6675
14.5348	42.9868	0.0825083	44.6675
14.6296	43.0693	0	44.6675
14.6409	43.0693	0	44.793
14.6421	43.0693	0.165017	44.793
14.6439	43.1518	0.0825083	44.793
14.714	43.2343	0	44.793
14.7143	43.2343	0.165017	44.793
14.7147	43.3168	0.0825083	44.793
14.7227	43.3993	0	44.793
14.7801	43.3993	0	44.9184
14.795	43.3993	0	45.0439
14.8204	43.3993	0	45.1694
14.8558	43.3993	0	45.2949
14.8577	43.4406	0.0825083	45.2949
14.8758	43.5231	0	45.2949
14.876	43.5644	0.0825083	45.2949
14.9186	43.6469	0	45.2949
14.9367	43.6469	0	45.2949
14.953	43.6469	0	45.4203
14.9539	43.6469	0.165017	45.4203
14.956	43.7294	0.0825083	45.4203
14.9825	43.8119	0	45.4203
15.0084	43.8119	0	45.5458
15.0091	43.8531	0.0825083	45.5458
15.1157	43.9356	0	45.5458
15.1158	43.9356	0.165017	45.5458
15.1222	44.0182	0.0825083	45.5458
15.215	44.1007	0	45.5458
15.2342	44.1007	0	45.6713
15.246	44.1007	0	45.9222
15.2474	44.1007	0.165017	45.9222
15.2506	44.1832	0.0825083	45.9222
15.2549	44.2657	0	45.9222
15.2732	44.2657	0	46.0477
15.2752	44.2657	0.165017	46.0477
15.2755	44.3482	0.0825083	46.0477
15.3356	44.4307	0	46.0477
15.3616	44.4307	0	46.1731
15.3807	44.4307	0	46.2986
15.3873	44.4307	0	46.4241
15.3873	44.4307	0.165017	46.4241
15.3875	44.5132	0.0825083	46.4241
15.4045	44.5957	0	46.4241
15.4157	44.5957	0	46.5496
15.4167	44.637	0.0825083	46.5496
15.5435	44.7195	0	46.5496
15.5447	44.7607	0.0825083	46.5496
15.5734	44.8432	0	46.5496
15.5752	44.8432	0.0825083	46.5496
15.6482	44.9257	0	46.5496
15.65	44.967	0.0825083	46.5496
15.655	45.0495	0	46.5496
15.6557	45.0908	0.0825083	46.5496
15.7144	45.1733	0	46.5496
15.7582	45.1733	0	46.8005
15.759	45.2145	0.0825083	46.8005
15.78	45.297	0	46.8005
15.7812	45.297	0	46.926
15.782	45.297	0.165017	46.926
15.7862	45.3795	0.0825083	46.926
15.7869	45.3795	0.0825083	47.0514
15.787	45.462	0	47.0514
15.7894	45.462	0	47.1769
15.7895	45.462	0.165017	47.1769
15.7901	45.5446	0.0825083	47.1769
15.7913	45.6271	0	47.1769
15.7922	45.6271	0.0825083	47.1769
15.8068	45.7096	0	47.1769
15.9528	45.7096	0	47.3024
16.0026	45.7096	0	47.4279
16.0196	45.7096	0	47.5533
16.0206	45.7508	0.0825083	47.5533
16.0226	45.8333	0	47.5533
16.0227	45.8333	0.165017	47.5533
16.0246	45.9158	0.0825083	47.5533
16.0588	45.9983	0	47.5533
16.0836	45.9983	0	47.5533
16.104	45.9983	0	47.6788
16.1088	46.0396	0.0825083	47.6788
16.1138	46.1221	0	47.6788
16.1144	46.1634	0.0825083	47.6788
16.1154	46.1634	0.0825083	47.9297
16.1548	46.2459	0	47.9297
16.2363	46.2459	0	48.0552
16.239	46.2871	0.0825083	48.0552
16.247	46.3696	0	48.0552
16.2475	46.4109	0.0825083	48.0552
16.2596	46.4934	0	48.0552
16.26	46.4934	0.165017	48.0552
16.2609	46.5759	0.0825083	48.0552
16.2757	46.6584	0	48.0552
16.2768	46.6997	0.0825083	48.0552
16.3261	46.7822	0	48.0552
16.3266	46.8234	0.0825083	48.0552
16.3817	46.9059	0	48.0552
16.4017	46.9059	0	48.1807
16.403	46.9472	0.0825083	48.1807
16.4087	47.0297	0	48.1807
16.4097	47.071	0.0825083	48.1807
16.4193	47.1535	0	48.1807
16.4195	47.1947	0.0825083	48.1807
16.4429	47.2772	0	48.1807
16.4488	47.2772	0	48.3061
16.451	47.3185	0.0825083	48.3061
16.463	47.401	0	48.3061
16.4633	47.401	0.165017	48.3061
16.4639	47.4835	0.0825083	48.3061
16.4762	47.566	0	48.3061
16.4764	47.6073	0.0825083	48.3061
16.5001	47.6898	0	48.3061
16.5025	47.731	0.0825083	48.3061
16.5163	47.8135	0	48.3061
16.5611	47.8135	0	48.4316
16.5676	47.8135	0	48.5571
16.5737	47.8548	0.0825083	48.5571
16.595	47.9373	0	48.5571
16.6331	47.9373	0	48.6826
16.6914	47.9373	0	48.808
16.6917	47.9785	0.0825083	48.808
16.7501	48.0611	0	48.808
16.7508	48.1023	0.0825083	48.808
16.7626	48.1848	0	48.808
16.7632	48.1848	0.165017	48.808
16.768	48.2673	0.0825083	48.808
16.7894	48.3498	0	48.808
16.7931	48.3911	0.0825083	48.808
16.8256	48.4736	0	48.808
16.8336	48.4736	0	48.9335
16.8356	48.4736	0	49.059
16.8367	48.4736	0.165017	49.059
16.837	48.5561	0.0825083	49.059
16.8405	48.6386	0	49.059
16.8924	48.6386	0	49.059
16.9038	48.6386	0	49.1844
16.9214	48.6386	0	49.3099
16.9805	48.6386	0	49.4354
16.9809	48.6386	0.0825083	49.4354
17.0066	48.7211	0	49.4354
17.0428	48.7211	0	49.5609
17.0475	48.7211	0	49.6863
17.0481	48.7211	0.165017	49.6863
17.0488	48.8036	0.0825083	49.6863
17.049	48.8861	0	49.6863
17.0557	48.8861	0	49.9373
17.0568	48.8861	0.165017	49.9373
17.0569	48.9686	0.0825083	49.9373
17.0971	49.0512	0	49.9373
17.1	49.0924	0.0825083	49.9373
17.1274	49.1749	0	49.9373
17.1278	49.2162	0.0825083	49.9373
17.1373	49.2987	0	49.9373
17.1382	49.2987	0.165017	49.9373
17.1411	49.3812	0.0825083	49.9373
17.1478	49.4637	0	49.9373
17.193	49.4637	0	50.0627
17.2182	49.4637	0	50.1882
17.2197	49.505	0.0825083	50.1882
17.2633	49.5875	0	50.1882
17.2647	49.5875	0	50.4391
17.3089	49.5875	0	50.5646
17.3112	49.6287	0.0825083	50.5646
17.318	49.7112	0	50.5646
17.3191	49.7112	0.0825083	50.5646
17.3253	49.7937	0	50.5646
17.3254	49.7937	0.165017	50.5646
17.3265	49.8762	0.0825083	50.5646
17.3424	49.9587	0	50.5646
17.3815	49.9587	0	50.6901
17.3822	50	0.0825083	50.6901
17.4186	50.0825	0	50.6901
17.4459	50.0825	0	50.8156
17.4608	50.0825	0	50.941
17.5422	50.0825	0	51.0665
17.546	50.1238	0.0825083	51.0665
17.5484	50.1238	0.0825083	51.192
17.5574	50.2063	0	51.192
17.5886	50.2063	0	51.3174
17.5961	50.2063	0	51.3174
17.604	50.2475	0.0825083	51.3174
17.6066	50.33	0	51.3174
17.6089	50.33	0	51.4429
17.6667	50.33	0	51.4429
17.6695	50.3713	0.0825083	51.4429
17.6718	50.3713	0.0825083	51.5684
17.6879	50.4538	0	51.5684
17.6982	50.4538	0	51.6939
17.7117	50.4538	0	51.8193
17.7154	50.4538	0	51.9448
17.7159	50.495	0.0825083	51.9448
17.717	50.5776	0	51.9448
17.7601	50.5776	0	52.0703
17.7807	50.5776	0	52.3212
17.8181	50.5776	0	52.4467
17.8192	50.5776	0	52.5721
17.834	50.6188	0.0825083	52.5721
18.0191	50.7013	0	52.5721
18.1702	50.7013	0	52.6976
18.1708	50.7426	0.0825083	52.6976
18.1754	50.8251	0	52.6976
18.2102	50.8251	0	52.8231
18.2384	50.8251	0	52.9486
18.2422	50.8251	0.165017	52.9486
18.2425	50.9076	0.0825083	52.9486
18.2759	50.9901	0	52.9486
18.2854	50.9901	0	53.1995
18.2868	50.9901	0.165017	53.1995
18.2887	51.0726	0.0825083	53.1995
18.2929	51.1551	0	53.1995
18.2946	51.1551	0.165017	53.1995
18.2946	51.2376	0.0825083	53.1995
18.3201	51.3201	0	53.1995
18.3324	51.3201	0	53.1995
18.3329	51.3614	0.0825083	53.1995
18.3625	51.4439	0	53.1995
18.3636	51.4851	0.0825083	53.1995
18.3976	51.5677	0	53.1995
18.3977	51.5677	0.165017	53.1995
18.4016	51.6502	0.0825083	53.1995
18.4061	51.7327	0	53.1995
18.4122	51.7327	0	53.325
18.4122	51.7327	0.165017	53.325
18.4129	51.8152	0.0825083	53.325
18.4522	51.8977	0	53.325
18.4531	51.9389	0.0825083	53.325
18.4986	52.0215	0	53.325
18.5196	52.0215	0	53.4504
18.5413	52.0215	0	53.5759
18.5496	52.0215	0	53.8269
18.5511	52.0215	0.0825083	53.8269
18.5827	52.104	0	53.8269
18.5855	52.1452	0.0825083	53.8269
18.6543	52.2277	0	53.8269
18.6881	52.2277	0	53.9523
18.6882	52.269	0.0825083	53.9523
18.7406	52.3515	0	53.9523
18.7633	52.3515	0	54.0778
18.765	52.3927	0.0825083	54.0778
18.7975	52.4752	0	54.0778
18.7984	52.5165	0.0825083	54.0778
18.8137	52.599	0	54.0778
18.8372	52.599	0	54.2033
18.842	52.599	0	54.4542
18.8449	52.599	0.165017	54.4542
18.8461	52.599	0.165017	54.5797
18.8471	52.6815	0.0825083	54.5797
18.933	52.764	0	54.5797
18.9366	52.8053	0.0825083	54.5797
18.9919	52.8878	0	54.5797
18.9928	52.929	0.0825083	54.5797
19.0129	53.0116	0	54.5797
19.1022	53.0116	0	54.7051
19.1071	53.0116	0	54.9561
19.1074	53.0116	0.165017	54.9561
19.1084	53.0941	0.0825083	54.9561
19.1751	53.1766	0	54.9561
19.1758	53.1766	0.165017	54.9561
19.1778	53.2591	0.0825083	54.9561
19.1866	53.3416	0	54.9561
19.1963	53.3416	0	55.0816
19.215	53.3416	0	55.207
19.2162	53.3416	0.165017	55.207
19.217	53.4241	0.0825083	55.207
19.2508	53.5066	0	55.207
19.2716	53.5066	0	55.458
19.2883	53.5066	0	55.5834
19.2942	53.5066	0.0825083	55.5834
19.3364	53.5891	0	55.5834
19.3399	53.6304	0.0825083	55.5834
19.343	53.7129	0	55.5834
19.3433	53.7541	0.0825083	55.5834
19.4119	53.8366	0	55.5834
19.4121	53.8366	0.165017	55.5834
19.4185	53.9191	0.0825083	55.5834
19.4377	54.0017	0	55.5834
19.4542	54.0017	0	55.7089
19.5441	54.0017	0	55.8344
19.6271	54.0017	0	55.9599
19.6291	54.0429	0.0825083	55.9599
19.8986	54.1254	0	55.9599
19.9037	54.1254	0	56.0853
19.9072	54.1667	0.0825083	56.0853
19.9112	54.2492	0	56.0853
19.912	54.2904	0.0825083	56.0853
19.9132	54.3729	0	56.0853
19.9176	54.3729	0	56.2108
19.9178	54.4142	0.0825083	56.2108
19.9561	54.4967	0	56.2108
19.9562	54.538	0.0825083	56.2108
19.9591	54.6205	0	56.2108
19.9642	54.6617	0.0825083	56.2108
19.9775	54.7442	0	56.2108
20.0039	54.7442	0	56.3363
20.0048	54.7855	0.0825083	56.3363
20.0061	54.868	0	56.3363
20.0334	54.868	0	56.4617
20.0336	54.868	0.165017	56.4617
20.0336	54.9505	0.0825083	56.4617
20.0708	55.033	0	56.4617
20.0709	55.033	0.165017	56.4617
20.0711	55.0743	0.247525	56.4617
20.072	55.1568	0.165017	56.4617
20.0725	55.2393	0.0825083	56.4617
20.136	55.3218	0	56.4617
20.1365	55.363	0.0825083	56.4617
20.1467	55.4455	0	56.4617
20.148	55.4455	0	56.5872
20.1519	55.4868	0.0825083	56.5872
20.1747	55.5693	0	56.5872
20.175	55.5693	0.165017	56.5872
20.1779	55.6518	0.0825083	56.5872
20.1831	55.7343	0	56.5872
20.1835	55.7756	0.0825083	56.5872
20.2382	55.8581	0	56.5872
20.2547	55.8581	0	56.7127
20.2883	55.8581	0	56.8381
20.2893	55.8581	0	56.9636
20.2956	55.8581	0	57.0891
20.3006	55.8581	0	57.2146
20.3133	55.8581	0	57.34
20.3188	55.8581	0	57.591
20.3189	55.8993	0.0825083	57.591
20.3348	55.9818	0	57.591
20.3352	56.0231	0.0825083	57.591
20.3372	56.1056	0	57.591
20.359	56.1056	0	57.7164
20.3598	56.1056	0.0825083	57.7164
20.4002	56.1881	0	57.7164
20.4004	56.1881	0.165017	57.7164
20.4045	56.2706	0.0825083	57.7164
20.4285	56.3531	0	57.7164
20.4295	56.3944	0.0825083	57.7164
20.4623	56.4769	0	57.7164
20.4788	56.4769	0	57.8419
20.4816	56.5182	0.0825083	57.8419
20.5529	56.6007	0	57.8419
20.5708	56.6007	0	57.9674
20.5755	56.6419	0.0825083	57.9674
20.6328	56.7244	0	57.9674
20.6364	56.7657	0.0825083	57.9674
20.6915	56.8482	0	57.9674
20.6938	56.8894	0.0825083	57.9674
20.6949	56.9307	0.165017	57.9674
20.6975	57.0132	0.0825083	57.9674
20.706	57.0957	0	57.9674
20.7185	57.0957	0	58.0928
20.7272	57.0957	0	58.3438
20.729	57.137	0.0825083	58.3438
20.7778	57.2195	0	58.3438
20.7845	57.2195	0.0825083	58.3438
20.8222	57.302	0	58.3438
20.869	57.302	0	58.5947
20.8956	57.302	0	58.8457
20.8967	57.302	0.165017	58.8457
20.8969	57.302	0.165017	58.9711
20.8986	57.3845	0.0825083	58.9711
20.9019	57.467	0	58.9711
21.0109	57.467	0	59.0966
21.0331	57.467	0	59.2221
21.0344	57.5083	0.0825083	59.2221
21.0381	57.5908	0	59.2221
21.0386	57.5908	0.0825083	59.2221
21.0402	57.6733	0	59.2221
21.0421	57.6733	0.165017	59.2221
21.046	57.7558	0.0825083	59.2221
21.2244	57.8383	0	59.2221
21.2976	57.8383	0	59.3476
21.2989	57.8795	0.0825083	59.3476
21.3003	57.962	0	59.3476
21.3049	57.962	0	59.473
21.3055	57.962	0.165017	59.473
21.3092	58.0446	0.0825083	59.473
21.3224	58.1271	0	59.473
21.363	58.1271	0	59.5985
21.3848	58.1271	0	59.724
21.385	58.1271	0.165017	59.724
21.3864	58.2096	0.0825083	59.724
21.4087	58.2921	0	59.724
21.4149	58.2921	0	59.9749
21.4519	58.2921	0	60.1004
21.4605	58.2921	0	60.3513
21.4947	58.2921	0	60.4768
21.5536	58.2921	0	60.6023
21.5729	58.2921	0	60.7277
21.7132	58.2921	0	60.9787
21.7236	58.2921	0	61.1041
21.8014	58.2921	0	61.3551
21.8035	58.3333	0.0825083	61.3551
21.9618	58.4158	0	61.3551
21.9637	58.4158	0.0825083	61.3551
22.0857	58.4983	0	61.3551
22.2506	58.4983	0	61.4806
22.2511	58.5396	0.0825083	61.4806
22.2725	58.6221	0	61.4806
22.2972	58.6221	0	61.606
22.3043	58.6221	0	61.7315
22.3055	58.6221	0.165017	61.7315
22.3066	58.7046	0.0825083	61.7315
22.3083	58.7871	0	61.7315
22.3407	58.7871	0	61.9824
22.4381	58.7871	0	62.1079
22.5168	58.7871	0	62.3588
22.519	58.7871	0	62.4843
22.52	58.8284	0.0825083	62.4843
22.5632	58.9109	0	62.4843
22.5647	58.9109	0.0825083	62.4843
22.5891	58.9934	0	62.4843
22.5917	59.0347	0.0825083	62.4843
22.6143	59.1172	0	62.4843
22.7274	59.1172	0	62.6098
22.7299	59.1172	0.165017	62.6098
22.7315	59.1997	0.0825083	62.6098
22.792	59.2822	0	62.6098
22.7989	59.2822	0	62.8607
22.7993	59.2822	0.165017	62.8607
22.8025	59.3647	0.0825083	62.8607
22.8287	59.4472	0	62.8607
22.9228	59.4472	0	63.1117
23.0285	59.4472	0	63.2371
23.0287	59.4472	0.0825083	63.2371
23.0321	59.4472	0.0825083	63.3626
23.2277	59.5297	0	63.3626
23.2286	59.5297	0.165017	63.3626
23.2326	59.6122	0.0825083	63.3626
23.2582	59.6947	0	63.3626
23.2598	59.6947	0	63.4881
23.2885	59.6947	0	63.6136
23.2896	59.6947	0.165017	63.6136
23.2903	59.7772	0.0825083	63.6136
23.2989	59.8597	0	63.6136
23.3269	59.8597	0	63.739
23.3299	59.8597	0.0825083	63.739
23.3515	59.9422	0	63.739
23.353	59.9835	0.0825083	63.739
23.3618	60.066	0	63.739
23.363	60.1073	0.0825083	63.739
23.3937	60.1898	0	63.739
23.395	60.1898	0.0825083	63.739
23.4208	60.2723	0	63.739
23.6247	60.2723	0	63.8645
23.7279	60.2723	0	63.99
23.7296	60.3135	0.0825083	63.99
23.7329	60.396	0	63.99
23.7339	60.4373	0.0825083	63.99
23.7685	60.5198	0	63.99
23.8162	60.5198	0	64.2409
23.8311	60.5198	0	64.3664
23.8349	60.5611	0.0825083	64.3664
23.9579	60.6436	0	64.3664
23.9591	60.6436	0.165017	64.3664
23.9595	60.7261	0.0825083	64.3664
23.9693	60.8086	0	64.3664
23.9708	60.8086	0.165017	64.3664
23.9732	60.8911	0.0825083	64.3664
23.9842	60.9736	0	64.3664
24.029	60.9736	0	64.4918
24.0657	60.9736	0	64.6173
24.1986	60.9736	0	64.7428
24.2229	60.9736	0	64.8683
24.2251	61.0149	0.0825083	64.8683
24.2556	61.0974	0	64.8683
24.3228	61.0974	0	64.9937
24.3239	61.1386	0.0825083	64.9937
24.4108	61.2211	0	64.9937
24.4149	61.2624	0.0825083	64.9937
24.4159	61.3449	0	64.9937
24.4182	61.3449	0	65.2447
24.4197	61.3449	0.0825083	65.2447
24.4269	61.4274	0	65.2447
24.427	61.4274	0	65.3701
24.4289	61.4274	0.0825083	65.3701
24.449	61.5099	0	65.3701
24.5808	61.5099	0	65.4956
24.6331	61.5099	0	65.6211
24.6331	61.5512	0.0825083	65.6211
24.7273	61.6337	0	65.6211
24.7297	61.6749	0.0825083	65.6211
24.7416	61.7574	0	65.6211
24.7629	61.7574	0	65.872
24.7647	61.7987	0.0825083	65.872
24.7682	61.7987	0.165017	65.872
24.7723	61.7987	0.165017	65.9975
24.7745	61.8812	0.0825083	65.9975
24.7785	61.9637	0	65.9975
24.8647	61.9637	0	66.2484
24.924	61.9637	0	66.3739
24.9339	61.9637	0	66.4994
24.947	61.9637	0	66.7503
24.9483	61.9637	0.165017	66.7503
24.9508	62.0462	0.0825083	66.7503
24.9992	62.1287	0	66.7503
25.2061	62.1287	0	67.0013
25.2068	62.17	0.0825083	67.0013
25.209	62.2525	0	67.0013
25.215	62.2937	0.0825083	67.0013
25.2321	62.3762	0	67.0013
25.3064	62.3762	0	67.1267
25.3153	62.3762	0	67.2522
25.3159	62.3762	0.165017	67.2522
25.3244	62.4587	0.0825083	67.2522
25.3953	62.5413	0	67.2522
25.3954	62.5413	0.0825083	67.2522
25.5821	62.6238	0	67.2522
25.7224	62.6238	0	67.2522
25.7224	62.665	0.0825083	67.2522
25.7871	62.7475	0	67.2522
25.7875	62.7888	0.0825083	67.2522
25.7915	62.8713	0	67.2522
25.7923	62.8713	0.165017	67.2522
25.7926	62.9538	0.0825083	67.2522
25.8192	63.0363	0	67.2522
25.8358	63.0363	0	67.5031
25.8461	63.0363	0	67.6286
25.8577	63.0363	0	67.8795
25.8586	63.0363	0.0825083	67.8795
25.8596	63.0363	0.0825083	68.005
25.9181	63.1188	0	68.005
25.9221	63.1601	0.0825083	68.005
25.9416	63.2426	0	68.005
25.9424	63.2838	0.0825083	68.005
26.004	63.3663	0	68.005
26.0044	63.4076	0.0825083	68.005
26.0073	63.4901	0	68.005
26.0315	63.4901	0	68.1305
26.0326	63.5314	0.0825083	68.1305
26.0482	63.6139	0	68.1305
26.0506	63.6551	0.0825083	68.1305
26.0524	63.7376	0	68.1305
26.0528	63.7789	0.0825083	68.1305
26.1144	63.8614	0	68.1305
26.119	63.8614	0	68.256
26.135	63.8614	0	68.3814
26.1372	63.9026	0.0825083	68.3814
26.2655	63.9851	0	68.3814
26.3683	63.9851	0	68.5069
26.3694	63.9851	0.165017	68.5069
26.3709	64.0677	0.0825083	68.5069
26.4056	64.1502	0	68.5069
26.4705	64.1502	0	68.6324
26.4711	64.1914	0.0825083	68.6324
26.4902	64.2739	0	68.6324
26.5604	64.2739	0	68.8833
26.5616	64.2739	0.165017	68.8833
26.5633	64.3564	0.0825083	68.8833
26.584	64.4389	0	68.8833
26.6028	64.4389	0	69.0088
26.6362	64.4389	0	69.1343
26.6371	64.4802	0.0825083	69.1343
26.6495	64.5627	0	69.1343
26.6508	64.604	0.0825083	69.1343
26.8781	64.6865	0	69.1343
26.8794	64.6865	0	69.3852
26.8797	64.6865	0.165017	69.3852
26.8806	64.769	0.0825083	69.3852
26.8872	64.8515	0	69.3852
26.9005	64.8515	0	69.5107
26.9011	64.8515	0.165017	69.5107
26.9024	64.934	0.0825083	69.5107
26.9262	65.0165	0	69.5107
26.9274	65.0165	0	69.6361
26.9281	65.0165	0.165017	69.6361
26.929	65.099	0.0825083	69.6361
26.9305	65.1815	0	69.6361
26.9325	65.1815	0.165017	69.6361
26.9327	65.264	0.0825083	69.6361
26.9513	65.3465	0	69.6361
26.9513	65.3465	0.165017	69.6361
26.9525	65.429	0.0825083	69.6361
26.9698	65.5116	0	69.6361
26.9701	65.5116	0.165017	69.6361
26.9748	65.5941	0.0825083	69.6361
27.0171	65.6766	0	69.6361
27.0183	65.7178	0.0825083	69.6361
27.0222	65.8003	0	69.6361
27.023	65.8416	0.0825083	69.6361
27.0366	65.9241	0	69.6361
27.0491	65.9241	0	69.7616
27.0492	65.9241	0.165017	69.7616
27.0513	66.0066	0.0825083	69.7616
27.0888	66.0891	0	69.7616
27.1351	66.0891	0	69.8871
27.138	66.1304	0.0825083	69.8871
27.1416	66.2129	0	69.8871
27.2917	66.2129	0	70.138
27.2927	66.2129	0	70.389
27.2932	66.2129	0.165017	70.389
27.296	66.2954	0.0825083	70.389
27.3095	66.3779	0	70.389
27.3646	66.3779	0	70.5144
27.3662	66.4191	0.0825083	70.5144
27.6539	66.5016	0	70.5144
27.6545	66.5016	0	70.6399
27.6958	66.5016	0	70.8908
27.7006	66.5016	0	71.0163
27.7443	66.5016	0	71.2673
27.7634	66.5016	0	71.3927
27.766	66.5016	0.0825083	71.3927
27.8202	66.5842	0	71.3927
27.8236	66.5842	0.0825083	71.3927
27.8243	66.6667	0	71.3927
27.8282	66.6667	0.0825083	71.3927
27.8474	66.7492	0	71.3927
27.8861	66.7492	0	71.6437
27.9021	66.7492	0	71.7691
27.9032	66.7904	0.0825083	71.7691
27.9033	66.7904	0.0825083	72.0201
27.9251	66.8729	0	72.0201
27.9266	66.9142	0.0825083	72.0201
27.9423	66.9967	0	72.0201
27.9428	66.9967	0	72.271
27.9522	66.9967	0	72.522
27.9527	67.038	0.0825083	72.522
27.9774	67.1205	0	72.522
27.9783	67.1205	0.165017	72.522
27.9814	67.203	0.0825083	72.522
28.0921	67.2855	0	72.522
28.1821	67.2855	0	72.7729
28.1827	67.2855	0.0825083	72.7729
28.1865	67.368	0	72.7729
28.2105	67.368	0	72.8984
28.2119	67.4092	0.0825083	72.8984
28.2642	67.4918	0	72.8984
28.2661	67.533	0.0825083	72.8984
28.2696	67.533	0.0825083	73.1493
28.3353	67.6155	0	73.1493
28.3366	67.6155	0.0825083	73.1493
28.361	67.698	0	73.1493
28.3611	67.698	0.165017	73.1493
28.3613	67.7805	0.0825083	73.1493
28.5412	67.863	0	73.1493
28.5419	67.9043	0.0825083	73.1493
28.5607	67.9868	0	73.1493
28.5634	67.9868	0.165017	73.1493
28.5649	68.0693	0.0825083	73.1493
28.6199	68.1518	0	73.1493
28.6262	68.1518	0	73.2748
28.6418	68.1518	0	73.5257
28.7159	68.1518	0	73.6512
28.7373	68.1518	0	73.7767
28.8125	68.1518	0	73.9021
28.8172	68.1931	0.0825083	73.9021
28.8997	68.2756	0	73.9021
28.8999	68.2756	0.0825083	73.9021
28.9279	68.3581	0	73.9021
28.9281	68.3993	0.0825083	73.9021
28.9911	68.4818	0	73.9021
28.992	68.5231	0.0825083	73.9021
28.9925	68.5644	0.165017	73.9021
28.994	68.6469	0.0825083	73.9021
28.9984	68.7294	0	73.9021
28.9993	68.7706	0.0825083	73.9021
29.0243	68.8531	0	73.9021
29.026	68.8944	0.0825083	73.9021
29.0983	68.9769	0	73.9021
29.1537	68.9769	0	74.0276
29.1549	68.9769	0.165017	74.0276
29.1564	69.0594	0.0825083	74.0276
29.3105	69.1419	0	74.0276
29.3118	69.1832	0.0825083	74.0276
29.3593	69.2657	0	74.0276
29.4512	69.2657	0	74.1531
29.4979	69.2657	0	74.404
29.4981	69.2657	0.165017	74.404
29.4981	69.3482	0.0825083	74.404
29.5174	69.4307	0	74.404
29.5201	69.4719	0.0825083	74.404
29.5668	69.5545	0	74.404
29.5783	69.5545	0	74.655
29.5793	69.5957	0.0825083	74.655
29.5826	69.6782	0	74.655
29.6074	69.6782	0	74.7804
29.7421	69.6782	0	74.9059
29.7459	69.7195	0.0825083	74.9059
29.8552	69.802	0	74.9059
29.8691	69.802	0	75.1568
29.8814	69.802	0	75.2823
29.8814	69.802	0.165017	75.2823
29.8822	69.8845	0.0825083	75.2823
29.8847	69.967	0	75.2823
30.0648	69.967	0	75.4078
30.0847	69.967	0	75.5332
30.0916	69.967	0	75.7842
30.0943	70.0082	0.0825083	75.7842
30.0969	70.0908	0	75.7842
30.0971	70.0908	0.165017	75.7842
30.0973	70.1733	0.0825083	75.7842
30.1138	70.2558	0	75.7842
30.2883	70.2558	0	75.9097
30.2897	70.297	0.0825083	75.9097
30.3157	70.3795	0	75.9097
30.3168	70.4208	0.0825083	75.9097
30.3409	70.5033	0	75.9097
30.6282	70.5033	0	76.0351
30.6286	70.5033	0.165017	76.0351
30.6302	70.5858	0.0825083	76.0351
30.6928	70.6683	0	76.0351
30.7012	70.6683	0	76.1606
30.703	70.7096	0.0825083	76.1606
30.7167	70.7921	0	76.1606
30.7662	70.7921	0	76.2861
30.8276	70.7921	0	76.4115
30.8654	70.7921	0	76.6625
30.8655	70.7921	0.165017	76.6625
30.8673	70.8746	0.0825083	76.6625
30.9682	70.9571	0	76.6625
31.0912	70.9571	0	76.788
31.0959	70.9984	0.0825083	76.788
31.1057	71.0809	0	76.788
31.1094	71.0809	0.0825083	76.788
31.2852	71.1634	0	76.788
31.2854	71.1634	0.165017	76.788
31.2875	71.2459	0.0825083	76.788
31.3246	71.3284	0	76.788
31.3281	71.3696	0.0825083	76.788
31.3921	71.4521	0	76.788
31.3928	71.4934	0.0825083	76.788
31.4505	71.5759	0	76.788
31.4564	71.6172	0.0825083	76.788
31.5395	71.6997	0	76.788
31.5938	71.6997	0	77.0389
31.5939	71.6997	0.165017	77.0389
31.5955	71.7822	0.0825083	77.0389
31.6223	71.8647	0	77.0389
31.662	71.8647	0	77.2898
31.663	71.9059	0.0825083	77.2898
31.6676	71.9884	0	77.2898
31.6678	72.0297	0.0825083	77.2898
31.6682	72.0297	0.0825083	77.4153
31.6757	72.1122	0	77.4153
31.6969	72.1122	0	77.6663
31.6977	72.1535	0.0825083	77.6663
31.7759	72.236	0	77.6663
31.8993	72.236	0	77.9172
31.8996	72.236	0.0825083	77.9172
32.0312	72.3185	0	77.9172
32.036	72.3597	0.0825083	77.9172
32.0362	72.4422	0	77.9172
32.0364	72.4835	0.0825083	77.9172
32.0588	72.566	0	77.9172
32.0607	72.6073	0.0825083	77.9172
32.0863	72.6898	0	77.9172
32.0881	72.731	0.0825083	77.9172
32.0922	72.8135	0	77.9172
32.0928	72.8548	0.0825083	77.9172
32.134	72.9373	0	77.9172
32.1355	72.9785	0.0825083	77.9172
32.1643	73.0611	0	77.9172
32.1715	73.0611	0	78.1681
32.2141	73.0611	0	78.4191
32.2504	73.0611	0	78.5445
32.252	73.1023	0.0825083	78.5445
32.4108	73.1848	0	78.5445
32.4461	73.1848	0	78.7955
32.4463	73.1848	0.165017	78.7955
32.4473	73.2673	0.0825083	78.7955
32.4965	73.3498	0	78.7955
32.5489	73.3498	0	79.0464
32.5493	73.3911	0.0825083	79.0464
32.5841	73.4736	0	79.0464
32.5869	73.5149	0.0825083	79.0464
32.7628	73.5974	0	79.0464
32.763	73.6386	0.0825083	79.0464
32.8445	73.7211	0	79.0464
32.8466	73.7211	0.0825083	79.0464
32.8871	73.8036	0	79.0464
32.9286	73.8036	0	79.1719
32.9305	73.8036	0.0825083	79.1719
33.0998	73.8861	0	79.1719
33.1038	73.9274	0.0825083	79.1719
33.1734	74.0099	0	79.1719
33.1749	74.0512	0.0825083	79.1719
33.2068	74.1337	0	79.1719
33.2076	74.1749	0.0825083	79.1719
33.2223	74.2574	0	79.1719
33.2236	74.2987	0.0825083	79.1719
33.286	74.3812	0	79.1719
33.366	74.3812	0	79.2974
33.3666	74.3812	0.165017	79.2974
33.369	74.4637	0.0825083	79.2974
33.4316	74.5462	0	79.2974
33.4837	74.5462	0	79.4228
33.4859	74.5462	0.0825083	79.4228
33.6002	74.6287	0	79.4228
33.6015	74.67	0.0825083	79.4228
33.7215	74.7525	0	79.4228
33.8507	74.7525	0	79.6738
33.8648	74.7525	0	79.6738
33.8653	74.7937	0.0825083	79.6738
33.9245	74.8762	0	79.6738
33.9661	74.8762	0	79.9247
33.9682	74.9175	0.0825083	79.9247
33.9775	75	0	79.9247
34.083	75	0	79.9247
34.1545	75	0	80.0502
34.1555	75	0.0825083	80.0502
34.1614	75.0825	0	80.0502
34.3596	75.0825	0	80.3011
34.3743	75.0825	0	80.5521
34.3754	75.1238	0.0825083	80.5521
34.4084	75.2063	0	80.5521
34.4084	75.2063	0.165017	80.5521
34.4091	75.2888	0.0825083	80.5521
34.5331	75.3713	0	80.5521
34.5336	75.3713	0.0825083	80.5521
34.7896	75.4538	0	80.5521
34.7912	75.4538	0.165017	80.5521
34.7912	75.5363	0.0825083	80.5521
34.8111	75.6188	0	80.5521
34.8113	75.6188	0.165017	80.5521
34.8119	75.7013	0.0825083	80.5521
34.8217	75.7838	0	80.5521
34.8231	75.7838	0.165017	80.5521
34.8243	75.8663	0.0825083	80.5521
34.8972	75.9488	0	80.5521
35.0284	75.9488	0	80.803
35.029	75.9901	0.0825083	80.803
35.1206	76.0726	0	80.803
35.1227	76.1139	0.0825083	80.803
35.3902	76.1964	0	80.803
35.3934	76.1964	0	80.9285
35.3944	76.2376	0.0825083	80.9285
35.4356	76.3201	0	80.9285
35.4366	76.3201	0.165017	80.9285
35.4373	76.4026	0.0825083	80.9285
35.4954	76.4851	0	80.9285
35.7049	76.4851	0	81.054
35.8721	76.4851	0	81.1794
35.8738	76.5264	0.0825083	81.1794
35.9347	76.6089	0	81.1794
35.9367	76.6502	0.0825083	81.1794
36.1123	76.7327	0	81.1794
36.1196	76.7739	0.0825083	81.1794
36.122	76.8564	0	81.1794
36.1234	76.8977	0.0825083	81.1794
36.3012	76.9802	0	81.1794
36.3023	77.0215	0.0825083	81.1794
36.3203	77.104	0	81.1794
36.5854	77.104	0	81.3049
36.698	77.104	0	81.4304
36.7312	77.104	0	81.5558
36.7322	77.1452	0.0825083	81.5558
36.8081	77.2277	0	81.5558
36.8084	77.269	0.0825083	81.5558
36.8751	77.3515	0	81.5558
36.8755	77.3927	0.0825083	81.5558
36.9041	77.4753	0	81.5558
36.9047	77.5165	0.0825083	81.5558
37.0241	77.599	0	81.5558
37.0248	77.599	0	81.8068
37.0262	77.599	0.0825083	81.8068
37.127	77.6815	0	81.8068
37.1545	77.6815	0	82.0577
37.1977	77.6815	0	82.1832
37.1991	77.6815	0.0825083	82.1832
37.3037	77.764	0	82.1832
37.54	77.764	0	82.4341
37.5425	77.8053	0.0825083	82.4341
37.7953	77.8878	0	82.4341
37.7975	77.929	0.0825083	82.4341
37.8704	78.0116	0	82.4341
37.8715	78.0528	0.0825083	82.4341
38.0869	78.1353	0	82.4341
38.0914	78.1766	0.0825083	82.4341
38.1435	78.2591	0	82.4341
38.1601	78.2591	0	82.5596
38.161	78.3003	0.0825083	82.5596
38.2279	78.3828	0	82.5596
38.228	78.4241	0.0825083	82.5596
38.2536	78.5066	0	82.5596
38.4016	78.5066	0	82.8105
38.4441	78.5066	0	83.0615
38.4454	78.5479	0.0825083	83.0615
38.5031	78.6304	0	83.0615
38.6507	78.6304	0	83.187
38.6517	78.6716	0.0825083	83.187
38.6728	78.7541	0	83.187
38.912	78.7541	0	83.3124
38.9178	78.7541	0	83.4379
38.9182	78.7541	0.165017	83.4379
38.9215	78.8366	0.0825083	83.4379
38.9446	78.9191	0	83.4379
39.019	78.9191	0	83.5634
39.0256	78.9191	0	83.8143
39.0425	78.9191	0	84.0652
39.0428	78.9191	0.165017	84.0652
39.0431	79.0016	0.0825083	84.0652
39.0646	79.0842	0	84.0652
39.1182	79.0842	0	84.1907
39.1188	79.1254	0.0825083	84.1907
39.1671	79.2079	0	84.1907
39.369	79.2079	0	84.4417
39.369	79.2079	0.165017	84.4417
39.3734	79.2904	0.0825083	84.4417
39.4784	79.3729	0	84.4417
39.4784	79.3729	0.165017	84.4417
39.4786	79.4554	0.0825083	84.4417
39.6386	79.538	0	84.4417
39.6389	79.5792	0.0825083	84.4417
39.9055	79.6617	0	84.4417
39.9057	79.703	0.0825083	84.4417
39.9207	79.7855	0	84.4417
39.9216	79.7855	0.165017	84.4417
39.9233	79.868	0.0825083	84.4417
40.2121	79.9505	0	84.4417
40.2217	79.9505	0	84.6926
40.275	79.9505	0	84.9435
40.2803	79.9505	0.0825083	84.9435
40.3077	80.033	0	84.9435
40.3369	80.033	0	85.1945
40.3386	80.033	0.165017	85.1945
40.3387	80.1155	0.0825083	85.1945
40.477	80.198	0	85.1945
40.4871	80.198	0	85.4454
40.6368	80.198	0	85.5709
40.6386	80.2393	0.0825083	85.5709
40.7163	80.3218	0	85.5709
40.7172	80.3218	0.165017	85.5709
40.7212	80.4043	0.0825083	85.5709
40.7527	80.4868	0	85.5709
40.7542	80.5281	0.0825083	85.5709
40.7558	80.5693	0.165017	85.5709
40.7574	80.6518	0.0825083	85.5709
40.8054	80.7343	0	85.5709
40.9431	80.7343	0	85.8218
41.1948	80.7343	0	86.0728
41.2324	80.7343	0	86.3237
41.3137	80.7343	0	86.5747
41.3143	80.7343	0.165017	86.5747
41.3155	80.8168	0.0825083	86.5747
41.3244	80.8993	0	86.5747
41.3248	80.9406	0.0825083	86.5747
41.3275	81.0231	0	86.5747
41.3496	81.0231	0	86.7001
41.4734	81.0231	0	86.8256
41.4745	81.0644	0.0825083	86.8256
41.4797	81.0644	0.0825083	86.9511
41.5717	81.1469	0	86.9511
41.572	81.1469	0.0825083	86.9511
41.5845	81.2294	0	86.9511
41.6701	81.2294	0	87.0765
41.8722	81.2294	0	87.3275
41.9183	81.2294	0	87.4529
41.9645	81.2294	0	87.7039
42.2981	81.2294	0	87.9548
42.2984	81.2706	0.0825083	87.9548
42.3822	81.3531	0	87.9548
42.3837	81.3944	0.0825083	87.9548
42.429	81.4769	0	87.9548
42.5297	81.4769	0	88.0803
42.5301	81.4769	0.165017	88.0803
42.5313	81.5594	0.0825083	88.0803
42.5789	81.6419	0	88.0803
42.5832	81.6419	0.0825083	88.0803
42.8022	81.7244	0	88.0803
42.9519	81.7244	0	88.3312
42.9542	81.7657	0.0825083	88.3312
43.1457	81.8482	0	88.3312
43.1466	81.8894	0.0825083	88.3312
43.1735	81.9719	0	88.3312
43.3243	81.9719	0	88.5822
43.327	82.0132	0.0825083	88.5822
43.3311	82.0957	0	88.5822
43.4137	82.0957	0	88.8331
43.4145	82.0957	0.0825083	88.8331
43.4441	82.1782	0	88.8331
43.4444	82.2195	0.0825083	88.8331
43.4648	82.302	0	88.8331
43.4661	82.3432	0.0825083	88.8331
43.5096	82.4257	0	88.8331
43.707	82.4257	0	88.9586
43.7079	82.4257	0.165017	88.9586
43.709	82.5082	0.0825083	88.9586
43.7956	82.5908	0	88.9586
43.8082	82.5908	0	89.2095
43.8705	82.5908	0	89.335
43.8719	82.5908	0.165017	89.335
43.8778	82.6733	0.0825083	89.335
43.9442	82.7558	0	89.335
43.986	82.7558	0	89.5859
44.1878	82.7558	0	89.8369
44.2614	82.7558	0	90.0878
44.2617	82.7558	0.165017	90.0878
44.2622	82.8383	0.0825083	90.0878
44.2671	82.9208	0	90.0878
44.2734	82.9208	0	90.2133
44.277	82.9208	0.0825083	90.2133
44.3124	83.0033	0	90.2133
44.3152	83.0033	0.0825083	90.2133
44.423	83.0858	0	90.2133
44.4232	83.1271	0.0825083	90.2133
44.429	83.2096	0	90.2133
44.4599	83.2096	0	90.4642
44.4664	83.2508	0.0825083	90.4642
44.4727	83.3333	0	90.4642
44.4728	83.3746	0.0825083	90.4642
44.5243	83.4571	0	90.4642
44.5259	83.4984	0.0825083	90.4642
44.6445	83.5809	0	90.4642
44.6446	83.6221	0.0825083	90.4642
44.7287	83.7046	0	90.4642
44.7288	83.7046	0.165017	90.4642
44.7328	83.7871	0.0825083	90.4642
44.7497	83.8696	0	90.4642
44.7511	83.9109	0.0825083	90.4642
45.0373	83.9934	0	90.4642
45.0522	83.9934	0	90.7152
45.0534	84.0347	0.0825083	90.7152
45.3106	84.1172	0	90.7152
45.3108	84.1584	0.0825083	90.7152
45.3349	84.2409	0	90.7152
45.3371	84.2822	0.0825083	90.7152
45.4352	84.3647	0	90.7152
45.4455	84.4059	0.0825083	90.7152
45.8566	84.4884	0	90.7152
45.8644	84.5297	0.0825083	90.7152
45.986	84.6122	0	90.7152
45.9867	84.6535	0.0825083	90.7152
46.1013	84.736	0	90.7152
46.1077	84.7772	0.0825083	90.7152
46.2642	84.8597	0	90.7152
46.2672	84.901	0.0825083	90.7152
46.2798	84.9835	0	90.7152
46.2805	85.0247	0.0825083	90.7152
46.4703	85.1073	0	90.7152
46.5509	85.1073	0	90.9661
46.5519	85.1485	0.0825083	90.9661
46.7346	85.231	0	90.9661
46.7351	85.2723	0.0825083	90.9661
46.9721	85.3548	0	90.9661
46.9724	85.396	0.0825083	90.9661
46.993	85.4785	0	90.9661
46.9942	85.5198	0.0825083	90.9661
47.0131	85.6023	0	90.9661
47.0183	85.6023	0.165017	90.9661
47.0196	85.6848	0.0825083	90.9661
47.0397	85.7673	0	90.9661
47.0423	85.8086	0.0825083	90.9661
47.1004	85.8911	0	90.9661
47.1004	85.8911	0.165017	90.9661
47.1005	85.9323	0.247525	90.9661
47.1006	86.0149	0.165017	90.9661
47.1008	86.0974	0.0825083	90.9661
47.1517	86.1799	0	90.9661
47.1612	86.1799	0	91.2171
47.1631	86.2211	0.0825083	91.2171
47.3061	86.3036	0	91.2171
47.3124	86.3449	0.0825083	91.2171
48.031	86.4274	0	91.2171
48.3611	86.4274	0	91.468
48.3639	86.4274	0.165017	91.468
48.365	86.5099	0.0825083	91.468
48.7792	86.5924	0	91.468
48.7808	86.6337	0.0825083	91.468
48.9486	86.7162	0	91.468
48.9555	86.7574	0.0825083	91.468
49.2126	86.8399	0	91.468
49.2137	86.8399	0.165017	91.468
49.2158	86.9224	0.0825083	91.468
49.3243	87.005	0	91.468
49.3262	87.0462	0.0825083	91.468
49.3494	87.1287	0	91.468
49.3511	87.1287	0.0825083	91.468
49.3722	87.2112	0	91.468
49.3744	87.2525	0.0825083	91.468
50.1142	87.335	0	91.468
50.1183	87.3762	0.0825083	91.468
50.1405	87.4587	0	91.468
50.3311	87.4587	0	91.5935
50.3318	87.5	0.0825083	91.5935
50.6966	87.5825	0	91.5935
50.8121	87.5825	0	91.8444
50.8122	87.6238	0.0825083	91.8444
50.8813	87.7063	0	91.8444
50.8834	87.7475	0.0825083	91.8444
51.1814	87.83	0	91.8444
51.1828	87.8713	0.0825083	91.8444
51.2402	87.9538	0	91.8444
51.2407	87.995	0.0825083	91.8444
52.2492	88.0776	0	91.8444
52.2501	88.1188	0.0825083	91.8444
52.2563	88.2013	0	91.8444
52.2578	88.2426	0.0825083	91.8444
52.3097	88.3251	0	91.8444
52.3115	88.3663	0.0825083	91.8444
52.7945	88.4488	0	91.8444
52.8073	88.4488	0	92.0954
52.8077	88.4901	0.0825083	92.0954
53.2595	88.5726	0	92.0954
53.3533	88.5726	0	92.2208
53.4131	88.5726	0	92.4718
53.415	88.5726	0.0825083	92.4718
53.4207	88.6551	0	92.4718
53.423	88.6964	0.0825083	92.4718
53.4982	88.7789	0	92.4718
53.7278	88.7789	0	92.7227
53.7281	88.8201	0.0825083	92.7227
53.7399	88.9026	0	92.7227
53.857	88.9026	0	92.9736
53.8576	88.9026	0.165017	92.9736
53.8601	88.9851	0.0825083	92.9736
53.8736	89.0677	0	92.9736
53.8877	89.0677	0	93.2246
53.8881	89.0677	0.0825083	93.2246
53.8893	89.0677	0.165017	93.2246
53.89	89.1502	0.0825083	93.2246
53.9306	89.2327	0	93.2246
53.9307	89.2739	0.0825083	93.2246
54.3173	89.3564	0	93.2246
54.3201	89.3564	0.0825083	93.2246
54.3345	89.4389	0	93.2246
54.6371	89.4389	0	93.4755
54.6405	89.4802	0.0825083	93.4755
54.712	89.5627	0	93.4755
54.7145	89.604	0.0825083	93.4755
54.7353	89.6865	0	93.4755
54.9913	89.6865	0	93.601
55.0172	89.6865	0	93.8519
55.0172	89.7277	0.0825083	93.8519
55.1163	89.8102	0	93.8519
55.1181	89.8515	0.0825083	93.8519
55.5426	89.934	0	93.8519
56.2015	89.934	0	94.1029
56.2034	89.9753	0.0825083	94.1029
56.3887	90.0578	0	94.1029
56.3902	90.099	0.0825083	94.1029
56.5729	90.1815	0	94.1029
56.6171	90.1815	0	94.3538
56.6172	90.1815	0.165017	94.3538
56.621	90.264	0.0825083	94.3538
56.6728	90.3465	0	94.3538
56.6729	90.3465	0.165017	94.3538
56.6754	90.429	0.0825083	94.3538
56.7552	90.5116	0	94.3538
56.7628	90.5528	0.0825083	94.3538
56.9918	90.6353	0	94.3538
56.9944	90.6766	0.0825083	94.3538
57.2524	90.7591	0	94.3538
57.6926	90.7591	0	94.6048
57.6959	90.8003	0.0825083	94.6048
57.8815	90.8828	0	94.6048
57.8828	90.9241	0.0825083	94.6048
57.9449	91.0066	0	94.6048
57.9451	91.0479	0.0825083	94.6048
59.1478	91.1304	0	94.6048
59.155	91.1304	0	94.8557
59.1565	91.1304	0.0825083	94.8557
59.8723	91.2129	0	94.8557
59.9534	91.2129	0	94.9812
59.9546	91.2129	0.165017	94.9812
59.9564	91.2954	0.0825083	94.9812
60.3182	91.3779	0	94.9812
60.3186	91.4191	0.0825083	94.9812
60.492	91.5016	0	94.9812
60.492	91.5429	0.0825083	94.9812
61.0103	91.6254	0	94.9812
61.1649	91.6254	0	95.2321
61.2546	91.6254	0	95.4831
61.2578	91.6667	0.0825083	95.4831
61.2603	91.7492	0	95.4831
61.9042	91.7492	0	95.734
61.9047	91.7904	0.0825083	95.734
62.283	91.8729	0	95.734
62.2845	91.9142	0.0825083	95.734
62.5524	91.9967	0	95.734
62.5549	92.038	0.0825083	95.734
62.5742	92.1205	0	95.734
63.236	92.1205	0	95.9849
63.255	92.1205	0	96.2359
63.2563	92.1617	0.0825083	96.2359
63.3486	92.2442	0	96.2359
63.3495	92.2855	0.0825083	96.2359
63.6576	92.368	0	96.2359
63.6581	92.4092	0.0825083	96.2359
63.9317	92.4918	0	96.2359
63.9336	92.533	0.0825083	96.2359
64.0275	92.6155	0	96.2359
64.0294	92.6155	0.165017	96.2359
64.0313	92.698	0.0825083	96.2359
64.412	92.7805	0	96.2359
64.4129	92.8218	0.0825083	96.2359
64.5524	92.9043	0	96.2359
64.7612	92.9043	0	96.4868
64.8989	92.9043	0	96.7378
64.8997	92.9455	0.0825083	96.7378
65.6838	93.0281	0	96.7378
65.7515	93.0281	0	96.9887
65.7576	93.0693	0.0825083	96.9887
66.5976	93.1518	0	96.9887
66.5985	93.1518	0.165017	96.9887
66.6029	93.2343	0.0825083	96.9887
66.6336	93.3168	0	96.9887
66.6352	93.3581	0.0825083	96.9887
67.5479	93.4406	0	96.9887
67.5496	93.4406	0.165017	96.9887
67.5539	93.5231	0.0825083	96.9887
68.8768	93.6056	0	96.9887
69.2474	93.6056	0	97.2396
69.248	93.6469	0.0825083	97.2396
69.4623	93.7294	0	97.2396
69.4694	93.7706	0.0825083	97.2396
70.0312	93.8531	0	97.2396
70.0336	93.8944	0.0825083	97.2396
70.9753	93.9769	0	97.2396
70.9756	94.0182	0.0825083	97.2396
71.0094	94.1007	0	97.2396
71.0468	94.1007	0	97.4906
71.0494	94.1419	0.0825083	97.4906
71.0601	94.2244	0	97.4906
71.0633	94.2244	0.165017	97.4906
71.0653	94.3069	0.0825083	97.4906
71.5733	94.3894	0	97.4906
71.5758	94.4307	0.0825083	97.4906
71.7304	94.5132	0	97.4906
72.7879	94.5132	0	97.7415
75.2214	94.5132	0	97.9925
75.2218	94.5545	0.0825083	97.9925
75.9589	94.637	0	97.9925
75.9597	94.6782	0.0825083	97.9925
76.0094	94.7607	0	97.9925
76.0098	94.7607	0.0825083	97.9925
76.3647	94.8432	0	97.9925
76.3667	94.8845	0.0825083	97.9925
77.0251	94.967	0	97.9925
77.0265	95.0082	0.0825083	97.9925
77.2753	95.0908	0	97.9925
77.276	95.132	0.0825083	97.9925
77.4956	95.2145	0	97.9925
77.4962	95.2558	0.0825083	97.9925
77.9118	95.3383	0	97.9925
77.9393	95.3383	0	98.2434
77.9424	95.3383	0.0825083	98.2434
78.787	95.4208	0	98.2434
78.9776	95.4208	0	98.4944
78.9784	95.462	0.0825083	98.4944
79.1108	95.5446	0	98.4944
79.111	95.5858	0.0825083	98.4944
79.2234	95.6683	0	98.4944
79.2271	95.7096	0.0825083	98.4944
80.0506	95.7921	0	98.4944
80.0515	95.8333	0.0825083	98.4944
81.341	95.9158	0	98.4944
81.3422	95.9158	0.0825083	98.4944
82.9656	95.9984	0	98.4944
83.1073	95.9984	0	98.7453
83.1094	96.0396	0.0825083	98.7453
83.7332	96.1221	0	98.7453
84.4244	96.1221	0	98.9962
84.4254	96.1634	0.0825083	98.9962
85.0394	96.2459	0	98.9962
85.0448	96.2871	0.0825083	98.9962
86.3075	96.3696	0	98.9962
86.3397	96.3696	0	99.2472
86.3403	96.4109	0.0825083	99.2472
86.963	96.4934	0	99.2472
86.9644	96.5347	0.0825083	99.2472
87.5439	96.6172	0	99.2472
87.5545	96.6584	0.0825083	99.2472
88.6196	96.7409	0	99.2472
88.6241	96.7822	0.0825083	99.2472
89.1757	96.8647	0	99.2472
89.1761	96.9059	0.0825083	99.2472
89.2297	96.9884	0	99.2472
89.4803	96.9884	0	99.4981
89.4805	96.9884	0.0825083	99.4981
89.5833	97.071	0	99.4981
90.826	97.071	0	99.7491
90.826	97.071	0.165017	99.7491
90.8289	97.1535	0.0825083	99.7491
93.0523	97.236	0	99.7491
93.0528	97.2772	0.0825083	99.7491
93.0799	97.3597	0	99.7491
93.0829	97.401	0.0825083	99.7491
93.4462	97.4835	0	99.7491
93.4469	97.5247	0.0825083	99.7491
93.5127	97.6073	0	99.7491
93.5157	97.6073	0.0825083	99.7491
94.623	97.6898	0	99.7491
94.6247	97.6898	0.0825083	99.7491
101.985	97.7723	0	99.7491
101.985	97.8135	0.0825083	99.7491
103.953	97.896	0	99.7491
103.953	97.896	0.165017	99.7491
103.956	97.9785	0.0825083	99.7491
104.226	98.0611	0	99.7491
104.227	98.1023	0.0825083	99.7491
106.812	98.1848	0	99.7491
106.815	98.2261	0.0825083	99.7491
108.666	98.3086	0	99.7491
108.833	98.3086	0	100
108.835	98.3498	0.0825083	100
112.31	98.4323	0	100
112.312	98.4323	0.0825083	100
114.681	98.5149	0	100
114.683	98.5149	0.0825083	100
116.716	98.5974	0	100
116.716	98.6386	0.0825083	100
131.102	98.7211	0	100
131.104	98.7624	0.0825083	100
139.264	98.8449	0	100
139.265	98.8861	0.0825083	100
145.977	98.9686	0	100
145.978	99.0099	0.0825083	100
146.177	99.0924	0	100
146.178	99.1337	0.0825083	100
147.768	99.2162	0	100
147.769	99.2574	0.0825083	100
148.3	99.3399	0	100
148.303	99.3812	0.0825083	100
156.015	99.4637	0	100
156.015	99.505	0.0825083	100
158.363	99.5875	0	100
158.363	99.6287	0.0825083	100
159.213	99.7112	0	100
159.216	99.7112	0.165017	100
159.216	99.7937	0.0825083	100
166.273	99.8762	0	100
166.276	99.9175	0.0825083	100
