5.81478e-07	0	0	0
1.5268e-06	0	0	0
1.86109e-06	0	0	0
2.70332e-06	0	0	0
2.88434e-06	0	0	0
3.41832e-06	0	0	0
4.53029e-06	0	0	0
4.73966e-06	0	0	0
5.86888e-06	0	0	0
6.24371e-06	0	0	0
6.79042e-06	0	0	0
6.80937e-06	0	0	0
7.45373e-06	0	0	0
7.64775e-06	0	0	0
7.76953e-06	0	0	0
7.81922e-06	0	0	0
8.07901e-06	0	0	0
9.0922e-06	0	0	0
9.53239e-06	0	0	0
1.09602e-05	0	0	0
1.12789e-05	0	0	0
1.13322e-05	0	0	0
1.28827e-05	0	0	0
1.29453e-05	0	0	0
1.34137e-05	0	0	0
1.40525e-05	0	0	0
1.45338e-05	0	0	0
1.47022e-05	0	0	0
1.4786e-05	0	0	0
1.59204e-05	0	0	0
1.62828e-05	0	0	0
1.6809e-05	0	0	0
1.74045e-05	0	0	0
1.76689e-05	0	0	0
1.77359e-05	0	0	0
1.82887e-05	0	0	0
1.88988e-05	0	0	0
1.90304e-05	0	0	0
1.94046e-05	0	0	0
2.01386e-05	0	0	0
2.04954e-05	0	0	0
2.10019e-05	0	0	0
2.2661e-05	0	0	0
2.27632e-05	0	0	0
2.39966e-05	0	0	0
2.42949e-05	0	0	0
2.43173e-05	0	0	0
2.43506e-05	0	0	0
2.47994e-05	0	0	0
2.48239e-05	0	0	0
2.49558e-05	0	0	0
2.50034e-05	0	0	0
2.50389e-05	0	0	0
2.52222e-05	0	0	0
2.52317e-05	0	0	0
2.67341e-05	0	0	0
2.71868e-05	0	0	0
2.82205e-05	0	0	0
2.82868e-05	0	0	0
2.8338e-05	0	0	0
2.84635e-05	0	0	0
2.85769e-05	0	0	0
2.87374e-05	0	0	0
2.88334e-05	0	0	0
3.03714e-05	0	0	0
3.08465e-05	0	0	0
3.09245e-05	0	0	0
3.10962e-05	0	0	0
3.11201e-05	0	0	0
3.13296e-05	0	0	0
3.16778e-05	0	0	0
3.22715e-05	0	0	0
3.27607e-05	0	0	0
3.28989e-05	0	0	0
3.34024e-05	0	0	0
3.44754e-05	0	0	0
3.45675e-05	0	0	0
3.47424e-05	0	0	0
3.48261e-05	0	0	0
3.51254e-05	0	0	0
3.58034e-05	0	0	0
3.62204e-05	0	0	0
3.65778e-05	0	0	0
3.66867e-05	0	0	0
3.7029e-05	0	0	0
3.72171e-05	0	0	0
3.72255e-05	0	0	0
3.85019e-05	0	0	0
3.86712e-05	0	0	0
3.90314e-05	0	0	0
3.90935e-05	0	0	0
3.97044e-05	0	0	0
3.98394e-05	0	0	0
4.08421e-05	0	0	0
4.13345e-05	0	0	0
4.17552e-05	0	0	0
4.26579e-05	0	0	0
4.41582e-05	0	0	0
4.42221e-05	0	0	0
4.4526e-05	0	0	0
4.47663e-05	0	0	0
4.49357e-05	0	0	0
4.56833e-05	0	0	0
4.68575e-05	0	0	0
4.69363e-05	0	0	0
4.77555e-05	0	0	0
4.81014e-05	0	0	0
4.82376e-05	0	0	0
4.84479e-05	0	0	0
5.01534e-05	0	0	0
5.16139e-05	0	0	0
5.16172e-05	0	0	0
5.25329e-05	0	0	0
5.30408e-05	0	0	0
5.38016e-05	0	0	0
5.44638e-05	0	0	0
5.46052e-05	0	0	0
5.59537e-05	0	0	0
5.5983e-05	0	0	0
5.74328e-05	0	0	0
5.80216e-05	0	0	0
5.84255e-05	0	0	0
5.85543e-05	0	0	0
5.92067e-05	0	0	0
6.08348e-05	0	0	0
6.16838e-05	0	0	0
6.28163e-05	0	0	0
6.33317e-05	0	0	0
6.35444e-05	0	0	0
6.36293e-05	0	0	0
6.47687e-05	0	0	0
6.5918e-05	0	0	0
6.83627e-05	0	0	0
6.97374e-05	0	0	0
7.04978e-05	0	0	0
7.17374e-05	0	0	0
7.2493e-05	0	0	0
7.38523e-05	0	0	0
7.41835e-05	0	0	0
7.46475e-05	0	0	0
7.63615e-05	0	0	0
7.82155e-05	0	0	0
7.85779e-05	0	0	0
7.86104e-05	0	0	0
8.0008e-05	0	0	0
8.00612e-05	0	0	0
8.07769e-05	0	0	0
8.31351e-05	0	0	0
8.33508e-05	0	0	0
8.43539e-05	0	0	0
8.43734e-05	0	0	0
8.44691e-05	0	0	0
8.58606e-05	0	0	0
8.70379e-05	0	0	0
8.70724e-05	0	0	0
8.76719e-05	0	0	0
8.77964e-05	0	0	0
8.90426e-05	0	0	0
8.94257e-05	0	0	0
9.03515e-05	0	0	0
9.06964e-05	0	0	0
9.1078e-05	0	0	0
9.20817e-05	0	0	0
9.25595e-05	0	0	0
9.33489e-05	0	0	0
9.50774e-05	0	0	0
9.53616e-05	0	0	0
9.65135e-05	0	0	0
9.69511e-05	0	0	0
9.73885e-05	0	0	0
9.89323e-05	0	0	0
0.000100584	0	0	0
0.000101377	0	0	0
0.000103296	0	0	0
0.000105507	0	0	0
0.000106119	0	0	0
0.000107503	0	0	0
0.00010778	0	0	0
0.000109171	0	0	0
0.000109367	0	0	0
0.000109736	0	0	0
0.000109888	0	0	0
0.000110299	0	0	0
0.000112848	0	0	0
0.000112921	0	0	0
0.000113359	0	0	0
0.000113724	0	0	0
0.000113795	0	0	0
0.000114085	0	0	0
0.000114134	0	0	0
0.0001159	0	0	0
0.000116434	0	0	0
0.00011695	0	0	0
0.000118443	0	0	0
0.000119095	0	0	0
0.000119631	0	0	0
0.000119972	0	0	0
0.00012057	0	0	0
0.000120825	0	0	0
0.000123162	0	0	0
0.000123689	0	0	0
0.000125547	0	0	0
0.000126016	0	0	0
0.000126841	0	0	0
0.000127012	0	0	0
0.000127134	0	0	0
0.000130763	0	0	0
0.000131955	0	0	0
0.000132071	0	0	0
0.000132572	0	0	0
0.000133589	0	0	0
0.000133801	0	0	0
0.000134234	0	0	0
0.000134979	0	0	0
0.00013948	0	0	0
0.000140642	0	0	0
0.000142038	0	0	0
0.000142293	0	0	0
0.000143823	0	0	0
0.000143862	0	0	0
0.000146367	0	0	0
0.000147669	0	0	0
0.000148653	0	0	0
0.000149096	0	0	0
0.000149227	0	0	0
0.000149402	0	0	0
0.000149663	0	0	0
0.000150257	0	0	0
0.000150544	0	0	0
0.000150657	0	0	0
0.000152144	0	0	0
0.00015371	0	0	0
0.000153825	0	0	0
0.000154676	0	0	0
0.000155279	0	0	0
0.000156061	0	0	0
0.000158112	0	0	0
0.000159856	0	0	0
0.000160849	0	0	0
0.000161872	0	0	0
0.000164673	0	0	0
0.000165635	0	0	0
0.000166089	0	0	0
0.000166854	0	0	0
0.00017004	0	0	0
0.000170666	0	0	0
0.000171507	0	0	0
0.000172435	0	0	0
0.000172959	0	0	0
0.000173431	0	0	0
0.00017351	0	0	0
0.000173721	0	0	0
0.000174859	0	0	0
0.000175231	0	0	0
0.00017575	0	0	0
0.000176629	0	0	0
0.000177027	0	0	0
0.000177263	0	0	0
0.000177503	0	0	0
0.000179284	0	0	0
0.000179576	0	0	0
0.000180228	0	0	0
0.00018124	0	0	0
0.00018223	0	0	0
0.000183024	0	0	0
0.000183315	0	0	0
0.000183806	0	0	0
0.000186855	0	0	0
0.000186994	0	0	0
0.000187473	0	0	0
0.000188137	0	0	0
0.000189136	0	0	0
0.000189161	0	0	0
0.000189502	0	0	0
0.000189606	0	0	0
0.000191273	0	0	0
0.000192131	0	0	0
0.000193307	0	0	0
0.000195803	0	0	0
0.0001965	0	0	0
0.000196604	0	0	0
0.000200039	0	0	0
0.0002053	0	0	0
0.000206057	0	0	0
0.000206175	0	0	0
0.000206393	0	0	0
0.000206425	0	0	0
0.000207016	0	0	0
0.000207686	0	0	0
0.000207691	0	0	0
0.000208268	0	0	0
0.00020884	0	0	0
0.00021208	0	0	0
0.000212308	0	0	0
0.000214794	0	0	0
0.000216613	0	0	0
0.000218037	0	0	0
0.000219414	0	0	0
0.000219853	0	0	0
0.000221451	0	0	0
0.000221632	0	0	0
0.000222185	0	0	0
0.000223053	0	0	0
0.000224813	0	0	0
0.000225885	0	0	0
0.000227824	0	0	0
0.000228666	0	0	0
0.000232181	0	0	0
0.000232556	0	0	0
0.000233493	0	0	0
0.000236958	0	0	0
0.000238018	0	0	0
0.000240405	0	0	0
0.000243209	0	0	0
0.000243397	0	0	0
0.000243546	0	0	0
0.000243641	0	0	0
0.000244734	0	0	0
0.000245166	0	0	0
0.000245449	0	0	0
0.000246424	0	0	0
0.000246785	0	0	0
0.000247593	0	0	0
0.000247657	0	0	0
0.000248585	0	0	0
0.000248977	0	0	0
0.000251583	0	0	0
0.000251991	0	0	0
0.000254059	0	0	0
0.00025661	0	0	0
0.000260074	0	0	0
0.000260216	0	0	0
0.00026126	0	0	0
0.000262915	0	0	0
0.000263831	0	0	0
0.000264346	0	0	0
0.000264668	0	0	0
0.000268539	0	0	0
0.000269914	0	0	0
0.000270505	0	0	0
0.000274388	0	0	0
0.000274524	0	0	0
0.000275218	0	0	0
0.000275303	0	0	0
0.000276471	0	0	0
0.000277096	0	0	0
0.000279762	0	0	0
0.00028015	0	0	0
0.000280294	0	0	0
0.000282344	0	0	0
0.000289103	0	0	0
0.000290158	0	0	0
0.000293267	0	0	0
0.00029825	0	0	0
0.000299963	0	0	0
0.000301643	0	0	0
0.000301861	0	0	0
0.000303888	0	0	0
0.000304872	0	0	0
0.00030714	0	0	0
0.000308301	0	0	0
0.000308372	0	0	0
0.000309203	0	0	0
0.000310225	0	0	0
0.000312509	0	0	0
0.000313619	0	0	0
0.000315676	0	0	0
0.000317113	0	0	0
0.000319676	0	0	0
0.000321027	0	0	0
0.000321607	0	0	0
0.000322204	0	0	0
0.000324211	0	0	0
0.00032794	0	0	0
0.000332547	0	0	0
0.000334195	0	0	0
0.000337678	0	0	0
0.000339275	0	0	0
0.000341184	0	0	0
0.000342883	0	0	0
0.000345639	0	0	0
0.000348395	0	0	0
0.00035008	0	0	0
0.000350788	0	0	0
0.000352405	0	0	0
0.000353989	0	0	0
0.000354955	0	0	0
0.00035631	0	0	0
0.000359309	0	0	0
0.000361343	0	0	0
0.000363172	0	0	0
0.000363592	0	0	0
0.000364787	0	0	0
0.000368803	0	0	0
0.000374057	0	0	0
0.000375773	0	0	0
0.000376199	0	0	0
0.000378013	0	0	0
0.00038574	0	0	0
0.000385976	0	0	0
0.000391898	0	0	0
0.000392187	0	0	0
0.000393527	0	0	0
0.000395731	0	0	0
0.00039604	0	0	0
0.000396146	0	0	0
0.000396396	0	0	0
0.000396698	0	0	0
0.000398483	0	0	0
0.000399519	0	0	0
0.000404654	0	0	0
0.000405987	0	0	0
0.000406617	0	0	0
0.000407692	0	0	0
0.000409145	0	0	0
0.000411377	0	0	0
0.000412512	0	0	0
0.000415171	0	0	0
0.000421158	0	0	0
0.000425529	0	0	0
0.00042573	0	0	0
0.00042629	0	0	0
0.000433965	0	0	0
0.000435178	0	0	0
0.000438677	0	0	0
0.000441048	0	0	0
0.000443512	0	0	0
0.000445125	0	0	0
0.000446607	0	0	0
0.000452025	0	0	0
0.000453711	0	0	0
0.000456233	0	0	0
0.000457288	0	0	0
0.000457552	0	0	0
0.00045968	0	0	0
0.000461598	0	0	0
0.00046601	0	0	0
0.000475182	0	0	0
0.000476053	0	0	0
0.000480358	0	0	0
0.000481319	0	0	0
0.000484284	0	0	0
0.000489315	0	0	0
0.000492879	0	0	0
0.000493695	0	0	0
0.000500259	0	0	0
0.000502987	0	0	0
0.000508394	0	0	0
0.000514377	0	0	0
0.000515399	0	0	0
0.000522097	0	0	0
0.000523024	0	0	0
0.000523403	0	0	0
0.000524	0	0	0
0.000525457	0	0	0
0.00052827	0	0	0
0.000530163	0	0	0
0.000531744	0	0	0
0.000532435	0	0	0
0.000538564	0	0	0
0.000544067	0	0	0
0.000544233	0	0	0
0.000555309	0	0	0
0.00056628	0	0	0
0.000566334	0	0	0
0.000573501	0	0	0
0.000573665	0	0	0
0.000574049	0	0	0
0.000576082	0	0	0
0.000576853	0	0	0
0.000576943	0	0	0
0.000577442	0	0	0
0.000578308	0	0	0
0.000578948	0	0	0
0.000581013	0	0	0
0.000581222	0	0	0
0.000584523	0	0	0
0.00058604	0	0	0
0.000592157	0	0	0
0.000592954	0	0	0
0.000601189	0	0	0
0.00060716	0	0	0
0.000607914	0	0	0
0.000609064	0	0	0
0.000610317	0	0	0
0.000616462	0	0	0
0.000618094	0	0	0
0.000634657	0	0	0
0.000634951	0	0	0
0.000635328	0	0	0
0.000636892	0	0	0
0.000637869	0	0	0
0.000639282	0	0	0
0.000641409	0	0	0
0.000643465	0	0	0
0.000644602	0	0	0
0.000648347	0	0	0
0.000649565	0	0	0
0.00064963	0	0	0
0.000654795	0	0	0
0.000656151	0	0	0
0.000659937	0	0	0
0.000664185	0	0	0
0.000666641	0	0	0
0.000672576	0	0	0
0.000675076	0	0	0
0.000675779	0	0	0
0.000684599	0	0	0
0.000684736	0	0	0
0.000688611	0	0	0
0.000688984	0	0	0
0.000691459	0	0	0
0.00069448	0	0	0
0.000698127	0	0	0
0.000713013	0	0	0
0.000716332	0	0	0
0.000719714	0	0	0
0.000732022	0	0	0
0.000732967	0	0	0
0.000743851	0	0	0
0.000747831	0	0	0
0.00075544	0	0	0
0.000756853	0	0	0
0.000761514	0	0	0
0.000761799	0	0	0
0.000762819	0	0	0
0.000766495	0	0	0
0.000774198	0	0	0
0.000774552	0	0	0
0.000775219	0	0	0
0.000780114	0	0	0
0.000789758	0	0	0
0.000792576	0	0	0
0.000793593	0	0	0
0.000797856	0	0	0
0.000800064	0	0	0
0.000803116	0	0	0
0.00080341	0	0	0
0.000809009	0	0	0
0.000811436	0	0	0
0.000816493	0	0	0
0.00081802	0	0	0
0.000823118	0	0	0
0.000850921	0	0	0
0.000857385	0	0	0
0.000862266	0	0	0
0.000871964	0	0	0
0.000874347	0	0	0
0.000878579	0	0	0
0.000878596	0	0	0
0.000888412	0	0	0
0.00089154	0	0	0
0.000897433	0	0	0
0.000898888	0	0	0
0.000904795	0	0	0
0.000905388	0	0	0
0.000907236	0	0	0
0.000910212	0	0	0
0.000918366	0	0	0
0.000918551	0	0	0
0.000919634	0	0	0
0.000920226	0	0	0
0.000922047	0	0	0
0.000924248	0	0	0
0.000926443	0	0	0
0.000931501	0	0	0
0.000934131	0	0	0
0.000935571	0	0	0
0.000938621	0	0	0
0.000942008	0	0	0
0.000942733	0	0	0
0.000944531	0	0	0
0.000947262	0	0	0
0.000952308	0	0	0
0.000958468	0	0	0
0.00096358	0	0	0
0.000972048	0	0	0
0.000976802	0	0	0
0.000980944	0	0	0
0.000984097	0	0	0
0.000984219	0	0	0
0.000990357	0	0	0
0.000991876	0	0	0
0.000994594	0	0	0
0.000996507	0	0	0
0.000996616	0	0	0
0.00100309	0	0	0
0.001019	0	0	0
0.0010303	0	0	0
0.00105322	0	0	0
0.0010709	0	0	0
0.00107471	0	0	0
0.00107539	0	0	0
0.00110056	0	0	0
0.00110494	0	0	0
0.00110781	0	0	0
0.00111524	0	0	0
0.0011232	0	0	0
0.00112696	0	0	0
0.00112799	0	0	0
0.00114859	0	0	0
0.00115468	0	0	0
0.00116203	0	0	0
0.00117504	0	0	0
0.00119233	0	0	0
0.00119306	0	0	0
0.0012018	0	0	0
0.00120871	0	0	0
0.00121927	0	0	0
0.00123002	0	0	0
0.0012414	0	0	0
0.00124166	0	0	0
0.00125302	0	0	0
0.00125669	0	0	0
0.00126335	0	0	0
0.00126641	0	0	0
0.0012693	0	0	0
0.0012764	0	0	0
0.00127855	0	0	0
0.00128338	0	0	0
0.00128403	0	0	0
0.00133755	0	0	0
0.0013515	0	0	0
0.00135217	0	0	0
0.00136106	0	0	0
0.00137956	0	0	0
0.00138957	0	0	0
0.00139549	0	0	0
0.00140079	0	0	0
0.00140771	0	0	0
0.00142989	0	0	0
0.00144368	0	0	0
0.00144751	0	0	0
0.00146233	0	0	0
0.00146512	0	0	0
0.00147076	0	0	0
0.00147352	0	0	0
0.00148017	0	0	0
0.00148333	0	0	0
0.00149292	0	0	0
0.00151428	0	0	0
0.00152596	0	0	0
0.00157948	0	0	0
0.00158654	0	0	0
0.00159187	0	0	0
0.00165977	0	0	0
0.00167223	0	0	0
0.00167415	0	0	0
0.00167503	0	0	0
0.00167572	0	0	0
0.00168395	0	0	0
0.00169832	0	0	0
0.00171146	0	0	0
0.0017414	0	0	0
0.00174996	0	0	0
0.00176215	0	0	0
0.00177202	0	0	0
0.00178292	0	0	0
0.00178437	0	0	0
0.00179786	0	0	0
0.00183968	0	0	0
0.00185459	0	0	0
0.00186098	0	0	0
0.00188791	0	0	0
0.00191601	0	0	0
0.00195038	0	0	0
0.00195044	0	0	0
0.00197784	0	0	0
0.00202108	0	0	0
0.00202967	0	0	0
0.00209232	0	0	0
0.00215727	0	0	0
0.00217229	0	0	0
0.00223094	0	0	0
0.00224589	0	0	0
0.00238919	0	0	0
0.00242295	0	0	0
0.00248539	0	0	0
0.00251555	0	0	0
0.00258073	0	0	0
0.00259392	0	0	0
0.00259585	0	0	0
0.00262188	0	0	0
0.00274361	0	0	0
0.0027581	0	0	0
0.00281679	0	0	0
0.00282022	0	0	0
0.00282787	0	0	0
0.00283577	0	0	0
0.00286888	0	0	0
0.00290358	0	0	0
0.00296545	0	0	0
0.00308286	0	0	0
0.00316011	0	0	0
0.00325858	0	0	0
0.00345387	0	0	0
0.00362068	0	0	0
0.00367188	0	0	0
0.00368635	0	0	0
0.00375374	0	0	0
0.00387385	0	0	0
0.00406596	0	0	0
0.00407562	0	0	0
0.00413381	0	0	0
0.00422332	0	0	0
0.00422863	0	0	0
0.00425862	0	0	0
0.00434999	0	0	0
0.00445057	0	0	0
0.0045124	0	0	0
0.00466316	0	0	0
0.00474921	0	0	0
0.00477981	0	0	0
0.00479214	0	0	0
0.00502297	0	0	0
0.00518576	0	0	0
0.00534385	0	0	0
0.00550007	0	0	0
0.00553574	0	0	0
0.0056592	0	0	0
0.00589208	0	0	0
0.00598898	0	0	0
0.00615888	0	0	0
0.00667996	0	0	0
0.00684823	0	0	0
0.00698611	0	0	0
0.00707498	0	0	0
0.00741113	0	0	0
0.00741869	0	0	0
0.00749662	0	0	0
0.00754709	0	0	0
0.00772104	0	0	0
0.00777751	0	0	0
0.00852836	0	0	0
0.00974622	0	0	0
0.00997473	0	0	0
0.0106212	0	0	0
0.0113877	0	0	0
0.0120911	0	0	0
0.0146158	0	0	0
0.0197988	0	0	0
0.0215965	0	0	0
0.0332721	0	0	0
0.0344401	0.0412541	0.0825083	0
0.10498	0.123762	0	0
0.105391	0.123762	0.165017	0
0.107427	0.206271	0.0825083	0
0.144857	0.288779	0	0
0.146129	0.330033	0.0825083	0
0.147191	0.412541	0	0
0.147292	0.412541	0.165017	0
0.150344	0.49505	0.0825083	0
0.233692	0.577558	0	0
0.236163	0.577558	0.0825083	0
0.257146	0.660066	0	0
0.258488	0.70132	0.0825083	0
0.270201	0.783828	0	0
0.271084	0.825082	0.0825083	0
0.324424	0.907591	0	0
0.343892	0.907591	0	0.526316
0.344818	0.948845	0.0825083	0.526316
0.353675	1.03135	0	0.526316
0.356426	1.07261	0.0825083	0.526316
0.37369	1.15512	0	0.526316
0.428082	1.15512	0	1.05263
0.429635	1.19637	0.0825083	1.05263
0.472503	1.27888	0	1.05263
0.47802	1.27888	0	1.05263
0.482799	1.32013	0.0825083	1.05263
0.491488	1.40264	0	1.05263
0.491769	1.44389	0.0825083	1.05263
0.503878	1.5264	0	1.05263
0.507454	1.5264	0.0825083	1.05263
0.516153	1.60891	0	1.05263
0.517276	1.65016	0.0825083	1.05263
0.532327	1.73267	0	1.05263
0.534544	1.73267	0.0825083	1.05263
0.535571	1.81518	0	1.05263
0.556691	1.81518	0	1.05263
0.557068	1.85644	0.0825083	1.05263
0.617722	1.93894	0	1.05263
0.618051	1.93894	0.165017	1.05263
0.618365	2.02145	0.0825083	1.05263
0.619656	2.10396	0	1.05263
0.621079	2.10396	0.165017	1.05263
0.6253	2.18647	0.0825083	1.05263
0.635811	2.26898	0	1.05263
0.655518	2.26898	0	1.57895
0.656835	2.31023	0.0825083	1.57895
0.661066	2.31023	0.0825083	2.10526
0.667269	2.39274	0	2.10526
0.672167	2.39274	0.0825083	2.10526
0.695004	2.47525	0	2.10526
0.70267	2.47525	0	2.63158
0.702794	2.47525	0.165017	2.63158
0.706682	2.55776	0.0825083	2.63158
0.730109	2.64026	0	2.63158
0.733958	2.68152	0.0825083	2.63158
0.770593	2.76403	0	2.63158
0.771502	2.80528	0.0825083	2.63158
0.85936	2.88779	0	2.63158
0.862234	2.92904	0.0825083	2.63158
0.909037	3.01155	0	2.63158
0.914695	3.01155	0.0825083	2.63158
0.922114	3.09406	0	2.63158
0.922752	3.13531	0.0825083	2.63158
0.947737	3.21782	0	2.63158
0.949051	3.25908	0.0825083	2.63158
0.966373	3.34158	0	2.63158
0.966558	3.34158	0.0825083	2.63158
1.01674	3.42409	0	2.63158
1.02081	3.46535	0.0825083	2.63158
1.06506	3.54785	0	2.63158
1.06934	3.58911	0.0825083	2.63158
1.08261	3.67162	0	2.63158
1.08533	3.71287	0.0825083	2.63158
1.10548	3.79538	0	2.63158
1.10936	3.79538	0.165017	2.63158
1.11532	3.87789	0.0825083	2.63158
1.22469	3.9604	0	2.63158
1.23985	3.9604	0	3.15789
1.24222	4.00165	0.0825083	3.15789
1.27227	4.08416	0	3.15789
1.27878	4.08416	0.0825083	3.15789
1.28022	4.12541	0.165017	3.15789
1.28106	4.20792	0.0825083	3.15789
1.29347	4.29043	0	3.15789
1.29488	4.33168	0.0825083	3.15789
1.3116	4.41419	0	3.15789
1.31648	4.41419	0	3.68421
1.31649	4.41419	0.165017	3.68421
1.31695	4.4967	0.0825083	3.68421
1.32054	4.57921	0	3.68421
1.32271	4.62046	0.0825083	3.68421
1.34057	4.70297	0	3.68421
1.34242	4.70297	0.0825083	3.68421
1.39835	4.78548	0	3.68421
1.40087	4.82673	0.0825083	3.68421
1.40929	4.90924	0	3.68421
1.41084	4.9505	0.0825083	3.68421
1.43566	5.033	0	3.68421
1.51006	5.033	0	4.21053
1.51006	5.033	0.0825083	4.21053
1.5152	5.11551	0	4.21053
1.51525	5.11551	0.165017	4.21053
1.516	5.19802	0.0825083	4.21053
1.52618	5.28053	0	4.21053
1.52734	5.28053	0.0825083	4.21053
1.54755	5.36304	0	4.21053
1.55149	5.40429	0.0825083	4.21053
1.55472	5.4868	0	4.21053
1.56418	5.4868	0	4.73684
1.57263	5.4868	0.0825083	4.73684
1.58597	5.56931	0	4.73684
1.58609	5.56931	0.165017	4.73684
1.58649	5.65182	0.0825083	4.73684
1.61508	5.73432	0	4.73684
1.61533	5.73432	0.165017	4.73684
1.617	5.81683	0.0825083	4.73684
1.62298	5.89934	0	4.73684
1.62405	5.94059	0.0825083	4.73684
1.64662	6.0231	0	4.73684
1.65392	6.0231	0.0825083	4.73684
1.65673	6.0231	0.165017	4.73684
1.66023	6.10561	0.0825083	4.73684
1.68449	6.18812	0	4.73684
1.68643	6.22937	0.0825083	4.73684
1.75667	6.31188	0	4.73684
1.80769	6.31188	0	5.26316
1.80987	6.31188	0.165017	5.26316
1.81002	6.39439	0.0825083	5.26316
1.81406	6.4769	0	5.26316
1.81928	6.51815	0.0825083	5.26316
1.83106	6.60066	0	5.26316
1.8322	6.64191	0.0825083	5.26316
1.85079	6.72442	0	5.26316
1.92537	6.72442	0	5.78947
1.93506	6.72442	0	6.31579
1.99586	6.72442	0	7.36842
1.99604	6.72442	0.165017	7.36842
1.99716	6.80693	0.0825083	7.36842
2.0127	6.88944	0	7.36842
2.05025	6.88944	0	8.42105
2.07534	6.88944	0	8.94737
2.07605	6.88944	0.0825083	8.94737
2.11788	6.97195	0	8.94737
2.11791	6.97195	0.165017	8.94737
2.12139	7.05446	0.0825083	8.94737
2.14409	7.13696	0	8.94737
2.14794	7.17822	0.0825083	8.94737
2.23788	7.26073	0	8.94737
2.2392	7.26073	0.165017	8.94737
2.24069	7.34323	0.0825083	8.94737
2.24661	7.42574	0	8.94737
2.24754	7.42574	0.165017	8.94737
2.25129	7.50825	0.0825083	8.94737
2.26867	7.59076	0	8.94737
2.27258	7.59076	0.165017	8.94737
2.27966	7.67327	0.0825083	8.94737
2.30307	7.75578	0	8.94737
2.3132	7.75578	0	8.94737
2.31351	7.75578	0.0825083	8.94737
2.31703	7.83828	0	8.94737
2.33009	7.83828	0	9.47368
2.40975	7.83828	0	10
2.41128	7.87954	0.0825083	10
2.41536	7.96205	0	10
2.41616	7.96205	0.0825083	10
2.46687	8.04455	0	10
2.46727	8.08581	0.0825083	10
2.47408	8.16832	0	10
2.48892	8.16832	0	10.5263
2.49227	8.16832	0.0825083	10.5263
2.50362	8.25082	0	10.5263
2.50515	8.25082	0	10.5263
2.5071	8.29208	0.0825083	10.5263
2.56646	8.37459	0	10.5263
2.59493	8.37459	0	11.0526
2.59648	8.41584	0.0825083	11.0526
2.62889	8.49835	0	11.0526
2.6306	8.5396	0.0825083	11.0526
2.66413	8.62211	0	11.0526
2.67001	8.62211	0.0825083	11.0526
2.67077	8.70462	0	11.0526
2.67198	8.74587	0.0825083	11.0526
2.69941	8.82838	0	11.0526
2.69946	8.82838	0.165017	11.0526
2.69959	8.91089	0.0825083	11.0526
2.71548	8.9934	0	11.0526
2.71577	8.9934	0.165017	11.0526
2.72157	9.07591	0.0825083	11.0526
2.73008	9.15842	0	11.0526
2.73136	9.19967	0.0825083	11.0526
2.74518	9.28218	0	11.0526
2.74711	9.28218	0.165017	11.0526
2.74942	9.36469	0.0825083	11.0526
2.7588	9.4472	0	11.0526
2.75886	9.4472	0.165017	11.0526
2.76088	9.5297	0.0825083	11.0526
2.76181	9.61221	0	11.0526
2.76336	9.61221	0.165017	11.0526
2.76455	9.69472	0.0825083	11.0526
2.91921	9.77723	0	11.0526
2.92028	9.77723	0.165017	11.0526
2.92062	9.85974	0.0825083	11.0526
3.01265	9.94224	0	11.0526
3.01317	9.9835	0.0825083	11.0526
3.03275	10.066	0	11.0526
3.03364	10.1073	0.0825083	11.0526
3.06833	10.1898	0	11.0526
3.06968	10.1898	0.0825083	11.0526
3.08683	10.2723	0	11.0526
3.08736	10.2723	0.0825083	11.0526
3.08939	10.3548	0	11.0526
3.1199	10.3548	0	11.5789
3.12051	10.3548	0.0825083	11.5789
3.20807	10.4373	0	11.5789
3.21195	10.4785	0.0825083	11.5789
3.26811	10.5611	0	11.5789
3.27026	10.5611	0.165017	11.5789
3.27156	10.6436	0.0825083	11.5789
3.27677	10.7261	0	11.5789
3.27821	10.7673	0.0825083	11.5789
3.28178	10.8498	0	11.5789
3.28347	10.8498	0.0825083	11.5789
3.36124	10.9323	0	11.5789
3.36141	10.9323	0.0825083	11.5789
3.37531	11.0149	0	11.5789
3.37645	11.0561	0.0825083	11.5789
3.37832	11.1386	0	11.5789
3.37943	11.1386	0.0825083	11.5789
3.43743	11.2211	0	11.5789
3.43892	11.2211	0.165017	11.5789
3.44045	11.3036	0.0825083	11.5789
3.48492	11.3861	0	11.5789
3.48837	11.3861	0.165017	11.5789
3.49299	11.4686	0.0825083	11.5789
3.53951	11.5512	0	11.5789
3.54337	11.5924	0.0825083	11.5789
3.57132	11.6749	0	11.5789
3.59592	11.6749	0	12.1053
3.63006	11.6749	0	12.6316
3.63573	11.6749	0.0825083	12.6316
3.64605	11.7574	0	12.6316
3.647	11.7574	0.165017	12.6316
3.65105	11.8399	0.0825083	12.6316
3.66794	11.9224	0	12.6316
3.68795	11.9224	0	13.1579
3.6896	11.9224	0.165017	13.1579
3.69079	12.005	0.0825083	13.1579
3.69888	12.0875	0	13.1579
3.69933	12.1287	0.0825083	13.1579
3.72462	12.2112	0	13.1579
3.72497	12.2525	0.0825083	13.1579
3.74236	12.335	0	13.1579
3.74429	12.335	0.165017	13.1579
3.74468	12.4175	0.0825083	13.1579
3.76768	12.5	0	13.1579
3.76798	12.5	0.165017	13.1579
3.76902	12.5825	0.0825083	13.1579
3.76908	12.5825	0.247525	13.1579
3.77081	12.665	0.165017	13.1579
3.77163	12.7475	0.0825083	13.1579
3.78886	12.83	0	13.1579
3.79038	12.8713	0.0825083	13.1579
3.82115	12.9538	0	13.1579
3.82494	12.995	0.0825083	13.1579
3.87423	13.0776	0	13.1579
3.87446	13.0776	0.165017	13.1579
3.87626	13.1601	0.0825083	13.1579
3.87837	13.2426	0	13.1579
3.88446	13.2426	0	13.6842
3.88562	13.2838	0.0825083	13.6842
3.98108	13.3663	0	13.6842
3.98295	13.3663	0.0825083	13.6842
4.02662	13.4488	0	13.6842
4.02934	13.4901	0.0825083	13.6842
4.05771	13.5726	0	13.6842
4.06039	13.5726	0.0825083	13.6842
4.07338	13.6551	0	13.6842
4.0772	13.6551	0.165017	13.6842
4.08167	13.7376	0.0825083	13.6842
4.13843	13.8201	0	13.6842
4.13891	13.8201	0.165017	13.6842
4.13915	13.9026	0.0825083	13.6842
4.17258	13.9851	0	13.6842
4.17277	13.9851	0.165017	13.6842
4.1759	14.0677	0.0825083	13.6842
4.20573	14.1502	0	13.6842
4.20885	14.1502	0.0825083	13.6842
4.32512	14.2327	0	13.6842
4.32824	14.2739	0.0825083	13.6842
4.38301	14.3564	0	13.6842
4.38434	14.3564	0.165017	13.6842
4.38488	14.4389	0.0825083	13.6842
4.40722	14.5215	0	13.6842
4.40846	14.5215	0.0825083	13.6842
4.4131	14.604	0	13.6842
4.41324	14.604	0.165017	13.6842
4.41336	14.6865	0.0825083	13.6842
4.4247	14.769	0	13.6842
4.42629	14.769	0.0825083	13.6842
4.445	14.8515	0	13.6842
4.50041	14.8515	0	13.6842
4.54053	14.8515	0	14.2105
4.54497	14.8515	0.165017	14.2105
4.5453	14.934	0.0825083	14.2105
4.57282	15.0165	0	14.2105
4.57389	15.0578	0.0825083	14.2105
4.58004	15.1403	0	14.2105
4.58066	15.1403	0.165017	14.2105
4.58081	15.2228	0.0825083	14.2105
4.65565	15.3053	0	14.2105
4.65591	15.3465	0.0825083	14.2105
4.66856	15.429	0	14.2105
4.66863	15.4703	0.0825083	14.2105
4.66979	15.5116	0.165017	14.2105
4.67186	15.5941	0.0825083	14.2105
4.75267	15.6766	0	14.2105
4.75344	15.6766	0.165017	14.2105
4.75344	15.7591	0.0825083	14.2105
4.78522	15.8416	0	14.2105
4.78847	15.8828	0.0825083	14.2105
4.79074	15.8828	0.247525	14.2105
4.79096	15.9653	0.165017	14.2105
4.79106	16.0479	0.0825083	14.2105
4.79845	16.1304	0	14.2105
4.79948	16.1304	0.165017	14.2105
4.7995	16.2129	0.0825083	14.2105
4.80087	16.2954	0	14.2105
4.80174	16.3366	0.0825083	14.2105
4.83962	16.4191	0	14.2105
4.84224	16.4604	0.0825083	14.2105
4.89235	16.5429	0	14.2105
4.89604	16.5429	0.0825083	14.2105
4.90442	16.6254	0	14.2105
4.90493	16.6254	0.165017	14.2105
4.9064	16.7079	0.0825083	14.2105
4.97456	16.7904	0	14.2105
4.97516	16.8317	0.0825083	14.2105
5.02543	16.9142	0	14.2105
5.02812	16.9554	0.0825083	14.2105
5.10911	17.038	0	14.2105
5.11169	17.038	0.165017	14.2105
5.1118	17.1205	0.0825083	14.2105
5.14308	17.203	0	14.2105
5.1456	17.2442	0.0825083	14.2105
5.1668	17.3267	0	14.2105
5.23892	17.3267	0	14.7368
5.26609	17.3267	0	15.2632
5.26612	17.3267	0.165017	15.2632
5.2671	17.4092	0.0825083	15.2632
5.2687	17.4917	0	15.2632
5.26901	17.533	0.0825083	15.2632
5.2804	17.6155	0	15.2632
5.28103	17.6568	0.0825083	15.2632
5.28521	17.7393	0	15.2632
5.28612	17.7393	0.0825083	15.2632
5.31227	17.8218	0	15.2632
5.3132	17.8218	0.165017	15.2632
5.31708	17.9043	0.0825083	15.2632
5.37559	17.9868	0	15.2632
5.4072	17.9868	0	15.7895
5.40722	17.9868	0.165017	15.7895
5.40818	18.0693	0.0825083	15.7895
5.49778	18.1518	0	15.7895
5.5004	18.1931	0.0825083	15.7895
5.51908	18.2756	0	15.7895
5.56501	18.2756	0	16.3158
5.59698	18.2756	0	17.3684
5.59842	18.2756	0.0825083	17.3684
5.61459	18.3581	0	17.3684
5.61745	18.3993	0.0825083	17.3684
5.62088	18.4818	0	17.3684
5.62408	18.5231	0.0825083	17.3684
5.64392	18.6056	0	17.3684
5.64707	18.6056	0.165017	17.3684
5.64782	18.6881	0.0825083	17.3684
5.6752	18.7706	0	17.3684
5.67526	18.7706	0.165017	17.3684
5.67568	18.8531	0.0825083	17.3684
5.69084	18.9356	0	17.3684
5.69166	18.9356	0.0825083	17.3684
5.73005	19.0182	0	17.3684
5.73175	19.0182	0.0825083	17.3684
5.7645	19.1007	0	17.3684
5.76506	19.1419	0.0825083	17.3684
5.77532	19.2244	0	17.3684
5.77551	19.2657	0.0825083	17.3684
5.7799	19.3482	0	17.3684
5.78077	19.3482	0.165017	17.3684
5.78123	19.3894	0.247525	17.3684
5.78134	19.4719	0.165017	17.3684
5.78202	19.5545	0.0825083	17.3684
5.78208	19.5545	0.165017	17.3684
5.78548	19.637	0.0825083	17.3684
5.78713	19.7195	0	17.3684
5.80395	19.7195	0	17.8947
5.82108	19.7195	0	18.4211
5.82796	19.7607	0.0825083	18.4211
5.85296	19.8432	0	18.4211
5.85909	19.8432	0	18.9474
5.86126	19.8845	0.0825083	18.9474
5.89337	19.967	0	18.9474
5.90405	19.967	0	19.4737
5.90613	20.0083	0.0825083	19.4737
5.99114	20.0908	0	19.4737
5.99254	20.132	0.0825083	19.4737
5.99576	20.2145	0	19.4737
5.99603	20.2145	0.165017	19.4737
5.99781	20.297	0.0825083	19.4737
5.99985	20.3795	0	19.4737
6.00157	20.4208	0.0825083	19.4737
6.06299	20.5033	0	19.4737
6.06373	20.5446	0.0825083	19.4737
6.09466	20.6271	0	19.4737
6.17564	20.6271	0	20
6.17573	20.6683	0.0825083	20
6.18488	20.7508	0	20
6.20684	20.7508	0	20.5263
6.20752	20.7921	0.0825083	20.5263
6.22268	20.8746	0	20.5263
6.22288	20.9158	0.0825083	20.5263
6.25884	20.9984	0	20.5263
6.26174	21.0396	0.0825083	20.5263
6.26203	21.1221	0	20.5263
6.31082	21.1221	0	21.5789
6.31164	21.1634	0.0825083	21.5789
6.4007	21.2459	0	21.5789
6.40134	21.2871	0.0825083	21.5789
6.46316	21.3696	0	21.5789
6.46523	21.4109	0.0825083	21.5789
6.47463	21.4934	0	21.5789
6.47589	21.5347	0.0825083	21.5789
6.53804	21.6172	0	21.5789
6.56656	21.6172	0	21.5789
6.6619	21.6172	0	22.1053
6.69732	21.6172	0	22.6316
6.71234	21.6172	0	23.1579
6.71258	21.6172	0.0825083	23.1579
6.73375	21.6997	0	23.1579
6.79163	21.6997	0	23.6842
6.79327	21.7409	0.0825083	23.6842
6.81462	21.8234	0	23.6842
6.81665	21.8234	0.165017	23.6842
6.81748	21.9059	0.0825083	23.6842
6.86379	21.9884	0	23.6842
6.87216	21.9884	0.0825083	23.6842
6.87453	21.9884	0.0825083	24.2105
6.88985	22.071	0	24.2105
6.89101	22.071	0.0825083	24.2105
6.89907	22.1535	0	24.2105
6.89984	22.1947	0.0825083	24.2105
6.94513	22.2772	0	24.2105
6.97597	22.2772	0	24.7368
6.97664	22.3185	0.0825083	24.7368
6.99779	22.401	0	24.7368
6.99936	22.4422	0.0825083	24.7368
7.00485	22.5248	0	24.7368
7.05138	22.5248	0	25.2632
7.05564	22.566	0.0825083	25.2632
7.06133	22.6485	0	25.2632
7.06204	22.6485	0.165017	25.2632
7.06255	22.731	0.0825083	25.2632
7.0642	22.8135	0	25.2632
7.08705	22.8135	0	25.7895
7.10366	22.8135	0	26.3158
7.10436	22.8548	0.0825083	26.3158
7.18587	22.9373	0	26.3158
7.21032	22.9373	0	26.8421
7.21297	22.9785	0.0825083	26.8421
7.27341	23.0611	0	26.8421
7.28161	23.1023	0.0825083	26.8421
7.28462	23.1848	0	26.8421
7.28565	23.2261	0.0825083	26.8421
7.30806	23.3086	0	26.8421
7.31033	23.3086	0.0825083	26.8421
7.33489	23.3911	0	26.8421
7.34951	23.3911	0	27.3684
7.35093	23.3911	0.165017	27.3684
7.35097	23.4736	0.0825083	27.3684
7.38487	23.5561	0	27.3684
7.42005	23.5561	0	27.8947
7.42439	23.5974	0.0825083	27.8947
7.46802	23.6799	0	27.8947
7.47292	23.7211	0.0825083	27.8947
7.47325	23.7624	0.165017	27.8947
7.47965	23.8449	0.0825083	27.8947
7.49907	23.9274	0	27.8947
7.50106	23.9274	0.0825083	27.8947
7.5091	24.0099	0	27.8947
7.51045	24.0099	0.0825083	27.8947
7.51138	24.0099	0.0825083	28.4211
7.53204	24.0924	0	28.4211
7.53504	24.1337	0.0825083	28.4211
7.56979	24.2162	0	28.4211
7.58938	24.2162	0	28.9474
7.59085	24.2574	0.0825083	28.9474
7.59915	24.3399	0	28.9474
7.60149	24.3812	0.0825083	28.9474
7.60656	24.4637	0	28.9474
7.60718	24.4637	0.165017	28.9474
7.60749	24.5462	0.0825083	28.9474
7.60762	24.5875	0.165017	28.9474
7.60933	24.67	0.0825083	28.9474
7.63732	24.7525	0	28.9474
7.63831	24.7937	0.0825083	28.9474
7.68383	24.8762	0	28.9474
7.68495	24.9175	0.0825083	28.9474
7.70416	25	0	28.9474
7.70439	25.0413	0.0825083	28.9474
7.71155	25.1238	0	28.9474
7.71341	25.165	0.0825083	28.9474
7.76515	25.2475	0	28.9474
7.76626	25.2888	0.0825083	28.9474
7.7817	25.3713	0	28.9474
7.78182	25.3713	0.165017	28.9474
7.78183	25.4538	0.0825083	28.9474
7.87733	25.5363	0	28.9474
7.8791	25.5776	0.0825083	28.9474
7.92318	25.6601	0	28.9474
7.92579	25.6601	0.0825083	28.9474
7.94817	25.7426	0	28.9474
7.95026	25.7426	0.0825083	28.9474
7.95546	25.8251	0	28.9474
7.95807	25.8663	0.0825083	28.9474
7.96085	25.9488	0	28.9474
7.96098	25.9901	0.0825083	28.9474
7.99316	26.0726	0	28.9474
8.0063	26.0726	0	29.4737
8.00662	26.0726	0.0825083	29.4737
8.00703	26.0726	0.247525	29.4737
8.00784	26.1551	0.165017	29.4737
8.01007	26.2376	0.0825083	29.4737
8.0409	26.3201	0	29.4737
8.04197	26.3614	0.0825083	29.4737
8.04586	26.4439	0	29.4737
8.04873	26.4439	0.0825083	29.4737
8.04873	26.4851	0.165017	29.4737
8.04931	26.5677	0.0825083	29.4737
8.10681	26.6502	0	29.4737
8.10889	26.6502	0.165017	29.4737
8.10975	26.7327	0.0825083	29.4737
8.15299	26.8152	0	29.4737
8.15415	26.8564	0.0825083	29.4737
8.16222	26.9389	0	29.4737
8.16683	26.9802	0.0825083	29.4737
8.19993	27.0627	0	29.4737
8.20053	27.0627	0.165017	29.4737
8.20154	27.1452	0.0825083	29.4737
8.20889	27.2277	0	29.4737
8.21029	27.269	0.0825083	29.4737
8.26654	27.3515	0	29.4737
8.26856	27.3927	0.0825083	29.4737
8.27082	27.3927	0.0825083	30
8.30015	27.4752	0	30
8.30172	27.5165	0.0825083	30
8.30274	27.5165	0.247525	30
8.30407	27.599	0.165017	30
8.31052	27.6815	0.0825083	30
8.35192	27.764	0	30
8.35194	27.764	0.165017	30
8.35223	27.8465	0.0825083	30
8.43841	27.929	0	30
8.43848	27.9703	0.0825083	30
8.43874	27.9703	0.0825083	30.5263
8.45901	28.0528	0	30.5263
8.5288	28.0528	0	31.0526
8.53152	28.0941	0.0825083	31.0526
8.6135	28.1766	0	31.0526
8.61403	28.1766	0.165017	31.0526
8.61489	28.2591	0.0825083	31.0526
8.61511	28.3416	0	31.0526
8.62483	28.3416	0	31.5789
8.62624	28.3828	0.0825083	31.5789
8.67945	28.4653	0	31.5789
8.68113	28.5066	0.0825083	31.5789
8.6858	28.5891	0	31.5789
8.68657	28.6304	0.0825083	31.5789
8.72466	28.7129	0	31.5789
8.72666	28.7541	0.0825083	31.5789
8.7844	28.8366	0	31.5789
8.79073	28.8366	0.0825083	31.5789
8.93934	28.9191	0	31.5789
8.93941	28.9191	0.165017	31.5789
8.94205	29.0016	0.0825083	31.5789
8.94241	29.0016	0.247525	31.5789
8.94291	29.0842	0.165017	31.5789
8.94306	29.1667	0.0825083	31.5789
8.94816	29.2492	0	31.5789
8.95278	29.2904	0.0825083	31.5789
8.97512	29.3729	0	31.5789
8.97703	29.4142	0.0825083	31.5789
9.04776	29.4967	0	31.5789
9.04788	29.538	0.0825083	31.5789
9.07691	29.6205	0	31.5789
9.08056	29.6617	0.0825083	31.5789
9.08909	29.7442	0	31.5789
9.09088	29.7855	0.0825083	31.5789
9.13101	29.868	0	31.5789
9.13333	29.9092	0.0825083	31.5789
9.16233	29.9917	0	31.5789
9.16236	30.033	0.0825083	31.5789
9.16397	30.033	0.247525	31.5789
9.16404	30.1155	0.165017	31.5789
9.16758	30.198	0.0825083	31.5789
9.21459	30.2805	0	31.5789
9.22555	30.2805	0	32.6316
9.22731	30.2805	0	33.1579
9.22886	30.2805	0.0825083	33.1579
9.22899	30.3218	0.165017	33.1579
9.23242	30.4043	0.0825083	33.1579
9.23376	30.4868	0	33.1579
9.2349	30.5281	0.0825083	33.1579
9.25631	30.6106	0	33.1579
9.25815	30.6106	0.0825083	33.1579
9.2656	30.6931	0	33.1579
9.27046	30.6931	0.165017	33.1579
9.27066	30.7756	0.0825083	33.1579
9.34436	30.8581	0	33.1579
9.4526	30.8581	0	33.6842
9.48855	30.8581	0	34.2105
9.49142	30.8993	0.0825083	34.2105
9.53542	30.9818	0	34.2105
9.54158	31.0231	0.0825083	34.2105
9.58511	31.1056	0	34.2105
9.61013	31.1056	0	34.7368
9.611	31.1469	0.0825083	34.7368
9.62228	31.2294	0	34.7368
9.63355	31.2294	0	35.7895
9.63471	31.2706	0.0825083	35.7895
9.67444	31.3531	0	35.7895
9.68637	31.3944	0.0825083	35.7895
9.77189	31.4769	0	35.7895
9.7874	31.4769	0	36.3158
9.78986	31.5182	0.0825083	36.3158
9.81616	31.6007	0	36.3158
9.8551	31.6007	0	36.3158
9.8551	31.6007	0.0825083	36.3158
9.90037	31.6832	0	36.3158
9.90114	31.7244	0.0825083	36.3158
9.91295	31.8069	0	36.3158
9.91365	31.8482	0.0825083	36.3158
9.91925	31.9307	0	36.3158
9.92166	31.9719	0.0825083	36.3158
9.98431	32.0545	0	36.3158
9.98634	32.0957	0.0825083	36.3158
10.027	32.1782	0	36.3158
10.0303	32.2195	0.0825083	36.3158
10.0755	32.302	0	36.3158
10.0756	32.302	0.165017	36.3158
10.0799	32.3845	0.0825083	36.3158
10.0803	32.467	0	36.3158
10.0821	32.5083	0.0825083	36.3158
10.1654	32.5908	0	36.3158
10.3681	32.5908	0	36.8421
10.3682	32.5908	0.165017	36.8421
10.3728	32.6733	0.0825083	36.8421
10.4962	32.7558	0	36.8421
10.6639	32.7558	0	37.8947
10.6651	32.7558	0.0825083	37.8947
10.7093	32.8383	0	37.8947
10.7099	32.8383	0.0825083	37.8947
10.7137	32.9208	0	37.8947
10.715	32.962	0.0825083	37.8947
10.7267	33.0446	0	37.8947
10.7319	33.0446	0.0825083	37.8947
10.7324	33.0446	0.247525	37.8947
10.7341	33.1271	0.165017	37.8947
10.7416	33.2096	0.0825083	37.8947
10.7784	33.2921	0	37.8947
10.7787	33.3333	0.0825083	37.8947
10.8402	33.4158	0	37.8947
10.847	33.4158	0	38.4211
10.8504	33.4158	0.0825083	38.4211
10.9479	33.4983	0	38.4211
10.9496	33.5396	0.0825083	38.4211
10.9584	33.6221	0	38.4211
10.9709	33.6221	0	38.9474
10.9727	33.6634	0.0825083	38.9474
11.0175	33.7459	0	38.9474
11.1331	33.7459	0	39.4737
11.1334	33.7459	0.165017	39.4737
11.1374	33.8284	0.0825083	39.4737
11.1465	33.9109	0	39.4737
11.1467	33.9109	0.0825083	39.4737
11.2688	33.9934	0	39.4737
11.321	33.9934	0	40
11.3218	34.0347	0.0825083	40
11.4273	34.1172	0	40
11.428	34.1584	0.0825083	40
11.4416	34.2409	0	40
11.444	34.2822	0.0825083	40
11.5122	34.3647	0	40
11.5133	34.3647	0.165017	40
11.5149	34.4472	0.0825083	40
11.5414	34.5297	0	40
11.5424	34.571	0.0825083	40
11.5467	34.6535	0	40
11.5859	34.6535	0	40.5263
11.586	34.6535	0.165017	40.5263
11.5888	34.736	0.0825083	40.5263
11.6187	34.8185	0	40.5263
11.6188	34.8185	0.165017	40.5263
11.6202	34.901	0.0825083	40.5263
11.6833	34.9835	0	40.5263
11.7205	34.9835	0	41.0526
11.7229	34.9835	0.0825083	41.0526
11.7262	35.066	0	41.0526
11.7305	35.066	0.0825083	41.0526
11.7625	35.1485	0	41.0526
11.7628	35.1485	0.165017	41.0526
11.765	35.231	0.0825083	41.0526
11.7664	35.3135	0	41.0526
11.7702	35.3548	0.0825083	41.0526
11.7716	35.4373	0	41.0526
11.7735	35.4785	0.0825083	41.0526
11.7869	35.5611	0	41.0526
11.7892	35.6023	0.0825083	41.0526
11.8439	35.6848	0	41.0526
11.8448	35.7261	0.0825083	41.0526
11.8521	35.8086	0	41.0526
11.8526	35.8086	0.165017	41.0526
11.8528	35.8911	0.0825083	41.0526
11.912	35.9736	0	41.0526
11.9141	36.0149	0.0825083	41.0526
12.0033	36.0974	0	41.0526
12.0046	36.1386	0.0825083	41.0526
12.1644	36.2211	0	41.0526
12.168	36.2624	0.0825083	41.0526
12.1687	36.3449	0	41.0526
12.1694	36.3449	0.165017	41.0526
12.1736	36.4274	0.0825083	41.0526
12.2519	36.5099	0	41.0526
12.2522	36.5099	0.165017	41.0526
12.2544	36.5924	0.0825083	41.0526
12.2726	36.6749	0	41.0526
12.2732	36.7162	0.0825083	41.0526
12.2804	36.7987	0	41.0526
12.283	36.8399	0.0825083	41.0526
12.3224	36.9224	0	41.0526
12.3237	36.9637	0.0825083	41.0526
12.353	37.0462	0	41.0526
12.3539	37.0462	0.165017	41.0526
12.3553	37.1287	0.0825083	41.0526
12.3715	37.2112	0	41.0526
12.3718	37.2525	0.0825083	41.0526
12.4626	37.335	0	41.0526
12.4648	37.3762	0.0825083	41.0526
12.5802	37.4587	0	41.0526
12.5806	37.5	0.0825083	41.0526
12.6513	37.5825	0	41.0526
12.6517	37.5825	0.165017	41.0526
12.6521	37.665	0.0825083	41.0526
12.6539	37.7475	0	41.0526
12.6549	37.7475	0.0825083	41.0526
12.6687	37.83	0	41.0526
12.6845	37.83	0	42.1053
12.6857	37.8713	0.0825083	42.1053
12.6976	37.9538	0	42.1053
12.703	37.995	0.0825083	42.1053
12.7333	38.0776	0	42.1053
12.7426	38.1188	0.0825083	42.1053
12.743	38.2013	0	42.1053
12.7495	38.2426	0.0825083	42.1053
12.7724	38.3251	0	42.1053
12.7772	38.3251	0.0825083	42.1053
12.7817	38.4076	0	42.1053
12.7822	38.4076	0.0825083	42.1053
12.7956	38.4901	0	42.1053
12.7961	38.4901	0.165017	42.1053
12.8	38.5726	0.0825083	42.1053
12.9183	38.6551	0	42.1053
12.9189	38.6964	0.0825083	42.1053
12.9635	38.7789	0	42.1053
12.9641	38.7789	0.165017	42.1053
12.965	38.8614	0.0825083	42.1053
13.1762	38.9439	0	42.1053
13.1782	38.9439	0.165017	42.1053
13.179	39.0264	0.0825083	42.1053
13.2183	39.1089	0	42.1053
13.2234	39.1502	0.0825083	42.1053
13.2271	39.2327	0	42.1053
13.2295	39.2739	0.0825083	42.1053
13.272	39.3564	0	42.1053
13.2726	39.3977	0.0825083	42.1053
13.3913	39.4802	0	42.1053
13.3926	39.5215	0.0825083	42.1053
13.3972	39.604	0	42.1053
13.4031	39.6452	0.0825083	42.1053
13.5208	39.7277	0	42.1053
13.5217	39.769	0.0825083	42.1053
13.5217	39.8102	0.165017	42.1053
13.5228	39.8927	0.0825083	42.1053
13.5352	39.9752	0	42.1053
13.5361	40.0165	0.0825083	42.1053
13.5411	40.099	0	42.1053
13.5413	40.099	0.165017	42.1053
13.5432	40.1815	0.0825083	42.1053
13.5664	40.264	0	42.1053
13.6042	40.264	0	43.1579
13.605	40.3053	0.0825083	43.1579
13.6539	40.3878	0	43.1579
13.6551	40.3878	0.165017	43.1579
13.6555	40.4703	0.0825083	43.1579
13.6681	40.5528	0	43.1579
13.6687	40.5528	0.165017	43.1579
13.669	40.6353	0.0825083	43.1579
13.7385	40.7178	0	43.1579
13.7893	40.7178	0	43.6842
13.8368	40.7178	0	44.2105
13.8757	40.7178	0	44.7368
13.8781	40.7178	0.165017	44.7368
13.8781	40.8003	0.0825083	44.7368
13.9036	40.8828	0	44.7368
13.9037	40.8828	0.165017	44.7368
13.9058	40.9653	0.0825083	44.7368
14.0229	41.0479	0	44.7368
14.0233	41.0479	0.165017	44.7368
14.0263	41.1304	0.0825083	44.7368
14.0274	41.2129	0	44.7368
14.0277	41.2129	0	45.2632
14.028	41.2129	0.165017	45.2632
14.0286	41.2954	0.0825083	45.2632
14.0415	41.3779	0	45.2632
14.0638	41.3779	0	45.7895
14.0651	41.4191	0.0825083	45.7895
14.1638	41.5017	0	45.7895
14.1644	41.5429	0.0825083	45.7895
14.1669	41.6254	0	45.7895
14.1669	41.6667	0.0825083	45.7895
14.1872	41.7492	0	45.7895
14.1876	41.7492	0.165017	45.7895
14.189	41.8317	0.0825083	45.7895
14.3002	41.9142	0	45.7895
14.3005	41.9142	0.165017	45.7895
14.3016	41.9967	0.0825083	45.7895
14.3736	42.0792	0	45.7895
14.375	42.1205	0.0825083	45.7895
14.3764	42.203	0	45.7895
14.3765	42.2442	0.0825083	45.7895
14.3781	42.2442	0.0825083	46.3158
14.4208	42.3267	0	46.3158
14.4228	42.368	0.0825083	46.3158
14.5031	42.4505	0	46.3158
14.5456	42.4505	0	46.8421
14.5821	42.4505	0	47.3684
14.6911	42.4505	0	47.8947
14.7108	42.4505	0	48.4211
14.711	42.4505	0.0825083	48.4211
14.7428	42.533	0	48.4211
14.7433	42.5743	0.0825083	48.4211
14.7743	42.6568	0	48.4211
14.7761	42.698	0.0825083	48.4211
14.8618	42.7805	0	48.4211
14.8648	42.8218	0.0825083	48.4211
14.8822	42.9043	0	48.4211
14.8838	42.9455	0.0825083	48.4211
14.9019	43.0281	0	48.4211
14.903	43.0693	0.0825083	48.4211
14.9797	43.1518	0	48.4211
14.9798	43.1518	0.0825083	48.4211
15.0625	43.2343	0	48.4211
15.1405	43.2343	0	49.4737
15.1425	43.2343	0.165017	49.4737
15.1427	43.3168	0.0825083	49.4737
15.1676	43.3993	0	49.4737
15.1683	43.4406	0.0825083	49.4737
15.2099	43.5231	0	49.4737
15.2104	43.5231	0.165017	49.4737
15.2139	43.6056	0.0825083	49.4737
15.2188	43.6881	0	49.4737
15.2203	43.6881	0.0825083	49.4737
15.2593	43.7706	0	49.4737
15.2608	43.7706	0.0825083	49.4737
15.3819	43.8531	0	49.4737
15.3846	43.8531	0.165017	49.4737
15.3849	43.9356	0.0825083	49.4737
15.4029	44.0182	0	49.4737
15.4072	44.0594	0.0825083	49.4737
15.4223	44.1419	0	49.4737
15.4225	44.1832	0.0825083	49.4737
15.5097	44.2657	0	49.4737
15.5662	44.2657	0	50
15.5703	44.3069	0.0825083	50
15.5789	44.3894	0	50
15.611	44.3894	0	50.5263
15.6114	44.3894	0.165017	50.5263
15.6139	44.4719	0.0825083	50.5263
15.7191	44.5545	0	50.5263
15.7196	44.5957	0.0825083	50.5263
15.8003	44.6782	0	50.5263
15.8037	44.6782	0	51.0526
15.8043	44.7195	0.0825083	51.0526
15.8276	44.802	0	51.0526
15.9477	44.802	0	51.5789
15.9608	44.802	0	52.1053
15.962	44.802	0.165017	52.1053
15.9627	44.8845	0.0825083	52.1053
16.0096	44.967	0	52.1053
16.0195	44.967	0	52.6316
16.0236	45.0083	0.0825083	52.6316
16.0365	45.0908	0	52.6316
16.0365	45.132	0.0825083	52.6316
16.0975	45.2145	0	52.6316
16.1013	45.2558	0.0825083	52.6316
16.244	45.3383	0	52.6316
16.5059	45.3383	0	52.6316
16.5062	45.3795	0.0825083	52.6316
16.5442	45.462	0	52.6316
16.5453	45.5033	0.0825083	52.6316
16.6023	45.5858	0	52.6316
16.6028	45.5858	0.165017	52.6316
16.6032	45.6683	0.0825083	52.6316
16.7156	45.7508	0	52.6316
16.7179	45.7508	0	53.1579
16.7216	45.7921	0.0825083	53.1579
16.7439	45.8746	0	53.1579
16.7476	45.8746	0.165017	53.1579
16.7476	45.9571	0.0825083	53.1579
16.8164	46.0396	0	53.1579
16.8168	46.0396	0.165017	53.1579
16.8186	46.1221	0.0825083	53.1579
16.8566	46.2046	0	53.1579
16.8569	46.2046	0.165017	53.1579
16.8573	46.2871	0.0825083	53.1579
16.8947	46.3696	0	53.1579
16.895	46.4109	0.0825083	53.1579
16.9666	46.4934	0	53.1579
16.9694	46.5347	0.0825083	53.1579
17.0688	46.6172	0	53.1579
17.0723	46.6584	0.0825083	53.1579
17.1514	46.7409	0	53.1579
17.1523	46.7822	0.0825083	53.1579
17.1524	46.8647	0	53.1579
17.1526	46.8647	0.165017	53.1579
17.1545	46.9472	0.0825083	53.1579
17.212	47.0297	0	53.1579
17.2138	47.071	0.0825083	53.1579
17.2982	47.1535	0	53.1579
17.3007	47.1535	0.165017	53.1579
17.3055	47.236	0.0825083	53.1579
17.3322	47.3185	0	53.1579
17.3333	47.3597	0.0825083	53.1579
17.3427	47.4422	0	53.1579
17.3431	47.4422	0.0825083	53.1579
17.4029	47.5248	0	53.1579
17.4094	47.566	0.0825083	53.1579
17.4112	47.6485	0	53.1579
17.4115	47.6485	0.165017	53.1579
17.4128	47.731	0.0825083	53.1579
17.4543	47.8135	0	53.1579
17.4557	47.8135	0.165017	53.1579
17.4572	47.896	0.0825083	53.1579
17.4631	47.9785	0	53.1579
17.4656	48.0198	0.0825083	53.1579
17.5029	48.1023	0	53.1579
17.5053	48.1023	0.0825083	53.1579
17.5369	48.1848	0	53.1579
17.5389	48.1848	0.165017	53.1579
17.5437	48.2673	0.0825083	53.1579
17.6212	48.3498	0	53.1579
17.6228	48.3911	0.0825083	53.1579
17.6411	48.4736	0	53.1579
17.6418	48.4736	0.165017	53.1579
17.642	48.5149	0.247525	53.1579
17.6422	48.5974	0.165017	53.1579
17.6476	48.6799	0.0825083	53.1579
17.7231	48.7624	0	53.1579
17.7397	48.7624	0	53.6842
17.7403	48.7624	0.0825083	53.6842
17.7441	48.8449	0	53.6842
17.7452	48.8449	0.165017	53.6842
17.7466	48.9274	0.0825083	53.6842
17.7475	49.0099	0	53.6842
17.7499	49.0512	0.0825083	53.6842
17.7724	49.1337	0	53.6842
17.7741	49.1337	0.0825083	53.6842
17.8195	49.2162	0	53.6842
17.8201	49.2162	0.165017	53.6842
17.8225	49.2987	0.0825083	53.6842
17.8783	49.3812	0	53.6842
17.8805	49.4224	0.0825083	53.6842
17.9075	49.505	0	53.6842
17.9153	49.5462	0.0825083	53.6842
17.9182	49.5462	0.0825083	54.7368
17.928	49.6287	0	54.7368
17.9299	49.67	0.0825083	54.7368
17.9387	49.7525	0	54.7368
17.9393	49.7937	0.0825083	54.7368
17.9593	49.8762	0	54.7368
17.9594	49.8762	0.0825083	54.7368
17.9757	49.9587	0	54.7368
17.9767	50	0.0825083	54.7368
18.0915	50.0825	0	54.7368
18.0919	50.1238	0.0825083	54.7368
18.1847	50.2063	0	54.7368
18.1851	50.2475	0.0825083	54.7368
18.2343	50.33	0	54.7368
18.2908	50.33	0	55.7895
18.2955	50.3713	0.0825083	55.7895
18.3038	50.4538	0	55.7895
18.3053	50.495	0.0825083	55.7895
18.3847	50.5776	0	55.7895
18.3863	50.6188	0.0825083	55.7895
18.3949	50.7013	0	55.7895
18.395	50.7426	0.0825083	55.7895
18.4397	50.8251	0	55.7895
18.5252	50.8251	0	56.3158
18.5265	50.8663	0.0825083	56.3158
18.6803	50.9488	0	56.3158
18.6803	50.9488	0.165017	56.3158
18.6812	51.0314	0.0825083	56.3158
18.8875	51.1139	0	56.3158
18.8884	51.1139	0.165017	56.3158
18.8894	51.1964	0.0825083	56.3158
18.8897	51.1964	0.165017	56.3158
18.8937	51.2789	0.0825083	56.3158
18.8957	51.3614	0	56.3158
18.8979	51.4026	0.0825083	56.3158
18.9297	51.4851	0	56.3158
18.9308	51.4851	0.165017	56.3158
18.9319	51.5677	0.0825083	56.3158
18.9409	51.6502	0	56.3158
18.944	51.6914	0.0825083	56.3158
18.9696	51.7739	0	56.3158
18.9707	51.7739	0.165017	56.3158
18.971	51.8564	0.0825083	56.3158
18.9937	51.9389	0	56.3158
18.9946	51.9802	0.0825083	56.3158
19.0193	52.0627	0	56.3158
19.0195	52.0627	0.165017	56.3158
19.0207	52.1452	0.0825083	56.3158
19.0865	52.2277	0	56.3158
19.1041	52.2277	0	56.8421
19.1042	52.2277	0.165017	56.8421
19.1049	52.3102	0.0825083	56.8421
19.1184	52.3927	0	56.8421
19.1188	52.3927	0.0825083	56.8421
19.1844	52.4752	0	56.8421
19.1875	52.5165	0.0825083	56.8421
19.2115	52.599	0	56.8421
19.2131	52.6403	0.0825083	56.8421
19.2288	52.7228	0	56.8421
19.2301	52.764	0.0825083	56.8421
19.2305	52.8465	0	56.8421
19.2307	52.8465	0.165017	56.8421
19.2333	52.929	0.0825083	56.8421
19.382	53.0116	0	56.8421
19.5416	53.0116	0	57.3684
19.5434	53.0528	0.0825083	57.3684
19.6205	53.1353	0	57.3684
19.6207	53.1766	0.0825083	57.3684
19.7408	53.2591	0	57.3684
19.7423	53.3003	0.0825083	57.3684
19.7427	53.3416	0.165017	57.3684
19.7439	53.4241	0.0825083	57.3684
19.9135	53.5066	0	57.3684
19.9158	53.5066	0.0825083	57.3684
19.9758	53.5891	0	57.3684
19.9957	53.5891	0	57.8947
19.9979	53.6304	0.0825083	57.8947
20.0625	53.7129	0	57.8947
20.0629	53.7129	0.165017	57.8947
20.0667	53.7954	0.0825083	57.8947
20.1419	53.8779	0	57.8947
20.2569	53.8779	0	58.4211
20.2593	53.9191	0.0825083	58.4211
20.3097	54.0017	0	58.4211
20.3155	54.0429	0.0825083	58.4211
20.3374	54.1254	0	58.4211
20.3378	54.1254	0.165017	58.4211
20.3388	54.2079	0.0825083	58.4211
20.3625	54.2904	0	58.4211
20.3658	54.3317	0.0825083	58.4211
20.4376	54.4142	0	58.4211
20.442	54.4142	0.0825083	58.4211
20.672	54.4967	0	58.4211
20.6762	54.538	0.0825083	58.4211
20.7221	54.6205	0	58.4211
20.7251	54.6205	0.0825083	58.4211
20.7777	54.703	0	58.4211
20.7842	54.703	0	58.9474
20.7857	54.7442	0.0825083	58.9474
20.8857	54.8267	0	58.9474
20.8895	54.8267	0.165017	58.9474
20.8903	54.9092	0.0825083	58.9474
20.8978	54.9917	0	58.9474
20.9068	55.033	0.0825083	58.9474
20.9297	55.1155	0	58.9474
20.9307	55.1568	0.0825083	58.9474
20.9389	55.2393	0	58.9474
20.9391	55.2805	0.0825083	58.9474
21.0361	55.363	0	58.9474
21.0405	55.4043	0.0825083	58.9474
21.2643	55.4868	0	58.9474
21.2651	55.5281	0.0825083	58.9474
21.3515	55.6106	0	58.9474
21.3515	55.6106	0.165017	58.9474
21.354	55.6931	0.0825083	58.9474
21.3659	55.7756	0	58.9474
21.366	55.7756	0.0825083	58.9474
21.4511	55.8581	0	58.9474
21.455	55.8993	0.0825083	58.9474
21.4618	55.9818	0	58.9474
21.4636	56.0231	0.0825083	58.9474
21.4641	56.0231	0.247525	58.9474
21.4645	56.1056	0.165017	58.9474
21.4645	56.1881	0.0825083	58.9474
21.4796	56.2706	0	58.9474
21.4812	56.2706	0.0825083	58.9474
21.5215	56.3531	0	58.9474
21.5271	56.3531	0	60
21.5275	56.3944	0.0825083	60
21.5436	56.4769	0	60
21.5449	56.5182	0.0825083	60
21.5492	56.6007	0	60
21.5527	56.6007	0.0825083	60
21.5767	56.6832	0	60
21.5791	56.7244	0.0825083	60
21.715	56.8069	0	60
21.7729	56.8069	0	60.5263
21.7773	56.8482	0.0825083	60.5263
21.7958	56.9307	0	60.5263
21.7994	56.9719	0.0825083	60.5263
21.8868	57.0545	0	60.5263
21.8889	57.0957	0.0825083	60.5263
22.0784	57.1782	0	60.5263
22.3125	57.1782	0	61.0526
22.3205	57.2195	0.0825083	61.0526
22.4458	57.302	0	61.0526
22.4468	57.302	0.165017	61.0526
22.447	57.3845	0.0825083	61.0526
22.4508	57.467	0	61.0526
22.4509	57.467	0.0825083	61.0526
22.4516	57.5495	0	61.0526
22.4527	57.5495	0.165017	61.0526
22.4533	57.632	0.0825083	61.0526
22.5219	57.7145	0	61.0526
22.5227	57.7558	0.0825083	61.0526
22.5599	57.8383	0	61.0526
22.612	57.8383	0	61.5789
22.6508	57.8383	0	62.1053
22.6511	57.8795	0.0825083	62.1053
22.7349	57.962	0	62.1053
22.7361	57.962	0.165017	62.1053
22.7373	58.0446	0.0825083	62.1053
22.802	58.1271	0	62.1053
22.8022	58.1271	0.165017	62.1053
22.8031	58.2096	0.0825083	62.1053
22.9302	58.2921	0	62.1053
22.9312	58.2921	0.0825083	62.1053
23.0453	58.3746	0	62.1053
23.0477	58.4158	0.0825083	62.1053
23.0758	58.4983	0	62.1053
23.0759	58.5396	0.0825083	62.1053
23.1509	58.6221	0	62.1053
23.1513	58.6634	0.0825083	62.1053
23.1927	58.7459	0	62.1053
23.3281	58.7459	0	62.6316
23.3307	58.7871	0.0825083	62.6316
23.3353	58.8696	0	62.6316
23.3394	58.9109	0.0825083	62.6316
23.359	58.9934	0	62.6316
23.3592	58.9934	0.0825083	62.6316
23.4518	59.0759	0	62.6316
23.4519	59.1172	0.0825083	62.6316
23.4535	59.1997	0	62.6316
23.4552	59.1997	0.0825083	62.6316
23.6303	59.2822	0	62.6316
23.6324	59.2822	0.0825083	62.6316
23.6664	59.3647	0	62.6316
23.668	59.3647	0	63.1579
23.6693	59.4059	0.0825083	63.1579
23.7655	59.4884	0	63.1579
23.7715	59.4884	0.165017	63.1579
23.7718	59.571	0.0825083	63.1579
23.805	59.6535	0	63.1579
23.8064	59.6535	0.165017	63.1579
23.8102	59.736	0.0825083	63.1579
23.9231	59.8185	0	63.1579
23.9248	59.8597	0.0825083	63.1579
23.9628	59.9422	0	63.1579
23.9638	59.9835	0.0825083	63.1579
23.9659	60.066	0	63.1579
24.1563	60.066	0	63.6842
24.184	60.066	0	64.2105
24.1875	60.066	0.165017	64.2105
24.1896	60.1485	0.0825083	64.2105
24.2395	60.231	0	64.2105
24.2403	60.2723	0.0825083	64.2105
24.2406	60.2723	0.0825083	64.7368
24.2616	60.3548	0	64.7368
24.2634	60.396	0.0825083	64.7368
24.3501	60.4785	0	64.7368
24.3885	60.4785	0	65.2632
24.3891	60.5198	0.0825083	65.2632
24.6307	60.6023	0	65.2632
24.634	60.6436	0.0825083	65.2632
24.6842	60.7261	0	65.2632
24.6843	60.7261	0.165017	65.2632
24.685	60.8086	0.0825083	65.2632
24.7832	60.8911	0	65.2632
24.7838	60.9323	0.0825083	65.2632
24.9051	61.0149	0	65.2632
24.9053	61.0561	0.0825083	65.2632
24.9114	61.1386	0	65.2632
24.9115	61.1799	0.0825083	65.2632
24.9137	61.2624	0	65.2632
24.9262	61.3036	0.0825083	65.2632
24.9265	61.3449	0.165017	65.2632
24.928	61.4274	0.0825083	65.2632
24.9444	61.5099	0	65.2632
24.9464	61.5099	0.0825083	65.2632
24.9771	61.5924	0	65.2632
24.9787	61.6337	0.0825083	65.2632
25.0054	61.7162	0	65.2632
25.0058	61.7162	0.0825083	65.2632
25.145	61.7987	0	65.2632
25.1459	61.7987	0.0825083	65.2632
25.2315	61.8812	0	65.2632
25.2325	61.8812	0.0825083	65.2632
25.4431	61.9637	0	65.2632
25.5178	61.9637	0	65.7895
25.5183	62.005	0.0825083	65.7895
25.555	62.0875	0	65.7895
25.5564	62.0875	0.0825083	65.7895
25.6906	62.17	0	65.7895
25.7005	62.17	0	66.8421
25.7432	62.17	0	67.3684
25.7681	62.17	0	68.4211
25.7759	62.2112	0.0825083	68.4211
25.7894	62.2937	0	68.4211
25.8256	62.2937	0	68.9474
25.8278	62.335	0.0825083	68.9474
25.904	62.4175	0	68.9474
25.905	62.4175	0.165017	68.9474
25.9073	62.5	0.0825083	68.9474
25.9589	62.5825	0	68.9474
25.9607	62.5825	0.0825083	68.9474
26.005	62.665	0	68.9474
26.0152	62.665	0	69.4737
26.0166	62.7063	0.0825083	69.4737
26.0167	62.7475	0.165017	69.4737
26.0176	62.83	0.0825083	69.4737
26.0362	62.9125	0	69.4737
26.037	62.9538	0.0825083	69.4737
26.2487	63.0363	0	69.4737
26.2519	63.0776	0.0825083	69.4737
26.2666	63.1601	0	69.4737
26.2669	63.2013	0.0825083	69.4737
26.2791	63.2838	0	69.4737
26.2833	63.3251	0.0825083	69.4737
26.3602	63.4076	0	69.4737
26.4629	63.4076	0	70.5263
26.4629	63.4076	0.165017	70.5263
26.4653	63.4901	0.0825083	70.5263
26.5169	63.5726	0	70.5263
26.5177	63.6139	0.0825083	70.5263
26.5499	63.6964	0	70.5263
26.5518	63.7376	0.0825083	70.5263
26.5519	63.7376	0.247525	70.5263
26.5535	63.8201	0.165017	70.5263
26.554	63.9026	0.0825083	70.5263
26.5836	63.9851	0	70.5263
26.5841	64.0264	0.0825083	70.5263
26.6338	64.1089	0	70.5263
26.6339	64.1089	0.165017	70.5263
26.6353	64.1914	0.0825083	70.5263
26.6655	64.2739	0	70.5263
26.6666	64.3152	0.0825083	70.5263
26.6922	64.3977	0	70.5263
26.6923	64.3977	0.165017	70.5263
26.6984	64.4802	0.0825083	70.5263
26.7948	64.5627	0	70.5263
26.7967	64.5627	0.165017	70.5263
26.8054	64.6452	0.0825083	70.5263
27.1786	64.7277	0	70.5263
27.1827	64.769	0.0825083	70.5263
27.3288	64.8515	0	70.5263
27.3307	64.8927	0.0825083	70.5263
27.3401	64.9753	0	70.5263
27.3401	64.9753	0.165017	70.5263
27.3429	65.0578	0.0825083	70.5263
27.5758	65.1403	0	70.5263
27.5762	65.1815	0.0825083	70.5263
27.6413	65.264	0	70.5263
27.6463	65.264	0.0825083	70.5263
27.6524	65.3465	0	70.5263
27.6565	65.3465	0.0825083	70.5263
27.804	65.429	0	70.5263
28.2105	65.429	0	71.0526
28.215	65.429	0.0825083	71.0526
28.3694	65.5116	0	71.0526
28.3698	65.5528	0.0825083	71.0526
28.4162	65.6353	0	71.0526
28.5471	65.6353	0	72.1053
28.7169	65.6353	0	73.1579
28.7199	65.6766	0.0825083	73.1579
28.7739	65.7591	0	73.1579
28.7768	65.8003	0.0825083	73.1579
28.8801	65.8828	0	73.1579
28.8807	65.9241	0.0825083	73.1579
28.8961	66.0066	0	73.1579
28.8968	66.0479	0.0825083	73.1579
29.1401	66.1304	0	73.1579
29.1409	66.1716	0.0825083	73.1579
29.3123	66.2541	0	73.1579
29.3145	66.2541	0.0825083	73.1579
29.4221	66.3366	0	73.1579
29.4224	66.3366	0.165017	73.1579
29.427	66.4191	0.0825083	73.1579
29.4291	66.5016	0	73.1579
29.43	66.5429	0.0825083	73.1579
29.5195	66.6254	0	73.1579
29.5201	66.6667	0.0825083	73.1579
29.5293	66.7492	0	73.1579
29.5305	66.7904	0.0825083	73.1579
29.5507	66.8729	0	73.1579
29.5529	66.8729	0.165017	73.1579
29.5556	66.9554	0.0825083	73.1579
29.5622	67.038	0	73.1579
29.5957	67.038	0	73.6842
29.5957	67.0792	0.0825083	73.6842
29.6752	67.1617	0	73.6842
29.6759	67.1617	0.165017	73.6842
29.6792	67.2442	0.0825083	73.6842
29.6811	67.2855	0.165017	73.6842
29.6858	67.368	0.0825083	73.6842
29.7686	67.4505	0	73.6842
29.7689	67.4918	0.0825083	73.6842
29.8255	67.5743	0	73.6842
29.8285	67.5743	0	74.7368
29.8777	67.5743	0	75.2632
29.8818	67.6155	0.0825083	75.2632
29.9711	67.698	0	75.2632
29.9716	67.7393	0.0825083	75.2632
29.9895	67.8218	0	75.2632
29.9959	67.863	0.0825083	75.2632
30.1433	67.9455	0	75.2632
30.1456	67.9868	0.0825083	75.2632
30.1534	68.0693	0	75.2632
30.1537	68.1106	0.0825083	75.2632
30.3002	68.1931	0	75.2632
30.3018	68.2343	0.0825083	75.2632
30.4349	68.3168	0	75.2632
30.4387	68.3168	0.0825083	75.2632
30.698	68.3993	0	75.2632
30.703	68.3993	0.0825083	75.2632
30.8361	68.4818	0	75.2632
30.8386	68.5231	0.0825083	75.2632
31.1227	68.6056	0	75.2632
31.124	68.6056	0.165017	75.2632
31.1247	68.6881	0.0825083	75.2632
31.4007	68.7706	0	75.2632
31.4369	68.7706	0	76.3158
31.4373	68.7706	0.0825083	76.3158
31.5113	68.8531	0	76.3158
31.5117	68.8944	0.0825083	76.3158
31.5998	68.9769	0	76.3158
31.6043	69.0182	0.0825083	76.3158
31.636	69.1007	0	76.3158
31.6384	69.1419	0.0825083	76.3158
31.6701	69.2244	0	76.3158
31.7825	69.2244	0	77.3684
31.7835	69.2657	0.0825083	77.3684
31.835	69.3482	0	77.3684
31.8378	69.3894	0.0825083	77.3684
31.9416	69.4719	0	77.3684
31.9424	69.4719	0.165017	77.3684
31.9436	69.5545	0.0825083	77.3684
32.151	69.637	0	77.3684
32.1537	69.6782	0.0825083	77.3684
32.1839	69.7607	0	77.3684
32.1865	69.802	0.0825083	77.3684
32.28	69.8845	0	77.3684
32.2817	69.8845	0.165017	77.3684
32.2837	69.967	0.0825083	77.3684
32.3503	70.0495	0	77.3684
32.3527	70.0908	0.0825083	77.3684
32.5186	70.1733	0	77.3684
32.5189	70.1733	0.165017	77.3684
32.5196	70.2558	0.0825083	77.3684
32.5271	70.3383	0	77.3684
32.6643	70.3383	0	78.4211
32.6657	70.3795	0.0825083	78.4211
32.6657	70.4208	0.165017	78.4211
32.6752	70.5033	0.0825083	78.4211
32.9456	70.5858	0	78.4211
32.9458	70.6271	0.0825083	78.4211
32.9901	70.7096	0	78.4211
32.9922	70.7096	0.165017	78.4211
32.994	70.7921	0.0825083	78.4211
33.0153	70.8746	0	78.4211
33.0154	70.9158	0.0825083	78.4211
33.2396	70.9984	0	78.4211
33.2408	71.0396	0.0825083	78.4211
33.2852	71.1221	0	78.4211
33.2868	71.1634	0.0825083	78.4211
33.3992	71.2459	0	78.4211
33.4011	71.2459	0.165017	78.4211
33.4025	71.3284	0.0825083	78.4211
33.4185	71.4109	0	78.4211
33.4186	71.4521	0.0825083	78.4211
33.7153	71.5347	0	78.4211
33.7162	71.5759	0.0825083	78.4211
33.7753	71.6584	0	78.4211
33.7757	71.6997	0.0825083	78.4211
33.7768	71.7822	0	78.4211
33.8888	71.7822	0	79.4737
33.8902	71.7822	0.165017	79.4737
33.8911	71.8647	0.0825083	79.4737
33.9261	71.9472	0	79.4737
33.929	71.9884	0.0825083	79.4737
33.9459	72.071	0	79.4737
33.9786	72.071	0	80.5263
33.9794	72.1122	0.0825083	80.5263
34.0048	72.1947	0	80.5263
34.0051	72.236	0.0825083	80.5263
34.0389	72.3185	0	80.5263
34.098	72.3185	0	81.5789
34.0984	72.3185	0.0825083	81.5789
34.1285	72.401	0	81.5789
34.1286	72.4422	0.0825083	81.5789
34.3425	72.5247	0	81.5789
34.3453	72.566	0.0825083	81.5789
34.4302	72.6485	0	81.5789
34.4304	72.6898	0.0825083	81.5789
34.4849	72.7723	0	81.5789
34.4849	72.8135	0.0825083	81.5789
34.683	72.896	0	81.5789
34.6844	72.9373	0.0825083	81.5789
34.7534	73.0198	0	81.5789
34.7611	73.0611	0.0825083	81.5789
34.8605	73.1436	0	81.5789
34.8621	73.1436	0.165017	81.5789
34.8629	73.2261	0.0825083	81.5789
34.918	73.3086	0	81.5789
34.9186	73.3498	0.0825083	81.5789
35.1229	73.4323	0	81.5789
35.1233	73.4736	0.0825083	81.5789
35.1811	73.5561	0	81.5789
35.1822	73.5974	0.0825083	81.5789
35.2514	73.6799	0	81.5789
35.257	73.7211	0.0825083	81.5789
35.2575	73.7624	0.165017	81.5789
35.261	73.8449	0.0825083	81.5789
35.3447	73.9274	0	81.5789
35.4104	73.9274	0	82.1053
35.4125	73.9274	0.165017	82.1053
35.4142	74.0099	0.0825083	82.1053
35.4999	74.0924	0	82.1053
35.5297	74.0924	0	82.6316
35.5314	74.0924	0.165017	82.6316
35.5325	74.1749	0.0825083	82.6316
35.6147	74.2574	0	82.6316
35.7876	74.2574	0	83.1579
35.7877	74.2987	0.0825083	83.1579
35.8532	74.3812	0	83.1579
35.8541	74.4224	0.0825083	83.1579
36.0834	74.505	0	83.1579
36.0834	74.5462	0.0825083	83.1579
36.1176	74.6287	0	83.1579
36.1179	74.6287	0.165017	83.1579
36.1184	74.7112	0.0825083	83.1579
36.1708	74.7937	0	83.1579
36.1714	74.835	0.0825083	83.1579
36.2051	74.9175	0	83.1579
36.2057	74.9587	0.0825083	83.1579
36.206	75	0.165017	83.1579
36.2078	75.0825	0.0825083	83.1579
36.2759	75.165	0	83.1579
36.2764	75.165	0.165017	83.1579
36.2786	75.2475	0.0825083	83.1579
36.7431	75.33	0	83.1579
36.751	75.3713	0.0825083	83.1579
36.7922	75.4538	0	83.1579
36.7944	75.495	0.0825083	83.1579
36.9307	75.5776	0	83.1579
36.9318	75.6188	0.0825083	83.1579
36.9416	75.7013	0	83.1579
36.9419	75.7013	0.165017	83.1579
36.9494	75.7838	0.0825083	83.1579
37.1613	75.8663	0	83.1579
37.1689	75.9076	0.0825083	83.1579
37.2984	75.9901	0	83.1579
37.3043	76.0314	0.0825083	83.1579
37.3429	76.1139	0	83.1579
37.3443	76.1551	0.0825083	83.1579
37.6074	76.2376	0	83.1579
37.6091	76.2376	0.165017	83.1579
37.61	76.3201	0.0825083	83.1579
37.6265	76.4026	0	83.1579
37.6276	76.4439	0.0825083	83.1579
37.657	76.5264	0	83.1579
37.6923	76.5264	0	83.6842
37.6926	76.5264	0.0825083	83.6842
38.0879	76.6089	0	83.6842
38.3249	76.6089	0	84.2105
38.3256	76.6502	0.0825083	84.2105
38.4005	76.7327	0	84.2105
38.4009	76.7327	0.0825083	84.2105
38.5518	76.8152	0	84.2105
38.5532	76.8564	0.0825083	84.2105
38.6228	76.9389	0	84.2105
38.7323	76.9389	0	84.7368
38.7331	76.9802	0.0825083	84.7368
38.9411	77.0627	0	84.7368
38.9416	77.0627	0.0825083	84.7368
39.0817	77.1452	0	84.7368
39.0829	77.1452	0.165017	84.7368
39.0847	77.2277	0.0825083	84.7368
39.1527	77.3102	0	84.7368
39.2274	77.3102	0	85.7895
39.2289	77.3515	0.0825083	85.7895
39.2726	77.434	0	85.7895
39.2734	77.4753	0.0825083	85.7895
39.3545	77.5578	0	85.7895
39.3565	77.599	0.0825083	85.7895
39.3984	77.6815	0	85.7895
39.3985	77.6815	0.0825083	85.7895
39.6288	77.764	0	85.7895
39.6296	77.8053	0.0825083	85.7895
39.6567	77.8878	0	85.7895
39.6596	77.929	0.0825083	85.7895
39.728	78.0116	0	85.7895
39.7287	78.0116	0.165017	85.7895
39.7295	78.0941	0.0825083	85.7895
39.9473	78.1766	0	85.7895
39.9499	78.2178	0.0825083	85.7895
39.9926	78.3003	0	85.7895
39.9928	78.3003	0.0825083	85.7895
40.149	78.3828	0	85.7895
40.2064	78.3828	0	86.8421
40.2064	78.3828	0.165017	86.8421
40.2086	78.4653	0.0825083	86.8421
40.2486	78.5479	0	86.8421
40.2493	78.5891	0.0825083	86.8421
40.3116	78.6716	0	86.8421
40.3153	78.7129	0.0825083	86.8421
40.3633	78.7954	0	86.8421
40.3653	78.7954	0.165017	86.8421
40.3661	78.8779	0.0825083	86.8421
40.5881	78.9604	0	86.8421
40.5896	78.9604	0.165017	86.8421
40.5906	79.0429	0.0825083	86.8421
41.0203	79.1254	0	86.8421
41.0208	79.1667	0.0825083	86.8421
41.2544	79.2492	0	86.8421
41.2553	79.2904	0.0825083	86.8421
41.3218	79.3729	0	86.8421
41.4189	79.3729	0	87.8947
41.4204	79.4142	0.0825083	87.8947
41.7218	79.4967	0	87.8947
41.7224	79.4967	0.165017	87.8947
41.7239	79.5792	0.0825083	87.8947
41.978	79.6617	0	87.8947
41.9781	79.6617	0.165017	87.8947
41.9816	79.7442	0.0825083	87.8947
42.0124	79.8267	0	87.8947
42.0125	79.8267	0.0825083	87.8947
42.5001	79.9092	0	87.8947
42.6609	79.9092	0	88.4211
42.6624	79.9092	0.165017	88.4211
42.6643	79.9918	0.0825083	88.4211
42.8027	80.0743	0	88.4211
42.8031	80.0743	0.165017	88.4211
42.8044	80.1568	0.0825083	88.4211
42.917	80.2393	0	88.4211
42.9185	80.2393	0.165017	88.4211
42.919	80.3218	0.0825083	88.4211
42.9245	80.4043	0	88.4211
42.927	80.4455	0.0825083	88.4211
43.0132	80.5281	0	88.4211
43.0175	80.5281	0.165017	88.4211
43.0205	80.6106	0.0825083	88.4211
43.1444	80.6931	0	88.4211
43.1473	80.6931	0.0825083	88.4211
43.1747	80.7756	0	88.4211
43.1747	80.8168	0.0825083	88.4211
43.6518	80.8993	0	88.4211
43.6556	80.9406	0.0825083	88.4211
43.6589	81.0231	0	88.4211
43.6617	81.0231	0.0825083	88.4211
43.8024	81.1056	0	88.4211
43.8071	81.1469	0.0825083	88.4211
44.0015	81.2294	0	88.4211
44.003	81.2706	0.0825083	88.4211
44.1729	81.3531	0	88.4211
44.8004	81.3531	0	89.4737
44.8013	81.3531	0.0825083	89.4737
44.9845	81.4356	0	89.4737
44.9873	81.4769	0.0825083	89.4737
45.1467	81.5594	0	89.4737
45.1508	81.6007	0.0825083	89.4737
45.3087	81.6832	0	89.4737
45.3149	81.6832	0.0825083	89.4737
45.4912	81.7657	0	89.4737
45.4922	81.7657	0.165017	89.4737
45.4925	81.8482	0.0825083	89.4737
45.6011	81.9307	0	89.4737
45.605	81.9719	0.0825083	89.4737
45.672	82.0545	0	89.4737
45.6778	82.0957	0.0825083	89.4737
45.7145	82.1782	0	89.4737
45.7195	82.2195	0.0825083	89.4737
45.7681	82.302	0	89.4737
45.7683	82.3432	0.0825083	89.4737
45.845	82.4257	0	89.4737
45.8503	82.467	0.0825083	89.4737
46.1077	82.5495	0	89.4737
46.1099	82.5908	0.0825083	89.4737
46.4265	82.6733	0	89.4737
46.4277	82.7145	0.0825083	89.4737
46.4439	82.797	0	89.4737
46.4448	82.8383	0.0825083	89.4737
46.4533	82.9208	0	89.4737
46.4554	82.9208	0.165017	89.4737
46.4573	83.0033	0.0825083	89.4737
46.468	83.0858	0	89.4737
46.4699	83.1271	0.0825083	89.4737
46.7762	83.2096	0	89.4737
46.7782	83.2508	0.0825083	89.4737
47.019	83.3333	0	89.4737
47.019	83.3746	0.0825083	89.4737
47.1554	83.4571	0	89.4737
47.4888	83.4571	0	90
47.4889	83.4984	0.0825083	90
47.6398	83.5809	0	90
47.6412	83.6221	0.0825083	90
47.6946	83.7046	0	90
47.6949	83.7459	0.0825083	90
47.9827	83.8284	0	90
47.9843	83.8284	0.0825083	90
48.0256	83.9109	0	90
48.0785	83.9109	0	90.5263
48.0793	83.9521	0.0825083	90.5263
48.4107	84.0347	0	90.5263
48.4155	84.0759	0.0825083	90.5263
48.4996	84.1584	0	90.5263
48.5014	84.1584	0.0825083	90.5263
48.5188	84.2409	0	90.5263
48.5196	84.2822	0.0825083	90.5263
48.5964	84.3647	0	90.5263
48.9955	84.3647	0	91.0526
49.0435	84.3647	0	92.1053
49.0438	84.4059	0.0825083	92.1053
49.1432	84.4884	0	92.1053
49.1445	84.4884	0.165017	92.1053
49.147	84.571	0.0825083	92.1053
49.2275	84.6535	0	92.1053
49.3046	84.6535	0	93.1579
49.4168	84.6535	0	93.6842
49.4198	84.6947	0.0825083	93.6842
49.5962	84.7772	0	93.6842
49.5975	84.8185	0.0825083	93.6842
49.7057	84.901	0	93.6842
49.7061	84.901	0.0825083	93.6842
49.939	84.9835	0	93.6842
49.9394	84.9835	0.165017	93.6842
49.9401	85.066	0.0825083	93.6842
50.3563	85.1485	0	93.6842
50.3577	85.1485	0.165017	93.6842
50.3581	85.231	0.0825083	93.6842
50.3719	85.3135	0	93.6842
50.3745	85.3548	0.0825083	93.6842
50.8768	85.4373	0	93.6842
50.8809	85.4785	0.0825083	93.6842
51.5568	85.5611	0	93.6842
51.5588	85.5611	0.165017	93.6842
51.5611	85.6436	0.0825083	93.6842
51.6639	85.7261	0	93.6842
51.6643	85.7673	0.0825083	93.6842
52.5097	85.8498	0	93.6842
52.5101	85.8911	0.0825083	93.6842
52.5493	85.9736	0	93.6842
52.55	85.9736	0.165017	93.6842
52.5569	86.0561	0.0825083	93.6842
52.5955	86.1386	0	93.6842
52.5983	86.1799	0.0825083	93.6842
53.1654	86.2624	0	93.6842
53.1656	86.2624	0.0825083	93.6842
53.8104	86.3449	0	93.6842
53.8117	86.3449	0.165017	93.6842
53.8124	86.4274	0.0825083	93.6842
53.8664	86.5099	0	93.6842
53.8666	86.5512	0.0825083	93.6842
53.9115	86.6337	0	93.6842
53.914	86.6749	0.0825083	93.6842
54.0601	86.7574	0	93.6842
54.0614	86.7987	0.0825083	93.6842
54.0831	86.8812	0	93.6842
54.0847	86.9224	0.0825083	93.6842
54.1208	87.005	0	93.6842
54.1227	87.0462	0.0825083	93.6842
54.2212	87.1287	0	93.6842
54.2216	87.17	0.0825083	93.6842
54.5063	87.2525	0	93.6842
54.5074	87.2937	0.0825083	93.6842
55.4375	87.3762	0	93.6842
55.4378	87.4175	0.0825083	93.6842
55.4426	87.5	0	93.6842
55.4453	87.5413	0.0825083	93.6842
55.4888	87.6238	0	93.6842
55.49	87.665	0.0825083	93.6842
55.625	87.7475	0	93.6842
55.6262	87.7888	0.0825083	93.6842
55.7654	87.8713	0	93.6842
56.0532	87.8713	0	94.7368
56.0535	87.8713	0.165017	94.7368
56.0537	87.9538	0.0825083	94.7368
56.0774	88.0363	0	94.7368
56.0783	88.0776	0.0825083	94.7368
56.6248	88.1601	0	94.7368
56.6277	88.2013	0.0825083	94.7368
57.1483	88.2838	0	94.7368
57.1518	88.3251	0.0825083	94.7368
57.4434	88.4076	0	94.7368
57.4447	88.4488	0.0825083	94.7368
57.5013	88.5314	0	94.7368
57.5036	88.5314	0.0825083	94.7368
58.2534	88.6139	0	94.7368
58.2535	88.6551	0.0825083	94.7368
58.4609	88.7376	0	94.7368
58.462	88.7376	0.165017	94.7368
58.4631	88.8201	0.0825083	94.7368
58.5394	88.9026	0	94.7368
58.5419	88.9439	0.0825083	94.7368
58.6637	89.0264	0	94.7368
58.6645	89.0264	0.165017	94.7368
58.6664	89.1089	0.0825083	94.7368
58.9012	89.1914	0	94.7368
58.9012	89.2327	0.0825083	94.7368
59.0112	89.3152	0	94.7368
59.0143	89.3152	0.165017	94.7368
59.0155	89.3977	0.0825083	94.7368
59.2935	89.4802	0	94.7368
59.295	89.5215	0.0825083	94.7368
59.3117	89.604	0	94.7368
59.3212	89.6452	0.0825083	94.7368
59.3489	89.7277	0	94.7368
59.3906	89.7277	0	95.7895
59.3908	89.769	0.0825083	95.7895
59.5057	89.8515	0	95.7895
59.5066	89.8927	0.0825083	95.7895
59.5612	89.9753	0	95.7895
59.63	89.9753	0	96.8421
59.633	90.0165	0.0825083	96.8421
60.0351	90.099	0	96.8421
60.0366	90.1403	0.0825083	96.8421
60.1796	90.2228	0	96.8421
60.1801	90.2228	0.165017	96.8421
60.1806	90.3053	0.0825083	96.8421
60.1925	90.3878	0	96.8421
60.1925	90.3878	0.165017	96.8421
60.1944	90.4703	0.0825083	96.8421
61.0941	90.5528	0	96.8421
61.0943	90.5528	0.0825083	96.8421
61.2205	90.6353	0	96.8421
61.2226	90.6353	0.165017	96.8421
61.2264	90.7178	0.0825083	96.8421
61.3349	90.8003	0	96.8421
61.335	90.8003	0.0825083	96.8421
62.4159	90.8828	0	96.8421
62.4161	90.9241	0.0825083	96.8421
62.5879	91.0066	0	96.8421
62.5897	91.0066	0.165017	96.8421
62.5904	91.0891	0.0825083	96.8421
63.3171	91.1716	0	96.8421
63.3203	91.1716	0.0825083	96.8421
63.4972	91.2541	0	96.8421
63.4999	91.2954	0.0825083	96.8421
63.5277	91.3779	0	96.8421
63.5291	91.4191	0.0825083	96.8421
63.6617	91.5016	0	96.8421
63.669	91.5429	0.0825083	96.8421
63.8475	91.6254	0	96.8421
63.8485	91.6667	0.0825083	96.8421
64.0025	91.7492	0	96.8421
64.3248	91.7492	0	97.8947
64.3248	91.7904	0.0825083	97.8947
64.6057	91.8729	0	97.8947
64.6094	91.9142	0.0825083	97.8947
64.7227	91.9967	0	97.8947
64.7248	92.038	0.0825083	97.8947
65.8382	92.1205	0	97.8947
65.8385	92.1205	0.0825083	97.8947
66.0347	92.203	0	97.8947
66.0357	92.2442	0.0825083	97.8947
67.3217	92.3267	0	97.8947
67.3224	92.368	0.0825083	97.8947
67.3741	92.4505	0	97.8947
67.3761	92.4918	0.0825083	97.8947
67.6407	92.5743	0	97.8947
67.6421	92.6155	0.0825083	97.8947
69.1768	92.698	0	97.8947
69.1794	92.7393	0.0825083	97.8947
69.7792	92.8218	0	97.8947
69.7801	92.863	0.0825083	97.8947
70.916	92.9455	0	97.8947
70.9176	92.9868	0.0825083	97.8947
71.5598	93.0693	0	97.8947
71.56	93.1106	0.0825083	97.8947
72.0615	93.1931	0	97.8947
72.0623	93.2343	0.0825083	97.8947
72.4002	93.3168	0	97.8947
72.4025	93.3581	0.0825083	97.8947
72.5914	93.4406	0	97.8947
72.5925	93.4818	0.0825083	97.8947
72.6458	93.5644	0	97.8947
72.6464	93.5644	0.165017	97.8947
72.647	93.6469	0.0825083	97.8947
72.8665	93.7294	0	97.8947
72.8688	93.7706	0.0825083	97.8947
74.4604	93.8531	0	97.8947
74.4613	93.8944	0.0825083	97.8947
74.7539	93.9769	0	97.8947
74.7544	94.0182	0.0825083	97.8947
74.7545	94.1007	0	97.8947
74.7545	94.1419	0.0825083	97.8947
75.1396	94.2244	0	97.8947
75.1417	94.2244	0.0825083	97.8947
75.4829	94.3069	0	97.8947
75.4838	94.3482	0.0825083	97.8947
75.9611	94.4307	0	97.8947
75.9611	94.4719	0.0825083	97.8947
76.1136	94.5545	0	97.8947
76.1171	94.5957	0.0825083	97.8947
76.1989	94.6782	0	97.8947
76.2021	94.7195	0.0825083	97.8947
76.6363	94.802	0	97.8947
76.6403	94.802	0.0825083	97.8947
77.3761	94.8845	0	97.8947
77.3777	94.9257	0.0825083	97.8947
77.9376	95.0082	0	97.8947
77.9402	95.0082	0.0825083	97.8947
78.2804	95.0908	0	97.8947
78.2814	95.132	0.0825083	97.8947
78.7974	95.2145	0	97.8947
78.7978	95.2145	0.0825083	97.8947
78.9464	95.297	0	97.8947
78.9466	95.3383	0.0825083	97.8947
79.016	95.4208	0	97.8947
79.0172	95.4208	0.165017	97.8947
79.0211	95.5033	0.0825083	97.8947
79.4846	95.5858	0	97.8947
79.4847	95.6271	0.0825083	97.8947
80.3965	95.7096	0	97.8947
80.4007	95.7508	0.0825083	97.8947
80.471	95.8333	0	97.8947
80.4737	95.8746	0.0825083	97.8947
80.8702	95.9571	0	97.8947
80.8713	95.9984	0.0825083	97.8947
81.1041	96.0809	0	97.8947
81.1058	96.1221	0.0825083	97.8947
82.9743	96.2046	0	97.8947
82.9759	96.2459	0.0825083	97.8947
83.2642	96.3284	0	97.8947
83.2643	96.3696	0.0825083	97.8947
84.8259	96.4521	0	97.8947
84.8333	96.4934	0.0825083	97.8947
85.8572	96.5759	0	97.8947
85.8579	96.6172	0.0825083	97.8947
86.6046	96.6997	0	97.8947
86.6072	96.7409	0.0825083	97.8947
86.7474	96.8234	0	97.8947
86.7563	96.8647	0.0825083	97.8947
87.4856	96.9472	0	97.8947
87.4894	96.9884	0.0825083	97.8947
87.852	97.071	0	97.8947
88.2852	97.071	0	98.9474
88.2857	97.071	0.165017	98.9474
88.2862	97.1535	0.0825083	98.9474
90.1526	97.236	0	98.9474
90.1526	97.236	0.0825083	98.9474
90.2214	97.3185	0	98.9474
90.2227	97.3185	0.165017	98.9474
90.2236	97.401	0.0825083	98.9474
98.2986	97.4835	0	98.9474
98.2999	97.4835	0.0825083	98.9474
99.1016	97.566	0	98.9474
99.105	97.6073	0.0825083	98.9474
99.5484	97.6898	0	98.9474
99.553	97.731	0.0825083	98.9474
99.6973	97.8135	0	98.9474
99.6974	97.8548	0.0825083	98.9474
101.095	97.9373	0	98.9474
101.099	97.9785	0.0825083	98.9474
101.495	98.0611	0	98.9474
101.496	98.1023	0.0825083	98.9474
101.667	98.1848	0	98.9474
101.671	98.2261	0.0825083	98.9474
101.769	98.3086	0	98.9474
101.772	98.3498	0.0825083	98.9474
101.99	98.4323	0	98.9474
101.991	98.4323	0.165017	98.9474
101.993	98.5149	0.0825083	98.9474
103.018	98.5974	0	98.9474
103.022	98.6386	0.0825083	98.9474
104.926	98.7211	0	98.9474
104.926	98.7624	0.0825083	98.9474
107.513	98.8449	0	98.9474
107.513	98.8449	0.165017	98.9474
107.514	98.9274	0.0825083	98.9474
108.244	99.0099	0	98.9474
108.245	99.0512	0.0825083	98.9474
113.51	99.1337	0	98.9474
113.954	99.1337	0	100
113.956	99.1749	0.0825083	100
115.205	99.2574	0	100
115.211	99.2574	0.0825083	100
115.632	99.3399	0	100
115.632	99.3399	0.165017	100
115.633	99.4224	0.0825083	100
119.443	99.505	0	100
119.444	99.5462	0.0825083	100
119.836	99.6287	0	100
119.838	99.67	0.0825083	100
119.926	99.7525	0	100
119.927	99.7937	0.0825083	100
141.286	99.8762	0	100
141.289	99.9175	0.0825083	100
