2.75563e-07	0	0	0
5.14925e-07	0	0	0
8.68172e-07	0	0	0
8.73122e-07	0	0	0
1.03403e-06	0	0	0
1.80234e-06	0	0	0
1.92671e-06	0	0	0
2.06366e-06	0	0	0
2.17452e-06	0	0	0
3.48071e-06	0	0	0
3.73993e-06	0	0	0
4.2096e-06	0	0	0
4.64192e-06	0	0	0
4.81792e-06	0	0	0
6.10415e-06	0	0	0
7.37042e-06	0	0	0
8.0294e-06	0	0	0
1.0626e-05	0	0	0
1.09763e-05	0	0	0
1.12197e-05	0	0	0
1.24462e-05	0	0	0
1.2947e-05	0	0	0
1.42077e-05	0	0	0
1.43301e-05	0	0	0
1.44478e-05	0	0	0
1.55386e-05	0	0	0
1.55637e-05	0	0	0
1.60782e-05	0	0	0
1.66548e-05	0	0	0
1.71872e-05	0	0	0
1.74593e-05	0	0	0
1.77472e-05	0	0	0
1.93221e-05	0	0	0
2.05802e-05	0	0	0
2.07134e-05	0	0	0
2.17068e-05	0	0	0
2.44322e-05	0	0	0
2.49033e-05	0	0	0
2.52991e-05	0	0	0
2.5544e-05	0	0	0
2.58389e-05	0	0	0
2.61445e-05	0	0	0
2.70701e-05	0	0	0
2.84948e-05	0	0	0
2.94521e-05	0	0	0
3.01388e-05	0	0	0
3.12875e-05	0	0	0
3.13293e-05	0	0	0
3.16562e-05	0	0	0
3.18176e-05	0	0	0
3.21021e-05	0	0	0
3.33169e-05	0	0	0
3.35635e-05	0	0	0
3.3742e-05	0	0	0
3.3963e-05	0	0	0
3.40818e-05	0	0	0
3.51519e-05	0	0	0
3.5529e-05	0	0	0
3.56249e-05	0	0	0
3.63318e-05	0	0	0
3.67809e-05	0	0	0
3.68686e-05	0	0	0
3.75744e-05	0	0	0
3.76429e-05	0	0	0
3.7942e-05	0	0	0
3.83302e-05	0	0	0
3.88999e-05	0	0	0
3.95943e-05	0	0	0
4.14834e-05	0	0	0
4.15866e-05	0	0	0
4.16299e-05	0	0	0
4.20973e-05	0	0	0
4.31734e-05	0	0	0
4.33699e-05	0	0	0
4.35321e-05	0	0	0
4.3814e-05	0	0	0
4.38418e-05	0	0	0
4.44229e-05	0	0	0
4.44461e-05	0	0	0
4.46835e-05	0	0	0
4.52967e-05	0	0	0
4.54412e-05	0	0	0
4.68056e-05	0	0	0
4.74148e-05	0	0	0
4.81925e-05	0	0	0
4.85777e-05	0	0	0
4.90812e-05	0	0	0
4.97406e-05	0	0	0
5.05694e-05	0	0	0
5.07656e-05	0	0	0
5.10976e-05	0	0	0
5.13099e-05	0	0	0
5.1714e-05	0	0	0
5.28737e-05	0	0	0
5.31611e-05	0	0	0
5.32144e-05	0	0	0
5.32807e-05	0	0	0
5.35087e-05	0	0	0
5.5873e-05	0	0	0
5.68184e-05	0	0	0
5.72541e-05	0	0	0
5.75661e-05	0	0	0
5.81538e-05	0	0	0
5.85123e-05	0	0	0
5.86003e-05	0	0	0
5.96521e-05	0	0	0
6.07109e-05	0	0	0
6.16257e-05	0	0	0
6.16401e-05	0	0	0
6.2415e-05	0	0	0
6.26497e-05	0	0	0
6.27127e-05	0	0	0
6.32325e-05	0	0	0
6.43161e-05	0	0	0
6.43555e-05	0	0	0
6.48658e-05	0	0	0
6.55153e-05	0	0	0
6.56649e-05	0	0	0
6.82018e-05	0	0	0
6.98817e-05	0	0	0
7.04286e-05	0	0	0
7.10879e-05	0	0	0
7.15018e-05	0	0	0
7.18684e-05	0	0	0
7.24785e-05	0	0	0
7.25401e-05	0	0	0
7.34319e-05	0	0	0
7.35101e-05	0	0	0
7.38686e-05	0	0	0
7.44897e-05	0	0	0
7.47937e-05	0	0	0
7.84282e-05	0	0	0
7.86838e-05	0	0	0
7.98018e-05	0	0	0
8.06144e-05	0	0	0
8.1412e-05	0	0	0
8.25895e-05	0	0	0
8.33648e-05	0	0	0
8.34671e-05	0	0	0
8.3896e-05	0	0	0
8.43527e-05	0	0	0
8.47291e-05	0	0	0
8.48657e-05	0	0	0
8.4935e-05	0	0	0
8.52851e-05	0	0	0
8.57956e-05	0	0	0
8.79971e-05	0	0	0
8.89508e-05	0	0	0
9.00794e-05	0	0	0
9.16671e-05	0	0	0
9.17153e-05	0	0	0
9.44582e-05	0	0	0
9.49404e-05	0	0	0
9.52953e-05	0	0	0
9.54689e-05	0	0	0
9.71353e-05	0	0	0
9.75325e-05	0	0	0
9.75915e-05	0	0	0
9.85025e-05	0	0	0
9.91788e-05	0	0	0
9.99703e-05	0	0	0
0.000100215	0	0	0
0.000101084	0	0	0
0.00010313	0	0	0
0.000103424	0	0	0
0.000103811	0	0	0
0.000104401	0	0	0
0.000104776	0	0	0
0.000105753	0	0	0
0.000105762	0	0	0
0.000107226	0	0	0
0.000107669	0	0	0
0.000113172	0	0	0
0.000114998	0	0	0
0.000116019	0	0	0
0.000116525	0	0	0
0.000118412	0	0	0
0.000119916	0	0	0
0.000120016	0	0	0
0.000120133	0	0	0
0.000122665	0	0	0
0.00012503	0	0	0
0.000125525	0	0	0
0.000125716	0	0	0
0.000126332	0	0	0
0.000126622	0	0	0
0.000127494	0	0	0
0.000127969	0	0	0
0.000128159	0	0	0
0.000128286	0	0	0
0.000129866	0	0	0
0.000130027	0	0	0
0.000131203	0	0	0
0.000133475	0	0	0
0.000133707	0	0	0
0.000134313	0	0	0
0.000134346	0	0	0
0.000135611	0	0	0
0.000135637	0	0	0
0.000135809	0	0	0
0.000137497	0	0	0
0.000137926	0	0	0
0.000140176	0	0	0
0.000140301	0	0	0
0.000141261	0	0	0
0.000141473	0	0	0
0.000143086	0	0	0
0.000143826	0	0	0
0.000145449	0	0	0
0.000145629	0	0	0
0.000146939	0	0	0
0.000147178	0	0	0
0.000149161	0	0	0
0.000149192	0	0	0
0.000149322	0	0	0
0.00015105	0	0	0
0.00015114	0	0	0
0.000151395	0	0	0
0.000151481	0	0	0
0.000151716	0	0	0
0.000152279	0	0	0
0.000153315	0	0	0
0.000156233	0	0	0
0.000156315	0	0	0
0.000156347	0	0	0
0.000156966	0	0	0
0.000157642	0	0	0
0.000158442	0	0	0
0.000159623	0	0	0
0.000159936	0	0	0
0.000159993	0	0	0
0.000160979	0	0	0
0.000161453	0	0	0
0.00016295	0	0	0
0.000165296	0	0	0
0.000166428	0	0	0
0.000166652	0	0	0
0.000166871	0	0	0
0.000167795	0	0	0
0.000168054	0	0	0
0.000169443	0	0	0
0.00016995	0	0	0
0.000170852	0	0	0
0.000170927	0	0	0
0.000171537	0	0	0
0.00017161	0	0	0
0.000171716	0	0	0
0.000172173	0	0	0
0.000174149	0	0	0
0.000174151	0	0	0
0.000175158	0	0	0
0.000178379	0	0	0
0.000180691	0	0	0
0.000180844	0	0	0
0.000180922	0	0	0
0.00018095	0	0	0
0.000181653	0	0	0
0.000183758	0	0	0
0.000183944	0	0	0
0.000185648	0	0	0
0.000187186	0	0	0
0.000188173	0	0	0
0.000188982	0	0	0
0.000190805	0	0	0
0.00019122	0	0	0
0.000192781	0	0	0
0.000192826	0	0	0
0.000194732	0	0	0
0.000194936	0	0	0
0.000195375	0	0	0
0.000197886	0	0	0
0.000199564	0	0	0
0.000201491	0	0	0
0.000202014	0	0	0
0.000203614	0	0	0
0.00020363	0	0	0
0.000206354	0	0	0
0.000208159	0	0	0
0.000208836	0	0	0
0.000209985	0	0	0
0.000214612	0	0	0
0.000216019	0	0	0
0.000216246	0	0	0
0.000216783	0	0	0
0.000217411	0	0	0
0.000217705	0	0	0
0.000220878	0	0	0
0.000221771	0	0	0
0.000222464	0	0	0
0.000223635	0	0	0
0.000226605	0	0	0
0.000226727	0	0	0
0.000227968	0	0	0
0.000228959	0	0	0
0.000230524	0	0	0
0.00023087	0	0	0
0.000235626	0	0	0
0.00023882	0	0	0
0.000244525	0	0	0
0.000246956	0	0	0
0.00024762	0	0	0
0.000247784	0	0	0
0.000248051	0	0	0
0.000248498	0	0	0
0.000252115	0	0	0
0.000252172	0	0	0
0.000255497	0	0	0
0.000255815	0	0	0
0.000258739	0	0	0
0.000261246	0	0	0
0.000261718	0	0	0
0.000262994	0	0	0
0.000263772	0	0	0
0.000267258	0	0	0
0.000269485	0	0	0
0.000272173	0	0	0
0.000274201	0	0	0
0.000274301	0	0	0
0.000274996	0	0	0
0.000275627	0	0	0
0.00027685	0	0	0
0.000278019	0	0	0
0.000278499	0	0	0
0.000278932	0	0	0
0.000279887	0	0	0
0.000282427	0	0	0
0.000282625	0	0	0
0.000284092	0	0	0
0.000285158	0	0	0
0.000285488	0	0	0
0.000286128	0	0	0
0.000286184	0	0	0
0.000287099	0	0	0
0.000287425	0	0	0
0.000287599	0	0	0
0.000289413	0	0	0
0.000289463	0	0	0
0.000291654	0	0	0
0.00029249	0	0	0
0.000294238	0	0	0
0.000295081	0	0	0
0.000296485	0	0	0
0.000296956	0	0	0
0.000301915	0	0	0
0.000303021	0	0	0
0.000303723	0	0	0
0.000307633	0	0	0
0.000308584	0	0	0
0.000310049	0	0	0
0.000310746	0	0	0
0.00031174	0	0	0
0.000311783	0	0	0
0.000316376	0	0	0
0.000319815	0	0	0
0.000320801	0	0	0
0.000324811	0	0	0
0.000326759	0	0	0
0.000327829	0	0	0
0.000329235	0	0	0
0.000334591	0	0	0
0.000339505	0	0	0
0.000341008	0	0	0
0.000341538	0	0	0
0.000342925	0	0	0
0.000344317	0	0	0
0.000348094	0	0	0
0.000350033	0	0	0
0.000352573	0	0	0
0.000354	0	0	0
0.000354432	0	0	0
0.000356419	0	0	0
0.000356884	0	0	0
0.000357013	0	0	0
0.000358159	0	0	0
0.000360506	0	0	0
0.000361527	0	0	0
0.000366644	0	0	0
0.000373957	0	0	0
0.000375138	0	0	0
0.000376307	0	0	0
0.000376581	0	0	0
0.000377521	0	0	0
0.000381264	0	0	0
0.000384144	0	0	0
0.000384359	0	0	0
0.000387503	0	0	0
0.000390198	0	0	0
0.000390929	0	0	0
0.000391653	0	0	0
0.000394532	0	0	0
0.000394679	0	0	0
0.000394798	0	0	0
0.000395192	0	0	0
0.000400126	0	0	0
0.000401641	0	0	0
0.000405327	0	0	0
0.000405482	0	0	0
0.000407494	0	0	0
0.000412628	0	0	0
0.000412651	0	0	0
0.000414713	0	0	0
0.000414819	0	0	0
0.000415571	0	0	0
0.000418306	0	0	0
0.000418713	0	0	0
0.000419154	0	0	0
0.00041978	0	0	0
0.000420128	0	0	0
0.000423699	0	0	0
0.000423791	0	0	0
0.000426009	0	0	0
0.000426422	0	0	0
0.00042653	0	0	0
0.000434749	0	0	0
0.000435168	0	0	0
0.000435278	0	0	0
0.00043549	0	0	0
0.000437657	0	0	0
0.000439869	0	0	0
0.000441316	0	0	0
0.000443535	0	0	0
0.000444045	0	0	0
0.000446699	0	0	0
0.000451137	0	0	0
0.000451385	0	0	0
0.000452596	0	0	0
0.000452693	0	0	0
0.000457221	0	0	0
0.000457978	0	0	0
0.00045909	0	0	0
0.000461369	0	0	0
0.000462907	0	0	0
0.000463753	0	0	0
0.000466976	0	0	0
0.000467492	0	0	0
0.000468962	0	0	0
0.000471178	0	0	0
0.000473703	0	0	0
0.000473892	0	0	0
0.000478352	0	0	0
0.00048015	0	0	0
0.000487647	0	0	0
0.000493135	0	0	0
0.000495965	0	0	0
0.000498823	0	0	0
0.000502562	0	0	0
0.00050664	0	0	0
0.000507958	0	0	0
0.000512305	0	0	0
0.000513979	0	0	0
0.000516257	0	0	0
0.000516448	0	0	0
0.000516522	0	0	0
0.000518224	0	0	0
0.000520659	0	0	0
0.00052092	0	0	0
0.000522412	0	0	0
0.000525142	0	0	0
0.000525144	0	0	0
0.000525595	0	0	0
0.000527785	0	0	0
0.000535593	0	0	0
0.000540043	0	0	0
0.000545724	0	0	0
0.000548619	0	0	0
0.00055019	0	0	0
0.000551288	0	0	0
0.000551477	0	0	0
0.000555718	0	0	0
0.000556083	0	0	0
0.000559482	0	0	0
0.00056139	0	0	0
0.000562049	0	0	0
0.00056549	0	0	0
0.000565905	0	0	0
0.000566866	0	0	0
0.000575103	0	0	0
0.000577394	0	0	0
0.000578662	0	0	0
0.000587687	0	0	0
0.000588913	0	0	0
0.000593118	0	0	0
0.000593315	0	0	0
0.000595433	0	0	0
0.000597974	0	0	0
0.00059924	0	0	0
0.000600979	0	0	0
0.000603242	0	0	0
0.000604042	0	0	0
0.000604848	0	0	0
0.000609423	0	0	0
0.000610738	0	0	0
0.000611792	0	0	0
0.000613518	0	0	0
0.000616628	0	0	0
0.000618775	0	0	0
0.000620429	0	0	0
0.000621453	0	0	0
0.000624323	0	0	0
0.000626946	0	0	0
0.000627357	0	0	0
0.000633591	0	0	0
0.000635728	0	0	0
0.000637993	0	0	0
0.00063893	0	0	0
0.00064141	0	0	0
0.000642452	0	0	0
0.000645855	0	0	0
0.000651658	0	0	0
0.000658668	0	0	0
0.000662642	0	0	0
0.000670054	0	0	0
0.000682978	0	0	0
0.000686874	0	0	0
0.000687031	0	0	0
0.00068807	0	0	0
0.000688576	0	0	0
0.00069268	0	0	0
0.000694251	0	0	0
0.000697542	0	0	0
0.00070757	0	0	0
0.000708039	0	0	0
0.000709247	0	0	0
0.000713228	0	0	0
0.000713366	0	0	0
0.000719966	0	0	0
0.00072003	0	0	0
0.000722257	0	0	0
0.000722576	0	0	0
0.000731827	0	0	0
0.000746445	0	0	0
0.000747488	0	0	0
0.000753149	0	0	0
0.000756348	0	0	0
0.000757387	0	0	0
0.000758684	0	0	0
0.000763891	0	0	0
0.000764314	0	0	0
0.000774307	0	0	0
0.000778513	0	0	0
0.000785411	0	0	0
0.000787574	0	0	0
0.00078808	0	0	0
0.000788253	0	0	0
0.000789349	0	0	0
0.000792418	0	0	0
0.000796812	0	0	0
0.000800666	0	0	0
0.000801194	0	0	0
0.000805816	0	0	0
0.000809213	0	0	0
0.000811822	0	0	0
0.000814357	0	0	0
0.000822248	0	0	0
0.000828867	0	0	0
0.000829861	0	0	0
0.000854735	0	0	0
0.000856575	0	0	0
0.00086567	0	0	0
0.000877167	0	0	0
0.000887854	0	0	0
0.00089156	0	0	0
0.000893931	0	0	0
0.000894149	0	0	0
0.000895502	0	0	0
0.000896018	0	0	0
0.00089816	0	0	0
0.000903414	0	0	0
0.000909562	0	0	0
0.000946715	0	0	0
0.000963245	0	0	0
0.000971647	0	0	0
0.000980855	0	0	0
0.000982412	0	0	0
0.000998362	0	0	0
0.00100365	0	0	0
0.00101238	0	0	0
0.00101868	0	0	0
0.0010212	0	0	0
0.00102148	0	0	0
0.00103671	0	0	0
0.00104915	0	0	0
0.0010539	0	0	0
0.00105561	0	0	0
0.00106009	0	0	0
0.00107954	0	0	0
0.00109418	0	0	0
0.00110155	0	0	0
0.00111932	0	0	0
0.00112451	0	0	0
0.00113976	0	0	0
0.00114066	0	0	0
0.00115387	0	0	0
0.00115574	0	0	0
0.00116199	0	0	0
0.00116802	0	0	0
0.00119082	0	0	0
0.0011919	0	0	0
0.00119904	0	0	0
0.00121778	0	0	0
0.00123527	0	0	0
0.00125116	0	0	0
0.00127411	0	0	0
0.00127611	0	0	0
0.00127821	0	0	0
0.00128689	0	0	0
0.00131055	0	0	0
0.00131394	0	0	0
0.00131848	0	0	0
0.00132071	0	0	0
0.00133604	0	0	0
0.00134134	0	0	0
0.00135314	0	0	0
0.001355	0	0	0
0.00135926	0	0	0
0.0013804	0	0	0
0.00140261	0	0	0
0.00140423	0	0	0
0.00141126	0	0	0
0.00142308	0	0	0
0.00142602	0	0	0
0.00144063	0	0	0
0.00145616	0	0	0
0.0014676	0	0	0
0.00147021	0	0	0
0.00147967	0	0	0
0.00149028	0	0	0
0.00149831	0	0	0
0.00151905	0	0	0
0.00152647	0	0	0
0.00154814	0	0	0
0.00157369	0	0	0
0.0015823	0	0	0
0.00158929	0	0	0
0.00160396	0	0	0
0.00162924	0	0	0
0.00163976	0	0	0
0.00167768	0	0	0
0.00170516	0	0	0
0.00172472	0	0	0
0.00173595	0	0	0
0.0017882	0	0	0
0.00181858	0	0	0
0.00181927	0	0	0
0.00182878	0	0	0
0.00182918	0	0	0
0.00186927	0	0	0
0.00188651	0	0	0
0.00188821	0	0	0
0.00189101	0	0	0
0.00189546	0	0	0
0.0019007	0	0	0
0.00196773	0	0	0
0.00197074	0	0	0
0.00197309	0	0	0
0.00197896	0	0	0
0.00200458	0	0	0
0.00207531	0	0	0
0.00208777	0	0	0
0.00209552	0	0	0
0.00209941	0	0	0
0.00211247	0	0	0
0.0021154	0	0	0
0.0021181	0	0	0
0.00212684	0	0	0
0.00213778	0	0	0
0.00218266	0	0	0
0.00225457	0	0	0
0.00226276	0	0	0
0.00229588	0	0	0
0.00232804	0	0	0
0.00240575	0	0	0
0.00242812	0	0	0
0.00243909	0	0	0
0.00244354	0	0	0
0.00253525	0	0	0
0.0025723	0	0	0
0.00259459	0	0	0
0.00266393	0	0	0
0.00278826	0	0	0
0.00284192	0	0	0
0.00287081	0	0	0
0.00293059	0	0	0
0.0029375	0	0	0
0.00294252	0	0	0
0.00298437	0	0	0
0.00300536	0	0	0
0.00304565	0	0	0
0.00313697	0	0	0
0.00340778	0	0	0
0.00341082	0	0	0
0.00351524	0	0	0
0.00357596	0	0	0
0.00358927	0	0	0
0.00359278	0	0	0
0.00364802	0	0	0
0.00380231	0	0	0
0.00383882	0	0	0
0.00395831	0	0	0
0.00398375	0	0	0
0.00406153	0	0	0
0.00409201	0	0	0
0.00419562	0	0	0
0.00425676	0	0	0
0.00429224	0	0	0
0.00438074	0	0	0
0.00448262	0	0	0
0.0045224	0	0	0
0.00468422	0	0	0
0.00468479	0	0	0
0.00498131	0	0	0
0.00533559	0	0	0
0.00575355	0	0	0
0.00593223	0	0	0
0.00613727	0	0	0
0.00618642	0	0	0
0.00677251	0	0	0
0.00691619	0	0	0
0.00753056	0	0	0
0.00761048	0	0	0
0.00814669	0	0	0
0.00822256	0	0	0
0.00828937	0	0	0
0.00833593	0	0	0
0.00947272	0	0	0
0.0109429	0	0	0
0.0111942	0	0	0
0.011852	0	0	0
0.0120338	0	0	0
0.0169893	0	0	0
0.0207683	0	0	0
0.0742629	0	0	0
0.0806993	0	0	0
0.0845728	0.0412541	0.0825083	0
0.0988985	0.123762	0	0
0.100163	0.123762	0.0825083	0
0.100545	0.165017	0.165017	0
0.10105	0.247525	0.0825083	0
0.10111	0.330033	0	0
0.102952	0.330033	0.165017	0
0.104753	0.412541	0.0825083	0
0.115901	0.49505	0	0
0.116468	0.536304	0.0825083	0
0.152547	0.618812	0	0
0.152868	0.660066	0.0825083	0
0.184659	0.742574	0	0
0.186109	0.742574	0	0
0.211829	0.742574	0	0.27248
0.212377	0.783828	0.0825083	0.27248
0.229237	0.866337	0	0.27248
0.234418	0.907591	0.0825083	0.27248
0.272463	0.990099	0	0.27248
0.284815	0.990099	0	0.544959
0.284859	1.03135	0.0825083	0.544959
0.288264	1.11386	0	0.544959
0.312024	1.11386	0	0.544959
0.335654	1.11386	0	0.817439
0.336935	1.15512	0.0825083	0.817439
0.423949	1.23762	0	0.817439
0.425907	1.23762	0	0.817439
0.42615	1.23762	0.165017	0.817439
0.429955	1.32013	0.0825083	0.817439
0.430765	1.36139	0.165017	0.817439
0.430956	1.44389	0.0825083	0.817439
0.440964	1.5264	0	0.817439
0.441141	1.56766	0.0825083	0.817439
0.480978	1.65016	0	0.817439
0.483304	1.65016	0.0825083	0.817439
0.489734	1.73267	0	0.817439
0.491399	1.77393	0.0825083	0.817439
0.555905	1.85644	0	0.817439
0.556345	1.85644	0.0825083	0.817439
0.557304	1.85644	0.0825083	0.817439
0.563058	1.93894	0	0.817439
0.5878	1.93894	0	0.817439
0.600352	1.93894	0	0.817439
0.607777	1.93894	0	0.817439
0.609609	1.93894	0.0825083	0.817439
0.631594	2.02145	0	0.817439
0.633116	2.06271	0.0825083	0.817439
0.636933	2.14521	0	0.817439
0.637044	2.18647	0.0825083	0.817439
0.648505	2.26898	0	0.817439
0.670043	2.26898	0	1.08992
0.698707	2.26898	0	1.3624
0.699084	2.31023	0.0825083	1.3624
0.711024	2.39274	0	1.3624
0.713207	2.43399	0.0825083	1.3624
0.717452	2.5165	0	1.3624
0.717521	2.5165	0.0825083	1.3624
0.74774	2.59901	0	1.3624
0.751887	2.59901	0	1.3624
0.753479	2.59901	0.0825083	1.3624
0.759023	2.68152	0	1.3624
0.76079	2.72277	0.0825083	1.3624
0.780022	2.80528	0	1.3624
0.780113	2.80528	0.0825083	1.3624
0.843154	2.88779	0	1.3624
0.854408	2.88779	0	1.63488
0.873737	2.88779	0	1.63488
0.874523	2.88779	0.165017	1.63488
0.87638	2.9703	0.0825083	1.63488
0.890284	3.05281	0	1.63488
0.895081	3.05281	0	1.63488
1.04388	3.05281	0	1.63488
1.06038	3.05281	0	1.63488
1.06062	3.05281	0.165017	1.63488
1.06063	3.13531	0.0825083	1.63488
1.06278	3.21782	0	1.63488
1.06282	3.21782	0.0825083	1.63488
1.17995	3.30033	0	1.63488
1.18036	3.30033	0.165017	1.63488
1.18103	3.38284	0.0825083	1.63488
1.19999	3.46535	0	1.63488
1.20726	3.46535	0	1.63488
1.21154	3.46535	0.0825083	1.63488
1.22063	3.54785	0	1.63488
1.22146	3.58911	0.0825083	1.63488
1.24369	3.67162	0	1.63488
1.25992	3.67162	0	1.90736
1.26364	3.71287	0.0825083	1.90736
1.3048	3.79538	0	1.90736
1.30659	3.79538	0.165017	1.90736
1.30684	3.79538	0.165017	2.17984
1.30718	3.87789	0.0825083	2.17984
1.31136	3.9604	0	2.17984
1.31196	3.9604	0.165017	2.17984
1.31405	4.0429	0.0825083	2.17984
1.32589	4.12541	0	2.17984
1.3292	4.12541	0	2.45232
1.33643	4.12541	0	2.7248
1.33701	4.12541	0.0825083	2.7248
1.3669	4.20792	0	2.7248
1.38455	4.20792	0	2.7248
1.38479	4.20792	0.0825083	2.7248
1.42028	4.29043	0	2.7248
1.42205	4.33168	0.0825083	2.7248
1.43696	4.41419	0	2.7248
1.43849	4.45545	0.0825083	2.7248
1.45307	4.53795	0	2.7248
1.45345	4.53795	0.165017	2.7248
1.45465	4.62046	0.0825083	2.7248
1.46221	4.70297	0	2.7248
1.46238	4.70297	0.165017	2.7248
1.46478	4.78548	0.0825083	2.7248
1.46993	4.86799	0	2.7248
1.50836	4.86799	0	2.99728
1.50889	4.90924	0.0825083	2.99728
1.52252	4.99175	0	2.99728
1.52277	4.99175	0.165017	2.99728
1.52415	5.07426	0.0825083	2.99728
1.52431	5.07426	0.247525	2.99728
1.52447	5.15677	0.165017	2.99728
1.52472	5.23927	0.0825083	2.99728
1.53146	5.32178	0	2.99728
1.532	5.36304	0.0825083	2.99728
1.53721	5.44554	0	2.99728
1.54257	5.4868	0.0825083	2.99728
1.58163	5.56931	0	2.99728
1.58171	5.61056	0.0825083	2.99728
1.65259	5.69307	0	2.99728
1.65337	5.69307	0.165017	2.99728
1.65613	5.77558	0.0825083	2.99728
1.65804	5.77558	0.0825083	2.99728
1.66072	5.85809	0	2.99728
1.66192	5.89934	0.0825083	2.99728
1.72151	5.98185	0	2.99728
1.7222	6.0231	0.0825083	2.99728
1.74291	6.10561	0	2.99728
1.77303	6.10561	0	3.26975
1.80977	6.10561	0	3.54223
1.81103	6.14686	0.0825083	3.54223
1.86186	6.22937	0	3.54223
1.87981	6.22937	0	3.81471
1.88006	6.27063	0.0825083	3.81471
1.88491	6.35314	0	3.81471
1.8854	6.35314	0.165017	3.81471
1.88582	6.43564	0.0825083	3.81471
1.89166	6.51815	0	3.81471
1.89222	6.51815	0.0825083	3.81471
1.90504	6.60066	0	3.81471
1.90651	6.60066	0.165017	3.81471
1.90705	6.68317	0.0825083	3.81471
1.94451	6.76568	0	3.81471
1.94479	6.80693	0.0825083	3.81471
1.94555	6.84818	0.165017	3.81471
1.94766	6.93069	0.0825083	3.81471
1.99978	7.0132	0	3.81471
2.01122	7.0132	0	4.08719
2.05943	7.0132	0	4.35967
2.07132	7.0132	0	4.63215
2.07196	7.05446	0.0825083	4.63215
2.08568	7.13696	0	4.63215
2.10832	7.13696	0	4.63215
2.13091	7.13696	0	4.90463
2.13142	7.17822	0.0825083	4.90463
2.13166	7.26073	0	4.90463
2.15578	7.26073	0	5.17711
2.15767	7.30198	0.0825083	5.17711
2.17651	7.38449	0	5.17711
2.17765	7.38449	0.0825083	5.17711
2.20522	7.467	0	5.17711
2.20817	7.467	0.165017	5.17711
2.21031	7.5495	0.0825083	5.17711
2.21117	7.63201	0	5.17711
2.21147	7.63201	0.0825083	5.17711
2.23257	7.71452	0	5.17711
2.23289	7.75578	0.0825083	5.17711
2.25645	7.83828	0	5.17711
2.28283	7.83828	0	5.44959
2.2831	7.83828	0	5.44959
2.28321	7.87954	0.0825083	5.44959
2.34892	7.96205	0	5.44959
2.35046	7.96205	0.0825083	5.44959
2.39901	8.04455	0	5.44959
2.40025	8.08581	0.0825083	5.44959
2.44797	8.16832	0	5.44959
2.44824	8.20957	0.0825083	5.44959
2.44966	8.29208	0	5.44959
2.44988	8.33333	0.0825083	5.44959
2.48404	8.41584	0	5.44959
2.48573	8.4571	0.0825083	5.44959
2.50452	8.5396	0	5.44959
2.50479	8.5396	0.165017	5.44959
2.50725	8.62211	0.0825083	5.44959
2.55247	8.70462	0	5.44959
2.55296	8.70462	0.165017	5.44959
2.55302	8.78713	0.0825083	5.44959
2.55851	8.86964	0	5.44959
2.55937	8.91089	0.0825083	5.44959
2.5637	8.9934	0	5.44959
2.58435	8.9934	0	5.72207
2.64473	8.9934	0	5.72207
2.67323	8.9934	0	5.99455
2.6756	9.03465	0.0825083	5.99455
2.69631	9.11716	0	5.99455
2.69997	9.15842	0.0825083	5.99455
2.72983	9.24092	0	5.99455
2.73101	9.24092	0	6.26703
2.74485	9.24092	0	6.26703
2.74925	9.24092	0	6.53951
2.77653	9.24092	0	6.53951
2.77669	9.24092	0.165017	6.53951
2.77753	9.32343	0.0825083	6.53951
2.84578	9.40594	0	6.53951
2.86348	9.40594	0	6.81199
2.86437	9.40594	0	7.08447
2.86493	9.4472	0.0825083	7.08447
2.8659	9.5297	0	7.08447
2.86701	9.57096	0.0825083	7.08447
2.91907	9.65347	0	7.08447
2.92111	9.65347	0.0825083	7.08447
2.93015	9.73597	0	7.08447
2.93102	9.77723	0.0825083	7.08447
2.94001	9.85974	0	7.08447
2.94009	9.90099	0.0825083	7.08447
2.94072	9.90099	0.0825083	7.35695
2.98783	9.9835	0	7.35695
2.98902	9.9835	0.0825083	7.35695
2.99103	10.066	0	7.35695
2.9997	10.066	0	7.62943
3.00114	10.066	0.165017	7.62943
3.01129	10.1485	0.0825083	7.62943
3.03398	10.231	0	7.62943
3.03539	10.2723	0.0825083	7.62943
3.07951	10.3548	0	7.62943
3.08048	10.3548	0.165017	7.62943
3.08134	10.4373	0.0825083	7.62943
3.0822	10.4373	0.0825083	7.62943
3.09481	10.5198	0	7.62943
3.12031	10.5198	0	7.62943
3.12321	10.5611	0.0825083	7.62943
3.12583	10.6436	0	7.62943
3.13886	10.6436	0	7.62943
3.13906	10.6848	0.0825083	7.62943
3.17404	10.7673	0	7.62943
3.1745	10.7673	0.165017	7.62943
3.17575	10.8498	0.0825083	7.62943
3.18086	10.9323	0	7.62943
3.18182	10.9323	0.165017	7.62943
3.18312	11.0149	0.0825083	7.62943
3.19033	11.0974	0	7.62943
3.1909	11.1386	0.0825083	7.62943
3.19977	11.2211	0	7.62943
3.20054	11.2624	0.0825083	7.62943
3.22556	11.3449	0	7.62943
3.22637	11.3861	0.0825083	7.62943
3.24367	11.4686	0	7.62943
3.25099	11.4686	0	7.90191
3.25263	11.5099	0.0825083	7.90191
3.25369	11.5924	0	7.90191
3.25832	11.6337	0.0825083	7.90191
3.29271	11.7162	0	7.90191
3.29402	11.7574	0.0825083	7.90191
3.29975	11.8399	0	7.90191
3.30956	11.8399	0	8.17439
3.31377	11.8399	0	8.44687
3.31513	11.8812	0.0825083	8.44687
3.38305	11.9637	0	8.44687
3.41072	11.9637	0	8.71935
3.41091	12.005	0.0825083	8.71935
3.42278	12.0875	0	8.71935
3.46578	12.0875	0	8.99183
3.46598	12.0875	0.165017	8.99183
3.46703	12.17	0.0825083	8.99183
3.53988	12.2525	0	8.99183
3.54046	12.2937	0.0825083	8.99183
3.5415	12.3762	0	8.99183
3.54391	12.4175	0.0825083	8.99183
3.61405	12.5	0	8.99183
3.63694	12.5	0	9.26431
3.63943	12.5	0.0825083	9.26431
3.68246	12.5825	0	9.26431
3.68389	12.5825	0	9.26431
3.68397	12.5825	0.165017	9.26431
3.68481	12.665	0.0825083	9.26431
3.71906	12.7475	0	9.26431
3.74945	12.7475	0	9.80926
3.75239	12.7888	0.0825083	9.80926
3.75881	12.8713	0	9.80926
3.76025	12.8713	0.0825083	9.80926
3.78841	12.9538	0	9.80926
3.78862	12.995	0.0825083	9.80926
3.81449	13.0776	0	9.80926
3.81683	13.1188	0.0825083	9.80926
3.84268	13.2013	0	9.80926
3.87344	13.2013	0	10.0817
3.87363	13.2013	0.0825083	10.0817
3.87601	13.2838	0	10.0817
3.87666	13.2838	0	10.3542
3.87717	13.3251	0.0825083	10.3542
3.89422	13.4076	0	10.3542
3.89576	13.4076	0.0825083	10.3542
3.89807	13.4076	0.0825083	10.6267
3.90251	13.4901	0	10.6267
3.90883	13.5314	0.0825083	10.6267
3.93119	13.6139	0	10.6267
3.93238	13.6139	0.165017	10.6267
3.9341	13.6964	0.0825083	10.6267
3.99101	13.7789	0	10.6267
3.99118	13.8201	0.0825083	10.6267
4.01677	13.9026	0	10.6267
4.01697	13.9439	0.0825083	10.6267
4.04945	14.0264	0	10.6267
4.05324	14.0677	0.0825083	10.6267
4.05679	14.1502	0	10.6267
4.18305	14.1502	0	10.8992
4.23754	14.1502	0	11.1717
4.23961	14.1914	0.0825083	11.1717
4.24318	14.2739	0	11.1717
4.24433	14.2739	0.0825083	11.1717
4.24885	14.3564	0	11.1717
4.25002	14.3564	0.165017	11.1717
4.25012	14.4389	0.0825083	11.1717
4.26832	14.5215	0	11.1717
4.2943	14.5215	0	11.4441
4.29669	14.5215	0.0825083	11.4441
4.29876	14.604	0	11.4441
4.29915	14.604	0.165017	11.4441
4.30339	14.6865	0.0825083	11.4441
4.36139	14.769	0	11.4441
4.3616	14.769	0.165017	11.4441
4.36222	14.8515	0.0825083	11.4441
4.37871	14.934	0	11.4441
4.43672	14.934	0	11.7166
4.44351	14.934	0	11.7166
4.44413	14.934	0.0825083	11.7166
4.44639	15.0165	0	11.7166
4.44683	15.0578	0.0825083	11.7166
4.44792	15.1403	0	11.7166
4.449	15.1403	0.165017	11.7166
4.44924	15.2228	0.0825083	11.7166
4.45153	15.3053	0	11.7166
4.53625	15.3053	0	11.9891
4.53756	15.3053	0.0825083	11.9891
4.53874	15.3878	0	11.9891
4.53893	15.3878	0.0825083	11.9891
4.60123	15.4703	0	11.9891
4.60216	15.5116	0.0825083	11.9891
4.62295	15.5941	0	11.9891
4.62409	15.5941	0.0825083	11.9891
4.65421	15.6766	0	11.9891
4.6615	15.6766	0	12.2616
4.66816	15.6766	0	12.5341
4.66856	15.7178	0.0825083	12.5341
4.7212	15.8003	0	12.5341
4.73042	15.8003	0	12.8065
4.73098	15.8416	0.0825083	12.8065
4.7852	15.9241	0	12.8065
4.78722	15.9241	0.165017	12.8065
4.79045	16.0066	0.0825083	12.8065
4.79182	16.0891	0	12.8065
4.79275	16.1304	0.0825083	12.8065
4.83221	16.2129	0	12.8065
4.89987	16.2129	0	13.079
4.92311	16.2129	0	13.3515
4.9351	16.2129	0	13.3515
4.96298	16.2129	0	13.3515
4.96429	16.2129	0.0825083	13.3515
4.96969	16.2129	0.0825083	13.624
4.98133	16.2954	0	13.624
5.01787	16.2954	0	13.8965
5.04021	16.2954	0	13.8965
5.05865	16.2954	0	13.8965
5.06109	16.3366	0.0825083	13.8965
5.06884	16.4191	0	13.8965
5.07172	16.4191	0	14.1689
5.09601	16.4191	0	14.4414
5.09825	16.4604	0.0825083	14.4414
5.10438	16.5429	0	14.4414
5.10452	16.5429	0.165017	14.4414
5.10493	16.6254	0.0825083	14.4414
5.14689	16.7079	0	14.4414
5.14722	16.7079	0.165017	14.4414
5.15039	16.7904	0.0825083	14.4414
5.16903	16.8729	0	14.4414
5.19891	16.8729	0	14.7139
5.20068	16.8729	0.165017	14.7139
5.20072	16.9554	0.0825083	14.7139
5.2068	17.038	0	14.7139
5.27447	17.038	0	14.9864
5.2753	17.0792	0.0825083	14.9864
5.27566	17.0792	0.165017	14.9864
5.27681	17.1617	0.0825083	14.9864
5.31089	17.2442	0	14.9864
5.31292	17.2855	0.0825083	14.9864
5.31577	17.368	0	14.9864
5.34565	17.368	0	15.2589
5.36743	17.368	0	15.5313
5.36771	17.4092	0.0825083	15.5313
5.36973	17.4917	0	15.5313
5.36991	17.533	0.0825083	15.5313
5.43153	17.6155	0	15.5313
5.43248	17.6568	0.0825083	15.5313
5.45236	17.7393	0	15.5313
5.45387	17.7805	0.0825083	15.5313
5.5331	17.863	0	15.5313
5.53387	17.9043	0.0825083	15.5313
5.54218	17.9868	0	15.5313
5.54369	17.9868	0.0825083	15.5313
5.55308	18.0693	0	15.5313
5.55342	18.0693	0.0825083	15.5313
5.57439	18.1518	0	15.5313
5.57568	18.1931	0.0825083	15.5313
5.63663	18.2756	0	15.5313
5.63791	18.3168	0.0825083	15.5313
5.66862	18.3993	0	15.5313
5.66917	18.3993	0.0825083	15.5313
5.67204	18.4818	0	15.5313
5.67311	18.5231	0.0825083	15.5313
5.70949	18.6056	0	15.5313
5.7105	18.6469	0.0825083	15.5313
5.71765	18.7294	0	15.5313
5.71979	18.7706	0.0825083	15.5313
5.76793	18.8531	0	15.5313
5.76812	18.8531	0.165017	15.5313
5.77054	18.9356	0.0825083	15.5313
5.79031	19.0182	0	15.5313
5.7922	19.0594	0.0825083	15.5313
5.82503	19.1419	0	15.5313
5.85619	19.1419	0	15.8038
5.85624	19.1419	0.0825083	15.8038
5.85845	19.2244	0	15.8038
5.85944	19.2244	0.0825083	15.8038
5.97307	19.3069	0	15.8038
5.97482	19.3069	0.0825083	15.8038
5.99034	19.3894	0	15.8038
5.99341	19.3894	0	16.0763
5.99429	19.4307	0.0825083	16.0763
6.02584	19.5132	0	16.0763
6.0274	19.5545	0.0825083	16.0763
6.09084	19.637	0	16.0763
6.09154	19.637	0.165017	16.0763
6.09172	19.7195	0.0825083	16.0763
6.13664	19.802	0	16.0763
6.1393	19.8432	0.0825083	16.0763
6.15855	19.9257	0	16.0763
6.22005	19.9257	0	16.3488
6.22049	19.967	0.0825083	16.3488
6.25074	20.0495	0	16.3488
6.2514	20.0908	0.0825083	16.3488
6.28966	20.1733	0	16.3488
6.2955	20.1733	0.0825083	16.3488
6.30382	20.2558	0	16.3488
6.30438	20.297	0.0825083	16.3488
6.32347	20.3795	0	16.3488
6.32413	20.4208	0.0825083	16.3488
6.38014	20.5033	0	16.3488
6.38287	20.5033	0.0825083	16.3488
6.40585	20.5858	0	16.3488
6.40912	20.6271	0.0825083	16.3488
6.45684	20.7096	0	16.3488
6.52253	20.7096	0	16.6213
6.54364	20.7096	0	16.6213
6.54504	20.7096	0.0825083	16.6213
6.56523	20.7921	0	16.6213
6.56532	20.7921	0.165017	16.6213
6.56614	20.8746	0.0825083	16.6213
6.65438	20.9571	0	16.6213
6.65476	20.9984	0.0825083	16.6213
6.71238	21.0809	0	16.6213
6.71263	21.1221	0.0825083	16.6213
6.72015	21.2046	0	16.6213
6.72155	21.2459	0.0825083	16.6213
6.73275	21.3284	0	16.6213
6.73529	21.3696	0.0825083	16.6213
6.7685	21.4521	0	16.6213
6.77502	21.4521	0	16.6213
6.79343	21.4521	0	16.8937
6.79346	21.4934	0.0825083	16.8937
6.79825	21.5759	0	16.8937
6.79888	21.5759	0.0825083	16.8937
6.83126	21.6584	0	16.8937
6.83515	21.6584	0	17.1662
6.84138	21.6997	0.0825083	17.1662
6.87415	21.7822	0	17.1662
6.87828	21.7822	0.165017	17.1662
6.87841	21.8647	0.0825083	17.1662
6.90601	21.9472	0	17.1662
6.95744	21.9472	0	17.4387
6.98416	21.9472	0	17.7112
6.98656	21.9884	0.0825083	17.7112
6.98685	21.9884	0.247525	17.7112
6.98698	22.071	0.165017	17.7112
6.98768	22.1535	0.0825083	17.7112
7.00035	22.236	0	17.7112
7.00488	22.2772	0.0825083	17.7112
7.01455	22.3597	0	17.7112
7.01752	22.3597	0.165017	17.7112
7.01761	22.4422	0.0825083	17.7112
7.03106	22.5248	0	17.7112
7.03196	22.566	0.0825083	17.7112
7.06872	22.6485	0	17.7112
7.09877	22.6485	0	17.9837
7.09898	22.6898	0.0825083	17.9837
7.13567	22.7723	0	17.9837
7.13872	22.7723	0	18.2561
7.19568	22.7723	0	18.5286
7.19589	22.7723	0.165017	18.5286
7.19612	22.8548	0.0825083	18.5286
7.20169	22.9373	0	18.5286
7.20207	22.9373	0.165017	18.5286
7.20286	23.0198	0.0825083	18.5286
7.21691	23.1023	0	18.5286
7.21735	23.1436	0.0825083	18.5286
7.24942	23.2261	0	18.5286
7.24989	23.2261	0.0825083	18.5286
7.34056	23.3086	0	18.5286
7.38351	23.3086	0	18.5286
7.38441	23.3498	0.0825083	18.5286
7.38714	23.4323	0	18.5286
7.38786	23.4323	0.0825083	18.5286
7.4035	23.5149	0	18.5286
7.40385	23.5561	0.0825083	18.5286
7.42684	23.6386	0	18.5286
7.427	23.6386	0.165017	18.5286
7.43013	23.7211	0.0825083	18.5286
7.46497	23.8036	0	18.5286
7.47238	23.8036	0	18.8011
7.5123	23.8036	0	19.0736
7.51256	23.8449	0.0825083	19.0736
7.52089	23.9274	0	19.0736
7.53415	23.9274	0	19.346
7.54772	23.9274	0	19.891
7.54877	23.9686	0.0825083	19.891
7.59108	24.0512	0	19.891
7.5911	24.0512	0.0825083	19.891
7.61277	24.1337	0	19.891
7.61297	24.1337	0.165017	19.891
7.61558	24.2162	0.0825083	19.891
7.66741	24.2987	0	19.891
7.67114	24.3399	0.0825083	19.891
7.69438	24.4224	0	19.891
7.6979	24.4637	0.0825083	19.891
7.72689	24.5462	0	19.891
7.77736	24.5462	0	20.436
7.80297	24.5462	0	20.7084
7.80396	24.5462	0.0825083	20.7084
7.82077	24.6287	0	20.7084
7.82182	24.67	0.0825083	20.7084
7.84161	24.7525	0	20.7084
7.84263	24.7525	0	20.9809
7.84578	24.7937	0.0825083	20.9809
7.88633	24.8762	0	20.9809
7.88754	24.9175	0.0825083	20.9809
7.90736	25	0	20.9809
7.98011	25	0	21.2534
7.98038	25	0.165017	21.2534
7.9816	25.0825	0.0825083	21.2534
7.99284	25.165	0	21.2534
7.99345	25.2063	0.0825083	21.2534
8.00656	25.2888	0	21.2534
8.00735	25.33	0.0825083	21.2534
8.02128	25.4125	0	21.2534
8.0216	25.4125	0.165017	21.2534
8.02219	25.4951	0.0825083	21.2534
8.0745	25.5776	0	21.2534
8.07598	25.6188	0.0825083	21.2534
8.08493	25.7013	0	21.2534
8.08573	25.7013	0.165017	21.2534
8.09358	25.7838	0.0825083	21.2534
8.11089	25.8663	0	21.2534
8.11344	25.9076	0.0825083	21.2534
8.13495	25.9901	0	21.2534
8.13529	26.0314	0.0825083	21.2534
8.14534	26.1139	0	21.2534
8.14545	26.1551	0.0825083	21.2534
8.14741	26.1964	0.165017	21.2534
8.1513	26.2789	0.0825083	21.2534
8.15877	26.3614	0	21.2534
8.15921	26.4026	0.0825083	21.2534
8.19652	26.4851	0	21.2534
8.26027	26.4851	0	21.7984
8.27391	26.4851	0	22.0708
8.27398	26.4851	0.165017	22.0708
8.27531	26.5677	0.0825083	22.0708
8.30957	26.6502	0	22.0708
8.3109	26.6502	0	22.0708
8.31306	26.6502	0.0825083	22.0708
8.33333	26.7327	0	22.0708
8.34114	26.7739	0.0825083	22.0708
8.34663	26.8564	0	22.0708
8.34794	26.8977	0.0825083	22.0708
8.35144	26.9802	0	22.0708
8.35358	27.0215	0.0825083	22.0708
8.41256	27.104	0	22.0708
8.41362	27.1452	0.0825083	22.0708
8.41736	27.2277	0	22.0708
8.49387	27.2277	0	22.3433
8.49595	27.2277	0.0825083	22.3433
8.50733	27.3102	0	22.3433
8.50816	27.3515	0.0825083	22.3433
8.50861	27.3515	0.247525	22.3433
8.50997	27.434	0.165017	22.3433
8.51195	27.5165	0.0825083	22.3433
8.51628	27.599	0	22.3433
8.51859	27.599	0.0825083	22.3433
8.52477	27.6815	0	22.3433
8.52499	27.6815	0.165017	22.3433
8.52733	27.764	0.0825083	22.3433
8.53117	27.8465	0	22.3433
8.53151	27.8465	0.165017	22.3433
8.53372	27.929	0.0825083	22.3433
8.60484	28.0116	0	22.3433
8.61112	28.0528	0.0825083	22.3433
8.61622	28.1353	0	22.3433
8.6187	28.1766	0.0825083	22.3433
8.69332	28.2591	0	22.3433
8.69444	28.3003	0.0825083	22.3433
8.7225	28.3828	0	22.3433
8.72268	28.3828	0.165017	22.3433
8.72389	28.4653	0.0825083	22.3433
8.73932	28.5479	0	22.3433
8.80354	28.5479	0	22.6158
8.82359	28.5479	0	22.8883
8.82444	28.5891	0.0825083	22.8883
8.83983	28.6716	0	22.8883
8.84004	28.6716	0.165017	22.8883
8.84495	28.7541	0.0825083	22.8883
8.86818	28.8366	0	22.8883
8.86936	28.8366	0.165017	22.8883
8.87399	28.9191	0.0825083	22.8883
8.95851	29.0016	0	22.8883
8.95895	29.0429	0.0825083	22.8883
8.96884	29.1254	0	22.8883
9.05018	29.1254	0	23.1608
9.06228	29.1254	0	23.4332
9.06294	29.1254	0	23.7057
9.06431	29.1667	0.0825083	23.7057
9.11347	29.2492	0	23.7057
9.11384	29.2904	0.0825083	23.7057
9.151	29.3729	0	23.7057
9.1518	29.4142	0.0825083	23.7057
9.23251	29.4967	0	23.7057
9.30265	29.4967	0	23.9782
9.30863	29.4967	0	23.9782
9.30888	29.538	0.0825083	23.9782
9.32048	29.6205	0	23.9782
9.32104	29.6205	0.165017	23.9782
9.3216	29.703	0.0825083	23.9782
9.32271	29.7855	0	23.9782
9.32873	29.7855	0	24.2507
9.34723	29.7855	0	24.5232
9.3476	29.7855	0	24.7956
9.35648	29.7855	0	25.0681
9.36385	29.8267	0.0825083	25.0681
9.36866	29.9092	0	25.0681
9.36964	29.9092	0.165017	25.0681
9.37062	29.9917	0.0825083	25.0681
9.42788	30.0743	0	25.0681
9.43824	30.0743	0	25.0681
9.47845	30.0743	0	25.3406
9.5207	30.0743	0	25.6131
9.5461	30.0743	0	25.8856
9.54632	30.0743	0.165017	25.8856
9.54658	30.1568	0.0825083	25.8856
9.55512	30.2393	0	25.8856
9.55554	30.2805	0.0825083	25.8856
9.6249	30.363	0	25.8856
9.62646	30.4043	0.0825083	25.8856
9.65677	30.4868	0	25.8856
9.68936	30.4868	0	26.158
9.69466	30.4868	0	26.4305
9.70221	30.4868	0	26.703
9.70636	30.5281	0.0825083	26.703
9.71734	30.6106	0	26.703
9.71796	30.6106	0.165017	26.703
9.72055	30.6931	0.0825083	26.703
9.82266	30.7756	0	26.703
9.82561	30.8168	0.0825083	26.703
9.84978	30.8993	0	26.703
9.85067	30.9406	0.0825083	26.703
9.89438	31.0231	0	26.703
9.89464	31.0644	0.0825083	26.703
9.90559	31.1469	0	26.703
9.90741	31.1469	0	26.9755
9.91019	31.1469	0.0825083	26.9755
9.95796	31.2294	0	26.9755
9.95797	31.2706	0.0825083	26.9755
10.0103	31.3531	0	26.9755
10.0139	31.3531	0.165017	26.9755
10.0153	31.4356	0.0825083	26.9755
10.1026	31.5182	0	26.9755
10.105	31.5594	0.0825083	26.9755
10.1061	31.6419	0	26.9755
10.1341	31.6419	0	27.248
10.1349	31.6832	0.0825083	27.248
10.1353	31.7244	0.165017	27.248
10.1355	31.8069	0.0825083	27.248
10.2136	31.8894	0	27.248
10.2137	31.8894	0.165017	27.248
10.2139	31.9719	0.0825083	27.248
10.2419	32.0545	0	27.248
10.2933	32.0545	0	27.5204
10.2952	32.0545	0.165017	27.5204
10.2966	32.137	0.0825083	27.5204
10.3512	32.2195	0	27.5204
10.3531	32.2607	0.0825083	27.5204
10.4455	32.3432	0	27.5204
10.4497	32.3845	0.0825083	27.5204
10.4972	32.467	0	27.5204
10.4973	32.467	0.165017	27.5204
10.4981	32.5495	0.0825083	27.5204
10.5137	32.632	0	27.5204
10.5682	32.632	0	27.7929
10.5693	32.6733	0.0825083	27.7929
10.5977	32.7558	0	27.7929
10.5979	32.797	0.0825083	27.7929
10.6173	32.8795	0	27.7929
10.6221	32.8795	0	28.0654
10.6262	32.9208	0.0825083	28.0654
10.6333	33.0033	0	28.0654
10.6513	33.0033	0	28.0654
10.6576	33.0033	0.0825083	28.0654
10.6718	33.0858	0	28.0654
10.6731	33.0858	0.165017	28.0654
10.6736	33.1683	0.0825083	28.0654
10.6996	33.2508	0	28.0654
10.6998	33.2921	0.0825083	28.0654
10.75	33.3746	0	28.0654
10.752	33.3746	0	28.3379
10.753	33.3746	0.165017	28.3379
10.7532	33.4571	0.0825083	28.3379
10.8321	33.5396	0	28.3379
10.8328	33.5809	0.0825083	28.3379
10.9613	33.6634	0	28.3379
11.0637	33.6634	0	28.6104
11.0648	33.7046	0.0825083	28.6104
11.0905	33.7871	0	28.6104
11.0925	33.7871	0.165017	28.6104
11.0947	33.8696	0.0825083	28.6104
11.1046	33.9521	0	28.6104
11.1047	33.9521	0.165017	28.6104
11.1061	34.0347	0.0825083	28.6104
11.113	34.1172	0	28.6104
11.1136	34.1584	0.0825083	28.6104
11.1241	34.2409	0	28.6104
11.1258	34.2822	0.0825083	28.6104
11.1533	34.3647	0	28.6104
11.1965	34.3647	0	28.8828
11.1985	34.4059	0.0825083	28.8828
11.2582	34.4884	0	28.8828
11.2599	34.5297	0.0825083	28.8828
11.2908	34.6122	0	28.8828
11.2915	34.6535	0.0825083	28.8828
11.3044	34.736	0	28.8828
11.3074	34.736	0.165017	28.8828
11.3076	34.8185	0.0825083	28.8828
11.3252	34.901	0	28.8828
11.3256	34.901	0.0825083	28.8828
11.3311	34.9835	0	28.8828
11.3324	34.9835	0.165017	28.8828
11.3328	35.066	0.0825083	28.8828
11.4009	35.1485	0	28.8828
11.4041	35.1898	0.0825083	28.8828
11.4052	35.231	0.165017	28.8828
11.4061	35.3135	0.0825083	28.8828
11.4208	35.396	0	28.8828
11.4216	35.396	0.165017	28.8828
11.422	35.4785	0.0825083	28.8828
11.4263	35.5611	0	28.8828
11.431	35.5611	0.0825083	28.8828
11.4885	35.6436	0	28.8828
11.4893	35.6848	0.0825083	28.8828
11.5032	35.7673	0	28.8828
11.5034	35.8086	0.0825083	28.8828
11.5521	35.8911	0	28.8828
11.5535	35.9323	0.0825083	28.8828
11.7625	36.0149	0	28.8828
11.7643	36.0149	0	28.8828
11.7656	36.0149	0.165017	28.8828
11.7661	36.0974	0.0825083	28.8828
11.8413	36.1799	0	28.8828
11.8447	36.2211	0.0825083	28.8828
11.8476	36.3036	0	28.8828
11.9172	36.3036	0	29.1553
11.9221	36.3036	0.0825083	29.1553
11.9454	36.3861	0	29.1553
11.9466	36.3861	0.165017	29.1553
11.9503	36.4686	0.0825083	29.1553
11.9585	36.5512	0	29.1553
11.9614	36.5924	0.0825083	29.1553
12.0487	36.6749	0	29.1553
12.0554	36.6749	0	29.4278
12.0557	36.7162	0.0825083	29.4278
12.0716	36.7987	0	29.4278
12.0753	36.8399	0.0825083	29.4278
12.0949	36.9224	0	29.4278
12.0997	36.9224	0	29.7003
12.1001	36.9637	0.0825083	29.7003
12.1242	37.0462	0	29.7003
12.1251	37.0462	0.165017	29.7003
12.1254	37.1287	0.0825083	29.7003
12.2317	37.2112	0	29.7003
12.268	37.2112	0	29.9728
12.3203	37.2112	0	30.2452
12.3343	37.2112	0	30.5177
12.354	37.2112	0	30.7902
12.3563	37.2525	0.0825083	30.7902
12.3709	37.335	0	30.7902
12.3716	37.335	0.0825083	30.7902
12.3988	37.4175	0	30.7902
12.4009	37.4587	0.0825083	30.7902
12.4842	37.5413	0	30.7902
12.4872	37.5413	0.0825083	30.7902
12.4988	37.6238	0	30.7902
12.5001	37.665	0.0825083	30.7902
12.507	37.7475	0	30.7902
12.5395	37.7475	0	31.0627
12.54	37.7475	0.165017	31.0627
12.5428	37.83	0.0825083	31.0627
12.5602	37.9125	0	31.0627
12.5749	37.9125	0	31.3351
12.596	37.9125	0	31.6076
12.5972	37.9538	0.0825083	31.6076
12.656	38.0363	0	31.6076
12.657	38.0363	0.165017	31.6076
12.6581	38.1188	0.0825083	31.6076
12.7954	38.2013	0	31.6076
12.7997	38.2426	0.0825083	31.6076
12.8264	38.3251	0	31.6076
12.8265	38.3251	0.165017	31.6076
12.8268	38.4076	0.0825083	31.6076
12.8335	38.4901	0	31.6076
12.8546	38.4901	0	31.8801
12.8655	38.4901	0	32.1526
12.9484	38.4901	0	32.4251
12.9507	38.5314	0.0825083	32.4251
12.9604	38.6139	0	32.4251
12.9606	38.6139	0.165017	32.4251
12.963	38.6964	0.0825083	32.4251
12.9725	38.7789	0	32.4251
13.005	38.7789	0	32.6975
13.0284	38.7789	0	32.97
13.0521	38.7789	0	33.2425
13.0564	38.7789	0.0825083	33.2425
13.1588	38.8614	0	33.2425
13.1589	38.8614	0	33.515
13.1713	38.8614	0	33.7875
13.1718	38.9026	0.0825083	33.7875
13.2629	38.9851	0	33.7875
13.2643	39.0264	0.0825083	33.7875
13.2758	39.1089	0	33.7875
13.2771	39.1502	0.0825083	33.7875
13.2954	39.2327	0	33.7875
13.2977	39.2739	0.0825083	33.7875
13.3017	39.3564	0	33.7875
13.3587	39.3564	0	34.0599
13.4161	39.3564	0	34.3324
13.4167	39.3977	0.0825083	34.3324
13.4258	39.4802	0	34.3324
13.4262	39.5215	0.0825083	34.3324
13.4264	39.604	0	34.3324
13.4271	39.604	0	34.6049
13.4273	39.604	0.165017	34.6049
13.43	39.6865	0.0825083	34.6049
13.4918	39.769	0	34.6049
13.4922	39.769	0	34.8774
13.4931	39.769	0	35.1499
13.4952	39.769	0.165017	35.1499
13.4956	39.8515	0.0825083	35.1499
13.5094	39.934	0	35.1499
13.5097	39.934	0.165017	35.1499
13.5099	40.0165	0.0825083	35.1499
13.5171	40.099	0	35.1499
13.5445	40.099	0	35.6948
13.6178	40.099	0	35.9673
13.6183	40.1403	0.0825083	35.9673
13.6342	40.2228	0	35.9673
13.6396	40.2228	0	36.2398
13.6572	40.2228	0	36.5123
13.6575	40.264	0.0825083	36.5123
13.6822	40.3465	0	36.5123
13.6834	40.3878	0.0825083	36.5123
13.6838	40.3878	0.247525	36.5123
13.6845	40.4703	0.165017	36.5123
13.6861	40.5528	0.0825083	36.5123
13.7147	40.6353	0	36.5123
13.7152	40.6766	0.0825083	36.5123
13.745	40.7591	0	36.5123
13.7561	40.7591	0	36.5123
13.7633	40.7591	0.0825083	36.5123
13.7951	40.8416	0	36.5123
13.7988	40.8416	0.0825083	36.5123
13.8306	40.9241	0	36.5123
13.8314	40.9653	0.0825083	36.5123
13.8314	41.0479	0	36.5123
13.8339	41.0479	0.0825083	36.5123
13.9384	41.1304	0	36.5123
13.9397	41.1716	0.0825083	36.5123
13.9667	41.2541	0	36.5123
13.9685	41.2541	0.0825083	36.5123
13.985	41.3366	0	36.5123
13.9854	41.3779	0.0825083	36.5123
14.0136	41.4604	0	36.5123
14.0302	41.4604	0	36.7847
14.0307	41.4604	0.165017	36.7847
14.0314	41.5429	0.0825083	36.7847
14.0451	41.6254	0	36.7847
14.0552	41.6254	0	36.7847
14.0561	41.6254	0.165017	36.7847
14.0567	41.7079	0.0825083	36.7847
14.1094	41.7904	0	36.7847
14.1151	41.8317	0.0825083	36.7847
14.1531	41.9142	0	36.7847
14.1536	41.9142	0.165017	36.7847
14.1544	41.9967	0.0825083	36.7847
14.3055	42.0792	0	36.7847
14.3057	42.0792	0.165017	36.7847
14.3064	42.1617	0.0825083	36.7847
14.3645	42.2442	0	36.7847
14.4072	42.2442	0	37.0572
14.4099	42.2855	0.0825083	37.0572
14.4574	42.368	0	37.0572
14.4664	42.368	0	37.3297
14.5188	42.368	0	37.6022
14.5298	42.368	0	37.8747
14.538	42.368	0	37.8747
14.541	42.368	0.0825083	37.8747
14.5611	42.4505	0	37.8747
14.5625	42.4917	0.0825083	37.8747
14.5951	42.5743	0	37.8747
14.5951	42.5743	0.0825083	37.8747
14.6007	42.6568	0	37.8747
14.6028	42.6568	0.0825083	37.8747
14.6157	42.7393	0	37.8747
14.6163	42.7805	0.0825083	37.8747
14.6362	42.863	0	37.8747
14.6376	42.9043	0.0825083	37.8747
14.6969	42.9868	0	37.8747
14.7425	42.9868	0	38.1471
14.7444	43.0281	0.0825083	38.1471
14.7625	43.1106	0	38.1471
14.7631	43.1106	0.165017	38.1471
14.7641	43.1931	0.0825083	38.1471
14.7717	43.2756	0	38.1471
14.7739	43.3168	0.0825083	38.1471
14.8554	43.3993	0	38.1471
14.8645	43.3993	0	38.4196
14.9341	43.3993	0	38.4196
14.9376	43.4406	0.0825083	38.4196
14.9562	43.5231	0	38.4196
14.9576	43.5231	0.165017	38.4196
14.9586	43.6056	0.0825083	38.4196
14.9693	43.6881	0	38.4196
14.9704	43.7294	0.0825083	38.4196
15.0041	43.8119	0	38.4196
15.006	43.8531	0.0825083	38.4196
15.0551	43.9356	0	38.4196
15.1278	43.9356	0	38.6921
15.3039	43.9356	0	38.9646
15.3765	43.9356	0	39.2371
15.3768	43.9769	0.0825083	39.2371
15.3879	44.0594	0	39.2371
15.388	44.0594	0.0825083	39.2371
15.3951	44.1419	0	39.2371
15.3969	44.1832	0.0825083	39.2371
15.4298	44.2657	0	39.2371
15.4305	44.2657	0.165017	39.2371
15.4311	44.3482	0.0825083	39.2371
15.4738	44.4307	0	39.2371
15.4744	44.4719	0.0825083	39.2371
15.5398	44.5545	0	39.2371
15.5399	44.5957	0.0825083	39.2371
15.5559	44.6782	0	39.2371
15.5588	44.7195	0.0825083	39.2371
15.5712	44.802	0	39.2371
15.5735	44.8432	0.0825083	39.2371
15.5854	44.9257	0	39.2371
15.5883	44.9257	0.0825083	39.2371
15.6103	45.0083	0	39.2371
15.6104	45.0083	0.0825083	39.2371
15.6262	45.0908	0	39.2371
15.6269	45.0908	0.165017	39.2371
15.6305	45.1733	0.0825083	39.2371
15.6396	45.2558	0	39.2371
15.6508	45.2558	0	39.5095
15.6749	45.2558	0	39.782
15.6752	45.2558	0.165017	39.782
15.6785	45.3383	0.0825083	39.782
15.6836	45.4208	0	39.782
15.7552	45.4208	0	40.0545
15.7552	45.462	0.0825083	40.0545
15.787	45.5446	0	40.0545
15.7882	45.5858	0.0825083	40.0545
15.8218	45.6683	0	40.0545
15.8226	45.6683	0.165017	40.0545
15.8251	45.7508	0.0825083	40.0545
15.842	45.8333	0	40.0545
15.987	45.8333	0	40.0545
15.9874	45.8746	0.0825083	40.0545
16.0236	45.9571	0	40.0545
16.0395	45.9571	0	40.327
16.0626	45.9571	0	40.5995
16.0923	45.9571	0	40.8719
16.0924	45.9571	0.0825083	40.8719
16.1265	46.0396	0	40.8719
16.1312	46.0809	0.0825083	40.8719
16.165	46.1634	0	40.8719
16.1677	46.1634	0.165017	40.8719
16.1702	46.2459	0.0825083	40.8719
16.1746	46.3284	0	40.8719
16.1757	46.3284	0.165017	40.8719
16.1766	46.4109	0.0825083	40.8719
16.1949	46.4934	0	40.8719
16.195	46.5347	0.0825083	40.8719
16.2254	46.6172	0	40.8719
16.226	46.6172	0.0825083	40.8719
16.3219	46.6997	0	40.8719
16.3223	46.6997	0.165017	40.8719
16.3251	46.7822	0.0825083	40.8719
16.3276	46.8647	0	40.8719
16.3284	46.9059	0.0825083	40.8719
16.3828	46.9884	0	40.8719
16.4497	46.9884	0	41.1444
16.4512	47.0297	0.0825083	41.1444
16.5198	47.1122	0	41.1444
16.5205	47.1122	0	41.4169
16.528	47.1122	0	41.6894
16.5287	47.1122	0.165017	41.6894
16.5311	47.1947	0.0825083	41.6894
16.5435	47.2772	0	41.6894
16.5779	47.2772	0	41.9619
16.5799	47.3185	0.0825083	41.9619
16.5925	47.401	0	41.9619
16.5946	47.401	0.0825083	41.9619
16.6589	47.4835	0	41.9619
16.66	47.4835	0.0825083	41.9619
16.668	47.566	0	41.9619
16.6682	47.566	0.165017	41.9619
16.669	47.6485	0.0825083	41.9619
16.6736	47.731	0	41.9619
16.6745	47.7723	0.0825083	41.9619
16.7042	47.8548	0	41.9619
16.7064	47.896	0.0825083	41.9619
16.71	47.9785	0	41.9619
16.7102	47.9785	0.0825083	41.9619
16.7525	48.0611	0	41.9619
16.7527	48.1023	0.0825083	41.9619
16.7553	48.1436	0.165017	41.9619
16.7554	48.2261	0.0825083	41.9619
16.7673	48.3086	0	41.9619
16.7679	48.3086	0.165017	41.9619
16.769	48.3911	0.0825083	41.9619
16.7859	48.4736	0	41.9619
16.7884	48.4736	0.0825083	41.9619
16.791	48.5561	0	41.9619
16.7924	48.5974	0.0825083	41.9619
16.8542	48.6799	0	41.9619
16.8556	48.6799	0.0825083	41.9619
16.8655	48.7624	0	41.9619
16.9265	48.7624	0	42.2343
16.9562	48.7624	0	42.5068
16.958	48.7624	0.165017	42.5068
16.958	48.8449	0.0825083	42.5068
16.961	48.9274	0	42.5068
16.9612	48.9274	0.0825083	42.5068
17.035	49.0099	0	42.5068
17.0544	49.0099	0	42.7793
17.0546	49.0099	0.165017	42.7793
17.0571	49.0924	0.0825083	42.7793
17.1301	49.1749	0	42.7793
17.1312	49.2162	0.0825083	42.7793
17.2086	49.2987	0	42.7793
17.2094	49.3399	0.0825083	42.7793
17.2237	49.4224	0	42.7793
17.2241	49.4637	0.0825083	42.7793
17.2406	49.5462	0	42.7793
17.262	49.5462	0	43.0518
17.262	49.5875	0.0825083	43.0518
17.304	49.67	0	43.0518
17.3975	49.67	0	43.3242
17.3978	49.7112	0.0825083	43.3242
17.4274	49.7937	0	43.3242
17.4315	49.7937	0	43.5967
17.4324	49.835	0.0825083	43.5967
17.4881	49.9175	0	43.5967
17.4918	49.9175	0	43.8692
17.5904	49.9175	0	44.1417
17.5909	49.9175	0.165017	44.1417
17.5915	50	0.0825083	44.1417
17.6554	50.0825	0	44.1417
17.6569	50.1238	0.0825083	44.1417
17.6647	50.2063	0	44.1417
17.6949	50.2063	0	44.1417
17.6956	50.2475	0.0825083	44.1417
17.7639	50.33	0	44.1417
17.7643	50.3713	0.0825083	44.1417
17.8325	50.4538	0	44.1417
17.8354	50.495	0.0825083	44.1417
17.8507	50.5776	0	44.1417
17.8509	50.5776	0.165017	44.1417
17.8536	50.6601	0.0825083	44.1417
17.863	50.7426	0	44.1417
17.8638	50.7838	0.0825083	44.1417
17.8781	50.8663	0	44.1417
17.8817	50.9076	0.0825083	44.1417
17.9009	50.9901	0	44.1417
17.9022	51.0314	0.0825083	44.1417
17.9373	51.1139	0	44.1417
17.9384	51.1551	0.0825083	44.1417
17.9668	51.2376	0	44.1417
17.9672	51.2376	0.0825083	44.1417
18.0011	51.3201	0	44.1417
18.002	51.3614	0.0825083	44.1417
18.0055	51.4439	0	44.1417
18.0179	51.4439	0	44.4142
18.0197	51.4851	0.0825083	44.4142
18.0787	51.5677	0	44.4142
18.0804	51.5677	0.165017	44.4142
18.0804	51.6502	0.0825083	44.4142
18.2159	51.7327	0	44.4142
18.2203	51.7739	0.0825083	44.4142
18.2326	51.8564	0	44.4142
18.2332	51.8977	0.0825083	44.4142
18.27	51.9802	0	44.4142
18.2789	51.9802	0	44.6866
18.2809	51.9802	0.0825083	44.6866
18.29	52.0627	0	44.6866
18.3024	52.0627	0	44.9591
18.3049	52.104	0.0825083	44.9591
18.4121	52.1865	0	44.9591
18.4123	52.2277	0.0825083	44.9591
18.4402	52.3102	0	44.9591
18.476	52.3102	0	45.2316
18.4779	52.3102	0.0825083	45.2316
18.5249	52.3927	0	45.2316
18.6167	52.3927	0	45.5041
18.625	52.3927	0	45.7766
18.626	52.434	0.0825083	45.7766
18.6479	52.5165	0	45.7766
18.6486	52.5578	0.0825083	45.7766
18.8352	52.6403	0	45.7766
18.8847	52.6403	0	46.049
18.8853	52.6815	0.0825083	46.049
18.8918	52.764	0	46.049
18.8919	52.8053	0.0825083	46.049
18.9729	52.8878	0	46.049
18.9908	52.8878	0	46.3215
19.0309	52.8878	0	46.594
19.0318	52.8878	0.0825083	46.594
19.0397	52.9703	0	46.594
19.0404	52.9703	0.165017	46.594
19.0447	53.0528	0.0825083	46.594
19.0561	53.1353	0	46.594
19.0565	53.1766	0.0825083	46.594
19.057	53.1766	0.247525	46.594
19.0572	53.2591	0.165017	46.594
19.059	53.3416	0.0825083	46.594
19.0748	53.4241	0	46.594
19.2028	53.4241	0	47.139
19.2039	53.4653	0.0825083	47.139
19.206	53.5066	0.165017	47.139
19.2062	53.5891	0.0825083	47.139
19.2705	53.6716	0	47.139
19.2725	53.7129	0.0825083	47.139
19.3786	53.7954	0	47.139
19.427	53.7954	0	47.4114
19.4276	53.7954	0.165017	47.4114
19.4277	53.8779	0.0825083	47.4114
19.4296	53.9604	0	47.4114
19.4987	53.9604	0	47.6839
19.5222	53.9604	0	47.9564
19.5224	54.0017	0.0825083	47.9564
19.5227	54.0017	0.165017	47.9564
19.5272	54.0842	0.0825083	47.9564
19.6114	54.1667	0	47.9564
19.6444	54.1667	0	48.2289
19.7085	54.1667	0	48.5014
19.7097	54.2079	0.0825083	48.5014
19.7588	54.2904	0	48.5014
19.7685	54.2904	0	48.7738
19.7719	54.2904	0.0825083	48.7738
19.7968	54.3729	0	48.7738
19.8016	54.4142	0.0825083	48.7738
19.8127	54.4967	0	48.7738
19.8135	54.4967	0.165017	48.7738
19.815	54.5792	0.0825083	48.7738
19.8224	54.6617	0	48.7738
19.9445	54.6617	0	49.0463
19.9456	54.703	0.0825083	49.0463
20.0091	54.7855	0	49.0463
20.0731	54.7855	0	49.3188
20.0981	54.7855	0	49.5913
20.0984	54.8267	0.0825083	49.5913
20.1373	54.9092	0	49.5913
20.1663	54.9092	0	49.8638
20.1665	54.9505	0.0825083	49.8638
20.2566	55.033	0	49.8638
20.2577	55.0743	0.0825083	49.8638
20.3004	55.1568	0	49.8638
20.3017	55.198	0.0825083	49.8638
20.3153	55.2805	0	49.8638
20.3817	55.2805	0	50.1362
20.3836	55.3218	0.0825083	50.1362
20.4542	55.4043	0	50.1362
20.4815	55.4043	0	50.1362
20.4826	55.4455	0.0825083	50.1362
20.5662	55.5281	0	50.1362
20.6201	55.5281	0	50.4087
20.6208	55.5281	0.165017	50.4087
20.6219	55.6106	0.0825083	50.4087
20.6694	55.6931	0	50.4087
20.6702	55.6931	0.165017	50.4087
20.6703	55.7756	0.0825083	50.4087
20.6733	55.7756	0.0825083	50.6812
20.6793	55.8581	0	50.6812
20.6804	55.8993	0.0825083	50.6812
20.6893	55.9818	0	50.6812
20.6893	56.0231	0.0825083	50.6812
20.7624	56.1056	0	50.6812
20.7648	56.1469	0.0825083	50.6812
20.7847	56.2294	0	50.6812
20.8025	56.2294	0	50.9537
20.8216	56.2294	0	51.2262
20.9242	56.2294	0	51.4986
20.9298	56.2706	0.0825083	51.4986
20.9843	56.3531	0	51.4986
20.9844	56.3531	0.165017	51.4986
20.9868	56.4356	0.0825083	51.4986
21.0642	56.5182	0	51.4986
21.0646	56.5182	0.0825083	51.4986
21.0654	56.6007	0	51.4986
21.066	56.6007	0.165017	51.4986
21.0675	56.6832	0.0825083	51.4986
21.0729	56.7657	0	51.4986
21.1998	56.7657	0	51.7711
21.2367	56.7657	0	52.0436
21.2379	56.7657	0.165017	52.0436
21.2383	56.8482	0.0825083	52.0436
21.3619	56.9307	0	52.0436
21.3621	56.9307	0.0825083	52.0436
21.4783	57.0132	0	52.0436
21.4785	57.0545	0.0825083	52.0436
21.5218	57.137	0	52.0436
21.5695	57.137	0	52.3161
21.6096	57.137	0	52.5886
21.6105	57.1782	0.0825083	52.5886
21.7301	57.2607	0	52.5886
21.732	57.302	0.0825083	52.5886
21.7393	57.3845	0	52.5886
21.7398	57.3845	0.165017	52.5886
21.7398	57.467	0.0825083	52.5886
21.8183	57.5495	0	52.5886
21.8188	57.5908	0.0825083	52.5886
21.831	57.6733	0	52.5886
21.8317	57.7145	0.0825083	52.5886
21.8719	57.797	0	52.5886
21.8732	57.797	0.0825083	52.5886
22.0079	57.8795	0	52.5886
22.0212	57.8795	0	52.861
22.0492	57.8795	0	53.1335
22.0504	57.9208	0.0825083	53.1335
22.0505	57.962	0.165017	53.1335
22.0532	58.0446	0.0825083	53.1335
22.0918	58.1271	0	53.1335
22.0944	58.1271	0.0825083	53.1335
22.0954	58.2096	0	53.1335
22.096	58.2508	0.0825083	53.1335
22.1119	58.3333	0	53.1335
22.2583	58.3333	0	53.406
22.2592	58.3746	0.0825083	53.406
22.3161	58.4571	0	53.406
22.3189	58.4983	0.0825083	53.406
22.4631	58.5809	0	53.406
22.4634	58.6221	0.0825083	53.406
22.4871	58.7046	0	53.406
22.5484	58.7046	0	53.6785
22.5513	58.7459	0.0825083	53.6785
22.6544	58.8284	0	53.6785
22.7677	58.8284	0	54.2234
22.7682	58.8284	0.0825083	54.2234
22.775	58.9109	0	54.2234
22.7997	58.9109	0	54.7684
22.8201	58.9109	0	54.7684
22.8208	58.9521	0.0825083	54.7684
22.8985	59.0347	0	54.7684
22.9003	59.0347	0.0825083	54.7684
23.0805	59.1172	0	54.7684
23.1127	59.1172	0	55.3134
23.1143	59.1584	0.0825083	55.3134
23.1569	59.2409	0	55.3134
23.1584	59.2822	0.0825083	55.3134
23.259	59.3647	0	55.3134
23.2591	59.4059	0.0825083	55.3134
23.2995	59.4884	0	55.3134
23.2999	59.5297	0.0825083	55.3134
23.3024	59.6122	0	55.3134
23.3076	59.6122	0	55.5858
23.3117	59.6535	0.0825083	55.5858
23.318	59.736	0	55.5858
23.3224	59.736	0	55.8583
23.3247	59.7772	0.0825083	55.8583
23.3322	59.8597	0	55.8583
23.3334	59.901	0.0825083	55.8583
23.3426	59.9835	0	55.8583
23.5366	59.9835	0	56.1308
23.5903	59.9835	0	56.4033
23.6583	59.9835	0	56.6758
23.6666	60.0248	0.0825083	56.6758
23.7035	60.1073	0	56.6758
23.7035	60.1485	0.0825083	56.6758
23.7077	60.231	0	56.6758
23.7322	60.231	0	56.9482
23.7323	60.2723	0.0825083	56.9482
23.7706	60.3548	0	56.9482
23.771	60.3548	0.0825083	56.9482
23.7773	60.4373	0	56.9482
23.8452	60.4373	0	57.2207
23.8923	60.4373	0	57.4932
23.8931	60.4785	0.0825083	57.4932
23.9029	60.5611	0	57.4932
23.9203	60.5611	0	57.7657
24.0097	60.5611	0	58.3106
24.0099	60.5611	0.165017	58.3106
24.0103	60.6436	0.0825083	58.3106
24.2254	60.7261	0	58.3106
24.2564	60.7261	0	58.5831
24.2612	60.7673	0.0825083	58.5831
24.364	60.8498	0	58.5831
24.3649	60.8498	0.165017	58.5831
24.3698	60.9323	0.0825083	58.5831
24.3873	61.0149	0	58.5831
24.3896	61.0561	0.0825083	58.5831
24.4017	61.1386	0	58.5831
24.4023	61.1799	0.0825083	58.5831
24.4503	61.2624	0	58.5831
24.4774	61.2624	0	58.8556
24.4785	61.3036	0.0825083	58.8556
24.5277	61.3861	0	58.8556
24.5283	61.4274	0.0825083	58.8556
24.7359	61.5099	0	58.8556
24.7423	61.5099	0	59.1281
24.762	61.5099	0	59.4005
24.7908	61.5099	0	59.673
24.791	61.5099	0.165017	59.673
24.7912	61.5924	0.0825083	59.673
24.8	61.6749	0	59.673
24.8001	61.7162	0.0825083	59.673
25.1965	61.7987	0	59.673
25.1991	61.8399	0.0825083	59.673
25.2043	61.9224	0	59.673
25.2064	61.9637	0.0825083	59.673
25.2734	62.0462	0	59.673
25.2971	62.0462	0	59.9455
25.303	62.0462	0	60.4905
25.3041	62.0462	0.0825083	60.4905
25.3098	62.1287	0	60.4905
25.3099	62.17	0.0825083	60.4905
25.3547	62.2525	0	60.4905
25.3566	62.2525	0.0825083	60.4905
25.3629	62.335	0	60.4905
25.3643	62.3762	0.0825083	60.4905
25.3904	62.4587	0	60.4905
25.3911	62.5	0.0825083	60.4905
25.5445	62.5825	0	60.4905
25.5909	62.5825	0	60.7629
25.5917	62.5825	0.165017	60.7629
25.5918	62.665	0.0825083	60.7629
25.7486	62.7475	0	60.7629
25.7517	62.7888	0.0825083	60.7629
25.7972	62.8713	0	60.7629
25.799	62.9125	0.0825083	60.7629
25.8905	62.995	0	60.7629
25.8941	63.0363	0.0825083	60.7629
25.9701	63.1188	0	60.7629
26.0775	63.1188	0	61.0354
26.0804	63.1601	0.0825083	61.0354
26.2546	63.2426	0	61.0354
26.2649	63.2426	0	61.3079
26.2657	63.2426	0.0825083	61.3079
26.3413	63.3251	0	61.3079
26.3462	63.3663	0.0825083	61.3079
26.4675	63.4488	0	61.3079
26.4676	63.4901	0.0825083	61.3079
26.4785	63.5726	0	61.3079
26.4795	63.5726	0.0825083	61.3079
26.62	63.6551	0	61.3079
26.6219	63.6964	0.0825083	61.3079
26.6396	63.7789	0	61.3079
26.6419	63.8201	0.0825083	61.3079
26.6462	63.9026	0	61.3079
26.65	63.9439	0.0825083	61.3079
26.6765	64.0264	0	61.3079
26.6801	64.0264	0.0825083	61.3079
26.7199	64.1089	0	61.3079
26.7216	64.1502	0.0825083	61.3079
26.7337	64.2327	0	61.3079
26.7385	64.2739	0.0825083	61.3079
26.7491	64.3564	0	61.3079
26.7509	64.3977	0.0825083	61.3079
26.7967	64.4802	0	61.3079
26.7967	64.5215	0.0825083	61.3079
26.8853	64.604	0	61.3079
26.8871	64.6452	0.0825083	61.3079
26.9211	64.7277	0	61.3079
26.9212	64.769	0.0825083	61.3079
26.9224	64.8102	0.165017	61.3079
26.9233	64.8927	0.0825083	61.3079
26.9534	64.9753	0	61.3079
26.9597	64.9753	0.0825083	61.3079
26.9823	65.0578	0	61.3079
27.0274	65.0578	0	61.5804
27.0316	65.0578	0	61.8529
27.0326	65.0578	0.0825083	61.8529
27.0361	65.1403	0	61.8529
27.0366	65.1815	0.0825083	61.8529
27.0624	65.264	0	61.8529
27.0626	65.264	0.165017	61.8529
27.0631	65.3465	0.0825083	61.8529
27.0638	65.3878	0.165017	61.8529
27.0641	65.4703	0.0825083	61.8529
27.1146	65.5528	0	61.8529
27.2503	65.5528	0	62.1253
27.2566	65.5528	0	62.3978
27.2566	65.5941	0.0825083	62.3978
27.2613	65.6766	0	62.3978
27.2625	65.6766	0.0825083	62.3978
27.3171	65.7591	0	62.3978
27.3188	65.8003	0.0825083	62.3978
27.4903	65.8828	0	62.3978
27.4936	65.9241	0.0825083	62.3978
27.5233	66.0066	0	62.3978
27.5279	66.0479	0.0825083	62.3978
27.6162	66.1304	0	62.3978
27.6327	66.1304	0	62.6703
27.6335	66.1304	0	63.2153
27.6344	66.1304	0.165017	63.2153
27.6416	66.2129	0.0825083	63.2153
27.7672	66.2954	0	63.2153
27.8957	66.2954	0	63.4877
27.9015	66.2954	0.0825083	63.4877
27.9565	66.3779	0	63.4877
27.9574	66.4191	0.0825083	63.4877
27.9803	66.5016	0	63.4877
27.9805	66.5429	0.0825083	63.4877
28.0458	66.6254	0	63.4877
28.046	66.6667	0.0825083	63.4877
28.136	66.7492	0	63.4877
28.1369	66.7492	0.165017	63.4877
28.138	66.8317	0.0825083	63.4877
28.1605	66.9142	0	63.4877
28.1631	66.9554	0.0825083	63.4877
28.1842	67.038	0	63.4877
28.1843	67.038	0.165017	63.4877
28.1851	67.1205	0.0825083	63.4877
28.3184	67.203	0	63.4877
28.427	67.203	0	64.0327
28.428	67.203	0.0825083	64.0327
28.4403	67.2855	0	64.0327
28.4769	67.2855	0	64.3052
28.5205	67.2855	0	64.5777
28.5221	67.2855	0.0825083	64.5777
28.5728	67.368	0	64.5777
28.5739	67.4092	0.0825083	64.5777
28.6345	67.4918	0	64.5777
28.6361	67.533	0.0825083	64.5777
28.6644	67.6155	0	64.5777
28.6821	67.6155	0	64.8501
28.6837	67.6568	0.0825083	64.8501
28.696	67.7393	0	64.8501
28.6989	67.7393	0.0825083	64.8501
28.7028	67.8218	0	64.8501
28.7038	67.863	0.0825083	64.8501
28.7626	67.9455	0	64.8501
28.7632	67.9868	0.0825083	64.8501
28.7678	68.0693	0	64.8501
28.774	68.0693	0.0825083	64.8501
28.8375	68.1518	0	64.8501
28.8378	68.1931	0.0825083	64.8501
28.8611	68.2756	0	64.8501
28.8906	68.2756	0	65.3951
28.8909	68.2756	0.165017	65.3951
28.891	68.3581	0.0825083	65.3951
28.9332	68.4406	0	65.3951
28.9333	68.4406	0.165017	65.3951
28.9343	68.5231	0.0825083	65.3951
28.9553	68.6056	0	65.3951
28.9572	68.6469	0.0825083	65.3951
29.0949	68.7294	0	65.3951
29.0952	68.7294	0.165017	65.3951
29.0978	68.8119	0.0825083	65.3951
29.1166	68.8944	0	65.3951
29.1168	68.9356	0.0825083	65.3951
29.1902	69.0182	0	65.3951
29.193	69.0594	0.0825083	65.3951
29.2993	69.1419	0	65.3951
29.3022	69.1832	0.0825083	65.3951
29.4808	69.2657	0	65.3951
29.5205	69.2657	0	65.9401
29.5218	69.3069	0.0825083	65.9401
29.5502	69.3894	0	65.9401
29.5513	69.3894	0.165017	65.9401
29.5546	69.4719	0.0825083	65.9401
29.5736	69.5545	0	65.9401
29.5785	69.5957	0.0825083	65.9401
29.7495	69.6782	0	65.9401
29.7503	69.7195	0.0825083	65.9401
29.7599	69.802	0	65.9401
29.7603	69.802	0.165017	65.9401
29.7614	69.8845	0.0825083	65.9401
29.8179	69.967	0	65.9401
29.8191	70.0082	0.0825083	65.9401
29.979	70.0908	0	65.9401
29.9802	70.132	0.0825083	65.9401
30.0585	70.2145	0	65.9401
30.0591	70.2558	0.0825083	65.9401
30.1719	70.3383	0	65.9401
30.1731	70.3795	0.0825083	65.9401
30.3701	70.462	0	65.9401
30.3712	70.5033	0.0825083	65.9401
30.4394	70.5858	0	65.9401
30.5552	70.5858	0	66.2125
30.5565	70.6271	0.0825083	66.2125
30.7004	70.7096	0	66.2125
30.7006	70.7096	0.165017	66.2125
30.7046	70.7921	0.0825083	66.2125
30.828	70.8746	0	66.2125
30.8382	70.8746	0	66.485
31.0761	70.8746	0	67.03
31.0763	70.9158	0.0825083	67.03
31.3062	70.9984	0	67.03
31.3496	70.9984	0	67.5749
31.3515	71.0396	0.0825083	67.5749
31.5778	71.1221	0	67.5749
31.6137	71.1221	0	67.8474
31.6157	71.1221	0.165017	67.8474
31.6158	71.2046	0.0825083	67.8474
31.7227	71.2871	0	67.8474
31.7447	71.2871	0	68.1199
31.7447	71.2871	0.165017	68.1199
31.745	71.3696	0.0825083	68.1199
31.8081	71.4521	0	68.1199
31.8093	71.4934	0.0825083	68.1199
31.8827	71.5759	0	68.1199
31.9624	71.5759	0	68.3924
31.9629	71.5759	0.0825083	68.3924
32.0574	71.6584	0	68.3924
32.0598	71.6997	0.0825083	68.3924
32.061	71.7822	0	68.3924
32.0794	71.7822	0	68.6648
32.0806	71.7822	0.165017	68.6648
32.0806	71.7822	0.165017	68.9373
32.0813	71.8647	0.0825083	68.9373
32.1132	71.9472	0	68.9373
32.1134	71.9884	0.0825083	68.9373
32.1749	72.071	0	68.9373
32.233	72.071	0	69.4823
32.2392	72.1122	0.0825083	69.4823
32.2866	72.1947	0	69.4823
32.2868	72.1947	0.165017	69.4823
32.2871	72.2772	0.0825083	69.4823
32.3008	72.3597	0	69.4823
32.3021	72.3597	0.0825083	69.4823
32.3117	72.4422	0	69.4823
32.3128	72.4422	0.0825083	69.4823
32.3424	72.5247	0	69.4823
32.4191	72.5247	0	69.7548
32.4794	72.5247	0	70.0272
32.7112	72.5247	0	70.5722
32.7126	72.566	0.0825083	70.5722
32.8022	72.6485	0	70.5722
32.8035	72.6898	0.0825083	70.5722
32.8062	72.7723	0	70.5722
32.8062	72.7723	0.165017	70.5722
32.8064	72.8548	0.0825083	70.5722
32.9221	72.9373	0	70.5722
32.9242	72.9373	0.165017	70.5722
32.9246	73.0198	0.0825083	70.5722
33.0246	73.1023	0	70.5722
33.0826	73.1023	0	70.8447
33.087	73.1436	0.0825083	70.8447
33.1475	73.2261	0	70.8447
33.3082	73.2261	0	71.3896
33.3122	73.2673	0.0825083	71.3896
33.4099	73.3498	0	71.3896
33.4105	73.3911	0.0825083	71.3896
33.4434	73.4736	0	71.3896
33.4442	73.5149	0.0825083	71.3896
33.6074	73.5974	0	71.3896
33.6442	73.5974	0	71.9346
33.6459	73.5974	0.0825083	71.9346
33.696	73.6799	0	71.9346
33.6996	73.6799	0.0825083	71.9346
33.784	73.7624	0	71.9346
33.7854	73.8036	0.0825083	71.9346
33.8401	73.8861	0	71.9346
33.8401	73.8861	0.165017	71.9346
33.841	73.9686	0.0825083	71.9346
34.0526	74.0512	0	71.9346
34.0526	74.0512	0.0825083	71.9346
34.2565	74.1337	0	71.9346
34.3808	74.1337	0	72.4796
34.3815	74.1337	0.165017	72.4796
34.3831	74.2162	0.0825083	72.4796
34.3846	74.2574	0.165017	72.4796
34.3861	74.3399	0.0825083	72.4796
34.56	74.4224	0	72.4796
34.5603	74.4637	0.0825083	72.4796
34.872	74.5462	0	72.4796
34.8724	74.5462	0.0825083	72.4796
34.8878	74.6287	0	72.4796
34.8879	74.67	0.0825083	72.4796
34.9192	74.7525	0	72.4796
34.9197	74.7525	0.165017	72.4796
34.9198	74.835	0.0825083	72.4796
34.9582	74.9175	0	72.4796
35.0406	74.9175	0	73.0245
35.2051	74.9175	0	73.297
35.2518	74.9175	0	73.5695
35.3053	74.9175	0	74.1144
35.3095	74.9587	0.0825083	74.1144
35.3516	75.0413	0	74.1144
35.3517	75.0413	0.165017	74.1144
35.3525	75.1238	0.0825083	74.1144
35.3871	75.2063	0	74.1144
35.3876	75.2063	0.165017	74.1144
35.3913	75.2888	0.0825083	74.1144
35.8772	75.3713	0	74.1144
35.9417	75.3713	0	74.3869
36.0689	75.3713	0	74.6594
36.0719	75.4125	0.0825083	74.6594
36.2672	75.495	0	74.6594
36.2673	75.5363	0.0825083	74.6594
36.303	75.6188	0	74.6594
36.4017	75.6188	0	75.2044
36.4041	75.6601	0.0825083	75.2044
36.5213	75.7426	0	75.2044
36.5263	75.7838	0.0825083	75.2044
36.6479	75.8663	0	75.2044
36.648	75.9076	0.0825083	75.2044
36.7441	75.9901	0	75.2044
36.7449	76.0314	0.0825083	75.2044
36.7454	76.0726	0.165017	75.2044
36.7456	76.1551	0.0825083	75.2044
36.7809	76.2376	0	75.2044
36.781	76.2789	0.0825083	75.2044
36.7977	76.3614	0	75.2044
36.8011	76.3614	0.0825083	75.2044
36.8425	76.4439	0	75.2044
36.8521	76.4439	0.0825083	75.2044
37.3002	76.5264	0	75.2044
37.3025	76.5264	0.0825083	75.2044
37.3046	76.5677	0.165017	75.2044
37.3098	76.6502	0.0825083	75.2044
37.3285	76.7327	0	75.2044
37.5659	76.7327	0	75.4768
37.6054	76.7327	0	75.7493
37.6058	76.7327	0.165017	75.7493
37.6087	76.8152	0.0825083	75.7493
37.6534	76.8977	0	75.7493
37.6538	76.9389	0.0825083	75.7493
37.8215	77.0215	0	75.7493
37.826	77.0215	0.0825083	75.7493
37.8424	77.104	0	75.7493
37.8429	77.104	0.165017	75.7493
37.8466	77.1865	0.0825083	75.7493
38.1654	77.269	0	75.7493
38.1661	77.3102	0.0825083	75.7493
38.3503	77.3927	0	75.7493
38.3519	77.434	0.0825083	75.7493
38.3881	77.5165	0	75.7493
38.3882	77.5165	0.165017	75.7493
38.3909	77.599	0.0825083	75.7493
38.3915	77.6815	0	75.7493
38.3923	77.7228	0.0825083	75.7493
38.4097	77.8053	0	75.7493
38.4156	77.8053	0	76.2943
38.417	77.8465	0.0825083	76.2943
38.4302	77.929	0	76.2943
38.4944	77.929	0	76.8392
38.5001	77.929	0	77.1117
38.5002	77.9703	0.0825083	77.1117
38.8107	78.0528	0	77.1117
38.8136	78.0941	0.0825083	77.1117
38.8544	78.1766	0	77.1117
38.8545	78.2178	0.0825083	77.1117
39.1346	78.3003	0	77.1117
39.1353	78.3003	0.165017	77.1117
39.136	78.3828	0.0825083	77.1117
39.1867	78.4653	0	77.1117
39.2175	78.4653	0	77.3842
39.2202	78.5066	0.0825083	77.3842
39.2778	78.5891	0	77.3842
39.3612	78.5891	0	77.9292
39.3616	78.5891	0.165017	77.9292
39.3618	78.6716	0.0825083	77.9292
39.3749	78.7541	0	77.9292
39.3782	78.7954	0.0825083	77.9292
39.5953	78.8779	0	77.9292
39.7015	78.8779	0	78.2016
39.7017	78.8779	0.165017	78.2016
39.7075	78.9604	0.0825083	78.2016
39.7961	79.0429	0	78.2016
39.8341	79.0429	0	78.2016
39.8353	79.0429	0.0825083	78.2016
39.8834	79.1254	0	78.2016
39.8851	79.1667	0.0825083	78.2016
39.9802	79.2492	0	78.2016
39.9818	79.2492	0.165017	78.2016
39.9824	79.3317	0.0825083	78.2016
39.9953	79.4142	0	78.2016
39.9981	79.4554	0.0825083	78.2016
40.0097	79.538	0	78.2016
40.0102	79.5792	0.0825083	78.2016
40.2997	79.6617	0	78.2016
40.3202	79.6617	0	78.7466
40.3212	79.703	0.0825083	78.7466
40.4817	79.7855	0	78.7466
40.4831	79.7855	0.0825083	78.7466
40.7383	79.868	0	78.7466
40.9503	79.868	0	79.0191
40.9538	79.9092	0.0825083	79.0191
41.0052	79.9918	0	79.0191
41.0053	80.033	0.0825083	79.0191
41.3339	80.1155	0	79.0191
41.3339	80.1155	0.165017	79.0191
41.3343	80.198	0.0825083	79.0191
41.4959	80.2805	0	79.0191
41.499	80.2805	0.0825083	79.0191
41.5042	80.363	0	79.0191
41.5042	80.363	0.165017	79.0191
41.5062	80.4455	0.0825083	79.0191
41.6274	80.5281	0	79.0191
41.6295	80.5693	0.0825083	79.0191
41.6716	80.6518	0	79.0191
41.6718	80.6518	0.165017	79.0191
41.6719	80.7343	0.0825083	79.0191
42.0243	80.8168	0	79.0191
42.1712	80.8168	0	79.564
42.1753	80.8581	0.0825083	79.564
42.199	80.9406	0	79.564
42.1995	80.9406	0.165017	79.564
42.1998	81.0231	0.0825083	79.564
42.582	81.1056	0	79.564
42.6155	81.1056	0	79.8365
42.6163	81.1469	0.0825083	79.8365
42.7328	81.2294	0	79.8365
42.8058	81.2294	0	80.109
42.8063	81.2294	0.165017	80.109
42.8075	81.3119	0.0825083	80.109
42.8137	81.3944	0	80.109
42.8141	81.4356	0.0825083	80.109
42.9771	81.5182	0	80.109
42.9773	81.5594	0.0825083	80.109
42.9843	81.6419	0	80.109
42.985	81.6419	0.165017	80.109
42.987	81.7244	0.0825083	80.109
43.0179	81.8069	0	80.109
43.0192	81.8482	0.0825083	80.109
43.2662	81.9307	0	80.109
43.2677	81.9719	0.0825083	80.109
43.3001	82.0545	0	80.109
43.3007	82.0957	0.0825083	80.109
43.4821	82.1782	0	80.109
43.4826	82.2195	0.0825083	80.109
43.5143	82.302	0	80.109
43.5996	82.302	0	80.3815
43.7875	82.302	0	80.9264
43.8668	82.302	0	81.4714
44.0897	82.302	0	81.7439
44.0959	82.3432	0.0825083	81.7439
44.1122	82.4257	0	81.7439
44.2322	82.4257	0	82.0163
44.2357	82.467	0.0825083	82.0163
44.3381	82.5495	0	82.0163
44.3453	82.5908	0.0825083	82.0163
44.4349	82.6733	0	82.0163
44.4498	82.6733	0	82.5613
44.4514	82.6733	0.165017	82.5613
44.4521	82.7558	0.0825083	82.5613
44.5662	82.8383	0	82.5613
44.5672	82.8795	0.0825083	82.5613
44.5748	82.962	0	82.5613
44.5767	83.0033	0.0825083	82.5613
44.6378	83.0858	0	82.5613
44.638	83.1271	0.0825083	82.5613
44.6739	83.2096	0	82.5613
44.6756	83.2508	0.0825083	82.5613
44.8239	83.3333	0	82.5613
44.8799	83.3333	0	83.1063
44.8804	83.3746	0.0825083	83.1063
44.8925	83.4571	0	83.1063
44.8948	83.4984	0.0825083	83.1063
44.9559	83.5809	0	83.1063
45.1177	83.5809	0	83.6512
45.2584	83.5809	0	83.9237
45.2611	83.5809	0.165017	83.9237
45.2632	83.6634	0.0825083	83.9237
45.2932	83.7459	0	83.9237
45.2939	83.7871	0.0825083	83.9237
45.3055	83.8696	0	83.9237
45.3064	83.9109	0.0825083	83.9237
45.3255	83.9934	0	83.9237
45.327	84.0347	0.0825083	83.9237
45.3479	84.1172	0	83.9237
45.3519	84.1584	0.0825083	83.9237
45.3721	84.2409	0	83.9237
45.3726	84.2822	0.0825083	83.9237
45.5512	84.3647	0	83.9237
45.5517	84.3647	0.165017	83.9237
45.5523	84.4472	0.0825083	83.9237
45.5526	84.4884	0.165017	83.9237
45.5541	84.571	0.0825083	83.9237
45.5903	84.6535	0	83.9237
45.5904	84.6947	0.0825083	83.9237
45.6991	84.7772	0	83.9237
45.6997	84.8185	0.0825083	83.9237
45.857	84.901	0	83.9237
46.0676	84.901	0	84.4687
46.0677	84.9422	0.0825083	84.4687
46.0684	85.0247	0	84.4687
46.5186	85.0247	0	85.0136
46.6522	85.0247	0	85.2861
46.7789	85.0247	0	85.5586
46.7795	85.066	0.0825083	85.5586
46.898	85.1485	0	85.5586
46.8996	85.1485	0.165017	85.5586
46.9012	85.231	0.0825083	85.5586
46.9685	85.3135	0	85.5586
46.9736	85.3548	0.0825083	85.5586
47.053	85.4373	0	85.5586
47.0533	85.4373	0.165017	85.5586
47.0553	85.5198	0.0825083	85.5586
47.0987	85.6023	0	85.5586
47.0995	85.6023	0.165017	85.5586
47.102	85.6848	0.0825083	85.5586
47.2725	85.7673	0	85.5586
47.2759	85.8086	0.0825083	85.5586
47.3123	85.8911	0	85.5586
47.3135	85.9323	0.0825083	85.5586
47.8765	86.0149	0	85.5586
47.8766	86.0149	0.165017	85.5586
47.8768	86.0974	0.0825083	85.5586
48.044	86.1799	0	85.5586
48.045	86.2211	0.0825083	85.5586
48.4818	86.3036	0	85.5586
48.4836	86.3449	0.0825083	85.5586
48.6238	86.4274	0	85.5586
48.6239	86.4686	0.0825083	85.5586
48.7688	86.5512	0	85.5586
48.7956	86.5512	0	86.1035
48.7959	86.5512	0.0825083	86.1035
48.9414	86.6337	0	86.1035
48.946	86.6749	0.0825083	86.1035
49.068	86.7574	0	86.1035
49.0686	86.7574	0.0825083	86.1035
49.1116	86.8399	0	86.1035
49.114	86.8812	0.0825083	86.1035
49.9184	86.9637	0	86.1035
49.9193	87.005	0.0825083	86.1035
50.1324	87.0875	0	86.1035
50.1344	87.0875	0.165017	86.1035
50.1355	87.17	0.0825083	86.1035
50.1485	87.2525	0	86.1035
50.1495	87.2937	0.0825083	86.1035
50.2297	87.3762	0	86.1035
50.2316	87.4175	0.0825083	86.1035
50.5198	87.5	0	86.1035
50.5225	87.5413	0.0825083	86.1035
50.6006	87.6238	0	86.1035
50.6009	87.665	0.0825083	86.1035
50.8345	87.7475	0	86.1035
50.8369	87.7888	0.0825083	86.1035
50.9822	87.8713	0	86.1035
50.9825	87.9125	0.0825083	86.1035
51.0347	87.995	0	86.1035
51.0351	87.995	0.165017	86.1035
51.0355	88.0776	0.0825083	86.1035
51.1112	88.1601	0	86.1035
51.511	88.1601	0	86.376
51.5374	88.1601	0	86.921
51.6546	88.1601	0	87.4659
51.6549	88.2013	0.0825083	87.4659
51.806	88.2838	0	87.4659
51.8066	88.3251	0.0825083	87.4659
51.8276	88.4076	0	87.4659
51.8303	88.4488	0.0825083	87.4659
52.0167	88.5314	0	87.4659
52.0174	88.5314	0.0825083	87.4659
52.1298	88.6139	0	87.4659
52.253	88.6139	0	88.0109
52.4174	88.6139	0	88.5559
52.418	88.6139	0.165017	88.5559
52.4181	88.6964	0.0825083	88.5559
52.5527	88.7789	0	88.5559
52.5529	88.7789	0.165017	88.5559
52.5542	88.8614	0.0825083	88.5559
52.7045	88.9439	0	88.5559
52.7902	88.9439	0	89.1008
52.7908	88.9439	0.165017	89.1008
52.7945	89.0264	0.0825083	89.1008
52.8416	89.1089	0	89.1008
52.8667	89.1089	0	89.6458
52.8679	89.1502	0.0825083	89.6458
53.1502	89.2327	0	89.6458
53.5495	89.2327	0	90.1907
53.5497	89.2327	0.0825083	90.1907
53.5532	89.3152	0	90.1907
54.1622	89.3152	0	90.7357
54.7754	89.3152	0	91.2807
54.7758	89.3564	0.0825083	91.2807
55.5533	89.4389	0	91.2807
55.5538	89.4802	0.0825083	91.2807
55.5949	89.5627	0	91.2807
55.5985	89.604	0.0825083	91.2807
56.1203	89.6865	0	91.2807
56.1212	89.6865	0.0825083	91.2807
56.3184	89.769	0	91.2807
56.3212	89.769	0.0825083	91.2807
56.5676	89.8515	0	91.2807
56.5686	89.8927	0.0825083	91.2807
56.7737	89.9753	0	91.2807
56.774	90.0165	0.0825083	91.2807
57.1262	90.099	0	91.2807
57.1291	90.1403	0.0825083	91.2807
57.3007	90.2228	0	91.2807
57.301	90.264	0.0825083	91.2807
57.5824	90.3465	0	91.2807
57.5844	90.3878	0.0825083	91.2807
57.5924	90.4703	0	91.2807
57.5938	90.4703	0.165017	91.2807
57.5958	90.5528	0.0825083	91.2807
57.6931	90.6353	0	91.2807
57.6938	90.6766	0.0825083	91.2807
58.1458	90.7591	0	91.2807
58.1479	90.7591	0.0825083	91.2807
58.2783	90.8416	0	91.2807
58.2793	90.8416	0.0825083	91.2807
58.3263	90.9241	0	91.2807
58.3285	90.9653	0.0825083	91.2807
58.645	91.0479	0	91.2807
58.6466	91.0891	0.0825083	91.2807
58.7367	91.1716	0	91.2807
58.7395	91.2129	0.0825083	91.2807
58.7845	91.2954	0	91.2807
58.7849	91.3366	0.0825083	91.2807
59.2668	91.4191	0	91.2807
59.3047	91.4191	0	91.8256
59.3055	91.4604	0.0825083	91.8256
59.9544	91.5429	0	91.8256
59.9545	91.5429	0.165017	91.8256
59.9556	91.6254	0.0825083	91.8256
59.9931	91.7079	0	91.8256
60.5002	91.7079	0	92.3706
60.502	91.7492	0.0825083	92.3706
61.4939	91.8317	0	92.3706
61.4946	91.8729	0.0825083	92.3706
61.892	91.9554	0	92.3706
62.2152	91.9554	0	92.9155
62.2168	91.9967	0.0825083	92.9155
62.3228	92.0792	0	92.9155
62.3242	92.1205	0.0825083	92.9155
62.3383	92.203	0	92.9155
62.3388	92.203	0.165017	92.9155
62.3432	92.2855	0.0825083	92.9155
62.4295	92.368	0	92.9155
62.4337	92.4092	0.0825083	92.9155
62.4934	92.4918	0	92.9155
62.4946	92.533	0.0825083	92.9155
62.6319	92.6155	0	92.9155
62.6336	92.6568	0.0825083	92.9155
62.7795	92.7393	0	92.9155
62.7815	92.7805	0.0825083	92.9155
63.1098	92.863	0	92.9155
63.1126	92.9043	0.0825083	92.9155
63.3773	92.9868	0	92.9155
63.3774	92.9868	0.165017	92.9155
63.3795	93.0693	0.0825083	92.9155
63.702	93.1518	0	92.9155
64.0059	93.1518	0	93.4605
64.0066	93.1931	0.0825083	93.4605
64.0285	93.2756	0	93.4605
64.0306	93.3168	0.0825083	93.4605
64.1782	93.3993	0	93.4605
64.6549	93.3993	0	94.0054
64.6553	93.4406	0.0825083	94.0054
64.8177	93.5231	0	94.0054
64.8178	93.5644	0.0825083	94.0054
64.884	93.6469	0	94.0054
64.8846	93.6469	0.0825083	94.0054
64.9383	93.7294	0	94.0054
64.9384	93.7294	0.165017	94.0054
64.9392	93.8119	0.0825083	94.0054
65.1989	93.8944	0	94.0054
65.6719	93.8944	0	94.2779
66.8577	93.8944	0	94.8229
66.8629	93.9356	0.0825083	94.8229
66.9683	94.0182	0	94.8229
66.9691	94.0594	0.0825083	94.8229
67.5655	94.1419	0	94.8229
67.5658	94.1832	0.0825083	94.8229
67.7898	94.2657	0	94.8229
67.7902	94.3069	0.0825083	94.8229
67.9703	94.3894	0	94.8229
68.3916	94.3894	0	95.3678
68.5117	94.3894	0	95.9128
68.5134	94.3894	0.165017	95.9128
68.5135	94.4719	0.0825083	95.9128
68.6782	94.5545	0	95.9128
68.8402	94.5545	0	96.1853
68.8411	94.5957	0.0825083	96.1853
69.6715	94.6782	0	96.1853
69.6753	94.7195	0.0825083	96.1853
71.5919	94.802	0	96.1853
71.5923	94.8432	0.0825083	96.1853
72.4664	94.9257	0	96.1853
73.2412	94.9257	0	96.7302
73.2416	94.9257	0.165017	96.7302
73.2449	95.0082	0.0825083	96.7302
73.5275	95.0908	0	96.7302
73.5291	95.132	0.0825083	96.7302
73.5501	95.2145	0	96.7302
73.5541	95.2145	0.0825083	96.7302
73.7899	95.297	0	96.7302
73.8706	95.297	0	97.2752
73.8706	95.297	0.0825083	97.2752
73.8935	95.3795	0	97.2752
73.8952	95.4208	0.0825083	97.2752
75.1208	95.5033	0	97.2752
75.1218	95.5033	0.0825083	97.2752
75.2435	95.5858	0	97.2752
75.2466	95.6271	0.0825083	97.2752
75.735	95.7096	0	97.2752
75.735	95.7508	0.0825083	97.2752
75.7446	95.8333	0	97.2752
75.7454	95.8746	0.0825083	97.2752
76.8177	95.9571	0	97.2752
76.8181	95.9984	0.0825083	97.2752
77.0151	96.0809	0	97.2752
77.0155	96.0809	0.0825083	97.2752
77.835	96.1634	0	97.2752
77.8364	96.2046	0.0825083	97.2752
78.0252	96.2871	0	97.2752
78.0257	96.3284	0.0825083	97.2752
79.1225	96.4109	0	97.2752
79.1304	96.4521	0.0825083	97.2752
80.0787	96.5347	0	97.2752
80.0822	96.5759	0.0825083	97.2752
80.2396	96.6584	0	97.2752
80.2408	96.6997	0.0825083	97.2752
80.7802	96.7822	0	97.2752
80.7804	96.7822	0.165017	97.2752
80.781	96.8647	0.0825083	97.2752
81.0116	96.9472	0	97.2752
81.6283	96.9472	0	97.8202
81.6284	96.9472	0.165017	97.8202
81.6302	97.0297	0.0825083	97.8202
81.8104	97.1122	0	97.8202
81.8118	97.1535	0.0825083	97.8202
85.888	97.236	0	97.8202
85.8921	97.2772	0.0825083	97.8202
87.109	97.3597	0	97.8202
87.4913	97.3597	0	98.3651
87.4928	97.401	0.0825083	98.3651
89.4442	97.4835	0	98.3651
89.4467	97.5247	0.0825083	98.3651
90.2239	97.6073	0	98.3651
90.2242	97.6485	0.0825083	98.3651
90.2408	97.731	0	98.3651
90.2412	97.7723	0.0825083	98.3651
92.0048	97.8548	0	98.3651
92.0063	97.8548	0.165017	98.3651
92.0065	97.9373	0.0825083	98.3651
92.6782	98.0198	0	98.3651
92.6804	98.0198	0.165017	98.3651
92.6816	98.1023	0.0825083	98.3651
92.9898	98.1848	0	98.3651
98.1571	98.1848	0	98.9101
98.1572	98.1848	0.165017	98.9101
98.1583	98.2673	0.0825083	98.9101
98.8294	98.3498	0	98.9101
98.83	98.3911	0.0825083	98.9101
100.44	98.4736	0	98.9101
100.441	98.5149	0.0825083	98.9101
101.293	98.5974	0	98.9101
101.294	98.5974	0.0825083	98.9101
102.717	98.6799	0	98.9101
102.717	98.7211	0.0825083	98.9101
106.531	98.8036	0	98.9101
106.532	98.8449	0.0825083	98.9101
107.509	98.9274	0	98.9101
107.51	98.9686	0.0825083	98.9101
108.258	99.0512	0	98.9101
108.261	99.0512	0.165017	98.9101
108.264	99.1337	0.0825083	98.9101
108.592	99.2162	0	98.9101
108.593	99.2574	0.0825083	98.9101
117.327	99.3399	0	98.9101
117.33	99.3399	0.0825083	98.9101
122.545	99.4224	0	98.9101
122.548	99.4637	0.0825083	98.9101
124.5	99.5462	0	98.9101
124.501	99.5462	0.0825083	98.9101
126.413	99.6287	0	98.9101
131.549	99.6287	0	99.455
131.549	99.67	0.0825083	99.455
141.695	99.7525	0	99.455
141.696	99.7937	0.0825083	99.455
143.659	99.8762	0	99.455
148.861	99.8762	0	100
148.864	99.9175	0.0825083	100
