1.99756e-07	0	0	0
5.53125e-07	0	0	0
8.59876e-07	0	0	0
2.32838e-06	0	0	0
3.58029e-06	0	0	0
3.73723e-06	0	0	0
3.74664e-06	0	0	0
3.80944e-06	0	0	0
3.91733e-06	0	0	0
4.66557e-06	0	0	0
5.4113e-06	0	0	0
5.63375e-06	0	0	0
7.56875e-06	0	0	0
8.76919e-06	0	0	0
9.83247e-06	0	0	0
9.85548e-06	0	0	0
1.04046e-05	0	0	0
1.09795e-05	0	0	0
1.09812e-05	0	0	0
1.12568e-05	0	0	0
1.15512e-05	0	0	0
1.22258e-05	0	0	0
1.33707e-05	0	0	0
1.36859e-05	0	0	0
1.37234e-05	0	0	0
1.39236e-05	0	0	0
1.4083e-05	0	0	0
1.42435e-05	0	0	0
1.53733e-05	0	0	0
1.57448e-05	0	0	0
1.6196e-05	0	0	0
1.71303e-05	0	0	0
1.73749e-05	0	0	0
1.78184e-05	0	0	0
1.7875e-05	0	0	0
1.93024e-05	0	0	0
2.14831e-05	0	0	0
2.29205e-05	0	0	0
2.36621e-05	0	0	0
2.37563e-05	0	0	0
2.41931e-05	0	0	0
2.42203e-05	0	0	0
2.49949e-05	0	0	0
2.49973e-05	0	0	0
2.53493e-05	0	0	0
2.57011e-05	0	0	0
2.57126e-05	0	0	0
2.62879e-05	0	0	0
2.66228e-05	0	0	0
2.74174e-05	0	0	0
2.74454e-05	0	0	0
2.75641e-05	0	0	0
2.77727e-05	0	0	0
2.78667e-05	0	0	0
2.84548e-05	0	0	0
2.94098e-05	0	0	0
3.01669e-05	0	0	0
3.07559e-05	0	0	0
3.15529e-05	0	0	0
3.15705e-05	0	0	0
3.18418e-05	0	0	0
3.21787e-05	0	0	0
3.22032e-05	0	0	0
3.26036e-05	0	0	0
3.30409e-05	0	0	0
3.30681e-05	0	0	0
3.30997e-05	0	0	0
3.3427e-05	0	0	0
3.42605e-05	0	0	0
3.46535e-05	0	0	0
3.5325e-05	0	0	0
3.6606e-05	0	0	0
3.68485e-05	0	0	0
3.77303e-05	0	0	0
3.83648e-05	0	0	0
3.84719e-05	0	0	0
3.94335e-05	0	0	0
4.00323e-05	0	0	0
4.13776e-05	0	0	0
4.15836e-05	0	0	0
4.20942e-05	0	0	0
4.21041e-05	0	0	0
4.23603e-05	0	0	0
4.28325e-05	0	0	0
4.38146e-05	0	0	0
4.42387e-05	0	0	0
4.46263e-05	0	0	0
4.4634e-05	0	0	0
4.48195e-05	0	0	0
4.49639e-05	0	0	0
4.60935e-05	0	0	0
4.6157e-05	0	0	0
4.61669e-05	0	0	0
4.69884e-05	0	0	0
4.76793e-05	0	0	0
4.78734e-05	0	0	0
4.9169e-05	0	0	0
4.94446e-05	0	0	0
4.95398e-05	0	0	0
4.97916e-05	0	0	0
5.00265e-05	0	0	0
5.11208e-05	0	0	0
5.12867e-05	0	0	0
5.14084e-05	0	0	0
5.17283e-05	0	0	0
5.28192e-05	0	0	0
5.35821e-05	0	0	0
5.3636e-05	0	0	0
5.45311e-05	0	0	0
5.52738e-05	0	0	0
5.5478e-05	0	0	0
5.59255e-05	0	0	0
5.59864e-05	0	0	0
5.68629e-05	0	0	0
5.77024e-05	0	0	0
5.83143e-05	0	0	0
5.98116e-05	0	0	0
6.01013e-05	0	0	0
6.09753e-05	0	0	0
6.22817e-05	0	0	0
6.25136e-05	0	0	0
6.35969e-05	0	0	0
6.41563e-05	0	0	0
6.45517e-05	0	0	0
6.51532e-05	0	0	0
6.71062e-05	0	0	0
6.7824e-05	0	0	0
6.84585e-05	0	0	0
6.87078e-05	0	0	0
7.00031e-05	0	0	0
7.06706e-05	0	0	0
7.1336e-05	0	0	0
7.22169e-05	0	0	0
7.25766e-05	0	0	0
7.31083e-05	0	0	0
7.3171e-05	0	0	0
7.38355e-05	0	0	0
7.40893e-05	0	0	0
7.51244e-05	0	0	0
7.54574e-05	0	0	0
7.54673e-05	0	0	0
7.64662e-05	0	0	0
7.66087e-05	0	0	0
7.69445e-05	0	0	0
7.75814e-05	0	0	0
7.76786e-05	0	0	0
7.79429e-05	0	0	0
7.84656e-05	0	0	0
7.86517e-05	0	0	0
7.89963e-05	0	0	0
7.93087e-05	0	0	0
7.98881e-05	0	0	0
8.10566e-05	0	0	0
8.12195e-05	0	0	0
8.19037e-05	0	0	0
8.20802e-05	0	0	0
8.21659e-05	0	0	0
8.22829e-05	0	0	0
8.23959e-05	0	0	0
8.45902e-05	0	0	0
8.63443e-05	0	0	0
8.67946e-05	0	0	0
8.8405e-05	0	0	0
8.84925e-05	0	0	0
8.91584e-05	0	0	0
9.13026e-05	0	0	0
9.15387e-05	0	0	0
9.29044e-05	0	0	0
9.32377e-05	0	0	0
9.38633e-05	0	0	0
9.42613e-05	0	0	0
9.50966e-05	0	0	0
9.52352e-05	0	0	0
9.52586e-05	0	0	0
9.77849e-05	0	0	0
9.82444e-05	0	0	0
9.95612e-05	0	0	0
0.000102534	0	0	0
0.000102869	0	0	0
0.000105525	0	0	0
0.000106048	0	0	0
0.000106332	0	0	0
0.000107382	0	0	0
0.00010916	0	0	0
0.000110084	0	0	0
0.000110101	0	0	0
0.00011277	0	0	0
0.00011316	0	0	0
0.000114364	0	0	0
0.000115798	0	0	0
0.000116493	0	0	0
0.000117061	0	0	0
0.000117986	0	0	0
0.000118413	0	0	0
0.000120569	0	0	0
0.000121109	0	0	0
0.000121153	0	0	0
0.00012144	0	0	0
0.000121782	0	0	0
0.000122223	0	0	0
0.000122467	0	0	0
0.00012271	0	0	0
0.000123699	0	0	0
0.000123906	0	0	0
0.000125355	0	0	0
0.000126626	0	0	0
0.00012686	0	0	0
0.000128083	0	0	0
0.000128233	0	0	0
0.000132583	0	0	0
0.00013316	0	0	0
0.000133589	0	0	0
0.00013384	0	0	0
0.00013467	0	0	0
0.00013622	0	0	0
0.000136609	0	0	0
0.000136955	0	0	0
0.000138052	0	0	0
0.000138245	0	0	0
0.000139109	0	0	0
0.000139142	0	0	0
0.000139599	0	0	0
0.000140806	0	0	0
0.000141181	0	0	0
0.000142844	0	0	0
0.000143005	0	0	0
0.00014345	0	0	0
0.000143704	0	0	0
0.000146637	0	0	0
0.00014737	0	0	0
0.000147594	0	0	0
0.000148068	0	0	0
0.000150316	0	0	0
0.000150864	0	0	0
0.000151282	0	0	0
0.000152129	0	0	0
0.00015241	0	0	0
0.000153425	0	0	0
0.000154312	0	0	0
0.000154922	0	0	0
0.000154997	0	0	0
0.000156562	0	0	0
0.000158132	0	0	0
0.000158151	0	0	0
0.000158867	0	0	0
0.00015987	0	0	0
0.000161164	0	0	0
0.000161993	0	0	0
0.000164192	0	0	0
0.000164598	0	0	0
0.000165592	0	0	0
0.000166585	0	0	0
0.000167062	0	0	0
0.000169197	0	0	0
0.000169377	0	0	0
0.000172535	0	0	0
0.000173137	0	0	0
0.000173186	0	0	0
0.000174185	0	0	0
0.000174196	0	0	0
0.000174624	0	0	0
0.000176533	0	0	0
0.000178702	0	0	0
0.000179471	0	0	0
0.000181303	0	0	0
0.000182375	0	0	0
0.000182586	0	0	0
0.000183174	0	0	0
0.000183412	0	0	0
0.000183834	0	0	0
0.000184881	0	0	0
0.000185513	0	0	0
0.000185645	0	0	0
0.000186578	0	0	0
0.000187177	0	0	0
0.000187214	0	0	0
0.000189145	0	0	0
0.00018915	0	0	0
0.000189641	0	0	0
0.000190003	0	0	0
0.000190407	0	0	0
0.000190421	0	0	0
0.000196432	0	0	0
0.000196794	0	0	0
0.000197096	0	0	0
0.00019826	0	0	0
0.000199466	0	0	0
0.000204445	0	0	0
0.000205061	0	0	0
0.000205466	0	0	0
0.000210485	0	0	0
0.000211302	0	0	0
0.000213108	0	0	0
0.000214397	0	0	0
0.000216967	0	0	0
0.000218532	0	0	0
0.000220138	0	0	0
0.000221513	0	0	0
0.000222422	0	0	0
0.000222688	0	0	0
0.000224527	0	0	0
0.000227208	0	0	0
0.000227394	0	0	0
0.000227572	0	0	0
0.000227941	0	0	0
0.000228241	0	0	0
0.000229543	0	0	0
0.000230457	0	0	0
0.000231825	0	0	0
0.000232105	0	0	0
0.000236785	0	0	0
0.000237171	0	0	0
0.00023727	0	0	0
0.000237698	0	0	0
0.000239996	0	0	0
0.000240174	0	0	0
0.000240312	0	0	0
0.000241263	0	0	0
0.000241912	0	0	0
0.000243893	0	0	0
0.000244062	0	0	0
0.000246054	0	0	0
0.000248755	0	0	0
0.000250758	0	0	0
0.000253812	0	0	0
0.000254645	0	0	0
0.000255005	0	0	0
0.000255694	0	0	0
0.000257889	0	0	0
0.000259181	0	0	0
0.000260931	0	0	0
0.000263262	0	0	0
0.000267915	0	0	0
0.000268739	0	0	0
0.000269826	0	0	0
0.000270451	0	0	0
0.000271129	0	0	0
0.000271968	0	0	0
0.000272825	0	0	0
0.000273677	0	0	0
0.000276713	0	0	0
0.000277439	0	0	0
0.000277793	0	0	0
0.000278068	0	0	0
0.000278264	0	0	0
0.000278405	0	0	0
0.000281955	0	0	0
0.000282975	0	0	0
0.000284171	0	0	0
0.000287578	0	0	0
0.000287757	0	0	0
0.00028986	0	0	0
0.000300521	0	0	0
0.000303305	0	0	0
0.000304994	0	0	0
0.000305181	0	0	0
0.000305389	0	0	0
0.000306454	0	0	0
0.000307218	0	0	0
0.000309454	0	0	0
0.00031054	0	0	0
0.000313076	0	0	0
0.000314074	0	0	0
0.000315637	0	0	0
0.000315661	0	0	0
0.000316683	0	0	0
0.000318964	0	0	0
0.000320931	0	0	0
0.00032489	0	0	0
0.000325039	0	0	0
0.000326112	0	0	0
0.000328848	0	0	0
0.000329281	0	0	0
0.000334036	0	0	0
0.000334251	0	0	0
0.000336289	0	0	0
0.000336688	0	0	0
0.000337707	0	0	0
0.000343288	0	0	0
0.000344063	0	0	0
0.00034459	0	0	0
0.00034586	0	0	0
0.000353535	0	0	0
0.000357535	0	0	0
0.000359118	0	0	0
0.000359522	0	0	0
0.00036033	0	0	0
0.00036077	0	0	0
0.000364576	0	0	0
0.0003647	0	0	0
0.000365313	0	0	0
0.000365408	0	0	0
0.000365641	0	0	0
0.000367142	0	0	0
0.000367499	0	0	0
0.000368963	0	0	0
0.000369136	0	0	0
0.000372728	0	0	0
0.000373551	0	0	0
0.000374194	0	0	0
0.000374721	0	0	0
0.000375655	0	0	0
0.000378099	0	0	0
0.000380973	0	0	0
0.000384577	0	0	0
0.000385511	0	0	0
0.000385693	0	0	0
0.000390445	0	0	0
0.000391479	0	0	0
0.00040172	0	0	0
0.000404122	0	0	0
0.000406256	0	0	0
0.000406397	0	0	0
0.000409468	0	0	0
0.000413915	0	0	0
0.000417578	0	0	0
0.000417669	0	0	0
0.000419205	0	0	0
0.000419531	0	0	0
0.000420096	0	0	0
0.000420914	0	0	0
0.000421139	0	0	0
0.000426045	0	0	0
0.000430037	0	0	0
0.000432538	0	0	0
0.000434728	0	0	0
0.000435303	0	0	0
0.000437269	0	0	0
0.000437761	0	0	0
0.000439741	0	0	0
0.000442897	0	0	0
0.000443931	0	0	0
0.00044394	0	0	0
0.000444353	0	0	0
0.000444892	0	0	0
0.000445708	0	0	0
0.000445885	0	0	0
0.000449612	0	0	0
0.000450077	0	0	0
0.000451219	0	0	0
0.000453427	0	0	0
0.000455706	0	0	0
0.000455777	0	0	0
0.000456253	0	0	0
0.000458364	0	0	0
0.000462965	0	0	0
0.000470247	0	0	0
0.000472388	0	0	0
0.000472657	0	0	0
0.00047417	0	0	0
0.000480965	0	0	0
0.000481047	0	0	0
0.000481752	0	0	0
0.000485673	0	0	0
0.000485819	0	0	0
0.00048747	0	0	0
0.000488178	0	0	0
0.000492196	0	0	0
0.000492592	0	0	0
0.000493602	0	0	0
0.000495254	0	0	0
0.000495993	0	0	0
0.000496093	0	0	0
0.000499229	0	0	0
0.000502829	0	0	0
0.000504617	0	0	0
0.000509541	0	0	0
0.000509775	0	0	0
0.00051344	0	0	0
0.000513584	0	0	0
0.00051911	0	0	0
0.000526138	0	0	0
0.00052718	0	0	0
0.000528927	0	0	0
0.000531779	0	0	0
0.000535696	0	0	0
0.000538014	0	0	0
0.000540898	0	0	0
0.000547344	0	0	0
0.000547475	0	0	0
0.000548457	0	0	0
0.000559939	0	0	0
0.000563446	0	0	0
0.000569566	0	0	0
0.000572596	0	0	0
0.000572824	0	0	0
0.000575562	0	0	0
0.000575745	0	0	0
0.000580855	0	0	0
0.00058512	0	0	0
0.000587015	0	0	0
0.00059276	0	0	0
0.000594794	0	0	0
0.000597999	0	0	0
0.000599727	0	0	0
0.000610614	0	0	0
0.000617755	0	0	0
0.000619215	0	0	0
0.000621003	0	0	0
0.000621479	0	0	0
0.000628378	0	0	0
0.000635344	0	0	0
0.000635485	0	0	0
0.000638259	0	0	0
0.000643086	0	0	0
0.000647473	0	0	0
0.000649887	0	0	0
0.000650296	0	0	0
0.000651034	0	0	0
0.000660632	0	0	0
0.000666653	0	0	0
0.000667157	0	0	0
0.000667989	0	0	0
0.000673597	0	0	0
0.000675297	0	0	0
0.000676376	0	0	0
0.000686874	0	0	0
0.000687846	0	0	0
0.000695962	0	0	0
0.000696059	0	0	0
0.000698645	0	0	0
0.000712078	0	0	0
0.000713208	0	0	0
0.000719015	0	0	0
0.000719661	0	0	0
0.000727238	0	0	0
0.000727492	0	0	0
0.000727551	0	0	0
0.000737684	0	0	0
0.000740722	0	0	0
0.00074839	0	0	0
0.00075976	0	0	0
0.000762318	0	0	0
0.00076487	0	0	0
0.000766721	0	0	0
0.000777511	0	0	0
0.000803017	0	0	0
0.000806156	0	0	0
0.000806423	0	0	0
0.000807495	0	0	0
0.00081274	0	0	0
0.000818321	0	0	0
0.000827409	0	0	0
0.000840945	0	0	0
0.000842529	0	0	0
0.000850981	0	0	0
0.00085415	0	0	0
0.000858914	0	0	0
0.000859471	0	0	0
0.000867569	0	0	0
0.000871533	0	0	0
0.000876549	0	0	0
0.000893201	0	0	0
0.000919803	0	0	0
0.000940732	0	0	0
0.000945721	0	0	0
0.00097299	0	0	0
0.000975644	0	0	0
0.000980655	0	0	0
0.000995831	0	0	0
0.000996484	0	0	0
0.00100367	0	0	0
0.00101301	0	0	0
0.00104086	0	0	0
0.00104715	0	0	0
0.00105321	0	0	0
0.00105574	0	0	0
0.00108228	0	0	0
0.00108301	0	0	0
0.00108753	0	0	0
0.00109252	0	0	0
0.00109705	0	0	0
0.00109762	0	0	0
0.00110823	0	0	0
0.00111125	0	0	0
0.00111985	0	0	0
0.00112188	0	0	0
0.00112224	0	0	0
0.00113391	0	0	0
0.00114921	0	0	0
0.00117419	0	0	0
0.00120503	0	0	0
0.00122435	0	0	0
0.00123446	0	0	0
0.00125541	0	0	0
0.00125634	0	0	0
0.00125842	0	0	0
0.00128482	0	0	0
0.00130259	0	0	0
0.00130815	0	0	0
0.00131405	0	0	0
0.00131941	0	0	0
0.00132033	0	0	0
0.00132395	0	0	0
0.00134248	0	0	0
0.00138389	0	0	0
0.00138879	0	0	0
0.00139835	0	0	0
0.00142779	0	0	0
0.00142871	0	0	0
0.00144312	0	0	0
0.00146926	0	0	0
0.00147783	0	0	0
0.00148584	0	0	0
0.00148753	0	0	0
0.00150952	0	0	0
0.00151211	0	0	0
0.00151864	0	0	0
0.00153091	0	0	0
0.00155734	0	0	0
0.00158909	0	0	0
0.00159371	0	0	0
0.00160318	0	0	0
0.00160468	0	0	0
0.00170103	0	0	0
0.00170262	0	0	0
0.00172242	0	0	0
0.00172717	0	0	0
0.0017535	0	0	0
0.00176002	0	0	0
0.00180505	0	0	0
0.00181059	0	0	0
0.00181685	0	0	0
0.00186657	0	0	0
0.00187063	0	0	0
0.00188969	0	0	0
0.00189399	0	0	0
0.00189712	0	0	0
0.00195418	0	0	0
0.00196357	0	0	0
0.00199133	0	0	0
0.00199151	0	0	0
0.00199657	0	0	0
0.00204179	0	0	0
0.00204838	0	0	0
0.00208528	0	0	0
0.00211304	0	0	0
0.00212485	0	0	0
0.00212562	0	0	0
0.00214438	0	0	0
0.00215246	0	0	0
0.00216871	0	0	0
0.00221584	0	0	0
0.00224069	0	0	0
0.0022603	0	0	0
0.00226729	0	0	0
0.0022775	0	0	0
0.00229587	0	0	0
0.00233468	0	0	0
0.002361	0	0	0
0.00236269	0	0	0
0.00244125	0	0	0
0.00244451	0	0	0
0.0025233	0	0	0
0.00256135	0	0	0
0.00256578	0	0	0
0.00258224	0	0	0
0.00265106	0	0	0
0.00266079	0	0	0
0.00266499	0	0	0
0.00266917	0	0	0
0.0027526	0	0	0
0.00276577	0	0	0
0.00278963	0	0	0
0.0028209	0	0	0
0.00282614	0	0	0
0.0028887	0	0	0
0.00298115	0	0	0
0.00298152	0	0	0
0.00299522	0	0	0
0.00311336	0	0	0
0.0031251	0	0	0
0.00314116	0	0	0
0.00315904	0	0	0
0.00315955	0	0	0
0.00320298	0	0	0
0.00328958	0	0	0
0.00331572	0	0	0
0.00349743	0	0	0
0.00352749	0	0	0
0.00359095	0	0	0
0.00366222	0	0	0
0.00378633	0	0	0
0.00391774	0	0	0
0.00399538	0	0	0
0.0040024	0	0	0
0.00401034	0	0	0
0.00407799	0	0	0
0.00415098	0	0	0
0.00415404	0	0	0
0.00431649	0	0	0
0.00436799	0	0	0
0.00442044	0	0	0
0.00455863	0	0	0
0.00465856	0	0	0
0.0049365	0	0	0
0.00496806	0	0	0
0.00510688	0	0	0
0.00547736	0	0	0
0.0061278	0	0	0
0.00632392	0	0	0
0.00652004	0	0	0
0.00661439	0	0	0
0.00719037	0	0	0
0.00766588	0	0	0
0.00793319	0	0	0
0.00810281	0	0	0
0.00822129	0	0	0
0.00880006	0	0	0
0.00919412	0	0	0
0.0105106	0	0	0
0.0112186	0	0	0
0.0116711	0	0	0
0.0117456	0	0	0
0.0118772	0	0	0
0.011908	0	0	0
0.0121476	0	0	0
0.012182	0	0	0
0.0131483	0	0	0
0.0216179	0	0	0
0.0312348	0	0	0
0.0336414	0.0412541	0.0825083	0
0.0384717	0.123762	0	0
0.0399682	0.123762	0	0
0.0854701	0.123762	0	0
0.174818	0.123762	0	0
0.175066	0.165017	0.0825083	0
0.18563	0.247525	0	0
0.1907	0.288779	0.0825083	0
0.21525	0.371287	0	0
0.21596	0.412541	0.0825083	0
0.218401	0.49505	0	0
0.22917	0.49505	0	0
0.229327	0.536304	0.0825083	0
0.235068	0.618812	0	0
0.237211	0.660066	0.0825083	0
0.275872	0.742574	0	0
0.277926	0.742574	0	0.27248
0.278598	0.742574	0.0825083	0.27248
0.279458	0.742574	0.0825083	0.27248
0.325076	0.825082	0	0.27248
0.326128	0.825082	0.165017	0.27248
0.327116	0.907591	0.0825083	0.27248
0.353094	0.990099	0	0.27248
0.353454	0.990099	0	0.544959
0.353876	1.03135	0.0825083	0.544959
0.369784	1.11386	0	0.544959
0.370672	1.11386	0.165017	0.544959
0.370854	1.19637	0.0825083	0.544959
0.375829	1.27888	0	0.544959
0.39836	1.27888	0	0.544959
0.414642	1.27888	0	0.817439
0.448666	1.27888	0	1.08992
0.456521	1.27888	0	1.08992
0.457292	1.27888	0.165017	1.08992
0.459476	1.36139	0.0825083	1.08992
0.463145	1.44389	0	1.08992
0.465949	1.48515	0.0825083	1.08992
0.473742	1.56766	0	1.08992
0.482356	1.56766	0	1.3624
0.482587	1.56766	0.165017	1.3624
0.483897	1.65016	0.0825083	1.3624
0.574484	1.73267	0	1.3624
0.603711	1.73267	0	1.63488
0.605383	1.73267	0.165017	1.63488
0.606717	1.81518	0.0825083	1.63488
0.622241	1.89769	0	1.63488
0.622559	1.89769	0.0825083	1.63488
0.639596	1.9802	0	1.63488
0.641841	1.9802	0.0825083	1.63488
0.679863	2.06271	0	1.63488
0.6806	2.06271	0	1.63488
0.749968	2.06271	0	1.63488
0.750228	2.10396	0.0825083	1.63488
0.788259	2.18647	0	1.63488
0.789444	2.22772	0.0825083	1.63488
0.87452	2.31023	0	1.63488
0.874597	2.35149	0.0825083	1.63488
0.891624	2.43399	0	1.63488
0.892392	2.47525	0.0825083	1.63488
0.895592	2.47525	0.0825083	1.63488
0.89562	2.47525	0.0825083	1.63488
0.915651	2.55776	0	1.63488
0.935735	2.55776	0	1.63488
0.938679	2.55776	0	1.63488
0.939968	2.55776	0.0825083	1.63488
0.962193	2.64026	0	1.63488
0.962391	2.64026	0.165017	1.63488
0.963707	2.64026	0.165017	1.90736
0.963979	2.72277	0.0825083	1.90736
0.966509	2.80528	0	1.90736
0.966861	2.80528	0.165017	1.90736
0.967536	2.88779	0.0825083	1.90736
0.987531	2.9703	0	1.90736
1.00979	2.9703	0	2.17984
1.03043	2.9703	0	2.17984
1.03512	3.01155	0.0825083	2.17984
1.03755	3.09406	0	2.17984
1.03765	3.09406	0.165017	2.17984
1.04155	3.17657	0.0825083	2.17984
1.076	3.25908	0	2.17984
1.07638	3.25908	0.0825083	2.17984
1.07686	3.25908	0.165017	2.17984
1.07706	3.34158	0.0825083	2.17984
1.08363	3.42409	0	2.17984
1.08397	3.42409	0.165017	2.17984
1.08478	3.5066	0.0825083	2.17984
1.12504	3.58911	0	2.17984
1.13572	3.58911	0	2.45232
1.13817	3.63036	0.0825083	2.45232
1.17104	3.71287	0	2.45232
1.17251	3.75413	0.0825083	2.45232
1.17533	3.83663	0	2.45232
1.18096	3.83663	0	2.45232
1.19954	3.83663	0	2.7248
1.20541	3.83663	0	2.99728
1.20567	3.83663	0.165017	2.99728
1.20698	3.91914	0.0825083	2.99728
1.33351	4.00165	0	2.99728
1.33779	4.00165	0	3.26975
1.37481	4.00165	0	3.54223
1.37654	4.00165	0	3.54223
1.37701	4.00165	0.0825083	3.54223
1.39734	4.08416	0	3.54223
1.4276	4.08416	0	3.54223
1.43088	4.08416	0.0825083	3.54223
1.43169	4.12541	0.165017	3.54223
1.43483	4.20792	0.0825083	3.54223
1.44462	4.29043	0	3.54223
1.45695	4.29043	0	3.81471
1.46071	4.33168	0.0825083	3.81471
1.47617	4.41419	0	3.81471
1.48976	4.41419	0	4.08719
1.49015	4.45545	0.0825083	4.08719
1.5079	4.53795	0	4.08719
1.50924	4.57921	0.0825083	4.08719
1.56993	4.66172	0	4.08719
1.59036	4.66172	0	4.08719
1.61208	4.66172	0	4.35967
1.61309	4.70297	0.0825083	4.35967
1.61323	4.70297	0.0825083	4.63215
1.62631	4.78548	0	4.63215
1.63049	4.82673	0.0825083	4.63215
1.6591	4.90924	0	4.63215
1.6601	4.90924	0	4.90463
1.66245	4.9505	0.0825083	4.90463
1.67953	5.033	0	4.90463
1.6813	5.033	0.0825083	4.90463
1.6992	5.11551	0	4.90463
1.71006	5.11551	0	5.17711
1.71049	5.15677	0.0825083	5.17711
1.72675	5.23927	0	5.17711
1.72714	5.23927	0.0825083	5.17711
1.7292	5.32178	0	5.17711
1.77733	5.32178	0	5.44959
1.78107	5.36304	0.0825083	5.44959
1.80915	5.44554	0	5.44959
1.8106	5.44554	0.0825083	5.44959
1.82235	5.52805	0	5.44959
1.83482	5.52805	0	5.72207
1.86767	5.52805	0	5.99455
1.87004	5.56931	0.0825083	5.99455
1.91865	5.65182	0	5.99455
1.91916	5.65182	0.165017	5.99455
1.91998	5.73432	0.0825083	5.99455
1.9201	5.81683	0	5.99455
1.92025	5.85809	0.0825083	5.99455
1.96842	5.94059	0	5.99455
1.96877	5.94059	0.0825083	5.99455
2.04976	6.0231	0	5.99455
2.06748	6.0231	0	6.26703
2.06951	6.06436	0.0825083	6.26703
2.08627	6.14686	0	6.26703
2.0868	6.18812	0.0825083	6.26703
2.09323	6.27063	0	6.26703
2.09532	6.31188	0.0825083	6.26703
2.12869	6.39439	0	6.26703
2.13023	6.39439	0.165017	6.26703
2.1334	6.4769	0.0825083	6.26703
2.13805	6.55941	0	6.26703
2.13827	6.60066	0.0825083	6.26703
2.13839	6.68317	0	6.26703
2.14079	6.68317	0.165017	6.26703
2.14151	6.76568	0.0825083	6.26703
2.18089	6.84818	0	6.26703
2.18251	6.88944	0.0825083	6.26703
2.18907	6.97195	0	6.26703
2.1891	7.0132	0.0825083	6.26703
2.21452	7.09571	0	6.26703
2.21462	7.09571	0	6.53951
2.21495	7.09571	0.165017	6.53951
2.21635	7.17822	0.0825083	6.53951
2.24015	7.26073	0	6.53951
2.24173	7.26073	0.0825083	6.53951
2.25391	7.34323	0	6.53951
2.2566	7.38449	0.0825083	6.53951
2.27494	7.467	0	6.53951
2.27517	7.467	0.165017	6.53951
2.27569	7.5495	0.0825083	6.53951
2.3113	7.63201	0	6.53951
2.3143	7.67327	0.0825083	6.53951
2.35957	7.75578	0	6.53951
2.36039	7.79703	0.0825083	6.53951
2.39172	7.87954	0	6.53951
2.39396	7.92079	0.0825083	6.53951
2.40542	8.0033	0	6.53951
2.41789	8.0033	0	7.08447
2.4317	8.0033	0	7.08447
2.43428	8.04455	0.0825083	7.08447
2.43758	8.12706	0	7.08447
2.43998	8.12706	0.0825083	7.08447
2.46288	8.20957	0	7.08447
2.46329	8.20957	0.165017	7.08447
2.46396	8.29208	0.0825083	7.08447
2.46837	8.37459	0	7.08447
2.47181	8.41584	0.0825083	7.08447
2.48733	8.49835	0	7.08447
2.49312	8.49835	0	7.35695
2.52722	8.49835	0	7.35695
2.5396	8.49835	0	7.62943
2.54117	8.5396	0.0825083	7.62943
2.56949	8.62211	0	7.62943
2.57447	8.62211	0	7.90191
2.59272	8.62211	0	8.17439
2.66405	8.62211	0	8.44687
2.67078	8.62211	0	8.71935
2.67079	8.62211	0.0825083	8.71935
2.74669	8.70462	0	8.71935
2.75029	8.70462	0	8.99183
2.75094	8.70462	0.0825083	8.99183
2.76567	8.78713	0	8.99183
2.76604	8.82838	0.0825083	8.99183
2.78676	8.91089	0	8.99183
2.7894	8.95215	0.0825083	8.99183
2.79568	9.03465	0	8.99183
2.80453	9.03465	0	9.26431
2.80641	9.03465	0.165017	9.26431
2.80887	9.11716	0.0825083	9.26431
2.80996	9.11716	0.247525	9.26431
2.81039	9.19967	0.165017	9.26431
2.8135	9.28218	0.0825083	9.26431
2.83461	9.36469	0	9.26431
2.86647	9.36469	0	9.53679
2.86864	9.36469	0	9.80926
2.87983	9.36469	0	10.0817
2.87998	9.36469	0.165017	10.0817
2.88148	9.4472	0.0825083	10.0817
2.9593	9.5297	0	10.0817
2.96108	9.5297	0.0825083	10.0817
2.99018	9.61221	0	10.0817
2.99036	9.65347	0.0825083	10.0817
2.99594	9.73597	0	10.0817
3.00835	9.73597	0.0825083	10.0817
3.02905	9.81848	0	10.0817
3.03036	9.85974	0.0825083	10.0817
3.05559	9.94224	0	10.0817
3.05676	9.9835	0.0825083	10.0817
3.10792	10.066	0	10.0817
3.11066	10.066	0	10.3542
3.11769	10.1073	0.0825083	10.3542
3.12214	10.1898	0	10.3542
3.17628	10.1898	0	10.6267
3.21198	10.1898	0	10.8992
3.21246	10.231	0.0825083	10.8992
3.21847	10.3135	0	10.8992
3.24603	10.3135	0	10.8992
3.2626	10.3135	0	10.8992
3.26776	10.3135	0	11.1717
3.27037	10.3135	0.0825083	11.1717
3.27095	10.3135	0.165017	11.1717
3.27467	10.396	0.0825083	11.1717
3.27578	10.396	0.0825083	11.4441
3.31439	10.4785	0	11.4441
3.31633	10.4785	0.165017	11.4441
3.31781	10.5611	0.0825083	11.4441
3.35314	10.6436	0	11.4441
3.44721	10.6436	0	11.4441
3.44951	10.6436	0.165017	11.4441
3.44994	10.7261	0.0825083	11.4441
3.45059	10.7673	0.165017	11.4441
3.45312	10.8498	0.0825083	11.4441
3.4861	10.9323	0	11.4441
3.53083	10.9323	0	11.4441
3.53577	10.9323	0	11.7166
3.56976	10.9323	0	11.9891
3.57237	10.9323	0.0825083	11.9891
3.62313	11.0149	0	11.9891
3.644	11.0149	0	12.2616
3.64405	11.0561	0.0825083	12.2616
3.66186	11.1386	0	12.2616
3.66298	11.1799	0.0825083	12.2616
3.68596	11.2624	0	12.2616
3.69562	11.3036	0.0825083	12.2616
3.72992	11.3861	0	12.2616
3.73012	11.3861	0.165017	12.2616
3.73019	11.4686	0.0825083	12.2616
3.738	11.5512	0	12.2616
3.74076	11.5512	0	12.5341
3.79576	11.5512	0	12.8065
3.81587	11.5512	0	13.079
3.82334	11.5924	0.0825083	13.079
3.82551	11.6749	0	13.079
3.82759	11.6749	0.165017	13.079
3.82793	11.7574	0.0825083	13.079
3.83046	11.8399	0	13.079
3.83182	11.8399	0.165017	13.079
3.8319	11.9224	0.0825083	13.079
3.84698	12.005	0	13.079
3.84867	12.005	0.0825083	13.079
3.93446	12.0875	0	13.079
3.93509	12.1287	0.0825083	13.079
3.94911	12.2112	0	13.079
3.95076	12.2112	0.0825083	13.079
3.96438	12.2937	0	13.079
3.96444	12.2937	0.165017	13.079
3.96542	12.3762	0.0825083	13.079
3.9876	12.4587	0	13.079
3.99364	12.4587	0	13.3515
3.99418	12.4587	0.0825083	13.3515
4.02335	12.5413	0	13.3515
4.02372	12.5825	0.0825083	13.3515
4.05377	12.665	0	13.3515
4.06444	12.665	0	13.624
4.06465	12.665	0.165017	13.624
4.06602	12.7475	0.0825083	13.624
4.0897	12.83	0	13.624
4.09198	12.8713	0.0825083	13.624
4.09315	12.9538	0	13.624
4.09508	12.995	0.0825083	13.624
4.09542	13.0776	0	13.624
4.09584	13.0776	0.165017	13.624
4.09587	13.1601	0.0825083	13.624
4.12916	13.2426	0	13.624
4.12983	13.2426	0.165017	13.624
4.13333	13.3251	0.0825083	13.624
4.13522	13.4076	0	13.624
4.13828	13.4076	0.165017	13.624
4.13868	13.4901	0.0825083	13.624
4.16143	13.5726	0	13.624
4.16266	13.5726	0.165017	13.624
4.16753	13.6551	0.0825083	13.624
4.20524	13.7376	0	13.624
4.20655	13.7789	0.0825083	13.624
4.226	13.8614	0	13.624
4.2262	13.9026	0.0825083	13.624
4.24326	13.9851	0	13.624
4.26129	13.9851	0	13.8965
4.29584	13.9851	0	13.8965
4.29677	14.0264	0.0825083	13.8965
4.4594	14.1089	0	13.8965
4.45967	14.1089	0.165017	13.8965
4.45985	14.1914	0.0825083	13.8965
4.46224	14.2739	0	13.8965
4.46731	14.3152	0.0825083	13.8965
4.4814	14.3977	0	13.8965
4.4821	14.3977	0.0825083	13.8965
4.48238	14.4389	0.165017	13.8965
4.48438	14.5215	0.0825083	13.8965
4.48579	14.604	0	13.8965
4.48645	14.6452	0.0825083	13.8965
4.48681	14.7277	0	13.8965
4.48732	14.7277	0.165017	13.8965
4.48949	14.8102	0.0825083	13.8965
4.50172	14.8927	0	13.8965
4.50332	14.8927	0.0825083	13.8965
4.54261	14.9752	0	13.8965
4.54615	15.0165	0.0825083	13.8965
4.55209	15.099	0	13.8965
4.56797	15.099	0	13.8965
4.56805	15.1403	0.0825083	13.8965
4.58988	15.2228	0	13.8965
4.68318	15.2228	0	14.1689
4.68343	15.264	0.0825083	14.1689
4.73061	15.3465	0	14.1689
4.73757	15.3465	0	14.1689
4.73776	15.3878	0.0825083	14.1689
4.73962	15.4703	0	14.1689
4.74002	15.4703	0.165017	14.1689
4.74162	15.5528	0.0825083	14.1689
4.7919	15.6353	0	14.1689
4.80057	15.6353	0	14.4414
4.80157	15.6766	0.0825083	14.4414
4.83635	15.7591	0	14.4414
4.8371	15.8003	0.0825083	14.4414
4.86703	15.8828	0	14.4414
4.92201	15.8828	0	14.9864
4.93891	15.8828	0	15.2589
4.93906	15.8828	0.0825083	15.2589
4.98933	15.9653	0	15.2589
5.04547	15.9653	0	15.5313
5.04957	15.9653	0	15.8038
5.05005	15.9653	0.165017	15.8038
5.05211	16.0479	0.0825083	15.8038
5.09447	16.1304	0	15.8038
5.15064	16.1304	0	16.0763
5.15089	16.1304	0.165017	16.0763
5.15435	16.2129	0.0825083	16.0763
5.1711	16.2954	0	16.0763
5.18016	16.2954	0	16.3488
5.18073	16.2954	0.0825083	16.3488
5.18809	16.3779	0	16.3488
5.19015	16.4191	0.0825083	16.3488
5.19919	16.5016	0	16.3488
5.19923	16.5016	0.165017	16.3488
5.19931	16.5842	0.0825083	16.3488
5.20933	16.6667	0	16.3488
5.21975	16.6667	0	16.6213
5.22415	16.6667	0	16.8937
5.22593	16.7079	0.0825083	16.8937
5.22736	16.7079	0.165017	16.8937
5.22761	16.7904	0.0825083	16.8937
5.23625	16.8729	0	16.8937
5.24496	16.8729	0	17.1662
5.24722	16.8729	0.165017	17.1662
5.24888	16.9554	0.0825083	17.1662
5.34493	17.038	0	17.1662
5.34988	17.0792	0.0825083	17.1662
5.35723	17.1617	0	17.1662
5.36018	17.203	0.0825083	17.1662
5.36691	17.2855	0	17.1662
5.36829	17.2855	0.165017	17.1662
5.37436	17.368	0.0825083	17.1662
5.39159	17.4505	0	17.1662
5.39496	17.4505	0	17.4387
5.39674	17.4917	0.0825083	17.4387
5.40117	17.5743	0	17.4387
5.40688	17.5743	0	17.7112
5.41288	17.5743	0	17.9837
5.41517	17.5743	0.0825083	17.9837
5.48628	17.6568	0	17.9837
5.48927	17.698	0.0825083	17.9837
5.50617	17.7805	0	17.9837
5.5062	17.7805	0.165017	17.9837
5.507	17.863	0.0825083	17.9837
5.5533	17.9455	0	17.9837
5.59744	17.9455	0	18.2561
5.59745	17.9868	0.0825083	18.2561
5.61264	18.0693	0	18.2561
5.66711	18.0693	0	18.5286
5.66877	18.1106	0.0825083	18.5286
5.68438	18.1931	0	18.5286
5.70208	18.1931	0	18.8011
5.75211	18.1931	0	19.0736
5.75212	18.2343	0.0825083	19.0736
5.84418	18.3168	0	19.0736
5.86233	18.3168	0	19.346
5.86939	18.3581	0.0825083	19.346
5.90737	18.4406	0	19.346
5.90921	18.4818	0.0825083	19.346
5.92802	18.5644	0	19.346
5.92895	18.6056	0.0825083	19.346
5.93025	18.6881	0	19.346
5.93114	18.7294	0.0825083	19.346
5.93672	18.8119	0	19.346
5.93686	18.8531	0.0825083	19.346
6.0036	18.9356	0	19.346
6.07573	18.9356	0	19.346
6.0797	18.9769	0.0825083	19.346
6.08222	19.0594	0	19.346
6.08222	19.1007	0.0825083	19.346
6.08846	19.1832	0	19.346
6.08871	19.1832	0.165017	19.346
6.08881	19.2657	0.0825083	19.346
6.09333	19.3482	0	19.346
6.14939	19.3482	0	19.6185
6.14955	19.3482	0.165017	19.6185
6.15104	19.4307	0.0825083	19.6185
6.16346	19.5132	0	19.6185
6.16448	19.5545	0.0825083	19.6185
6.19223	19.637	0	19.6185
6.21175	19.637	0	19.6185
6.21278	19.637	0	19.6185
6.23748	19.637	0	19.891
6.23803	19.637	0.0825083	19.891
6.26193	19.7195	0	19.891
6.26437	19.7195	0.165017	19.891
6.26651	19.802	0.0825083	19.891
6.27339	19.8845	0	19.891
6.27378	19.8845	0.165017	19.891
6.27607	19.967	0.0825083	19.891
6.27953	20.0495	0	19.891
6.28025	20.0908	0.0825083	19.891
6.34114	20.1733	0	19.891
6.34359	20.1733	0.165017	19.891
6.34363	20.2558	0.0825083	19.891
6.40614	20.3383	0	19.891
6.40641	20.3383	0.165017	19.891
6.40666	20.4208	0.0825083	19.891
6.41005	20.5033	0	19.891
6.41065	20.5033	0.165017	19.891
6.41358	20.5858	0.0825083	19.891
6.42106	20.6683	0	19.891
6.4237	20.7096	0.0825083	19.891
6.50277	20.7921	0	19.891
6.50483	20.7921	0	20.1635
6.50523	20.8333	0.0825083	20.1635
6.51045	20.9158	0	20.1635
6.51382	20.9571	0.0825083	20.1635
6.5348	21.0396	0	20.1635
6.54931	21.0396	0.0825083	20.1635
6.55571	21.1221	0	20.1635
6.55695	21.1634	0.0825083	20.1635
6.58416	21.2459	0	20.1635
6.5847	21.2871	0.0825083	20.1635
6.59574	21.3696	0	20.1635
6.59588	21.3696	0.0825083	20.1635
6.60643	21.4521	0	20.1635
6.60643	21.4521	0.165017	20.1635
6.60841	21.5347	0.0825083	20.1635
6.61609	21.6172	0	20.1635
6.61697	21.6172	0.0825083	20.1635
6.61914	21.6584	0.165017	20.1635
6.62047	21.7409	0.0825083	20.1635
6.65968	21.8234	0	20.1635
6.66003	21.8647	0.0825083	20.1635
6.69757	21.9472	0	20.1635
6.72192	21.9472	0	20.436
6.76692	21.9472	0	20.7084
6.76722	21.9884	0.0825083	20.7084
6.83296	22.071	0	20.7084
6.83345	22.071	0.0825083	20.7084
6.87848	22.1535	0	20.7084
6.88085	22.1947	0.0825083	20.7084
6.96011	22.2772	0	20.7084
7.00214	22.2772	0	20.9809
7.02101	22.2772	0	21.2534
7.04391	22.2772	0	21.5259
7.04951	22.2772	0	21.7984
7.06417	22.2772	0	22.0708
7.06476	22.2772	0.165017	22.0708
7.06565	22.3597	0.0825083	22.0708
7.13573	22.4422	0	22.0708
7.13791	22.4835	0.0825083	22.0708
7.15066	22.566	0	22.0708
7.15699	22.566	0	22.3433
7.15905	22.6073	0.0825083	22.3433
7.17659	22.6898	0	22.3433
7.21425	22.6898	0	22.6158
7.27257	22.6898	0	22.6158
7.27285	22.6898	0.0825083	22.6158
7.3054	22.7723	0	22.6158
7.30629	22.7723	0.165017	22.6158
7.30774	22.8548	0.0825083	22.6158
7.36261	22.9373	0	22.6158
7.36384	22.9373	0	22.6158
7.36779	22.9373	0	22.8883
7.37194	22.9785	0.0825083	22.8883
7.37427	22.9785	0.165017	22.8883
7.37457	23.0611	0.0825083	22.8883
7.49026	23.1436	0	22.8883
7.49029	23.1848	0.0825083	22.8883
7.49466	23.1848	0.0825083	23.1608
7.52785	23.2673	0	23.1608
7.53593	23.2673	0	23.4332
7.53723	23.3086	0.0825083	23.4332
7.59326	23.3911	0	23.4332
7.62008	23.3911	0	23.7057
7.6212	23.4323	0.0825083	23.7057
7.6675	23.5149	0	23.7057
7.6679	23.5149	0.0825083	23.7057
7.69844	23.5974	0	23.7057
7.7251	23.5974	0	23.9782
7.7257	23.5974	0.0825083	23.9782
7.76535	23.6799	0	23.9782
7.80043	23.6799	0	23.9782
7.80284	23.7211	0.0825083	23.9782
7.82151	23.8036	0	23.9782
7.82229	23.8449	0.0825083	23.9782
7.84805	23.9274	0	23.9782
7.84912	23.9686	0.0825083	23.9782
7.86496	24.0512	0	23.9782
7.87026	24.0924	0.0825083	23.9782
7.90356	24.1749	0	23.9782
7.90623	24.1749	0.165017	23.9782
7.90711	24.2574	0.0825083	23.9782
7.97802	24.3399	0	23.9782
7.98021	24.3812	0.0825083	23.9782
7.98157	24.4224	0.165017	23.9782
7.98318	24.5049	0.0825083	23.9782
7.99484	24.5875	0	23.9782
7.99825	24.5875	0	24.2507
8.00025	24.5875	0.0825083	24.2507
8.00647	24.67	0	24.2507
8.05084	24.67	0	24.5232
8.091	24.67	0	24.7956
8.09271	24.7112	0.0825083	24.7956
8.16504	24.7937	0	24.7956
8.16568	24.7937	0.165017	24.7956
8.16728	24.8762	0.0825083	24.7956
8.19026	24.9587	0	24.7956
8.1911	24.9587	0.0825083	24.7956
8.21652	25.0413	0	24.7956
8.21977	25.0413	0.0825083	24.7956
8.23616	25.1238	0	24.7956
8.24977	25.1238	0	24.7956
8.29094	25.1238	0	24.7956
8.29652	25.1238	0.0825083	24.7956
8.31549	25.2063	0	24.7956
8.32834	25.2063	0	25.0681
8.33103	25.2063	0.0825083	25.0681
8.33165	25.2888	0	25.0681
8.33169	25.33	0.0825083	25.0681
8.36922	25.4125	0	25.0681
8.3693	25.4125	0.0825083	25.0681
8.37086	25.4951	0	25.0681
8.40216	25.4951	0	25.3406
8.42984	25.4951	0	25.6131
8.43025	25.5363	0.0825083	25.6131
8.43245	25.6188	0	25.6131
8.43298	25.6188	0.165017	25.6131
8.43466	25.7013	0.0825083	25.6131
8.4962	25.7838	0	25.6131
8.50119	25.7838	0	25.8856
8.54932	25.7838	0	26.158
8.6218	25.7838	0	26.4305
8.62245	25.7838	0.0825083	26.4305
8.6973	25.8663	0	26.4305
8.69968	25.9076	0.0825083	26.4305
8.71591	25.9901	0	26.4305
8.71828	25.9901	0.165017	26.4305
8.72023	26.0726	0.0825083	26.4305
8.72707	26.1551	0	26.4305
8.72873	26.1964	0.0825083	26.4305
8.7355	26.2789	0	26.4305
8.77394	26.2789	0	26.703
8.77537	26.3201	0.0825083	26.703
8.77909	26.4026	0	26.703
8.78209	26.4439	0.0825083	26.703
8.80472	26.5264	0	26.703
8.80654	26.5264	0.0825083	26.703
8.82877	26.6089	0	26.703
8.82944	26.6089	0.165017	26.703
8.83054	26.6914	0.0825083	26.703
8.89413	26.7739	0	26.703
8.89708	26.7739	0	26.9755
8.90782	26.7739	0	27.248
8.93746	26.7739	0	27.5204
8.9419	26.7739	0	27.7929
8.94755	26.7739	0.0825083	27.7929
8.96389	26.8564	0	27.7929
8.96466	26.8564	0.165017	27.7929
8.96579	26.9389	0.0825083	27.7929
8.96725	26.9802	0.165017	27.7929
8.97055	27.0627	0.0825083	27.7929
8.97088	27.1452	0	27.7929
8.97114	27.1452	0.165017	27.7929
8.97405	27.2277	0.0825083	27.7929
8.98845	27.3102	0	27.7929
8.99565	27.3515	0.0825083	27.7929
9.04696	27.434	0	27.7929
9.04869	27.4752	0.0825083	27.7929
9.05897	27.5578	0	27.7929
9.10409	27.5578	0	28.0654
9.10429	27.5578	0.165017	28.0654
9.10706	27.6403	0.0825083	28.0654
9.14089	27.7228	0	28.0654
9.17598	27.7228	0	28.3379
9.17741	27.7228	0.0825083	28.3379
9.1908	27.8053	0	28.3379
9.19586	27.8053	0	28.6104
9.20043	27.8465	0.0825083	28.6104
9.2063	27.929	0	28.6104
9.2204	27.929	0	28.8828
9.2411	27.929	0	29.1553
9.2603	27.929	0	29.4278
9.26317	27.9703	0.0825083	29.4278
9.26884	28.0528	0	29.4278
9.27119	28.0941	0.0825083	29.4278
9.29268	28.1766	0	29.4278
9.29414	28.2178	0.0825083	29.4278
9.33829	28.3003	0	29.4278
9.33891	28.3416	0.0825083	29.4278
9.36884	28.4241	0	29.4278
9.37138	28.4653	0.0825083	29.4278
9.45065	28.5479	0	29.4278
9.45068	28.5891	0.0825083	29.4278
9.52202	28.6716	0	29.4278
9.58443	28.6716	0	29.7003
9.59003	28.6716	0	29.9728
9.62948	28.6716	0	30.2452
9.63246	28.7129	0.0825083	30.2452
9.65911	28.7954	0	30.2452
9.65978	28.7954	0.0825083	30.2452
9.66412	28.8779	0	30.2452
9.6653	28.8779	0	30.5177
9.70963	28.8779	0	30.7902
9.7136	28.8779	0	31.0627
9.71379	28.8779	0.165017	31.0627
9.71417	28.9604	0.0825083	31.0627
9.7249	29.0429	0	31.0627
9.72776	29.0429	0	31.3351
9.73085	29.0842	0.0825083	31.3351
9.80038	29.1667	0	31.3351
9.80104	29.2079	0.0825083	31.3351
9.83007	29.2904	0	31.3351
9.83018	29.3317	0.0825083	31.3351
9.861	29.4142	0	31.3351
9.87784	29.4142	0	31.6076
9.89247	29.4142	0	31.8801
9.89832	29.4142	0	32.1526
9.89975	29.4554	0.0825083	32.1526
9.91951	29.538	0	32.1526
9.92955	29.538	0	32.1526
9.93373	29.538	0.0825083	32.1526
9.96037	29.6205	0	32.1526
9.9613	29.6617	0.0825083	32.1526
10.0227	29.7442	0	32.1526
10.0463	29.7442	0	32.4251
10.093	29.7442	0	32.6975
10.1041	29.7442	0	32.97
10.2197	29.7442	0	33.2425
10.2203	29.7855	0.0825083	33.2425
10.3138	29.868	0	33.2425
10.314	29.9092	0.0825083	33.2425
10.3144	29.9505	0.165017	33.2425
10.3154	30.033	0.0825083	33.2425
10.3497	30.1155	0	33.2425
10.3512	30.1568	0.0825083	33.2425
10.3688	30.2393	0	33.2425
10.369	30.2393	0.165017	33.2425
10.3692	30.3218	0.0825083	33.2425
10.4785	30.4043	0	33.2425
10.4785	30.4043	0.0825083	33.2425
10.5651	30.4868	0	33.2425
10.5652	30.5281	0.0825083	33.2425
10.6049	30.6106	0	33.2425
10.6402	30.6106	0	33.515
10.6436	30.6518	0.0825083	33.515
10.644	30.6518	0.247525	33.515
10.6446	30.7343	0.165017	33.515
10.6449	30.8168	0.0825083	33.515
10.6805	30.8993	0	33.515
10.6816	30.8993	0.165017	33.515
10.6818	30.9818	0.0825083	33.515
10.7259	31.0644	0	33.515
10.7278	31.1056	0.0825083	33.515
10.7369	31.1881	0	33.515
10.7425	31.1881	0	33.7875
10.7431	31.1881	0.165017	33.7875
10.7442	31.2706	0.0825083	33.7875
10.7537	31.3531	0	33.7875
10.7547	31.3531	0.0825083	33.7875
10.7904	31.4356	0	33.7875
10.791	31.4356	0.165017	33.7875
10.7951	31.5182	0.0825083	33.7875
10.8202	31.6007	0	33.7875
10.832	31.6007	0	33.7875
10.8461	31.6007	0	34.0599
10.8469	31.6007	0.165017	34.0599
10.848	31.6832	0.0825083	34.0599
10.8774	31.7657	0	34.0599
10.9245	31.7657	0	34.3324
10.9252	31.7657	0.165017	34.3324
10.9299	31.8482	0.0825083	34.3324
10.9313	31.8482	0.247525	34.3324
10.9322	31.9307	0.165017	34.3324
10.9327	32.0132	0.0825083	34.3324
10.947	32.0957	0	34.3324
10.9488	32.0957	0.165017	34.3324
10.9495	32.1782	0.0825083	34.3324
10.9624	32.2607	0	34.3324
11.0041	32.2607	0	34.6049
11.0091	32.2607	0.165017	34.6049
11.0112	32.3432	0.0825083	34.6049
11.0126	32.4257	0	34.6049
11.0139	32.467	0.0825083	34.6049
11.0242	32.5495	0	34.6049
11.0243	32.5495	0.165017	34.6049
11.0251	32.632	0.0825083	34.6049
11.0563	32.7145	0	34.6049
11.0567	32.7145	0.165017	34.6049
11.057	32.797	0.0825083	34.6049
11.0742	32.8795	0	34.6049
11.077	32.9208	0.0825083	34.6049
11.1118	33.0033	0	34.6049
11.1206	33.0033	0	34.8774
11.121	33.0033	0.0825083	34.8774
11.1334	33.0858	0	34.8774
11.1357	33.0858	0.0825083	34.8774
11.2032	33.1683	0	34.8774
11.2717	33.1683	0	34.8774
11.3657	33.1683	0	35.1499
11.4215	33.1683	0	35.4223
11.4613	33.1683	0	35.6948
11.5292	33.1683	0	35.9673
11.5383	33.1683	0	36.2398
11.5395	33.2096	0.0825083	36.2398
11.5952	33.2921	0	36.2398
11.5969	33.3333	0.0825083	36.2398
11.6053	33.4158	0	36.2398
11.6163	33.4158	0	36.5123
11.6165	33.4571	0.0825083	36.5123
11.6354	33.5396	0	36.5123
11.707	33.5396	0	36.7847
11.7072	33.5396	0.0825083	36.7847
11.8462	33.6221	0	36.7847
11.8467	33.6221	0.165017	36.7847
11.8477	33.7046	0.0825083	36.7847
11.8625	33.7871	0	36.7847
11.8695	33.7871	0	37.0572
11.8719	33.8284	0.0825083	37.0572
11.8754	33.9109	0	37.0572
11.8759	33.9109	0.0825083	37.0572
11.8998	33.9934	0	37.0572
11.9	33.9934	0.165017	37.0572
11.9009	34.0759	0.0825083	37.0572
11.93	34.1584	0	37.0572
11.9308	34.1997	0.0825083	37.0572
11.9443	34.2822	0	37.0572
11.9618	34.2822	0	37.0572
11.9623	34.2822	0.165017	37.0572
11.9692	34.3647	0.0825083	37.0572
12.0773	34.4472	0	37.0572
12.0887	34.4472	0	37.6022
12.0899	34.4884	0.0825083	37.6022
12.1112	34.571	0	37.6022
12.1198	34.6122	0.0825083	37.6022
12.2222	34.6947	0	37.6022
12.2232	34.736	0.0825083	37.6022
12.2581	34.8185	0	37.6022
12.2587	34.8185	0.165017	37.6022
12.2606	34.901	0.0825083	37.6022
12.2774	34.9835	0	37.6022
12.2774	34.9835	0.165017	37.6022
12.2784	35.066	0.0825083	37.6022
12.3656	35.1485	0	37.6022
12.3657	35.1898	0.0825083	37.6022
12.3794	35.2723	0	37.6022
12.3797	35.2723	0.165017	37.6022
12.382	35.3548	0.0825083	37.6022
12.392	35.4373	0	37.6022
12.394	35.4373	0	37.8747
12.3965	35.4373	0.165017	37.8747
12.3975	35.5198	0.0825083	37.8747
12.3997	35.6023	0	37.8747
12.424	35.6023	0	38.1471
12.4254	35.6436	0.0825083	38.1471
12.4711	35.7261	0	38.1471
12.4718	35.7673	0.0825083	38.1471
12.4875	35.8498	0	38.1471
12.4876	35.8911	0.0825083	38.1471
12.4924	35.9736	0	38.1471
12.4924	35.9736	0.165017	38.1471
12.4931	35.9736	0.330033	38.1471
12.4935	36.0561	0.247525	38.1471
12.4944	36.1386	0.165017	38.1471
12.4944	36.2211	0.0825083	38.1471
12.552	36.3036	0	38.1471
12.5947	36.3036	0	38.4196
12.5949	36.3036	0.165017	38.4196
12.5983	36.3861	0.0825083	38.4196
12.645	36.4686	0	38.4196
12.6477	36.5099	0.0825083	38.4196
12.6801	36.5924	0	38.4196
12.6806	36.5924	0.165017	38.4196
12.6875	36.6749	0.0825083	38.4196
12.6971	36.7574	0	38.4196
12.698	36.7987	0.0825083	38.4196
12.7318	36.8812	0	38.4196
12.801	36.8812	0	38.6921
12.8027	36.9224	0.0825083	38.6921
12.8863	37.005	0	38.6921
12.8864	37.0462	0.0825083	38.6921
12.8877	37.0462	0.0825083	38.9646
12.895	37.1287	0	38.9646
12.8956	37.17	0.0825083	38.9646
12.8981	37.2525	0	38.9646
12.8983	37.2525	0.0825083	38.9646
12.9477	37.335	0	38.9646
12.9479	37.3762	0.0825083	38.9646
13.0345	37.4587	0	38.9646
13.0582	37.4587	0	39.2371
13.0613	37.4587	0.165017	39.2371
13.0641	37.5413	0.0825083	39.2371
13.067	37.6238	0	39.2371
13.0791	37.6238	0	39.782
13.1434	37.6238	0	40.0545
13.1448	37.6238	0.0825083	40.0545
13.1489	37.7063	0	40.0545
13.1492	37.7063	0.0825083	40.0545
13.1875	37.7888	0	40.0545
13.1882	37.7888	0	40.327
13.212	37.7888	0	40.5995
13.2124	37.7888	0.0825083	40.5995
13.2639	37.8713	0	40.5995
13.279	37.8713	0	40.8719
13.2813	37.9125	0.0825083	40.8719
13.3093	37.995	0	40.8719
13.311	38.0363	0.0825083	40.8719
13.3339	38.1188	0	40.8719
13.3495	38.1188	0	41.1444
13.3501	38.1601	0.0825083	41.1444
13.3595	38.2426	0	41.1444
13.3597	38.2838	0.0825083	41.1444
13.384	38.3663	0	41.1444
13.3841	38.4076	0.0825083	41.1444
13.4141	38.4901	0	41.1444
13.4146	38.4901	0.165017	41.1444
13.4154	38.5726	0.0825083	41.1444
13.4377	38.6551	0	41.1444
13.4395	38.6964	0.0825083	41.1444
13.5819	38.7789	0	41.1444
13.6327	38.7789	0	41.4169
13.6345	38.8201	0.0825083	41.4169
13.6567	38.9026	0	41.4169
13.6568	38.9439	0.0825083	41.4169
13.7353	39.0264	0	41.4169
13.7373	39.0264	0.165017	41.4169
13.7413	39.1089	0.0825083	41.4169
13.7436	39.1089	0.0825083	41.4169
13.7504	39.1914	0	41.4169
13.7523	39.1914	0.0825083	41.4169
13.7575	39.2739	0	41.4169
13.7608	39.3152	0.0825083	41.4169
13.8382	39.3977	0	41.4169
13.8484	39.3977	0	41.6894
13.8506	39.4389	0.0825083	41.6894
13.8647	39.5215	0	41.6894
13.8765	39.5215	0	41.9619
13.8768	39.5627	0.0825083	41.9619
13.9235	39.6452	0	41.9619
13.925	39.6865	0.0825083	41.9619
13.9944	39.769	0	41.9619
13.9976	39.8102	0.0825083	41.9619
14.0178	39.8927	0	41.9619
14.0236	39.934	0.0825083	41.9619
14.0244	39.9752	0.165017	41.9619
14.0249	40.0578	0.0825083	41.9619
14.0251	40.099	0.165017	41.9619
14.0263	40.1815	0.0825083	41.9619
14.044	40.264	0	41.9619
14.044	40.264	0.165017	41.9619
14.045	40.3465	0.0825083	41.9619
14.0492	40.429	0	41.9619
14.0556	40.429	0	42.2343
14.0617	40.429	0	42.5068
14.088	40.429	0	42.7793
14.0898	40.429	0	42.7793
14.0948	40.4703	0.0825083	42.7793
14.146	40.5528	0	42.7793
14.1495	40.5941	0.0825083	42.7793
14.2478	40.6766	0	42.7793
14.248	40.7178	0.0825083	42.7793
14.2591	40.8003	0	42.7793
14.2605	40.8416	0.0825083	42.7793
14.339	40.9241	0	42.7793
14.3447	40.9241	0	43.0518
14.348	40.9241	0.0825083	43.0518
14.3481	41.0066	0	43.0518
14.3491	41.0479	0.0825083	43.0518
14.3851	41.1304	0	43.0518
14.4032	41.1304	0	43.3242
14.4038	41.1304	0.0825083	43.3242
14.5179	41.2129	0	43.3242
14.5189	41.2541	0.0825083	43.3242
14.5846	41.3366	0	43.3242
14.586	41.3779	0.0825083	43.3242
14.5943	41.4604	0	43.3242
14.5971	41.5017	0.0825083	43.3242
14.5977	41.5017	0.0825083	43.5967
14.5988	41.5842	0	43.5967
14.5988	41.6254	0.0825083	43.5967
14.5996	41.7079	0	43.5967
14.6004	41.7079	0.165017	43.5967
14.6032	41.7904	0.0825083	43.5967
14.6088	41.8729	0	43.5967
14.6212	41.8729	0	43.8692
14.6286	41.8729	0	44.1417
14.6419	41.8729	0	44.4142
14.6516	41.8729	0	44.6866
14.7013	41.8729	0	44.9591
14.755	41.8729	0	44.9591
14.7695	41.8729	0	45.2316
14.7747	41.8729	0	45.5041
14.7748	41.8729	0.165017	45.5041
14.7751	41.9554	0.0825083	45.5041
14.8234	42.038	0	45.5041
14.8236	42.0792	0.0825083	45.5041
14.8507	42.1617	0	45.5041
14.8535	42.203	0.0825083	45.5041
14.8962	42.2855	0	45.5041
14.9086	42.2855	0	45.7766
14.9157	42.2855	0	46.049
14.9457	42.2855	0	46.3215
14.947	42.3267	0.0825083	46.3215
15.0725	42.4092	0	46.3215
15.0731	42.4505	0.0825083	46.3215
15.0804	42.533	0	46.3215
15.0985	42.533	0	46.594
15.1035	42.5743	0.0825083	46.594
15.1249	42.6568	0	46.594
15.1263	42.698	0.0825083	46.594
15.178	42.7805	0	46.594
15.179	42.8218	0.0825083	46.594
15.2211	42.9043	0	46.594
15.2222	42.9455	0.0825083	46.594
15.3346	43.0281	0	46.594
15.3453	43.0281	0	46.8665
15.3485	43.0693	0.0825083	46.8665
15.4461	43.1518	0	46.8665
15.4746	43.1518	0	47.139
15.4746	43.1518	0	47.4114
15.4859	43.1518	0	47.9564
15.4867	43.1931	0.0825083	47.9564
15.4899	43.1931	0.0825083	48.2289
15.4971	43.2756	0	48.2289
15.4973	43.2756	0.165017	48.2289
15.4979	43.3581	0.0825083	48.2289
15.5573	43.4406	0	48.2289
15.5575	43.4818	0.0825083	48.2289
15.5922	43.5644	0	48.2289
15.6563	43.5644	0	48.7738
15.7007	43.5644	0	49.0463
15.7954	43.5644	0	49.0463
15.7962	43.6056	0.0825083	49.0463
15.8175	43.6881	0	49.0463
15.8207	43.7294	0.0825083	49.0463
15.9524	43.8119	0	49.0463
15.9546	43.8119	0.0825083	49.0463
15.9858	43.8944	0	49.0463
15.988	43.8944	0.165017	49.0463
15.9914	43.9769	0.0825083	49.0463
15.9964	44.0594	0	49.0463
15.9985	44.0594	0.0825083	49.0463
16.05	44.1419	0	49.0463
16.0519	44.1832	0.0825083	49.0463
16.0996	44.2657	0	49.0463
16.1003	44.3069	0.0825083	49.0463
16.1085	44.3894	0	49.0463
16.1092	44.4307	0.0825083	49.0463
16.1595	44.5132	0	49.0463
16.161	44.5132	0.0825083	49.0463
16.181	44.5957	0	49.0463
16.1812	44.5957	0.165017	49.0463
16.1824	44.6782	0.0825083	49.0463
16.1899	44.7607	0	49.0463
16.2156	44.7607	0	49.5913
16.216	44.7607	0.0825083	49.5913
16.2213	44.8432	0	49.5913
16.2427	44.8432	0	49.8638
16.2428	44.8432	0.0825083	49.8638
16.294	44.9257	0	49.8638
16.2946	44.9257	0.165017	49.8638
16.2948	45.0083	0.0825083	49.8638
16.2979	45.0908	0	49.8638
16.2996	45.132	0.0825083	49.8638
16.3378	45.2145	0	49.8638
16.369	45.2145	0	50.1362
16.3816	45.2145	0	50.4087
16.3818	45.2558	0.0825083	50.4087
16.405	45.3383	0	50.4087
16.4052	45.3383	0.165017	50.4087
16.4062	45.4208	0.0825083	50.4087
16.5197	45.5033	0	50.4087
16.5216	45.5446	0.0825083	50.4087
16.5263	45.6271	0	50.4087
16.5275	45.6683	0.0825083	50.4087
16.5734	45.7508	0	50.4087
16.5766	45.7508	0	50.9537
16.5766	45.7921	0.0825083	50.9537
16.6092	45.8746	0	50.9537
16.6189	45.8746	0	51.2262
16.6191	45.8746	0.0825083	51.2262
16.7672	45.9571	0	51.2262
16.7686	45.9983	0.0825083	51.2262
16.8703	46.0809	0	51.2262
16.9018	46.0809	0	51.7711
16.9059	46.0809	0	52.0436
16.9085	46.1221	0.0825083	52.0436
17.0812	46.2046	0	52.0436
17.1265	46.2046	0	52.5886
17.3889	46.2046	0	52.861
17.3901	46.2046	0.0825083	52.861
17.3945	46.2871	0	52.861
17.4255	46.2871	0	53.1335
17.4256	46.2871	0.165017	53.1335
17.4298	46.3696	0.0825083	53.1335
17.448	46.4521	0	53.1335
17.4491	46.4521	0.165017	53.1335
17.4496	46.5347	0.0825083	53.1335
17.4976	46.6172	0	53.1335
17.5	46.6172	0.165017	53.1335
17.5009	46.6997	0.0825083	53.1335
17.5671	46.7822	0	53.1335
17.5712	46.8234	0.0825083	53.1335
17.5764	46.9059	0	53.1335
17.5766	46.9059	0.165017	53.1335
17.5767	46.9884	0.0825083	53.1335
17.616	47.071	0	53.1335
17.6169	47.1122	0.0825083	53.1335
17.6458	47.1947	0	53.1335
17.6745	47.1947	0	53.406
17.6783	47.1947	0.0825083	53.406
17.6851	47.2772	0	53.406
17.6862	47.2772	0.165017	53.406
17.6866	47.3597	0.0825083	53.406
17.7259	47.4422	0	53.406
17.7272	47.4422	0.165017	53.406
17.7274	47.4835	0.247525	53.406
17.7281	47.566	0.165017	53.406
17.7318	47.6485	0.0825083	53.406
17.7914	47.731	0	53.406
17.7916	47.7723	0.0825083	53.406
17.9295	47.8548	0	53.406
17.9351	47.896	0.0825083	53.406
17.9385	47.9785	0	53.406
17.9425	47.9785	0.0825083	53.406
17.9778	48.0611	0	53.406
17.9798	48.1023	0.0825083	53.406
18.0304	48.1848	0	53.406
18.032	48.1848	0.0825083	53.406
18.0638	48.2673	0	53.406
18.0657	48.3086	0.0825083	53.406
18.0858	48.3911	0	53.406
18.0932	48.3911	0.0825083	53.406
18.1384	48.4736	0	53.406
18.1387	48.5149	0.0825083	53.406
18.1826	48.5974	0	53.406
18.1833	48.6386	0.0825083	53.406
18.2701	48.7211	0	53.406
18.2745	48.7624	0.0825083	53.406
18.2851	48.8449	0	53.406
18.2852	48.8449	0.165017	53.406
18.286	48.9274	0.0825083	53.406
18.4419	49.0099	0	53.406
18.4828	49.0099	0	53.6785
18.4832	49.0099	0.165017	53.6785
18.4846	49.0924	0.0825083	53.6785
18.5018	49.1749	0	53.6785
18.502	49.1749	0.165017	53.6785
18.5023	49.2574	0.0825083	53.6785
18.5062	49.3399	0	53.6785
18.5164	49.3812	0.0825083	53.6785
18.6342	49.4637	0	53.6785
18.6382	49.505	0.0825083	53.6785
18.64	49.5462	0.165017	53.6785
18.6404	49.6287	0.0825083	53.6785
18.7044	49.7112	0	53.6785
18.8048	49.7112	0	53.951
18.8051	49.7112	0.165017	53.951
18.8079	49.7937	0.0825083	53.951
18.9226	49.8762	0	53.951
18.923	49.9175	0.0825083	53.951
18.9608	50	0	53.951
18.9611	50	0.165017	53.951
18.9668	50.0825	0.0825083	53.951
19.073	50.165	0	53.951
19.5203	50.165	0	54.4959
19.5323	50.165	0	54.7684
19.5324	50.2063	0.0825083	54.7684
19.7748	50.2888	0	54.7684
19.7759	50.33	0.0825083	54.7684
19.8023	50.4125	0	54.7684
19.806	50.4538	0.0825083	54.7684
19.8548	50.5363	0	54.7684
19.8556	50.5776	0.0825083	54.7684
19.8614	50.6601	0	54.7684
19.8818	50.6601	0	55.0409
19.8835	50.7013	0.0825083	55.0409
19.9365	50.7838	0	55.0409
19.9406	50.7838	0.0825083	55.0409
19.9406	50.7838	0.247525	55.0409
19.9415	50.8663	0.165017	55.0409
19.9418	50.9488	0.0825083	55.0409
20.09	51.0314	0	55.0409
20.1495	51.0314	0	55.5858
20.1982	51.0314	0	55.8583
20.1987	51.0726	0.0825083	55.8583
20.2362	51.1551	0	55.8583
20.2364	51.1551	0.165017	55.8583
20.2412	51.2376	0.0825083	55.8583
20.2639	51.3201	0	55.8583
20.2647	51.3201	0.165017	55.8583
20.2667	51.4026	0.0825083	55.8583
20.2902	51.4851	0	55.8583
20.2958	51.4851	0	56.1308
20.2973	51.5264	0.0825083	56.1308
20.3358	51.6089	0	56.1308
20.4695	51.6089	0	56.6758
20.4755	51.6502	0.0825083	56.6758
20.5424	51.7327	0	56.6758
20.5493	51.7327	0	56.9482
20.5494	51.7739	0.0825083	56.9482
20.5536	51.8564	0	56.9482
20.5537	51.8977	0.0825083	56.9482
20.5548	51.8977	0.165017	56.9482
20.5553	51.9802	0.0825083	56.9482
20.5809	52.0627	0	56.9482
20.5829	52.104	0.0825083	56.9482
20.6329	52.1865	0	56.9482
20.7462	52.1865	0	57.2207
20.7561	52.1865	0	57.4932
20.7579	52.1865	0.0825083	57.4932
20.7585	52.2277	0.165017	57.4932
20.7585	52.3102	0.0825083	57.4932
20.7632	52.3927	0	57.4932
20.7637	52.434	0.0825083	57.4932
20.7724	52.5165	0	57.4932
20.7728	52.5578	0.0825083	57.4932
20.7947	52.6403	0	57.4932
20.7963	52.6403	0.0825083	57.4932
20.8233	52.7228	0	57.4932
20.8243	52.764	0.0825083	57.4932
20.8407	52.8465	0	57.4932
20.8409	52.8465	0.165017	57.4932
20.8413	52.929	0.0825083	57.4932
20.9197	53.0116	0	57.4932
20.921	53.0116	0.0825083	57.4932
20.9536	53.0941	0	57.4932
21.0152	53.0941	0	57.7657
21.0165	53.1353	0.0825083	57.7657
21.02	53.2178	0	57.7657
21.0228	53.2591	0.0825083	57.7657
21.0591	53.3416	0	57.7657
21.0996	53.3416	0	57.7657
21.1333	53.3416	0	57.7657
21.1366	53.3828	0.0825083	57.7657
21.1392	53.4653	0	57.7657
21.1394	53.5066	0.0825083	57.7657
21.1618	53.5891	0	57.7657
21.1621	53.5891	0.165017	57.7657
21.1656	53.6716	0.0825083	57.7657
21.2311	53.7541	0	57.7657
21.2372	53.7541	0	58.0381
21.2789	53.7541	0	58.3106
21.4264	53.7541	0	58.5831
21.4752	53.7541	0	58.8556
21.4764	53.7954	0.0825083	58.8556
21.4798	53.8779	0	58.8556
21.4921	53.8779	0	59.1281
21.4927	53.9191	0.0825083	59.1281
21.6013	54.0017	0	59.1281
21.6154	54.0017	0	59.4005
21.6156	54.0429	0.0825083	59.4005
21.6334	54.1254	0	59.4005
21.6461	54.1254	0	59.673
21.6676	54.1254	0	59.9455
21.6693	54.1667	0.0825083	59.9455
21.8504	54.2492	0	59.9455
21.8519	54.2904	0.0825083	59.9455
21.8575	54.3729	0	59.9455
21.8575	54.3729	0.165017	59.9455
21.8607	54.4554	0.0825083	59.9455
21.9387	54.538	0	59.9455
21.9387	54.538	0.0825083	59.9455
22.0528	54.6205	0	59.9455
22.0558	54.6617	0.0825083	59.9455
22.1689	54.7442	0	59.9455
22.1691	54.7855	0.0825083	59.9455
22.343	54.868	0	59.9455
22.3548	54.868	0	60.218
22.3573	54.9092	0.0825083	60.218
22.4567	54.9917	0	60.218
22.4569	55.033	0.0825083	60.218
22.4764	55.1155	0	60.218
22.4842	55.1155	0	60.218
22.5442	55.1155	0	60.4905
22.5446	55.1155	0	60.7629
22.5447	55.1155	0.165017	60.7629
22.5476	55.198	0.0825083	60.7629
22.6355	55.2805	0	60.7629
22.6363	55.3218	0.0825083	60.7629
22.6447	55.4043	0	60.7629
22.6453	55.4043	0.0825083	60.7629
22.754	55.4868	0	60.7629
22.7552	55.4868	0.165017	60.7629
22.7556	55.5693	0.0825083	60.7629
22.7614	55.6518	0	60.7629
22.7748	55.6518	0	61.0354
22.7787	55.6518	0.0825083	61.0354
22.8397	55.7343	0	61.0354
22.8398	55.7756	0.0825083	61.0354
22.8525	55.8581	0	61.0354
22.8632	55.8581	0	61.3079
22.869	55.8993	0.0825083	61.3079
22.9188	55.9818	0	61.3079
22.9941	55.9818	0	61.5804
22.9944	56.0231	0.0825083	61.5804
23.0156	56.1056	0	61.5804
23.017	56.1056	0.165017	61.5804
23.0177	56.1881	0.0825083	61.5804
23.0272	56.2706	0	61.5804
23.0273	56.3119	0.0825083	61.5804
23.0312	56.3944	0	61.5804
23.0313	56.3944	0.165017	61.5804
23.0325	56.4769	0.0825083	61.5804
23.0412	56.5594	0	61.5804
23.0424	56.6007	0.0825083	61.5804
23.0486	56.6832	0	61.5804
23.0494	56.7244	0.0825083	61.5804
23.2311	56.8069	0	61.5804
23.2342	56.8482	0.0825083	61.5804
23.2861	56.9307	0	61.5804
23.2866	56.9719	0.0825083	61.5804
23.3156	57.0545	0	61.5804
23.322	57.0957	0.0825083	61.5804
23.5099	57.1782	0	61.5804
23.511	57.1782	0.0825083	61.5804
23.6163	57.2607	0	61.5804
23.6167	57.2607	0.165017	61.5804
23.6168	57.3432	0.0825083	61.5804
23.6343	57.4257	0	61.5804
23.6354	57.4257	0.165017	61.5804
23.6355	57.5083	0.0825083	61.5804
23.709	57.5908	0	61.5804
23.7102	57.632	0.0825083	61.5804
23.7485	57.7145	0	61.5804
23.7486	57.7558	0.0825083	61.5804
23.8193	57.8383	0	61.5804
23.8203	57.8795	0.0825083	61.5804
23.8381	57.962	0	61.5804
23.8391	58.0033	0.0825083	61.5804
23.8396	58.0858	0	61.5804
23.8397	58.1271	0.0825083	61.5804
24.0207	58.2096	0	61.5804
24.0252	58.2096	0.0825083	61.5804
24.0592	58.2921	0	61.5804
24.0645	58.2921	0	61.8529
24.0651	58.3333	0.0825083	61.8529
24.1317	58.4158	0	61.8529
24.1357	58.4571	0.0825083	61.8529
24.1444	58.5396	0	61.8529
24.1474	58.5809	0.0825083	61.8529
24.1572	58.6634	0	61.8529
24.1583	58.6634	0.0825083	61.8529
24.2085	58.7459	0	61.8529
24.2093	58.7871	0.0825083	61.8529
24.2201	58.8696	0	61.8529
24.2932	58.8696	0	62.1253
24.2941	58.9109	0.0825083	62.1253
24.3209	58.9934	0	62.1253
24.321	59.0347	0.0825083	62.1253
24.4167	59.1172	0	62.1253
24.4204	59.1584	0.0825083	62.1253
24.4725	59.2409	0	62.1253
24.4801	59.2409	0	62.3978
24.4846	59.2822	0.0825083	62.3978
24.539	59.3647	0	62.3978
24.5421	59.3647	0	62.6703
24.5641	59.3647	0	63.2153
24.6231	59.3647	0	63.4877
24.6235	59.4059	0.0825083	63.4877
24.7595	59.4884	0	63.4877
24.7599	59.5297	0.0825083	63.4877
24.806	59.6122	0	63.4877
24.8072	59.6122	0.0825083	63.4877
24.8476	59.6947	0	63.4877
24.8505	59.736	0.0825083	63.4877
24.922	59.8185	0	63.4877
24.9252	59.8597	0.0825083	63.4877
24.946	59.9422	0	63.4877
25.1376	59.9422	0	63.7602
25.1834	59.9422	0	64.0327
25.2758	59.9422	0	64.3052
25.2782	59.9422	0.165017	64.3052
25.2785	60.0248	0.0825083	64.3052
25.2856	60.1073	0	64.3052
25.2868	60.1485	0.0825083	64.3052
25.3227	60.231	0	64.3052
25.3234	60.231	0.165017	64.3052
25.3238	60.3135	0.0825083	64.3052
25.3855	60.396	0	64.3052
25.386	60.396	0.0825083	64.3052
25.5022	60.4785	0	64.3052
25.5038	60.5198	0.0825083	64.3052
25.5954	60.6023	0	64.3052
25.7523	60.6023	0	64.8501
25.7523	60.6436	0.0825083	64.8501
25.7782	60.7261	0	64.8501
25.8439	60.7261	0	65.1226
25.8454	60.7673	0.0825083	65.1226
25.903	60.8498	0	65.1226
25.9041	60.8911	0.0825083	65.1226
25.9194	60.9736	0	65.1226
25.9722	60.9736	0	65.3951
25.9727	60.9736	0.165017	65.3951
25.9771	61.0561	0.0825083	65.3951
25.9774	61.1386	0	65.3951
25.9776	61.1799	0.0825083	65.3951
26.0785	61.2624	0	65.3951
26.0795	61.3036	0.0825083	65.3951
26.0818	61.3449	0.165017	65.3951
26.082	61.4274	0.0825083	65.3951
26.1229	61.5099	0	65.3951
26.1235	61.5099	0.0825083	65.3951
26.1828	61.5924	0	65.3951
26.1829	61.6337	0.0825083	65.3951
26.2673	61.7162	0	65.3951
26.3563	61.7162	0	65.6676
26.3622	61.7162	0.0825083	65.6676
26.5118	61.7987	0	65.6676
26.5127	61.7987	0.165017	65.6676
26.5136	61.8812	0.0825083	65.6676
26.5191	61.9637	0	65.6676
26.5203	62.005	0.0825083	65.6676
26.532	62.0875	0	65.6676
26.5322	62.0875	0.165017	65.6676
26.5362	62.17	0.0825083	65.6676
26.59	62.2525	0	65.6676
26.5905	62.2525	0.0825083	65.6676
26.6377	62.335	0	65.6676
26.638	62.335	0.165017	65.6676
26.6384	62.4175	0.0825083	65.6676
26.6714	62.5	0	65.6676
26.6724	62.5413	0.0825083	65.6676
26.6827	62.6238	0	65.6676
26.6844	62.6238	0.0825083	65.6676
26.702	62.7063	0	65.6676
26.7021	62.7063	0.165017	65.6676
26.7026	62.7888	0.0825083	65.6676
26.7035	62.8713	0	65.6676
26.7069	62.9125	0.0825083	65.6676
26.7559	62.995	0	65.6676
26.7668	62.995	0	65.9401
26.768	62.995	0.0825083	65.9401
26.7869	63.0776	0	65.9401
26.7875	63.0776	0.0825083	65.9401
26.7878	63.1188	0.165017	65.9401
26.7905	63.2013	0.0825083	65.9401
26.9402	63.2838	0	65.9401
26.9716	63.2838	0	66.485
26.9721	63.2838	0.165017	66.485
26.9752	63.3663	0.0825083	66.485
27.0824	63.4488	0	66.485
27.0824	63.4901	0.0825083	66.485
27.4587	63.5726	0	66.485
27.46	63.5726	0.0825083	66.485
27.4973	63.6551	0	66.485
27.4982	63.6964	0.0825083	66.485
27.5702	63.7789	0	66.485
27.6165	63.7789	0	66.7575
27.6173	63.7789	0.165017	66.7575
27.6182	63.8614	0.0825083	66.7575
27.6415	63.9439	0	66.7575
27.6527	63.9439	0	67.03
27.6534	63.9851	0.0825083	67.03
27.7984	64.0677	0	67.03
27.8002	64.1089	0.0825083	67.03
27.9246	64.1914	0	67.03
27.9248	64.1914	0.165017	67.03
27.925	64.2739	0.0825083	67.03
27.9956	64.3564	0	67.03
28.0446	64.3564	0	67.3025
28.2173	64.3564	0	67.5749
28.3054	64.3564	0	67.8474
28.311	64.3564	0.0825083	67.8474
28.3321	64.4389	0	67.8474
28.4796	64.4389	0	68.3924
28.48	64.4389	0.165017	68.3924
28.4819	64.5215	0.0825083	68.3924
28.5288	64.604	0	68.3924
28.5288	64.604	0.165017	68.3924
28.5393	64.6865	0.0825083	68.3924
28.6368	64.769	0	68.3924
28.6468	64.769	0	68.6648
28.6959	64.769	0	69.2098
28.7006	64.8102	0.0825083	69.2098
28.7253	64.8927	0	69.2098
28.726	64.934	0.0825083	69.2098
28.758	65.0165	0	69.2098
28.7583	65.0578	0.0825083	69.2098
28.7985	65.1403	0	69.2098
28.8463	65.1403	0	69.4823
28.849	65.1815	0.0825083	69.4823
28.8984	65.264	0	69.4823
28.8992	65.3053	0.0825083	69.4823
28.9052	65.3878	0	69.4823
28.9086	65.429	0.0825083	69.4823
28.9999	65.5116	0	69.4823
29.1155	65.5116	0	69.7548
29.1156	65.5528	0.0825083	69.7548
29.1534	65.6353	0	69.7548
29.1561	65.6353	0.165017	69.7548
29.1569	65.7178	0.0825083	69.7548
29.1722	65.8003	0	69.7548
29.1754	65.8003	0.0825083	69.7548
29.2792	65.8828	0	69.7548
29.2795	65.9241	0.0825083	69.7548
29.329	66.0066	0	69.7548
29.3355	66.0479	0.0825083	69.7548
29.3889	66.1304	0	69.7548
29.389	66.1716	0.0825083	69.7548
29.4288	66.2541	0	69.7548
29.433	66.2541	0	70.2997
29.4344	66.2954	0.0825083	70.2997
29.5179	66.3779	0	70.2997
29.5188	66.4191	0.0825083	70.2997
29.5748	66.5016	0	70.2997
29.5752	66.5016	0.165017	70.2997
29.5769	66.5842	0.0825083	70.2997
29.6538	66.6667	0	70.2997
29.6543	66.7079	0.0825083	70.2997
29.8067	66.7904	0	70.2997
29.8085	66.7904	0.0825083	70.2997
29.8559	66.8729	0	70.2997
29.8588	66.9142	0.0825083	70.2997
30.0664	66.9967	0	70.2997
30.0764	67.038	0.0825083	70.2997
30.1129	67.1205	0	70.2997
30.1855	67.1205	0	70.5722
30.188	67.1617	0.0825083	70.5722
30.2634	67.2442	0	70.5722
30.2666	67.2855	0.0825083	70.5722
30.3178	67.368	0	70.5722
30.3181	67.4092	0.0825083	70.5722
30.3723	67.4918	0	70.5722
30.5282	67.4918	0	70.8447
30.5299	67.4918	0.165017	70.8447
30.5309	67.5743	0.0825083	70.8447
30.5747	67.6568	0	70.8447
30.5791	67.6568	0	71.3896
30.6119	67.6568	0	71.6621
30.6422	67.6568	0	71.9346
30.6446	67.698	0.0825083	71.9346
30.6566	67.7805	0	71.9346
30.6627	67.8218	0.0825083	71.9346
30.702	67.9043	0	71.9346
30.7049	67.9043	0	72.4796
30.7049	67.9043	0.165017	72.4796
30.7066	67.9868	0.0825083	72.4796
30.7091	68.0693	0	72.4796
30.7093	68.0693	0.165017	72.4796
30.7105	68.1518	0.0825083	72.4796
31.0611	68.2343	0	72.4796
31.0621	68.2756	0.0825083	72.4796
31.1368	68.3581	0	72.4796
31.139	68.3993	0.0825083	72.4796
31.1458	68.4818	0	72.4796
31.1458	68.4818	0.165017	72.4796
31.1487	68.5644	0.0825083	72.4796
31.1639	68.6469	0	72.4796
31.1665	68.6881	0.0825083	72.4796
31.2607	68.7706	0	72.4796
31.2607	68.8119	0.0825083	72.4796
31.3553	68.8944	0	72.4796
31.3565	68.9356	0.0825083	72.4796
31.3868	69.0182	0	72.4796
31.4341	69.0182	0	72.752
31.4346	69.0182	0.0825083	72.752
31.4385	69.1007	0	72.752
31.4389	69.1419	0.0825083	72.752
31.5647	69.2244	0	72.752
31.5912	69.2244	0	73.0245
31.5981	69.2244	0.0825083	73.0245
31.8828	69.3069	0	73.0245
31.8858	69.3069	0.165017	73.0245
31.8935	69.3894	0.0825083	73.0245
31.9745	69.4719	0	73.0245
31.9747	69.5132	0.0825083	73.0245
32.0286	69.5957	0	73.0245
32.0331	69.5957	0.165017	73.0245
32.0341	69.6782	0.0825083	73.0245
32.1919	69.7607	0	73.0245
32.1921	69.7607	0.0825083	73.0245
32.203	69.8432	0	73.0245
32.286	69.8432	0	73.5695
32.2868	69.8432	0.0825083	73.5695
32.3271	69.9257	0	73.5695
32.4069	69.9257	0	73.842
32.4125	69.9257	0	74.3869
32.4153	69.967	0.0825083	74.3869
32.4162	70.0495	0	74.3869
32.4162	70.0908	0.0825083	74.3869
32.5081	70.1733	0	74.3869
32.848	70.1733	0	74.9319
32.8503	70.2145	0.0825083	74.9319
32.9001	70.297	0	74.9319
32.9008	70.3383	0.0825083	74.9319
32.9011	70.4208	0	74.9319
32.9031	70.462	0.0825083	74.9319
32.94	70.5446	0	74.9319
32.9406	70.5446	0.165017	74.9319
32.9433	70.6271	0.0825083	74.9319
32.9799	70.7096	0	74.9319
32.9803	70.7096	0.0825083	74.9319
33.0872	70.7921	0	74.9319
33.0872	70.7921	0.165017	74.9319
33.0887	70.8746	0.0825083	74.9319
33.0999	70.9571	0	74.9319
33.105	70.9984	0.0825083	74.9319
33.1137	71.0809	0	74.9319
33.1155	71.1221	0.0825083	74.9319
33.1238	71.2046	0	74.9319
33.1247	71.2046	0.165017	74.9319
33.1256	71.2871	0.0825083	74.9319
33.1454	71.3696	0	74.9319
33.3213	71.3696	0	75.4768
33.3266	71.3696	0	76.0218
33.328	71.3696	0.0825083	76.0218
33.6152	71.4521	0	76.0218
33.6167	71.4521	0.0825083	76.0218
33.6286	71.5347	0	76.0218
33.6287	71.5347	0.165017	76.0218
33.6289	71.6172	0.0825083	76.0218
33.6729	71.6997	0	76.0218
33.6754	71.7409	0.0825083	76.0218
33.7067	71.8234	0	76.0218
33.7087	71.8234	0.0825083	76.0218
33.7881	71.9059	0	76.0218
33.794	71.9472	0.0825083	76.0218
33.9568	72.0297	0	76.0218
33.9581	72.0297	0.0825083	76.0218
34.059	72.1122	0	76.0218
34.2304	72.1122	0	76.2943
34.2666	72.1122	0	76.5668
34.2952	72.1122	0	76.8392
34.3447	72.1122	0	77.1117
34.3468	72.1535	0.0825083	77.1117
34.3723	72.236	0	77.1117
34.4359	72.236	0	77.3842
34.437	72.2772	0.0825083	77.3842
34.6615	72.3597	0	77.3842
34.6616	72.3597	0.0825083	77.3842
34.6628	72.4422	0	77.3842
34.663	72.4422	0.165017	77.3842
34.6639	72.5247	0.0825083	77.3842
34.664	72.5247	0.247525	77.3842
34.6647	72.6073	0.165017	77.3842
34.6665	72.6898	0.0825083	77.3842
34.6784	72.7723	0	77.3842
34.6787	72.8135	0.0825083	77.3842
34.7485	72.896	0	77.3842
34.7486	72.896	0.0825083	77.3842
34.8083	72.9785	0	77.3842
34.8097	73.0198	0.0825083	77.3842
34.8196	73.1023	0	77.3842
35.2765	73.1023	0	77.9292
35.2796	73.1436	0.0825083	77.9292
35.4462	73.2261	0	77.9292
35.4482	73.2673	0.0825083	77.9292
35.499	73.3498	0	77.9292
35.5007	73.3911	0.0825083	77.9292
36.112	73.4736	0	77.9292
36.1133	73.5149	0.0825083	77.9292
36.129	73.5974	0	77.9292
36.1299	73.6386	0.0825083	77.9292
36.1769	73.7211	0	77.9292
36.1774	73.7624	0.0825083	77.9292
36.2038	73.8449	0	77.9292
36.2053	73.8861	0.0825083	77.9292
36.2537	73.9686	0	77.9292
36.2559	74.0099	0.0825083	77.9292
36.2702	74.0924	0	77.9292
36.3287	74.0924	0	78.2016
36.3687	74.0924	0	78.2016
36.3706	74.0924	0.165017	78.2016
36.371	74.1337	0.247525	78.2016
36.3724	74.2162	0.165017	78.2016
36.3741	74.2987	0.0825083	78.2016
36.4302	74.3812	0	78.2016
36.4308	74.4224	0.0825083	78.2016
36.5287	74.505	0	78.2016
36.5984	74.505	0	78.7466
36.5991	74.505	0.0825083	78.7466
36.6047	74.5875	0	78.7466
36.6069	74.6287	0.0825083	78.7466
36.6562	74.7112	0	78.7466
36.6949	74.7112	0	79.2915
36.6968	74.7525	0.0825083	79.2915
36.7248	74.835	0	79.2915
36.7255	74.835	0.0825083	79.2915
36.7551	74.9175	0	79.2915
36.7581	74.9587	0.0825083	79.2915
36.7903	75.0413	0	79.2915
36.7922	75.0413	0.0825083	79.2915
36.9497	75.1238	0	79.2915
37.1108	75.1238	0	79.8365
37.403	75.1238	0	80.109
37.4047	75.165	0.0825083	80.109
37.5495	75.2475	0	80.109
37.551	75.2475	0.165017	80.109
37.5521	75.33	0.0825083	80.109
37.7258	75.4125	0	80.109
37.7264	75.4125	0.0825083	80.109
37.7407	75.495	0	80.109
37.7427	75.495	0.165017	80.109
37.7432	75.5776	0.0825083	80.109
37.8132	75.6601	0	80.109
37.9646	75.6601	0	80.3815
37.9699	75.6601	0.0825083	80.3815
38.223	75.7426	0	80.3815
38.2232	75.7838	0.0825083	80.3815
38.3181	75.8663	0	80.3815
38.3248	75.8663	0	80.654
38.3259	75.8663	0.165017	80.654
38.3267	75.9488	0.0825083	80.654
38.5041	76.0314	0	80.654
38.512	76.0314	0	80.9264
38.5143	76.0726	0.0825083	80.9264
38.566	76.1551	0	80.9264
38.5802	76.1551	0	81.4714
38.8422	76.1551	0	82.0163
38.8463	76.1551	0.0825083	82.0163
38.9374	76.2376	0	82.0163
39.1326	76.2376	0	82.2888
39.1331	76.2376	0.165017	82.2888
39.1332	76.3201	0.0825083	82.2888
39.2722	76.4026	0	82.2888
39.2724	76.4439	0.0825083	82.2888
39.3051	76.5264	0	82.2888
39.3056	76.5677	0.0825083	82.2888
39.3178	76.6502	0	82.2888
39.3192	76.6914	0.0825083	82.2888
39.4276	76.7739	0	82.2888
39.8368	76.7739	0	82.5613
39.8385	76.8152	0.0825083	82.5613
39.8517	76.8977	0	82.5613
39.8523	76.8977	0.0825083	82.5613
39.9291	76.9802	0	82.5613
39.9298	76.9802	0.165017	82.5613
39.9302	77.0627	0.0825083	82.5613
40.4476	77.1452	0	82.5613
40.5072	77.1452	0	83.1063
40.793	77.1452	0	83.6512
40.7932	77.1865	0.0825083	83.6512
40.8065	77.269	0	83.6512
40.814	77.3102	0.0825083	83.6512
40.9422	77.3927	0	83.6512
40.9433	77.434	0.0825083	83.6512
41.0908	77.5165	0	83.6512
41.0922	77.5165	0.165017	83.6512
41.0938	77.599	0.0825083	83.6512
41.1796	77.6815	0	83.6512
41.183	77.7228	0.0825083	83.6512
41.2666	77.8053	0	83.6512
41.2734	77.8053	0.0825083	83.6512
41.2836	77.8878	0	83.6512
41.2841	77.8878	0.0825083	83.6512
41.3672	77.9703	0	83.6512
41.37	78.0116	0.0825083	83.6512
41.4209	78.0941	0	83.6512
41.4234	78.1353	0.0825083	83.6512
41.4711	78.2178	0	83.6512
41.5024	78.2178	0	84.1962
41.5026	78.2178	0.165017	84.1962
41.5069	78.3003	0.0825083	84.1962
41.5223	78.3828	0	84.1962
41.5229	78.3828	0.165017	84.1962
41.524	78.4653	0.0825083	84.1962
41.6168	78.5479	0	84.1962
41.9202	78.5479	0	84.4687
41.9248	78.5479	0.0825083	84.4687
41.9591	78.6304	0	84.4687
41.9607	78.6716	0.0825083	84.4687
42.2364	78.7541	0	84.4687
42.237	78.7954	0.0825083	84.4687
42.3944	78.8779	0	84.4687
42.3977	78.9191	0.0825083	84.4687
42.5535	79.0016	0	84.4687
42.6946	79.0016	0	84.7411
42.7764	79.0016	0	85.0136
42.8212	79.0016	0	85.5586
42.8247	79.0429	0.0825083	85.5586
42.8473	79.1254	0	85.5586
42.849	79.1254	0.0825083	85.5586
42.984	79.2079	0	85.5586
42.9847	79.2492	0.0825083	85.5586
43.0563	79.3317	0	85.5586
43.0589	79.3317	0.0825083	85.5586
43.141	79.4142	0	85.5586
43.1439	79.4554	0.0825083	85.5586
43.5196	79.538	0	85.5586
43.52	79.538	0.165017	85.5586
43.5202	79.6205	0.0825083	85.5586
43.7079	79.703	0	85.5586
43.7324	79.703	0	86.1035
43.7336	79.7442	0.0825083	86.1035
44.2301	79.8267	0	86.1035
44.2316	79.868	0.0825083	86.1035
44.2946	79.9505	0	86.1035
44.296	79.9505	0.165017	86.1035
44.3033	80.033	0.0825083	86.1035
44.3335	80.1155	0	86.1035
44.3352	80.1568	0.0825083	86.1035
44.3442	80.2393	0	86.1035
44.3449	80.2805	0.0825083	86.1035
44.4809	80.363	0	86.1035
44.4836	80.4043	0.0825083	86.1035
44.7555	80.4868	0	86.1035
44.7575	80.4868	0.0825083	86.1035
44.8395	80.5693	0	86.1035
44.8417	80.5693	0.165017	86.1035
44.8447	80.6518	0.0825083	86.1035
45.0055	80.7343	0	86.1035
45.0055	80.7756	0.0825083	86.1035
45.0526	80.8581	0	86.1035
45.0548	80.8581	0.0825083	86.1035
45.2082	80.9406	0	86.1035
45.2097	80.9406	0.0825083	86.1035
45.2993	81.0231	0	86.1035
45.3005	81.0231	0.0825083	86.1035
45.3658	81.1056	0	86.1035
45.3672	81.1056	0.165017	86.1035
45.371	81.1881	0.0825083	86.1035
45.3898	81.2706	0	86.1035
45.5684	81.2706	0	86.6485
45.5725	81.3119	0.0825083	86.6485
45.643	81.3944	0	86.6485
45.8641	81.3944	0	87.1935
45.8646	81.4356	0.0825083	87.1935
46.0402	81.5182	0	87.1935
46.0483	81.5182	0	87.4659
46.0487	81.5182	0.165017	87.4659
46.0491	81.6007	0.0825083	87.4659
46.0955	81.6832	0	87.4659
46.0955	81.6832	0.0825083	87.4659
46.2508	81.7657	0	87.4659
46.2604	81.8069	0.0825083	87.4659
46.2726	81.8894	0	87.4659
46.2735	81.8894	0.0825083	87.4659
46.4408	81.9719	0	87.4659
46.4702	81.9719	0	88.0109
46.4706	82.0132	0.0825083	88.0109
46.6865	82.0957	0	88.0109
46.6877	82.0957	0.165017	88.0109
46.6882	82.1782	0.0825083	88.0109
46.8112	82.2607	0	88.0109
46.8143	82.2607	0.0825083	88.0109
46.9384	82.3432	0	88.0109
46.9428	82.3845	0.0825083	88.0109
47.1092	82.467	0	88.0109
47.1096	82.5082	0.0825083	88.0109
47.3842	82.5908	0	88.0109
47.3845	82.632	0.0825083	88.0109
47.4764	82.7145	0	88.0109
47.4779	82.7145	0.165017	88.0109
47.4797	82.797	0.0825083	88.0109
47.6634	82.8795	0	88.0109
47.6634	82.9208	0.0825083	88.0109
47.9044	83.0033	0	88.0109
47.9507	83.0033	0	88.5559
47.9515	83.0033	0.165017	88.5559
47.9581	83.0858	0.0825083	88.5559
48.1011	83.1683	0	88.5559
48.1421	83.1683	0	88.8283
48.1421	83.2096	0.0825083	88.8283
48.2394	83.2921	0	88.8283
48.2399	83.3333	0.0825083	88.8283
48.5407	83.4158	0	88.8283
48.5971	83.4158	0	89.3733
48.5981	83.4571	0.0825083	89.3733
49.291	83.5396	0	89.3733
49.5206	83.5396	0	89.9183
49.522	83.5396	0.0825083	89.9183
49.559	83.6221	0	89.9183
49.5623	83.6634	0.0825083	89.9183
49.6996	83.7459	0	89.9183
50.2365	83.7459	0	90.4632
50.2368	83.7871	0.0825083	90.4632
50.4767	83.8696	0	90.4632
50.4792	83.9109	0.0825083	90.4632
50.6802	83.9934	0	90.4632
50.6811	83.9934	0.0825083	90.4632
50.8768	84.0759	0	90.4632
50.8802	84.1172	0.0825083	90.4632
50.9232	84.1997	0	90.4632
50.9256	84.1997	0.0825083	90.4632
50.9836	84.2822	0	90.4632
50.9843	84.2822	0.165017	90.4632
50.987	84.3647	0.0825083	90.4632
51.2504	84.4472	0	90.4632
51.2516	84.4472	0.0825083	90.4632
51.6794	84.5297	0	90.4632
51.6815	84.571	0.0825083	90.4632
51.7339	84.6535	0	90.4632
51.7915	84.6535	0	91.0082
51.7916	84.6535	0.165017	91.0082
51.7949	84.736	0.0825083	91.0082
51.8819	84.8185	0	91.0082
51.8881	84.8185	0.0825083	91.0082
51.8897	84.901	0	91.0082
51.8913	84.9422	0.0825083	91.0082
52.1517	85.0247	0	91.0082
52.1522	85.0247	0.165017	91.0082
52.1542	85.1073	0.0825083	91.0082
52.3312	85.1898	0	91.0082
52.3327	85.231	0.0825083	91.0082
52.3521	85.3135	0	91.0082
52.3595	85.3548	0.0825083	91.0082
52.385	85.4373	0	91.0082
52.386	85.4373	0.165017	91.0082
52.3876	85.5198	0.0825083	91.0082
52.7276	85.6023	0	91.0082
52.7278	85.6436	0.0825083	91.0082
52.8168	85.7261	0	91.0082
52.818	85.7673	0.0825083	91.0082
53.1928	85.8498	0	91.0082
53.1932	85.8498	0.0825083	91.0082
53.2306	85.9323	0	91.0082
53.4068	85.9323	0	91.5531
53.4077	85.9323	0.0825083	91.5531
53.7842	86.0149	0	91.5531
53.7857	86.0149	0.165017	91.5531
53.7863	86.0974	0.0825083	91.5531
53.8866	86.1799	0	91.5531
53.8876	86.2211	0.0825083	91.5531
53.958	86.3036	0	91.5531
53.9584	86.3449	0.0825083	91.5531
54.1437	86.4274	0	91.5531
54.1976	86.4274	0	91.8256
54.4225	86.4274	0	92.3706
54.4233	86.4686	0.0825083	92.3706
54.5698	86.5512	0	92.3706
54.5701	86.5924	0.0825083	92.3706
54.6236	86.6749	0	92.3706
54.6241	86.7162	0.0825083	92.3706
54.702	86.7987	0	92.3706
54.7026	86.8399	0.0825083	92.3706
54.8457	86.9224	0	92.3706
54.8474	86.9224	0.165017	92.3706
54.8479	87.005	0.0825083	92.3706
54.8673	87.0875	0	92.3706
54.8677	87.1287	0.0825083	92.3706
54.8947	87.2112	0	92.3706
54.8955	87.2112	0.165017	92.3706
54.8957	87.2937	0.0825083	92.3706
54.9095	87.3762	0	92.3706
54.9116	87.4175	0.0825083	92.3706
55.0859	87.5	0	92.3706
55.0882	87.5413	0.0825083	92.3706
55.1934	87.6238	0	92.3706
55.1984	87.6238	0.0825083	92.3706
55.2437	87.7063	0	92.3706
55.395	87.7063	0	92.9155
55.3976	87.7475	0.0825083	92.9155
55.4047	87.83	0	92.9155
55.4061	87.83	0.0825083	92.9155
55.6507	87.9125	0	92.9155
55.6532	87.9538	0.0825083	92.9155
55.923	88.0363	0	92.9155
55.924	88.0776	0.0825083	92.9155
56.1195	88.1601	0	92.9155
56.1202	88.2013	0.0825083	92.9155
56.2133	88.2838	0	92.9155
56.2183	88.3251	0.0825083	92.9155
56.4359	88.4076	0	92.9155
56.4377	88.4076	0.0825083	92.9155
56.4884	88.4901	0	92.9155
56.4915	88.4901	0.165017	92.9155
56.494	88.5726	0.0825083	92.9155
56.7291	88.6551	0	92.9155
56.7296	88.6964	0.0825083	92.9155
57.3752	88.7789	0	92.9155
57.3763	88.8201	0.0825083	92.9155
57.4471	88.9026	0	92.9155
57.4481	88.9439	0.0825083	92.9155
57.5655	89.0264	0	92.9155
57.7276	89.0264	0	93.4605
57.729	89.0677	0.0825083	93.4605
57.9416	89.1502	0	93.4605
57.9425	89.1914	0.0825083	93.4605
58.3922	89.2739	0	93.4605
58.3922	89.3152	0.0825083	93.4605
58.4743	89.3977	0	93.4605
58.4785	89.4389	0.0825083	93.4605
58.9669	89.5215	0	93.4605
58.9684	89.5627	0.0825083	93.4605
59.2593	89.6452	0	93.4605
59.2604	89.6865	0.0825083	93.4605
59.272	89.769	0	93.4605
59.2769	89.8102	0.0825083	93.4605
59.3944	89.8927	0	93.4605
59.3963	89.8927	0.0825083	93.4605
59.4806	89.9753	0	93.4605
59.4839	90.0165	0.0825083	93.4605
59.99	90.099	0	93.4605
59.9972	90.1403	0.0825083	93.4605
60.1382	90.2228	0	93.4605
60.1385	90.2228	0	94.0054
60.141	90.264	0.0825083	94.0054
60.144	90.3465	0	94.0054
60.1447	90.3465	0.0825083	94.0054
60.4343	90.429	0	94.0054
60.4381	90.4703	0.0825083	94.0054
60.9926	90.5528	0	94.0054
60.993	90.5941	0.0825083	94.0054
61.6192	90.6766	0	94.0054
61.6195	90.7178	0.0825083	94.0054
61.645	90.8003	0	94.0054
61.6466	90.8003	0.0825083	94.0054
62.5546	90.8828	0	94.0054
62.7654	90.8828	0	94.5504
62.7655	90.9241	0.0825083	94.5504
62.949	91.0066	0	94.5504
62.9522	91.0479	0.0825083	94.5504
63.017	91.1304	0	94.5504
63.0177	91.1304	0.165017	94.5504
63.0196	91.2129	0.0825083	94.5504
63.5497	91.2954	0	94.5504
64.2873	91.2954	0	95.0954
64.7803	91.2954	0	95.6403
64.7811	91.3366	0.0825083	95.6403
64.9849	91.4191	0	95.6403
64.9954	91.4604	0.0825083	95.6403
65.7332	91.5429	0	95.6403
65.7368	91.5842	0.0825083	95.6403
65.8024	91.6667	0	95.6403
65.8064	91.7079	0.0825083	95.6403
65.8986	91.7904	0	95.6403
65.9012	91.8317	0.0825083	95.6403
66.5506	91.9142	0	95.6403
66.5544	91.9554	0.0825083	95.6403
66.8481	92.038	0	95.6403
66.8496	92.0792	0.0825083	95.6403
68.0524	92.1617	0	95.6403
68.0547	92.203	0.0825083	95.6403
68.1342	92.2855	0	95.6403
68.3772	92.2855	0	96.1853
68.3806	92.3267	0.0825083	96.1853
69.2911	92.4092	0	96.1853
69.2968	92.4505	0.0825083	96.1853
69.6266	92.533	0	96.1853
69.6267	92.5743	0.0825083	96.1853
69.6459	92.6568	0	96.1853
69.6466	92.698	0.0825083	96.1853
69.7362	92.7805	0	96.1853
69.7363	92.8218	0.0825083	96.1853
69.8093	92.9043	0	96.1853
69.8094	92.9455	0.0825083	96.1853
70.2652	93.0281	0	96.1853
70.2673	93.0693	0.0825083	96.1853
70.8734	93.1518	0	96.1853
70.8744	93.1931	0.0825083	96.1853
71.4626	93.2756	0	96.1853
71.4643	93.3168	0.0825083	96.1853
71.5638	93.3993	0	96.1853
71.5641	93.4406	0.0825083	96.1853
72.1517	93.5231	0	96.1853
72.4332	93.5231	0	96.7302
72.4828	93.5231	0	97.2752
72.4847	93.5644	0.0825083	97.2752
73.5928	93.6469	0	97.2752
73.6874	93.6469	0	97.8202
73.6875	93.6469	0.165017	97.8202
73.6904	93.7294	0.0825083	97.8202
73.7625	93.8119	0	97.8202
73.7627	93.8531	0.0825083	97.8202
73.8593	93.9356	0	97.8202
73.8621	93.9769	0.0825083	97.8202
74.0299	94.0594	0	97.8202
74.03	94.1007	0.0825083	97.8202
74.1218	94.1832	0	97.8202
74.1247	94.2244	0.0825083	97.8202
74.9335	94.3069	0	97.8202
74.9374	94.3482	0.0825083	97.8202
74.9942	94.4307	0	97.8202
74.9949	94.4719	0.0825083	97.8202
75.1315	94.5545	0	97.8202
75.1318	94.5957	0.0825083	97.8202
76.143	94.6782	0	97.8202
76.1438	94.7195	0.0825083	97.8202
76.367	94.802	0	97.8202
76.3682	94.8432	0.0825083	97.8202
78.2927	94.9257	0	97.8202
78.2957	94.967	0.0825083	97.8202
79.3041	95.0495	0	97.8202
79.3043	95.0495	0.165017	97.8202
79.3073	95.132	0.0825083	97.8202
80.1655	95.2145	0	97.8202
80.1688	95.2145	0.0825083	97.8202
80.3954	95.297	0	97.8202
80.712	95.297	0	98.3651
80.7135	95.3383	0.0825083	98.3651
80.9461	95.4208	0	98.3651
80.9466	95.462	0.0825083	98.3651
82.9355	95.5446	0	98.3651
82.9387	95.5858	0.0825083	98.3651
84.0599	95.6683	0	98.3651
84.0611	95.6683	0.165017	98.3651
84.0636	95.7508	0.0825083	98.3651
85.5901	95.8333	0	98.3651
85.5919	95.8746	0.0825083	98.3651
85.893	95.9571	0	98.3651
85.893	95.9984	0.0825083	98.3651
86.6976	96.0809	0	98.3651
86.6982	96.0809	0.165017	98.3651
86.7016	96.1634	0.0825083	98.3651
87.9048	96.2459	0	98.3651
87.9062	96.2871	0.0825083	98.3651
88.8622	96.3696	0	98.3651
88.8634	96.4109	0.0825083	98.3651
90.8002	96.4934	0	98.3651
90.8004	96.5347	0.0825083	98.3651
91.3558	96.6172	0	98.3651
91.3564	96.6172	0.165017	98.3651
91.3592	96.6997	0.0825083	98.3651
91.9647	96.7822	0	98.3651
92.0206	96.7822	0	98.9101
92.0226	96.8234	0.0825083	98.9101
93.7067	96.9059	0	98.9101
93.7083	96.9059	0.165017	98.9101
93.7106	96.9884	0.0825083	98.9101
96.9049	97.071	0	98.9101
96.9049	97.1122	0.0825083	98.9101
100.188	97.1947	0	98.9101
100.189	97.1947	0.0825083	98.9101
102.433	97.2772	0	98.9101
102.434	97.3185	0.0825083	98.9101
103.772	97.401	0	98.9101
103.774	97.401	0.0825083	98.9101
104.607	97.4835	0	98.9101
104.608	97.5247	0.0825083	98.9101
104.624	97.6073	0	98.9101
104.626	97.6485	0.0825083	98.9101
104.987	97.731	0	98.9101
104.99	97.7723	0.0825083	98.9101
105.534	97.8548	0	98.9101
105.535	97.8548	0.0825083	98.9101
105.65	97.9373	0	98.9101
105.651	97.9373	0	99.455
105.653	97.9785	0.0825083	99.455
105.826	98.0611	0	99.455
105.827	98.1023	0.0825083	99.455
108.544	98.1848	0	99.455
109.734	98.1848	0	100
109.734	98.1848	0.165017	100
109.737	98.2673	0.0825083	100
116.558	98.3498	0	100
116.558	98.3911	0.0825083	100
118.1	98.4736	0	100
118.101	98.5149	0.0825083	100
119.851	98.5974	0	100
119.855	98.6386	0.0825083	100
123.443	98.7211	0	100
123.444	98.7211	0.0825083	100
125.57	98.8036	0	100
125.574	98.8449	0.0825083	100
127.689	98.9274	0	100
127.689	98.9686	0.0825083	100
128.029	99.0512	0	100
128.033	99.0924	0.0825083	100
130.133	99.1749	0	100
130.137	99.2162	0.0825083	100
131.3	99.2987	0	100
131.3	99.3399	0.0825083	100
135.9	99.4224	0	100
135.901	99.4637	0.0825083	100
164.689	99.5462	0	100
164.69	99.5875	0.0825083	100
165.675	99.67	0	100
165.679	99.67	0.0825083	100
182.399	99.7525	0	100
182.4	99.7937	0.0825083	100
189.237	99.8762	0	100
189.239	99.9175	0.0825083	100
