2.63886e-09	0	0	0
5.39296e-09	0	0	0
6.38396e-09	0	0	0
6.72681e-09	0	0	0
7.00157e-09	0	0	0
7.00239e-09	0	0	0
7.52452e-09	0	0	0
9.8156e-09	0	0	0
1.22108e-08	0	0	0
1.45359e-08	0	0	0
2.06502e-08	0	0	0
2.09829e-08	0	0	0
2.20149e-08	0	0	0
2.43536e-08	0	0	0
3.03455e-08	0	0	0
3.76374e-08	0	0	0
3.90206e-08	0	0	0
3.9685e-08	0	0	0
4.10009e-08	0	0	0
4.4641e-08	0	0	0
4.46865e-08	0	0	0
4.47373e-08	0	0	0
5.08985e-08	0	0	0
5.18692e-08	0	0	0
5.32159e-08	0	0	0
5.38761e-08	0	0	0
5.89803e-08	0	0	0
5.91538e-08	0	0	0
6.36041e-08	0	0	0
6.36913e-08	0	0	0
6.51959e-08	0	0	0
6.58909e-08	0	0	0
6.6817e-08	0	0	0
6.93379e-08	0	0	0
7.57425e-08	0	0	0
7.71547e-08	0	0	0
7.90907e-08	0	0	0
8.10385e-08	0	0	0
8.61035e-08	0	0	0
9.58189e-08	0	0	0
1.03162e-07	0	0	0
1.08941e-07	0	0	0
1.11811e-07	0	0	0
1.20037e-07	0	0	0
1.32749e-07	0	0	0
1.44563e-07	0	0	0
1.74945e-07	0	0	0
2.04088e-07	0	0	0
2.55039e-07	0	0	0
2.64891e-07	0	0	0
2.66512e-07	0	0	0
2.74839e-07	0	0	0
3.43853e-07	0	0	0
3.4464e-07	0	0	0
3.51892e-07	0	0	0
3.96777e-07	0	0	0
4.33731e-07	0	0	0
5.50449e-07	0	0	0
5.98285e-07	0	0	0
6.26442e-07	0	0	0
6.57438e-07	0	0	0
8.4352e-07	0	0	0
1.08769e-06	0	0	0
1.23138e-06	0	0	0
1.45225e-06	0	0	0
1.55744e-06	0	0	0
2.05271e-06	0	0	0
3.53001e-06	0	0	0
3.75929e-06	0	0	0
4.0211e-06	0	0	0
8.64623e-06	0	0	0
1.00997e-05	0	0	0
1.03217e-05	0	0	0
2.50775e-05	0	0	0
2.74698e-05	0	0	0
