6.91891e-07	0	0	0
7.30743e-07	0	0	0
1.95516e-06	0	0	0
4.80492e-06	0	0	0
5.53489e-06	0	0	0
5.70543e-06	0	0	0
6.42652e-06	0	0	0
6.8534e-06	0	0	0
8.76595e-06	0	0	0
1.03365e-05	0	0	0
1.15612e-05	0	0	0
1.18425e-05	0	0	0
1.94881e-05	0	0	0
2.23058e-05	0	0	0
2.25516e-05	0	0	0
2.35676e-05	0	0	0
2.40497e-05	0	0	0
2.43964e-05	0	0	0
2.60319e-05	0	0	0
2.67828e-05	0	0	0
2.71802e-05	0	0	0
3.04907e-05	0	0	0
3.11518e-05	0	0	0
3.1461e-05	0	0	0
3.18623e-05	0	0	0
3.20395e-05	0	0	0
3.38124e-05	0	0	0
3.4425e-05	0	0	0
3.48853e-05	0	0	0
3.5888e-05	0	0	0
3.6234e-05	0	0	0
3.75042e-05	0	0	0
3.80782e-05	0	0	0
4.10826e-05	0	0	0
4.12353e-05	0	0	0
4.18151e-05	0	0	0
4.54572e-05	0	0	0
4.56088e-05	0	0	0
4.86715e-05	0	0	0
4.9748e-05	0	0	0
5.4229e-05	0	0	0
5.42793e-05	0	0	0
5.51117e-05	0	0	0
5.84165e-05	0	0	0
6.45919e-05	0	0	0
6.65449e-05	0	0	0
6.66211e-05	0	0	0
6.67516e-05	0	0	0
6.71502e-05	0	0	0
6.85725e-05	0	0	0
7.09493e-05	0	0	0
7.12771e-05	0	0	0
7.19743e-05	0	0	0
7.36301e-05	0	0	0
7.44879e-05	0	0	0
7.60949e-05	0	0	0
7.87789e-05	0	0	0
7.94898e-05	0	0	0
8.14621e-05	0	0	0
8.22716e-05	0	0	0
8.50558e-05	0	0	0
8.85157e-05	0	0	0
9.10002e-05	0	0	0
9.16198e-05	0	0	0
9.17177e-05	0	0	0
9.22763e-05	0	0	0
9.32063e-05	0	0	0
9.47325e-05	0	0	0
9.53626e-05	0	0	0
9.59306e-05	0	0	0
9.70434e-05	0	0	0
9.90175e-05	0	0	0
0.000100283	0	0	0
0.000100898	0	0	0
0.000102997	0	0	0
0.000104023	0	0	0
0.000105263	0	0	0
0.000105719	0	0	0
0.000108545	0	0	0
0.000109545	0	0	0
0.000110501	0	0	0
0.000111625	0	0	0
0.000114338	0	0	0
0.000117993	0	0	0
0.000119525	0	0	0
0.000121882	0	0	0
0.00012271	0	0	0
0.000123279	0	0	0
0.000126248	0	0	0
0.000127429	0	0	0
0.000128048	0	0	0
0.000128111	0	0	0
0.000130613	0	0	0
0.000131279	0	0	0
0.000131701	0	0	0
0.000132074	0	0	0
0.000132074	0	0	0
0.000139338	0	0	0
0.000142407	0	0	0
0.000142778	0	0	0
0.000147173	0	0	0
0.000147755	0	0	0
0.000151539	0	0	0
0.000153268	0	0	0
0.000155712	0	0	0
0.000157858	0	0	0
0.000158192	0	0	0
0.000161233	0	0	0
0.000161626	0	0	0
0.000162333	0	0	0
0.00016245	0	0	0
0.000162672	0	0	0.0518403
0.000164004	0	0	0.0518403
0.000166319	0	0	0.0518403
0.00017254	0	0	0.0518403
0.000173643	0	0	0.0518403
0.000176234	0	0	0.0518403
0.000177589	0	0	0.0518403
0.000179597	0	0	0.0518403
0.000181694	0	0	0.0518403
0.000184341	0	0	0.0518403
0.00018694	0	0	0.0518403
0.000187261	0	0	0.0518403
0.000188356	0	0	0.0518403
0.000188863	0	0	0.0518403
0.000194397	0	0	0.0518403
0.000194992	0	0	0.0518403
0.000197056	0	0	0.0518403
0.000198459	0	0	0.0518403
0.000200789	0	0	0.0518403
0.000201605	0	0	0.0518403
0.000201653	0	0	0.0518403
0.000203747	0	0.0414594	0.0518403
0.000204307	0	0.0414594	0.0518403
0.000207357	0	0.0414594	0.0518403
0.000210793	0	0.0414594	0.0518403
0.00021484	0	0.0829187	0.0518403
0.00021539	0	0.0829187	0.0518403
0.000216945	0	0.0829187	0.0518403
0.000217164	0	0.0829187	0.0518403
0.000219213	0	0.0829187	0.0518403
0.000219313	0	0.0829187	0.0518403
0.000223997	0	0.0829187	0.0518403
0.000225039	0	0.0829187	0.0518403
0.00023073	0	0.0829187	0.0518403
0.000234309	0	0.0829187	0.0518403
0.000234682	0	0.0829187	0.0518403
0.000234857	0	0.0829187	0.0518403
0.000235399	0	0.0829187	0.0518403
0.000239429	0	0.0829187	0.0518403
0.000244424	0	0.0829187	0.0518403
0.000245826	0	0.0829187	0.0518403
0.000253702	0	0.0829187	0.0518403
0.000254811	0	0.0829187	0.0518403
0.000261683	0	0.0829187	0.0518403
0.000270082	0	0.0829187	0.0518403
0.000272096	0	0.0829187	0.0518403
0.000272354	0	0.0829187	0.0518403
0.000275498	0	0.0829187	0.0518403
0.000276476	0	0.0829187	0.0518403
0.00027708	0	0.0829187	0.0518403
0.000278632	0	0.0829187	0.0518403
0.000278789	0	0.0829187	0.0518403
0.00028075	0	0.0829187	0.0518403
0.000284374	0	0.0829187	0.0518403
0.000284478	0	0.0829187	0.0518403
0.000286127	0	0.0829187	0.0518403
0.00028662	0	0.0829187	0.0518403
0.000286762	0	0.0829187	0.0518403
0.000293579	0	0.0829187	0.0518403
0.000298276	0	0.0829187	0.0518403
0.000298846	0	0.0829187	0.0518403
0.000301233	0	0.0829187	0.0518403
0.000301328	0	0.0829187	0.0518403
0.000304656	0	0.0829187	0.0518403
0.000305405	0	0.0829187	0.0518403
0.000313012	0	0.0829187	0.0518403
0.000314923	0	0.0829187	0.0518403
0.00032362	0	0.0829187	0.0518403
0.000325847	0	0.0829187	0.0518403
0.000327449	0	0.0829187	0.0518403
0.000330571	0	0.0829187	0.0518403
0.000331091	0	0.0829187	0.0518403
0.000332415	0	0.0829187	0.0518403
0.000332446	0	0.0829187	0.0518403
0.000332943	0	0.0829187	0.0518403
0.000334519	0	0.0829187	0.0518403
0.000340548	0	0.124378	0.0518403
0.000346629	0	0.124378	0.0518403
0.000346988	0	0.124378	0.0518403
0.000350786	0	0.124378	0.0518403
0.000350943	0	0.124378	0.0518403
0.000354459	0	0.124378	0.0518403
0.000387686	0	0.124378	0.0518403
0.000389034	0	0.124378	0.0518403
0.000395357	0	0.124378	0.0518403
0.000396887	0	0.124378	0.0518403
0.00039756	0	0.124378	0.0518403
0.000400394	0	0.124378	0.0518403
0.000403881	0	0.124378	0.0518403
0.000406697	0	0.124378	0.0518403
0.000408912	0	0.124378	0.0518403
0.000417424	0	0.124378	0.0518403
0.000421135	0	0.124378	0.0518403
0.000421709	0	0.124378	0.0518403
0.000426485	0	0.165837	0.0518403
0.000427169	0	0.165837	0.0518403
0.000432249	0	0.165837	0.0518403
0.000434782	0	0.165837	0.0518403
0.000435282	0	0.165837	0.0518403
0.000435315	0	0.165837	0.0518403
0.000444425	0	0.165837	0.0518403
0.000455036	0	0.165837	0.0518403
0.000458987	0	0.165837	0.0518403
0.000467177	0	0.165837	0.0518403
0.000469295	0	0.165837	0.0518403
0.000476587	0	0.165837	0.0518403
0.000478607	0	0.165837	0.0518403
0.000480277	0	0.207297	0.0518403
0.000482634	0	0.207297	0.0518403
0.000483477	0	0.207297	0.0518403
0.00048595	0	0.207297	0.0518403
0.000489628	0	0.207297	0.0518403
0.000493061	0	0.207297	0.0518403
0.000497287	0	0.207297	0.0518403
0.000498589	0	0.207297	0.0518403
0.000509514	0	0.207297	0.0518403
0.000524293	0	0.207297	0.0518403
0.000531437	0	0.207297	0.0518403
0.000535988	0	0.207297	0.0518403
0.000542122	0	0.207297	0.0518403
0.000549974	0	0.207297	0.0518403
0.000551696	0	0.207297	0.0518403
0.000569307	0	0.207297	0.0518403
0.000571682	0	0.207297	0.0518403
0.000576767	0	0.207297	0.0518403
0.000577938	0	0.207297	0.0518403
0.00058561	0	0.207297	0.0518403
0.000590603	0	0.207297	0.0518403
0.0006021	0	0.207297	0.0518403
0.00060288	0	0.207297	0.0518403
0.000602929	0	0.207297	0.0518403
0.000604037	0	0.207297	0.0518403
0.00060575	0	0.207297	0.0518403
0.000621894	0	0.207297	0.0518403
0.000622029	0	0.207297	0.0518403
0.000622468	0	0.207297	0.0518403
0.000629522	0	0.207297	0.0518403
0.000630696	0	0.207297	0.0518403
0.000632067	0	0.207297	0.0518403
0.000633642	0	0.207297	0.0518403
0.000639805	0	0.207297	0.0518403
0.000644997	0	0.207297	0.0518403
0.000648212	0	0.207297	0.0518403
0.000658526	0	0.207297	0.0518403
0.000663729	0	0.207297	0.0518403
0.000670782	0	0.207297	0.0518403
0.00069362	0	0.207297	0.0518403
0.000695179	0	0.248756	0.0518403
0.000700058	0	0.248756	0.0518403
0.000701008	0	0.248756	0.0518403
0.00070197	0	0.248756	0.0518403
0.000701972	0	0.248756	0.0518403
0.000715825	0	0.248756	0.0518403
0.000724663	0	0.248756	0.0518403
0.000733512	0	0.248756	0.0518403
0.000737177	0	0.248756	0.0518403
0.000750707	0	0.248756	0.0518403
0.000757607	0	0.248756	0.0518403
0.000762333	0	0.248756	0.0518403
0.000767459	0	0.248756	0.0518403
0.000775043	0	0.248756	0.0518403
0.000777417	0	0.248756	0.0518403
0.000786553	0	0.248756	0.0518403
0.000797004	0	0.248756	0.0518403
0.00079941	0	0.248756	0.0518403
0.000801996	0	0.248756	0.0518403
0.00080695	0	0.248756	0.0518403
0.000811117	0	0.248756	0.0518403
0.000812489	0	0.248756	0.0518403
0.000816407	0	0.248756	0.0518403
0.00082161	0	0.248756	0.0518403
0.000823367	0	0.248756	0.103681
0.00083327	0	0.248756	0.103681
0.000834523	0	0.248756	0.103681
0.000836792	0	0.248756	0.103681
0.000838856	0	0.248756	0.103681
0.000857643	0	0.248756	0.103681
0.000866236	0	0.248756	0.103681
0.00086825	0	0.248756	0.103681
0.00087174	0	0.248756	0.103681
0.000878915	0	0.248756	0.103681
0.000880403	0	0.248756	0.103681
0.000889799	0	0.248756	0.103681
0.00089045	0	0.248756	0.103681
0.000902864	0	0.248756	0.103681
0.00091133	0	0.290216	0.103681
0.000923539	0	0.290216	0.103681
0.000936743	0	0.290216	0.103681
0.000941832	0	0.290216	0.103681
0.000948334	0	0.290216	0.103681
0.000956493	0	0.290216	0.103681
0.000957725	0	0.290216	0.103681
0.000960981	0	0.290216	0.103681
0.000968664	0	0.290216	0.103681
0.000980152	0	0.290216	0.103681
0.00101479	0	0.290216	0.103681
0.00102233	0	0.290216	0.103681
0.00102453	0	0.290216	0.103681
0.0010246	0	0.290216	0.103681
0.00105862	0	0.290216	0.103681
0.00106879	0	0.290216	0.103681
0.00107106	0	0.290216	0.103681
0.00107293	0	0.290216	0.103681
0.00108592	0	0.290216	0.155521
0.00109654	0	0.290216	0.155521
0.00111322	0	0.290216	0.155521
0.00112023	0	0.290216	0.155521
0.00112268	0	0.290216	0.155521
0.00112562	0	0.290216	0.155521
0.00115986	0	0.290216	0.155521
0.00116468	0	0.290216	0.155521
0.00116805	0	0.290216	0.155521
0.00117066	0	0.290216	0.155521
0.00117211	0	0.290216	0.155521
0.00118209	0	0.290216	0.155521
0.0011841	0	0.290216	0.155521
0.00119319	0	0.290216	0.155521
0.0012374	0	0.290216	0.155521
0.00125146	0	0.290216	0.155521
0.00125742	0	0.290216	0.155521
0.00128467	0	0.290216	0.155521
0.00128686	0	0.290216	0.155521
0.00129009	0	0.290216	0.155521
0.00130454	0	0.290216	0.155521
0.00132324	0	0.290216	0.155521
0.00137958	0	0.290216	0.155521
0.00138205	0	0.290216	0.155521
0.00141941	0	0.290216	0.155521
0.00142426	0	0.290216	0.155521
0.00142891	0	0.290216	0.155521
0.00143556	0	0.290216	0.155521
0.00146255	0	0.290216	0.155521
0.00147817	0	0.290216	0.155521
0.00148892	0	0.290216	0.155521
0.00151433	0	0.290216	0.155521
0.0015523	0	0.290216	0.155521
0.00155303	0	0.290216	0.155521
0.00156156	0	0.290216	0.155521
0.00158959	0	0.290216	0.155521
0.00159706	0	0.290216	0.155521
0.00159804	0	0.290216	0.155521
0.00160788	0	0.290216	0.155521
0.00163167	0	0.290216	0.155521
0.00163971	0	0.290216	0.155521
0.00166887	0	0.290216	0.155521
0.00169901	0	0.290216	0.155521
0.00171684	0	0.290216	0.155521
0.00172169	0	0.290216	0.155521
0.00172251	0	0.290216	0.155521
0.00172472	0	0.290216	0.155521
0.00173163	0	0.290216	0.155521
0.00174621	0	0.290216	0.155521
0.00174833	0	0.290216	0.155521
0.00174925	0	0.290216	0.155521
0.0017512	0	0.290216	0.155521
0.0017561	0	0.290216	0.155521
0.00175772	0	0.290216	0.155521
0.0017968	0	0.290216	0.207361
0.00183127	0	0.290216	0.207361
0.00203716	0	0.290216	0.207361
0.00204134	0	0.290216	0.207361
0.00206368	0	0.290216	0.207361
0.00209644	0	0.290216	0.207361
0.00210783	0	0.290216	0.207361
0.00214752	0	0.290216	0.207361
0.00219301	0	0.290216	0.207361
0.00221157	0	0.290216	0.207361
0.00221884	0	0.290216	0.207361
0.0023574	0	0.290216	0.207361
0.0023893	0	0.290216	0.207361
0.00241009	0	0.290216	0.259202
0.00241643	0	0.290216	0.259202
0.00241868	0	0.290216	0.259202
0.00248349	0	0.290216	0.259202
0.00250038	0	0.290216	0.259202
0.00251482	0	0.290216	0.259202
0.00255496	0	0.290216	0.259202
0.00267024	0	0.290216	0.259202
0.0027024	0	0.290216	0.259202
0.00282358	0	0.290216	0.259202
0.0028427	0	0.290216	0.259202
0.00289075	0	0.290216	0.259202
0.00290762	0	0.290216	0.259202
0.00296667	0	0.290216	0.259202
0.00305378	0	0.290216	0.259202
0.00309787	0	0.290216	0.311042
0.00316854	0	0.290216	0.311042
0.00322338	0	0.290216	0.311042
0.0032396	0	0.290216	0.311042
0.0032586	0	0.290216	0.311042
0.00333317	0	0.290216	0.311042
0.00343671	0	0.290216	0.311042
0.00349406	0	0.290216	0.311042
0.00353714	0	0.290216	0.311042
0.00355664	0	0.290216	0.311042
0.00368748	0	0.290216	0.311042
0.00370941	0	0.290216	0.311042
0.00378326	0	0.290216	0.311042
0.00399898	0	0.290216	0.311042
0.00400159	0	0.290216	0.311042
0.00438475	0	0.290216	0.311042
0.00448962	0	0.290216	0.311042
0.00454719	0	0.290216	0.311042
0.00498131	0	0.290216	0.311042
0.00506134	0	0.290216	0.311042
0.00507483	0	0.290216	0.311042
0.00516843	0	0.290216	0.311042
0.00541848	0	0.290216	0.311042
0.00553048	0	0.290216	0.311042
0.0061838	0	0.290216	0.311042
0.0067238	0	0.290216	0.311042
0.00984519	0	0.290216	0.311042
0.00987073	0	0.290216	0.311042
0.0100903	0	0.290216	0.311042
0.0104959	0	0.290216	0.311042
0.0105612	0	0.290216	0.311042
0.0108066	0	0.290216	0.311042
0.0110136	0	0.290216	0.311042
0.0116554	0	0.290216	0.311042
0.0116877	0	0.290216	0.311042
0.0123584	0	0.290216	0.311042
0.0136591	0	0.290216	0.311042
0.0137826	0	0.290216	0.311042
0.0140267	0	0.290216	0.311042
0.0141117	0	0.290216	0.311042
0.0142579	0	0.290216	0.311042
0.0142985	0	0.290216	0.311042
0.0145085	0	0.290216	0.311042
0.0149422	0	0.290216	0.311042
0.0164855	0	0.290216	0.311042
0.0165621	0	0.290216	0.311042
0.0166734	0	0.290216	0.311042
0.0167586	0	0.290216	0.311042
0.0168592	0	0.290216	0.311042
0.0171101	0	0.290216	0.311042
0.0172426	0	0.290216	0.311042
0.0172691	0	0.290216	0.311042
0.0179739	0	0.290216	0.311042
0.0188253	0	0.290216	0.311042
0.0194527	0	0.290216	0.311042
0.0195819	0	0.290216	0.311042
0.0205409	0	0.290216	0.311042
0.0206075	0	0.290216	0.311042
0.021446	0	0.290216	0.311042
0.0217285	0	0.290216	0.311042
0.0217732	0	0.290216	0.311042
0.0218226	0	0.290216	0.311042
0.0233435	0	0.290216	0.311042
0.0234573	0	0.290216	0.311042
0.0237734	0	0.290216	0.311042
0.0251704	0	0.290216	0.311042
0.0253658	0	0.290216	0.311042
0.0263769	0	0.290216	0.311042
0.0270047	0	0.290216	0.311042
0.027135	0	0.290216	0.311042
0.0271659	0	0.290216	0.311042
0.0279824	0	0.290216	0.311042
0.028254	0	0.290216	0.311042
0.0284388	0	0.290216	0.311042
0.029891	0	0.290216	0.311042
0.0301205	0.0207297	0.331675	0.311042
0.0303445	0.0207297	0.331675	0.311042
0.0314166	0.0207297	0.331675	0.311042
0.0319376	0.0207297	0.331675	0.311042
0.032863	0.0207297	0.331675	0.311042
0.0338552	0.0207297	0.331675	0.311042
0.0343202	0.0207297	0.331675	0.311042
0.0348282	0.0207297	0.331675	0.311042
0.035355	0.0207297	0.331675	0.311042
0.0362289	0.0207297	0.331675	0.311042
0.036274	0.0207297	0.331675	0.311042
0.0367597	0.0207297	0.331675	0.311042
0.0372883	0.0207297	0.331675	0.311042
0.0374074	0.0207297	0.331675	0.311042
0.0379193	0.0207297	0.331675	0.311042
0.0393766	0.0207297	0.331675	0.311042
0.0397576	0.0207297	0.331675	0.311042
0.0399544	0.0207297	0.331675	0.311042
0.0415778	0.0207297	0.331675	0.311042
0.0422846	0.0207297	0.331675	0.311042
0.0427407	0.0207297	0.331675	0.311042
0.0430999	0.0207297	0.331675	0.311042
0.0431764	0.0207297	0.331675	0.311042
0.0442981	0.0207297	0.331675	0.311042
0.0444151	0.0207297	0.331675	0.311042
0.0448387	0.0207297	0.331675	0.311042
0.0448573	0.0207297	0.331675	0.311042
0.0461858	0.0207297	0.331675	0.311042
0.0463859	0.0207297	0.331675	0.311042
0.0475584	0.0207297	0.331675	0.311042
0.0488421	0.0207297	0.331675	0.311042
0.0501386	0.0207297	0.331675	0.311042
0.0507639	0.0207297	0.331675	0.311042
0.0512961	0.0207297	0.331675	0.311042
0.0517211	0.0207297	0.331675	0.311042
0.0541378	0.0207297	0.331675	0.311042
0.0564201	0.0207297	0.331675	0.311042
0.0569632	0.0207297	0.331675	0.311042
0.0587102	0.0207297	0.331675	0.311042
0.0626707	0.0207297	0.331675	0.311042
0.0640416	0.0207297	0.331675	0.311042
0.0651231	0.0207297	0.331675	0.311042
0.0671658	0.0207297	0.331675	0.311042
0.0672626	0.0207297	0.331675	0.311042
0.0677489	0.0207297	0.331675	0.311042
0.0679207	0.0207297	0.331675	0.311042
0.0682014	0.0207297	0.331675	0.311042
0.0702968	0.0207297	0.331675	0.311042
0.0703679	0.0207297	0.331675	0.311042
0.0717052	0.0207297	0.331675	0.311042
0.0735677	0.0207297	0.331675	0.311042
0.0751572	0.0207297	0.331675	0.311042
0.0754868	0.0207297	0.373134	0.311042
0.0767734	0.0207297	0.373134	0.311042
0.0776658	0.0207297	0.373134	0.311042
0.0778302	0.0207297	0.373134	0.311042
0.0782839	0.0207297	0.373134	0.311042
0.082615	0.0207297	0.373134	0.311042
0.0844616	0.0207297	0.373134	0.311042
0.0845781	0.0207297	0.373134	0.311042
0.0850319	0.0207297	0.373134	0.311042
0.0853497	0.0207297	0.373134	0.311042
0.0870198	0.0207297	0.373134	0.311042
0.0878215	0.0207297	0.373134	0.311042
0.0884952	0.0207297	0.373134	0.311042
0.0898266	0.0207297	0.373134	0.311042
0.0910269	0.0207297	0.373134	0.311042
0.0929993	0.0207297	0.373134	0.311042
0.095049	0.0207297	0.373134	0.311042
0.0954249	0.0207297	0.373134	0.311042
0.09921	0.0207297	0.373134	0.311042
0.0998292	0.0207297	0.373134	0.311042
0.100783	0.0207297	0.373134	0.311042
0.101565	0.0207297	0.373134	0.311042
0.103978	0.0207297	0.373134	0.311042
0.104827	0.0207297	0.373134	0.311042
0.105211	0.0207297	0.373134	0.311042
0.10871	0.0207297	0.373134	0.311042
0.109726	0.0207297	0.373134	0.311042
0.110278	0.0207297	0.373134	0.311042
0.110488	0.0207297	0.373134	0.311042
0.111537	0.0207297	0.373134	0.311042
0.112796	0.0207297	0.373134	0.311042
0.113739	0.0207297	0.373134	0.311042
0.119505	0.0207297	0.373134	0.311042
0.120115	0.0207297	0.373134	0.311042
0.120262	0.0207297	0.373134	0.311042
0.123507	0.0207297	0.373134	0.311042
0.124441	0.0207297	0.373134	0.311042
0.124521	0.0207297	0.373134	0.362882
0.124966	0.0207297	0.373134	0.362882
0.126582	0.0207297	0.373134	0.362882
0.131287	0.0207297	0.373134	0.362882
0.132547	0.0207297	0.373134	0.362882
0.132689	0.0207297	0.373134	0.362882
0.136362	0.0207297	0.373134	0.362882
0.139155	0.0207297	0.373134	0.362882
0.139477	0.0207297	0.373134	0.362882
0.143768	0.0207297	0.373134	0.362882
0.144061	0.0207297	0.373134	0.362882
0.145744	0.0207297	0.373134	0.362882
0.146922	0.0207297	0.373134	0.362882
0.149288	0.0207297	0.373134	0.362882
0.158867	0.0207297	0.373134	0.362882
0.159512	0.0207297	0.373134	0.362882
0.16616	0.0207297	0.373134	0.362882
0.167733	0.0207297	0.373134	0.362882
0.172941	0.0207297	0.373134	0.362882
0.174335	0.0207297	0.373134	0.362882
0.175799	0.0207297	0.373134	0.362882
0.177129	0.0207297	0.373134	0.362882
0.17856	0.0207297	0.373134	0.362882
0.187949	0.0207297	0.456053	0.362882
0.194731	0.0207297	0.456053	0.362882
0.201515	0.0207297	0.456053	0.362882
0.204391	0.0207297	0.456053	0.362882
0.205632	0.0207297	0.456053	0.362882
0.208618	0.0207297	0.456053	0.362882
0.213034	0.0207297	0.456053	0.362882
0.223174	0.0207297	0.456053	0.362882
0.225282	0.0207297	0.456053	0.362882
0.228143	0.0207297	0.456053	0.362882
0.235521	0.0207297	0.456053	0.362882
0.24026	0.0207297	0.456053	0.362882
0.24721	0.0207297	0.497512	0.362882
0.25924	0.0207297	0.497512	0.362882
0.266167	0.0207297	0.497512	0.362882
0.269794	0.0207297	0.497512	0.362882
0.28074	0.0207297	0.497512	0.362882
0.280752	0.0207297	0.497512	0.362882
0.29149	0.0207297	0.497512	0.362882
0.293279	0.0207297	0.497512	0.362882
0.29542	0.0207297	0.497512	0.362882
0.295649	0.0207297	0.497512	0.362882
0.303807	0.0207297	0.497512	0.362882
0.324062	0.0207297	0.497512	0.362882
0.333369	0.0207297	0.497512	0.362882
0.334753	0.0207297	0.497512	0.362882
0.351381	0.0207297	0.497512	0.362882
0.360579	0.0414594	0.538972	0.362882
0.361956	0.0414594	0.538972	0.362882
0.36825	0.0414594	0.538972	0.362882
0.368923	0.0414594	0.538972	0.362882
0.378411	0.0414594	0.538972	0.414723
0.389015	0.0414594	0.538972	0.414723
0.40826	0.0414594	0.538972	0.414723
0.410595	0.0414594	0.538972	0.414723
0.413979	0.0414594	0.538972	0.414723
0.449667	0.0414594	0.538972	0.414723
0.458007	0.0414594	0.621891	0.414723
0.480782	0.0621891	0.66335	0.414723
0.505875	0.0621891	0.66335	0.414723
0.522235	0.0621891	0.66335	0.414723
0.529393	0.0621891	0.66335	0.414723
0.532509	0.0621891	0.66335	0.414723
0.556721	0.0621891	0.66335	0.414723
0.563192	0.0621891	0.66335	0.414723
0.570717	0.0621891	0.66335	0.414723
0.588509	0.0621891	0.704809	0.414723
0.594227	0.0621891	0.746269	0.414723
0.636715	0.0621891	0.787728	0.414723
0.649312	0.0621891	0.787728	0.414723
0.656745	0.0621891	0.787728	0.414723
0.666222	0.0621891	0.787728	0.414723
0.69125	0.0621891	0.870647	0.414723
0.713841	0.0621891	0.870647	0.414723
0.722546	0.0621891	0.870647	0.414723
0.725878	0.0621891	0.870647	0.414723
0.736816	0.0621891	0.912106	0.414723
0.752526	0.0621891	0.912106	0.414723
0.799383	0.0621891	0.912106	0.466563
0.802571	0.0621891	0.912106	0.466563
0.802802	0.0621891	0.912106	0.466563
0.821802	0.0621891	0.953565	0.466563
0.839997	0.0621891	1.03648	0.466563
0.960631	0.0621891	1.03648	0.466563
1.04229	0.0621891	1.03648	0.466563
1.18199	0.0621891	1.07794	0.466563
1.20764	0.0621891	1.07794	0.518403
1.37528	0.0621891	1.07794	0.518403
1.38598	0.0621891	1.07794	0.518403
1.73384	0.0621891	1.07794	0.570244
1.75301	0.0621891	1.16086	0.570244
2.10064	0.0621891	1.16086	0.570244
2.21748	0.0621891	1.16086	0.570244
2.40548	0.0621891	1.20232	0.570244
2.7494	0.0621891	1.24378	0.570244
2.77034	0.0621891	1.28524	0.570244
3.27962	0.0621891	1.36816	0.570244
3.29859	0.0621891	1.36816	0.622084
3.3368	0.0621891	1.40962	0.622084
4.3571	0.0621891	1.45108	0.622084
