4.80925e-06	0	0	0
2.04788e-05	0	0	0
2.54566e-05	0	0	0
3.06706e-05	0	0	0
3.93949e-05	0	0	0
3.99349e-05	0	0	0
4.42853e-05	0	0	0
4.43505e-05	0	0	0
4.66064e-05	0	0	0
5.2884e-05	0	0	0
7.07624e-05	0	0	0
7.34463e-05	0	0	0
8.20101e-05	0	0	0
8.55922e-05	0	0	0
8.87152e-05	0	0	0
0.000103747	0	0	0
0.000122749	0	0	0
0.000134472	0	0	0
0.000135178	0	0	0
0.000137581	0	0	0
0.000139809	0	0	0
0.000140452	0	0	0
0.00014293	0	0	0
0.000142989	0	0	0
0.000146022	0	0	0
0.000150426	0	0	0
0.000152776	0	0	0
0.000154659	0	0	0
0.000154899	0	0	0
0.000160049	0	0	0
0.000164743	0	0	0
0.000173649	0	0	0
0.000173984	0	0	0
0.00017432	0	0	0
0.000176993	0	0	0
0.000181356	0	0	0
0.000185882	0	0	0
0.000189481	0	0	0
0.000193886	0	0	0
0.000198039	0	0	0
0.00019819	0	0	0
0.000200518	0	0	0
0.000205552	0	0	0
0.000209735	0	0	0
0.000219064	0	0	0
0.000221864	0	0	0
0.000225308	0	0	0
0.000249663	0	0	0
0.000250812	0	0	0
0.000258203	0	0	0
0.000274335	0	0	0
0.000275084	0	0	0
0.000286031	0	0	0
0.000291206	0	0	0
0.000311132	0	0	0
0.000324783	0	0	0
0.000333643	0	0	0
0.000334551	0	0	0
0.000353464	0	0	0
0.000366662	0	0	0
0.000373741	0	0	0
0.000406427	0	0	0
0.000418964	0	0	0
0.000425274	0	0	0
0.000430591	0	0	0
0.000431184	0	0	0
0.000432639	0	0	0
0.000434681	0	0	0
0.000435361	0	0	0
0.000449291	0	0	0
0.000454716	0	0	0
0.00046436	0	0	0
0.000470239	0	0	0
0.000476187	0	0	0
0.00047627	0	0	0
0.000480002	0	0	0
0.000480498	0	0	0
0.000487992	0	0	0
0.000499825	0	0	0
0.000503924	0	0	0
0.000519168	0	0	0
0.00052807	0	0	0
0.000531751	0	0	0
0.000542243	0	0	0
0.000553931	0	0	0
0.000560949	0	0	0
0.000569496	0	0	0
0.000577298	0	0	0
0.000588005	0	0	0
0.000593958	0	0	0
0.000621112	0	0	0
0.000621933	0	0	0
0.000622455	0	0	0
0.000632899	0	0	0
0.000635749	0	0	0
0.000644035	0	0	0
0.000659428	0	0	0
0.000665552	0	0	0
0.000665888	0	0	0
0.000679346	0	0	0
0.000680837	0	0	0
0.00068529	0	0	0
0.000700367	0	0	0
0.000701461	0	0	0
0.000716803	0	0	0
0.000717117	0	0	0
0.000718853	0	0	0
0.000721832	0	0	0
0.000744782	0	0	0
0.000761654	0	0	0
0.00076784	0	0	0
0.000768951	0	0	0
0.000769932	0	0	0
0.000778927	0	0	0
0.000784556	0	0	0
0.000798928	0	0	0
0.000806178	0	0	0
0.000809494	0	0	0
0.000814716	0	0	0
0.000818839	0	0	0
0.00081959	0	0	0
0.000826035	0	0	0
0.000850448	0	0	0
0.000853012	0	0	0
0.000855442	0	0	0
0.000862245	0	0	0
0.000863444	0	0	0
0.000873289	0	0	0
0.000878571	0	0	0
0.000879295	0	0	0
0.000881721	0	0	0
0.000882236	0	0	0
0.000901711	0	0	0
0.000910639	0	0	0
0.000928564	0	0	0
0.000931149	0	0	0
0.000933988	0	0	0
0.000959085	0	0	0
0.000960317	0	0	0
0.000968457	0	0	0
0.00097165	0	0	0
0.000985906	0	0	0
0.000991614	0	0	0
0.000999786	0	0	0
0.00100506	0	0	0
0.00100865	0	0	0
0.00101284	0	0	0
0.00101501	0	0	0
0.00101772	0	0	0
0.00103261	0	0	0
0.00104169	0	0	0
0.00104191	0	0	0
0.00104361	0	0	0
0.00104683	0	0	0
0.00105342	0	0	0
0.00105897	0	0	0
0.00107184	0	0	0
0.00107185	0	0	0
0.00111359	0	0	0
0.00112881	0	0	0
0.0011493	0	0	0
0.00115132	0	0	0
0.00118392	0	0	0
0.00125228	0	0	0
0.00125379	0	0	0
0.00125434	0	0	0
0.00126151	0	0	0
0.00126299	0	0	0
0.00127544	0	0	0
0.00128213	0	0	0
0.00130285	0	0	0
0.0013132	0	0	0
0.00132153	0	0	0
0.00134086	0	0	0
0.00134727	0	0	0
0.00134738	0	0	0
0.00136295	0	0	0
0.00136548	0	0	0
0.00137934	0	0	0
0.00138682	0	0	0
0.00138755	0	0	0
0.00138957	0	0	0
0.00139229	0	0	0
0.00140385	0	0	0
0.00140642	0	0	0
0.00141626	0	0	0
0.00141924	0	0	0
0.00142711	0	0	0
0.00142981	0	0	0
0.00143232	0	0	0
0.00143679	0	0	0
0.00144704	0	0	0
0.00145077	0	0	0
0.00145252	0	0	0
0.00146887	0	0	0
0.00147935	0	0	0
0.00150113	0	0	0
0.00150971	0	0	0
0.00151313	0	0	0
0.00151911	0	0	0
0.00152002	0	0	0
0.00152187	0	0	0
0.00153214	0	0	0
0.00153544	0	0	0
0.00153743	0	0	0
0.00154334	0	0	0
0.00154424	0	0	0
0.00154457	0	0	0
0.00154582	0	0	0
0.00157325	0	0	0
0.00157792	0	0	0
0.00158566	0	0	0
0.00159972	0	0	0
0.0016019	0	0	0
0.00160341	0	0	0
0.00160506	0	0	0
0.00160782	0	0	0
0.0016095	0	0	0
0.00161187	0	0	0
0.00161868	0	0	0
0.00162009	0	0	0
0.00162815	0	0	0
0.00164406	0	0	0
0.00164779	0	0	0
0.00164825	0	0	0
0.00164968	0	0	0
0.00165441	0	0	0
0.00165619	0	0	0
0.00166838	0	0	0
0.00166968	0	0	0
0.00166996	0	0	0
0.00167107	0	0	0
0.00168895	0	0	0
0.00169415	0	0	0
0.001717	0	0	0
0.00171863	0	0	0
0.00174012	0	0	0
0.00174158	0	0	0
0.00175096	0	0	0
0.00175607	0	0	0
0.00176058	0	0	0
0.00176663	0	0	0
0.00176753	0	0	0
0.00177839	0	0	0
0.00178769	0	0	0
0.00179623	0	0	0
0.00179918	0	0	0
0.00181451	0	0	0
0.0018267	0	0	0
0.00182744	0	0	0
0.00184037	0	0	0
0.00184222	0	0	0
0.00185729	0	0	0
0.00186652	0	0	0
0.00187431	0	0	0
0.0018786	0	0	0
0.00187921	0	0	0
0.00188345	0	0	0
0.00188479	0	0	0
0.00188546	0	0	0
0.00188599	0	0	0
0.00188673	0	0	0
0.00190384	0	0	0
0.00190725	0	0	0
0.00190857	0	0	0
0.00191752	0	0	0
0.00191988	0	0	0
0.00194725	0	0	0
0.00196085	0	0	0
0.00197671	0	0	0
0.00200336	0	0	0
0.00200354	0	0	0
0.00200626	0	0	0
0.00200929	0	0	0
0.00201077	0	0	0
0.00201902	0	0	0
0.00202119	0	0	0
0.00202714	0	0	0
0.00203148	0	0	0
0.00204191	0	0	0
0.00205034	0	0	0
0.00206248	0	0	0
0.00207576	0	0	0
0.00209152	0	0	0
0.0020928	0	0	0
0.00209503	0	0	0
0.00211513	0	0	0
0.0021267	0	0	0
0.00213203	0	0	0
0.00213268	0	0	0
0.00213428	0	0	0
0.00213937	0	0	0
0.00215163	0	0	0
0.00216429	0	0	0
0.00216777	0	0	0
0.00216858	0	0	0
0.00220069	0	0	0
0.00220418	0	0	0
0.00220942	0	0	0
0.00221387	0	0	0
0.00222344	0	0	0
0.00222587	0	0	0
0.00222794	0	0	0
0.0022327	0	0	0
0.00224509	0	0	0
0.00225164	0	0	0
0.00225588	0	0	0
0.00227638	0	0	0
0.00228317	0	0	0
0.0022839	0	0	0
0.00228658	0	0	0
0.00229428	0	0	0
0.00229612	0	0	0
0.00232439	0	0	0
0.0023345	0	0	0
0.00233852	0	0	0
0.0023396	0	0	0
0.00234756	0	0	0
0.00236325	0	0	0
0.00237656	0	0	0
0.00238489	0	0	0
0.0024016	0	0	0
0.00240239	0	0	0
0.00240356	0	0	0
0.00240838	0	0	0
0.00240846	0	0	0
0.00240852	0	0	0
0.00241497	0	0	0
0.00242108	0	0	0
0.00242385	0	0	0
0.00242449	0	0	0
0.00242603	0	0	0
0.00243232	0	0	0
0.00244947	0	0	0
0.00246165	0	0	0
0.00246353	0	0	0
0.00246692	0	0	0
0.00247334	0	0	0
0.00248244	0	0	0
0.00248422	0	0	0
0.0024882	0	0	0
0.00249284	0	0	0
0.00249321	0	0	0
0.00249413	0	0	0
0.00249781	0	0	0
0.00250789	0	0	0
0.00250879	0	0	0
0.0025138	0	0	0
0.00252017	0	0	0
0.00252654	0	0	0
0.0025422	0	0	0
0.00254506	0	0	0
0.00256094	0	0	0
0.00256856	0	0	0
0.0025722	0	0	0
0.00258174	0	0	0
0.00259127	0	0	0
0.00260897	0	0	0
0.00261172	0	0	0
0.00262205	0	0	0
0.00262375	0	0	0
0.002624	0	0	0
0.00262573	0	0	0
0.00263277	0	0	0
0.00263374	0	0	0
0.00264168	0	0	0
0.00265067	0	0	0
0.00266136	0	0	0
0.00266706	0	0	0
0.00266998	0	0	0
0.00267298	0	0	0
0.00267479	0	0	0
0.00267535	0	0	0
0.00267793	0	0	0
0.00268117	0	0	0
0.00268887	0	0	0
0.00269699	0	0	0
0.00269915	0	0	0
0.00270101	0	0	0
0.00271973	0	0	0
0.00273938	0	0	0
0.0027399	0	0	0
0.00274665	0	0	0
0.0027633	0	0	0
0.00279242	0	0	0
0.00279271	0	0	0
0.00279843	0	0	0
0.00279917	0	0	0
0.00280492	0	0	0
0.00281787	0	0	0
0.00283407	0	0	0
0.00283432	0	0	0
0.00283837	0	0	0
0.00285438	0	0	0
0.00285886	0	0	0
0.00285927	0	0	0
0.00285975	0	0	0
0.00286578	0	0	0
0.00288879	0	0	0
0.0029088	0	0	0
0.00291294	0	0	0
0.00291528	0	0	0
0.00291615	0	0	0
0.00291802	0	0	0
0.00291949	0	0	0
0.00295334	0	0	0
0.00296019	0	0	0
0.00297475	0	0	0
0.00298336	0	0	0
0.0029944	0	0	0
0.00301389	0	0	0
0.00302321	0	0	0
0.00302497	0	0	0
0.00302725	0	0	0
0.00303075	0	0	0
0.00303659	0	0	0
0.00304015	0	0	0
0.00305116	0	0	0
0.00306026	0	0	0
0.00307604	0	0	0
0.00307904	0	0	0
0.00308718	0	0	0
0.00310075	0	0	0
0.00311732	0	0	0
0.0031175	0	0	0
0.0031205	0	0	0
0.00312241	0	0	0
0.00313778	0	0	0
0.00314254	0	0	0
0.00314916	0	0	0
0.0031536	0	0	0
0.00316307	0	0	0
0.00316824	0	0	0
0.00318566	0	0	0
0.00318699	0	0	0
0.00319238	0	0	0
0.00319713	0	0	0
0.00320498	0	0	0
0.00320949	0	0	0
0.00321372	0	0	0
0.00321471	0	0	0
0.00321818	0	0	0
0.00322415	0	0	0
0.00323913	0	0	0
0.00323974	0	0	0
0.00327221	0	0	0
0.003291	0	0	0
0.00329177	0	0	0
0.00330418	0	0	0
0.00332997	0	0	0
0.00333039	0	0	0
0.00333958	0	0	0
0.00334156	0	0	0
0.00334234	0	0	0
0.00335438	0	0	0
0.00335733	0	0	0
0.00335979	0	0	0
0.0033716	0	0	0
0.00337883	0	0	0
0.00337913	0	0	0
0.00339194	0	0	0
0.00339873	0	0	0
0.00340018	0	0	0
0.0034057	0	0	0
0.00340721	0	0	0
0.00341587	0	0	0
0.00342433	0	0	0
0.00343544	0	0	0
0.00343748	0	0	0
0.00345219	0	0	0
0.00346094	0	0	0
0.00348097	0	0	0
0.00348787	0	0	0
0.00350469	0	0	0
0.00350986	0	0	0
0.0035179	0	0	0
0.00353015	0	0	0
0.00354726	0	0	0
0.00354896	0	0	0
0.00355615	0	0	0
0.00356839	0	0	0
0.00356856	0	0	0
0.00357296	0	0	0
0.00358131	0	0	0
0.00359431	0	0	0
0.00359541	0	0	0
0.0036083	0	0	0
0.00361121	0	0	0
0.00367479	0	0	0
0.00368447	0	0	0
0.00368852	0	0	0
0.00369067	0	0	0
0.00370347	0	0	0
0.00370735	0	0	0
0.00370804	0	0	0
0.00370857	0	0	0
0.00370959	0	0	0
0.00372095	0	0	0
0.00372905	0	0	0
0.00373787	0	0	0
0.00375607	0	0	0
0.00375639	0	0	0
0.00376623	0	0	0
0.00377188	0	0	0
0.00377252	0	0	0
0.00380871	0	0	0
0.00381045	0	0	0
0.00383254	0	0	0
0.00383365	0	0	0
0.00384644	0	0	0
0.00385312	0	0	0
0.0038588	0	0	0
0.00386472	0	0	0
0.00386567	0	0	0
0.00389757	0	0	0
0.00392656	0	0	0
0.00393385	0	0	0
0.00393753	0	0	0
0.00393769	0	0	0
0.00393839	0	0	0
0.00393846	0	0	0
0.00394516	0	0	0
0.00396496	0	0	0
0.0039828	0	0	0
0.00401536	0	0	0
0.00404357	0	0	0
0.00405261	0	0	0
0.00407299	0	0	0
0.00408205	0	0	0
0.00409268	0	0	0
0.00409877	0	0	0
0.00413454	0	0	0
0.00413786	0	0	0
0.00414584	0	0	0
0.00415293	0	0	0
0.00417494	0	0	0
0.00418659	0	0	0
0.00419257	0	0	0
0.00420389	0	0	0
0.00420773	0	0	0
0.00421003	0	0	0
0.00422692	0	0	0
0.00424086	0	0	0
0.00425335	0	0	0
0.00427641	0	0	0
0.00428286	0	0	0
0.00434283	0	0	0
0.00434756	0	0	0
0.00440048	0	0	0
0.00440089	0	0	0
0.0044433	0	0	0
0.00445998	0	0	0
0.00446222	0	0	0
0.00446922	0	0	0
0.00447116	0	0	0
0.0044812	0	0	0
0.00449711	0	0	0
0.00450569	0	0	0
0.00453161	0	0	0
0.00453483	0	0	0
0.00457285	0	0	0
0.00458451	0	0	0
0.00459088	0	0	0
0.00461605	0	0	0
0.00464427	0	0	0
0.00464452	0	0	0
0.00464778	0	0	0
0.00465981	0	0	0
0.00469158	0	0	0
0.00473185	0	0	0
0.00473195	0	0	0
0.00476038	0	0	0
0.00476962	0	0	0
0.00479765	0	0	0
0.00482247	0	0	0
0.00482625	0	0	0
0.00483664	0	0	0
0.00483842	0	0	0
0.00484492	0	0	0
0.00484898	0	0	0
0.00490012	0	0	0
0.00490813	0	0	0
0.00490992	0	0	0
0.00492239	0	0	0
0.00493288	0	0	0
0.00495029	0	0	0
0.0049774	0	0	0
0.00498575	0	0	0
0.00500199	0	0	0
0.00500292	0	0	0
0.00502901	0	0	0
0.00503554	0	0	0
0.00505695	0	0	0
0.00506457	0	0	0
0.00507267	0	0	0
0.00508217	0	0	0
0.00509184	0	0	0
0.00509186	0	0	0
0.00509425	0	0	0
0.00510241	0	0	0
0.00510601	0	0	0
0.00514803	0	0	0
0.0051629	0	0	0
0.00517811	0	0	0
0.00520809	0	0	0
0.00521973	0	0	0
0.00522576	0	0	0
0.005237	0	0	0
0.00529013	0	0	0
0.00529796	0	0	0
0.00529964	0	0	0
0.00530173	0	0	0
0.00532746	0	0	0
0.00533042	0	0	0
0.0053439	0	0	0
0.00538169	0	0	0
0.00542134	0	0	0
0.00543471	0	0	0
0.00546826	0	0	0
0.00549262	0	0	0
0.00558549	0	0	0
0.00562823	0	0	0
0.00566038	0	0	0
0.00566091	0	0	0
0.0056841	0	0	0
0.00568881	0	0	0
0.00569066	0	0	0
0.00570444	0	0	0
0.0057179	0	0	0
0.00577631	0	0	0
0.00579746	0	0	0
0.00581837	0	0	0
0.0058635	0	0	0
0.00591036	0	0	0
0.00591092	0	0	0
0.00593008	0	0	0
0.00607389	0	0	0
0.00609866	0	0	0
0.00610348	0	0	0
0.00610954	0	0	0
0.00611278	0	0	0
0.00614371	0	0	0
0.00616378	0	0	0
0.00617542	0	0	0
0.00623564	0	0	0
0.0062993	0	0	0
0.00630256	0	0	0
0.00639623	0	0	0
0.00641031	0	0	0
0.00641098	0	0	0
0.00643669	0	0	0
0.00645543	0	0	0
0.00648314	0	0	0
0.00651609	0	0	0
0.00651852	0	0	0
0.00652458	0	0	0
0.00653187	0	0	0
0.00653985	0	0	0
0.00655182	0	0	0
0.00659212	0	0	0
0.00661725	0	0	0
0.00661947	0	0	0
0.00661956	0	0	0
0.00666927	0	0	0
0.00667913	0	0	0
0.00676222	0	0	0
0.00677617	0	0	0
0.00679271	0	0	0
0.00681964	0	0	0
0.00686061	0	0	0
0.00693643	0	0	0
0.00696658	0	0	0
0.00696966	0	0	0
0.00699669	0	0	0
0.00700143	0	0	0
0.00700257	0	0	0
0.00706835	0	0	0
0.00719066	0	0	0
0.00728148	0	0	0
0.00738014	0	0	0
0.00738525	0	0	0
0.00742413	0	0	0
0.00743573	0	0	0
0.00755225	0	0.165017	0
0.00760443	0	0.165017	0
0.00762581	0	0.165017	0
0.00832826	0	0.165017	0
0.00833278	0.0825083	0.0825083	0
0.00851629	0.0825083	0.0825083	0
0.00857805	0.0825083	0.0825083	0
0.00883874	0.0825083	0.0825083	0
0.00887781	0.0825083	0.0825083	0
0.00889075	0.0825083	0.0825083	0
0.0090587	0.0825083	0.0825083	0
0.00933094	0.0825083	0.0825083	0
0.0096387	0.0825083	0.0825083	0
0.00967504	0.0825083	0.0825083	0
0.0099383	0.0825083	0.0825083	0
0.00998854	0.0825083	0.0825083	0
0.0100352	0.0825083	0.0825083	0
0.0103405	0.165017	0	0
0.0108626	0.165017	0	0
0.0109599	0.165017	0	0
0.0111121	0.165017	0	0
0.0111522	0.165017	0	0
0.0112803	0.165017	0	0
0.0114937	0.165017	0	0
0.0115217	0.165017	0	0
0.0119692	0.165017	0	0
0.0121837	0.165017	0	0
0.0132094	0.165017	0	0
0.0133578	0.165017	0	0
0.0135504	0.165017	0	0
0.0139518	0.165017	0	0
0.0151237	0.165017	0	0
0.015552	0.165017	0	0
0.0397449	0.165017	0	0
0.0398343	0.206271	0.0825083	0
0.0417439	0.288779	0	0
0.0493325	0.288779	0	0.271739
0.0520017	0.288779	0.165017	0.271739
0.055293	0.371287	0.0825083	0.271739
0.0922666	0.453795	0	0.271739
0.099817	0.453795	0	0.271739
0.100972	0.453795	0.165017	0.271739
0.106891	0.536304	0.0825083	0.271739
0.131347	0.618812	0	0.271739
0.14075	0.618812	0	0.543478
0.141976	0.618812	0.0825083	0.543478
0.143429	0.70132	0	0.543478
0.144501	0.742574	0.0825083	0.543478
0.145255	0.825082	0	0.543478
0.146172	0.866337	0.0825083	0.543478
0.167382	0.948845	0	0.543478
0.181889	0.948845	0	0.543478
0.183283	0.948845	0.165017	0.543478
0.183658	1.03135	0.0825083	0.543478
0.207092	1.11386	0	0.543478
0.207876	1.15512	0.0825083	0.543478
0.221179	1.23762	0	0.543478
0.222317	1.27888	0.0825083	0.543478
0.250773	1.36139	0	0.543478
0.294213	1.36139	0	0.543478
0.295277	1.36139	0.0825083	0.543478
0.300369	1.44389	0	0.543478
0.335885	1.44389	0	0.543478
0.337308	1.44389	0	0.543478
0.339174	1.44389	0.0825083	0.543478
0.341433	1.5264	0	0.543478
0.341659	1.5264	0.165017	0.543478
0.341913	1.60891	0.0825083	0.543478
0.354978	1.69142	0	0.543478
0.355572	1.69142	0	0.815217
0.378967	1.69142	0	1.08696
0.382042	1.73267	0.0825083	1.08696
0.394478	1.81518	0	1.08696
0.394582	1.85644	0.0825083	1.08696
0.424895	1.93894	0	1.08696
0.485134	1.93894	0	1.3587
0.485447	1.9802	0.0825083	1.3587
0.495647	2.06271	0	1.3587
0.496418	2.06271	0.165017	1.3587
0.497685	2.14521	0.0825083	1.3587
0.547711	2.22772	0	1.3587
0.549254	2.22772	0.0825083	1.3587
0.555692	2.31023	0	1.3587
0.55691	2.35149	0.0825083	1.3587
0.563866	2.43399	0	1.3587
0.565799	2.47525	0.0825083	1.3587
0.573086	2.55776	0	1.3587
0.573585	2.59901	0.0825083	1.3587
0.577838	2.68152	0	1.3587
0.591459	2.68152	0	1.3587
0.611661	2.68152	0	1.3587
0.61311	2.68152	0	1.63043
0.619906	2.68152	0	1.63043
0.621409	2.72277	0.0825083	1.63043
0.678657	2.80528	0	1.63043
0.694867	2.80528	0	1.90217
0.695673	2.84653	0.0825083	1.90217
0.697541	2.92904	0	1.90217
0.699413	2.92904	0.165017	1.90217
0.699838	3.01155	0.0825083	1.90217
0.753624	3.09406	0	1.90217
0.756244	3.13531	0.0825083	1.90217
0.758598	3.21782	0	1.90217
0.769683	3.21782	0	1.90217
0.774726	3.21782	0	1.90217
0.796954	3.21782	0	1.90217
0.802297	3.25908	0.0825083	1.90217
0.802851	3.25908	0.0825083	2.17391
0.806072	3.34158	0	2.17391
0.806226	3.34158	0.165017	2.17391
0.806492	3.42409	0.0825083	2.17391
0.902359	3.5066	0	2.17391
0.905821	3.54785	0.0825083	2.17391
0.916179	3.63036	0	2.17391
0.916693	3.63036	0	2.17391
0.917404	3.67162	0.0825083	2.17391
0.924334	3.67162	0.0825083	2.17391
0.934043	3.75413	0	2.17391
0.961071	3.75413	0	2.44565
0.963309	3.75413	0	2.71739
0.971531	3.75413	0	2.98913
1.00303	3.75413	0	2.98913
1.01115	3.75413	0	3.26087
1.0147	3.79538	0.0825083	3.26087
1.02116	3.87789	0	3.26087
1.0254	3.87789	0.0825083	3.26087
1.04607	3.9604	0	3.26087
1.04873	3.9604	0.0825083	3.26087
1.04941	4.0429	0	3.26087
1.08404	4.0429	0	3.53261
1.10754	4.0429	0	3.80435
1.11286	4.0429	0	4.07609
1.11349	4.0429	0.165017	4.07609
1.11362	4.0429	0.165017	4.34783
1.11375	4.12541	0.0825083	4.34783
1.16028	4.20792	0	4.34783
1.16274	4.24918	0.0825083	4.34783
1.17176	4.33168	0	4.34783
1.17197	4.37294	0.0825083	4.34783
1.17677	4.45545	0	4.34783
1.17746	4.45545	0	4.34783
1.17747	4.4967	0.0825083	4.34783
1.18654	4.57921	0	4.34783
1.1872	4.57921	0.0825083	4.34783
1.18833	4.57921	0.0825083	4.61957
1.18999	4.57921	0.0825083	4.61957
1.19548	4.66172	0	4.61957
1.2057	4.66172	0	4.8913
1.21132	4.70297	0.0825083	4.8913
1.21244	4.70297	0.247525	4.8913
1.21248	4.78548	0.165017	4.8913
1.21354	4.86799	0.0825083	4.8913
1.21517	4.9505	0	4.8913
1.23821	4.9505	0	4.8913
1.24076	4.99175	0.0825083	4.8913
1.38081	5.07426	0	4.8913
1.38222	5.07426	0.0825083	4.8913
1.38236	5.15677	0	4.8913
1.38489	5.15677	0.165017	4.8913
1.38575	5.23927	0.0825083	4.8913
1.38655	5.23927	0.0825083	5.16304
1.39197	5.23927	0.0825083	5.43478
1.4063	5.32178	0	5.43478
1.40653	5.36304	0.0825083	5.43478
1.41122	5.44554	0	5.43478
1.41194	5.44554	0.165017	5.43478
1.41247	5.52805	0.0825083	5.43478
1.43379	5.61056	0	5.43478
1.43436	5.65182	0.0825083	5.43478
1.43531	5.65182	0.247525	5.43478
1.4401	5.73432	0.165017	5.43478
1.4415	5.81683	0.0825083	5.43478
1.49909	5.89934	0	5.43478
1.49945	5.89934	0.0825083	5.43478
1.50481	5.98185	0	5.43478
1.50555	5.98185	0.165017	5.43478
1.50652	5.98185	0.165017	5.70652
1.50726	6.06436	0.0825083	5.70652
1.50979	6.10561	0.165017	5.70652
1.51137	6.18812	0.0825083	5.70652
1.51147	6.27063	0	5.70652
1.51155	6.27063	0.0825083	5.70652
1.55699	6.35314	0	5.70652
1.56326	6.39439	0.0825083	5.70652
1.57128	6.4769	0	5.70652
1.57606	6.4769	0	5.97826
1.57756	6.4769	0.0825083	5.97826
1.58234	6.55941	0	5.97826
1.59959	6.55941	0	6.25
1.61297	6.55941	0	6.52174
1.61678	6.60066	0.0825083	6.52174
1.6517	6.68317	0	6.52174
1.65519	6.72442	0.0825083	6.52174
1.67068	6.80693	0	6.52174
1.67466	6.80693	0	6.79348
1.72381	6.80693	0	7.06522
1.72441	6.84818	0.0825083	7.06522
1.74195	6.93069	0	7.06522
1.74401	6.97195	0.0825083	7.06522
1.76235	7.05446	0	7.06522
1.76314	7.05446	0.0825083	7.06522
1.76577	7.13696	0	7.06522
1.79646	7.13696	0	7.33696
1.80717	7.13696	0	7.6087
1.86837	7.13696	0	7.88043
1.87017	7.17822	0.0825083	7.88043
1.8738	7.26073	0	7.88043
1.87445	7.30198	0.0825083	7.88043
1.89538	7.38449	0	7.88043
1.90303	7.38449	0	8.15217
1.90349	7.38449	0.165017	8.15217
1.905	7.467	0.0825083	8.15217
1.92936	7.5495	0	8.15217
1.94025	7.5495	0	8.69565
1.9411	7.59076	0.0825083	8.69565
1.9508	7.67327	0	8.69565
1.95084	7.71452	0.0825083	8.69565
1.96154	7.79703	0	8.69565
1.96203	7.79703	0	8.96739
1.96307	7.79703	0.0825083	8.96739
1.98688	7.87954	0	8.96739
2.00549	7.87954	0	9.23913
2.00674	7.87954	0.165017	9.23913
2.00954	7.96205	0.0825083	9.23913
2.02167	8.04455	0	9.23913
2.02453	8.04455	0	9.23913
2.02652	8.04455	0.0825083	9.23913
2.03754	8.04455	0.0825083	9.51087
2.0461	8.12706	0	9.51087
2.04892	8.16832	0.0825083	9.51087
2.04942	8.16832	0.0825083	9.78261
2.05454	8.25082	0	9.78261
2.0557	8.29208	0.0825083	9.78261
2.05889	8.37459	0	9.78261
2.05909	8.41584	0.0825083	9.78261
2.05964	8.49835	0	9.78261
2.08732	8.49835	0	10.0543
2.09606	8.49835	0	10.3261
2.10864	8.5396	0.0825083	10.3261
2.11108	8.5396	0.0825083	10.3261
2.11672	8.62211	0	10.3261
2.16577	8.62211	0	10.5978
2.16733	8.66337	0.0825083	10.5978
2.18743	8.74587	0	10.5978
2.18839	8.78713	0.0825083	10.5978
2.19061	8.78713	0.0825083	10.5978
2.19072	8.78713	0.247525	10.5978
2.19147	8.82838	0.330033	10.5978
2.19187	8.91089	0.247525	10.5978
2.19343	8.9934	0.165017	10.5978
2.2011	9.07591	0.0825083	10.5978
2.20545	9.15842	0	10.5978
2.20846	9.15842	0	10.5978
2.25699	9.15842	0	10.5978
2.25786	9.15842	0.165017	10.5978
2.26078	9.24092	0.0825083	10.5978
2.26149	9.24092	0.165017	10.5978
2.26599	9.32343	0.0825083	10.5978
2.26724	9.32343	0.247525	10.5978
2.26896	9.40594	0.165017	10.5978
2.26933	9.48845	0.0825083	10.5978
2.27816	9.57096	0	10.5978
2.28455	9.57096	0	10.5978
2.28611	9.57096	0.165017	10.5978
2.28667	9.65347	0.0825083	10.5978
2.30527	9.73597	0	10.5978
2.30539	9.73597	0.0825083	10.5978
2.31255	9.81848	0	10.5978
2.31358	9.85974	0.0825083	10.5978
2.31696	9.85974	0.165017	10.5978
2.31817	9.94224	0.0825083	10.5978
2.3564	10.0248	0	10.5978
2.35659	10.066	0.0825083	10.5978
2.3608	10.1485	0	10.5978
2.37058	10.1485	0	10.5978
2.37101	10.1485	0.0825083	10.5978
2.37229	10.1898	0.165017	10.5978
2.37361	10.2723	0.0825083	10.5978
2.37372	10.3548	0	10.5978
2.3872	10.3548	0	10.8696
2.38769	10.3548	0.0825083	10.8696
2.41763	10.4373	0	10.8696
2.42136	10.4373	0	11.1413
2.45001	10.4373	0	11.413
2.46831	10.4373	0	11.6848
2.48793	10.4373	0	11.9565
2.50101	10.4373	0	12.2283
2.50183	10.4785	0.0825083	12.2283
2.51218	10.5611	0	12.2283
2.51412	10.6023	0.0825083	12.2283
2.51415	10.6436	0.165017	12.2283
2.51982	10.7261	0.0825083	12.2283
2.55267	10.8086	0	12.2283
2.55615	10.8498	0.0825083	12.2283
2.56956	10.9323	0	12.2283
2.57351	10.9736	0.0825083	12.2283
2.58229	11.0561	0	12.2283
2.5829	11.0974	0.0825083	12.2283
2.62268	11.1799	0	12.2283
2.62335	11.2211	0.0825083	12.2283
2.63255	11.3036	0	12.2283
2.63387	11.3449	0.0825083	12.2283
2.63973	11.4274	0	12.2283
2.6654	11.4274	0	12.5
2.66579	11.4274	0.0825083	12.5
2.67297	11.5099	0	12.5
2.67439	11.5099	0.0825083	12.5
2.68623	11.5924	0	12.5
2.7022	11.5924	0	12.5
2.71069	11.5924	0	12.7717
2.743	11.5924	0	13.0435
2.74386	11.5924	0.165017	13.0435
2.74518	11.5924	0.247525	13.0435
2.7458	11.6749	0.165017	13.0435
2.74612	11.7162	0.247525	13.0435
2.74639	11.7162	0.330033	13.0435
2.74848	11.7987	0.247525	13.0435
2.75026	11.8812	0.165017	13.0435
2.75076	11.9637	0.0825083	13.0435
2.75851	12.0462	0	13.0435
2.75864	12.0462	0.165017	13.0435
2.75911	12.1287	0.0825083	13.0435
2.77246	12.2112	0	13.0435
2.77275	12.2525	0.0825083	13.0435
2.77829	12.335	0	13.0435
2.79097	12.335	0	13.3152
2.7937	12.3762	0.0825083	13.3152
2.80376	12.4587	0	13.3152
2.80619	12.4587	0.165017	13.3152
2.80894	12.5413	0.0825083	13.3152
2.82394	12.6238	0	13.3152
2.82738	12.6238	0	13.587
2.82781	12.665	0.0825083	13.587
2.83784	12.7475	0	13.587
2.83881	12.7475	0.165017	13.587
2.83894	12.83	0.0825083	13.587
2.85023	12.9125	0	13.587
2.85052	12.9125	0.165017	13.587
2.85325	12.995	0.0825083	13.587
2.85922	13.0776	0	13.587
2.86736	13.0776	0	13.8587
2.88506	13.0776	0	13.8587
2.88862	13.0776	0.0825083	13.8587
2.89692	13.1601	0	13.8587
2.9029	13.1601	0.165017	13.8587
2.90779	13.2426	0.0825083	13.8587
2.91108	13.3251	0	13.8587
2.91816	13.3251	0	14.1304
2.93063	13.3251	0	14.1304
2.98351	13.3251	0	14.1304
2.98382	13.3251	0.165017	14.1304
2.98727	13.4076	0.0825083	14.1304
2.9945	13.4901	0	14.1304
3.03378	13.4901	0	14.4022
3.06061	13.4901	0	14.6739
3.07353	13.4901	0	14.6739
3.09371	13.4901	0	14.9457
3.13113	13.4901	0	15.2174
3.13296	13.4901	0.0825083	15.2174
3.16214	13.5726	0	15.2174
3.17494	13.5726	0	15.4891
3.17675	13.5726	0.0825083	15.4891
3.19342	13.6551	0	15.4891
3.22866	13.6551	0	15.7609
3.25379	13.6551	0	16.0326
3.25893	13.6964	0.0825083	16.0326
3.2644	13.7789	0	16.0326
3.26659	13.8201	0.0825083	16.0326
3.2717	13.9026	0	16.0326
3.27779	13.9026	0	16.0326
3.27874	13.9026	0.165017	16.0326
3.28074	13.9851	0.0825083	16.0326
3.30496	14.0677	0	16.0326
3.30504	14.0677	0.0825083	16.0326
3.30617	14.1089	0.165017	16.0326
3.30687	14.1914	0.0825083	16.0326
3.33215	14.2739	0	16.0326
3.33332	14.3152	0.0825083	16.0326
3.3509	14.3977	0	16.0326
3.36873	14.3977	0	16.3043
3.37997	14.3977	0	16.5761
3.38588	14.4389	0.0825083	16.5761
3.39223	14.5215	0	16.5761
3.3926	14.5627	0.0825083	16.5761
3.41496	14.6452	0	16.5761
3.42124	14.6865	0.0825083	16.5761
3.50233	14.769	0	16.5761
3.53082	14.769	0	16.8478
3.53579	14.8102	0.0825083	16.8478
3.54803	14.8927	0	16.8478
3.5896	14.8927	0	17.1196
3.59134	14.8927	0.165017	17.1196
3.59351	14.9752	0.0825083	17.1196
3.62631	15.0578	0	17.1196
3.63832	15.0578	0	17.3913
3.65118	15.0578	0	17.663
3.65154	15.099	0.0825083	17.663
3.66835	15.1815	0	17.663
3.69695	15.1815	0	17.9348
3.74498	15.1815	0	18.2065
3.7566	15.1815	0	18.4783
3.75805	15.1815	0.0825083	18.4783
3.77232	15.264	0	18.4783
3.77295	15.264	0.0825083	18.4783
3.7748	15.264	0.0825083	18.75
3.83296	15.3465	0	18.75
3.84524	15.3878	0.0825083	18.75
3.86763	15.4703	0	18.75
3.8686	15.5116	0.0825083	18.75
3.92367	15.5941	0	18.75
3.92439	15.5941	0.165017	18.75
3.92458	15.6766	0.0825083	18.75
3.95493	15.7591	0	18.75
3.95742	15.7591	0	19.0217
3.95753	15.8003	0.0825083	19.0217
3.9758	15.8828	0	19.0217
3.97663	15.9241	0.0825083	19.0217
3.99874	16.0066	0	19.0217
3.999	16.0479	0.0825083	19.0217
4.00989	16.1304	0	19.0217
4.04636	16.1304	0	19.2935
4.04701	16.1304	0	19.2935
4.04974	16.1716	0.0825083	19.2935
4.06875	16.2541	0	19.2935
4.06927	16.2954	0.0825083	19.2935
4.07766	16.3779	0	19.2935
4.1112	16.3779	0	19.5652
4.11234	16.4191	0.0825083	19.5652
4.1126	16.4604	0.165017	19.5652
4.11324	16.5429	0.0825083	19.5652
4.11391	16.5429	0.0825083	19.837
4.13715	16.6254	0	19.837
4.13859	16.6254	0.0825083	19.837
4.15985	16.7079	0	19.837
4.17437	16.7079	0	20.1087
4.17472	16.7079	0.0825083	20.1087
4.17667	16.7904	0	20.1087
4.17701	16.7904	0.0825083	20.1087
4.17727	16.8317	0.165017	20.1087
4.17754	16.8317	0.165017	20.1087
4.18408	16.9142	0.0825083	20.1087
4.18458	16.9967	0	20.1087
4.18762	16.9967	0	20.6522
4.18894	16.9967	0.165017	20.6522
4.19679	17.0792	0.0825083	20.6522
4.21179	17.1617	0	20.6522
4.27803	17.1617	0	20.9239
4.30718	17.1617	0	21.1957
4.31	17.1617	0	21.4674
4.31182	17.203	0.0825083	21.4674
4.32227	17.2855	0	21.4674
4.3299	17.2855	0	21.7391
4.33114	17.2855	0	22.0109
4.33205	17.3267	0.0825083	22.0109
4.33542	17.4092	0	22.0109
4.33664	17.4505	0.0825083	22.0109
4.3398	17.533	0	22.0109
4.3398	17.533	0.0825083	22.0109
4.34811	17.6155	0	22.0109
4.34948	17.6568	0.0825083	22.0109
4.35474	17.7393	0	22.0109
4.35578	17.7393	0.165017	22.0109
4.35858	17.8218	0.0825083	22.0109
4.36255	17.9043	0	22.0109
4.44424	17.9043	0	22.0109
4.44437	17.9043	0.165017	22.0109
4.4444	17.9868	0.0825083	22.0109
4.44806	18.0281	0.165017	22.0109
4.44979	18.1106	0.0825083	22.0109
4.48822	18.1931	0	22.0109
4.4899	18.1931	0.0825083	22.0109
4.52961	18.2756	0	22.0109
4.52968	18.2756	0.165017	22.0109
4.53061	18.3581	0.0825083	22.0109
4.57027	18.4406	0	22.0109
4.5763	18.4818	0.0825083	22.0109
4.59172	18.5644	0	22.0109
4.59378	18.6056	0.0825083	22.0109
4.60653	18.6881	0	22.0109
4.60813	18.6881	0.0825083	22.0109
4.65423	18.7706	0	22.0109
4.65686	18.8119	0.0825083	22.0109
4.729	18.8944	0	22.0109
4.72925	18.8944	0.165017	22.0109
4.732	18.9769	0.0825083	22.0109
4.74987	19.0594	0	22.0109
4.74987	19.1007	0.0825083	22.0109
4.77256	19.1832	0	22.0109
4.78952	19.1832	0	22.2826
4.80738	19.1832	0	22.5543
4.80816	19.1832	0.165017	22.5543
4.80858	19.2657	0.0825083	22.5543
4.8107	19.3482	0	22.5543
4.81234	19.3482	0	22.8261
4.81444	19.3894	0.0825083	22.8261
4.82	19.4719	0	22.8261
4.8275	19.4719	0	22.8261
4.82808	19.4719	0.165017	22.8261
4.83556	19.5545	0.0825083	22.8261
4.87427	19.637	0	22.8261
4.87453	19.637	0.0825083	22.8261
4.87554	19.637	0.0825083	22.8261
4.89232	19.7195	0	22.8261
4.90766	19.7195	0	23.0978
4.90879	19.7607	0.0825083	23.0978
4.94631	19.8432	0	23.0978
4.96818	19.8432	0	23.3696
5.00645	19.8432	0	23.3696
5.0078	19.8432	0	23.6413
5.07846	19.8432	0	23.913
5.07892	19.8845	0.0825083	23.913
5.08663	19.967	0	23.913
5.18793	19.967	0	23.913
5.18895	19.967	0.165017	23.913
5.18931	20.0495	0.0825083	23.913
5.26498	20.132	0	23.913
5.26795	20.1733	0.0825083	23.913
5.26965	20.1733	0.165017	23.913
5.26975	20.2558	0.0825083	23.913
5.27121	20.3383	0	23.913
5.27471	20.3795	0.0825083	23.913
5.2795	20.462	0	23.913
5.28455	20.462	0.0825083	23.913
5.31266	20.5446	0	23.913
5.31665	20.5858	0.0825083	23.913
5.32232	20.6683	0	23.913
5.33829	20.6683	0	24.1848
5.40025	20.6683	0	24.4565
5.40223	20.6683	0.0825083	24.4565
5.41398	20.7508	0	24.4565
5.41437	20.7508	0.165017	24.4565
5.41475	20.8333	0.0825083	24.4565
5.4227	20.9158	0	24.4565
5.49665	20.9158	0	24.7283
5.49869	20.9571	0.0825083	24.7283
5.51569	21.0396	0	24.7283
5.51613	21.0396	0.0825083	24.7283
5.55111	21.1221	0	24.7283
5.55781	21.1221	0	25
5.56283	21.1634	0.0825083	25
5.57984	21.2459	0	25
5.58222	21.2871	0.0825083	25
5.65707	21.3696	0	25
5.65784	21.4109	0.0825083	25
5.66129	21.4934	0	25
5.66365	21.4934	0.165017	25
5.66468	21.5759	0.0825083	25
5.66706	21.5759	0.0825083	25.2717
5.67189	21.6584	0	25.2717
5.67522	21.6997	0.0825083	25.2717
5.67858	21.7822	0	25.2717
5.7026	21.7822	0	25.5435
5.70907	21.7822	0	25.8152
5.70908	21.8234	0.0825083	25.8152
5.72947	21.9059	0	25.8152
5.73123	21.9472	0.0825083	25.8152
5.7764	22.0297	0	25.8152
5.77671	22.071	0.0825083	25.8152
5.77726	22.1122	0.165017	25.8152
5.77791	22.1947	0.0825083	25.8152
5.81991	22.2772	0	25.8152
5.82121	22.2772	0.165017	25.8152
5.8215	22.3185	0.247525	25.8152
5.82206	22.401	0.165017	25.8152
5.82602	22.401	0.165017	26.087
5.82862	22.4835	0.0825083	26.087
5.87392	22.566	0	26.087
5.87676	22.566	0.165017	26.087
5.87768	22.6485	0.0825083	26.087
5.90143	22.731	0	26.087
5.90451	22.7723	0.0825083	26.087
5.91412	22.8548	0	26.087
5.91704	22.896	0.0825083	26.087
5.91729	22.896	0.165017	26.087
5.91836	22.9785	0.0825083	26.087
5.92473	23.0611	0	26.087
5.92579	23.0611	0.165017	26.087
5.92936	23.1436	0.0825083	26.087
5.98179	23.2261	0	26.087
5.98354	23.2261	0	26.087
5.98372	23.2261	0.165017	26.087
5.98385	23.3086	0.0825083	26.087
5.98566	23.3911	0	26.087
5.98866	23.3911	0	26.087
6.03306	23.3911	0	26.6304
6.03502	23.3911	0	26.9022
6.04005	23.3911	0.0825083	26.9022
6.07738	23.4736	0	26.9022
6.07805	23.4736	0.0825083	26.9022
6.19969	23.5561	0	26.9022
6.20121	23.5974	0.0825083	26.9022
6.20558	23.6799	0	26.9022
6.2077	23.7211	0.0825083	26.9022
6.26746	23.8036	0	26.9022
6.27288	23.8036	0.0825083	26.9022
6.27624	23.8861	0	26.9022
6.27633	23.9274	0.0825083	26.9022
6.29412	24.0099	0	26.9022
6.29664	24.0099	0.0825083	26.9022
6.30183	24.0924	0	26.9022
6.31081	24.0924	0	27.1739
6.32166	24.0924	0	27.1739
6.32386	24.1337	0.0825083	27.1739
6.37019	24.2162	0	27.1739
6.37253	24.2162	0.165017	27.1739
6.37435	24.2987	0.0825083	27.1739
6.37763	24.3812	0	27.1739
6.38305	24.3812	0	27.4457
6.38834	24.3812	0	27.7174
6.38888	24.3812	0.0825083	27.7174
6.39015	24.4637	0	27.7174
6.40584	24.4637	0	27.7174
6.40649	24.5049	0.0825083	27.7174
6.40672	24.5049	0.247525	27.7174
6.40695	24.5875	0.165017	27.7174
6.40786	24.67	0.0825083	27.7174
6.4155	24.7525	0	27.7174
6.4166	24.7525	0.0825083	27.7174
6.41671	24.7937	0.165017	27.7174
6.41874	24.8762	0.0825083	27.7174
6.43352	24.9587	0	27.7174
6.4456	24.9587	0	27.9891
6.45471	24.9587	0	28.2609
6.45927	25	0.0825083	28.2609
6.45977	25	0.165017	28.2609
6.46536	25.0825	0.0825083	28.2609
6.47681	25.165	0	28.2609
6.47719	25.165	0.165017	28.2609
6.47756	25.2475	0.0825083	28.2609
6.47932	25.2475	0.0825083	28.5326
6.49121	25.33	0	28.5326
6.49916	25.33	0	28.8043
6.53832	25.33	0	29.3478
6.54214	25.3713	0.0825083	29.3478
6.54226	25.3713	0.0825083	29.6196
6.5458	25.4538	0	29.6196
6.5478	25.4538	0.165017	29.6196
6.55001	25.5363	0.0825083	29.6196
6.55947	25.6188	0	29.6196
6.56409	25.6601	0.0825083	29.6196
6.57533	25.7426	0	29.6196
6.584	25.7426	0	29.8913
6.59133	25.7426	0	30.163
6.59383	25.7426	0.0825083	30.163
6.60049	25.8251	0	30.163
6.60157	25.8663	0.0825083	30.163
6.62385	25.9488	0	30.163
6.62458	25.9901	0.0825083	30.163
6.62458	26.0726	0	30.163
6.63514	26.0726	0	30.4348
6.69727	26.0726	0	30.9783
6.73434	26.0726	0	31.25
6.85442	26.0726	0	31.25
6.8593	26.0726	0	31.25
6.85934	26.1139	0.0825083	31.25
6.86901	26.1964	0	31.25
6.89803	26.1964	0	31.5217
6.91691	26.1964	0	31.5217
6.91695	26.2376	0.0825083	31.5217
6.92566	26.3201	0	31.5217
6.92637	26.3201	0.165017	31.5217
6.9271	26.4026	0.0825083	31.5217
6.93442	26.4851	0	31.5217
6.97113	26.4851	0	31.7935
6.97115	26.4851	0.165017	31.7935
6.97351	26.5677	0.0825083	31.7935
6.99906	26.6502	0	31.7935
6.99954	26.6502	0.0825083	31.7935
7.00068	26.7327	0	31.7935
7.0261	26.7327	0	32.0652
7.02643	26.7327	0.165017	32.0652
7.02919	26.8152	0.0825083	32.0652
7.04643	26.8977	0	32.0652
7.04953	26.8977	0.0825083	32.0652
7.05756	26.9802	0	32.0652
7.06501	27.0215	0.0825083	32.0652
7.06763	27.104	0	32.0652
7.07105	27.104	0.165017	32.0652
7.07249	27.1865	0.0825083	32.0652
7.16568	27.269	0	32.0652
7.16585	27.3102	0.0825083	32.0652
7.17658	27.3927	0	32.0652
7.17949	27.434	0.0825083	32.0652
7.21716	27.5165	0	32.0652
7.22037	27.5578	0.0825083	32.0652
7.22725	27.6403	0	32.0652
7.2301	27.6815	0.0825083	32.0652
7.33366	27.764	0	32.0652
7.33494	27.8053	0.0825083	32.0652
7.33976	27.8053	0.165017	32.0652
7.34145	27.8878	0.0825083	32.0652
7.38892	27.9703	0	32.0652
7.38936	28.0116	0.0825083	32.0652
7.40077	28.0941	0	32.0652
7.40389	28.1353	0.0825083	32.0652
7.41085	28.2178	0	32.0652
7.41737	28.2591	0.0825083	32.0652
7.42112	28.3416	0	32.0652
7.42434	28.3416	0.165017	32.0652
7.42464	28.3416	0.330033	32.0652
7.42509	28.4241	0.247525	32.0652
7.42548	28.5066	0.165017	32.0652
7.42561	28.5891	0.0825083	32.0652
7.42805	28.5891	0.165017	32.0652
7.42908	28.6716	0.0825083	32.0652
7.45404	28.7541	0	32.0652
7.48778	28.7541	0	32.337
7.48934	28.7541	0	32.6087
7.49287	28.7541	0.165017	32.6087
7.49576	28.8366	0.0825083	32.6087
7.52304	28.9191	0	32.6087
7.52487	28.9191	0	32.6087
7.52686	28.9191	0.0825083	32.6087
7.5596	29.0016	0	32.6087
7.56049	29.0016	0.0825083	32.6087
7.61503	29.0842	0	32.6087
7.61514	29.0842	0.165017	32.6087
7.62262	29.1667	0.0825083	32.6087
7.63795	29.2492	0	32.6087
7.64413	29.2904	0.0825083	32.6087
7.64637	29.3729	0	32.6087
7.64826	29.4142	0.0825083	32.6087
7.64957	29.4967	0	32.6087
7.68576	29.4967	0	33.1522
7.79728	29.4967	0	33.4239
7.82059	29.4967	0	33.6957
7.86072	29.4967	0	33.6957
7.86119	29.538	0.0825083	33.6957
7.86388	29.6205	0	33.6957
7.89618	29.6205	0	33.9674
7.89792	29.6205	0.165017	33.9674
7.89859	29.703	0.0825083	33.9674
7.91974	29.7855	0	33.9674
7.92114	29.8267	0.0825083	33.9674
7.92759	29.9092	0	33.9674
7.9832	29.9092	0	33.9674
7.9836	29.9505	0.0825083	33.9674
8.08087	30.033	0	33.9674
8.08405	30.0743	0.0825083	33.9674
8.09864	30.1568	0	33.9674
8.13005	30.1568	0	34.5109
8.13634	30.1568	0	34.7826
8.15224	30.1568	0	35.0543
8.15236	30.1568	0.165017	35.0543
8.15853	30.2393	0.0825083	35.0543
8.19102	30.3218	0	35.0543
8.23605	30.3218	0	35.3261
8.23769	30.363	0.0825083	35.3261
8.27627	30.4455	0	35.3261
8.29217	30.4455	0	35.5978
8.2954	30.4455	0	35.8696
8.36318	30.4455	0	36.1413
8.38216	30.4455	0	36.413
8.38772	30.4455	0	36.6848
8.3883	30.4868	0.0825083	36.6848
8.45508	30.5693	0	36.6848
8.4591	30.5693	0.165017	36.6848
8.46318	30.6518	0.0825083	36.6848
8.50956	30.7343	0	36.6848
8.54312	30.7343	0	36.9565
8.55272	30.7343	0	37.2283
8.55294	30.7343	0.0825083	37.2283
8.56246	30.8168	0	37.2283
8.56389	30.8168	0	37.5
8.56435	30.8581	0.0825083	37.5
8.64193	30.9406	0	37.5
8.66839	30.9406	0	38.0435
8.67696	30.9406	0.0825083	38.0435
8.6898	31.0231	0	38.0435
8.69329	31.0644	0.0825083	38.0435
8.71226	31.1469	0	38.0435
8.71413	31.1881	0.0825083	38.0435
8.73406	31.2706	0	38.0435
8.73414	31.2706	0.165017	38.0435
8.73833	31.3531	0.0825083	38.0435
8.76169	31.4356	0	38.0435
8.76711	31.4769	0.0825083	38.0435
8.7687	31.5594	0	38.0435
8.77541	31.5594	0.0825083	38.0435
8.77683	31.6419	0	38.0435
8.77758	31.6419	0.165017	38.0435
8.77928	31.7244	0.0825083	38.0435
8.83012	31.8069	0	38.0435
8.83061	31.8069	0.0825083	38.0435
8.83809	31.8069	0.0825083	38.3152
8.88551	31.8894	0	38.3152
8.90998	31.8894	0	38.587
8.91605	31.9307	0.0825083	38.587
8.92934	32.0132	0	38.587
8.93188	32.0545	0.0825083	38.587
8.94645	32.137	0	38.587
8.94659	32.137	0	38.8587
8.95368	32.1782	0.0825083	38.8587
8.96722	32.2607	0	38.8587
9.02618	32.2607	0	39.1304
9.02765	32.2607	0	39.4022
9.02773	32.302	0.0825083	39.4022
9.02949	32.3432	0.165017	39.4022
9.03102	32.4257	0.0825083	39.4022
9.0388	32.5083	0	39.4022
9.03974	32.5083	0.0825083	39.4022
9.06874	32.5908	0	39.4022
9.0692	32.5908	0.165017	39.4022
9.0757	32.6733	0.0825083	39.4022
9.16969	32.7558	0	39.4022
9.17719	32.797	0.0825083	39.4022
9.20054	32.8795	0	39.4022
9.20621	32.9208	0.0825083	39.4022
9.21773	33.0033	0	39.4022
9.21904	33.0446	0.0825083	39.4022
9.22718	33.1271	0	39.4022
9.22977	33.1683	0.0825083	39.4022
9.23404	33.2508	0	39.4022
9.23509	33.2921	0.0825083	39.4022
9.24668	33.3746	0	39.4022
9.3217	33.3746	0	39.9457
9.322	33.4158	0.0825083	39.9457
9.32268	33.4571	0.165017	39.9457
9.32295	33.5396	0.0825083	39.9457
9.33728	33.6221	0	39.9457
9.34748	33.6221	0	40.2174
9.34983	33.6221	0.165017	40.2174
9.35313	33.7046	0.0825083	40.2174
9.37536	33.7871	0	40.2174
9.38258	33.7871	0	40.4891
9.38662	33.8284	0.0825083	40.4891
9.38845	33.8284	0.0825083	40.7609
9.41325	33.9109	0	40.7609
9.41562	33.9521	0.0825083	40.7609
9.4217	34.0347	0	40.7609
9.43138	34.0347	0.0825083	40.7609
9.45427	34.1172	0	40.7609
9.45507	34.1172	0.165017	40.7609
9.45611	34.1997	0.0825083	40.7609
9.46621	34.2822	0	40.7609
9.46869	34.2822	0.165017	40.7609
9.47454	34.3647	0.0825083	40.7609
9.47618	34.3647	0.0825083	41.0326
9.4785	34.4472	0	41.0326
9.4837	34.4884	0.0825083	41.0326
9.51871	34.571	0	41.0326
9.51949	34.571	0.165017	41.0326
9.51967	34.6535	0.0825083	41.0326
9.5438	34.736	0	41.0326
9.54413	34.736	0.165017	41.0326
9.54436	34.8185	0.0825083	41.0326
9.60923	34.901	0	41.0326
9.61131	34.901	0.0825083	41.0326
9.653	34.9835	0	41.0326
9.65697	34.9835	0.0825083	41.0326
9.66422	35.066	0	41.0326
9.66438	35.066	0.165017	41.0326
9.66859	35.1485	0.0825083	41.0326
9.68675	35.231	0	41.0326
9.69169	35.231	0.0825083	41.0326
9.6923	35.3135	0	41.0326
9.69883	35.3548	0.0825083	41.0326
9.70577	35.4373	0	41.0326
9.70664	35.4373	0.0825083	41.0326
9.75705	35.5198	0	41.0326
9.79368	35.5198	0	41.3043
9.7966	35.5198	0.0825083	41.3043
9.83485	35.6023	0	41.3043
9.83998	35.6023	0	41.5761
9.84177	35.6023	0.0825083	41.5761
9.9212	35.6848	0	41.5761
9.92744	35.6848	0.0825083	41.5761
9.98125	35.7673	0	41.5761
9.98826	35.7673	0	41.8478
9.98971	35.7673	0.165017	41.8478
9.98974	35.8498	0.0825083	41.8478
9.98981	35.8911	0.165017	41.8478
9.99074	35.9736	0.0825083	41.8478
10.0317	36.0561	0	41.8478
10.0376	36.0561	0	42.1196
10.0384	36.0974	0.0825083	42.1196
10.053	36.1799	0	42.1196
10.0593	36.2211	0.0825083	42.1196
10.0595	36.2624	0.165017	42.1196
10.064	36.3449	0.0825083	42.1196
10.0715	36.4274	0	42.1196
10.0796	36.4274	0	42.3913
10.0827	36.4686	0.0825083	42.3913
10.0855	36.5099	0.165017	42.3913
10.086	36.5924	0.0825083	42.3913
10.1317	36.6749	0	42.3913
10.134	36.7162	0.0825083	42.3913
10.1371	36.7987	0	42.3913
10.1375	36.8399	0.0825083	42.3913
10.1474	36.9224	0	42.3913
10.158	36.9224	0	42.663
10.1592	36.9637	0.0825083	42.663
10.1602	37.005	0.165017	42.663
10.1618	37.0875	0.0825083	42.663
10.2169	37.17	0	42.663
10.2173	37.2112	0.0825083	42.663
10.2252	37.2937	0	42.663
10.228	37.335	0.0825083	42.663
10.2283	37.3762	0.165017	42.663
10.2331	37.4587	0.0825083	42.663
10.2368	37.5413	0	42.663
10.2371	37.5413	0.165017	42.663
10.2392	37.6238	0.0825083	42.663
10.2854	37.7063	0	42.663
10.2866	37.7063	0.0825083	42.663
10.3007	37.7888	0	42.663
10.3013	37.83	0.0825083	42.663
10.33	37.9125	0	42.663
10.3349	37.9125	0	42.9348
10.3399	37.9125	0	43.4783
10.3431	37.9538	0.0825083	43.4783
10.3607	38.0363	0	43.4783
10.3628	38.0363	0.0825083	43.4783
10.399	38.1188	0	43.4783
10.4143	38.1188	0	43.75
10.4147	38.1601	0.0825083	43.75
10.4304	38.2426	0	43.75
10.4386	38.2838	0.0825083	43.75
10.452	38.3663	0	43.75
10.4542	38.3663	0.165017	43.75
10.4571	38.4488	0.0825083	43.75
10.4847	38.5314	0	43.75
10.4856	38.5314	0.165017	43.75
10.4878	38.6139	0.0825083	43.75
10.5289	38.6964	0	43.75
10.5341	38.6964	0.0825083	43.75
10.5972	38.7789	0	43.75
10.599	38.8201	0.0825083	43.75
10.7268	38.9026	0	43.75
10.7305	38.9439	0.0825083	43.75
10.7882	39.0264	0	43.75
10.8034	39.0264	0	44.2935
10.8048	39.0264	0.0825083	44.2935
10.8354	39.1089	0	44.2935
10.8379	39.1502	0.0825083	44.2935
10.8413	39.2327	0	44.2935
10.8451	39.2327	0.0825083	44.2935
10.8572	39.3152	0	44.2935
10.8636	39.3564	0.0825083	44.2935
10.8689	39.4389	0	44.2935
10.8696	39.4802	0.0825083	44.2935
10.8742	39.4802	0.0825083	44.5652
10.8861	39.5627	0	44.5652
10.8886	39.604	0.0825083	44.5652
10.9178	39.6865	0	44.5652
10.9221	39.6865	0.165017	44.5652
10.9232	39.769	0.0825083	44.5652
10.9355	39.8515	0	44.5652
10.9356	39.8515	0.165017	44.5652
10.9371	39.934	0.0825083	44.5652
10.9534	40.0165	0	44.5652
11.0128	40.0165	0	44.837
11.0156	40.0165	0	45.1087
11.0167	40.0578	0.0825083	45.1087
11.0315	40.1403	0	45.1087
11.0564	40.1403	0	45.6522
11.057	40.1815	0.0825083	45.6522
11.0705	40.264	0	45.6522
11.091	40.264	0	45.9239
11.096	40.264	0	46.1957
11.0999	40.264	0	46.1957
11.1042	40.3053	0.0825083	46.1957
11.1404	40.3878	0	46.1957
11.1406	40.429	0.0825083	46.1957
11.1616	40.5116	0	46.1957
11.2142	40.5116	0	46.4674
11.2163	40.5528	0.0825083	46.4674
11.2273	40.6353	0	46.4674
11.2289	40.6766	0.0825083	46.4674
11.2611	40.7591	0	46.4674
11.2611	40.7591	0.165017	46.4674
11.2665	40.8416	0.0825083	46.4674
11.3271	40.9241	0	46.4674
11.3277	40.9241	0.165017	46.4674
11.332	41.0066	0.0825083	46.4674
11.3577	41.0891	0	46.4674
11.3592	41.1304	0.0825083	46.4674
11.3797	41.2129	0	46.4674
11.3885	41.2129	0	47.0109
11.474	41.2129	0	47.2826
11.4901	41.2129	0	47.5543
11.4905	41.2541	0.0825083	47.5543
11.5025	41.3366	0	47.5543
11.5194	41.3366	0	47.8261
11.5214	41.3779	0.0825083	47.8261
11.5885	41.4604	0	47.8261
11.5887	41.5017	0.0825083	47.8261
11.6524	41.5842	0	47.8261
11.6541	41.6254	0.0825083	47.8261
11.6726	41.7079	0	47.8261
11.7239	41.7079	0	48.0978
11.7249	41.7492	0.0825083	48.0978
11.8699	41.8317	0	48.0978
11.9741	41.8317	0	48.0978
11.9955	41.8317	0	48.3696
11.9959	41.8317	0.165017	48.3696
11.9988	41.9142	0.0825083	48.3696
12.0545	41.9967	0	48.3696
12.0567	41.9967	0.165017	48.3696
12.0572	42.0792	0.0825083	48.3696
12.1254	42.1617	0	48.3696
12.1257	42.1617	0.165017	48.3696
12.1301	42.2442	0.0825083	48.3696
12.1305	42.2855	0.165017	48.3696
12.1309	42.368	0.0825083	48.3696
12.1645	42.4505	0	48.3696
12.1647	42.4505	0.165017	48.3696
12.1649	42.533	0.0825083	48.3696
12.1714	42.6155	0	48.3696
12.1752	42.6568	0.0825083	48.3696
12.2813	42.7393	0	48.3696
12.3021	42.7393	0	48.6413
12.3033	42.7393	0.0825083	48.6413
12.3136	42.8218	0	48.6413
12.317	42.8218	0.0825083	48.6413
12.4343	42.9043	0	48.6413
12.4371	42.9455	0.0825083	48.6413
12.5062	43.0281	0	48.6413
12.507	43.0281	0.165017	48.6413
12.5079	43.1106	0.0825083	48.6413
12.6342	43.1931	0	48.6413
12.6347	43.1931	0.165017	48.6413
12.6369	43.2756	0.0825083	48.6413
12.6494	43.3581	0	48.6413
12.6535	43.3581	0.0825083	48.6413
12.7064	43.4406	0	48.6413
12.7077	43.4406	0	49.1848
12.7215	43.4406	0	49.4565
12.7216	43.4406	0.165017	49.4565
12.7216	43.5231	0.0825083	49.4565
12.7223	43.5231	0.0825083	49.7283
12.7338	43.6056	0	49.7283
12.7376	43.6469	0.0825083	49.7283
12.77	43.7294	0	49.7283
12.7766	43.7294	0.0825083	49.7283
12.785	43.8119	0	49.7283
12.7854	43.8119	0.165017	49.7283
12.7909	43.8944	0.0825083	49.7283
12.8339	43.9769	0	49.7283
12.8819	43.9769	0	50
12.9349	43.9769	0	50.2717
12.9349	43.9769	0.165017	50.2717
12.9363	44.0594	0.0825083	50.2717
12.9364	44.1419	0	50.2717
12.9388	44.1832	0.0825083	50.2717
12.942	44.2657	0	50.2717
12.9548	44.2657	0	50.5435
12.9583	44.3069	0.0825083	50.5435
13.0077	44.3894	0	50.5435
13.0091	44.4307	0.0825083	50.5435
13.0233	44.5132	0	50.5435
13.0233	44.5545	0.0825083	50.5435
13.1383	44.637	0	50.5435
13.1386	44.637	0.0825083	50.5435
13.1475	44.7195	0	50.5435
13.1592	44.7195	0	50.5435
13.1595	44.7195	0.165017	50.5435
13.1599	44.802	0.0825083	50.5435
13.1684	44.8845	0	50.5435
13.1696	44.9257	0.0825083	50.5435
13.1882	45.0083	0	50.5435
13.1887	45.0495	0.0825083	50.5435
13.1965	45.132	0	50.5435
13.1985	45.1733	0.0825083	50.5435
13.2091	45.2558	0	50.5435
13.2093	45.2558	0.165017	50.5435
13.2095	45.3383	0.0825083	50.5435
13.247	45.4208	0	50.5435
13.2479	45.462	0.0825083	50.5435
13.2901	45.5446	0	50.5435
13.2927	45.5858	0.0825083	50.5435
13.3017	45.6683	0	50.5435
13.3027	45.7096	0.0825083	50.5435
13.3654	45.7921	0	50.5435
13.3704	45.8333	0.0825083	50.5435
13.4001	45.9158	0	50.5435
13.4526	45.9158	0	50.8152
13.4649	45.9158	0	51.087
13.5383	45.9158	0	51.3587
13.5446	45.9571	0.0825083	51.3587
13.6216	46.0396	0	51.3587
13.6786	46.0396	0	51.6304
13.6899	46.0396	0	51.6304
13.6928	46.0809	0.0825083	51.6304
13.6934	46.1221	0.165017	51.6304
13.6937	46.2046	0.0825083	51.6304
13.7014	46.2871	0	51.6304
13.72	46.2871	0	51.9022
13.7523	46.2871	0	52.1739
13.754	46.3284	0.0825083	52.1739
13.7932	46.4109	0	52.1739
13.7941	46.4521	0.0825083	52.1739
13.7966	46.5347	0	52.1739
13.7969	46.5347	0.165017	52.1739
13.7983	46.6172	0.0825083	52.1739
13.8017	46.6997	0	52.1739
13.8098	46.7409	0.0825083	52.1739
13.8224	46.8234	0	52.1739
13.8234	46.8647	0.0825083	52.1739
13.827	46.9472	0	52.1739
13.8307	46.9884	0.0825083	52.1739
13.8391	47.071	0	52.1739
13.9709	47.071	0	52.4457
13.9987	47.071	0	52.7174
14.0289	47.071	0	53.2609
14.0395	47.071	0	53.5326
14.0532	47.1122	0.0825083	53.5326
14.0628	47.1947	0	53.5326
14.0677	47.236	0.0825083	53.5326
14.0735	47.3185	0	53.5326
14.0789	47.3597	0.0825083	53.5326
14.0795	47.3597	0.247525	53.5326
14.0825	47.4422	0.165017	53.5326
14.0866	47.5248	0.0825083	53.5326
14.115	47.6073	0	53.5326
14.1155	47.6073	0.0825083	53.5326
14.1188	47.6898	0	53.5326
14.1204	47.6898	0.0825083	53.5326
14.156	47.7723	0	53.5326
14.157	47.8135	0.0825083	53.5326
14.1614	47.896	0	53.5326
14.1651	47.896	0	53.8043
14.166	47.9373	0.0825083	53.8043
14.1706	48.0198	0	53.8043
14.1742	48.0611	0.0825083	53.8043
14.2136	48.1436	0	53.8043
14.2161	48.1848	0.0825083	53.8043
14.2284	48.2673	0	53.8043
14.2305	48.2673	0.0825083	53.8043
14.2491	48.3498	0	53.8043
14.2814	48.3498	0	54.0761
14.2844	48.3911	0.0825083	54.0761
14.2959	48.4736	0	54.0761
14.3202	48.4736	0	54.6196
14.3283	48.4736	0	55.163
14.3285	48.4736	0.165017	55.163
14.3294	48.5561	0.0825083	55.163
14.3411	48.6386	0	55.163
14.345	48.6799	0.0825083	55.163
14.484	48.7624	0	55.163
14.4852	48.8036	0.0825083	55.163
14.5044	48.8861	0	55.163
14.5049	48.8861	0.165017	55.163
14.5051	48.9686	0.0825083	55.163
14.5072	49.0512	0	55.163
14.5079	49.0924	0.0825083	55.163
14.5876	49.1749	0	55.163
14.5881	49.1749	0.0825083	55.163
14.6124	49.2574	0	55.163
14.6149	49.2574	0.165017	55.163
14.616	49.3399	0.0825083	55.163
14.6738	49.4224	0	55.163
14.6762	49.4224	0.0825083	55.163
14.8064	49.505	0	55.163
14.809	49.505	0.0825083	55.163
14.8164	49.5875	0	55.163
14.8246	49.5875	0.0825083	55.163
14.8304	49.67	0	55.163
14.8319	49.67	0.165017	55.163
14.8321	49.7525	0.0825083	55.163
14.8758	49.835	0	55.163
14.8927	49.835	0	55.4348
14.8929	49.8762	0.0825083	55.4348
14.9076	49.9587	0	55.4348
14.9168	50	0.0825083	55.4348
14.9369	50.0825	0	55.4348
14.9462	50.1238	0.0825083	55.4348
14.9812	50.2063	0	55.4348
14.9852	50.2063	0.0825083	55.4348
14.9903	50.2888	0	55.4348
15.0003	50.2888	0	55.7065
15.0155	50.2888	0	55.9783
15.0181	50.2888	0	56.25
15.0253	50.2888	0.0825083	56.25
15.0455	50.3713	0	56.25
15.0619	50.3713	0	56.5217
15.0748	50.3713	0	56.7935
15.0781	50.3713	0.0825083	56.7935
15.0972	50.4538	0	56.7935
15.1303	50.4538	0	57.337
15.1305	50.495	0.0825083	57.337
15.2018	50.5776	0	57.337
15.2082	50.6188	0.0825083	57.337
15.229	50.7013	0	57.337
15.2292	50.7013	0.165017	57.337
15.2315	50.7838	0.0825083	57.337
15.2777	50.8663	0	57.337
15.2784	50.9076	0.0825083	57.337
15.2787	50.9901	0	57.337
15.2901	50.9901	0	57.6087
15.4321	50.9901	0	58.1522
15.4347	51.0314	0.0825083	58.1522
15.4767	51.1139	0	58.1522
15.4768	51.1139	0.165017	58.1522
15.4798	51.1964	0.0825083	58.1522
15.6939	51.2789	0	58.1522
15.6946	51.3201	0.0825083	58.1522
15.7211	51.4026	0	58.1522
15.7222	51.4439	0.0825083	58.1522
15.7362	51.5264	0	58.1522
15.7379	51.5677	0.0825083	58.1522
15.7589	51.6502	0	58.1522
15.7608	51.6914	0.0825083	58.1522
15.7617	51.6914	0.247525	58.1522
15.7623	51.7739	0.165017	58.1522
15.7631	51.8564	0.0825083	58.1522
15.9012	51.9389	0	58.1522
15.9018	51.9802	0.0825083	58.1522
15.925	52.0627	0	58.1522
15.9262	52.0627	0.165017	58.1522
15.9263	52.1452	0.0825083	58.1522
15.9381	52.2277	0	58.1522
15.9396	52.269	0.0825083	58.1522
15.9417	52.269	0.247525	58.1522
15.9419	52.3515	0.165017	58.1522
15.9498	52.434	0.0825083	58.1522
15.9678	52.5165	0	58.1522
15.9689	52.5578	0.0825083	58.1522
15.9719	52.5578	0.0825083	58.4239
15.9785	52.6403	0	58.4239
15.9816	52.6403	0	58.6957
15.9826	52.6815	0.0825083	58.6957
16.1097	52.764	0	58.6957
16.1102	52.8053	0.0825083	58.6957
16.1103	52.8053	0.0825083	58.9674
16.1237	52.8878	0	58.9674
16.125	52.8878	0.165017	58.9674
16.1271	52.9703	0.0825083	58.9674
16.1611	53.0528	0	58.9674
16.1618	53.0941	0.0825083	58.9674
16.227	53.1766	0	58.9674
16.2286	53.2178	0.0825083	58.9674
16.3279	53.3003	0	58.9674
16.33	53.3003	0.165017	58.9674
16.3315	53.3828	0.0825083	58.9674
16.3567	53.4653	0	58.9674
16.4256	53.4653	0	59.2391
16.4266	53.4653	0.165017	59.2391
16.431	53.5479	0.0825083	59.2391
16.5218	53.6304	0	59.2391
16.5222	53.6716	0.0825083	59.2391
16.5372	53.7541	0	59.2391
16.5373	53.7541	0.165017	59.2391
16.5378	53.8366	0.0825083	59.2391
16.5961	53.9191	0	59.2391
16.5975	53.9604	0.0825083	59.2391
16.6287	54.0429	0	59.2391
16.6326	54.0842	0.0825083	59.2391
16.6515	54.1667	0	59.2391
16.6546	54.2079	0.0825083	59.2391
16.7222	54.2904	0	59.2391
16.7233	54.3317	0.0825083	59.2391
16.7947	54.4142	0	59.2391
16.7949	54.4142	0.165017	59.2391
16.8025	54.4967	0.0825083	59.2391
16.9565	54.5792	0	59.2391
17.1061	54.5792	0	59.5109
17.1134	54.6205	0.0825083	59.5109
17.1287	54.703	0	59.5109
17.187	54.703	0	59.7826
17.209	54.703	0	60.0543
17.2097	54.703	0.165017	60.0543
17.2149	54.7855	0.0825083	60.0543
17.2409	54.868	0	60.0543
17.328	54.868	0	60.3261
17.3318	54.9092	0.0825083	60.3261
17.4487	54.9917	0	60.3261
17.5602	54.9917	0	60.5978
17.5602	54.9917	0.0825083	60.5978
17.6004	55.0743	0	60.5978
17.6462	55.0743	0	60.8696
17.6472	55.0743	0.0825083	60.8696
17.648	55.1155	0.165017	60.8696
17.6506	55.198	0.0825083	60.8696
17.7324	55.2805	0	60.8696
17.8211	55.2805	0	61.1413
17.8243	55.2805	0.0825083	61.1413
17.8318	55.363	0	61.1413
17.8325	55.363	0.165017	61.1413
17.8333	55.4455	0.0825083	61.1413
17.9097	55.5281	0	61.1413
17.91	55.5693	0.0825083	61.1413
17.9104	55.6518	0	61.1413
17.9105	55.6518	0.165017	61.1413
17.9142	55.7343	0.0825083	61.1413
17.9152	55.8168	0	61.1413
17.9159	55.8168	0.165017	61.1413
17.9186	55.8993	0.0825083	61.1413
18.0934	55.9818	0	61.1413
18.0948	56.0231	0.0825083	61.1413
18.1404	56.1056	0	61.1413
18.1404	56.1469	0.0825083	61.1413
18.2419	56.2294	0	61.1413
18.2424	56.2706	0.0825083	61.1413
18.3942	56.3531	0	61.1413
18.3945	56.3531	0.165017	61.1413
18.4003	56.4356	0.0825083	61.1413
18.4651	56.5182	0	61.1413
18.471	56.5182	0.0825083	61.1413
18.5554	56.6007	0	61.1413
18.5933	56.6007	0	61.6848
18.6259	56.6007	0	61.9565
18.6286	56.6007	0.0825083	61.9565
18.63	56.6832	0	61.9565
18.6364	56.6832	0	62.2283
18.7838	56.6832	0	62.5
18.922	56.6832	0	63.0435
18.9237	56.7244	0.0825083	63.0435
19.0517	56.8069	0	63.0435
19.0538	56.8482	0.0825083	63.0435
19.2063	56.9307	0	63.0435
19.2127	56.9307	0.0825083	63.0435
19.2349	57.0132	0	63.0435
19.2385	57.0545	0.0825083	63.0435
19.2671	57.137	0	63.0435
19.2991	57.137	0	63.3152
19.3014	57.137	0.0825083	63.3152
19.4059	57.2195	0	63.3152
19.4064	57.2195	0	63.587
19.4078	57.2195	0	63.8587
19.4146	57.2607	0.0825083	63.8587
19.4163	57.3432	0	63.8587
19.4169	57.3432	0.165017	63.8587
19.4183	57.4257	0.0825083	63.8587
19.4262	57.5083	0	63.8587
19.4273	57.5495	0.0825083	63.8587
19.4497	57.632	0	63.8587
19.6447	57.632	0	64.1304
19.6451	57.632	0.0825083	64.1304
19.6455	57.6733	0.165017	64.1304
19.6477	57.7558	0.0825083	64.1304
19.7283	57.8383	0	64.1304
19.7501	57.8383	0	64.6739
19.7503	57.8383	0.0825083	64.6739
19.7592	57.9208	0	64.6739
19.7673	57.962	0.0825083	64.6739
20.0148	58.0446	0	64.6739
20.016	58.0446	0.165017	64.6739
20.0178	58.1271	0.0825083	64.6739
20.0308	58.2096	0	64.6739
20.0499	58.2096	0	65.2174
20.0515	58.2096	0	65.7609
20.0543	58.2508	0.0825083	65.7609
20.0768	58.3333	0	65.7609
20.0771	58.3333	0	66.3043
20.0771	58.3746	0.0825083	66.3043
20.3121	58.4571	0	66.3043
20.3125	58.4983	0.0825083	66.3043
20.4217	58.5809	0	66.3043
20.4222	58.5809	0.0825083	66.3043
20.452	58.6634	0	66.3043
20.4911	58.6634	0	66.8478
20.5222	58.6634	0	67.1196
20.5227	58.7046	0.0825083	67.1196
20.6482	58.7871	0	67.1196
20.6513	58.7871	0.165017	67.1196
20.6524	58.8696	0.0825083	67.1196
20.6889	58.9521	0	67.1196
20.6903	58.9934	0.0825083	67.1196
20.7458	59.0759	0	67.1196
20.7487	59.0759	0.165017	67.1196
20.7524	59.1584	0.0825083	67.1196
20.7998	59.2409	0	67.1196
20.8239	59.2409	0	67.3913
20.8302	59.2409	0	67.663
20.839	59.2822	0.0825083	67.663
20.9044	59.3647	0	67.663
20.9619	59.3647	0	67.9348
20.9641	59.3647	0.0825083	67.9348
21.0294	59.4472	0	67.9348
21.0319	59.4884	0.0825083	67.9348
21.1283	59.571	0	67.9348
21.1301	59.571	0.165017	67.9348
21.1324	59.6535	0.0825083	67.9348
21.2556	59.736	0	67.9348
21.2585	59.736	0.165017	67.9348
21.2587	59.8185	0.0825083	67.9348
21.2949	59.901	0	67.9348
21.298	59.9422	0.0825083	67.9348
21.3776	60.0248	0	67.9348
21.3839	60.066	0.0825083	67.9348
21.3843	60.066	0.165017	67.9348
21.3846	60.1485	0.0825083	67.9348
21.454	60.231	0	67.9348
21.4547	60.2723	0.0825083	67.9348
21.4641	60.3548	0	67.9348
21.4664	60.3548	0	68.2065
21.4995	60.3548	0	68.4783
21.5512	60.3548	0	69.0217
21.6093	60.3548	0	69.2935
21.6101	60.396	0.0825083	69.2935
21.6611	60.4785	0	69.2935
21.6615	60.4785	0.165017	69.2935
21.662	60.5611	0.0825083	69.2935
21.7666	60.6436	0	69.2935
21.7724	60.6436	0.0825083	69.2935
21.7728	60.6436	0.165017	69.2935
21.7751	60.7261	0.0825083	69.2935
21.781	60.8086	0	69.2935
21.7886	60.8498	0.0825083	69.2935
21.9394	60.9323	0	69.2935
21.9402	60.9323	0.0825083	69.2935
21.9406	60.9323	0.247525	69.2935
21.9411	61.0149	0.165017	69.2935
21.942	61.0974	0.0825083	69.2935
21.996	61.1799	0	69.2935
22.1442	61.1799	0	69.837
22.1501	61.2211	0.0825083	69.837
22.1618	61.3036	0	69.837
22.1625	61.3449	0.0825083	69.837
22.178	61.4274	0	69.837
22.1785	61.4274	0.165017	69.837
22.1785	61.5099	0.0825083	69.837
22.2566	61.5924	0	69.837
22.2572	61.5924	0.165017	69.837
22.258	61.6749	0.0825083	69.837
22.4506	61.7574	0	69.837
22.5997	61.7574	0	70.3804
22.6002	61.7574	0.165017	70.3804
22.6006	61.8399	0.0825083	70.3804
22.6543	61.9224	0	70.3804
22.6562	61.9637	0.0825083	70.3804
22.6784	62.0462	0	70.3804
22.7209	62.0462	0	70.9239
22.722	62.0875	0.0825083	70.9239
22.7305	62.17	0	70.9239
22.7397	62.17	0	71.1957
22.7401	62.2112	0.0825083	71.1957
22.8426	62.2937	0	71.1957
22.8464	62.2937	0.0825083	71.1957
22.8481	62.3762	0	71.1957
22.8489	62.3762	0.0825083	71.1957
22.9775	62.4587	0	71.1957
22.978	62.5	0.0825083	71.1957
23.0269	62.5825	0	71.1957
23.0388	62.5825	0	71.4674
23.0389	62.6238	0.0825083	71.4674
23.0467	62.7063	0	71.4674
23.053	62.7475	0.0825083	71.4674
23.0554	62.83	0	71.4674
23.0589	62.8713	0.0825083	71.4674
23.0677	62.9538	0	71.4674
23.0706	62.995	0.0825083	71.4674
23.2537	63.0776	0	71.4674
23.338	63.0776	0	72.0109
23.3403	63.1188	0.0825083	72.0109
23.4001	63.2013	0	72.0109
23.4728	63.2013	0	72.5543
23.4734	63.2426	0.0825083	72.5543
23.4976	63.3251	0	72.5543
23.52	63.3251	0	73.0978
23.5848	63.3251	0	73.3696
23.7301	63.3251	0	73.6413
23.7303	63.3251	0.165017	73.6413
23.7328	63.4076	0.0825083	73.6413
23.9591	63.4901	0	73.6413
23.9655	63.5314	0.0825083	73.6413
23.9823	63.6139	0	73.6413
24.0313	63.6139	0	74.1848
24.0333	63.6139	0.165017	74.1848
24.0405	63.6964	0.0825083	74.1848
24.0551	63.7789	0	74.1848
24.112	63.7789	0	74.4565
24.1121	63.8201	0.0825083	74.4565
24.1334	63.9026	0	74.4565
24.1361	63.9026	0	75
24.1814	63.9026	0	75.5435
24.2214	63.9026	0	76.087
24.2215	63.9026	0	76.6304
24.2258	63.9026	0.0825083	76.6304
24.2693	63.9851	0	76.6304
24.2741	63.9851	0	77.1739
24.2749	64.0264	0.0825083	77.1739
24.3271	64.1089	0	77.1739
24.3282	64.1089	0.0825083	77.1739
24.5121	64.1914	0	77.1739
24.6531	64.1914	0	77.4457
24.6564	64.2327	0.0825083	77.4457
24.6794	64.3152	0	77.4457
24.6801	64.3564	0.0825083	77.4457
24.7686	64.4389	0	77.4457
24.7696	64.4802	0.0825083	77.4457
24.8146	64.5627	0	77.4457
24.8175	64.5627	0.165017	77.4457
24.8177	64.6452	0.0825083	77.4457
24.8585	64.7277	0	77.4457
24.8629	64.769	0.0825083	77.4457
24.9196	64.8515	0	77.4457
24.9212	64.8927	0.0825083	77.4457
24.9961	64.9753	0	77.4457
24.9982	65.0165	0.0825083	77.4457
25.0116	65.099	0	77.4457
25.0118	65.1403	0.0825083	77.4457
25.0642	65.2228	0	77.4457
25.0665	65.264	0.0825083	77.4457
25.1003	65.3465	0	77.4457
25.1048	65.3878	0.0825083	77.4457
25.1664	65.4703	0	77.4457
25.1667	65.5116	0.0825083	77.4457
25.2314	65.5941	0	77.4457
25.2332	65.5941	0.0825083	77.4457
25.2348	65.6766	0	77.4457
25.2357	65.7178	0.0825083	77.4457
25.2879	65.8003	0	77.4457
25.2898	65.8003	0.0825083	77.4457
25.333	65.8828	0	77.4457
25.334	65.9241	0.0825083	77.4457
25.6495	66.0066	0	77.4457
25.6534	66.0066	0.165017	77.4457
25.6569	66.0891	0.0825083	77.4457
25.6726	66.1716	0	77.4457
25.6783	66.2129	0.0825083	77.4457
25.6855	66.2954	0	77.4457
25.7901	66.2954	0	77.7174
26.0753	66.2954	0	77.9891
26.269	66.2954	0	78.2609
26.2705	66.3366	0.0825083	78.2609
26.2995	66.4191	0	78.2609
26.307	66.4604	0.0825083	78.2609
26.3209	66.5429	0	78.2609
26.3216	66.5429	0.165017	78.2609
26.3285	66.6254	0.0825083	78.2609
26.491	66.7079	0	78.2609
26.4937	66.7492	0.0825083	78.2609
26.5092	66.8317	0	78.2609
26.5104	66.8729	0.0825083	78.2609
26.5362	66.9554	0	78.2609
26.5371	66.9967	0.0825083	78.2609
26.6107	67.0792	0	78.2609
26.6108	67.0792	0.165017	78.2609
26.6167	67.1617	0.0825083	78.2609
26.8856	67.2442	0	78.2609
26.8873	67.2855	0.0825083	78.2609
26.9072	67.368	0	78.2609
26.9105	67.368	0.165017	78.2609
26.9111	67.4505	0.0825083	78.2609
26.926	67.533	0	78.2609
26.9273	67.5743	0.0825083	78.2609
27.008	67.6568	0	78.2609
27.0575	67.6568	0	78.5326
27.0607	67.6568	0.0825083	78.5326
27.0697	67.7393	0	78.5326
27.0699	67.7805	0.0825083	78.5326
27.1304	67.863	0	78.5326
27.1308	67.863	0.165017	78.5326
27.1315	67.9455	0.0825083	78.5326
27.2575	68.0281	0	78.5326
27.258	68.0693	0.0825083	78.5326
27.259	68.1518	0	78.5326
27.2624	68.1931	0.0825083	78.5326
27.5038	68.2756	0	78.5326
27.5046	68.2756	0.165017	78.5326
27.5061	68.3581	0.0825083	78.5326
27.6991	68.4406	0	78.5326
27.6996	68.4406	0.0825083	78.5326
27.8116	68.5231	0	78.5326
27.8133	68.5231	0.0825083	78.5326
27.9334	68.6056	0	78.5326
27.9345	68.6469	0.0825083	78.5326
27.9777	68.7294	0	78.5326
27.9805	68.7294	0.165017	78.5326
27.9808	68.8119	0.0825083	78.5326
27.9878	68.8944	0	78.5326
27.9879	68.9356	0.0825083	78.5326
28.0195	69.0182	0	78.5326
28.0216	69.0594	0.0825083	78.5326
28.2844	69.1419	0	78.5326
28.2845	69.1419	0.165017	78.5326
28.2871	69.2244	0.0825083	78.5326
28.2895	69.3069	0	78.5326
28.291	69.3482	0.0825083	78.5326
28.2925	69.3894	0.165017	78.5326
28.2937	69.4719	0.0825083	78.5326
28.3137	69.5545	0	78.5326
28.3641	69.5545	0	79.0761
28.3642	69.5545	0.165017	79.0761
28.3664	69.637	0.0825083	79.0761
28.3727	69.7195	0	79.0761
28.3733	69.7195	0.165017	79.0761
28.378	69.802	0.0825083	79.0761
28.4134	69.8845	0	79.0761
28.4143	69.9257	0.0825083	79.0761
28.4177	70.0082	0	79.0761
28.4645	70.0082	0	79.3478
28.4652	70.0082	0.165017	79.3478
28.4662	70.0908	0.0825083	79.3478
28.4937	70.1733	0	79.3478
28.5048	70.1733	0.0825083	79.3478
28.6508	70.2558	0	79.3478
28.6592	70.297	0.0825083	79.3478
28.6685	70.3795	0	79.3478
29.0294	70.3795	0	79.6196
29.0861	70.3795	0	80.163
29.0879	70.4208	0.0825083	80.163
29.2686	70.5033	0	80.163
29.347	70.5033	0	80.4348
29.4852	70.5033	0	80.7065
29.4874	70.5446	0.0825083	80.7065
29.4904	70.5446	0.0825083	80.9783
29.5332	70.6271	0	80.9783
29.5335	70.6683	0.0825083	80.9783
29.6594	70.7508	0	80.9783
29.6605	70.7508	0.0825083	80.9783
29.667	70.8333	0	80.9783
29.6686	70.8746	0.0825083	80.9783
29.6863	70.9571	0	80.9783
29.69	70.9571	0.165017	80.9783
29.6917	71.0396	0.0825083	80.9783
29.7225	71.1221	0	80.9783
29.7279	71.1634	0.0825083	80.9783
29.7421	71.2459	0	80.9783
29.743	71.2459	0.165017	80.9783
29.7431	71.2459	0.330033	80.9783
29.745	71.3284	0.247525	80.9783
29.7461	71.4109	0.165017	80.9783
29.7463	71.4934	0.0825083	80.9783
29.7465	71.5759	0	80.9783
29.7468	71.6172	0.0825083	80.9783
29.7996	71.6997	0	80.9783
29.8009	71.7409	0.0825083	80.9783
29.8341	71.8234	0	80.9783
29.8342	71.8647	0.0825083	80.9783
30.0311	71.9472	0	80.9783
30.0404	71.9472	0	81.25
30.0429	71.9884	0.0825083	81.25
30.1305	72.071	0	81.25
30.1429	72.071	0.0825083	81.25
30.2234	72.1535	0	81.25
30.2633	72.1535	0	81.5217
30.3136	72.1535	0	82.0652
30.3145	72.1535	0.0825083	82.0652
30.3467	72.236	0	82.0652
30.3515	72.236	0.0825083	82.0652
30.3529	72.3185	0	82.0652
30.354	72.3597	0.0825083	82.0652
30.3777	72.4422	0	82.0652
30.3793	72.4835	0.0825083	82.0652
30.4137	72.566	0	82.0652
30.4141	72.6073	0.0825083	82.0652
30.4878	72.6898	0	82.0652
30.6644	72.6898	0	82.6087
30.6648	72.6898	0.0825083	82.6087
30.7091	72.7723	0	82.6087
30.722	72.7723	0	82.8804
30.7244	72.7723	0.165017	82.8804
30.729	72.8548	0.0825083	82.8804
30.9193	72.9373	0	82.8804
31.0338	72.9373	0	83.1522
31.0343	72.9785	0.0825083	83.1522
31.0642	73.0611	0	83.1522
31.086	73.0611	0	83.6957
31.0886	73.0611	0	83.9674
31.0887	73.1023	0.0825083	83.9674
31.119	73.1848	0	83.9674
31.1191	73.2261	0.0825083	83.9674
31.3731	73.3086	0	83.9674
31.3745	73.3086	0.165017	83.9674
31.3748	73.3911	0.0825083	83.9674
31.4203	73.4736	0	83.9674
31.422	73.5149	0.0825083	83.9674
31.4763	73.5974	0	83.9674
31.4777	73.5974	0.0825083	83.9674
31.4985	73.6799	0	83.9674
31.4988	73.7211	0.0825083	83.9674
31.7087	73.8036	0	83.9674
31.7121	73.8449	0.0825083	83.9674
31.8854	73.9274	0	83.9674
32.1047	73.9274	0	84.2391
32.1052	73.9274	0.165017	84.2391
32.1071	74.0099	0.0825083	84.2391
32.1796	74.0924	0	84.2391
32.1852	74.0924	0.165017	84.2391
32.1887	74.1749	0.0825083	84.2391
32.4543	74.2574	0	84.2391
32.4577	74.2987	0.0825083	84.2391
32.4893	74.3812	0	84.2391
32.4945	74.3812	0	84.5109
32.6542	74.3812	0	85.0543
32.6635	74.4224	0.0825083	85.0543
32.7202	74.505	0	85.0543
32.722	74.5462	0.0825083	85.0543
32.7489	74.6287	0	85.0543
32.7542	74.67	0.0825083	85.0543
32.7603	74.7525	0	85.0543
33.0275	74.7525	0	85.3261
33.0308	74.7937	0.0825083	85.3261
33.0833	74.8762	0	85.3261
33.0937	74.9175	0.0825083	85.3261
33.0991	75	0	85.3261
33.1177	75	0	85.5978
33.1196	75	0.0825083	85.5978
33.1938	75.0825	0	85.5978
33.1954	75.1238	0.0825083	85.5978
33.2049	75.2063	0	85.5978
33.2113	75.2475	0.0825083	85.5978
33.2938	75.33	0	85.5978
33.2972	75.3713	0.0825083	85.5978
33.3742	75.4538	0	85.5978
33.3762	75.4538	0.165017	85.5978
33.3839	75.5363	0.0825083	85.5978
33.4488	75.6188	0	85.5978
33.449	75.6188	0.165017	85.5978
33.4507	75.7013	0.0825083	85.5978
33.6168	75.7838	0	85.5978
33.6177	75.7838	0.0825083	85.5978
33.6674	75.8663	0	85.5978
33.6801	75.8663	0	86.1413
33.681	75.8663	0.165017	86.1413
33.682	75.9488	0.0825083	86.1413
33.798	76.0314	0	86.1413
33.8626	76.0314	0	86.6848
33.8629	76.0314	0.165017	86.6848
33.869	76.1139	0.0825083	86.6848
33.9766	76.1964	0	86.6848
33.978	76.1964	0	87.2283
34.0398	76.1964	0	87.7717
34.0416	76.2376	0.0825083	87.7717
34.0904	76.3201	0	87.7717
34.0908	76.3614	0.0825083	87.7717
34.091	76.3614	0.247525	87.7717
34.0915	76.4439	0.165017	87.7717
34.0991	76.5264	0.0825083	87.7717
34.1687	76.6089	0	87.7717
34.1692	76.6502	0.0825083	87.7717
34.2412	76.7327	0	87.7717
34.2424	76.7327	0.165017	87.7717
34.2447	76.8152	0.0825083	87.7717
34.3648	76.8977	0	87.7717
34.4325	76.8977	0	88.0435
34.4336	76.8977	0	88.3152
34.4558	76.8977	0	88.8587
34.4562	76.9389	0.0825083	88.8587
34.7826	77.0215	0	88.8587
34.7833	77.0215	0	89.4022
34.7853	77.0215	0.165017	89.4022
34.7869	77.104	0.0825083	89.4022
34.8398	77.1865	0	89.4022
34.8428	77.2277	0.0825083	89.4022
35.2863	77.3102	0	89.4022
35.4592	77.3102	0	89.9457
35.4613	77.3102	0	90.4891
35.4663	77.3102	0.0825083	90.4891
35.9644	77.3927	0	90.4891
35.9647	77.3927	0.165017	90.4891
35.9664	77.4753	0.0825083	90.4891
36.0276	77.5578	0	90.4891
36.0299	77.599	0.0825083	90.4891
36.4211	77.6815	0	90.4891
36.4271	77.6815	0.0825083	90.4891
36.5308	77.764	0	90.4891
36.5325	77.8053	0.0825083	90.4891
36.562	77.8878	0	90.4891
36.5691	77.8878	0.0825083	90.4891
36.6918	77.9703	0	90.4891
36.6943	78.0116	0.0825083	90.4891
36.7649	78.0941	0	90.4891
36.7697	78.0941	0.0825083	90.4891
36.8328	78.1766	0	90.4891
36.8352	78.2178	0.0825083	90.4891
36.8932	78.3003	0	90.4891
36.8933	78.3003	0.165017	90.4891
36.8967	78.3828	0.0825083	90.4891
37.1033	78.4653	0	90.4891
37.1057	78.5066	0.0825083	90.4891
37.3094	78.5891	0	90.4891
37.3126	78.6304	0.0825083	90.4891
37.4002	78.7129	0	90.4891
37.4049	78.7541	0.0825083	90.4891
37.478	78.8366	0	90.4891
37.4855	78.8779	0.0825083	90.4891
37.6517	78.9604	0	90.4891
37.6561	78.9604	0.165017	90.4891
37.6564	79.0429	0.0825083	90.4891
37.7436	79.1254	0	90.4891
37.7461	79.1667	0.0825083	90.4891
38.0239	79.2492	0	90.4891
38.0286	79.2492	0.165017	90.4891
38.0291	79.3317	0.0825083	90.4891
38.1936	79.4142	0	90.4891
38.2042	79.4554	0.0825083	90.4891
38.2132	79.538	0	90.4891
38.2195	79.5792	0.0825083	90.4891
38.2453	79.6617	0	90.4891
38.2488	79.703	0.0825083	90.4891
38.4938	79.7855	0	90.4891
38.494	79.8267	0.0825083	90.4891
38.548	79.9092	0	90.4891
38.5523	79.9505	0.0825083	90.4891
38.5717	80.033	0	90.4891
38.58	80.033	0	91.0326
38.5818	80.033	0.0825083	91.0326
39.1021	80.1155	0	91.0326
39.1022	80.1155	0.165017	91.0326
39.1038	80.198	0.0825083	91.0326
39.1774	80.2805	0	91.0326
39.178	80.3218	0.0825083	91.0326
39.4085	80.4043	0	91.0326
39.4086	80.4043	0.165017	91.0326
39.4101	80.4868	0.0825083	91.0326
39.4667	80.5693	0	91.0326
39.4699	80.6106	0.0825083	91.0326
39.8655	80.6931	0	91.0326
39.8662	80.6931	0.165017	91.0326
39.8674	80.7756	0.0825083	91.0326
40.2158	80.8581	0	91.0326
40.2193	80.8993	0.0825083	91.0326
40.3571	80.9818	0	91.0326
40.3646	81.0231	0.0825083	91.0326
40.6219	81.1056	0	91.0326
40.6247	81.1469	0.0825083	91.0326
40.7222	81.2294	0	91.0326
40.7227	81.2706	0.0825083	91.0326
40.8175	81.3531	0	91.0326
40.8201	81.3944	0.0825083	91.0326
41.1273	81.4769	0	91.0326
41.1277	81.4769	0.0825083	91.0326
41.146	81.5594	0	91.0326
41.147	81.6007	0.0825083	91.0326
41.1755	81.6832	0	91.0326
41.1759	81.6832	0.165017	91.0326
41.1775	81.7657	0.0825083	91.0326
41.2147	81.8482	0	91.0326
41.2304	81.8482	0	91.5761
41.2309	81.8894	0.0825083	91.5761
41.2545	81.9719	0	91.5761
41.2574	82.0132	0.0825083	91.5761
41.4064	82.0957	0	91.5761
41.4069	82.0957	0.165017	91.5761
41.4083	82.1782	0.0825083	91.5761
41.4165	82.2607	0	91.5761
41.4202	82.302	0.0825083	91.5761
41.9423	82.3845	0	91.5761
41.9454	82.4257	0.0825083	91.5761
42.035	82.5082	0	91.5761
42.0372	82.5495	0.0825083	91.5761
42.1782	82.632	0	91.5761
42.1798	82.632	0.0825083	91.5761
42.1822	82.7145	0	91.5761
42.1865	82.7558	0.0825083	91.5761
42.2596	82.8383	0	91.5761
42.2611	82.8795	0.0825083	91.5761
42.4273	82.962	0	91.5761
42.4275	82.962	0.165017	91.5761
42.4327	83.0446	0.0825083	91.5761
42.7183	83.1271	0	91.5761
42.7194	83.1683	0.0825083	91.5761
42.9232	83.2508	0	91.5761
43.136	83.2508	0	92.1196
43.1402	83.2508	0.0825083	92.1196
43.3659	83.3333	0	92.1196
43.3663	83.3333	0.0825083	92.1196
43.4263	83.4158	0	92.1196
43.4347	83.4571	0.0825083	92.1196
43.4568	83.5396	0	92.1196
43.4568	83.5809	0.0825083	92.1196
43.4588	83.6634	0	92.1196
43.4611	83.7046	0.0825083	92.1196
43.4682	83.7871	0	92.1196
43.7247	83.7871	0	92.663
43.7261	83.7871	0.165017	92.663
43.7292	83.8696	0.0825083	92.663
43.8959	83.9521	0	92.663
43.8968	83.9934	0.0825083	92.663
44.0295	84.0759	0	92.663
44.0436	84.1172	0.0825083	92.663
44.1169	84.1997	0	92.663
44.1185	84.1997	0.0825083	92.663
44.1489	84.2822	0	92.663
44.2245	84.2822	0	92.9348
44.2295	84.3234	0.0825083	92.9348
44.2575	84.4059	0	92.9348
44.2583	84.4472	0.0825083	92.9348
44.3331	84.5297	0	92.9348
44.3505	84.5297	0	93.2065
44.3509	84.5297	0.0825083	93.2065
44.3715	84.6122	0	93.2065
44.3719	84.6535	0.0825083	93.2065
44.3865	84.736	0	93.2065
44.3877	84.736	0.165017	93.2065
44.391	84.8185	0.0825083	93.2065
44.8846	84.901	0	93.2065
44.8856	84.901	0.165017	93.2065
44.8858	84.9835	0.0825083	93.2065
44.947	85.066	0	93.2065
44.9482	85.1073	0.0825083	93.2065
44.9754	85.1898	0	93.2065
44.9754	85.1898	0.0825083	93.2065
45.1377	85.2723	0	93.2065
45.1381	85.3135	0.0825083	93.2065
45.3088	85.396	0	93.2065
45.3102	85.4373	0.0825083	93.2065
45.6291	85.5198	0	93.2065
45.6293	85.5611	0.0825083	93.2065
45.7114	85.6436	0	93.2065
45.7169	85.6848	0.0825083	93.2065
45.8174	85.7673	0	93.2065
45.8179	85.7673	0.165017	93.2065
45.8199	85.8498	0.0825083	93.2065
45.9662	85.9323	0	93.2065
46.0135	85.9323	0	93.4783
46.0135	85.9323	0.165017	93.4783
46.0229	86.0149	0.0825083	93.4783
46.0359	86.0974	0	93.4783
46.1009	86.0974	0	94.0217
46.1018	86.1386	0.0825083	94.0217
46.142	86.2211	0	94.0217
46.1428	86.2624	0.0825083	94.0217
46.3106	86.3449	0	94.0217
46.3141	86.3861	0.0825083	94.0217
46.3359	86.4686	0	94.0217
46.3406	86.4686	0.0825083	94.0217
46.542	86.5512	0	94.0217
46.5424	86.5512	0.165017	94.0217
46.5455	86.6337	0.0825083	94.0217
46.7754	86.7162	0	94.0217
46.7762	86.7574	0.0825083	94.0217
46.8327	86.8399	0	94.0217
46.9752	86.8399	0	94.5652
46.9758	86.8399	0.165017	94.5652
46.9775	86.9224	0.0825083	94.5652
46.9837	87.005	0	94.5652
46.9864	87.005	0.165017	94.5652
46.9875	87.0875	0.0825083	94.5652
47.1461	87.17	0	94.5652
47.3946	87.17	0	95.1087
47.3963	87.2112	0.0825083	95.1087
47.7083	87.2937	0	95.1087
47.709	87.2937	0.0825083	95.1087
47.9757	87.3762	0	95.1087
47.9771	87.4175	0.0825083	95.1087
48.0232	87.5	0	95.1087
48.0261	87.5	0.165017	95.1087
48.0261	87.5825	0.0825083	95.1087
48.0818	87.665	0	95.1087
48.0842	87.7063	0.0825083	95.1087
48.9892	87.7888	0	95.1087
49.4101	87.7888	0	95.6522
49.4429	87.7888	0	96.1957
49.4433	87.83	0.0825083	96.1957
49.4983	87.9125	0	96.1957
49.4996	87.9538	0.0825083	96.1957
49.7645	88.0363	0	96.1957
49.7656	88.0776	0.0825083	96.1957
49.8325	88.1601	0	96.1957
49.8343	88.2013	0.0825083	96.1957
49.8812	88.2838	0	96.1957
49.8839	88.3251	0.0825083	96.1957
50.0998	88.4076	0	96.1957
50.107	88.4076	0.165017	96.1957
50.1103	88.4901	0.0825083	96.1957
50.2805	88.5726	0	96.1957
50.283	88.6139	0.0825083	96.1957
50.4016	88.6964	0	96.1957
50.402	88.7376	0.0825083	96.1957
50.4028	88.8201	0	96.1957
50.4046	88.8614	0.0825083	96.1957
50.7139	88.9439	0	96.1957
50.7142	88.9851	0.0825083	96.1957
51.0904	89.0677	0	96.1957
51.0968	89.1089	0.0825083	96.1957
51.1349	89.1914	0	96.1957
51.2904	89.1914	0	96.7391
51.2922	89.2327	0.0825083	96.7391
51.5812	89.3152	0	96.7391
51.5824	89.3152	0.0825083	96.7391
51.7256	89.3977	0	96.7391
51.7278	89.3977	0.165017	96.7391
51.7332	89.4802	0.0825083	96.7391
52.184	89.5627	0	96.7391
52.1944	89.604	0.0825083	96.7391
52.3689	89.6865	0	96.7391
52.3706	89.7277	0.0825083	96.7391
52.5683	89.8102	0	96.7391
52.5703	89.8102	0.0825083	96.7391
52.9762	89.8927	0	96.7391
52.9774	89.8927	0.0825083	96.7391
53.1387	89.9753	0	96.7391
53.1407	89.9753	0.165017	96.7391
53.1434	90.0578	0.0825083	96.7391
53.1976	90.1403	0	96.7391
53.1992	90.1815	0.0825083	96.7391
53.3558	90.264	0	96.7391
54.2742	90.264	0	97.2826
54.2757	90.3053	0.0825083	97.2826
54.6459	90.3878	0	97.2826
54.6471	90.429	0.0825083	97.2826
55.1601	90.5116	0	97.2826
55.1607	90.5528	0.0825083	97.2826
55.1672	90.6353	0	97.2826
55.1739	90.6353	0.0825083	97.2826
56.4652	90.7178	0	97.2826
56.4659	90.7591	0.0825083	97.2826
56.4709	90.8416	0	97.2826
56.4721	90.8416	0.0825083	97.2826
56.6301	90.9241	0	97.2826
56.6303	90.9241	0.165017	97.2826
56.6359	91.0066	0.0825083	97.2826
56.9942	91.0891	0	97.2826
56.9995	91.1304	0.0825083	97.2826
57.8296	91.2129	0	97.2826
57.8324	91.2541	0.0825083	97.2826
58.0191	91.3366	0	97.2826
58.0208	91.3779	0.0825083	97.2826
58.2366	91.4604	0	97.2826
58.2382	91.4604	0.165017	97.2826
58.2422	91.5429	0.0825083	97.2826
58.8121	91.6254	0	97.2826
58.8232	91.6667	0.0825083	97.2826
58.8392	91.7492	0	97.2826
58.8399	91.7492	0.165017	97.2826
58.8401	91.8317	0.0825083	97.2826
59.5745	91.9142	0	97.2826
59.5764	91.9554	0.0825083	97.2826
59.8477	92.038	0	97.2826
59.8484	92.038	0.165017	97.2826
59.8502	92.1205	0.0825083	97.2826
60.5182	92.203	0	97.2826
60.5183	92.2442	0.0825083	97.2826
60.5339	92.3267	0	97.2826
60.5348	92.3267	0.165017	97.2826
60.5444	92.4092	0.0825083	97.2826
61.2093	92.4918	0	97.2826
61.3781	92.4918	0	97.8261
61.3782	92.4918	0.165017	97.8261
61.3804	92.5743	0.0825083	97.8261
61.7761	92.6568	0	97.8261
62.0426	92.6568	0	98.3696
62.0461	92.698	0.0825083	98.3696
62.8271	92.7805	0	98.3696
62.8312	92.8218	0.0825083	98.3696
63.2452	92.9043	0	98.3696
63.2477	92.9455	0.0825083	98.3696
63.2487	93.0281	0	98.3696
63.2501	93.0281	0.165017	98.3696
63.2511	93.1106	0.0825083	98.3696
63.2965	93.1931	0	98.3696
63.2986	93.2343	0.0825083	98.3696
63.3315	93.3168	0	98.3696
63.3321	93.3581	0.0825083	98.3696
65.4557	93.4406	0	98.3696
65.4578	93.4406	0.165017	98.3696
65.4599	93.5231	0.0825083	98.3696
66.5937	93.6056	0	98.3696
66.5952	93.6469	0.0825083	98.3696
66.7709	93.7294	0	98.3696
66.774	93.7706	0.0825083	98.3696
66.8361	93.8531	0	98.3696
66.8401	93.8944	0.0825083	98.3696
67.5857	93.9769	0	98.3696
67.5867	93.9769	0.0825083	98.3696
68.0471	94.0594	0	98.3696
68.0501	94.1007	0.0825083	98.3696
69.0916	94.1832	0	98.3696
69.0923	94.2244	0.0825083	98.3696
69.2539	94.3069	0	98.3696
69.2572	94.3482	0.0825083	98.3696
69.9203	94.4307	0	98.3696
69.9218	94.4307	0.165017	98.3696
69.9226	94.5132	0.0825083	98.3696
69.9831	94.5957	0	98.3696
69.9875	94.637	0.0825083	98.3696
71.5865	94.7195	0	98.3696
71.5885	94.7607	0.0825083	98.3696
71.9242	94.8432	0	98.3696
73.0699	94.8432	0	98.913
73.1737	94.8432	0	99.4565
73.1739	94.8432	0.165017	99.4565
73.1744	94.9257	0.0825083	99.4565
73.6367	95.0082	0	99.4565
73.6373	95.0495	0.0825083	99.4565
73.8254	95.132	0	99.4565
73.8277	95.1733	0.0825083	99.4565
74.0361	95.2558	0	99.4565
74.0363	95.297	0.0825083	99.4565
74.8012	95.3795	0	99.4565
74.8027	95.4208	0.0825083	99.4565
74.9852	95.5033	0	99.4565
74.9869	95.5446	0.0825083	99.4565
75.8798	95.6271	0	99.4565
75.8858	95.6683	0.0825083	99.4565
76.1983	95.7508	0	99.4565
76.1995	95.7508	0.165017	99.4565
76.2021	95.8333	0.0825083	99.4565
76.8403	95.9158	0	99.4565
77.0017	95.9158	0	100
77.0061	95.9158	0.0825083	100
77.326	95.9984	0	100
77.3271	96.0396	0.0825083	100
77.421	96.1221	0	100
77.4221	96.1221	0.165017	100
77.4229	96.2046	0.0825083	100
77.9838	96.2871	0	100
77.985	96.2871	0.165017	100
77.9891	96.3696	0.0825083	100
78.3026	96.4521	0	100
78.3085	96.4934	0.0825083	100
79.3176	96.5759	0	100
79.3186	96.6172	0.0825083	100
79.5264	96.6997	0	100
79.5266	96.6997	0.165017	100
79.5302	96.7822	0.0825083	100
79.9467	96.8647	0	100
79.9496	96.9059	0.0825083	100
80.5811	96.9884	0	100
80.5823	97.0297	0.0825083	100
80.6677	97.1122	0	100
80.6737	97.1535	0.0825083	100
81.6595	97.236	0	100
81.6616	97.2772	0.0825083	100
83.2392	97.3597	0	100
83.2467	97.3597	0.0825083	100
86.4022	97.4422	0	100
86.4036	97.4835	0.0825083	100
86.4055	97.566	0	100
86.4077	97.6073	0.0825083	100
87.0292	97.6898	0	100
87.03	97.731	0.0825083	100
88.4362	97.8135	0	100
88.4369	97.8135	0.165017	100
88.4433	97.896	0.0825083	100
88.7111	97.9785	0	100
88.7153	98.0198	0.0825083	100
89.0016	98.1023	0	100
89.0026	98.1436	0.0825083	100
91.2771	98.2261	0	100
91.2796	98.2673	0.0825083	100
92.9845	98.3498	0	100
92.9849	98.3911	0.0825083	100
96.7125	98.4736	0	100
96.7173	98.5149	0.0825083	100
96.8172	98.5974	0	100
96.8177	98.6386	0.0825083	100
100.802	98.7211	0	100
100.805	98.7624	0.0825083	100
102.119	98.8449	0	100
102.124	98.8861	0.0825083	100
108.068	98.9686	0	100
108.07	99.0099	0.0825083	100
109.408	99.0924	0	100
109.409	99.0924	0.165017	100
109.416	99.1749	0.0825083	100
111.86	99.2574	0	100
111.864	99.2987	0.0825083	100
113.092	99.3812	0	100
113.103	99.4224	0.0825083	100
121.445	99.505	0	100
121.445	99.505	0.165017	100
121.45	99.5875	0.0825083	100
123.148	99.67	0	100
123.149	99.67	0.165017	100
123.149	99.7525	0.0825083	100
136.496	99.835	0	100
136.497	99.835	0.165017	100
136.501	99.9175	0.0825083	100
