1.2485e-06	0	0	0
9.95572e-06	0	0	0
1.22974e-05	0	0	0
1.62311e-05	0	0	0
1.95764e-05	0	0	0
2.05751e-05	0	0	0
3.5335e-05	0	0	0
3.60534e-05	0	0	0
3.71909e-05	0	0	0
4.22975e-05	0	0	0
4.55319e-05	0	0	0
5.08124e-05	0	0	0
6.03071e-05	0	0	0
6.2807e-05	0	0	0
6.32695e-05	0	0	0
8.42348e-05	0	0	0
9.01405e-05	0	0	0
9.0425e-05	0	0	0
9.16991e-05	0	0	0
9.92034e-05	0	0	0
0.000105098	0	0	0
0.000106699	0	0	0
0.000120113	0	0	0
0.000121642	0	0	0
0.000129944	0	0	0
0.000130066	0	0	0
0.000132089	0	0	0
0.000156399	0	0	0
0.000160138	0	0	0
0.000161038	0	0	0
0.000178637	0	0	0
0.000184445	0	0	0
0.000188137	0	0	0
0.000189903	0	0	0
0.000193378	0	0	0
0.000201241	0	0	0
0.000203699	0	0	0
0.000207318	0	0	0
0.000209804	0	0	0
0.000216233	0	0	0
0.000226196	0	0	0
0.000232527	0	0	0
0.000257184	0	0	0
0.00026019	0	0	0
0.000277038	0	0	0
0.000284015	0	0	0
0.000288792	0	0	0
0.000289761	0	0	0
0.000292919	0	0	0
0.00029781	0	0	0
0.000303868	0	0	0
0.000310177	0	0	0
0.000310589	0	0	0
0.000318445	0	0	0
0.000331115	0	0	0
0.000335768	0	0	0
0.000351977	0	0	0
0.000352092	0	0	0
0.000366979	0	0	0
0.000368163	0	0	0
0.000369964	0	0	0
0.000371175	0	0	0
0.000381383	0	0	0
0.000381408	0	0	0
0.000388238	0	0	0
0.000391988	0	0	0
0.000392452	0	0	0
0.000395559	0	0	0
0.000407952	0	0	0
0.000417904	0	0	0
0.000424406	0	0	0
0.000426207	0	0	0
0.000426712	0	0	0
0.000480931	0	0	0
0.000483926	0	0	0
0.000488603	0	0	0
0.000492036	0	0	0
0.000503164	0	0	0
0.000507734	0	0	0
0.000508697	0	0	0
0.000513817	0	0	0
0.000514882	0	0	0
0.000520009	0	0	0
0.000520418	0	0	0
0.000530871	0	0	0
0.000549139	0	0	0
0.00055009	0	0	0
0.000551684	0	0	0
0.00057115	0	0	0
0.00059142	0	0	0
0.000593539	0	0	0
0.000614512	0	0	0
0.000619353	0	0	0
0.000622594	0	0	0
0.000624704	0	0	0
0.000628289	0	0	0
0.000652659	0	0	0
0.000654389	0	0	0
0.000655438	0	0	0
0.000671284	0	0	0
0.000685453	0	0	0
0.000704627	0	0	0
0.000707064	0	0	0
0.00071157	0	0	0
0.000713903	0	0	0
0.000734792	0	0	0
0.000746565	0	0	0
0.000758863	0	0	0
0.00077313	0	0	0
0.000787463	0	0	0
0.000796958	0	0	0
0.000827214	0	0	0
0.000830072	0	0	0
0.000839096	0	0	0
0.000847545	0	0	0
0.000848392	0	0	0
0.000858291	0	0	0
0.000871896	0	0	0
0.000902144	0	0	0
0.000917871	0	0	0
0.000918219	0	0	0
0.000923777	0	0	0
0.000938602	0	0	0
0.000943569	0	0	0
0.000943786	0	0	0
0.000952622	0	0	0
0.000954506	0	0	0
0.00095931	0	0	0
0.000961455	0	0	0
0.000970063	0	0	0
0.000978721	0	0	0
0.000985824	0	0	0
0.00098852	0	0	0
0.000991434	0	0	0
0.000994889	0	0	0
0.000999206	0	0	0
0.000999519	0	0	0
0.00100061	0	0	0
0.0010089	0	0	0
0.00103241	0	0	0
0.00103373	0	0	0
0.00103745	0	0	0
0.00104193	0	0	0
0.0010561	0	0	0
0.00105891	0	0	0
0.00105892	0	0	0
0.00107168	0	0	0
0.00107521	0	0	0
0.00107838	0	0	0
0.00108214	0	0	0
0.00108349	0	0	0
0.00108854	0	0	0
0.00109116	0	0	0
0.00109437	0	0	0
0.00111749	0	0	0
0.00112051	0	0	0
0.00112258	0	0	0
0.00113191	0	0	0
0.00113361	0	0	0
0.00114001	0	0	0
0.00114508	0	0	0
0.0011679	0	0	0
0.00117281	0	0	0
0.00117587	0	0	0
0.00119178	0	0	0
0.0012047	0	0	0
0.00121036	0	0	0
0.00121096	0	0	0
0.00122788	0	0	0
0.00123345	0	0	0
0.00123542	0	0	0
0.00125356	0	0	0
0.00126012	0	0	0
0.00126125	0	0	0
0.00126213	0	0	0
0.00126261	0	0	0
0.00127315	0	0	0
0.00129351	0	0	0
0.00129512	0	0	0
0.00131763	0	0	0
0.00134643	0	0	0
0.00135855	0	0	0
0.00137301	0	0	0
0.00137335	0	0	0
0.00137505	0	0	0
0.00138096	0	0	0
0.00138206	0	0	0
0.00139022	0	0	0
0.00139322	0	0	0
0.00140323	0	0	0
0.0014091	0	0	0
0.00142309	0	0	0
0.00142685	0	0	0
0.00143097	0	0	0
0.00143245	0	0	0
0.00143616	0	0	0
0.0014432	0	0	0
0.0014447	0	0	0
0.00144656	0	0	0
0.00144719	0	0	0
0.00144797	0	0	0
0.00145614	0	0	0
0.00145724	0	0	0
0.0014688	0	0	0
0.00147299	0	0	0
0.00147315	0	0	0
0.00147501	0	0	0
0.00147967	0	0	0
0.00148541	0	0	0
0.00150206	0	0	0
0.00150676	0	0	0
0.00152204	0	0	0
0.00152553	0	0	0
0.0015497	0	0	0
0.00155048	0	0	0
0.00155194	0	0	0
0.00155868	0	0	0
0.00159944	0	0	0
0.00160734	0	0	0
0.00162164	0	0	0
0.00162409	0	0	0
0.0016341	0	0	0
0.00163798	0	0	0
0.00166098	0	0	0
0.00166839	0	0	0
0.00166907	0	0	0
0.00167884	0	0	0
0.00169548	0	0	0
0.00169812	0	0	0
0.00171036	0	0	0
0.0017148	0	0	0
0.00174453	0	0	0
0.00175373	0	0	0
0.00175546	0	0	0
0.00176322	0	0	0
0.0017674	0	0	0
0.00178638	0	0	0
0.00179288	0	0	0
0.0017998	0	0	0
0.00180289	0	0	0
0.00181133	0	0	0
0.0018167	0	0	0
0.0018206	0	0	0
0.00182542	0	0	0
0.00182769	0	0	0
0.00182789	0	0	0
0.00183207	0	0	0
0.00184259	0	0	0
0.00184729	0	0	0
0.00185328	0	0	0
0.00187645	0	0	0
0.00189854	0	0	0
0.00191054	0	0	0
0.00191219	0	0	0
0.00191506	0	0	0
0.00191794	0	0	0
0.00192341	0	0	0
0.00195071	0	0	0
0.00196784	0	0	0
0.00199657	0	0	0
0.00199914	0	0	0
0.00201181	0	0	0
0.00203514	0	0	0
0.00204905	0	0	0
0.00207141	0	0	0
0.00207332	0	0	0
0.00207541	0	0	0
0.00207685	0	0	0
0.00207711	0	0	0
0.00207969	0	0	0
0.00211111	0	0	0
0.0021284	0	0	0
0.00214828	0	0	0
0.00215231	0	0	0
0.00218042	0	0	0
0.0021806	0	0	0
0.00219652	0	0	0
0.00219791	0	0	0
0.00220166	0	0	0
0.00220702	0	0	0
0.00221862	0	0	0
0.00223447	0	0	0
0.00223726	0	0	0
0.00223938	0	0	0
0.00224411	0	0	0
0.00224563	0	0	0
0.00227142	0	0	0
0.00227455	0	0	0
0.00227718	0	0	0
0.00228218	0	0	0
0.00228243	0	0	0
0.00229867	0	0	0
0.00231294	0	0	0
0.00231515	0	0	0
0.00233043	0	0	0
0.0023601	0	0	0
0.00237023	0	0	0
0.00237208	0	0	0
0.0023895	0	0	0
0.00242428	0	0	0
0.00242637	0	0	0
0.00243607	0	0	0
0.00244494	0	0	0
0.00244801	0	0	0
0.00244971	0	0	0
0.00245393	0	0	0
0.00245419	0	0	0
0.00245735	0	0	0
0.00246914	0	0	0
0.00247385	0	0	0
0.00248679	0	0	0
0.00248897	0	0	0
0.00249109	0	0	0
0.00249388	0	0	0
0.00250718	0	0	0
0.00251554	0	0	0
0.0025245	0	0	0
0.00253867	0	0	0
0.00254852	0	0	0
0.00256941	0	0	0
0.0025714	0	0	0
0.00257224	0	0	0
0.00257681	0	0	0
0.00258629	0	0	0
0.00258712	0	0	0
0.0025877	0	0	0
0.00259154	0	0	0
0.00259155	0	0	0
0.00260158	0	0	0
0.00261278	0	0	0
0.00261286	0	0	0
0.00261601	0	0	0
0.00262302	0	0	0
0.00262326	0	0	0
0.00262607	0	0	0
0.00263204	0	0	0
0.00263596	0	0	0
0.00263752	0	0	0
0.00264132	0	0	0
0.0026478	0	0	0
0.00264951	0	0	0
0.002677	0	0	0
0.00268137	0	0	0
0.00271053	0	0	0
0.00271236	0	0	0
0.0027639	0	0	0
0.00277816	0	0	0
0.00278218	0	0	0
0.00279508	0	0	0
0.0027989	0	0	0
0.00279905	0	0	0
0.00279919	0	0	0
0.00281088	0	0	0
0.00281178	0	0	0
0.00282011	0	0	0
0.00282048	0	0	0
0.0028212	0	0	0
0.00282631	0	0	0
0.00283101	0	0	0
0.0028457	0	0	0
0.00284969	0	0	0
0.0028772	0	0	0
0.00287935	0	0	0
0.0028859	0	0	0
0.00289046	0	0	0
0.00290191	0	0	0
0.00290684	0	0	0
0.00290712	0	0	0
0.00292826	0	0	0
0.0029343	0	0	0
0.00293676	0	0	0
0.00293825	0	0	0
0.00295254	0	0	0
0.00296437	0	0	0
0.00297469	0	0	0
0.00298481	0	0	0
0.00299448	0	0	0
0.00299509	0	0	0
0.00303947	0	0	0
0.00304241	0	0	0
0.00305625	0	0	0
0.00305681	0	0	0
0.00305855	0	0	0
0.0030777	0	0	0
0.00307936	0	0	0
0.00308105	0	0	0
0.00308571	0	0	0
0.0030889	0	0	0
0.00309548	0	0	0
0.00309704	0	0	0
0.0031172	0	0	0
0.00311788	0	0	0
0.00312762	0	0	0
0.00314007	0	0	0
0.00314404	0	0	0
0.00314708	0	0	0
0.0031489	0	0	0
0.00314894	0	0	0
0.00315157	0	0	0
0.00315473	0	0	0
0.0031585	0	0	0
0.00316182	0	0	0
0.003178	0	0	0
0.00319999	0	0	0
0.00320779	0	0	0
0.00321859	0	0	0
0.00322285	0	0	0
0.0032374	0	0	0
0.00323933	0	0	0
0.00324151	0	0	0
0.00324213	0	0	0
0.00326212	0	0	0
0.00326536	0	0	0
0.00327257	0	0	0
0.00327488	0	0	0
0.00327766	0	0	0
0.00328092	0	0	0
0.00330156	0	0	0
0.00330462	0	0	0
0.00330546	0	0	0
0.00332333	0	0	0
0.00334129	0	0	0
0.00335262	0	0	0
0.0033691	0	0	0
0.00337098	0	0	0
0.00340061	0	0	0
0.00340499	0	0	0
0.0034055	0	0	0
0.00340574	0	0	0
0.0034067	0	0	0
0.00341508	0	0	0
0.00341596	0	0	0
0.00342374	0	0	0
0.00344275	0	0	0
0.00345012	0	0	0
0.00346051	0	0	0
0.00346231	0	0	0
0.0034703	0	0	0
0.00347468	0	0	0
0.00347587	0	0	0
0.00348707	0	0	0
0.00349838	0	0	0
0.00352856	0	0	0
0.0035289	0	0	0
0.0035335	0	0	0
0.00354254	0	0	0
0.00355375	0	0	0
0.00355418	0	0	0
0.00355515	0	0	0
0.00356154	0	0	0
0.00356258	0	0	0
0.00356588	0	0	0
0.00357206	0	0	0
0.00357907	0	0	0
0.00358903	0	0	0
0.00359608	0	0	0
0.00362447	0	0	0
0.00365249	0	0	0
0.00365865	0	0	0
0.00366648	0	0	0
0.00367769	0	0	0
0.00369408	0	0	0
0.00369465	0	0	0
0.00371724	0	0	0
0.00372255	0	0	0
0.00372393	0	0	0
0.00373347	0	0	0
0.00374761	0	0	0
0.0037489	0	0	0
0.00375793	0	0	0
0.00376509	0	0	0
0.00378401	0	0	0
0.00379389	0	0	0
0.0038039	0	0	0
0.00381087	0	0	0
0.00381516	0	0	0
0.00382674	0	0	0
0.00382849	0	0	0
0.00383724	0	0	0
0.00383796	0	0	0
0.00383958	0	0	0
0.00384675	0	0	0
0.00384704	0	0	0
0.00385149	0	0	0
0.00385658	0	0	0
0.0038617	0	0	0
0.00387947	0	0	0
0.00390259	0	0	0
0.00391043	0	0	0
0.00391988	0	0	0
0.00392701	0	0	0
0.00392981	0	0	0
0.00395356	0	0	0
0.0039587	0	0	0
0.00397815	0	0	0
0.00397927	0	0	0
0.00398125	0	0	0
0.00401282	0	0	0
0.00401537	0	0	0
0.00402707	0	0	0
0.00403177	0	0	0
0.00403872	0	0	0
0.00404845	0	0	0
0.00405287	0	0	0
0.00406301	0	0	0
0.00407369	0	0	0
0.00407777	0	0	0
0.00408454	0	0	0
0.00408454	0	0	0
0.00409273	0	0	0
0.00410267	0	0	0
0.00410741	0	0	0
0.00411011	0	0	0
0.00411225	0	0	0
0.00412653	0	0	0
0.0041403	0	0	0
0.00414906	0	0	0
0.00415288	0	0	0
0.00417882	0	0	0
0.00418254	0	0	0
0.00420413	0	0	0
0.00421151	0	0	0
0.00421207	0	0	0
0.00421332	0	0	0
0.00421574	0	0	0
0.00422951	0	0	0
0.00424621	0	0	0
0.00424836	0	0	0
0.00427838	0	0	0
0.00431566	0	0	0
0.00433116	0	0	0
0.00433147	0	0	0
0.00433601	0	0	0
0.00435081	0	0	0
0.00435199	0	0	0
0.00435614	0	0	0
0.00436571	0	0	0
0.00437943	0	0	0
0.00438007	0	0	0
0.00438007	0	0	0
0.00438695	0	0	0
0.00438806	0	0	0
0.00439235	0	0	0
0.00439547	0	0	0
0.00439571	0	0	0
0.00439586	0	0	0
0.00440226	0	0	0
0.00440702	0	0	0
0.00442752	0	0	0
0.00443568	0	0	0
0.00443822	0	0	0
0.00450356	0	0	0
0.00452644	0	0	0
0.0045357	0	0	0
0.00453995	0	0	0
0.00454096	0	0	0
0.00454401	0	0	0
0.00456081	0	0	0
0.00457528	0	0	0
0.00458288	0	0	0
0.00461339	0	0	0
0.00465624	0	0	0
0.00465911	0	0	0
0.00466708	0	0	0
0.00467288	0	0	0
0.00467849	0	0	0
0.00470518	0	0	0
0.00473867	0	0	0
0.00475468	0	0	0
0.0047567	0	0	0
0.00476904	0	0	0
0.00477313	0	0	0
0.00480325	0	0	0
0.00482592	0	0	0
0.00482665	0	0	0
0.00484791	0	0	0
0.00485364	0	0	0
0.00485942	0	0	0
0.00487414	0	0	0
0.00490044	0	0	0
0.00491044	0	0	0
0.00492672	0	0	0
0.00495639	0	0	0
0.00495826	0	0	0
0.00496234	0	0	0
0.00497411	0	0	0
0.00500068	0	0	0
0.00505916	0	0	0
0.00506989	0	0	0
0.00507263	0	0	0
0.0050763	0	0	0
0.005079	0	0	0
0.00508097	0	0	0
0.00508327	0	0	0
0.00509302	0	0	0
0.0050956	0	0	0
0.00510221	0	0	0
0.00511063	0	0	0
0.00512094	0	0	0
0.00514112	0	0	0
0.00515766	0	0	0
0.00516604	0	0	0
0.00517513	0	0	0
0.0051884	0	0	0
0.00521531	0	0	0
0.00522028	0	0	0
0.00522171	0	0	0
0.00524406	0	0	0
0.00527017	0	0	0
0.00527553	0	0	0
0.00533468	0	0	0
0.00534096	0	0	0
0.00535752	0	0	0
0.005358	0	0	0
0.00536825	0	0	0
0.00537523	0	0	0
0.0053771	0	0	0
0.00540508	0	0	0
0.0054333	0	0	0
0.00545566	0	0	0
0.00550552	0	0	0
0.00550904	0	0	0
0.00551592	0	0	0
0.00552257	0	0	0
0.00552322	0	0	0
0.00552532	0	0	0
0.00553379	0	0	0
0.0055355	0	0	0
0.00559713	0	0	0
0.00561351	0	0	0
0.00563533	0	0	0
0.00564641	0	0	0
0.00565632	0	0	0
0.00565952	0	0	0
0.00570945	0	0	0
0.00571594	0	0	0
0.00572221	0	0	0
0.00572609	0	0	0
0.00574312	0	0	0
0.00576516	0	0	0
0.00577525	0	0	0
0.00579625	0	0	0
0.00580952	0	0	0
0.00581327	0	0	0
0.00581645	0	0	0
0.00583884	0	0	0
0.00585884	0	0	0
0.00587699	0	0	0
0.00590983	0	0	0
0.0059336	0	0	0
0.00598834	0	0	0
0.00599147	0	0	0
0.00604608	0	0	0
0.00608208	0	0	0
0.00609274	0	0	0
0.00610576	0	0	0
0.00616014	0	0	0
0.00617834	0	0	0
0.00618983	0	0	0
0.00623412	0	0	0
0.00624515	0	0	0
0.00627576	0	0	0
0.00629023	0	0	0
0.00633854	0	0	0
0.00635491	0	0	0
0.00635588	0	0	0
0.00641004	0	0	0
0.00650112	0	0	0
0.00653605	0	0	0
0.00654606	0	0	0
0.006616	0	0	0
0.00667522	0	0	0
0.00668693	0	0	0
0.00669293	0	0	0
0.00672957	0	0	0
0.00673283	0	0	0
0.00675124	0	0	0
0.00676088	0	0	0
0.00682183	0	0	0
0.00686614	0	0	0
0.00695892	0	0	0
0.00698897	0	0	0
0.00700835	0	0	0
0.0070316	0	0	0
0.00704569	0	0	0
0.00712838	0	0	0
0.00712932	0	0	0
0.00722048	0	0	0
0.00729904	0	0	0
0.00733647	0	0	0
0.0075241	0	0	0
0.00758516	0	0	0
0.0075878	0	0	0
0.00784143	0	0	0
0.00787452	0	0	0
0.00789553	0	0	0
0.00793575	0	0	0
0.00797464	0	0	0
0.00806998	0	0	0
0.00812805	0	0	0
0.00827246	0	0	0
0.00844083	0	0	0
0.00844269	0	0	0
0.00847703	0	0	0
0.00855636	0	0	0
0.00865834	0	0	0
0.00884289	0	0	0
0.00910046	0	0	0
0.00914826	0	0	0
0.00920095	0	0	0
0.00922211	0	0	0
0.00925588	0	0	0
0.00929008	0	0	0
0.00944032	0	0	0
0.00964453	0	0	0
0.00989128	0	0	0
0.0101338	0	0	0
0.0101825	0	0	0
0.0102815	0	0	0
0.0103845	0	0	0
0.0109628	0	0	0
0.0110794	0	0	0
0.0117141	0	0	0
0.0129717	0	0	0
0.0134327	0	0.0825083	0
0.0144522	0	0.0825083	0
0.0175533	0.0825083	0	0
0.0192897	0.0825083	0	0
0.0246384	0.0825083	0	0
0.0290859	0.0825083	0.165017	0
0.0310708	0.123762	0.247525	0
0.0311038	0.206271	0.165017	0
0.0344758	0.288779	0.0825083	0
0.0376899	0.371287	0	0
0.039688	0.371287	0.165017	0
0.0409556	0.453795	0.0825083	0
0.0439397	0.536304	0	0
0.044	0.536304	0.165017	0
0.0442004	0.618812	0.0825083	0
0.0596527	0.70132	0	0
0.0596949	0.70132	0	0.520833
0.0680766	0.742574	0.0825083	0.520833
0.0793284	0.825082	0	0.520833
0.0807758	0.825082	0.0825083	0.520833
0.0833818	0.825082	0.0825083	0.520833
0.106367	0.907591	0	0.520833
0.1068	0.907591	0.0825083	0.520833
0.107977	0.948845	0.165017	0.520833
0.111788	1.03135	0.0825083	0.520833
0.122274	1.03135	0.0825083	0.520833
0.130155	1.11386	0	0.520833
0.132403	1.11386	0	0.520833
0.137069	1.15512	0.0825083	0.520833
0.144559	1.23762	0	0.520833
0.146717	1.27888	0.0825083	0.520833
0.246844	1.36139	0	0.520833
0.246956	1.36139	0.165017	0.520833
0.24718	1.44389	0.0825083	0.520833
0.253144	1.5264	0	0.520833
0.25376	1.56766	0.0825083	0.520833
0.265772	1.65016	0	0.520833
0.267332	1.69142	0.0825083	0.520833
0.33303	1.77393	0	0.520833
0.337043	1.77393	0	0.520833
0.360823	1.77393	0	0.520833
0.372616	1.81518	0.0825083	0.520833
0.382962	1.89769	0	0.520833
0.388781	1.93894	0.0825083	0.520833
0.468345	2.02145	0	0.520833
0.469549	2.02145	0.0825083	0.520833
0.485659	2.10396	0	0.520833
0.486933	2.10396	0.165017	0.520833
0.489089	2.18647	0.0825083	0.520833
0.517817	2.26898	0	0.520833
0.518344	2.26898	0	1.04167
0.520101	2.31023	0.0825083	1.04167
0.602522	2.39274	0	1.04167
0.606556	2.39274	0.0825083	1.04167
0.655705	2.47525	0	1.04167
0.657098	2.47525	0.0825083	1.04167
0.706915	2.55776	0	1.04167
0.718414	2.55776	0	1.5625
0.719022	2.59901	0.0825083	1.5625
0.750008	2.68152	0	1.5625
0.750835	2.72277	0.0825083	1.5625
0.753294	2.80528	0	1.5625
0.758434	2.80528	0	2.60417
0.75875	2.80528	0.0825083	2.60417
0.760129	2.88779	0	2.60417
0.762927	2.92904	0.0825083	2.60417
0.765562	3.01155	0	2.60417
0.773263	3.01155	0	2.60417
0.775324	3.01155	0	3.125
0.775669	3.05281	0.0825083	3.125
0.77622	3.05281	0.165017	3.125
0.784811	3.13531	0.0825083	3.125
0.796211	3.21782	0	3.125
0.802124	3.25908	0.0825083	3.125
0.80328	3.34158	0	3.125
0.803709	3.38284	0.0825083	3.125
0.827919	3.46535	0	3.125
0.829052	3.46535	0.0825083	3.125
0.845328	3.54785	0	3.125
0.84947	3.54785	0	4.16667
0.856357	3.54785	0	4.6875
0.860769	3.54785	0.0825083	4.6875
0.90622	3.63036	0	4.6875
0.910043	3.63036	0.165017	4.6875
0.910603	3.71287	0.0825083	4.6875
0.929871	3.79538	0	4.6875
0.930221	3.79538	0	5.20833
0.932749	3.83663	0.0825083	5.20833
0.96757	3.91914	0	5.20833
0.968848	3.9604	0.0825083	5.20833
0.97008	3.9604	0.165017	5.20833
0.972084	4.0429	0.0825083	5.20833
1.00794	4.12541	0	5.20833
1.04829	4.12541	0	5.72917
1.04835	4.16667	0.0825083	5.72917
1.05982	4.24918	0	5.72917
1.06044	4.24918	0.165017	5.72917
1.06055	4.33168	0.0825083	5.72917
1.11185	4.41419	0	5.72917
1.11201	4.45545	0.0825083	5.72917
1.11207	4.53795	0	5.72917
1.11593	4.53795	0.0825083	5.72917
1.13819	4.62046	0	5.72917
1.13862	4.66172	0.0825083	5.72917
1.14454	4.74422	0	5.72917
1.1459	4.78548	0.0825083	5.72917
1.16004	4.86799	0	5.72917
1.16539	4.90924	0.0825083	5.72917
1.2241	4.99175	0	5.72917
1.23847	4.99175	0	5.72917
1.23958	5.033	0.0825083	5.72917
1.24259	5.11551	0	5.72917
1.26024	5.11551	0	5.72917
1.27952	5.11551	0	6.25
1.28263	5.15677	0.0825083	6.25
1.29191	5.23927	0	6.25
1.29398	5.28053	0.0825083	6.25
1.32729	5.36304	0	6.25
1.32815	5.40429	0.0825083	6.25
1.39817	5.4868	0	6.25
1.3986	5.52805	0.0825083	6.25
1.44505	5.61056	0	6.25
1.44571	5.61056	0.165017	6.25
1.4463	5.69307	0.0825083	6.25
1.49081	5.77558	0	6.25
1.53385	5.77558	0	6.77083
1.53451	5.77558	0	7.29167
1.53498	5.77558	0.165017	7.29167
1.53505	5.85809	0.0825083	7.29167
1.53622	5.85809	0.0825083	7.29167
1.54779	5.94059	0	7.29167
1.54821	5.98185	0.0825083	7.29167
1.57638	6.06436	0	7.29167
1.61834	6.06436	0	7.8125
1.6193	6.10561	0.0825083	7.8125
1.6312	6.18812	0	7.8125
1.63279	6.22937	0.0825083	7.8125
1.64432	6.31188	0	7.8125
1.66888	6.31188	0	8.33333
1.67205	6.35314	0.0825083	8.33333
1.72626	6.43564	0	8.33333
1.72775	6.4769	0.0825083	8.33333
1.73857	6.55941	0	8.33333
1.74464	6.55941	0.0825083	8.33333
1.75039	6.55941	0.165017	8.33333
1.75065	6.64191	0.0825083	8.33333
1.76996	6.72442	0	8.33333
1.78468	6.72442	0	8.85417
1.83054	6.72442	0	9.375
1.8337	6.76568	0.0825083	9.375
1.85835	6.84818	0	9.375
1.86092	6.84818	0.0825083	9.375
1.89272	6.93069	0	9.375
1.89531	6.93069	0	9.89583
1.89588	6.97195	0.0825083	9.89583
1.91978	7.05446	0	9.89583
1.92043	7.05446	0.0825083	9.89583
1.92318	7.05446	0.0825083	10.4167
1.92465	7.13696	0	10.4167
1.93278	7.13696	0.0825083	10.4167
1.94486	7.21947	0	10.4167
1.98237	7.21947	0	10.4167
1.99837	7.21947	0	10.9375
1.99856	7.26073	0.0825083	10.9375
2.00551	7.34323	0	10.9375
2.00973	7.34323	0.0825083	10.9375
2.0431	7.42574	0	10.9375
2.05779	7.42574	0	11.4583
2.06391	7.42574	0.0825083	11.4583
2.13584	7.50825	0	11.4583
2.1895	7.50825	0	12.5
2.19135	7.50825	0.0825083	12.5
2.19332	7.59076	0	12.5
2.19723	7.63201	0.0825083	12.5
2.22933	7.71452	0	12.5
2.23126	7.71452	0.0825083	12.5
2.28388	7.79703	0	12.5
2.29122	7.79703	0	12.5
2.30925	7.79703	0	13.0208
2.31041	7.83828	0.0825083	13.0208
2.33107	7.92079	0	13.0208
2.34174	7.92079	0	13.5417
2.34281	7.96205	0.0825083	13.5417
2.36282	8.04455	0	13.5417
2.36318	8.08581	0.0825083	13.5417
2.37203	8.16832	0	13.5417
2.3743	8.20957	0.0825083	13.5417
2.39796	8.29208	0	13.5417
2.39896	8.29208	0.0825083	13.5417
2.42996	8.37459	0	13.5417
2.43024	8.41584	0.0825083	13.5417
2.44616	8.49835	0	13.5417
2.45307	8.5396	0.0825083	13.5417
2.45373	8.58086	0.165017	13.5417
2.45553	8.66337	0.0825083	13.5417
2.47532	8.74587	0	13.5417
2.47976	8.78713	0.0825083	13.5417
2.54486	8.86964	0	13.5417
2.54613	8.86964	0.0825083	13.5417
2.54893	8.95215	0	13.5417
2.55209	8.95215	0.165017	13.5417
2.55313	9.03465	0.0825083	13.5417
2.56044	9.11716	0	13.5417
2.56178	9.15842	0.0825083	13.5417
2.56295	9.24092	0	13.5417
2.56578	9.24092	0	13.5417
2.57252	9.24092	0	13.5417
2.58785	9.24092	0	14.0625
2.58941	9.28218	0.0825083	14.0625
2.649	9.36469	0	14.0625
2.65047	9.36469	0.165017	14.0625
2.65062	9.4472	0.0825083	14.0625
2.70225	9.5297	0	14.0625
2.75849	9.5297	0	14.0625
2.82327	9.5297	0	14.5833
2.82576	9.57096	0.0825083	14.5833
2.83956	9.65347	0	14.5833
2.84192	9.69472	0.0825083	14.5833
2.93212	9.77723	0	14.5833
2.93305	9.81848	0.0825083	14.5833
2.94186	9.90099	0	14.5833
2.94498	9.90099	0.0825083	14.5833
2.95501	9.9835	0	14.5833
2.95607	10.0248	0.0825083	14.5833
2.96012	10.1073	0	14.5833
2.96043	10.1073	0.0825083	14.5833
2.97267	10.1898	0	14.5833
3.00273	10.1898	0	15.625
3.01831	10.231	0.0825083	15.625
3.02088	10.3135	0	15.625
3.02624	10.3135	0	16.1458
3.0264	10.3548	0.0825083	16.1458
3.03517	10.4373	0	16.1458
3.04629	10.4373	0	16.6667
3.05187	10.4785	0.0825083	16.6667
3.07422	10.5611	0	16.6667
3.15569	10.5611	0	17.1875
3.16042	10.5611	0.165017	17.1875
3.16282	10.6436	0.0825083	17.1875
3.17013	10.7261	0	17.1875
3.17017	10.7261	0.165017	17.1875
3.17063	10.8086	0.0825083	17.1875
3.18721	10.8911	0	17.1875
3.1909	10.8911	0.165017	17.1875
3.19154	10.9736	0.0825083	17.1875
3.20706	11.0561	0	17.1875
3.20858	11.0561	0.165017	17.1875
3.20936	11.1386	0.0825083	17.1875
3.22085	11.2211	0	17.1875
3.22094	11.2624	0.0825083	17.1875
3.22823	11.3449	0	17.1875
3.22927	11.3449	0.0825083	17.1875
3.27828	11.4274	0	17.1875
3.28251	11.4274	0.165017	17.1875
3.28691	11.5099	0.0825083	17.1875
3.35491	11.5924	0	17.1875
3.36002	11.5924	0.0825083	17.1875
3.36758	11.6749	0	17.1875
3.36901	11.7162	0.0825083	17.1875
3.41516	11.7987	0	17.1875
3.41837	11.7987	0.0825083	17.1875
3.48636	11.8812	0	17.1875
3.48773	11.9224	0.0825083	17.1875
3.51655	12.005	0	17.1875
3.51656	12.005	0.165017	17.1875
3.5189	12.0875	0.0825083	17.1875
3.5217	12.17	0	17.1875
3.52626	12.2112	0.0825083	17.1875
3.56488	12.2937	0	17.1875
3.56748	12.335	0.0825083	17.1875
3.60017	12.4175	0	17.1875
3.70428	12.4175	0	17.7083
3.7079	12.4175	0.0825083	17.7083
3.71859	12.5	0	17.7083
3.71867	12.5	0.165017	17.7083
3.71906	12.5825	0.0825083	17.7083
3.76335	12.665	0	17.7083
3.76382	12.665	0.165017	17.7083
3.76405	12.7475	0.0825083	17.7083
3.77697	12.83	0	17.7083
3.79097	12.83	0	18.75
3.79109	12.8713	0.0825083	18.75
3.80059	12.9538	0	18.75
3.80247	12.9538	0.165017	18.75
3.8093	13.0363	0.0825083	18.75
3.81796	13.1188	0	18.75
3.81822	13.1188	0.165017	18.75
3.81913	13.2013	0.0825083	18.75
3.83841	13.2838	0	18.75
3.84053	13.2838	0.165017	18.75
3.8407	13.3663	0.0825083	18.75
3.8441	13.4488	0	18.75
3.85008	13.4488	0	19.2708
3.85121	13.4901	0.0825083	19.2708
3.85208	13.5314	0.165017	19.2708
3.85339	13.6139	0.0825083	19.2708
3.87007	13.6964	0	19.2708
3.8906	13.6964	0	20.3125
3.89098	13.6964	0.0825083	20.3125
3.95063	13.7789	0	20.3125
3.95788	13.7789	0	20.8333
3.95874	13.8201	0.0825083	20.8333
3.97272	13.9026	0	20.8333
3.97391	13.9439	0.0825083	20.8333
3.98376	14.0264	0	20.8333
3.98616	14.0677	0.0825083	20.8333
3.99146	14.1502	0	20.8333
3.99227	14.1502	0.165017	20.8333
3.9956	14.2327	0.0825083	20.8333
4.05598	14.3152	0	20.8333
4.05828	14.3152	0.165017	20.8333
4.05917	14.3977	0.0825083	20.8333
4.07866	14.4802	0	20.8333
4.085	14.4802	0.165017	20.8333
4.08546	14.5627	0.0825083	20.8333
4.11978	14.6452	0	20.8333
4.12042	14.6452	0	21.3542
4.12409	14.6865	0.0825083	21.3542
4.15619	14.769	0	21.3542
4.16039	14.8102	0.0825083	21.3542
4.16184	14.8927	0	21.3542
4.16357	14.934	0.0825083	21.3542
4.1667	15.0165	0	21.3542
4.1699	15.0165	0.165017	21.3542
4.17115	15.099	0.0825083	21.3542
4.17328	15.1815	0	21.3542
4.17429	15.1815	0.0825083	21.3542
4.17501	15.264	0	21.3542
4.21344	15.264	0	21.875
4.21369	15.264	0.165017	21.875
4.21747	15.3465	0.0825083	21.875
4.23338	15.429	0	21.875
4.25804	15.429	0	22.9167
4.2582	15.429	0.165017	22.9167
4.25886	15.5116	0.0825083	22.9167
4.29192	15.5941	0	22.9167
4.29217	15.6353	0.0825083	22.9167
4.3113	15.7178	0	22.9167
4.31186	15.7178	0	23.4375
4.31207	15.7591	0.0825083	23.4375
4.36634	15.8416	0	23.4375
4.36913	15.8828	0.0825083	23.4375
4.39877	15.9653	0	23.4375
4.39941	15.9653	0.0825083	23.4375
4.42324	16.0479	0	23.4375
4.42352	16.0479	0.165017	23.4375
4.43024	16.1304	0.0825083	23.4375
4.43337	16.1716	0.165017	23.4375
4.43413	16.2541	0.0825083	23.4375
4.44104	16.3366	0	23.4375
4.44275	16.3366	0.0825083	23.4375
4.45252	16.4191	0	23.4375
4.45498	16.4604	0.0825083	23.4375
4.48487	16.5429	0	23.4375
4.56258	16.5429	0	23.9583
4.56765	16.5429	0.0825083	23.9583
4.57686	16.6254	0	23.9583
4.57943	16.6667	0.0825083	23.9583
4.58097	16.7079	0.165017	23.9583
4.58307	16.7904	0.0825083	23.9583
4.5994	16.8729	0	23.9583
4.60062	16.8729	0.165017	23.9583
4.60296	16.9554	0.0825083	23.9583
4.68272	17.038	0	23.9583
4.68299	17.038	0.0825083	23.9583
4.73132	17.1205	0	23.9583
4.73507	17.1617	0.0825083	23.9583
4.74965	17.2442	0	23.9583
4.75085	17.2855	0.0825083	23.9583
4.75182	17.368	0	23.9583
4.75313	17.368	0.165017	23.9583
4.7534	17.4505	0.0825083	23.9583
4.77744	17.533	0	23.9583
4.80036	17.533	0	24.4792
4.80046	17.533	0.0825083	24.4792
4.83117	17.6155	0	24.4792
4.83477	17.6155	0.0825083	24.4792
4.88369	17.698	0	24.4792
4.88517	17.698	0.0825083	24.4792
4.91598	17.7805	0	24.4792
4.91686	17.7805	0.0825083	24.4792
4.93135	17.863	0	24.4792
4.93192	17.9043	0.0825083	24.4792
4.93691	17.9868	0	24.4792
4.93913	17.9868	0	25
4.94278	18.0281	0.0825083	25
4.95518	18.1106	0	25
4.95949	18.1518	0.0825083	25
5.07883	18.2343	0	25
5.0803	18.2756	0.0825083	25
5.08087	18.3581	0	25
5.08097	18.3993	0.0825083	25
5.08945	18.4818	0	25
5.08985	18.4818	0.165017	25
5.08998	18.4818	0.165017	25.5208
5.09042	18.5644	0.0825083	25.5208
5.09669	18.6469	0	25.5208
5.09737	18.6881	0.0825083	25.5208
5.15429	18.7706	0	25.5208
5.15614	18.8119	0.0825083	25.5208
5.15998	18.8944	0	25.5208
5.16142	18.8944	0.165017	25.5208
5.162	18.9769	0.0825083	25.5208
5.19988	19.0594	0	25.5208
5.20031	19.1007	0.0825083	25.5208
5.21111	19.1832	0	25.5208
5.22365	19.1832	0	26.0417
5.22549	19.1832	0.0825083	26.0417
5.24208	19.2657	0	26.0417
5.24435	19.3069	0.0825083	26.0417
5.28341	19.3894	0	26.0417
5.28409	19.3894	0	26.5625
5.2898	19.4307	0.0825083	26.5625
5.28989	19.5132	0	26.5625
5.2919	19.5132	0.0825083	26.5625
5.29482	19.5957	0	26.5625
5.29499	19.5957	0.165017	26.5625
5.29803	19.6782	0.0825083	26.5625
5.30459	19.7607	0	26.5625
5.3183	19.7607	0	27.0833
5.33611	19.7607	0	27.6042
5.33663	19.7607	0.165017	27.6042
5.33731	19.8432	0.0825083	27.6042
5.39476	19.9257	0	27.6042
5.39558	19.9257	0.165017	27.6042
5.4019	20.0083	0.0825083	27.6042
5.41649	20.0908	0	27.6042
5.41733	20.0908	0.165017	27.6042
5.41943	20.1733	0.0825083	27.6042
5.44339	20.2558	0	27.6042
5.4442	20.2558	0.165017	27.6042
5.44801	20.3383	0.0825083	27.6042
5.46992	20.4208	0	27.6042
5.46995	20.462	0.0825083	27.6042
5.47196	20.5446	0	27.6042
5.47306	20.5446	0.0825083	27.6042
5.54128	20.6271	0	27.6042
5.54302	20.6271	0.0825083	27.6042
5.54794	20.7096	0	27.6042
5.55209	20.7096	0.0825083	27.6042
5.55364	20.7921	0	27.6042
5.55434	20.7921	0	27.6042
5.55511	20.8333	0.0825083	27.6042
5.56302	20.9158	0	27.6042
5.56393	20.9158	0.0825083	27.6042
5.57487	20.9984	0	27.6042
5.5773	21.0396	0.0825083	27.6042
5.60505	21.1221	0	27.6042
5.60586	21.1634	0.0825083	27.6042
5.67191	21.2459	0	27.6042
5.67362	21.2459	0.165017	27.6042
5.67459	21.3284	0.0825083	27.6042
5.67876	21.4109	0	27.6042
5.67882	21.4521	0.0825083	27.6042
5.68415	21.5347	0	27.6042
5.6845	21.5347	0.0825083	27.6042
5.80362	21.6172	0	27.6042
5.80505	21.6172	0.0825083	27.6042
5.88075	21.6997	0	27.6042
5.88445	21.6997	0.165017	27.6042
5.88828	21.7822	0.0825083	27.6042
5.91446	21.8647	0	27.6042
5.91523	21.9059	0.0825083	27.6042
5.93812	21.9884	0	27.6042
5.93875	21.9884	0.165017	27.6042
5.93956	22.071	0.0825083	27.6042
5.95526	22.1535	0	27.6042
5.95564	22.1947	0.0825083	27.6042
5.96024	22.2772	0	27.6042
5.96067	22.2772	0.165017	27.6042
5.96584	22.3597	0.0825083	27.6042
5.97896	22.4422	0	27.6042
5.98075	22.4835	0.0825083	27.6042
6.01264	22.566	0	27.6042
6.01565	22.6073	0.0825083	27.6042
6.0277	22.6898	0	27.6042
6.03915	22.6898	0	28.125
6.08442	22.6898	0	28.6458
6.14197	22.6898	0	29.1667
6.14304	22.731	0.0825083	29.1667
6.16869	22.8135	0	29.1667
6.16903	22.8548	0.0825083	29.1667
6.17058	22.896	0.165017	29.1667
6.17321	22.9785	0.0825083	29.1667
6.17673	23.0611	0	29.1667
6.17718	23.0611	0.165017	29.1667
6.18092	23.1436	0.0825083	29.1667
6.19998	23.2261	0	29.1667
6.20094	23.2673	0.0825083	29.1667
6.20954	23.3498	0	29.1667
6.21084	23.3498	0.165017	29.1667
6.21102	23.4323	0.0825083	29.1667
6.26697	23.5149	0	29.1667
6.26856	23.5561	0.0825083	29.1667
6.27402	23.6386	0	29.1667
6.27552	23.6799	0.0825083	29.1667
6.27786	23.7624	0	29.1667
6.27858	23.7624	0.165017	29.1667
6.28306	23.8449	0.0825083	29.1667
6.31344	23.9274	0	29.1667
6.36483	23.9274	0	29.6875
6.48165	23.9274	0	30.2083
6.48321	23.9686	0.0825083	30.2083
6.48663	24.0512	0	30.2083
6.48851	24.0512	0.0825083	30.2083
6.5741	24.1337	0	30.2083
6.57767	24.1337	0.0825083	30.2083
6.58526	24.2162	0	30.2083
6.58557	24.2162	0.165017	30.2083
6.58606	24.2987	0.0825083	30.2083
6.65216	24.3812	0	30.2083
6.65219	24.3812	0	30.7292
6.65379	24.3812	0	30.7292
6.65388	24.3812	0.0825083	30.7292
6.66376	24.4637	0	30.7292
6.68457	24.4637	0	31.25
6.68542	24.5049	0.0825083	31.25
6.73908	24.5875	0	31.25
6.73921	24.5875	0.165017	31.25
6.74425	24.67	0.0825083	31.25
6.749	24.7525	0	31.25
6.78325	24.7525	0	31.7708
6.7834	24.7937	0.0825083	31.7708
6.79869	24.8762	0	31.7708
6.80001	24.9175	0.0825083	31.7708
6.81102	25	0	31.7708
6.81229	25.0413	0.0825083	31.7708
6.85434	25.1238	0	31.7708
6.85617	25.165	0.0825083	31.7708
6.86044	25.2475	0	31.7708
6.86213	25.2888	0.0825083	31.7708
7.00869	25.3713	0	31.7708
7.01623	25.3713	0.0825083	31.7708
7.02975	25.4538	0	31.7708
7.03317	25.4538	0.0825083	31.7708
7.03773	25.5363	0	31.7708
7.04008	25.5776	0.0825083	31.7708
7.04205	25.6188	0.165017	31.7708
7.04415	25.7013	0.0825083	31.7708
7.07411	25.7838	0	31.7708
7.07445	25.7838	0.165017	31.7708
7.07651	25.8663	0.0825083	31.7708
7.07669	25.9488	0	31.7708
7.08309	25.9488	0	32.2917
7.08545	25.9488	0	32.8125
7.08719	25.9488	0	32.8125
7.12314	25.9488	0	32.8125
7.12662	25.9901	0.0825083	32.8125
7.1293	26.0726	0	32.8125
7.13757	26.1139	0.0825083	32.8125
7.30335	26.1964	0	32.8125
7.31024	26.1964	0.165017	32.8125
7.31361	26.2789	0.0825083	32.8125
7.37213	26.3614	0	32.8125
7.3727	26.4026	0.0825083	32.8125
7.41716	26.4851	0	32.8125
7.42025	26.4851	0.0825083	32.8125
7.44539	26.5677	0	32.8125
7.44603	26.5677	0.165017	32.8125
7.4479	26.6502	0.0825083	32.8125
7.44921	26.6914	0.165017	32.8125
7.45091	26.7739	0.0825083	32.8125
7.45724	26.8564	0	32.8125
7.46282	26.8977	0.0825083	32.8125
7.50824	26.9802	0	32.8125
7.53918	26.9802	0	33.3333
7.54003	26.9802	0.165017	33.3333
7.54215	27.0627	0.0825083	33.3333
7.59359	27.1452	0	33.3333
7.59808	27.1452	0.165017	33.3333
7.60279	27.2277	0.0825083	33.3333
7.64774	27.3102	0	33.3333
7.6478	27.3102	0.165017	33.3333
7.64787	27.3927	0.0825083	33.3333
7.66709	27.4752	0	33.3333
7.67325	27.4752	0.0825083	33.3333
7.68187	27.5578	0	33.3333
7.68347	27.5578	0.165017	33.3333
7.68526	27.6403	0.0825083	33.3333
7.69875	27.7228	0	33.3333
7.7001	27.7228	0	33.8542
8.00748	27.7228	0	34.375
8.00978	27.764	0.0825083	34.375
8.03365	27.8465	0	34.375
8.03382	27.8878	0.0825083	34.375
8.05665	27.9703	0	34.375
8.0567	28.0116	0.0825083	34.375
8.05733	28.0528	0.165017	34.375
8.0584	28.1353	0.0825083	34.375
8.06149	28.2178	0	34.375
8.06305	28.2591	0.0825083	34.375
8.08632	28.3416	0	34.375
8.08948	28.3828	0.0825083	34.375
8.10709	28.4653	0	34.375
8.10978	28.4653	0	34.8958
8.11083	28.5066	0.0825083	34.8958
8.14638	28.5891	0	34.8958
8.14716	28.6304	0.0825083	34.8958
8.15446	28.7129	0	34.8958
8.15472	28.7541	0.0825083	34.8958
8.15511	28.7954	0.165017	34.8958
8.15613	28.8779	0.0825083	34.8958
8.21828	28.9604	0	34.8958
8.2677	28.9604	0	34.8958
8.27197	29.0016	0.0825083	34.8958
8.27853	29.0842	0	34.8958
8.28026	29.1254	0.0825083	34.8958
8.3398	29.2079	0	34.8958
8.34032	29.2079	0.165017	34.8958
8.34534	29.2904	0.0825083	34.8958
8.40124	29.3729	0	34.8958
8.40211	29.3729	0.165017	34.8958
8.40231	29.4554	0.0825083	34.8958
8.42107	29.538	0	34.8958
8.44404	29.538	0	35.4167
8.44417	29.5792	0.0825083	35.4167
8.48435	29.6617	0	35.4167
8.48623	29.703	0.0825083	35.4167
8.52912	29.7855	0	35.4167
8.56051	29.7855	0	35.9375
8.60676	29.7855	0	36.4583
8.60683	29.7855	0.165017	36.4583
8.60747	29.868	0.0825083	36.4583
8.66641	29.9505	0	36.4583
8.68939	29.9505	0	36.4583
8.76678	29.9505	0	36.9792
8.76704	29.9505	0.165017	36.9792
8.76743	30.033	0.0825083	36.9792
8.8327	30.1155	0	36.9792
8.83364	30.1155	0.165017	36.9792
8.83844	30.198	0.0825083	36.9792
8.85283	30.2805	0	36.9792
8.8541	30.3218	0.0825083	36.9792
8.88157	30.4043	0	36.9792
8.88178	30.4455	0.0825083	36.9792
8.97026	30.5281	0	36.9792
8.97038	30.5693	0.0825083	36.9792
8.98462	30.6518	0	36.9792
8.98491	30.6518	0.0825083	36.9792
8.99851	30.7343	0	36.9792
8.99999	30.7756	0.0825083	36.9792
9.07639	30.8581	0	36.9792
9.08058	30.8581	0	37.5
9.08179	30.8993	0.0825083	37.5
9.10679	30.9818	0	37.5
9.17231	30.9818	0	38.0208
9.17437	30.9818	0.165017	38.0208
9.17622	30.9818	0.165017	39.0625
9.17793	31.0644	0.0825083	39.0625
9.18073	31.1469	0	39.0625
9.18748	31.1469	0.0825083	39.0625
9.21568	31.2294	0	39.0625
9.21708	31.2706	0.0825083	39.0625
9.23505	31.3531	0	39.0625
9.2382	31.3944	0.0825083	39.0625
9.24932	31.4769	0	39.0625
9.24932	31.5182	0.0825083	39.0625
9.31685	31.6007	0	39.0625
9.31907	31.6419	0.0825083	39.0625
9.32349	31.7244	0	39.0625
9.32726	31.7657	0.0825083	39.0625
9.36508	31.8482	0	39.0625
9.36516	31.8482	0.0825083	39.0625
9.48208	31.9307	0	39.0625
9.4992	31.9719	0.0825083	39.0625
9.57259	32.0545	0	39.0625
9.5752	32.0957	0.0825083	39.0625
9.59611	32.1782	0	39.0625
9.60368	32.1782	0	39.5833
9.62973	32.1782	0	40.1042
9.63202	32.2195	0.0825083	40.1042
9.6326	32.2195	0.0825083	40.625
9.64934	32.302	0	40.625
9.65097	32.302	0.165017	40.625
9.65611	32.3845	0.0825083	40.625
9.76777	32.467	0	40.625
9.77615	32.467	0.0825083	40.625
9.80528	32.5495	0	40.625
9.84214	32.5495	0	41.1458
9.84526	32.5495	0.165017	41.1458
9.8499	32.632	0.0825083	41.1458
9.89791	32.7145	0	41.1458
9.89843	32.7145	0.165017	41.1458
9.89946	32.797	0.0825083	41.1458
9.96732	32.8795	0	41.1458
9.96864	32.9208	0.0825083	41.1458
9.98006	33.0033	0	41.1458
9.98206	33.0446	0.0825083	41.1458
9.98355	33.1271	0	41.1458
9.98968	33.1683	0.0825083	41.1458
10.0123	33.2508	0	41.1458
10.0127	33.2921	0.0825083	41.1458
10.0134	33.2921	0.0825083	41.6667
10.0205	33.3746	0	41.6667
10.021	33.4158	0.0825083	41.6667
10.0392	33.4983	0	41.6667
10.1453	33.4983	0	42.1875
10.1631	33.4983	0	43.2292
10.1873	33.4983	0	44.2708
10.1883	33.5396	0.0825083	44.2708
10.1894	33.6221	0	44.2708
10.1899	33.6634	0.0825083	44.2708
10.247	33.7459	0	44.2708
10.2562	33.7459	0	44.7917
10.2573	33.7871	0.0825083	44.7917
10.2576	33.8284	0.165017	44.7917
10.2639	33.9109	0.0825083	44.7917
10.2715	33.9934	0	44.7917
10.2731	33.9934	0.165017	44.7917
10.2732	34.0759	0.0825083	44.7917
10.3857	34.1584	0	44.7917
10.3857	34.1584	0.165017	44.7917
10.3884	34.1997	0.247525	44.7917
10.3887	34.2822	0.165017	44.7917
10.3899	34.3647	0.0825083	44.7917
10.3924	34.4472	0	44.7917
10.3935	34.4884	0.0825083	44.7917
10.4206	34.571	0	44.7917
10.4214	34.571	0.0825083	44.7917
10.4215	34.6122	0.165017	44.7917
10.424	34.6947	0.0825083	44.7917
10.4734	34.7772	0	44.7917
10.4765	34.7772	0.165017	44.7917
10.4805	34.8597	0.0825083	44.7917
10.498	34.9422	0	44.7917
10.4991	34.9835	0.0825083	44.7917
10.5156	35.066	0	44.7917
10.5176	35.1073	0.0825083	44.7917
10.5655	35.1898	0	44.7917
10.5662	35.231	0.0825083	44.7917
10.5831	35.3135	0	44.7917
10.6169	35.3135	0	45.3125
10.6202	35.3548	0.0825083	45.3125
10.6494	35.4373	0	45.3125
10.6499	35.4785	0.0825083	45.3125
10.6705	35.5611	0	45.3125
10.672	35.5611	0.165017	45.3125
10.6726	35.6436	0.0825083	45.3125
10.7061	35.7261	0	45.3125
10.7066	35.7673	0.0825083	45.3125
10.7122	35.8498	0	45.3125
10.7123	35.8911	0.0825083	45.3125
10.7295	35.9736	0	45.3125
10.7303	35.9736	0	45.8333
10.7331	36.0149	0.0825083	45.8333
10.7872	36.0974	0	45.8333
10.7888	36.1386	0.0825083	45.8333
10.8503	36.2211	0	45.8333
10.8709	36.2211	0	45.8333
10.8725	36.2624	0.0825083	45.8333
10.8958	36.3449	0	45.8333
10.899	36.3861	0.0825083	45.8333
11.008	36.4686	0	45.8333
11.0087	36.4686	0.165017	45.8333
11.0093	36.5512	0.0825083	45.8333
11.1025	36.6337	0	45.8333
11.1037	36.6749	0.0825083	45.8333
11.1786	36.7574	0	45.8333
11.1814	36.7574	0.165017	45.8333
11.1815	36.8399	0.0825083	45.8333
11.2262	36.9224	0	45.8333
11.2275	36.9637	0.0825083	45.8333
11.2494	37.0462	0	45.8333
11.291	37.0462	0	46.3542
11.2941	37.0462	0.0825083	46.3542
11.2989	37.1287	0	46.3542
11.3009	37.17	0.0825083	46.3542
11.3049	37.2525	0	46.3542
11.3052	37.2525	0.165017	46.3542
11.3106	37.335	0.0825083	46.3542
11.3471	37.4175	0	46.3542
11.3474	37.4587	0.0825083	46.3542
11.3492	37.5	0.165017	46.3542
11.3503	37.5	0.165017	46.875
11.3516	37.5825	0.0825083	46.875
11.3791	37.665	0	46.875
11.3828	37.665	0	47.9167
11.3839	37.665	0.165017	47.9167
11.3844	37.7475	0.0825083	47.9167
11.3845	37.83	0	47.9167
11.3879	37.83	0	48.4375
11.3904	37.83	0.0825083	48.4375
11.3937	37.9125	0	48.4375
11.3941	37.9125	0.0825083	48.4375
11.4087	37.995	0	48.4375
11.4089	37.995	0.0825083	48.4375
11.4258	38.0776	0	48.4375
11.4285	38.0776	0.165017	48.4375
11.4315	38.1601	0.0825083	48.4375
11.4394	38.2426	0	48.4375
11.4416	38.2838	0.0825083	48.4375
11.4556	38.3663	0	48.4375
11.4584	38.3663	0	49.4792
11.4601	38.4076	0.0825083	49.4792
11.5152	38.4901	0	49.4792
11.5154	38.4901	0.0825083	49.4792
11.5162	38.5726	0	49.4792
11.5339	38.5726	0	49.4792
11.5362	38.6139	0.0825083	49.4792
11.567	38.6964	0	49.4792
11.5685	38.7376	0.0825083	49.4792
11.5774	38.8201	0	49.4792
11.5801	38.8614	0.0825083	49.4792
11.6213	38.9439	0	49.4792
11.6266	38.9439	0.0825083	49.4792
11.6533	39.0264	0	49.4792
11.6533	39.0677	0.0825083	49.4792
11.6978	39.1502	0	49.4792
11.6978	39.1502	0.165017	49.4792
11.7007	39.2327	0.0825083	49.4792
11.7659	39.3152	0	49.4792
11.77	39.3564	0.0825083	49.4792
11.8298	39.4389	0	49.4792
11.8307	39.4389	0.165017	49.4792
11.8356	39.5215	0.0825083	49.4792
11.9393	39.604	0	49.4792
11.9419	39.6452	0.0825083	49.4792
12.0678	39.7277	0	49.4792
12.0702	39.7277	0.165017	49.4792
12.0716	39.8102	0.0825083	49.4792
12.0948	39.8927	0	49.4792
12.0965	39.934	0.0825083	49.4792
12.248	40.0165	0	49.4792
12.2745	40.0165	0	50
12.2762	40.0165	0.165017	50
12.2823	40.099	0.0825083	50
12.2831	40.1403	0.165017	50
12.2844	40.2228	0.0825083	50
12.5156	40.3053	0	50
12.5169	40.3053	0.165017	50
12.5174	40.3878	0.0825083	50
12.5573	40.4703	0	50
12.5616	40.5116	0.0825083	50
12.5682	40.5116	0.0825083	50.5208
12.6202	40.5941	0	50.5208
12.6229	40.6353	0.0825083	50.5208
12.6391	40.7178	0	50.5208
12.779	40.7178	0	51.0417
12.7908	40.7178	0	51.5625
12.7916	40.7591	0.0825083	51.5625
12.7933	40.8416	0	51.5625
12.7965	40.8828	0.0825083	51.5625
12.8094	40.9653	0	51.5625
12.8097	41.0066	0.0825083	51.5625
12.8168	41.0891	0	51.5625
12.8212	41.1304	0.0825083	51.5625
12.855	41.2129	0	51.5625
12.857	41.2541	0.0825083	51.5625
12.9149	41.3366	0	51.5625
12.9524	41.3366	0	52.0833
12.9533	41.3366	0.165017	52.0833
12.9555	41.4191	0.0825083	52.0833
12.9655	41.5017	0	52.0833
12.9668	41.5429	0.0825083	52.0833
12.9669	41.5429	0.247525	52.0833
12.9708	41.6254	0.165017	52.0833
12.9737	41.7079	0.0825083	52.0833
12.9815	41.7904	0	52.0833
13.0181	41.7904	0	52.6042
13.0192	41.8317	0.0825083	52.6042
13.0703	41.9142	0	52.6042
13.0715	41.9554	0.0825083	52.6042
13.0944	42.038	0	52.6042
13.0945	42.038	0.0825083	52.6042
13.2192	42.1205	0	52.6042
13.2205	42.1617	0.0825083	52.6042
13.2381	42.2442	0	52.6042
13.2457	42.2855	0.0825083	52.6042
13.2877	42.368	0	52.6042
13.29	42.4092	0.0825083	52.6042
13.3025	42.4917	0	52.6042
13.3047	42.533	0.0825083	52.6042
13.3051	42.533	0.247525	52.6042
13.306	42.6155	0.165017	52.6042
13.3063	42.698	0.0825083	52.6042
13.3294	42.7805	0	52.6042
13.3593	42.7805	0	52.6042
13.3604	42.8218	0.0825083	52.6042
13.3909	42.9043	0	52.6042
13.3962	42.9455	0.0825083	52.6042
13.4326	43.0281	0	52.6042
13.4327	43.0281	0.165017	52.6042
13.4396	43.1106	0.0825083	52.6042
13.4415	43.1931	0	52.6042
13.4448	43.2343	0.0825083	52.6042
13.4964	43.3168	0	52.6042
13.4965	43.3168	0.165017	52.6042
13.4988	43.3993	0.0825083	52.6042
13.4992	43.3993	0.247525	52.6042
13.5008	43.4818	0.165017	52.6042
13.5008	43.5644	0.0825083	52.6042
13.5128	43.6469	0	52.6042
13.5396	43.6469	0	53.125
13.6064	43.6469	0	53.6458
13.6075	43.6881	0.0825083	53.6458
13.62	43.7706	0	53.6458
13.6207	43.7706	0.165017	53.6458
13.6212	43.8531	0.0825083	53.6458
13.6396	43.9356	0	53.6458
13.6592	43.9356	0	54.1667
13.6593	43.9769	0.0825083	54.1667
13.676	44.0594	0	54.1667
13.6966	44.0594	0	55.2083
13.7051	44.0594	0	55.7292
13.7083	44.1007	0.0825083	55.7292
13.7159	44.1832	0	55.7292
13.7188	44.2244	0.0825083	55.7292
13.7366	44.3069	0	55.7292
13.7367	44.3482	0.0825083	55.7292
13.76	44.4307	0	55.7292
13.7626	44.4307	0.0825083	55.7292
13.8198	44.5132	0	55.7292
13.8243	44.5545	0.0825083	55.7292
13.8248	44.637	0	55.7292
13.8277	44.637	0.165017	55.7292
13.8292	44.7195	0.0825083	55.7292
13.8414	44.802	0	55.7292
13.8431	44.8432	0.0825083	55.7292
13.856	44.9257	0	55.7292
13.8561	44.967	0.0825083	55.7292
13.8573	44.967	0.165017	55.7292
13.8585	45.0495	0.0825083	55.7292
13.8968	45.132	0	55.7292
13.9728	45.132	0	56.25
13.973	45.1733	0.0825083	56.25
13.9927	45.2558	0	56.25
13.9944	45.297	0.0825083	56.25
14.0176	45.3795	0	56.25
14.0211	45.3795	0.0825083	56.25
14.0421	45.462	0	56.25
14.0441	45.5033	0.0825083	56.25
14.0615	45.5858	0	56.25
14.0885	45.5858	0	56.7708
14.0887	45.5858	0.165017	56.7708
14.0932	45.6683	0.0825083	56.7708
14.1143	45.7508	0	56.7708
14.1281	45.7508	0	57.2917
14.1435	45.7508	0	58.3333
14.1512	45.7508	0.0825083	58.3333
14.2352	45.8333	0	58.3333
14.2392	45.8333	0.0825083	58.3333
14.2649	45.9158	0	58.3333
14.2873	45.9158	0	59.375
14.2907	45.9158	0.165017	59.375
14.2935	45.9983	0.0825083	59.375
14.3011	46.0809	0	59.375
14.3012	46.0809	0.165017	59.375
14.3021	46.1634	0.0825083	59.375
14.3769	46.2459	0	59.375
14.3775	46.2871	0.0825083	59.375
14.4614	46.3696	0	59.375
14.4624	46.3696	0.0825083	59.375
14.4899	46.4521	0	59.375
14.4901	46.4934	0.0825083	59.375
14.4911	46.4934	0.165017	59.375
14.4964	46.5759	0.0825083	59.375
14.5361	46.6584	0	59.375
14.5404	46.6997	0.0825083	59.375
14.5473	46.7822	0	59.375
14.5507	46.7822	0.0825083	59.375
14.5854	46.8647	0	59.375
14.5865	46.8647	0.165017	59.375
14.5866	46.9472	0.0825083	59.375
14.5952	47.0297	0	59.375
14.6574	47.0297	0	60.4167
14.6587	47.071	0.0825083	60.4167
14.6665	47.1535	0	60.4167
14.6672	47.1535	0.165017	60.4167
14.6678	47.236	0.0825083	60.4167
14.7055	47.3185	0	60.4167
14.7057	47.3597	0.0825083	60.4167
14.7311	47.4422	0	60.4167
14.7326	47.4835	0.0825083	60.4167
14.8182	47.566	0	60.4167
14.8198	47.6073	0.0825083	60.4167
14.8284	47.6898	0	60.4167
14.837	47.731	0.0825083	60.4167
14.9589	47.8135	0	60.4167
14.959	47.8135	0.165017	60.4167
14.9634	47.896	0.0825083	60.4167
14.9676	47.9785	0	60.4167
14.9972	47.9785	0	60.9375
14.9974	47.9785	0.165017	60.9375
14.9997	48.0611	0.0825083	60.9375
15.0475	48.1436	0	60.9375
15.1103	48.1436	0	61.9792
15.1107	48.1436	0.165017	61.9792
15.1124	48.1436	0.165017	62.5
15.1128	48.2261	0.0825083	62.5
15.1478	48.3086	0	62.5
15.1495	48.3086	0.0825083	62.5
15.2362	48.3911	0	62.5
15.2363	48.4323	0.0825083	62.5
15.2934	48.5149	0	62.5
15.2943	48.5149	0.165017	62.5
15.2953	48.5974	0.0825083	62.5
15.3091	48.6799	0	62.5
15.3094	48.7211	0.0825083	62.5
15.3387	48.8036	0	62.5
15.3393	48.8036	0.165017	62.5
15.3406	48.8861	0.0825083	62.5
15.3572	48.9686	0	62.5
15.4146	48.9686	0	63.0208
15.4167	48.9686	0.165017	63.0208
15.42	49.0512	0.0825083	63.0208
15.4204	49.1337	0	63.0208
15.4207	49.1337	0.0825083	63.0208
15.4873	49.2162	0	63.0208
15.489	49.2574	0.0825083	63.0208
15.5286	49.3399	0	63.0208
15.5321	49.3812	0.0825083	63.0208
15.5517	49.4637	0	63.0208
15.5551	49.4637	0	64.0625
15.598	49.4637	0	64.5833
15.6317	49.4637	0	65.1042
15.6329	49.505	0.0825083	65.1042
15.721	49.5875	0	65.1042
15.7212	49.5875	0.165017	65.1042
15.7213	49.67	0.0825083	65.1042
15.7471	49.7525	0	65.1042
15.7472	49.7525	0.165017	65.1042
15.751	49.835	0.0825083	65.1042
15.7584	49.9175	0	65.1042
15.8317	49.9175	0	66.1458
15.8342	49.9587	0.0825083	66.1458
15.9132	50.0413	0	66.1458
15.9696	50.0413	0	66.6667
15.9697	50.0413	0.165017	66.6667
15.9733	50.1238	0.0825083	66.6667
16.0393	50.2063	0	66.6667
16.0404	50.2475	0.0825083	66.6667
16.2316	50.33	0	66.6667
16.2318	50.3713	0.0825083	66.6667
16.2946	50.4538	0	66.6667
16.3017	50.4538	0.0825083	66.6667
16.3374	50.5363	0	66.6667
16.3968	50.5363	0	67.1875
16.3992	50.5363	0.165017	67.1875
16.4002	50.6188	0.0825083	67.1875
16.4022	50.6188	0.247525	67.1875
16.4032	50.7013	0.165017	67.1875
16.4033	50.7838	0.0825083	67.1875
16.4291	50.8663	0	67.1875
16.4313	50.9076	0.0825083	67.1875
16.4643	50.9901	0	67.1875
16.4668	50.9901	0.165017	67.1875
16.4684	51.0726	0.0825083	67.1875
16.5203	51.1551	0	67.1875
16.5233	51.1964	0.0825083	67.1875
16.5754	51.2789	0	67.1875
16.5781	51.3201	0.0825083	67.1875
16.6189	51.4026	0	67.1875
16.6509	51.4026	0	67.7083
16.6523	51.4026	0.165017	67.7083
16.6618	51.4851	0.0825083	67.7083
16.7298	51.5677	0	67.7083
16.7299	51.6089	0.0825083	67.7083
16.732	51.6914	0	67.7083
16.7342	51.7327	0.0825083	67.7083
16.7551	51.8152	0	67.7083
16.7553	51.8152	0.165017	67.7083
16.7609	51.8977	0.0825083	67.7083
16.8203	51.9802	0	67.7083
17.1312	51.9802	0	68.75
17.1319	52.0215	0.0825083	68.75
17.2722	52.104	0	68.75
17.273	52.1452	0.0825083	68.75
17.2856	52.2277	0	68.75
17.35	52.2277	0	69.2708
17.3501	52.269	0.0825083	69.2708
17.4327	52.3515	0	69.2708
17.4391	52.3927	0.0825083	69.2708
17.5098	52.4752	0	69.2708
17.5144	52.5165	0.0825083	69.2708
17.7683	52.599	0	69.2708
17.7706	52.6403	0.0825083	69.2708
17.9193	52.7228	0	69.2708
17.9213	52.764	0.0825083	69.2708
17.9232	52.8465	0	69.2708
17.9268	52.8878	0.0825083	69.2708
17.9685	52.9703	0	69.2708
17.9706	53.0116	0.0825083	69.2708
17.9827	53.0941	0	69.2708
17.9875	53.0941	0	69.7917
17.9881	53.0941	0.165017	69.7917
17.9935	53.1766	0.0825083	69.7917
18.0019	53.2591	0	69.7917
18.0033	53.2591	0.165017	69.7917
18.004	53.3416	0.0825083	69.7917
18.1869	53.4241	0	69.7917
18.1877	53.4241	0.0825083	69.7917
18.2738	53.5066	0	69.7917
18.2744	53.5066	0.165017	69.7917
18.2778	53.5891	0.0825083	69.7917
18.4824	53.6716	0	69.7917
18.4839	53.6716	0.0825083	69.7917
18.5551	53.7541	0	69.7917
18.5568	53.7541	0.165017	69.7917
18.5571	53.8366	0.0825083	69.7917
18.6269	53.9191	0	69.7917
18.6337	53.9191	0	70.3125
18.6354	53.9604	0.0825083	70.3125
18.67	54.0429	0	70.3125
18.6703	54.0842	0.0825083	70.3125
18.6812	54.1667	0	70.3125
18.6819	54.2079	0.0825083	70.3125
18.6835	54.2079	0.165017	70.3125
18.6858	54.2904	0.0825083	70.3125
18.8103	54.3729	0	70.3125
18.8143	54.4142	0.0825083	70.3125
18.8376	54.4967	0	70.3125
18.951	54.4967	0	70.8333
18.9523	54.4967	0	71.3542
18.9527	54.4967	0.165017	71.3542
18.954	54.5792	0.0825083	71.3542
19.0144	54.6617	0	71.3542
19.0145	54.703	0.0825083	71.3542
19.015	54.703	0.0825083	72.3958
19.0306	54.7855	0	72.3958
19.0316	54.8267	0.0825083	72.3958
19.0496	54.9092	0	72.3958
19.0503	54.9505	0.0825083	72.3958
19.0771	55.033	0	72.3958
19.0774	55.033	0.165017	72.3958
19.0775	55.1155	0.0825083	72.3958
19.0883	55.198	0	72.3958
19.1529	55.198	0	72.9167
19.1539	55.198	0.165017	72.9167
19.1546	55.2805	0.0825083	72.9167
19.3396	55.363	0	72.9167
19.3397	55.4043	0.0825083	72.9167
19.4365	55.4868	0	72.9167
19.5253	55.4868	0	73.4375
19.5748	55.4868	0	74.4792
19.5748	55.4868	0.165017	74.4792
19.5764	55.5693	0.0825083	74.4792
19.6274	55.6518	0	74.4792
19.6289	55.6518	0.165017	74.4792
19.6307	55.7343	0.0825083	74.4792
19.6548	55.8168	0	74.4792
19.6738	55.8168	0	75
19.8968	55.8168	0	75.5208
19.898	55.8581	0.0825083	75.5208
19.9324	55.9406	0	75.5208
19.9328	55.9406	0.165017	75.5208
19.9441	56.0231	0.0825083	75.5208
20.1676	56.1056	0	75.5208
20.1699	56.1056	0.165017	75.5208
20.1732	56.1881	0.0825083	75.5208
20.2205	56.2706	0	75.5208
20.2206	56.3119	0.0825083	75.5208
20.2857	56.3944	0	75.5208
20.2877	56.4356	0.0825083	75.5208
20.3071	56.5182	0	75.5208
20.4027	56.5182	0	76.0417
20.4034	56.5594	0.0825083	76.0417
20.4125	56.6419	0	76.0417
20.4143	56.6419	0.165017	76.0417
20.4146	56.7244	0.0825083	76.0417
20.4425	56.8069	0	76.0417
20.4468	56.8482	0.0825083	76.0417
20.4468	56.9307	0	76.0417
20.4526	56.9307	0.0825083	76.0417
20.5425	57.0132	0	76.0417
20.5434	57.0132	0.0825083	76.0417
20.5684	57.0957	0	76.0417
20.5763	57.137	0.0825083	76.0417
20.6855	57.2195	0	76.0417
20.6858	57.2607	0.0825083	76.0417
20.7401	57.3432	0	76.0417
20.7413	57.3432	0.0825083	76.0417
20.7777	57.4257	0	76.0417
20.7841	57.467	0.0825083	76.0417
20.7955	57.5495	0	76.0417
20.796	57.5908	0.0825083	76.0417
20.8081	57.6733	0	76.0417
20.8118	57.7145	0.0825083	76.0417
20.8714	57.797	0	76.0417
20.872	57.797	0.165017	76.0417
20.8737	57.797	0.330033	76.0417
20.8741	57.8795	0.247525	76.0417
20.8745	57.962	0.165017	76.0417
20.8745	58.0446	0.0825083	76.0417
20.8932	58.1271	0	76.0417
20.8933	58.1683	0.0825083	76.0417
20.9315	58.2508	0	76.0417
20.9326	58.2921	0.0825083	76.0417
21.0875	58.3746	0	76.0417
21.1262	58.3746	0	76.5625
21.1269	58.3746	0.0825083	76.5625
21.1351	58.4571	0	76.5625
21.1361	58.4571	0.165017	76.5625
21.137	58.5396	0.0825083	76.5625
21.1871	58.6221	0	76.5625
21.1895	58.6634	0.0825083	76.5625
21.2646	58.7459	0	76.5625
21.2729	58.7871	0.0825083	76.5625
21.3135	58.8696	0	76.5625
21.3156	58.9109	0.0825083	76.5625
21.3515	58.9934	0	76.5625
21.3583	59.0347	0.0825083	76.5625
21.3672	59.1172	0	76.5625
21.368	59.1584	0.0825083	76.5625
21.3942	59.2409	0	76.5625
21.3959	59.2409	0.165017	76.5625
21.396	59.3234	0.0825083	76.5625
21.3961	59.3647	0.165017	76.5625
21.4035	59.4472	0.0825083	76.5625
21.4451	59.5297	0	76.5625
21.4526	59.5297	0.0825083	76.5625
21.5102	59.6122	0	76.5625
21.5124	59.6122	0.165017	76.5625
21.5168	59.6947	0.0825083	76.5625
21.5593	59.7772	0	76.5625
21.5608	59.7772	0.165017	76.5625
21.571	59.8597	0.0825083	76.5625
21.6063	59.9422	0	76.5625
21.6068	59.9422	0.165017	76.5625
21.6071	60.0248	0.0825083	76.5625
21.6215	60.1073	0	76.5625
21.6219	60.1073	0.165017	76.5625
21.6223	60.1898	0.0825083	76.5625
21.7008	60.2723	0	76.5625
21.701	60.3135	0.0825083	76.5625
21.7358	60.396	0	76.5625
21.7376	60.4373	0.0825083	76.5625
21.8145	60.5198	0	76.5625
21.8662	60.5198	0	77.0833
21.8671	60.5198	0.165017	77.0833
21.8692	60.6023	0.0825083	77.0833
21.9096	60.6848	0	77.0833
21.9111	60.7261	0.0825083	77.0833
21.9583	60.8086	0	77.0833
21.9606	60.8086	0.0825083	77.0833
22.2311	60.8911	0	77.0833
22.2407	60.9323	0.0825083	77.0833
22.292	61.0149	0	77.0833
22.2954	61.0561	0.0825083	77.0833
22.3428	61.1386	0	77.0833
22.3652	61.1386	0	77.6042
22.3652	61.1386	0.165017	77.6042
22.3695	61.2211	0.0825083	77.6042
22.4209	61.3036	0	77.6042
22.4213	61.3036	0.165017	77.6042
22.4214	61.3861	0.0825083	77.6042
22.5686	61.4686	0	77.6042
22.5701	61.5099	0.0825083	77.6042
22.5874	61.5924	0	77.6042
22.5897	61.6337	0.0825083	77.6042
22.6023	61.7162	0	77.6042
22.605	61.7574	0.0825083	77.6042
22.8387	61.8399	0	77.6042
22.8401	61.8812	0.0825083	77.6042
22.9929	61.9637	0	77.6042
22.993	62.005	0.0825083	77.6042
23.0555	62.0875	0	77.6042
23.0602	62.1287	0.0825083	77.6042
23.0933	62.2112	0	77.6042
23.0963	62.2525	0.0825083	77.6042
23.2812	62.335	0	77.6042
23.2823	62.335	0.165017	77.6042
23.2872	62.4175	0.0825083	77.6042
23.3019	62.5	0	77.6042
23.3798	62.5	0	78.6458
23.3838	62.5	0.0825083	78.6458
23.4509	62.5825	0	78.6458
23.4529	62.6238	0.0825083	78.6458
23.4848	62.7063	0	78.6458
23.489	62.7063	0.165017	78.6458
23.4898	62.7888	0.0825083	78.6458
23.5282	62.8713	0	78.6458
23.5329	62.8713	0.0825083	78.6458
23.5332	62.9125	0.165017	78.6458
23.5332	62.995	0.0825083	78.6458
23.5623	63.0776	0	78.6458
23.569	63.0776	0	79.6875
23.5761	63.1188	0.0825083	79.6875
23.6765	63.2013	0	79.6875
23.6791	63.2426	0.0825083	79.6875
23.9291	63.3251	0	79.6875
23.9294	63.3663	0.0825083	79.6875
24.1842	63.4488	0	79.6875
24.1859	63.4488	0.165017	79.6875
24.1894	63.4488	0.165017	80.7292
24.1929	63.5314	0.0825083	80.7292
24.2506	63.6139	0	80.7292
24.2527	63.6551	0.0825083	80.7292
24.2543	63.7376	0	80.7292
24.2565	63.7789	0.0825083	80.7292
24.3371	63.8614	0	80.7292
24.3518	63.9026	0.0825083	80.7292
24.4365	63.9851	0	80.7292
24.4424	64.0264	0.0825083	80.7292
24.6127	64.1089	0	80.7292
24.6272	64.1089	0	81.7708
24.6427	64.1089	0	82.8125
24.6476	64.1502	0.0825083	82.8125
24.6588	64.2327	0	82.8125
24.6594	64.2327	0.165017	82.8125
24.6638	64.3152	0.0825083	82.8125
24.7254	64.3977	0	82.8125
24.7298	64.3977	0	83.8542
24.7348	64.4389	0.0825083	83.8542
24.7632	64.5215	0	83.8542
24.8292	64.5215	0	84.375
24.8357	64.5627	0.0825083	84.375
25.1435	64.6452	0	84.375
25.1439	64.6452	0.165017	84.375
25.151	64.7277	0.0825083	84.375
25.1521	64.8102	0	84.375
25.1562	64.8515	0.0825083	84.375
25.2093	64.934	0	84.375
25.2115	64.9753	0.0825083	84.375
25.2444	65.0578	0	84.375
25.2445	65.0578	0.165017	84.375
25.2451	65.1403	0.0825083	84.375
25.2935	65.2228	0	84.375
25.2966	65.2228	0.0825083	84.375
25.2979	65.264	0.165017	84.375
25.3037	65.3465	0.0825083	84.375
25.3563	65.429	0	84.375
25.3599	65.4703	0.0825083	84.375
25.5845	65.5528	0	84.375
25.5849	65.5941	0.0825083	84.375
25.6367	65.6766	0	84.375
25.6444	65.6766	0.0825083	84.375
25.744	65.7591	0	84.375
25.7443	65.7591	0.165017	84.375
25.747	65.8416	0.0825083	84.375
25.7512	65.9241	0	84.375
25.7533	65.9653	0.0825083	84.375
25.9054	66.0479	0	84.375
25.906	66.0891	0.0825083	84.375
25.9949	66.1716	0	84.375
25.9978	66.1716	0.165017	84.375
25.9993	66.2541	0.0825083	84.375
26.1386	66.3366	0	84.375
26.1413	66.3366	0.165017	84.375
26.1427	66.4191	0.0825083	84.375
26.1618	66.5016	0	84.375
26.1631	66.5016	0.0825083	84.375
26.3683	66.5842	0	84.375
26.3687	66.6254	0.0825083	84.375
26.6147	66.7079	0	84.375
26.6157	66.7492	0.0825083	84.375
26.7484	66.8317	0	84.375
26.7511	66.8729	0.0825083	84.375
26.8413	66.9554	0	84.375
26.8413	66.9554	0.165017	84.375
26.8444	67.038	0.0825083	84.375
26.8492	67.038	0.165017	84.375
26.8521	67.1205	0.0825083	84.375
26.9039	67.203	0	84.375
26.9868	67.203	0	85.4167
26.9873	67.2442	0.0825083	85.4167
27.0077	67.3267	0	85.4167
27.008	67.368	0.0825083	85.4167
27.2102	67.4505	0	85.4167
27.2128	67.4918	0.0825083	85.4167
27.2155	67.5743	0	85.4167
27.2161	67.6155	0.0825083	85.4167
27.3081	67.698	0	85.4167
27.309	67.7393	0.0825083	85.4167
27.3141	67.8218	0	85.4167
27.3201	67.863	0.0825083	85.4167
27.3225	67.9043	0.165017	85.4167
27.3245	67.9868	0.0825083	85.4167
27.3676	68.0693	0	85.4167
27.498	68.0693	0	85.9375
27.4984	68.0693	0.165017	85.9375
27.5005	68.1518	0.0825083	85.9375
27.6124	68.2343	0	85.9375
27.6147	68.2756	0.0825083	85.9375
27.6882	68.3581	0	85.9375
27.6897	68.3993	0.0825083	85.9375
27.763	68.4818	0	85.9375
27.7642	68.4818	0.0825083	85.9375
27.8274	68.5644	0	85.9375
27.8297	68.5644	0.165017	85.9375
27.8304	68.6469	0.0825083	85.9375
27.8306	68.6881	0.165017	85.9375
27.8377	68.7706	0.0825083	85.9375
27.8417	68.8531	0	85.9375
27.8447	68.8944	0.0825083	85.9375
27.8655	68.9769	0	85.9375
27.9445	68.9769	0	86.9792
27.9505	69.0182	0.0825083	86.9792
27.9652	69.1007	0	86.9792
28.1063	69.1007	0	88.0208
28.1069	69.1007	0.165017	88.0208
28.1096	69.1832	0.0825083	88.0208
28.2821	69.2657	0	88.0208
28.2863	69.3069	0.0825083	88.0208
28.5093	69.3894	0	88.0208
28.5114	69.3894	0.0825083	88.0208
28.567	69.4719	0	88.0208
28.5678	69.4719	0.165017	88.0208
28.5721	69.5545	0.0825083	88.0208
28.6007	69.637	0	88.0208
28.6018	69.637	0.0825083	88.0208
28.8237	69.7195	0	88.0208
28.8252	69.7607	0.0825083	88.0208
28.9701	69.8432	0	88.0208
28.9739	69.8845	0.0825083	88.0208
29.0963	69.967	0	88.0208
29.0966	69.967	0.0825083	88.0208
29.3116	70.0495	0	88.0208
29.3152	70.0908	0.0825083	88.0208
29.4109	70.1733	0	88.0208
29.417	70.2145	0.0825083	88.0208
29.4436	70.297	0	88.0208
29.4448	70.3383	0.0825083	88.0208
29.4541	70.4208	0	88.0208
29.4573	70.462	0.0825083	88.0208
29.5993	70.5446	0	88.0208
29.6037	70.5446	0.0825083	88.0208
29.8364	70.6271	0	88.0208
29.8373	70.6271	0.0825083	88.0208
29.8587	70.7096	0	88.0208
29.859	70.7508	0.0825083	88.0208
29.8916	70.8333	0	88.0208
29.9005	70.8746	0.0825083	88.0208
29.9015	70.9158	0.165017	88.0208
29.9117	70.9984	0.0825083	88.0208
30.0153	71.0809	0	88.0208
30.0161	71.1221	0.0825083	88.0208
30.0476	71.2046	0	88.0208
30.0526	71.2046	0.0825083	88.0208
30.2931	71.2871	0	88.0208
30.297	71.2871	0.0825083	88.0208
30.3617	71.3696	0	88.0208
30.3626	71.3696	0.0825083	88.0208
30.3916	71.4521	0	88.0208
30.3929	71.4934	0.0825083	88.0208
30.5153	71.5759	0	88.0208
30.517	71.5759	0.0825083	88.0208
30.5862	71.6584	0	88.0208
30.589	71.6997	0.0825083	88.0208
30.6861	71.7822	0	88.0208
30.6897	71.8234	0.0825083	88.0208
30.7383	71.9059	0	88.0208
30.7439	71.9472	0.0825083	88.0208
30.8007	72.0297	0	88.0208
30.801	72.071	0.0825083	88.0208
30.8348	72.1535	0	88.0208
30.8392	72.1535	0.0825083	88.0208
30.8983	72.236	0	88.0208
30.9137	72.2772	0.0825083	88.0208
31.0231	72.3597	0	88.0208
31.1478	72.3597	0	89.0625
31.2461	72.3597	0	89.5833
31.247	72.3597	0.165017	89.5833
31.2513	72.4422	0.0825083	89.5833
31.2523	72.5247	0	89.5833
31.2523	72.5247	0.0825083	89.5833
31.2539	72.6073	0	89.5833
31.3717	72.6073	0	90.625
31.373	72.6485	0.0825083	90.625
31.4299	72.731	0	90.625
31.4315	72.731	0.165017	90.625
31.4357	72.8135	0.0825083	90.625
31.6176	72.896	0	90.625
31.6194	72.9373	0.0825083	90.625
31.6266	73.0198	0	90.625
31.6274	73.0611	0.0825083	90.625
31.9646	73.1436	0	90.625
31.9647	73.1848	0.0825083	90.625
32.2803	73.2673	0	90.625
32.2816	73.2673	0.0825083	90.625
32.2912	73.3498	0	90.625
32.2994	73.3911	0.0825083	90.625
32.3292	73.4736	0	90.625
32.6567	73.4736	0	91.6667
32.6567	73.4736	0.165017	91.6667
32.6572	73.5561	0.0825083	91.6667
32.6719	73.6386	0	91.6667
32.6767	73.6386	0.165017	91.6667
32.6769	73.7211	0.0825083	91.6667
32.686	73.8036	0	91.6667
32.6872	73.8036	0.0825083	91.6667
32.7796	73.8861	0	91.6667
32.7803	73.9274	0.0825083	91.6667
32.9535	74.0099	0	91.6667
32.9597	74.0512	0.0825083	91.6667
33.1194	74.1337	0	91.6667
33.1206	74.1749	0.0825083	91.6667
33.2009	74.2574	0	91.6667
33.2053	74.2987	0.0825083	91.6667
33.3151	74.3812	0	91.6667
33.3183	74.4224	0.0825083	91.6667
33.4269	74.505	0	91.6667
33.4337	74.5462	0.0825083	91.6667
33.6272	74.6287	0	91.6667
33.6318	74.67	0.0825083	91.6667
33.6666	74.7525	0	91.6667
33.6725	74.7937	0.0825083	91.6667
33.685	74.8762	0	91.6667
33.6857	74.9175	0.0825083	91.6667
33.7904	75	0	91.6667
33.8915	75	0	92.7083
33.8945	75	0.0825083	92.7083
33.9726	75.0825	0	92.7083
33.9738	75.1238	0.0825083	92.7083
34.0966	75.2063	0	92.7083
34.0987	75.2475	0.0825083	92.7083
34.1416	75.33	0	92.7083
34.1439	75.3713	0.0825083	92.7083
34.6005	75.4538	0	92.7083
34.6019	75.495	0.0825083	92.7083
34.6755	75.5776	0	92.7083
34.6783	75.6188	0.0825083	92.7083
34.7094	75.7013	0	92.7083
34.8304	75.7013	0	93.75
34.8344	75.7426	0.0825083	93.75
35.0009	75.8251	0	93.75
35.0011	75.8251	0.0825083	93.75
35.0792	75.9076	0	93.75
35.0798	75.9076	0.165017	93.75
35.0814	75.9901	0.0825083	93.75
35.0851	76.0726	0	93.75
35.086	76.1139	0.0825083	93.75
35.1474	76.1964	0	93.75
35.1512	76.2376	0.0825083	93.75
35.2163	76.3201	0	93.75
35.2212	76.3614	0.0825083	93.75
35.3878	76.4439	0	93.75
35.3887	76.4851	0.0825083	93.75
35.5027	76.5677	0	93.75
35.5035	76.6089	0.0825083	93.75
35.5126	76.6914	0	93.75
35.513	76.7327	0.0825083	93.75
35.5544	76.8152	0	93.75
35.5567	76.8564	0.0825083	93.75
35.6219	76.9389	0	93.75
35.6234	76.9802	0.0825083	93.75
35.6333	77.0627	0	93.75
35.6363	77.0627	0.0825083	93.75
35.8106	77.1452	0	93.75
35.8107	77.1865	0.0825083	93.75
36.1236	77.269	0	93.75
36.1311	77.269	0.0825083	93.75
36.5008	77.3515	0	93.75
36.501	77.3927	0.0825083	93.75
36.725	77.4753	0	93.75
36.7265	77.4753	0.0825083	93.75
36.7541	77.5578	0	93.75
36.7656	77.5578	0.0825083	93.75
36.7985	77.6403	0	93.75
36.7989	77.6815	0.0825083	93.75
36.8711	77.764	0	93.75
36.872	77.764	0.0825083	93.75
36.994	77.8465	0	93.75
36.9945	77.8878	0.0825083	93.75
37.1051	77.9703	0	93.75
37.1053	77.9703	0.165017	93.75
37.106	78.0528	0.0825083	93.75
37.6061	78.1353	0	93.75
37.6068	78.1766	0.0825083	93.75
37.7488	78.2591	0	93.75
37.7558	78.3003	0.0825083	93.75
37.7897	78.3828	0	93.75
37.7898	78.3828	0.165017	93.75
37.7925	78.4653	0.0825083	93.75
37.8426	78.5479	0	93.75
37.8453	78.5891	0.0825083	93.75
38.0137	78.6716	0	93.75
38.0143	78.7129	0.0825083	93.75
38.0193	78.7954	0	93.75
38.0205	78.8366	0.0825083	93.75
38.1518	78.9191	0	93.75
38.1543	78.9191	0.165017	93.75
38.1563	79.0016	0.0825083	93.75
38.4553	79.0842	0	93.75
38.4558	79.1254	0.0825083	93.75
38.9228	79.2079	0	93.75
38.9262	79.2492	0.0825083	93.75
38.9772	79.3317	0	93.75
38.9784	79.3729	0.0825083	93.75
39.011	79.4554	0	93.75
39.0141	79.4967	0.0825083	93.75
39.3941	79.5792	0	93.75
39.3957	79.6205	0.0825083	93.75
39.5643	79.703	0	93.75
39.5709	79.7442	0.0825083	93.75
39.6242	79.8267	0	93.75
39.6283	79.8267	0.0825083	93.75
39.7112	79.9092	0	93.75
39.7138	79.9092	0.0825083	93.75
39.717	79.9918	0	93.75
39.7744	79.9918	0	94.7917
39.7754	80.033	0.0825083	94.7917
39.7846	80.1155	0	94.7917
39.8683	80.1155	0	95.8333
39.8746	80.1155	0.0825083	95.8333
39.9564	80.198	0	95.8333
39.9566	80.2393	0.0825083	95.8333
39.9699	80.3218	0	95.8333
39.9708	80.3218	0.165017	95.8333
39.9727	80.4043	0.0825083	95.8333
39.988	80.4868	0	95.8333
39.9884	80.5281	0.0825083	95.8333
40.1207	80.6106	0	95.8333
40.1222	80.6518	0.0825083	95.8333
40.1383	80.7343	0	95.8333
40.1489	80.7343	0.0825083	95.8333
40.5558	80.8168	0	95.8333
40.5728	80.8581	0.0825083	95.8333
41.2843	80.9406	0	95.8333
41.2905	80.9406	0.0825083	95.8333
41.5206	81.0231	0	95.8333
41.5207	81.0644	0.0825083	95.8333
41.5217	81.1056	0.165017	95.8333
41.5253	81.1881	0.0825083	95.8333
41.6908	81.2706	0	95.8333
41.6909	81.2706	0.165017	95.8333
41.6927	81.3531	0.0825083	95.8333
41.7608	81.4356	0	95.8333
41.7625	81.4356	0.0825083	95.8333
41.9949	81.5182	0	95.8333
41.9975	81.5594	0.0825083	95.8333
42.0327	81.6419	0	95.8333
42.0351	81.6832	0.0825083	95.8333
42.2275	81.7657	0	95.8333
42.2293	81.8069	0.0825083	95.8333
42.4342	81.8894	0	95.8333
42.4343	81.9307	0.0825083	95.8333
42.5103	82.0132	0	95.8333
42.512	82.0545	0.0825083	95.8333
42.52	82.137	0	95.8333
42.5209	82.1782	0.0825083	95.8333
42.532	82.2607	0	95.8333
42.5322	82.2607	0.0825083	95.8333
42.6639	82.3432	0	95.8333
42.6649	82.3432	0.165017	95.8333
42.6677	82.4257	0.0825083	95.8333
42.8562	82.5082	0	95.8333
42.8589	82.5495	0.0825083	95.8333
42.9119	82.632	0	95.8333
42.9125	82.6733	0.0825083	95.8333
42.9644	82.7558	0	95.8333
42.967	82.797	0.0825083	95.8333
43.0052	82.8795	0	95.8333
43.0054	82.9208	0.0825083	95.8333
43.2202	83.0033	0	95.8333
43.2224	83.0446	0.0825083	95.8333
43.581	83.1271	0	95.8333
43.5856	83.1683	0.0825083	95.8333
43.9527	83.2508	0	95.8333
43.9547	83.2508	0.165017	95.8333
43.9555	83.3333	0.0825083	95.8333
44.2048	83.4158	0	95.8333
44.209	83.4571	0.0825083	95.8333
44.6963	83.5396	0	95.8333
44.6973	83.5809	0.0825083	95.8333
44.8856	83.6634	0	95.8333
44.8861	83.7046	0.0825083	95.8333
45.0474	83.7871	0	95.8333
45.0479	83.8284	0.0825083	95.8333
45.1165	83.9109	0	95.8333
45.1168	83.9521	0.0825083	95.8333
45.1807	84.0347	0	95.8333
45.1833	84.0759	0.0825083	95.8333
45.2171	84.1584	0	95.8333
45.2173	84.1997	0.0825083	95.8333
45.737	84.2822	0	95.8333
45.7503	84.3234	0.0825083	95.8333
45.895	84.4059	0	95.8333
45.8952	84.4472	0.0825083	95.8333
45.9081	84.5297	0	95.8333
45.9088	84.5297	0.165017	95.8333
45.914	84.6122	0.0825083	95.8333
46.0092	84.6947	0	95.8333
46.0112	84.736	0.0825083	95.8333
46.2992	84.8185	0	95.8333
46.3001	84.8597	0.0825083	95.8333
46.4364	84.9422	0	95.8333
46.4424	84.9835	0.0825083	95.8333
46.6925	85.066	0	95.8333
46.6942	85.066	0.165017	95.8333
46.7034	85.1485	0.0825083	95.8333
46.883	85.231	0	95.8333
46.888	85.2723	0.0825083	95.8333
46.8925	85.3548	0	95.8333
46.8932	85.396	0.0825083	95.8333
46.9384	85.4785	0	95.8333
46.9385	85.5198	0.0825083	95.8333
47.0587	85.6023	0	95.8333
47.0615	85.6436	0.0825083	95.8333
47.1164	85.7261	0	95.8333
47.1186	85.7673	0.0825083	95.8333
47.3004	85.8498	0	95.8333
47.3006	85.8498	0.165017	95.8333
47.3088	85.9323	0.0825083	95.8333
47.5327	86.0149	0	95.8333
47.5335	86.0561	0.0825083	95.8333
47.5338	86.0974	0.165017	95.8333
47.5348	86.1799	0.0825083	95.8333
47.7816	86.2624	0	95.8333
47.7818	86.3036	0.0825083	95.8333
47.8251	86.3861	0	95.8333
47.8253	86.4274	0.0825083	95.8333
47.9463	86.5099	0	95.8333
47.9473	86.5512	0.0825083	95.8333
48.4028	86.6337	0	95.8333
48.606	86.6337	0	96.875
48.6063	86.6337	0.165017	96.875
48.6082	86.7162	0.0825083	96.875
48.8956	86.7987	0	96.875
48.8976	86.8399	0.0825083	96.875
48.9445	86.9224	0	96.875
48.9476	86.9637	0.0825083	96.875
48.9534	87.0462	0	96.875
48.9538	87.0462	0.0825083	96.875
49.195	87.1287	0	96.875
49.1952	87.17	0.0825083	96.875
49.4556	87.2525	0	96.875
49.7485	87.2525	0	97.9167
49.7499	87.2937	0.0825083	97.9167
49.7585	87.3762	0	97.9167
49.7625	87.3762	0.165017	97.9167
49.7633	87.4587	0.0825083	97.9167
49.8613	87.5413	0	97.9167
49.8616	87.5413	0.165017	97.9167
49.8619	87.6238	0.0825083	97.9167
50.1619	87.7063	0	97.9167
50.1625	87.7475	0.0825083	97.9167
50.1969	87.83	0	97.9167
50.1977	87.8713	0.0825083	97.9167
50.3091	87.9538	0	97.9167
50.3108	87.995	0.0825083	97.9167
50.4108	88.0776	0	97.9167
50.4127	88.0776	0.165017	97.9167
50.4148	88.1601	0.0825083	97.9167
50.6455	88.2426	0	97.9167
50.6466	88.2838	0.0825083	97.9167
50.6693	88.3663	0	97.9167
50.6693	88.4076	0.0825083	97.9167
50.7184	88.4901	0	97.9167
50.7185	88.4901	0.165017	97.9167
50.7241	88.5726	0.0825083	97.9167
50.8521	88.6551	0	97.9167
50.8548	88.6551	0.0825083	97.9167
51.0156	88.7376	0	97.9167
51.0193	88.7789	0.0825083	97.9167
51.0317	88.8614	0	97.9167
51.0329	88.9026	0.0825083	97.9167
51.079	88.9851	0	97.9167
51.0794	88.9851	0.165017	97.9167
51.0848	89.0677	0.0825083	97.9167
51.1371	89.1502	0	97.9167
51.1419	89.1914	0.0825083	97.9167
51.1558	89.2739	0	97.9167
51.1562	89.2739	0.165017	97.9167
51.1628	89.3564	0.0825083	97.9167
51.6776	89.4389	0	97.9167
51.6782	89.4802	0.0825083	97.9167
51.7074	89.5627	0	97.9167
51.7141	89.604	0.0825083	97.9167
51.7406	89.6865	0	97.9167
51.7436	89.7277	0.0825083	97.9167
51.902	89.8102	0	97.9167
51.9021	89.8515	0.0825083	97.9167
52.3311	89.934	0	97.9167
52.3314	89.9753	0.0825083	97.9167
52.7337	90.0578	0	97.9167
52.7364	90.099	0.0825083	97.9167
52.8967	90.1815	0	97.9167
52.8974	90.2228	0.0825083	97.9167
53.384	90.3053	0	97.9167
53.3846	90.3053	0.165017	97.9167
53.3861	90.3878	0.0825083	97.9167
54.0903	90.4703	0	97.9167
54.0904	90.5116	0.0825083	97.9167
54.4239	90.5941	0	97.9167
54.4241	90.6353	0.0825083	97.9167
54.9243	90.7178	0	97.9167
55.3342	90.7178	0	98.9583
55.3423	90.7591	0.0825083	98.9583
55.7226	90.8416	0	98.9583
55.7276	90.8416	0.0825083	98.9583
55.8615	90.9241	0	98.9583
55.8625	90.9241	0.165017	98.9583
55.8636	91.0066	0.0825083	98.9583
55.9884	91.0891	0	98.9583
55.9959	91.1304	0.0825083	98.9583
56.2907	91.2129	0	98.9583
56.292	91.2541	0.0825083	98.9583
56.544	91.3366	0	98.9583
56.5446	91.3779	0.0825083	98.9583
57.0237	91.4604	0	98.9583
57.0262	91.5016	0.0825083	98.9583
57.8719	91.5842	0	98.9583
57.8742	91.5842	0.0825083	98.9583
58.3132	91.6667	0	98.9583
58.3133	91.6667	0.165017	98.9583
58.3145	91.7492	0.0825083	98.9583
58.5086	91.8317	0	98.9583
58.5096	91.8317	0.165017	98.9583
58.5125	91.9142	0.0825083	98.9583
58.5288	91.9967	0	98.9583
58.5321	92.038	0.0825083	98.9583
58.6324	92.1205	0	98.9583
58.6349	92.1617	0.0825083	98.9583
59.2038	92.2442	0	98.9583
59.2075	92.2855	0.0825083	98.9583
59.7322	92.368	0	98.9583
59.7367	92.368	0.0825083	98.9583
59.8377	92.4505	0	98.9583
59.8425	92.4918	0.0825083	98.9583
60.5218	92.5743	0	98.9583
60.5226	92.5743	0.165017	98.9583
60.5243	92.6568	0.0825083	98.9583
60.8718	92.7393	0	98.9583
60.8732	92.7805	0.0825083	98.9583
61.1414	92.863	0	98.9583
61.1432	92.9043	0.0825083	98.9583
61.3537	92.9868	0	98.9583
61.3546	93.0281	0.0825083	98.9583
61.6197	93.1106	0	98.9583
61.624	93.1106	0.165017	98.9583
61.6251	93.1931	0.0825083	98.9583
62.2505	93.2756	0	98.9583
62.2563	93.3168	0.0825083	98.9583
63.6159	93.3993	0	98.9583
63.6159	93.3993	0.165017	98.9583
63.6183	93.4818	0.0825083	98.9583
64.0912	93.5644	0	98.9583
64.0941	93.6056	0.0825083	98.9583
64.426	93.6881	0	98.9583
64.4268	93.7294	0.0825083	98.9583
64.8044	93.8119	0	98.9583
64.8053	93.8531	0.0825083	98.9583
65.119	93.9356	0	98.9583
65.1194	93.9356	0.165017	98.9583
65.1215	94.0182	0.0825083	98.9583
65.8515	94.1007	0	98.9583
65.8546	94.1419	0.0825083	98.9583
66.2428	94.2244	0	98.9583
66.244	94.2244	0.0825083	98.9583
66.8098	94.3069	0	98.9583
66.81	94.3482	0.0825083	98.9583
67.0183	94.4307	0	98.9583
67.0217	94.4719	0.0825083	98.9583
67.1292	94.5545	0	98.9583
67.1368	94.5957	0.0825083	98.9583
67.8189	94.6782	0	98.9583
67.8203	94.6782	0.165017	98.9583
67.8228	94.7607	0.0825083	98.9583
68.3211	94.8432	0	98.9583
68.3295	94.8845	0.0825083	98.9583
68.9667	94.967	0	98.9583
68.9741	95.0082	0.0825083	98.9583
69.2707	95.0908	0	98.9583
69.2792	95.0908	0.0825083	98.9583
69.3897	95.1733	0	98.9583
69.3951	95.1733	0.165017	98.9583
69.3951	95.2558	0.0825083	98.9583
70.1116	95.3383	0	98.9583
70.1123	95.3795	0.0825083	98.9583
71.3044	95.462	0	98.9583
71.3062	95.462	0.165017	98.9583
71.307	95.5446	0.0825083	98.9583
71.6209	95.6271	0	98.9583
71.6241	95.6271	0.165017	98.9583
71.632	95.7096	0.0825083	98.9583
72.3593	95.7921	0	98.9583
72.3609	95.7921	0.0825083	98.9583
72.8422	95.8746	0	98.9583
72.8432	95.8746	0.165017	98.9583
72.8514	95.9571	0.0825083	98.9583
73.1302	96.0396	0	98.9583
73.1305	96.0809	0.0825083	98.9583
73.65	96.1634	0	98.9583
73.6511	96.2046	0.0825083	98.9583
75.1633	96.2871	0	98.9583
75.1683	96.3284	0.0825083	98.9583
75.943	96.4109	0	98.9583
75.9475	96.4521	0.0825083	98.9583
76.7279	96.5347	0	98.9583
76.7288	96.5347	0.165017	98.9583
76.7374	96.6172	0.0825083	98.9583
77.7334	96.6997	0	98.9583
77.7345	96.7409	0.0825083	98.9583
78.9727	96.8234	0	98.9583
78.9787	96.8647	0.0825083	98.9583
80.0934	96.9472	0	98.9583
80.0951	96.9472	0.165017	98.9583
80.0974	97.0297	0.0825083	98.9583
80.9448	97.1122	0	98.9583
80.9481	97.1535	0.0825083	98.9583
82.7634	97.236	0	98.9583
82.7649	97.2772	0.0825083	98.9583
85.8739	97.3597	0	98.9583
85.875	97.401	0.0825083	98.9583
86.6405	97.4835	0	98.9583
91.4757	97.4835	0	100
91.4759	97.5247	0.0825083	100
93.6581	97.6073	0	100
93.6582	97.6073	0.165017	100
93.6622	97.6898	0.0825083	100
97.0822	97.7723	0	100
97.0824	97.7723	0.165017	100
97.0846	97.8548	0.0825083	100
99.0347	97.9373	0	100
99.0361	97.9785	0.0825083	100
99.6257	98.0611	0	100
99.6341	98.1023	0.0825083	100
101.339	98.1848	0	100
101.34	98.2261	0.0825083	100
102.192	98.3086	0	100
102.193	98.3086	0.0825083	100
102.691	98.3911	0	100
102.693	98.3911	0.165017	100
102.695	98.4736	0.0825083	100
104.012	98.5561	0	100
104.016	98.5561	0.0825083	100
110.801	98.6386	0	100
110.808	98.6799	0.0825083	100
113.221	98.7624	0	100
113.222	98.7624	0.165017	100
113.228	98.8449	0.0825083	100
116.26	98.9274	0	100
116.263	98.9686	0.0825083	100
118.484	99.0512	0	100
118.497	99.0924	0.0825083	100
126.374	99.1749	0	100
126.375	99.2162	0.0825083	100
129.198	99.2987	0	100
129.199	99.3399	0.0825083	100
134.214	99.4224	0	100
134.216	99.4224	0.165017	100
134.216	99.505	0.0825083	100
142.782	99.5875	0	100
142.784	99.5875	0.165017	100
142.786	99.67	0.0825083	100
143.055	99.7525	0	100
143.057	99.7937	0.0825083	100
151.327	99.8762	0	100
151.335	99.9175	0.0825083	100
