1.88337e-06	0	0	0
1.00674e-05	0	0	0
1.21719e-05	0	0	0
1.26926e-05	0	0	0
1.46405e-05	0	0	0
2.38467e-05	0	0	0
2.93639e-05	0	0	0
3.03587e-05	0	0	0
3.40647e-05	0	0	0
3.44472e-05	0	0	0
3.6599e-05	0	0	0
4.51362e-05	0	0	0
4.97746e-05	0	0	0
5.55102e-05	0	0	0
5.74294e-05	0	0	0
6.39439e-05	0	0	0
6.70016e-05	0	0	0
7.66325e-05	0	0	0
7.79435e-05	0	0	0
7.8611e-05	0	0	0
8.09908e-05	0	0	0
0.00010994	0	0	0
0.00011264	0	0	0
0.000116207	0	0	0
0.000116255	0	0	0
0.000118717	0	0	0
0.000132245	0	0	0
0.000134564	0	0	0
0.000154075	0	0	0
0.000162477	0	0	0
0.000166233	0	0	0
0.000176861	0	0	0
0.000182819	0	0	0
0.000182837	0	0	0
0.00018968	0	0	0
0.000196353	0	0	0
0.000207502	0	0	0
0.00021041	0	0	0
0.000211388	0	0	0
0.00021495	0	0	0
0.000221017	0	0	0
0.000224824	0	0	0
0.000227651	0	0	0
0.000233394	0	0	0
0.000244758	0	0	0
0.000246	0	0	0
0.000246121	0	0	0
0.000248797	0	0	0
0.000252036	0	0	0
0.000253876	0	0	0
0.000256036	0	0	0
0.000261885	0	0	0
0.000274738	0	0	0
0.00027891	0	0	0
0.000291705	0	0	0
0.00029622	0	0	0
0.000316482	0	0	0
0.000321636	0	0	0
0.000323918	0	0	0
0.000325145	0	0	0
0.000331625	0	0	0
0.00033783	0	0	0
0.000360448	0	0	0
0.000367359	0	0	0
0.000368672	0	0	0
0.000374877	0	0	0
0.000378646	0	0	0
0.000378659	0	0	0
0.000384087	0	0	0
0.000388678	0	0	0
0.000394449	0	0	0
0.000396402	0	0	0
0.000399088	0	0	0
0.000404377	0	0	0
0.000424669	0	0	0
0.000435162	0	0	0
0.000438816	0	0	0
0.000454711	0	0	0
0.000470557	0	0	0
0.000473857	0	0	0
0.000490446	0	0	0
0.00049066	0	0	0
0.000519631	0	0	0
0.000526364	0	0	0
0.000528809	0	0	0
0.000538793	0	0	0
0.000554526	0	0	0
0.000558865	0	0	0
0.000561229	0	0	0
0.000563581	0	0	0
0.000564581	0	0	0
0.000591183	0	0	0
0.000593713	0	0	0
0.000599549	0	0	0
0.000617312	0	0	0
0.00063783	0	0	0
0.000669387	0	0	0
0.000692595	0	0	0
0.000694866	0	0	0
0.000695116	0	0	0
0.000715456	0	0	0
0.000715726	0	0	0
0.000725802	0	0	0
0.000739998	0	0	0
0.000744528	0	0	0
0.00075859	0	0	0
0.000778166	0	0	0
0.000789386	0	0	0
0.000793887	0	0	0
0.000811417	0	0	0
0.000821603	0	0	0
0.000832591	0	0	0
0.000833385	0	0	0
0.000833853	0	0	0
0.000845689	0	0	0
0.000848313	0	0	0
0.000853381	0	0	0
0.000857565	0	0	0
0.000858484	0	0	0
0.000861685	0	0	0
0.000873735	0	0	0
0.000897219	0	0	0
0.000902861	0	0	0
0.000925987	0	0	0
0.000936247	0	0	0
0.000967648	0	0	0
0.00100032	0	0	0
0.00102352	0	0	0
0.00102597	0	0	0
0.00102822	0	0	0
0.00102845	0	0	0
0.00103618	0	0	0
0.00103978	0	0	0
0.00104813	0	0	0
0.00105849	0	0	0
0.00107547	0	0	0
0.00107792	0	0	0
0.0011045	0	0	0
0.00110621	0	0	0
0.00111509	0	0	0
0.00112711	0	0	0
0.00113446	0	0	0
0.0011355	0	0	0
0.00114943	0	0	0
0.00115146	0	0	0
0.00115539	0	0	0
0.00115735	0	0	0
0.00115807	0	0	0
0.00117127	0	0	0
0.00117437	0	0	0
0.00117679	0	0	0
0.00118804	0	0	0
0.00119265	0	0	0
0.0011973	0	0	0
0.00120058	0	0	0
0.00120339	0	0	0
0.00120618	0	0	0
0.00121078	0	0	0
0.00121192	0	0	0
0.00122011	0	0	0
0.00122897	0	0	0
0.00124016	0	0	0
0.00124296	0	0	0
0.00124418	0	0	0
0.001268	0	0	0
0.00126996	0	0	0
0.00128036	0	0	0
0.00128399	0	0	0
0.00129798	0	0	0
0.00130006	0	0	0
0.00131156	0	0	0
0.00131514	0	0	0
0.00132692	0	0	0
0.00133392	0	0	0
0.0013598	0	0	0
0.00137253	0	0	0
0.00137318	0	0	0
0.0013819	0	0	0
0.00139812	0	0	0
0.0014135	0	0	0
0.00142348	0	0	0
0.00143129	0	0	0
0.0014337	0	0	0
0.00143399	0	0	0
0.00145003	0	0	0
0.00146883	0	0	0
0.00147158	0	0	0
0.00147605	0	0	0
0.00147753	0	0	0
0.001488	0	0	0
0.00149725	0	0	0
0.00149755	0	0	0
0.00150268	0	0	0
0.00150481	0	0	0
0.00150598	0	0	0
0.0015107	0	0	0
0.00151163	0	0	0
0.00152033	0	0	0
0.00152103	0	0	0
0.00154082	0	0	0
0.00155222	0	0	0
0.00155492	0	0	0
0.00157011	0	0	0
0.00158279	0	0	0
0.00159618	0	0	0
0.00159715	0	0	0
0.00164235	0	0	0
0.00164262	0	0	0
0.00166693	0	0	0
0.00167619	0	0	0
0.0016791	0	0	0
0.00168594	0	0	0
0.00170272	0	0	0
0.00170576	0	0	0
0.00170633	0	0	0
0.00171228	0	0	0
0.00172837	0	0	0
0.00173085	0	0	0
0.00174441	0	0	0
0.00175449	0	0	0
0.00177919	0	0	0
0.00178069	0	0	0
0.00178568	0	0	0
0.00179197	0	0	0
0.00179217	0	0	0
0.00180015	0	0	0
0.00182593	0	0	0
0.00183009	0	0	0
0.00185075	0	0	0
0.00185488	0	0	0
0.00185863	0	0	0
0.00186575	0	0	0
0.00187088	0	0	0
0.00187357	0	0	0
0.00187359	0	0	0
0.00187388	0	0	0
0.0018953	0	0	0
0.00190019	0	0	0
0.0019011	0	0	0
0.00190442	0	0	0
0.00190673	0	0	0
0.00192201	0	0	0
0.00193137	0	0	0
0.00196236	0	0	0
0.00196451	0	0	0
0.00198517	0	0	0
0.00199367	0	0	0
0.00199501	0	0	0
0.00200142	0	0	0
0.00201771	0	0	0
0.0020218	0	0	0
0.00202949	0	0	0
0.00203062	0	0	0
0.00203694	0	0	0
0.00206332	0	0	0
0.0020685	0	0	0
0.0020729	0	0	0
0.00207576	0	0	0
0.0020857	0	0	0
0.0020857	0	0	0
0.0020866	0	0	0
0.002091	0	0	0
0.00209434	0	0	0
0.00209441	0	0	0
0.00209785	0	0	0
0.00210065	0	0	0
0.00210673	0	0	0
0.00210965	0	0	0
0.00212035	0	0	0
0.00213222	0	0	0
0.00213345	0	0	0
0.00213674	0	0	0
0.00213725	0	0	0
0.00213845	0	0	0
0.00214114	0	0	0
0.00215194	0	0	0
0.00216448	0	0	0
0.00216766	0	0	0
0.00216992	0	0	0
0.00217455	0	0	0
0.00218731	0	0	0
0.00219104	0	0	0
0.00219245	0	0	0
0.00219824	0	0	0
0.00220854	0	0	0
0.00221112	0	0	0
0.00221504	0	0	0
0.00221569	0	0	0
0.00222141	0	0	0
0.00222233	0	0	0
0.00224512	0	0	0
0.0022568	0	0	0
0.00226312	0	0	0
0.00227005	0	0	0
0.00227964	0	0	0
0.00228062	0	0	0
0.00228682	0	0	0
0.00228717	0	0	0
0.00229193	0	0	0
0.00230337	0	0	0
0.00230897	0	0	0
0.00232879	0	0	0
0.00234066	0	0	0
0.00234965	0	0	0
0.00235395	0	0	0
0.00237088	0	0	0
0.00237623	0	0	0
0.0023801	0	0	0
0.00239106	0	0	0
0.00239343	0	0	0
0.00239975	0	0	0
0.00240149	0	0	0
0.00241081	0	0	0
0.00242429	0	0	0
0.0024248	0	0	0
0.00243132	0	0	0
0.00243269	0	0	0
0.00244114	0	0	0
0.00244165	0	0	0
0.00244434	0	0	0
0.00244713	0	0	0
0.00244843	0	0	0
0.00244951	0	0	0
0.00245255	0	0	0
0.00245264	0	0	0
0.00245439	0	0	0
0.00245915	0	0	0
0.00246457	0	0	0
0.00246834	0	0	0
0.00247189	0	0	0
0.00247431	0	0	0
0.00247618	0	0	0
0.00247978	0	0	0
0.00248693	0	0	0
0.00249288	0	0	0
0.00249958	0	0	0
0.0025029	0	0	0
0.00250559	0	0	0
0.00251062	0	0	0
0.00251566	0	0	0
0.00251984	0	0	0
0.00252022	0	0	0
0.00252253	0	0	0
0.00252767	0	0	0
0.00254034	0	0	0
0.00254083	0	0	0
0.00254117	0	0	0
0.00254434	0	0	0
0.00255032	0	0	0
0.00255741	0	0	0
0.00256736	0	0	0
0.00257064	0	0	0
0.00257169	0	0	0
0.00257458	0	0	0
0.00259052	0	0	0
0.00260218	0	0	0
0.00260789	0	0	0
0.00261413	0	0	0
0.0026176	0	0	0
0.00262781	0	0	0
0.00263618	0	0	0
0.00263923	0	0	0
0.00265436	0	0	0
0.00266601	0	0	0
0.0026678	0	0	0
0.00267037	0	0	0
0.00267224	0	0	0
0.00267383	0	0	0
0.00267432	0	0	0
0.00267663	0	0	0
0.00268743	0	0	0
0.00268904	0	0	0
0.00268952	0	0	0
0.00269007	0	0	0
0.00269249	0	0	0
0.00269267	0	0	0
0.0027021	0	0	0
0.00271751	0	0	0
0.00271812	0	0	0
0.00273096	0	0	0
0.00274972	0	0	0
0.00277338	0	0	0
0.00279087	0	0	0
0.00279545	0	0	0
0.00279637	0	0	0
0.00279713	0	0	0
0.00279758	0	0	0
0.0028002	0	0	0
0.00280956	0	0	0
0.00282054	0	0	0
0.00282573	0	0	0
0.00283179	0	0	0
0.00283628	0	0	0
0.00283733	0	0	0
0.00285127	0	0	0
0.00286809	0	0	0
0.0028688	0	0	0
0.00287048	0	0	0
0.00287628	0	0	0
0.00288268	0	0	0
0.00288655	0	0	0
0.00289328	0	0	0
0.00290498	0	0	0
0.00291396	0	0	0
0.00292025	0	0	0
0.00293601	0	0	0
0.00294191	0	0	0
0.00294572	0	0	0
0.0029501	0	0	0
0.00295596	0	0	0
0.00295719	0	0	0
0.00296174	0	0	0
0.00296357	0	0	0
0.00297287	0	0	0
0.00297736	0	0	0
0.00299931	0	0	0
0.00300453	0	0	0
0.00300969	0	0	0
0.00301007	0	0	0
0.00301062	0	0	0
0.00301241	0	0	0
0.00302786	0	0	0
0.00303711	0	0	0
0.00304673	0	0	0
0.00305125	0	0	0
0.00307036	0	0	0
0.00307089	0	0	0
0.00308467	0	0	0
0.0030947	0	0	0
0.00309908	0	0	0
0.00311286	0	0	0
0.00312791	0	0	0
0.00313098	0	0	0
0.00313612	0	0	0
0.00316921	0	0	0
0.0031716	0	0	0
0.00318182	0	0	0
0.00318459	0	0	0
0.00318981	0	0	0
0.00319443	0	0	0
0.00319829	0	0	0
0.00320783	0	0	0
0.00322419	0	0	0
0.00322704	0	0	0
0.00324064	0	0	0
0.00324222	0	0	0
0.00324448	0	0	0
0.00325707	0	0	0
0.00326073	0	0	0
0.00326152	0	0	0
0.00327168	0	0	0
0.00328241	0	0	0
0.00329134	0	0	0
0.00329869	0	0	0
0.00332127	0	0	0
0.00332346	0	0	0
0.00332545	0	0	0
0.00332982	0	0	0
0.00333864	0	0	0
0.00333961	0	0	0
0.00334162	0	0	0
0.00334367	0	0	0
0.00334536	0	0	0
0.00335453	0	0	0
0.00335456	0	0	0
0.0033631	0	0	0
0.00338552	0	0	0
0.00338592	0	0	0
0.00338632	0	0	0
0.00338787	0	0	0
0.00339036	0	0	0
0.00339043	0	0	0
0.00339219	0	0	0
0.00340322	0	0	0
0.00340338	0	0	0
0.00340722	0	0	0
0.00340983	0	0	0
0.00341031	0	0	0
0.00341409	0	0	0
0.00341817	0	0	0
0.0034241	0	0	0
0.00343198	0	0	0
0.00343553	0	0	0
0.00344429	0	0	0
0.00345237	0	0	0
0.00345383	0	0	0
0.00345733	0	0	0
0.00346484	0	0	0
0.00346578	0	0	0
0.0034733	0	0	0
0.00347443	0	0	0
0.00347448	0	0	0
0.00348667	0	0	0
0.00350319	0	0	0
0.00350556	0	0	0
0.00353658	0	0	0
0.00354042	0	0	0
0.00354483	0	0	0
0.00354666	0	0	0
0.00354977	0	0	0
0.00357173	0	0	0
0.00358626	0	0	0
0.00359378	0	0	0
0.00360291	0	0	0
0.00361088	0	0	0
0.0036113	0	0	0
0.00364119	0	0	0
0.00364667	0	0	0
0.00364786	0	0	0
0.00365706	0	0	0
0.00365736	0	0	0
0.0036762	0	0	0
0.00368112	0	0	0
0.00368316	0	0	0
0.00369612	0	0	0
0.0036979	0	0	0
0.0037	0	0	0
0.00372395	0	0	0
0.00373615	0	0	0
0.0037419	0	0	0
0.00374351	0	0	0
0.00375381	0	0	0
0.00377492	0	0	0
0.00378769	0	0	0
0.00379957	0	0	0
0.00381514	0	0	0
0.00382652	0	0	0
0.00382761	0	0	0
0.00382923	0	0	0
0.00383439	0	0	0
0.0038452	0	0	0
0.00384986	0	0	0
0.00385394	0	0	0
0.00386476	0	0	0
0.00389555	0	0	0
0.00390861	0	0	0
0.00391698	0	0	0
0.00391849	0	0	0
0.00393772	0	0	0
0.00394758	0	0	0
0.00395496	0	0	0
0.00396214	0	0	0
0.00396925	0	0	0
0.00397058	0	0	0
0.00398776	0	0	0
0.00399062	0	0	0
0.00399772	0	0	0
0.0040034	0	0	0
0.00400481	0	0	0
0.00400577	0	0	0
0.00402037	0	0	0
0.00404386	0	0	0
0.00404718	0	0	0
0.00405643	0	0	0
0.00408293	0	0	0
0.00411157	0	0	0
0.00412296	0	0	0
0.00414705	0	0	0
0.0041566	0	0	0
0.0041967	0	0	0
0.00420244	0	0	0
0.00421452	0	0	0
0.0042223	0	0	0
0.00423161	0	0	0
0.00423175	0	0	0
0.00423688	0	0	0
0.00423771	0	0	0
0.00424887	0	0	0
0.00425731	0	0	0
0.00425844	0	0	0
0.00426482	0	0	0
0.00426658	0	0	0
0.0042738	0	0	0
0.00427824	0	0	0
0.00428229	0	0	0
0.00428739	0	0	0
0.00428773	0	0	0
0.00429483	0	0	0
0.00430591	0	0	0
0.00430651	0	0	0
0.00431023	0	0	0
0.00431501	0	0	0
0.00432903	0	0	0
0.00434024	0	0	0
0.00434141	0	0	0
0.0043433	0	0	0
0.00434767	0	0	0
0.004389	0	0	0
0.00439015	0	0	0
0.00439129	0	0	0
0.00439534	0	0	0
0.00441203	0	0	0
0.00441268	0	0	0
0.00442412	0	0	0
0.00443164	0	0	0
0.00444366	0	0	0
0.00444546	0	0	0
0.00447692	0	0	0
0.00452667	0	0	0
0.00453979	0	0	0
0.00454214	0	0	0
0.00462976	0	0	0
0.00463325	0	0	0
0.00463815	0	0	0
0.00464131	0	0	0
0.00465821	0	0	0
0.00467119	0	0	0
0.00468261	0	0	0
0.00468586	0	0	0
0.00471543	0	0	0
0.0047557	0	0	0
0.00480067	0	0	0
0.00480389	0	0	0
0.00480536	0	0	0
0.00484966	0	0	0
0.00485104	0	0	0
0.00486067	0	0	0
0.00486141	0	0	0
0.00490014	0	0	0
0.0049012	0	0	0
0.00491349	0	0	0
0.0049469	0	0	0
0.00495243	0	0	0
0.00496761	0	0	0
0.0049924	0	0	0
0.00501383	0	0	0
0.00503726	0	0	0
0.00505508	0	0	0
0.00505855	0	0	0
0.00507349	0	0	0
0.00514923	0	0	0
0.00517672	0	0	0
0.00518524	0	0	0
0.00519337	0	0	0
0.00524245	0	0	0
0.00527758	0	0	0
0.00530488	0	0	0
0.00533489	0	0	0
0.00534307	0	0	0
0.00543042	0	0	0
0.00546958	0	0	0
0.00547074	0	0	0
0.00551189	0	0	0
0.00551688	0	0	0
0.00556594	0	0	0
0.00557787	0	0	0
0.00561311	0	0	0
0.00562101	0	0	0
0.00562156	0	0	0
0.00563813	0	0	0
0.00571001	0	0	0
0.00572353	0	0	0
0.00574993	0	0	0
0.00579902	0	0	0
0.00583775	0	0	0
0.00591039	0	0	0
0.00593545	0	0	0
0.00603302	0	0	0
0.00607207	0	0	0
0.0061144	0	0	0
0.00618198	0	0	0
0.00619715	0	0	0
0.0062175	0	0	0
0.00622009	0	0	0
0.00622154	0	0	0
0.00625513	0	0	0
0.0063033	0	0	0
0.00631201	0	0	0
0.00632167	0	0	0
0.00634802	0	0	0
0.00635467	0	0	0
0.00638407	0	0	0
0.00640872	0	0	0
0.00646287	0	0	0
0.00649881	0	0	0
0.00651181	0	0	0
0.00653749	0	0	0
0.00654551	0	0	0
0.0066168	0	0	0
0.00666807	0	0	0
0.0067233	0	0	0
0.00673639	0	0	0
0.00673909	0	0	0
0.0067738	0	0	0
0.00678041	0	0	0
0.00695148	0	0	0
0.00703743	0	0	0
0.00710824	0	0	0
0.00714633	0	0	0
0.00728968	0	0	0
0.00732354	0	0	0
0.00738278	0	0	0
0.00751846	0	0	0
0.00752155	0	0	0
0.00755101	0	0	0
0.00757235	0	0	0
0.00808184	0	0	0
0.00818301	0	0	0
0.0082368	0	0	0
0.00824575	0	0	0
0.00833757	0	0	0
0.00835363	0	0	0
0.00838203	0	0	0
0.00841128	0	0	0
0.0084511	0	0	0
0.00845771	0	0	0
0.00859281	0	0	0
0.00878414	0	0	0
0.00893732	0	0	0
0.00913946	0	0	0
0.00921803	0	0	0
0.00928609	0	0	0
0.00934333	0	0	0
0.00941731	0	0	0
0.00949345	0	0	0
0.00992143	0	0	0
0.0101325	0	0	0
0.0104092	0	0	0
0.0105764	0	0	0
0.0108303	0	0	0
0.0112019	0	0	0
0.0112511	0	0	0
0.0112998	0	0	0
0.0128	0	0	0
0.0132729	0	0	0
0.0133356	0	0	0
0.0159651	0	0	0
0.0163359	0	0	0
0.0183176	0	0.0825083	0
0.0188466	0	0.0825083	0
0.0203433	0.0825083	0	0
0.0204993	0.0825083	0	0
0.0298987	0.0825083	0	0
0.0340656	0.0825083	0	0
0.0342522	0.0825083	0.0825083	0
0.0356183	0.123762	0.165017	0
0.0408376	0.206271	0.0825083	0
0.0691573	0.288779	0	0
0.0878143	0.288779	0	0
0.0908715	0.288779	0.165017	0
0.0950648	0.371287	0.0825083	0
0.0978681	0.412541	0.165017	0
0.0984156	0.49505	0.0825083	0
0.111034	0.577558	0	0
0.118921	0.577558	0	0
0.141589	0.577558	0	0
0.143965	0.577558	0	0
0.14823	0.577558	0	0
0.150773	0.577558	0	0
0.163601	0.577558	0	0
0.170914	0.618812	0.0825083	0
0.172538	0.70132	0	0
0.179505	0.70132	0	0.273224
0.186494	0.742574	0.0825083	0.273224
0.19027	0.825082	0	0.273224
0.192292	0.866337	0.0825083	0.273224
0.192388	0.866337	0.165017	0.273224
0.192428	0.948845	0.0825083	0.273224
0.224755	1.03135	0	0.273224
0.237467	1.03135	0	0.546448
0.238302	1.03135	0	0.546448
0.24728	1.03135	0	0.819672
0.272774	1.03135	0	1.0929
0.272908	1.07261	0.0825083	1.0929
0.275592	1.07261	0.0825083	1.0929
0.308124	1.15512	0	1.0929
0.320142	1.15512	0	1.0929
0.321827	1.19637	0.0825083	1.0929
0.354293	1.27888	0	1.0929
0.368886	1.27888	0	1.0929
0.414657	1.27888	0	1.0929
0.415278	1.32013	0.0825083	1.0929
0.418113	1.40264	0	1.0929
0.41841	1.40264	0.0825083	1.0929
0.41954	1.48515	0	1.0929
0.43901	1.48515	0	1.0929
0.45659	1.48515	0	1.36612
0.464093	1.5264	0.0825083	1.36612
0.468574	1.5264	0.165017	1.36612
0.471869	1.60891	0.0825083	1.36612
0.479906	1.69142	0	1.36612
0.480121	1.73267	0.0825083	1.36612
0.480168	1.73267	0.0825083	1.36612
0.510674	1.81518	0	1.36612
0.511085	1.85644	0.0825083	1.36612
0.547037	1.93894	0	1.36612
0.559849	1.93894	0	1.36612
0.561962	1.9802	0.0825083	1.36612
0.567746	2.06271	0	1.36612
0.592088	2.06271	0	1.36612
0.598841	2.06271	0	1.63934
0.599774	2.06271	0.165017	1.63934
0.60046	2.14521	0.0825083	1.63934
0.602109	2.22772	0	1.63934
0.629216	2.22772	0	1.63934
0.661426	2.22772	0	1.63934
0.661501	2.22772	0	1.91257
0.677151	2.22772	0	2.18579
0.685416	2.22772	0	2.45902
0.686184	2.22772	0.165017	2.45902
0.690066	2.31023	0.0825083	2.45902
0.692179	2.39274	0	2.45902
0.692372	2.39274	0.165017	2.45902
0.692583	2.47525	0.0825083	2.45902
0.697328	2.55776	0	2.45902
0.705378	2.55776	0	2.45902
0.706342	2.59901	0.0825083	2.45902
0.713699	2.68152	0	2.45902
0.715375	2.68152	0	2.45902
0.715689	2.68152	0.165017	2.45902
0.718442	2.76403	0.0825083	2.45902
0.732923	2.84653	0	2.45902
0.761749	2.84653	0	2.73224
0.782748	2.84653	0	3.00546
0.821441	2.84653	0	3.27869
0.847676	2.84653	0	3.27869
0.864462	2.84653	0	3.27869
0.874037	2.84653	0	3.27869
0.883464	2.84653	0	3.55191
0.895443	2.84653	0	3.55191
0.895472	2.88779	0.0825083	3.55191
0.921024	2.9703	0	3.55191
0.924724	2.9703	0	3.55191
0.924927	2.9703	0.165017	3.55191
0.929708	3.05281	0.0825083	3.55191
0.97719	3.13531	0	3.55191
0.984327	3.17657	0.0825083	3.55191
0.993339	3.25908	0	3.55191
0.999705	3.25908	0	3.55191
1.0008	3.30033	0.0825083	3.55191
1.0051	3.34158	0.165017	3.55191
1.00617	3.42409	0.0825083	3.55191
1.0199	3.5066	0	3.55191
1.02105	3.5066	0	3.82514
1.03241	3.5066	0	4.09836
1.0337	3.54785	0.0825083	4.09836
1.04244	3.63036	0	4.09836
1.04332	3.67162	0.0825083	4.09836
1.07684	3.75413	0	4.09836
1.07765	3.75413	0	4.37158
1.07908	3.75413	0.165017	4.37158
1.08029	3.83663	0.0825083	4.37158
1.08372	3.83663	0.0825083	4.64481
1.08503	3.83663	0.247525	4.64481
1.08725	3.91914	0.165017	4.64481
1.0888	4.00165	0.0825083	4.64481
1.0909	4.08416	0	4.64481
1.09243	4.12541	0.0825083	4.64481
1.11393	4.20792	0	4.64481
1.13503	4.20792	0	4.91803
1.16224	4.20792	0	4.91803
1.20359	4.20792	0	4.91803
1.23283	4.20792	0	5.19126
1.23478	4.20792	0.0825083	5.19126
1.28836	4.29043	0	5.19126
1.29166	4.33168	0.0825083	5.19126
1.30036	4.41419	0	5.19126
1.30427	4.45545	0.0825083	5.19126
1.30561	4.53795	0	5.19126
1.30984	4.57921	0.0825083	5.19126
1.31511	4.66172	0	5.19126
1.31559	4.66172	0	5.19126
1.31769	4.70297	0.0825083	5.19126
1.31877	4.70297	0.0825083	5.46448
1.32153	4.70297	0.0825083	5.7377
1.38858	4.78548	0	5.7377
1.3893	4.78548	0	6.01093
1.39825	4.78548	0	6.28415
1.3984	4.78548	0.165017	6.28415
1.40054	4.86799	0.0825083	6.28415
1.45849	4.9505	0	6.28415
1.45922	4.9505	0.165017	6.28415
1.4599	5.033	0.0825083	6.28415
1.48131	5.11551	0	6.28415
1.54239	5.11551	0	6.55738
1.55001	5.11551	0	6.8306
1.55111	5.11551	0	7.10383
1.55586	5.11551	0.165017	7.10383
1.55804	5.19802	0.0825083	7.10383
1.57685	5.28053	0	7.10383
1.57697	5.32178	0.0825083	7.10383
1.58238	5.40429	0	7.10383
1.58606	5.44554	0.0825083	7.10383
1.59127	5.52805	0	7.10383
1.6148	5.52805	0	7.37705
1.61804	5.56931	0.0825083	7.37705
1.62837	5.65182	0	7.37705
1.63055	5.65182	0.165017	7.37705
1.63239	5.73432	0.0825083	7.37705
1.63387	5.81683	0	7.37705
1.63801	5.85809	0.0825083	7.37705
1.66056	5.94059	0	7.37705
1.69484	5.94059	0	7.65027
1.69532	5.94059	0.165017	7.65027
1.69536	6.0231	0.0825083	7.65027
1.71805	6.10561	0	7.65027
1.77832	6.10561	0	7.65027
1.79463	6.10561	0	7.9235
1.79495	6.10561	0.165017	7.9235
1.7971	6.18812	0.0825083	7.9235
1.80901	6.27063	0	7.9235
1.81235	6.27063	0	7.9235
1.81426	6.27063	0.165017	7.9235
1.8155	6.35314	0.0825083	7.9235
1.81667	6.43564	0	7.9235
1.8236	6.4769	0.0825083	7.9235
1.82865	6.55941	0	7.9235
1.83646	6.55941	0	8.19672
1.84021	6.55941	0	8.46994
1.85334	6.55941	0	8.46994
1.85492	6.60066	0.0825083	8.46994
1.858	6.68317	0	8.46994
1.85832	6.68317	0.165017	8.46994
1.86153	6.76568	0.0825083	8.46994
1.87692	6.84818	0	8.46994
1.87845	6.84818	0	8.74317
1.87849	6.84818	0.0825083	8.74317
1.87964	6.84818	0.0825083	8.74317
1.88021	6.93069	0	8.74317
1.88611	6.93069	0	8.74317
1.88774	6.93069	0.0825083	8.74317
1.89266	7.0132	0	8.74317
1.89659	7.0132	0	9.01639
1.9313	7.0132	0	9.28962
1.9552	7.0132	0	9.56284
1.9552	7.0132	0.0825083	9.56284
1.96937	7.09571	0	9.56284
1.96997	7.13696	0.0825083	9.56284
1.98573	7.21947	0	9.56284
1.98921	7.26073	0.0825083	9.56284
2.00946	7.34323	0	9.56284
2.01031	7.34323	0.165017	9.56284
2.01041	7.42574	0.0825083	9.56284
2.01658	7.50825	0	9.56284
2.01659	7.5495	0.0825083	9.56284
2.03941	7.63201	0	9.56284
2.03998	7.67327	0.0825083	9.56284
2.04036	7.75578	0	9.56284
2.05279	7.75578	0	9.83607
2.05478	7.79703	0.0825083	9.83607
2.08572	7.87954	0	9.83607
2.10121	7.87954	0	10.1093
2.11547	7.87954	0	10.3825
2.1197	7.87954	0	10.6557
2.15217	7.87954	0	10.6557
2.15295	7.92079	0.0825083	10.6557
2.16135	8.0033	0	10.6557
2.16414	8.0033	0.0825083	10.6557
2.18265	8.08581	0	10.6557
2.18507	8.12706	0.0825083	10.6557
2.23804	8.20957	0	10.6557
2.25384	8.20957	0	10.6557
2.25507	8.25082	0.0825083	10.6557
2.27271	8.33333	0	10.6557
2.27356	8.33333	0.0825083	10.6557
2.27851	8.41584	0	10.6557
2.28489	8.41584	0	10.929
2.29287	8.41584	0	11.2022
2.34048	8.41584	0	11.2022
2.34475	8.4571	0.0825083	11.2022
2.37878	8.5396	0	11.2022
2.37993	8.58086	0.0825083	11.2022
2.41797	8.66337	0	11.2022
2.41811	8.66337	0.165017	11.2022
2.4214	8.74587	0.0825083	11.2022
2.43374	8.82838	0	11.2022
2.44214	8.82838	0	11.4754
2.45508	8.82838	0	11.7486
2.45919	8.86964	0.0825083	11.7486
2.47453	8.95215	0	11.7486
2.47726	8.95215	0.165017	11.7486
2.47929	9.03465	0.0825083	11.7486
2.48364	9.03465	0.0825083	11.7486
2.51584	9.11716	0	11.7486
2.52588	9.11716	0	11.7486
2.53068	9.15842	0.0825083	11.7486
2.53396	9.24092	0	11.7486
2.54825	9.24092	0	12.0219
2.58812	9.24092	0	12.2951
2.58896	9.24092	0.0825083	12.2951
2.59098	9.32343	0	12.2951
2.59291	9.32343	0.165017	12.2951
2.59311	9.40594	0.0825083	12.2951
2.61517	9.48845	0	12.2951
2.6152	9.48845	0.0825083	12.2951
2.61726	9.48845	0.0825083	12.5683
2.62962	9.57096	0	12.5683
2.63982	9.57096	0	12.8415
2.64078	9.57096	0.165017	12.8415
2.64273	9.65347	0.0825083	12.8415
2.64425	9.73597	0	12.8415
2.64573	9.77723	0.0825083	12.8415
2.65318	9.85974	0	12.8415
2.65551	9.90099	0.0825083	12.8415
2.69321	9.9835	0	12.8415
2.69647	10.0248	0.0825083	12.8415
2.70808	10.1073	0	12.8415
2.70822	10.1485	0.0825083	12.8415
2.70934	10.231	0	12.8415
2.73163	10.231	0	13.1148
2.73393	10.231	0.165017	13.1148
2.73671	10.3135	0.0825083	13.1148
2.7409	10.396	0	13.1148
2.75371	10.396	0	13.388
2.75767	10.4373	0.0825083	13.388
2.79802	10.5198	0	13.388
2.80171	10.5198	0.0825083	13.388
2.82381	10.6023	0	13.388
2.9376	10.6023	0	13.6612
2.93934	10.6436	0.0825083	13.6612
2.9506	10.6436	0.0825083	13.9344
2.95425	10.7261	0	13.9344
2.98447	10.7261	0	14.2077
2.98545	10.7673	0.0825083	14.2077
3.02353	10.8498	0	14.2077
3.04675	10.8498	0	14.4809
3.0867	10.8498	0	14.4809
3.11704	10.8498	0	14.4809
3.13228	10.8498	0	14.7541
3.15743	10.8498	0	15.0273
3.16046	10.8911	0.0825083	15.0273
3.16063	10.8911	0.0825083	15.0273
3.17113	10.9736	0	15.0273
3.22889	10.9736	0	15.0273
3.23071	10.9736	0.165017	15.0273
3.23188	11.0561	0.0825083	15.0273
3.23275	11.0561	0.0825083	15.3005
3.24847	11.1386	0	15.3005
3.24857	11.1799	0.0825083	15.3005
3.26377	11.2624	0	15.3005
3.30515	11.2624	0	15.3005
3.30972	11.3036	0.0825083	15.3005
3.33393	11.3861	0	15.3005
3.35471	11.3861	0	15.5738
3.35623	11.4274	0.0825083	15.5738
3.3727	11.5099	0	15.5738
3.3758	11.5099	0.0825083	15.5738
3.41089	11.5924	0	15.5738
3.41122	11.5924	0.0825083	15.5738
3.43124	11.6749	0	15.5738
3.43472	11.7162	0.0825083	15.5738
3.44899	11.7987	0	15.5738
3.4504	11.8399	0.0825083	15.5738
3.45944	11.9224	0	15.5738
3.46646	11.9224	0	15.847
3.4693	11.9637	0.0825083	15.847
3.48401	12.0462	0	15.847
3.48753	12.0462	0	15.847
3.4885	12.0462	0.0825083	15.847
3.51073	12.1287	0	15.847
3.5179	12.1287	0	16.1202
3.51863	12.17	0.0825083	16.1202
3.53784	12.2525	0	16.1202
3.54243	12.2525	0	16.3934
3.60189	12.2525	0	16.9399
3.61707	12.2525	0	17.4863
3.62146	12.2937	0.0825083	17.4863
3.62173	12.2937	0.165017	17.4863
3.62396	12.3762	0.0825083	17.4863
3.63474	12.4587	0	17.4863
3.66075	12.4587	0	17.7596
3.66261	12.5	0.0825083	17.7596
3.71044	12.5825	0	17.7596
3.71318	12.5825	0	18.0328
3.71444	12.5825	0.165017	18.0328
3.71562	12.5825	0.165017	18.306
3.71563	12.665	0.0825083	18.306
3.74009	12.7475	0	18.306
3.78563	12.7475	0	18.5792
3.78645	12.7475	0.165017	18.5792
3.78656	12.83	0.0825083	18.5792
3.79455	12.9125	0	18.5792
3.81971	12.9125	0	18.5792
3.81978	12.9125	0	18.8525
3.82026	12.9125	0.0825083	18.8525
3.84641	12.995	0	18.8525
3.84644	12.995	0	19.1257
3.85072	13.0363	0.0825083	19.1257
3.87328	13.1188	0	19.1257
3.87405	13.1601	0.0825083	19.1257
3.88604	13.2426	0	19.1257
3.89264	13.2426	0	19.1257
3.90811	13.2426	0	19.3989
3.91108	13.2838	0.0825083	19.3989
3.92893	13.3663	0	19.3989
3.92893	13.3663	0.165017	19.3989
3.92933	13.3663	0.165017	19.6721
3.93001	13.4488	0.0825083	19.6721
3.94455	13.5314	0	19.6721
3.9531	13.5726	0.0825083	19.6721
3.954	13.6139	0.165017	19.6721
3.95434	13.6964	0.0825083	19.6721
3.97318	13.7789	0	19.6721
3.97929	13.8201	0.0825083	19.6721
3.98418	13.9026	0	19.6721
3.985	13.9026	0.165017	19.6721
3.99384	13.9851	0.0825083	19.6721
3.99422	14.0677	0	19.6721
3.99578	14.0677	0.0825083	19.6721
3.9962	14.0677	0.247525	19.6721
3.99657	14.1502	0.165017	19.6721
3.9981	14.2327	0.0825083	19.6721
4.02567	14.3152	0	19.6721
4.0275	14.3564	0.0825083	19.6721
4.04274	14.4389	0	19.6721
4.0432	14.4802	0.0825083	19.6721
4.05476	14.5627	0	19.6721
4.05735	14.5627	0	19.9454
4.06188	14.5627	0	20.2186
4.07626	14.5627	0	20.765
4.0795	14.5627	0	21.0383
4.08301	14.604	0.0825083	21.0383
4.08682	14.6865	0	21.0383
4.09996	14.6865	0	21.3115
4.12787	14.6865	0	21.5847
4.15356	14.6865	0	21.8579
4.17001	14.6865	0	22.1311
4.18998	14.6865	0	22.4044
4.19419	14.6865	0	22.6776
4.19571	14.6865	0	22.9508
4.19964	14.6865	0	23.224
4.21654	14.6865	0	23.4973
4.2428	14.6865	0	23.4973
4.34545	14.6865	0	23.7705
4.34626	14.7277	0.0825083	23.7705
4.34814	14.8102	0	23.7705
4.35083	14.8102	0	24.0437
4.35755	14.8102	0	24.0437
4.35967	14.8102	0.165017	24.0437
4.36582	14.8927	0.0825083	24.0437
4.37674	14.9752	0	24.0437
4.40666	14.9752	0	24.3169
4.41058	15.0165	0.0825083	24.3169
4.48398	15.099	0	24.3169
4.52882	15.099	0	24.5902
4.53247	15.1403	0.0825083	24.5902
4.5352	15.2228	0	24.5902
4.53728	15.2228	0.0825083	24.5902
4.55468	15.3053	0	24.5902
4.57246	15.3053	0	24.8634
4.57852	15.3465	0.0825083	24.8634
4.58087	15.429	0	24.8634
4.58448	15.4703	0.0825083	24.8634
4.60024	15.5528	0	24.8634
4.60592	15.5528	0.0825083	24.8634
4.6706	15.6353	0	24.8634
4.67381	15.6766	0.0825083	24.8634
4.67415	15.7591	0	24.8634
4.68906	15.7591	0	25.1366
4.68991	15.8003	0.0825083	25.1366
4.77851	15.8828	0	25.1366
4.78028	15.9241	0.0825083	25.1366
4.81483	16.0066	0	25.1366
4.85478	16.0066	0	25.4098
4.9132	16.0066	0	25.6831
4.91334	16.0066	0.165017	25.6831
4.91412	16.0891	0.0825083	25.6831
4.92758	16.1716	0	25.6831
4.92804	16.1716	0.165017	25.6831
4.93513	16.2541	0.0825083	25.6831
4.93896	16.2541	0.0825083	25.9563
4.9635	16.3366	0	25.9563
4.96675	16.3779	0.0825083	25.9563
5.00814	16.4604	0	25.9563
5.00944	16.4604	0.0825083	25.9563
5.00964	16.5016	0.165017	25.9563
5.01121	16.5842	0.0825083	25.9563
5.02255	16.6667	0	25.9563
5.07044	16.6667	0	26.5027
5.07449	16.7079	0.0825083	26.5027
5.1061	16.7904	0	26.5027
5.10857	16.7904	0.165017	26.5027
5.11189	16.8729	0.0825083	26.5027
5.13367	16.9554	0	26.5027
5.17941	16.9554	0	26.776
5.22224	16.9554	0	27.0492
5.22344	16.9967	0.0825083	27.0492
5.22732	17.0792	0	27.0492
5.2286	17.0792	0	27.3224
5.26034	17.0792	0	27.5956
5.30614	17.0792	0	27.8689
5.30819	17.1205	0.0825083	27.8689
5.34165	17.203	0	27.8689
5.35744	17.203	0	28.1421
5.35808	17.203	0.165017	28.1421
5.36039	17.2442	0.247525	28.1421
5.36056	17.3267	0.165017	28.1421
5.3635	17.4092	0.0825083	28.1421
5.40153	17.4917	0	28.1421
5.40336	17.533	0.0825083	28.1421
5.43038	17.6155	0	28.1421
5.43327	17.6155	0	28.4153
5.44612	17.6155	0	28.6885
5.49447	17.6155	0	28.9617
5.50154	17.6155	0.0825083	28.9617
5.51067	17.698	0	28.9617
5.51288	17.698	0.0825083	28.9617
5.5366	17.7805	0	28.9617
5.53732	17.7805	0.165017	28.9617
5.53789	17.8218	0.247525	28.9617
5.53922	17.9043	0.165017	28.9617
5.54435	17.9868	0.0825083	28.9617
5.55523	18.0693	0	28.9617
5.55629	18.0693	0.0825083	28.9617
5.55911	18.1518	0	28.9617
5.60508	18.1518	0	29.235
5.60572	18.1931	0.0825083	29.235
5.6543	18.2756	0	29.235
5.66789	18.2756	0	29.7814
5.67106	18.3168	0.0825083	29.7814
5.70477	18.3993	0	29.7814
5.70919	18.4406	0.0825083	29.7814
5.73259	18.5231	0	29.7814
5.75838	18.5231	0	30.3279
5.7589	18.5644	0.0825083	30.3279
5.76899	18.6469	0	30.3279
5.79605	18.6469	0	30.6011
5.80012	18.6881	0.0825083	30.6011
5.80216	18.7706	0	30.6011
5.90998	18.7706	0	30.8743
5.913	18.7706	0.0825083	30.8743
5.95609	18.8531	0	30.8743
6.00299	18.8531	0	31.1475
6.00688	18.8531	0.0825083	31.1475
6.01088	18.9356	0	31.1475
6.02991	18.9356	0	31.4208
6.03006	18.9769	0.0825083	31.4208
6.04193	19.0594	0	31.4208
6.04762	19.0594	0.165017	31.4208
6.04873	19.1419	0.0825083	31.4208
6.07494	19.2244	0	31.4208
6.07852	19.2657	0.0825083	31.4208
6.10599	19.3482	0	31.4208
6.11527	19.3482	0	31.694
6.23328	19.3482	0	31.9672
6.2334	19.3894	0.0825083	31.9672
6.24739	19.4719	0	31.9672
6.28651	19.4719	0	32.2404
6.28715	19.4719	0.165017	32.2404
6.28771	19.5545	0.0825083	32.2404
6.30033	19.637	0	32.2404
6.30635	19.6782	0.0825083	32.2404
6.32068	19.7607	0	32.2404
6.32222	19.7607	0.165017	32.2404
6.32252	19.8432	0.0825083	32.2404
6.38709	19.9257	0	32.2404
6.39374	19.9257	0	32.5137
6.39411	19.9257	0.0825083	32.5137
6.39432	20.0083	0	32.5137
6.39827	20.0495	0.0825083	32.5137
6.45533	20.132	0	32.5137
6.49068	20.132	0	32.7869
6.49086	20.132	0.0825083	32.7869
6.49886	20.2145	0	32.7869
6.5201	20.2145	0	33.0601
6.57334	20.2145	0	33.3333
6.58481	20.2145	0	33.6066
6.58721	20.2558	0.0825083	33.6066
6.58729	20.2558	0.0825083	33.6066
6.58984	20.2558	0.0825083	33.6066
6.60822	20.3383	0	33.6066
6.60988	20.3795	0.0825083	33.6066
6.61486	20.462	0	33.6066
6.62008	20.5033	0.0825083	33.6066
6.62092	20.5858	0	33.6066
6.62103	20.6271	0.0825083	33.6066
6.6308	20.7096	0	33.6066
6.65934	20.7096	0	33.8798
6.65968	20.7508	0.0825083	33.8798
6.67678	20.8333	0	33.8798
6.67711	20.8746	0.0825083	33.8798
6.70551	20.9571	0	33.8798
6.70738	20.9984	0.0825083	33.8798
6.72541	21.0809	0	33.8798
6.72834	21.1221	0.0825083	33.8798
6.73931	21.2046	0	33.8798
6.74067	21.2046	0.165017	33.8798
6.74096	21.2871	0.0825083	33.8798
6.7566	21.3696	0	33.8798
6.75787	21.3696	0.0825083	33.8798
6.77671	21.4521	0	33.8798
6.78122	21.4934	0.0825083	33.8798
6.78976	21.5759	0	33.8798
6.7931	21.5759	0.165017	33.8798
6.7939	21.6584	0.0825083	33.8798
6.82433	21.7409	0	33.8798
6.82611	21.7409	0.165017	33.8798
6.83437	21.8234	0.0825083	33.8798
6.9058	21.9059	0	33.8798
6.90762	21.9472	0.0825083	33.8798
6.94285	22.0297	0	33.8798
6.98385	22.0297	0	34.153
6.98538	22.071	0.0825083	34.153
7.02948	22.1535	0	34.153
7.03579	22.1535	0.0825083	34.153
7.06035	22.236	0	34.153
7.0604	22.236	0.165017	34.153
7.06046	22.3185	0.0825083	34.153
7.10184	22.401	0	34.153
7.12397	22.401	0	34.4262
7.13008	22.401	0	34.6995
7.1725	22.401	0	35.2459
7.1792	22.4422	0.0825083	35.2459
7.20773	22.5248	0	35.2459
7.21185	22.5248	0.165017	35.2459
7.2151	22.6073	0.0825083	35.2459
7.23188	22.6898	0	35.2459
7.23312	22.731	0.0825083	35.2459
7.23609	22.7723	0.165017	35.2459
7.23654	22.8548	0.0825083	35.2459
7.24453	22.9373	0	35.2459
7.24757	22.9785	0.0825083	35.2459
7.28477	23.0611	0	35.2459
7.28638	23.1023	0.0825083	35.2459
7.30466	23.1848	0	35.2459
7.30699	23.2261	0.0825083	35.2459
7.31589	23.3086	0	35.2459
7.36935	23.3086	0	35.5191
7.37036	23.3498	0.0825083	35.5191
7.37816	23.4323	0	35.5191
7.3804	23.4736	0.0825083	35.5191
7.387	23.5561	0	35.5191
7.40125	23.5561	0	35.5191
7.4058	23.5974	0.0825083	35.5191
7.41	23.6799	0	35.5191
7.41022	23.6799	0.0825083	35.5191
7.41722	23.7624	0	35.5191
7.42219	23.7624	0.0825083	35.5191
7.4321	23.8449	0	35.5191
7.45554	23.8449	0	36.0656
7.46349	23.8861	0.0825083	36.0656
7.4681	23.9686	0	36.0656
7.47083	24.0099	0.0825083	36.0656
7.52526	24.0924	0	36.0656
7.52616	24.1337	0.0825083	36.0656
7.5356	24.2162	0	36.0656
7.54636	24.2162	0	36.3388
7.55075	24.2574	0.0825083	36.3388
7.55148	24.3399	0	36.3388
7.55394	24.3399	0.165017	36.3388
7.55958	24.4224	0.0825083	36.3388
7.62923	24.5049	0	36.3388
7.66328	24.5049	0	36.612
7.82958	24.5049	0	36.8852
7.8297	24.5049	0.165017	36.8852
7.83219	24.5875	0.0825083	36.8852
7.8362	24.67	0	36.8852
7.83651	24.7112	0.0825083	36.8852
7.84375	24.7937	0	36.8852
7.84476	24.835	0.0825083	36.8852
7.8955	24.9175	0	36.8852
7.89574	24.9175	0	37.1585
7.89612	24.9587	0.0825083	37.1585
7.89632	24.9587	0.247525	37.1585
7.89674	25.0413	0.165017	37.1585
7.89712	25.0413	0.247525	37.1585
7.89761	25.1238	0.165017	37.1585
7.89774	25.2063	0.0825083	37.1585
7.90014	25.2888	0	37.1585
7.91309	25.2888	0	37.1585
7.91494	25.2888	0.0825083	37.1585
7.94039	25.3713	0	37.1585
7.96155	25.3713	0	37.4317
7.96826	25.3713	0	37.9781
8.005	25.3713	0	37.9781
8.01498	25.3713	0	38.2514
8.04382	25.3713	0	38.2514
8.05277	25.3713	0	38.7978
8.05424	25.4125	0.0825083	38.7978
8.06359	25.4951	0	38.7978
8.10649	25.4951	0	39.3443
8.12671	25.4951	0	39.6175
8.13316	25.4951	0.165017	39.6175
8.13479	25.5776	0.0825083	39.6175
8.14257	25.6601	0	39.6175
8.14371	25.6601	0.165017	39.6175
8.14696	25.6601	0.165017	39.8907
8.14717	25.7426	0.0825083	39.8907
8.16911	25.8251	0	39.8907
8.18785	25.8251	0	40.1639
8.19007	25.8251	0	40.4372
8.19133	25.8251	0	40.7104
8.1944	25.8663	0.0825083	40.7104
8.19635	25.9076	0.165017	40.7104
8.19683	25.9901	0.0825083	40.7104
8.20433	26.0726	0	40.7104
8.20692	26.1139	0.0825083	40.7104
8.21336	26.1964	0	40.7104
8.2143	26.1964	0.165017	40.7104
8.2149	26.2789	0.0825083	40.7104
8.21961	26.3614	0	40.7104
8.22301	26.3614	0	41.2568
8.22321	26.4026	0.0825083	41.2568
8.23387	26.4851	0	41.2568
8.23492	26.4851	0.0825083	41.2568
8.35752	26.5677	0	41.2568
8.3876	26.5677	0	41.5301
8.39307	26.5677	0	42.0765
8.39777	26.5677	0.165017	42.0765
8.3997	26.6502	0.0825083	42.0765
8.41866	26.7327	0	42.0765
8.42485	26.7327	0.0825083	42.0765
8.43161	26.7327	0.0825083	42.3497
8.44004	26.8152	0	42.3497
8.4411	26.8152	0.0825083	42.3497
8.45609	26.8977	0	42.3497
8.46048	26.8977	0.165017	42.3497
8.46094	26.9802	0.0825083	42.3497
8.48982	27.0627	0	42.3497
8.49237	27.0627	0.0825083	42.3497
8.49678	27.1452	0	42.3497
8.49881	27.1452	0	42.623
8.50284	27.1865	0.0825083	42.623
8.52861	27.269	0	42.623
8.52989	27.3102	0.0825083	42.623
8.55087	27.3927	0	42.623
8.61219	27.3927	0	42.8962
8.64488	27.3927	0	43.1694
8.64747	27.3927	0.165017	43.1694
8.64811	27.4752	0.0825083	43.1694
8.74935	27.5578	0	43.1694
8.75054	27.599	0.0825083	43.1694
8.77503	27.6815	0	43.1694
8.77668	27.7228	0.0825083	43.1694
8.78541	27.8053	0	43.1694
8.78888	27.8053	0.165017	43.1694
8.7941	27.8878	0.0825083	43.1694
8.86142	27.9703	0	43.1694
8.86281	28.0116	0.0825083	43.1694
8.89764	28.0941	0	43.1694
8.91081	28.0941	0	43.4426
8.91229	28.0941	0.165017	43.4426
8.91899	28.1766	0.0825083	43.4426
8.95615	28.2591	0	43.4426
8.95857	28.3003	0.0825083	43.4426
9.06108	28.3828	0	43.4426
9.06232	28.4241	0.0825083	43.4426
9.08568	28.5066	0	43.4426
9.09109	28.5479	0.0825083	43.4426
9.09679	28.6304	0	43.4426
9.09763	28.6716	0.0825083	43.4426
9.1087	28.7541	0	43.4426
9.10968	28.7954	0.0825083	43.4426
9.13286	28.8779	0	43.4426
9.15725	28.8779	0	43.7158
9.15868	28.9191	0.0825083	43.7158
9.16572	29.0016	0	43.7158
9.16602	29.0016	0.165017	43.7158
9.16689	29.0842	0.0825083	43.7158
9.20985	29.1667	0	43.7158
9.21704	29.2079	0.0825083	43.7158
9.24255	29.2904	0	43.7158
9.25138	29.2904	0	43.9891
9.25782	29.2904	0.0825083	43.9891
9.27554	29.3729	0	43.9891
9.27665	29.4142	0.0825083	43.9891
9.29498	29.4967	0	43.9891
9.29518	29.538	0.0825083	43.9891
9.29656	29.5792	0.165017	43.9891
9.29706	29.6617	0.0825083	43.9891
9.30564	29.7442	0	43.9891
9.3459	29.7442	0	44.2623
9.34619	29.7442	0.165017	44.2623
9.34626	29.8267	0.0825083	44.2623
9.36254	29.9092	0	44.2623
9.36369	29.9505	0.0825083	44.2623
9.36759	30.033	0	44.2623
9.36853	30.033	0.0825083	44.2623
9.42309	30.1155	0	44.2623
9.42671	30.1568	0.0825083	44.2623
9.47343	30.2393	0	44.2623
9.48161	30.2393	0	44.5355
9.48277	30.2393	0	44.8087
9.54009	30.2393	0	45.082
9.55094	30.2393	0	45.3552
9.56016	30.2393	0.0825083	45.3552
9.57239	30.3218	0	45.3552
9.57504	30.363	0.0825083	45.3552
9.62597	30.4455	0	45.3552
9.64578	30.4455	0	45.6284
9.64637	30.4455	0.165017	45.6284
9.64719	30.5281	0.0825083	45.6284
9.64727	30.5281	0.0825083	45.6284
9.6981	30.6106	0	45.6284
9.70399	30.6518	0.0825083	45.6284
9.75037	30.7343	0	45.6284
9.75072	30.7756	0.0825083	45.6284
9.78376	30.8581	0	45.6284
9.78993	30.8581	0.0825083	45.6284
9.84374	30.9406	0	45.6284
9.84494	30.9406	0.0825083	45.6284
9.84794	31.0231	0	45.6284
9.84897	31.0231	0.165017	45.6284
9.86284	31.1056	0.0825083	45.6284
9.86643	31.1881	0	45.6284
9.86821	31.2294	0.0825083	45.6284
9.8747	31.3119	0	45.6284
9.87685	31.3531	0.0825083	45.6284
9.89724	31.4356	0	45.6284
9.90503	31.4356	0	45.9016
9.90687	31.4769	0.0825083	45.9016
9.91882	31.5594	0	45.9016
9.97516	31.5594	0	46.1749
9.98273	31.5594	0	46.4481
9.98321	31.5594	0.165017	46.4481
9.98439	31.6419	0.0825083	46.4481
10.0035	31.7244	0	46.4481
10.0046	31.7657	0.0825083	46.4481
10.0278	31.8482	0	46.4481
10.0288	31.8482	0.165017	46.4481
10.0316	31.9307	0.0825083	46.4481
10.0826	32.0132	0	46.4481
10.1022	32.0132	0	46.7213
10.1029	32.0545	0.0825083	46.7213
10.1282	32.137	0	46.7213
10.1299	32.137	0.165017	46.7213
10.1306	32.1782	0.247525	46.7213
10.131	32.2607	0.165017	46.7213
10.1316	32.3432	0.0825083	46.7213
10.1958	32.4257	0	46.7213
10.1966	32.467	0.0825083	46.7213
10.2297	32.5495	0	46.7213
10.2332	32.5495	0.0825083	46.7213
10.2388	32.5908	0.165017	46.7213
10.2389	32.6733	0.0825083	46.7213
10.3277	32.7558	0	46.7213
10.3584	32.7558	0	46.9945
10.3759	32.7558	0	47.2678
10.3893	32.7558	0	47.541
10.3894	32.7558	0.165017	47.541
10.3902	32.8383	0.0825083	47.541
10.3924	32.9208	0	47.541
10.3956	32.9208	0	47.8142
10.4046	32.962	0.0825083	47.8142
10.4047	32.962	0.0825083	48.0874
10.4056	33.0446	0	48.0874
10.4099	33.0858	0.0825083	48.0874
10.4394	33.1683	0	48.0874
10.4425	33.2096	0.0825083	48.0874
10.4452	33.2921	0	48.0874
10.446	33.3333	0.0825083	48.0874
10.5821	33.4158	0	48.0874
10.5847	33.4158	0	48.3607
10.6107	33.4158	0	48.9071
10.6136	33.4158	0.0825083	48.9071
10.6282	33.4983	0	48.9071
10.6353	33.4983	0	49.1803
10.6355	33.5396	0.0825083	49.1803
10.6951	33.6221	0	49.1803
10.6975	33.6634	0.0825083	49.1803
10.7106	33.7459	0	49.1803
10.7112	33.7459	0.0825083	49.1803
10.808	33.8284	0	49.1803
10.8155	33.8284	0.165017	49.1803
10.8158	33.9109	0.0825083	49.1803
10.8196	33.9934	0	49.1803
10.8308	33.9934	0	49.1803
10.8604	33.9934	0	49.4536
10.8636	34.0347	0.0825083	49.4536
10.8989	34.1172	0	49.4536
10.9664	34.1172	0	49.7268
10.9979	34.1172	0	50
11.0317	34.1172	0	50.2732
11.0345	34.1584	0.0825083	50.2732
11.043	34.2409	0	50.2732
11.0465	34.2409	0.165017	50.2732
11.0472	34.3234	0.0825083	50.2732
11.0547	34.4059	0	50.2732
11.0552	34.4472	0.0825083	50.2732
11.1068	34.5297	0	50.2732
11.1075	34.5297	0.165017	50.2732
11.1079	34.6122	0.0825083	50.2732
11.1271	34.6947	0	50.2732
11.1279	34.6947	0.165017	50.2732
11.1353	34.7772	0.0825083	50.2732
11.1781	34.8597	0	50.2732
11.1802	34.901	0.0825083	50.2732
11.1889	34.9835	0	50.2732
11.1905	35.0248	0.0825083	50.2732
11.2333	35.1073	0	50.2732
11.2342	35.1485	0.0825083	50.2732
11.2418	35.231	0	50.2732
11.2446	35.231	0.0825083	50.2732
11.279	35.3135	0	50.2732
11.2793	35.3548	0.0825083	50.2732
11.3111	35.4373	0	50.2732
11.3149	35.4785	0.0825083	50.2732
11.3202	35.5611	0	50.2732
11.3251	35.5611	0	50.5464
11.4504	35.5611	0	50.8197
11.5605	35.5611	0	51.0929
11.5678	35.6023	0.0825083	51.0929
11.5836	35.6848	0	51.0929
11.5902	35.6848	0	51.3661
11.6253	35.6848	0	51.9126
11.6285	35.6848	0	52.1858
11.633	35.7261	0.0825083	52.1858
11.6582	35.8086	0	52.1858
11.6681	35.8086	0	52.459
11.6688	35.8498	0.0825083	52.459
11.6841	35.9323	0	52.459
11.7093	35.9323	0	52.7322
11.716	35.9323	0	53.0055
11.8722	35.9323	0	53.5519
11.8897	35.9323	0	53.8251
11.8898	35.9323	0.165017	53.8251
11.8913	36.0149	0.0825083	53.8251
11.9133	36.0974	0	53.8251
11.9143	36.0974	0.165017	53.8251
11.9149	36.1799	0.0825083	53.8251
11.9287	36.2624	0	53.8251
12.0202	36.2624	0	54.0984
12.0235	36.2624	0.0825083	54.0984
12.0546	36.3449	0	54.0984
12.0552	36.3861	0.0825083	54.0984
12.0773	36.4686	0	54.0984
12.0794	36.5099	0.0825083	54.0984
12.1349	36.5924	0	54.0984
12.1355	36.6337	0.0825083	54.0984
12.1589	36.7162	0	54.0984
12.1639	36.7574	0.0825083	54.0984
12.1735	36.8399	0	54.0984
12.1743	36.8399	0.165017	54.0984
12.177	36.9224	0.0825083	54.0984
12.1778	36.9224	0.247525	54.0984
12.179	37.005	0.165017	54.0984
12.1831	37.0875	0.0825083	54.0984
12.3131	37.17	0	54.0984
12.3157	37.17	0.165017	54.0984
12.3176	37.2525	0.0825083	54.0984
12.3307	37.335	0	54.0984
12.3334	37.3762	0.0825083	54.0984
12.4176	37.4587	0	54.0984
12.4181	37.4587	0.0825083	54.0984
12.4187	37.4587	0.0825083	54.3716
12.4276	37.5413	0	54.3716
12.4297	37.5825	0.0825083	54.3716
12.4829	37.665	0	54.3716
12.4836	37.665	0.165017	54.3716
12.4847	37.7475	0.0825083	54.3716
12.6013	37.83	0	54.3716
12.6022	37.83	0.0825083	54.3716
12.6048	37.9125	0	54.3716
12.6051	37.9538	0.0825083	54.3716
12.6202	38.0363	0	54.3716
12.6213	38.0776	0.0825083	54.3716
12.6815	38.1601	0	54.3716
12.6864	38.2013	0.0825083	54.3716
12.7029	38.2838	0	54.3716
12.7033	38.3251	0.0825083	54.3716
12.7046	38.3251	0.247525	54.3716
12.7051	38.4076	0.165017	54.3716
12.7055	38.4901	0.0825083	54.3716
12.7545	38.5726	0	54.3716
12.7569	38.6139	0.0825083	54.3716
12.7862	38.6964	0	54.3716
12.7885	38.7376	0.0825083	54.3716
12.8168	38.8201	0	54.3716
12.875	38.8201	0	54.6448
12.878	38.8201	0.165017	54.6448
12.8837	38.9026	0.0825083	54.6448
12.9024	38.9851	0	54.6448
12.9042	38.9851	0.0825083	54.6448
12.9704	39.0677	0	54.6448
13.0408	39.0677	0	54.918
13.0416	39.1089	0.0825083	54.918
13.0897	39.1914	0	54.918
13.0898	39.2327	0.0825083	54.918
13.145	39.3152	0	54.918
13.1545	39.3152	0	55.1913
13.1549	39.3564	0.0825083	55.1913
13.1704	39.4389	0	55.1913
13.2127	39.4389	0	55.4645
13.2161	39.4802	0.0825083	55.4645
13.2402	39.5627	0	55.4645
13.2411	39.5627	0.165017	55.4645
13.2468	39.6452	0.0825083	55.4645
13.2736	39.7277	0	55.4645
13.279	39.7277	0.0825083	55.4645
13.2801	39.8102	0	55.4645
13.2896	39.8515	0.0825083	55.4645
13.2966	39.934	0	55.4645
13.3221	39.934	0	56.0109
13.3231	39.9752	0.0825083	56.0109
13.3617	40.0578	0	56.0109
13.3648	40.099	0.0825083	56.0109
13.395	40.1815	0	56.0109
13.3973	40.1815	0	56.2842
13.4056	40.2228	0.0825083	56.2842
13.4153	40.3053	0	56.2842
13.4182	40.3465	0.0825083	56.2842
13.4337	40.429	0	56.2842
13.4345	40.429	0.165017	56.2842
13.4349	40.5116	0.0825083	56.2842
13.4359	40.5941	0	56.2842
13.4379	40.6353	0.0825083	56.2842
13.4594	40.7178	0	56.2842
13.4602	40.7591	0.0825083	56.2842
13.4651	40.7591	0.0825083	56.5574
13.4775	40.8416	0	56.5574
13.4836	40.8416	0	57.1038
13.4849	40.8828	0.0825083	57.1038
13.5156	40.9653	0	57.1038
13.5181	41.0066	0.0825083	57.1038
13.5468	41.0891	0	57.1038
13.5507	41.0891	0.165017	57.1038
13.5522	41.1716	0.0825083	57.1038
13.5736	41.2541	0	57.1038
13.5874	41.2541	0	57.377
13.5941	41.2954	0.0825083	57.377
13.771	41.3779	0	57.377
13.7712	41.3779	0.165017	57.377
13.7727	41.4604	0.0825083	57.377
13.8365	41.5429	0	57.377
13.8486	41.5429	0	57.9235
13.8657	41.5429	0	58.1967
13.8883	41.5429	0	58.7432
13.937	41.5429	0	59.0164
13.9524	41.5429	0	59.2896
13.9538	41.5842	0.0825083	59.2896
13.9653	41.6667	0	59.2896
13.9654	41.7079	0.0825083	59.2896
13.9667	41.7904	0	59.2896
13.9816	41.7904	0	59.5628
13.9825	41.8317	0.0825083	59.5628
14.0538	41.9142	0	59.5628
14.0584	41.9554	0.0825083	59.5628
14.074	42.038	0	59.5628
14.0757	42.0792	0.0825083	59.5628
14.0987	42.1617	0	59.5628
14.0992	42.1617	0.165017	59.5628
14.1013	42.2442	0.0825083	59.5628
14.2721	42.3267	0	59.5628
14.2752	42.368	0.0825083	59.5628
14.314	42.4505	0	59.5628
14.3159	42.4505	0	59.8361
14.3169	42.4505	0.0825083	59.8361
14.3511	42.533	0	59.8361
14.3525	42.5743	0.0825083	59.8361
14.3535	42.6155	0.165017	59.8361
14.3536	42.6568	0.247525	59.8361
14.3539	42.7393	0.165017	59.8361
14.354	42.8218	0.0825083	59.8361
14.3609	42.9043	0	59.8361
14.3616	42.9455	0.0825083	59.8361
14.3821	43.0281	0	59.8361
14.3822	43.0281	0.165017	59.8361
14.3845	43.1106	0.0825083	59.8361
14.3941	43.1931	0	59.8361
14.3965	43.1931	0.165017	59.8361
14.4014	43.2756	0.0825083	59.8361
14.4449	43.3581	0	59.8361
14.5036	43.3581	0	60.3825
14.5092	43.3993	0.0825083	60.3825
14.5454	43.4818	0	60.3825
14.6869	43.4818	0	60.929
14.7636	43.4818	0	61.2022
14.7642	43.4818	0.165017	61.2022
14.7664	43.5644	0.0825083	61.2022
14.7964	43.6469	0	61.2022
14.7998	43.6469	0.0825083	61.2022
14.8236	43.7294	0	61.2022
14.8284	43.7294	0	61.7486
14.8318	43.7706	0.0825083	61.7486
14.8462	43.8531	0	61.7486
14.847	43.8531	0.165017	61.7486
14.8499	43.9356	0.0825083	61.7486
14.8709	44.0182	0	61.7486
14.8761	44.0182	0.0825083	61.7486
14.8877	44.1007	0	61.7486
14.8884	44.1007	0.165017	61.7486
14.8902	44.1832	0.0825083	61.7486
14.9699	44.2657	0	61.7486
14.971	44.2657	0.165017	61.7486
14.9724	44.3482	0.0825083	61.7486
14.9739	44.4307	0	61.7486
15.0337	44.4307	0	62.0219
15.0715	44.4307	0	62.5683
15.0756	44.4307	0.0825083	62.5683
15.1282	44.5132	0	62.5683
15.1285	44.5132	0.0825083	62.5683
15.1802	44.5957	0	62.5683
15.1817	44.5957	0.165017	62.5683
15.1821	44.6782	0.0825083	62.5683
15.2276	44.7607	0	62.5683
15.2347	44.7607	0	62.8415
15.2348	44.802	0.0825083	62.8415
15.2872	44.8845	0	62.8415
15.2881	44.9257	0.0825083	62.8415
15.2963	45.0083	0	62.8415
15.3005	45.0495	0.0825083	62.8415
15.3067	45.132	0	62.8415
15.3078	45.132	0.165017	62.8415
15.309	45.2145	0.0825083	62.8415
15.3316	45.297	0	62.8415
15.3544	45.297	0	63.1148
15.3546	45.3383	0.0825083	63.1148
15.3667	45.4208	0	63.1148
15.3687	45.462	0.0825083	63.1148
15.3972	45.5446	0	63.1148
15.3987	45.5858	0.0825083	63.1148
15.4832	45.6683	0	63.1148
15.4915	45.6683	0	63.388
15.5524	45.6683	0	63.9344
15.5562	45.7096	0.0825083	63.9344
15.5709	45.7921	0	63.9344
15.5738	45.7921	0.0825083	63.9344
15.5803	45.8746	0	63.9344
15.6251	45.8746	0	64.2076
15.6252	45.8746	0.0825083	64.2076
15.7225	45.9571	0	64.2076
15.7246	45.9571	0.0825083	64.2076
15.7494	46.0396	0	64.2076
15.7499	46.0809	0.0825083	64.2076
15.7708	46.1634	0	64.2076
15.7709	46.2046	0.0825083	64.2076
15.7718	46.2871	0	64.2076
15.8094	46.2871	0	64.4809
15.8095	46.3284	0.0825083	64.4809
15.8253	46.4109	0	64.4809
15.8272	46.4521	0.0825083	64.4809
15.855	46.5347	0	64.4809
15.8554	46.5759	0.0825083	64.4809
15.8745	46.6584	0	64.4809
15.8805	46.6997	0.0825083	64.4809
16.0242	46.7822	0	64.4809
16.0279	46.7822	0.165017	64.4809
16.0282	46.8647	0.0825083	64.4809
16.0445	46.9472	0	64.4809
16.0446	46.9884	0.0825083	64.4809
16.0659	47.071	0	64.4809
16.07	47.1122	0.0825083	64.4809
16.085	47.1947	0	64.4809
16.0906	47.1947	0.0825083	64.4809
16.1421	47.2772	0	64.4809
16.2061	47.2772	0	64.7541
16.21	47.3185	0.0825083	64.7541
16.2149	47.401	0	64.7541
16.2149	47.4422	0.0825083	64.7541
16.2206	47.5248	0	64.7541
16.2261	47.5248	0.0825083	64.7541
16.2627	47.6073	0	64.7541
16.2653	47.6485	0.0825083	64.7541
16.3275	47.731	0	64.7541
16.3278	47.731	0.0825083	64.7541
16.3999	47.8135	0	64.7541
16.4038	47.8548	0.0825083	64.7541
16.4173	47.9373	0	64.7541
16.419	47.9373	0.0825083	64.7541
16.4967	48.0198	0	64.7541
16.5248	48.0198	0	65.3005
16.553	48.0198	0	65.5738
16.554	48.0198	0.165017	65.5738
16.5573	48.1023	0.0825083	65.5738
16.5684	48.1848	0	65.5738
16.7018	48.1848	0	65.847
16.7034	48.2261	0.0825083	65.847
16.7077	48.3086	0	65.847
16.709	48.3498	0.0825083	65.847
16.7153	48.4323	0	65.847
16.7193	48.4736	0.0825083	65.847
16.7202	48.5561	0	65.847
16.7207	48.5974	0.0825083	65.847
16.7247	48.6799	0	65.847
16.7279	48.7211	0.0825083	65.847
16.74	48.8036	0	65.847
16.743	48.8036	0.0825083	65.847
16.7515	48.8861	0	65.847
16.7558	48.8861	0.0825083	65.847
16.7597	48.9686	0	65.847
16.7619	48.9686	0.0825083	65.847
16.8017	49.0512	0	65.847
16.8039	49.0924	0.0825083	65.847
16.8453	49.1749	0	65.847
16.8466	49.1749	0.0825083	65.847
16.847	49.2574	0	65.847
16.8496	49.2574	0.0825083	65.847
16.8505	49.3399	0	65.847
16.8576	49.3812	0.0825083	65.847
16.9055	49.4637	0	65.847
16.9056	49.4637	0.165017	65.847
16.9088	49.5462	0.0825083	65.847
16.921	49.6287	0	65.847
16.9489	49.6287	0	66.1202
16.9519	49.6287	0	66.3934
16.9521	49.67	0.0825083	66.3934
16.9674	49.7525	0	66.3934
16.9681	49.7937	0.0825083	66.3934
16.9786	49.8762	0	66.3934
16.9795	49.8762	0.165017	66.3934
16.9801	49.9587	0.0825083	66.3934
16.9959	50.0413	0	66.3934
16.9972	50.0413	0.165017	66.3934
16.9976	50.1238	0.0825083	66.3934
17.007	50.2063	0	66.3934
17.0089	50.2475	0.0825083	66.3934
17.1569	50.33	0	66.3934
17.164	50.3713	0.0825083	66.3934
17.2354	50.4538	0	66.3934
17.2366	50.4538	0.165017	66.3934
17.2368	50.5363	0.0825083	66.3934
17.2693	50.6188	0	66.3934
17.2716	50.6601	0.0825083	66.3934
17.3137	50.7426	0	66.3934
17.3159	50.7838	0.0825083	66.3934
17.3845	50.8663	0	66.3934
17.4014	50.8663	0	66.6667
17.4054	50.8663	0	66.9399
17.4064	50.9076	0.0825083	66.9399
17.4129	50.9901	0	66.9399
17.4168	51.0314	0.0825083	66.9399
17.4402	51.1139	0	66.9399
17.512	51.1139	0	67.4863
17.5354	51.1139	0	67.7596
17.5381	51.1551	0.0825083	67.7596
17.5511	51.2376	0	67.7596
17.5517	51.2789	0.0825083	67.7596
17.5941	51.3614	0	67.7596
17.6393	51.3614	0	68.0328
17.6394	51.4026	0.0825083	68.0328
17.7604	51.4851	0	68.0328
17.7669	51.5264	0.0825083	68.0328
17.7976	51.6089	0	68.0328
17.7986	51.6089	0.0825083	68.0328
17.8405	51.6914	0	68.0328
17.8414	51.6914	0.165017	68.0328
17.8484	51.7739	0.0825083	68.0328
17.9825	51.8564	0	68.0328
17.9864	51.8564	0.0825083	68.0328
18.0333	51.9389	0	68.0328
18.0576	51.9389	0	68.5792
18.0808	51.9389	0	69.1257
18.0808	51.9802	0.0825083	69.1257
18.1039	52.0627	0	69.1257
18.1091	52.0627	0.165017	69.1257
18.1135	52.1452	0.0825083	69.1257
18.1821	52.2277	0	69.1257
18.1835	52.2277	0.165017	69.1257
18.1836	52.3102	0.0825083	69.1257
18.2369	52.3927	0	69.1257
18.2865	52.3927	0	69.6721
18.2865	52.3927	0.165017	69.6721
18.2894	52.4752	0.0825083	69.6721
18.3188	52.5578	0	69.6721
18.3196	52.5578	0.165017	69.6721
18.3196	52.6403	0.0825083	69.6721
18.4383	52.7228	0	69.6721
18.44	52.764	0.0825083	69.6721
18.5781	52.8465	0	69.6721
18.5781	52.8878	0.0825083	69.6721
18.6312	52.9703	0	69.6721
18.6317	52.9703	0.0825083	69.6721
18.6447	53.0528	0	69.6721
18.6515	53.0528	0	70.2186
18.6522	53.0941	0.0825083	70.2186
18.8648	53.1766	0	70.2186
18.8648	53.2178	0.0825083	70.2186
18.8655	53.2591	0.165017	70.2186
18.8658	53.3416	0.0825083	70.2186
18.8813	53.4241	0	70.2186
18.8901	53.4653	0.0825083	70.2186
18.945	53.5479	0	70.2186
18.9465	53.5891	0.0825083	70.2186
19.0127	53.6716	0	70.2186
19.0227	53.7129	0.0825083	70.2186
19.0783	53.7954	0	70.2186
19.084	53.8366	0.0825083	70.2186
19.119	53.9191	0	70.2186
19.1191	53.9604	0.0825083	70.2186
19.1251	54.0429	0	70.2186
19.1315	54.0429	0	70.4918
19.2431	54.0429	0	70.765
19.2469	54.0842	0.0825083	70.765
19.3114	54.1667	0	70.765
19.3494	54.1667	0	71.0383
19.4192	54.1667	0	71.3115
19.4285	54.2079	0.0825083	71.3115
19.45	54.2904	0	71.3115
19.4513	54.2904	0	71.3115
19.4522	54.2904	0.0825083	71.3115
19.6617	54.3729	0	71.3115
19.7016	54.3729	0	71.8579
19.7083	54.4142	0.0825083	71.8579
19.7709	54.4967	0	71.8579
19.7764	54.538	0.0825083	71.8579
19.8252	54.6205	0	71.8579
20.01	54.6205	0	72.1311
20.0102	54.6617	0.0825083	72.1311
20.0776	54.7442	0	72.1311
20.0784	54.7855	0.0825083	72.1311
20.0849	54.868	0	72.1311
20.0859	54.9092	0.0825083	72.1311
20.1028	54.9917	0	72.1311
20.1029	54.9917	0.165017	72.1311
20.1066	55.0743	0.0825083	72.1311
20.1076	55.1568	0	72.1311
20.1125	55.1568	0.0825083	72.1311
20.1137	55.1568	0.0825083	72.4044
20.1186	55.2393	0	72.4044
20.1191	55.2805	0.0825083	72.4044
20.1323	55.363	0	72.4044
20.133	55.363	0.165017	72.4044
20.1421	55.4455	0.0825083	72.4044
20.1879	55.5281	0	72.4044
20.1921	55.5693	0.0825083	72.4044
20.2161	55.6518	0	72.4044
20.2197	55.6518	0.0825083	72.4044
20.2198	55.7343	0	72.4044
20.2229	55.7756	0.0825083	72.4044
20.2331	55.8581	0	72.4044
20.2931	55.8581	0	72.6776
20.2967	55.8993	0.0825083	72.6776
20.3843	55.9818	0	72.6776
20.3935	55.9818	0	73.224
20.3959	56.0231	0.0825083	73.224
20.4079	56.1056	0	73.224
20.4174	56.1469	0.0825083	73.224
20.426	56.2294	0	73.224
20.4269	56.2706	0.0825083	73.224
20.625	56.3531	0	73.224
20.6268	56.3531	0.0825083	73.224
20.6327	56.4356	0	73.224
20.6338	56.4769	0.0825083	73.224
20.6401	56.4769	0.0825083	73.4973
20.6737	56.5594	0	73.4973
20.6751	56.6007	0.0825083	73.4973
20.676	56.6007	0.0825083	73.7705
20.7138	56.6832	0	73.7705
20.7141	56.7244	0.0825083	73.7705
20.7313	56.8069	0	73.7705
20.7359	56.8069	0.0825083	73.7705
20.7398	56.8894	0	73.7705
20.7413	56.8894	0.165017	73.7705
20.7417	56.9719	0.0825083	73.7705
20.8604	57.0545	0	73.7705
20.8615	57.0545	0.0825083	73.7705
20.9055	57.137	0	73.7705
20.9068	57.1782	0.0825083	73.7705
20.9123	57.2607	0	73.7705
20.9135	57.2607	0.0825083	73.7705
20.9197	57.3432	0	73.7705
20.9333	57.3432	0	74.3169
20.937	57.3845	0.0825083	74.3169
21.283	57.467	0	74.3169
21.2939	57.467	0	74.8634
21.296	57.467	0.165017	74.8634
21.2961	57.5495	0.0825083	74.8634
21.3258	57.632	0	74.8634
21.3308	57.6733	0.0825083	74.8634
21.587	57.7558	0	74.8634
21.5941	57.7558	0	75.1366
21.5947	57.797	0.0825083	75.1366
21.624	57.8795	0	75.1366
21.6305	57.9208	0.0825083	75.1366
21.6599	58.0033	0	75.1366
21.8208	58.0033	0	75.6831
21.8231	58.0033	0.165017	75.6831
21.8274	58.0858	0.0825083	75.6831
22.0101	58.1683	0	75.6831
22.0101	58.2096	0.0825083	75.6831
22.1426	58.2921	0	75.6831
22.1433	58.2921	0.165017	75.6831
22.1469	58.3746	0.0825083	75.6831
22.1721	58.4571	0	75.6831
22.173	58.4571	0.165017	75.6831
22.1765	58.5396	0.0825083	75.6831
22.1775	58.5809	0.165017	75.6831
22.1786	58.6634	0.0825083	75.6831
22.1953	58.7459	0	75.6831
22.196	58.7871	0.0825083	75.6831
22.3219	58.8696	0	75.6831
22.3283	58.9109	0.0825083	75.6831
22.3675	58.9934	0	75.6831
22.3675	58.9934	0.0825083	75.6831
22.4431	59.0759	0	75.6831
22.4441	59.1172	0.0825083	75.6831
22.4836	59.1997	0	75.6831
22.5057	59.1997	0	75.9563
22.5075	59.1997	0.165017	75.9563
22.5132	59.2822	0.0825083	75.9563
22.6508	59.3647	0	75.9563
22.6565	59.4059	0.0825083	75.9563
22.6966	59.4884	0	75.9563
22.7382	59.4884	0	76.5027
22.7413	59.5297	0.0825083	76.5027
22.8488	59.6122	0	76.5027
22.9357	59.6122	0	77.0492
22.9359	59.6535	0.0825083	77.0492
23.0063	59.736	0	77.0492
23.008	59.7772	0.0825083	77.0492
23.0394	59.8597	0	77.0492
23.0401	59.901	0.0825083	77.0492
23.1019	59.9835	0	77.0492
23.103	59.9835	0.165017	77.0492
23.1039	60.066	0.0825083	77.0492
23.1083	60.1485	0	77.0492
23.1108	60.1485	0.0825083	77.0492
23.3372	60.231	0	77.0492
23.338	60.231	0.165017	77.0492
23.3437	60.3135	0.0825083	77.0492
23.6188	60.396	0	77.0492
23.6211	60.4373	0.0825083	77.0492
23.6559	60.5198	0	77.0492
23.6571	60.5198	0.165017	77.0492
23.662	60.6023	0.0825083	77.0492
23.6627	60.6436	0.165017	77.0492
23.6644	60.7261	0.0825083	77.0492
23.8033	60.8086	0	77.0492
23.8091	60.8086	0.0825083	77.0492
24.0761	60.8911	0	77.0492
24.1088	60.8911	0	77.3224
24.1098	60.9323	0.0825083	77.3224
24.2269	61.0149	0	77.3224
24.232	61.0561	0.0825083	77.3224
24.2848	61.1386	0	77.3224
24.3685	61.1386	0	77.8689
24.3728	61.1799	0.0825083	77.8689
24.4889	61.2624	0	77.8689
24.4906	61.3036	0.0825083	77.8689
24.5138	61.3861	0	77.8689
24.5149	61.3861	0.0825083	77.8689
24.5751	61.4686	0	77.8689
24.606	61.4686	0	78.1421
24.6133	61.5099	0.0825083	78.1421
24.6767	61.5924	0	78.1421
24.6851	61.5924	0.165017	78.1421
24.6853	61.6749	0.0825083	78.1421
24.7885	61.7574	0	78.1421
24.7914	61.7987	0.0825083	78.1421
24.9704	61.8812	0	78.1421
25.1934	61.8812	0	78.6885
25.2545	61.8812	0	79.235
25.3701	61.8812	0	79.5082
25.3763	61.9224	0.0825083	79.5082
25.5203	62.005	0	79.5082
25.521	62.0462	0.0825083	79.5082
25.5524	62.1287	0	79.5082
25.5525	62.17	0.0825083	79.5082
25.5532	62.17	0.165017	79.5082
25.5538	62.2525	0.0825083	79.5082
25.5626	62.335	0	79.5082
25.5666	62.335	0	80.0546
25.5683	62.3762	0.0825083	80.0546
25.5695	62.4175	0.165017	80.0546
25.5697	62.5	0.0825083	80.0546
25.6355	62.5825	0	80.0546
25.8886	62.5825	0	80.6011
25.9532	62.5825	0	81.1475
26.0376	62.5825	0	81.694
26.0392	62.6238	0.0825083	81.694
26.0885	62.7063	0	81.694
26.0893	62.7475	0.0825083	81.694
26.0997	62.83	0	81.694
26.1055	62.8713	0.0825083	81.694
26.3064	62.9538	0	81.694
26.3092	62.995	0.0825083	81.694
26.3252	63.0776	0	81.694
26.3258	63.0776	0.165017	81.694
26.3288	63.1601	0.0825083	81.694
26.3426	63.2426	0	81.694
26.3934	63.2426	0	82.2404
26.3934	63.2426	0.165017	82.2404
26.3942	63.3251	0.0825083	82.2404
26.4597	63.4076	0	82.2404
26.4633	63.4488	0.0825083	82.2404
26.4749	63.5314	0	82.2404
26.7125	63.5314	0	82.7869
26.7128	63.5314	0.165017	82.7869
26.7155	63.6139	0.0825083	82.7869
26.7211	63.6964	0	82.7869
26.7244	63.7376	0.0825083	82.7869
26.7247	63.7376	0.247525	82.7869
26.7248	63.8201	0.165017	82.7869
26.7292	63.9026	0.0825083	82.7869
26.7974	63.9851	0	82.7869
26.7999	64.0264	0.0825083	82.7869
26.8007	64.0677	0.165017	82.7869
26.8066	64.1502	0.0825083	82.7869
26.8095	64.2327	0	82.7869
26.8098	64.2739	0.0825083	82.7869
26.8331	64.3564	0	82.7869
26.8333	64.3977	0.0825083	82.7869
26.9187	64.4802	0	82.7869
26.919	64.5215	0.0825083	82.7869
27.1194	64.604	0	82.7869
27.1196	64.604	0.165017	82.7869
27.1207	64.6865	0.0825083	82.7869
27.1633	64.769	0	82.7869
27.1664	64.8102	0.0825083	82.7869
27.1972	64.8927	0	82.7869
27.1994	64.8927	0.165017	82.7869
27.1995	64.9753	0.0825083	82.7869
27.2538	65.0578	0	82.7869
27.2549	65.0578	0.165017	82.7869
27.2601	65.1403	0.0825083	82.7869
27.279	65.2228	0	82.7869
27.2795	65.2228	0.165017	82.7869
27.2817	65.3053	0.0825083	82.7869
27.3174	65.3878	0	82.7869
27.3206	65.3878	0.0825083	82.7869
27.4131	65.4703	0	82.7869
27.4137	65.4703	0.165017	82.7869
27.419	65.5528	0.0825083	82.7869
27.5409	65.6353	0	82.7869
27.5594	65.6353	0	83.3333
27.5614	65.6766	0.0825083	83.3333
27.6625	65.7591	0	83.3333
27.6676	65.7591	0.0825083	83.3333
27.6856	65.8416	0	83.3333
27.7179	65.8416	0	83.8798
27.7221	65.8416	0.0825083	83.8798
27.7745	65.9241	0	83.8798
27.7754	65.9653	0.0825083	83.8798
27.9867	66.0479	0	83.8798
27.9896	66.0479	0.0825083	83.8798
28.0217	66.1304	0	83.8798
28.0241	66.1716	0.0825083	83.8798
28.0456	66.2541	0	83.8798
28.0488	66.2954	0.0825083	83.8798
28.0601	66.3779	0	83.8798
28.0606	66.4191	0.0825083	83.8798
28.1575	66.5016	0	83.8798
28.159	66.5429	0.0825083	83.8798
28.1883	66.6254	0	83.8798
28.1915	66.6667	0.0825083	83.8798
28.1927	66.7492	0	83.8798
28.1929	66.7904	0.0825083	83.8798
28.2537	66.8729	0	83.8798
28.2622	66.8729	0.165017	83.8798
28.2629	66.9554	0.0825083	83.8798
28.2735	67.038	0	83.8798
28.2842	67.038	0.0825083	83.8798
28.3971	67.1205	0	83.8798
28.4025	67.1617	0.0825083	83.8798
28.4643	67.2442	0	83.8798
28.4654	67.2442	0.165017	83.8798
28.4678	67.3267	0.0825083	83.8798
28.4767	67.4092	0	83.8798
28.4788	67.4092	0	84.4262
28.4822	67.4505	0.0825083	84.4262
28.4911	67.533	0	84.4262
28.4924	67.5743	0.0825083	84.4262
28.6223	67.6568	0	84.4262
28.6243	67.698	0.0825083	84.4262
28.6511	67.7805	0	84.4262
28.6513	67.7805	0.165017	84.4262
28.6531	67.863	0.0825083	84.4262
28.6979	67.9455	0	84.4262
28.6981	67.9455	0.0825083	84.4262
28.7425	68.0281	0	84.4262
28.8007	68.0281	0	84.6995
28.8544	68.0281	0	84.9727
28.8578	68.0281	0.165017	84.9727
28.8598	68.1106	0.0825083	84.9727
28.8882	68.1931	0	84.9727
28.8948	68.2343	0.0825083	84.9727
28.9524	68.3168	0	84.9727
28.9533	68.3581	0.0825083	84.9727
29.1551	68.4406	0	84.9727
29.1569	68.4406	0.165017	84.9727
29.1583	68.5231	0.0825083	84.9727
29.1668	68.6056	0	84.9727
29.1678	68.6469	0.0825083	84.9727
29.1815	68.7294	0	84.9727
29.1831	68.7294	0.165017	84.9727
29.1874	68.8119	0.0825083	84.9727
29.2504	68.8944	0	84.9727
29.2511	68.9356	0.0825083	84.9727
29.3767	69.0182	0	84.9727
29.378	69.0594	0.0825083	84.9727
29.4265	69.1419	0	84.9727
29.4292	69.1832	0.0825083	84.9727
29.5773	69.2657	0	84.9727
29.5799	69.3069	0.0825083	84.9727
29.6338	69.3894	0	84.9727
29.6383	69.4307	0.0825083	84.9727
30.0002	69.5132	0	84.9727
30.0003	69.5132	0.165017	84.9727
30.0049	69.5957	0.0825083	84.9727
30.1781	69.6782	0	84.9727
30.1789	69.7195	0.0825083	84.9727
30.2609	69.802	0	84.9727
30.2626	69.802	0.165017	84.9727
30.2628	69.8845	0.0825083	84.9727
30.3502	69.967	0	84.9727
30.3551	70.0082	0.0825083	84.9727
30.4752	70.0908	0	84.9727
30.4856	70.132	0.0825083	84.9727
30.5226	70.2145	0	84.9727
30.5238	70.2145	0.165017	84.9727
30.5247	70.297	0.0825083	84.9727
30.5324	70.3795	0	84.9727
30.5333	70.4208	0.0825083	84.9727
30.5443	70.5033	0	84.9727
30.5443	70.5033	0.165017	84.9727
30.5502	70.5858	0.0825083	84.9727
30.5918	70.6683	0	84.9727
30.5987	70.7096	0.0825083	84.9727
30.6186	70.7921	0	84.9727
30.6544	70.7921	0	85.5191
30.6949	70.7921	0	86.0656
30.6958	70.7921	0.165017	86.0656
30.6966	70.8746	0.0825083	86.0656
30.8365	70.9571	0	86.0656
31.0432	70.9571	0	86.612
31.0435	70.9571	0.165017	86.612
31.045	71.0396	0.0825083	86.612
31.0998	71.1221	0	86.612
31.1025	71.1634	0.0825083	86.612
31.4242	71.2459	0	86.612
31.4244	71.2459	0.165017	86.612
31.4255	71.3284	0.0825083	86.612
31.5335	71.4109	0	86.612
31.5336	71.4521	0.0825083	86.612
31.6452	71.5347	0	86.612
31.647	71.5347	0.165017	86.612
31.6486	71.6172	0.0825083	86.612
31.6703	71.6997	0	86.612
31.6736	71.7409	0.0825083	86.612
31.6888	71.8234	0	86.612
31.6984	71.8647	0.0825083	86.612
31.8861	71.9472	0	86.612
31.8873	71.9884	0.0825083	86.612
31.9995	72.071	0	86.612
32.2715	72.071	0	87.1585
32.277	72.1122	0.0825083	87.1585
32.3539	72.1947	0	87.1585
32.3561	72.1947	0.165017	87.1585
32.3582	72.2772	0.0825083	87.1585
32.3842	72.3597	0	87.1585
32.5462	72.3597	0	87.7049
32.6142	72.3597	0	87.9781
32.6155	72.401	0.0825083	87.9781
32.6801	72.4835	0	87.9781
32.6803	72.4835	0.165017	87.9781
32.6844	72.566	0.0825083	87.9781
32.7183	72.6485	0	87.9781
32.7202	72.6898	0.0825083	87.9781
32.7799	72.7723	0	87.9781
32.7882	72.7723	0	88.2514
32.7883	72.7723	0.165017	88.2514
32.7908	72.8548	0.0825083	88.2514
32.8756	72.9373	0	88.2514
32.8767	72.9785	0.0825083	88.2514
33.063	73.0611	0	88.2514
33.0643	73.1023	0.0825083	88.2514
33.3068	73.1848	0	88.2514
33.3073	73.1848	0.0825083	88.2514
33.3916	73.2673	0	88.2514
33.4056	73.3086	0.0825083	88.2514
33.4118	73.3911	0	88.2514
33.4139	73.3911	0.0825083	88.2514
33.4757	73.4736	0	88.2514
33.477	73.5149	0.0825083	88.2514
33.8349	73.5974	0	88.2514
33.8356	73.6386	0.0825083	88.2514
34.0424	73.7211	0	88.2514
34.0427	73.7624	0.0825083	88.2514
34.3106	73.8449	0	88.2514
34.3127	73.8861	0.0825083	88.2514
34.4348	73.9686	0	88.2514
34.437	74.0099	0.0825083	88.2514
34.5391	74.0924	0	88.2514
34.5392	74.1337	0.0825083	88.2514
34.5398	74.1749	0.165017	88.2514
34.5408	74.2574	0.0825083	88.2514
34.5429	74.3399	0	88.2514
34.5505	74.3812	0.0825083	88.2514
34.882	74.4637	0	88.2514
34.8834	74.505	0.0825083	88.2514
34.9138	74.5875	0	88.2514
34.9179	74.5875	0.0825083	88.2514
34.9931	74.67	0	88.2514
35.0908	74.67	0	88.7978
35.092	74.7112	0.0825083	88.7978
35.362	74.7937	0	88.7978
35.363	74.835	0.0825083	88.7978
35.4819	74.9175	0	88.7978
35.4829	74.9587	0.0825083	88.7978
35.7126	75.0413	0	88.7978
35.7151	75.0413	0.165017	88.7978
35.7163	75.1238	0.0825083	88.7978
35.9541	75.2063	0	88.7978
35.9557	75.2475	0.0825083	88.7978
35.9745	75.33	0	88.7978
35.978	75.3713	0.0825083	88.7978
35.9797	75.4125	0.165017	88.7978
35.9921	75.495	0.0825083	88.7978
36.177	75.5776	0	88.7978
36.1806	75.6188	0.0825083	88.7978
36.2619	75.7013	0	88.7978
36.2651	75.7426	0.0825083	88.7978
36.3414	75.8251	0	88.7978
36.3466	75.8663	0.0825083	88.7978
36.4617	75.9488	0	88.7978
36.462	75.9488	0.165017	88.7978
36.4629	76.0314	0.0825083	88.7978
36.694	76.1139	0	88.7978
36.6955	76.1139	0.165017	88.7978
36.6965	76.1964	0.0825083	88.7978
36.9978	76.2789	0	88.7978
37.0392	76.2789	0	89.071
37.0446	76.3201	0.0825083	89.071
37.3202	76.4026	0	89.071
37.3284	76.4439	0.0825083	89.071
37.4645	76.5264	0	89.071
37.4654	76.5264	0.0825083	89.071
37.5879	76.6089	0	89.071
37.5906	76.6089	0.0825083	89.071
37.5964	76.6914	0	89.071
37.5985	76.6914	0.0825083	89.071
37.6014	76.7739	0	89.071
37.6069	76.8152	0.0825083	89.071
37.631	76.8977	0	89.071
37.7511	76.8977	0	89.6175
37.7547	76.9389	0.0825083	89.6175
37.7657	77.0215	0	89.6175
37.7693	77.0215	0.0825083	89.6175
38.2037	77.104	0	89.6175
38.2039	77.1452	0.0825083	89.6175
38.3423	77.2277	0	89.6175
38.3429	77.269	0.0825083	89.6175
38.348	77.3515	0	89.6175
38.3488	77.3515	0.165017	89.6175
38.3491	77.434	0.0825083	89.6175
38.3823	77.5165	0	89.6175
38.4053	77.5165	0	89.8907
38.4053	77.5165	0.165017	89.8907
38.4127	77.599	0.0825083	89.8907
38.4895	77.6815	0	89.8907
38.4906	77.7228	0.0825083	89.8907
38.615	77.8053	0	89.8907
38.6161	77.8053	0.0825083	89.8907
38.7058	77.8878	0	89.8907
38.7059	77.929	0.0825083	89.8907
38.7464	78.0116	0	89.8907
38.8525	78.0116	0	90.4372
38.8531	78.0528	0.0825083	90.4372
39.0073	78.1353	0	90.4372
39.0136	78.1766	0.0825083	90.4372
39.0176	78.2591	0	90.4372
39.0178	78.3003	0.0825083	90.4372
39.387	78.3828	0	90.4372
39.3871	78.4241	0.0825083	90.4372
39.402	78.5066	0	90.4372
39.4562	78.5066	0	90.9836
39.4583	78.5066	0.165017	90.9836
39.4585	78.5891	0.0825083	90.9836
39.5169	78.6716	0	90.9836
39.517	78.6716	0.165017	90.9836
39.5178	78.7541	0.0825083	90.9836
39.5343	78.8366	0	90.9836
39.5351	78.8779	0.0825083	90.9836
39.7315	78.9604	0	90.9836
39.7352	79.0016	0.0825083	90.9836
40.0998	79.0842	0	90.9836
40.0998	79.1254	0.0825083	90.9836
40.3408	79.2079	0	90.9836
40.3561	79.2079	0	91.2568
40.3571	79.2079	0.165017	91.2568
40.3589	79.2904	0.0825083	91.2568
40.4598	79.3729	0	91.2568
40.4624	79.4142	0.0825083	91.2568
40.6669	79.4967	0	91.2568
40.6832	79.4967	0	91.5301
40.7522	79.4967	0	92.0765
40.7531	79.4967	0	92.6229
40.755	79.538	0.0825083	92.6229
41.0023	79.6205	0	92.6229
41.0026	79.6205	0.0825083	92.6229
41.0969	79.703	0	92.6229
41.0982	79.7442	0.0825083	92.6229
41.2284	79.8267	0	92.6229
41.2364	79.8267	0	93.1694
41.2364	79.8267	0.165017	93.1694
41.2367	79.9092	0.0825083	93.1694
41.3241	79.9918	0	93.1694
41.3247	79.9918	0.0825083	93.1694
41.3871	80.0743	0	93.1694
41.3895	80.0743	0.165017	93.1694
41.3904	80.1568	0.0825083	93.1694
41.5206	80.2393	0	93.1694
41.5257	80.2805	0.0825083	93.1694
41.9251	80.363	0	93.1694
41.927	80.4043	0.0825083	93.1694
41.9728	80.4868	0	93.1694
41.9786	80.5281	0.0825083	93.1694
42.0522	80.6106	0	93.1694
42.0523	80.6518	0.0825083	93.1694
42.1113	80.7343	0	93.1694
42.1113	80.7343	0.165017	93.1694
42.1118	80.8168	0.0825083	93.1694
42.2229	80.8993	0	93.1694
42.224	80.9406	0.0825083	93.1694
42.3362	81.0231	0	93.1694
42.3365	81.0644	0.0825083	93.1694
42.3858	81.1469	0	93.1694
42.3921	81.1881	0.0825083	93.1694
42.4859	81.2706	0	93.1694
42.7987	81.2706	0	93.7158
42.799	81.2706	0.0825083	93.7158
42.9942	81.3531	0	93.7158
42.995	81.3531	0.165017	93.7158
42.9995	81.4356	0.0825083	93.7158
43.1804	81.5182	0	93.7158
43.1857	81.5594	0.0825083	93.7158
43.1988	81.6419	0	93.7158
43.1989	81.6832	0.0825083	93.7158
43.5118	81.7657	0	93.7158
43.5139	81.8069	0.0825083	93.7158
43.5483	81.8894	0	93.7158
43.95	81.8894	0	94.2623
43.9501	81.9307	0.0825083	94.2623
44.0721	82.0132	0	94.2623
44.0736	82.0132	0.165017	94.2623
44.0766	82.0957	0.0825083	94.2623
44.3458	82.1782	0	94.2623
44.3717	82.1782	0	94.8087
44.3733	82.1782	0.0825083	94.8087
44.3879	82.2607	0	94.8087
44.3911	82.302	0.0825083	94.8087
44.4356	82.3845	0	94.8087
44.444	82.4257	0.0825083	94.8087
44.6619	82.5082	0	94.8087
44.6674	82.5495	0.0825083	94.8087
44.7281	82.632	0	94.8087
44.7282	82.632	0.165017	94.8087
44.7305	82.7145	0.0825083	94.8087
44.802	82.797	0	94.8087
44.8391	82.797	0	95.3552
44.8466	82.8383	0.0825083	95.3552
45.3197	82.9208	0	95.3552
45.3202	82.962	0.0825083	95.3552
45.5244	83.0446	0	95.3552
45.5276	83.0858	0.0825083	95.3552
45.5506	83.1683	0	95.3552
45.5527	83.2096	0.0825083	95.3552
45.7582	83.2921	0	95.3552
45.8124	83.2921	0	95.9016
45.8135	83.3333	0.0825083	95.9016
45.9107	83.4158	0	95.9016
45.9118	83.4158	0.0825083	95.9016
45.9178	83.4984	0	95.9016
45.918	83.5396	0.0825083	95.9016
45.9898	83.6221	0	95.9016
45.9908	83.6634	0.0825083	95.9016
46.0677	83.7459	0	95.9016
46.0724	83.7459	0.165017	95.9016
46.0789	83.8284	0.0825083	95.9016
46.212	83.9109	0	95.9016
46.2122	83.9521	0.0825083	95.9016
46.5235	84.0347	0	95.9016
46.5251	84.0759	0.0825083	95.9016
46.5262	84.1584	0	95.9016
46.5335	84.1997	0.0825083	95.9016
46.5401	84.2822	0	95.9016
46.5403	84.2822	0.165017	95.9016
46.5415	84.3647	0.0825083	95.9016
46.6909	84.4472	0	95.9016
46.6931	84.4472	0.0825083	95.9016
46.7187	84.5297	0	95.9016
46.7238	84.571	0.0825083	95.9016
47.3854	84.6535	0	95.9016
47.393	84.6535	0	96.4481
47.8056	84.6535	0	96.9945
47.8118	84.6947	0.0825083	96.9945
48.2371	84.7772	0	96.9945
48.2385	84.8185	0.0825083	96.9945
48.2478	84.901	0	96.9945
48.2494	84.9422	0.0825083	96.9945
48.4179	85.0247	0	96.9945
48.4213	85.066	0.0825083	96.9945
48.5316	85.1485	0	96.9945
48.6118	85.1485	0	97.541
48.6124	85.1898	0.0825083	97.541
48.642	85.2723	0	97.541
48.6457	85.3135	0.0825083	97.541
48.6762	85.396	0	97.541
48.679	85.4373	0.0825083	97.541
48.8822	85.5198	0	97.541
48.8839	85.5611	0.0825083	97.541
49.3812	85.6436	0	97.541
49.3816	85.6436	0.165017	97.541
49.3834	85.7261	0.0825083	97.541
49.6251	85.8086	0	97.541
49.9483	85.8086	0	98.0874
49.9493	85.8498	0.0825083	98.0874
50.111	85.9323	0	98.0874
50.1117	85.9736	0.0825083	98.0874
50.3482	86.0561	0	98.0874
50.3583	86.0974	0.0825083	98.0874
50.4593	86.1799	0	98.0874
50.4608	86.2211	0.0825083	98.0874
50.9444	86.3036	0	98.0874
50.9449	86.3449	0.0825083	98.0874
51.0607	86.4274	0	98.0874
51.0635	86.4686	0.0825083	98.0874
51.3835	86.5512	0	98.0874
51.3879	86.5924	0.0825083	98.0874
51.8314	86.6749	0	98.0874
51.8316	86.7162	0.0825083	98.0874
52.5994	86.7987	0	98.0874
52.6011	86.7987	0.0825083	98.0874
52.7463	86.8812	0	98.0874
52.7465	86.9224	0.0825083	98.0874
52.8097	87.005	0	98.0874
52.8101	87.005	0.0825083	98.0874
53.9593	87.0875	0	98.0874
53.9612	87.0875	0.165017	98.0874
53.9628	87.17	0.0825083	98.0874
55.0284	87.2525	0	98.0874
55.0292	87.2525	0.0825083	98.0874
55.2164	87.335	0	98.0874
55.2176	87.335	0.165017	98.0874
55.2213	87.4175	0.0825083	98.0874
55.2453	87.5	0	98.0874
55.2474	87.5413	0.0825083	98.0874
55.2531	87.6238	0	98.0874
55.2569	87.6238	0.0825083	98.0874
55.3357	87.7063	0	98.0874
55.3366	87.7475	0.0825083	98.0874
55.4104	87.83	0	98.0874
55.4132	87.83	0.0825083	98.0874
55.6405	87.9125	0	98.0874
55.6425	87.9125	0.0825083	98.0874
55.7802	87.995	0	98.0874
55.7802	87.995	0.165017	98.0874
55.7805	88.0776	0.0825083	98.0874
56.0526	88.1601	0	98.0874
56.0526	88.2013	0.0825083	98.0874
56.0995	88.2838	0	98.0874
56.0995	88.3251	0.0825083	98.0874
56.365	88.4076	0	98.0874
56.3698	88.4488	0.0825083	98.0874
56.4717	88.5314	0	98.0874
56.6408	88.5314	0	98.3607
56.6455	88.5726	0.0825083	98.3607
57.1379	88.6551	0	98.3607
57.1403	88.6551	0.165017	98.3607
57.1411	88.7376	0.0825083	98.3607
57.3207	88.8201	0	98.3607
57.3208	88.8201	0.165017	98.3607
57.3222	88.9026	0.0825083	98.3607
57.5589	88.9851	0	98.3607
57.9282	88.9851	0	98.9071
57.9317	88.9851	0.165017	98.9071
57.9337	89.0677	0.0825083	98.9071
58.2392	89.1502	0	98.9071
58.2405	89.1914	0.0825083	98.9071
58.6374	89.2739	0	98.9071
58.6379	89.3152	0.0825083	98.9071
58.7527	89.3977	0	98.9071
58.7545	89.4389	0.0825083	98.9071
59.0103	89.5215	0	98.9071
59.0269	89.5215	0	99.4536
59.0273	89.5215	0.165017	99.4536
59.0287	89.604	0.0825083	99.4536
59.1411	89.6865	0	99.4536
59.1417	89.6865	0.0825083	99.4536
59.5028	89.769	0	99.4536
59.5033	89.8102	0.0825083	99.4536
59.6321	89.8927	0	99.4536
59.6361	89.934	0.0825083	99.4536
59.7436	90.0165	0	99.4536
59.7477	90.0165	0.0825083	99.4536
59.8525	90.099	0	99.4536
59.8549	90.099	0.0825083	99.4536
59.9375	90.1815	0	99.4536
59.9446	90.2228	0.0825083	99.4536
60.3852	90.3053	0	99.4536
60.3872	90.3053	0.0825083	99.4536
60.8583	90.3878	0	99.4536
60.8596	90.429	0.0825083	99.4536
61.4195	90.5116	0	99.4536
61.4222	90.5528	0.0825083	99.4536
61.5638	90.6353	0	99.4536
61.5641	90.6766	0.0825083	99.4536
61.6735	90.7591	0	99.4536
61.6746	90.8003	0.0825083	99.4536
62.4806	90.8828	0	99.4536
62.4807	90.8828	0.165017	99.4536
62.4834	90.9653	0.0825083	99.4536
62.5131	91.0479	0	99.4536
62.5217	91.0891	0.0825083	99.4536
63.3882	91.1716	0	99.4536
63.3902	91.2129	0.0825083	99.4536
63.4034	91.2954	0	99.4536
63.4055	91.3366	0.0825083	99.4536
63.7121	91.4191	0	99.4536
63.7125	91.4191	0.165017	99.4536
63.7214	91.5016	0.0825083	99.4536
64.1034	91.5842	0	99.4536
64.1108	91.6254	0.0825083	99.4536
64.5785	91.7079	0	99.4536
64.5821	91.7079	0.0825083	99.4536
65.1884	91.7904	0	99.4536
65.1886	91.7904	0.165017	99.4536
65.19	91.8729	0.0825083	99.4536
65.8372	91.9554	0	99.4536
65.8383	91.9967	0.0825083	99.4536
65.8531	92.0792	0	99.4536
65.8588	92.1205	0.0825083	99.4536
66.425	92.203	0	99.4536
66.4281	92.2442	0.0825083	99.4536
66.7646	92.3267	0	99.4536
66.7665	92.368	0.0825083	99.4536
67.0283	92.4505	0	99.4536
67.029	92.4918	0.0825083	99.4536
67.6386	92.5743	0	99.4536
67.6417	92.6155	0.0825083	99.4536
67.7919	92.698	0	99.4536
67.7941	92.7393	0.0825083	99.4536
68.7012	92.8218	0	99.4536
68.7059	92.863	0.0825083	99.4536
68.7355	92.9455	0	99.4536
68.737	92.9455	0.165017	99.4536
68.7394	93.0281	0.0825083	99.4536
68.9819	93.1106	0	99.4536
68.982	93.1106	0.165017	99.4536
68.9834	93.1931	0.0825083	99.4536
69.8073	93.2756	0	99.4536
69.8117	93.3168	0.0825083	99.4536
69.8387	93.3993	0	99.4536
69.8395	93.3993	0.165017	99.4536
69.8399	93.4818	0.0825083	99.4536
70.1036	93.5644	0	99.4536
70.1043	93.5644	0.0825083	99.4536
70.2194	93.6469	0	99.4536
70.2207	93.6881	0.0825083	99.4536
70.5563	93.7706	0	99.4536
70.5566	93.8119	0.0825083	99.4536
71.5329	93.8944	0	99.4536
71.6011	93.8944	0	100
71.6034	93.8944	0.165017	100
71.607	93.9769	0.0825083	100
72.1015	94.0594	0	100
72.1042	94.1007	0.0825083	100
72.1456	94.1832	0	100
72.1463	94.2244	0.0825083	100
72.4838	94.3069	0	100
72.4852	94.3482	0.0825083	100
72.8466	94.4307	0	100
72.8467	94.4307	0.0825083	100
73.4149	94.5132	0	100
73.416	94.5545	0.0825083	100
73.7923	94.637	0	100
73.7958	94.6782	0.0825083	100
75.4797	94.7607	0	100
75.4842	94.802	0.0825083	100
75.9901	94.8845	0	100
75.9907	94.8845	0.165017	100
75.9954	94.967	0.0825083	100
76.8805	95.0495	0	100
76.8814	95.0908	0.0825083	100
77.3187	95.1733	0	100
77.3226	95.2145	0.0825083	100
77.4571	95.297	0	100
77.4659	95.297	0.0825083	100
77.5006	95.3795	0	100
77.5012	95.4208	0.0825083	100
77.7619	95.5033	0	100
77.7669	95.5446	0.0825083	100
78.7975	95.6271	0	100
78.7992	95.6683	0.0825083	100
80.7646	95.7508	0	100
80.7682	95.7921	0.0825083	100
81.8084	95.8746	0	100
81.8224	95.9158	0.0825083	100
83.3514	95.9984	0	100
83.3543	96.0396	0.0825083	100
87.006	96.1221	0	100
87.0097	96.1634	0.0825083	100
87.5446	96.2459	0	100
87.5451	96.2871	0.0825083	100
88.4077	96.3696	0	100
88.4078	96.3696	0.0825083	100
89.8781	96.4521	0	100
89.8862	96.4934	0.0825083	100
90.8281	96.5759	0	100
90.8292	96.5759	0.165017	100
90.8338	96.6584	0.0825083	100
92.0578	96.7409	0	100
92.06	96.7409	0.165017	100
92.0602	96.8234	0.0825083	100
93.492	96.9059	0	100
93.4922	96.9472	0.0825083	100
96.8979	97.0297	0	100
96.8995	97.0297	0.165017	100
96.9005	97.1122	0.0825083	100
98.1114	97.1947	0	100
98.1114	97.1947	0.165017	100
98.1156	97.2772	0.0825083	100
99.6444	97.3597	0	100
99.6467	97.401	0.0825083	100
100.155	97.4835	0	100
100.156	97.4835	0.0825083	100
100.346	97.566	0	100
100.347	97.6073	0.0825083	100
103.259	97.6898	0	100
103.266	97.6898	0.0825083	100
103.837	97.7723	0	100
103.84	97.8135	0.0825083	100
104.195	97.896	0	100
104.2	97.9373	0.0825083	100
106.249	98.0198	0	100
106.251	98.0198	0.165017	100
106.252	98.1023	0.0825083	100
107.697	98.1848	0	100
107.698	98.1848	0.0825083	100
108.016	98.2673	0	100
108.018	98.3086	0.0825083	100
108.281	98.3911	0	100
108.282	98.4323	0.0825083	100
108.773	98.5149	0	100
108.774	98.5561	0.0825083	100
108.774	98.5974	0.165017	100
108.775	98.6799	0.0825083	100
115.852	98.7624	0	100
115.852	98.7624	0.165017	100
115.854	98.8449	0.0825083	100
121.524	98.9274	0	100
121.528	98.9686	0.0825083	100
121.529	99.0512	0	100
121.53	99.0924	0.0825083	100
121.616	99.1749	0	100
121.625	99.2162	0.0825083	100
125.931	99.2987	0	100
125.933	99.3399	0.0825083	100
129.61	99.4224	0	100
129.61	99.4637	0.0825083	100
131.739	99.5462	0	100
131.74	99.5875	0.0825083	100
156.472	99.67	0	100
156.472	99.67	0.165017	100
156.474	99.7525	0.0825083	100
255.282	99.835	0	100
255.283	99.835	0.165017	100
255.285	99.9175	0.0825083	100
