4.45927e-05	0	0	0
7.0854e-05	0	0	0
7.30245e-05	0	0	0
7.45595e-05	0	0	0
7.5266e-05	0	0	0
7.79445e-05	0	0	0
8.20531e-05	0	0	0
9.66802e-05	0	0	0
0.000141877	0	0	0
0.000142742	0	0	0
0.000142945	0	0	0
0.000150792	0	0	0
0.000151044	0	0	0
0.000151437	0	0	0
0.000162949	0	0	0
0.000170751	0	0	0
0.000171382	0	0	0
0.000184191	0	0	0
0.000190947	0	0	0
0.0001968	0	0	0
0.000208368	0	0	0
0.000222358	0	0	0
0.000227369	0	0	0
0.000229651	0	0	0
0.000229833	0	0	0
0.000239653	0	0	0
0.000240243	0	0	0
0.000244149	0	0	0
0.000260556	0	0	0
0.000263076	0	0	0
0.000270685	0	0	0
0.000273517	0	0	0
0.000274318	0	0	0
0.000295429	0	0	0
0.000329831	0	0	0
0.000338172	0	0	0
0.000338924	0	0	0
0.000346145	0	0	0
0.000352476	0	0	0
0.000352503	0	0	0
0.000377016	0	0	0
0.000379	0	0	0
0.000379879	0	0	0
0.000393054	0	0	0
0.000394314	0	0	0
0.000412788	0	0	0
0.000415369	0	0	0
0.000427091	0	0	0
0.000430412	0	0	0
0.000462588	0	0	0
0.000478606	0	0	0
0.000488051	0	0	0
0.000488619	0	0	0
0.000492672	0	0	0
0.000498968	0	0	0
0.000535172	0	0	0
0.000549746	0	0	0
0.000578145	0	0	0
0.000586803	0	0	0
0.000595187	0	0	0
0.000607274	0	0	0
0.000650665	0	0	0
0.000674603	0	0	0
0.000704952	0	0	0
0.000713691	0	0	0
0.000741711	0	0	0
0.000755705	0	0	0
0.000757035	0	0	0
0.000796673	0	0	0
0.000804426	0	0	0
0.000811811	0	0	0
0.000823072	0	0	0
0.000856592	0	0	0
0.000864639	0	0	0
0.000877631	0	0	0
0.00088005	0	0	0
0.000890977	0	0	0
0.000895813	0	0	0
0.000903355	0	0	0
0.000910804	0	0	0
0.000924624	0	0	0
0.000942782	0	0	0
0.000949052	0	0	0
0.00100656	0	0	0
0.00105864	0	0	0
0.0010801	0	0	0
0.00109071	0	0	0
0.00113871	0	0	0
0.00116226	0	0	0
0.0011822	0	0	0
0.00118446	0	0	0
0.00122919	0	0	0
0.00125428	0	0	0
0.001326	0	0	0
0.00135254	0	0	0
0.0013741	0	0	0
0.00137673	0	0	0
0.0013848	0	0	0
0.00138671	0	0	0
0.00139173	0	0	0
0.00141284	0	0	0
0.00141837	0	0	0
0.00144137	0	0	0
0.0014438	0	0	0
0.00144533	0	0	0
0.00146014	0	0	0
0.00146945	0	0	0
0.00149887	0	0	0
0.00152519	0	0	0
0.00153144	0	0	0
0.00154393	0	0	0
0.00155078	0	0	0
0.00155302	0	0	0
0.00157068	0	0	0
0.00157384	0	0	0
0.00158851	0	0	0
0.0015905	0	0	0
0.00159606	0	0	0
0.00159667	0	0	0
0.00160785	0	0	0
0.00163814	0	0	0
0.0016567	0	0	0
0.00167568	0	0	0
0.00168037	0	0	0
0.00169231	0	0	0
0.0016982	0	0	0
0.00172229	0	0	0
0.00176555	0	0	0
0.00177049	0	0	0
0.00179093	0	0	0
0.00182837	0	0	0
0.00183771	0	0	0
0.00184045	0	0	0
0.00187661	0	0	0
0.00190073	0	0	0
0.00193107	0	0	0
0.00193398	0	0	0
0.00193749	0	0	0
0.00198936	0	0	0
0.00199709	0	0	0
0.00201127	0	0	0
0.002019	0	0	0
0.00202524	0	0	0
0.00204581	0	0	0
0.00208703	0	0	0
0.00209343	0	0	0
0.00212659	0	0	0
0.00217333	0	0	0
0.00217595	0	0	0
0.0021915	0	0	0
0.00222019	0	0	0
0.00223447	0	0	0
0.002275	0	0	0
0.00227526	0	0	0
0.0023126	0	0	0
0.00231308	0	0	0
0.00231814	0	0	0
0.0023339	0	0	0
0.00233969	0	0	0
0.00234646	0	0	0
0.00235462	0	0	0
0.00235961	0	0	0
0.00236015	0	0	0
0.00238578	0	0	0
0.00240818	0	0	0
0.00241592	0	0	0
0.0024309	0	0	0
0.00244493	0	0	0
0.00246757	0	0	0
0.00251096	0	0	0
0.00253349	0	0	0
0.00260167	0	0	0
0.00260506	0	0	0
0.00267196	0	0	0
0.00268179	0	0	0
0.00269713	0	0	0
0.00270215	0	0	0
0.00273612	0	0	0
0.00275097	0	0	0
0.00275805	0	0	0
0.00277384	0	0	0
0.00278143	0	0	0
0.00280799	0	0	0
0.00282628	0	0	0
0.00285021	0	0	0
0.00290608	0	0	0
0.00295082	0	0	0
0.00297836	0	0	0
0.00300583	0	0	0
0.00301844	0	0	0
0.0030198	0	0	0
0.00306337	0	0	0
0.00307157	0	0	0
0.0030753	0	0	0
0.00310824	0	0	0
0.00313843	0	0	0
0.00315595	0	0	0
0.00321247	0	0	0
0.00322034	0	0	0
0.00331085	0	0	0
0.00332906	0	0	0
0.00333635	0	0	0
0.0033398	0	0	0
0.00335326	0	0	0
0.00335626	0	0	0
0.00338373	0	0	0
0.00339361	0	0	0
0.00343358	0	0	0
0.00344773	0	0	0
0.00345418	0	0	0
0.00348303	0	0	0
0.00354286	0	0	0
0.00355115	0	0	0
0.00358211	0	0	0
0.00363576	0	0	0
0.00363974	0	0	0
0.00365685	0	0	0
0.00373186	0	0	0
0.0038427	0	0	0
0.00385092	0	0	0
0.0038601	0	0	0
0.00386095	0	0	0
0.00386932	0	0	0
0.00387482	0	0	0
0.00389076	0	0	0
0.00390545	0	0	0
0.00394563	0	0	0
0.00397799	0	0	0
0.00401136	0	0	0
0.00404372	0	0	0
0.00407002	0	0	0
0.0040814	0	0	0
0.00409428	0	0	0
0.00409989	0	0	0
0.00412001	0	0	0
0.00419394	0	0	0
0.00421448	0	0	0
0.00423561	0	0	0
0.00424341	0	0	0
0.00426955	0	0	0
0.00427146	0	0	0
0.00428782	0	0	0
0.00430299	0	0	0
0.00430434	0	0	0
0.00435418	0	0	0
0.00437312	0	0	0
0.00439779	0	0	0
0.00440315	0	0	0
0.0044105	0	0	0
0.00447581	0	0	0
0.00453758	0	0	0
0.00459785	0	0	0
0.00459965	0	0	0
0.00460385	0	0	0
0.00463828	0	0	0
0.00464004	0	0	0
0.00466857	0	0	0
0.00468166	0	0	0
0.00468203	0	0	0
0.00472447	0	0	0
0.00474133	0	0	0
0.0047419	0	0	0
0.00476153	0	0	0
0.00476317	0	0	0
0.0047714	0	0	0
0.00478333	0	0	0
0.00480384	0	0	0
0.00481793	0	0	0
0.00482332	0	0	0
0.00482487	0	0	0
0.00483164	0	0	0
0.00483772	0	0	0
0.00486768	0	0	0
0.0048758	0	0	0
0.00489045	0	0	0
0.00489355	0	0	0
0.00489618	0	0	0
0.00497528	0	0	0
0.00498294	0	0	0
0.00498662	0	0	0
0.00499112	0	0	0
0.00502091	0	0	0
0.0050213	0	0	0
0.00503221	0	0	0
0.00509508	0	0	0
0.0051246	0	0	0
0.00512524	0	0	0
0.00512562	0	0	0
0.00514993	0	0	0
0.0051611	0	0	0
0.00518392	0	0	0
0.00519263	0	0	0
0.00519533	0	0	0
0.00520712	0	0	0
0.00521818	0	0	0
0.00522366	0	0	0
0.00523553	0	0	0
0.00525161	0	0	0
0.00526883	0	0	0
0.0052969	0	0	0
0.00530199	0	0	0
0.00530819	0	0	0
0.00533906	0	0	0
0.00534258	0	0	0
0.00535787	0	0	0
0.0053599	0	0	0
0.005402	0	0	0
0.00543144	0	0	0
0.00544366	0	0	0
0.00544865	0	0	0
0.00546222	0	0	0
0.00554477	0	0	0
0.00555063	0	0	0
0.00559271	0	0	0
0.00560375	0	0	0
0.00560699	0	0	0
0.0056732	0	0	0
0.00568556	0	0	0
0.00571476	0	0	0
0.0057172	0	0	0
0.00573672	0	0	0
0.00577791	0	0	0
0.00578294	0	0	0
0.00578436	0	0	0
0.00580176	0	0	0
0.0058271	0	0	0
0.00585305	0	0	0
0.00587715	0	0	0
0.00589361	0	0	0
0.00589657	0	0	0
0.00591078	0	0	0
0.00592637	0	0	0
0.00594027	0	0	0
0.00594797	0	0	0
0.00595429	0	0	0
0.00600273	0	0	0
0.00602415	0	0	0
0.00605672	0	0	0
0.00606121	0	0	0
0.00607512	0	0	0
0.00607686	0	0	0
0.00608342	0	0	0
0.0061026	0	0	0
0.00610627	0	0	0
0.00612596	0	0	0
0.00617715	0	0	0
0.00618351	0	0	0
0.00618399	0	0	0
0.00623038	0	0	0
0.00623043	0	0	0
0.00623665	0	0	0
0.00624345	0	0	0
0.00626849	0	0	0
0.00630992	0	0	0
0.00631399	0	0	0
0.00633799	0	0	0
0.00635412	0	0	0
0.00635831	0	0	0
0.00638742	0	0	0
0.00639819	0	0	0
0.0064047	0	0	0
0.0064233	0	0	0
0.00643684	0	0	0
0.00645024	0	0	0
0.00646469	0	0	0
0.00646924	0	0	0
0.00646969	0	0	0
0.0065063	0	0	0
0.0065339	0	0	0
0.00655814	0	0	0
0.00657196	0	0	0
0.00657926	0	0	0
0.0065886	0	0	0
0.00659508	0	0	0
0.00660995	0	0	0
0.00662289	0	0	0
0.00668725	0	0	0
0.00669394	0	0	0
0.00669568	0	0	0
0.00669657	0	0	0
0.00671364	0	0	0
0.00679697	0	0	0
0.00681635	0	0	0
0.00695264	0	0	0
0.00697259	0	0	0
0.00697648	0	0	0
0.00698456	0	0	0
0.00701368	0	0	0
0.00702122	0	0	0
0.00702425	0	0	0
0.00704476	0	0	0
0.0070834	0	0	0
0.00710154	0	0	0
0.0071069	0	0	0
0.00712663	0	0	0
0.0071529	0	0	0
0.00718038	0	0	0
0.0071815	0	0	0
0.00731996	0	0	0
0.00735674	0	0	0
0.0074749	0	0	0
0.00747533	0	0	0
0.00751236	0	0	0
0.00751532	0	0	0
0.00756217	0	0	0
0.00760823	0	0	0
0.00762135	0	0	0
0.0076373	0	0	0
0.00765694	0	0	0
0.0077248	0	0	0
0.00773093	0	0	0
0.00775665	0	0	0
0.00777675	0	0	0
0.00778684	0	0	0
0.007822	0	0	0
0.0078258	0	0	0
0.0078317	0	0	0
0.00788424	0	0	0
0.00790216	0	0	0
0.00790418	0	0	0
0.00793505	0	0	0
0.00794777	0	0	0
0.00797448	0	0	0
0.00798108	0	0	0
0.0079999	0	0	0
0.00800253	0	0	0
0.00801697	0	0	0
0.00803877	0	0	0
0.0080975	0	0	0
0.00814085	0	0	0
0.00823513	0	0	0
0.00832702	0	0	0
0.00833918	0	0	0
0.00838966	0	0	0
0.00844702	0	0	0
0.00846227	0	0	0
0.00846912	0	0	0
0.00847216	0	0	0
0.00851271	0	0	0
0.0085605	0	0	0
0.00863489	0	0	0
0.0086718	0	0	0
0.00868328	0	0	0
0.0087238	0	0	0
0.00877165	0	0	0
0.0087735	0	0	0
0.00882747	0	0	0
0.00882759	0	0	0
0.00884422	0	0	0
0.00894684	0	0	0
0.009004	0	0	0
0.00913785	0	0	0
0.00915924	0	0	0
0.00916015	0	0	0
0.00932719	0	0	0
0.00933384	0	0	0
0.00934127	0	0	0
0.00944897	0	0	0
0.00946573	0	0	0
0.00951845	0	0	0
0.00951949	0	0	0
0.00961888	0	0	0
0.00970522	0	0	0
0.00978918	0	0	0
0.0100832	0	0	0
0.0101357	0	0	0
0.010154	0	0	0
0.0101809	0	0	0
0.010222	0	0	0
0.010225	0	0	0
0.0103229	0	0	0
0.0103665	0	0	0
0.0103916	0	0	0
0.0105499	0	0	0
0.0105769	0	0	0
0.0107044	0	0	0
0.0107359	0	0	0
0.0108048	0	0	0
0.0108147	0	0	0
0.0110984	0	0	0
0.0111573	0	0	0
0.011218	0	0	0
0.0115369	0	0	0
0.0116094	0	0	0
0.0121166	0	0	0
0.0121897	0	0	0
0.0121958	0	0	0
0.0123388	0	0	0
0.0124222	0	0	0
0.0124479	0	0	0
0.0125649	0	0	0
0.0126147	0	0	0
0.0127334	0	0	0
0.012821	0	0	0
0.0128706	0	0	0
0.0128801	0	0	0
0.0129853	0	0	0
0.0130012	0	0	0
0.0130391	0	0	0
0.0131404	0	0	0
0.013247	0	0	0
0.0133265	0	0	0
0.0134804	0	0	0
0.0136868	0	0	0
0.0137138	0	0	0
0.0137439	0	0	0
0.0137501	0	0	0
0.0137529	0	0	0
0.0138664	0	0	0
0.0139067	0	0	0
0.0139149	0	0	0
0.0139886	0	0	0
0.0140345	0	0	0
0.0140713	0	0	0
0.0141673	0	0	0
0.0143505	0	0	0
0.0144461	0	0	0
0.0144906	0	0	0
0.0144946	0	0	0
0.014505	0	0	0
0.014609	0	0	0
0.0146469	0	0	0
0.0146576	0	0	0
0.0146955	0	0	0
0.0148525	0	0	0
0.0148981	0	0	0
0.014916	0	0	0
0.0150844	0	0	0
0.0153903	0	0	0
0.0154949	0	0	0
0.0155011	0	0	0
0.0155104	0	0	0
0.0155742	0	0	0
0.015825	0	0	0
0.0158262	0	0	0
0.0160233	0	0	0
0.0162388	0	0	0
0.0165257	0	0	0
0.0165465	0	0	0
0.0165552	0	0	0
0.0166883	0	0	0
0.0166958	0	0	0
0.0167249	0	0	0
0.0168686	0	0	0
0.0169757	0	0	0
0.0170885	0	0	0
0.0174964	0	0	0
0.017541	0	0	0
0.0179233	0	0	0
0.0179775	0	0	0
0.0182506	0	0	0
0.0182546	0	0	0
0.0185758	0	0	0
0.0186412	0	0	0
0.0186895	0	0	0
0.0187891	0	0	0
0.018956	0	0	0
0.0189712	0	0	0
0.0190721	0	0	0
0.0190824	0	0	0
0.019231	0	0	0
0.0192755	0	0	0
0.0194361	0.0412541	0.0825083	0
0.0194833	0.0412541	0.0825083	0
0.0195359	0.0412541	0.0825083	0
0.0195732	0.0412541	0.0825083	0
0.0195936	0.123762	0	0
0.0196904	0.123762	0	0
0.0197665	0.123762	0	0
0.0197825	0.123762	0	0
0.019834	0.123762	0	0
0.0198476	0.123762	0	0
0.0198506	0.123762	0	0
0.0199718	0.123762	0	0
0.0200782	0.123762	0	0
0.0202005	0.123762	0	0
0.0203846	0.123762	0	0
0.0206807	0.123762	0	0
0.0207322	0.123762	0	0
0.0208051	0.123762	0	0
0.0210539	0.123762	0	0
0.0211481	0.123762	0	0
0.0212156	0.123762	0	0
0.0212444	0.123762	0	0
0.0213081	0.123762	0	0
0.0214817	0.123762	0	0
0.0217628	0.123762	0	0
0.0218859	0.123762	0	0
0.0218896	0.123762	0	0
0.0219641	0.123762	0	0
0.0219815	0.123762	0	0
0.0220642	0.123762	0	0
0.0221363	0.123762	0	0
0.022155	0.123762	0	0
0.0223677	0.123762	0	0
0.0224751	0.123762	0	0
0.0226225	0.123762	0	0
0.0228403	0.123762	0	0
0.023042	0.123762	0	0
0.0232301	0.123762	0	0
0.0236168	0.123762	0	0
0.023843	0.123762	0	0
0.0244587	0.123762	0	0
0.0247326	0.123762	0	0
0.0247597	0.123762	0	0
0.0248668	0.123762	0	0
0.0250252	0.123762	0	0
0.025186	0.123762	0	0
0.0252096	0.123762	0	0
0.0252167	0.123762	0	0
0.0252418	0.123762	0	0
0.0253202	0.123762	0	0
0.0253497	0.123762	0	0
0.0256043	0.123762	0	0
0.0256161	0.123762	0	0
0.0257103	0.123762	0	0
0.0258224	0.123762	0	0
0.0259116	0.123762	0	0
0.0259708	0.123762	0	0
0.0260404	0.123762	0	0
0.0261944	0.123762	0	0
0.0263528	0.123762	0	0
0.0266457	0.123762	0	0
0.0266595	0.123762	0	0
0.0267756	0.123762	0	0
0.0267868	0.123762	0	0
0.026852	0.123762	0	0
0.0269889	0.123762	0	0
0.0270455	0.123762	0	0
0.0270552	0.123762	0	0
0.0270721	0.123762	0	0
0.0270836	0.123762	0	0
0.0273532	0.123762	0	0
0.0276055	0.123762	0.0825083	0
0.0276203	0.123762	0.0825083	0
0.0276549	0.123762	0.0825083	0
0.0277486	0.123762	0.0825083	0
0.0277616	0.123762	0.0825083	0
0.0277992	0.123762	0.0825083	0
0.0278462	0.123762	0.0825083	0
0.0279922	0.123762	0.0825083	0
0.0280311	0.123762	0.0825083	0
0.028035	0.123762	0.0825083	0
0.0280792	0.123762	0.0825083	0
0.0282116	0.123762	0.0825083	0
0.0282559	0.123762	0.0825083	0
0.0283047	0.123762	0.0825083	0
0.0283557	0.206271	0	0
0.0284913	0.206271	0	0
0.0285764	0.206271	0	0
0.0286894	0.206271	0	0
0.0290305	0.206271	0	0
0.0292551	0.206271	0	0
0.0293665	0.206271	0	0
0.0294108	0.206271	0	0
0.0294438	0.206271	0	0
0.0294556	0.206271	0	0
0.0295639	0.206271	0	0
0.0296598	0.206271	0	0
0.0296925	0.206271	0	0
0.0297135	0.206271	0	0
0.0297717	0.206271	0	0
0.0298442	0.206271	0	0
0.0298919	0.206271	0	0
0.0300562	0.206271	0	0
0.0300652	0.206271	0	0
0.0301162	0.206271	0	0
0.030136	0.206271	0	0
0.0302449	0.206271	0	0
0.0302727	0.206271	0	0
0.0303132	0.206271	0	0
0.0303989	0.206271	0	0
0.0304922	0.206271	0	0
0.0305988	0.206271	0	0
0.0306673	0.206271	0	0
0.0308266	0.206271	0	0
0.0308744	0.206271	0	0
0.0309559	0.206271	0	0
0.0309596	0.206271	0	0
0.0309697	0.206271	0	0
0.0314954	0.206271	0	0
0.0315443	0.206271	0	0
0.0316252	0.206271	0	0
0.0316316	0.206271	0	0
0.0316639	0.206271	0	0
0.0317115	0.206271	0	0
0.0317385	0.206271	0	0
0.0317674	0.206271	0	0
0.0320284	0.206271	0	0
0.0322979	0.206271	0	0
0.0324279	0.206271	0	0
0.0324638	0.206271	0	0
0.0325357	0.206271	0	0
0.0327125	0.206271	0	0
0.0327882	0.206271	0	0
0.0333049	0.206271	0	0
0.0339069	0.206271	0	0
0.0343169	0.206271	0	0
0.0343177	0.206271	0	0
0.0344673	0.206271	0	0
0.0349114	0.206271	0	0
0.0351125	0.206271	0	0
0.0351269	0.206271	0	0
0.0352357	0.206271	0	0
0.0353954	0.206271	0	0
0.0354859	0.206271	0	0
0.0358464	0.206271	0	0
0.0358739	0.206271	0	0
0.0359027	0.206271	0	0
0.0360611	0.206271	0	0
0.0364213	0.206271	0	0
0.0365293	0.206271	0	0
0.0365472	0.206271	0	0
0.0367721	0.206271	0	0
0.0369455	0.206271	0	0
0.0373161	0.206271	0	0
0.0373532	0.206271	0	0
0.0373586	0.206271	0	0
0.0373614	0.206271	0	0
0.038064	0.206271	0	0
0.0382535	0.206271	0	0
0.0382727	0.206271	0	0
0.0384463	0.206271	0	0
0.038993	0.206271	0	0
0.0391702	0.206271	0	0
0.0394449	0.206271	0	0
0.039604	0.206271	0	0
0.0396438	0.206271	0	0
0.0396529	0.206271	0	0
0.0397596	0.206271	0	0
0.0398184	0.206271	0	0
0.0401611	0.206271	0	0
0.04155	0.206271	0	0
0.042	0.206271	0	0
0.042296	0.206271	0	0
0.0423248	0.206271	0	0
0.042469	0.206271	0	0
0.0425209	0.206271	0	0
0.0441339	0.206271	0	0
0.0446123	0.206271	0	0
0.0460102	0.206271	0	0
0.0462935	0.206271	0	0
0.0477096	0.206271	0	0
0.0493216	0.206271	0	0
0.0520075	0.206271	0	0
0.0585462	0.206271	0	0
0.0768872	0.206271	0	0.125471
0.0873244	0.206271	0	0.250941
0.0881342	0.206271	0.0825083	0.250941
0.0892369	0.206271	0.0825083	0.250941
0.0990201	0.288779	0	0.250941
0.100591	0.288779	0.165017	0.250941
0.100879	0.371287	0.0825083	0.250941
0.111915	0.453795	0	0.250941
0.114594	0.453795	0	0.376412
0.115698	0.453795	0	0.376412
0.132951	0.453795	0	0.501882
0.147795	0.453795	0	0.501882
0.149413	0.49505	0.0825083	0.501882
0.155255	0.577558	0	0.501882
0.163693	0.577558	0	0.501882
0.174843	0.577558	0	0.501882
0.216189	0.577558	0	0.627353
0.244203	0.577558	0	0.627353
0.254811	0.577558	0	0.627353
0.25584	0.577558	0.0825083	0.627353
0.256411	0.577558	0.0825083	0.752823
0.358722	0.660066	0	0.752823
0.362923	0.660066	0	0.752823
0.363684	0.660066	0.0825083	0.752823
0.364013	0.742574	0	0.752823
0.366542	0.783828	0.0825083	0.752823
0.378522	0.866337	0	0.752823
0.393093	0.866337	0	0.752823
0.395194	0.866337	0	0.878294
0.415066	0.866337	0	0.878294
0.416234	0.866337	0.0825083	0.878294
0.427733	0.948845	0	0.878294
0.427799	0.990099	0.0825083	0.878294
0.442899	1.07261	0	0.878294
0.442948	1.07261	0.0825083	0.878294
0.443169	1.07261	0.0825083	0.878294
0.450805	1.15512	0	0.878294
0.458251	1.15512	0	0.878294
0.460622	1.19637	0.0825083	0.878294
0.4615	1.19637	0.0825083	0.878294
0.477496	1.27888	0	0.878294
0.498777	1.27888	0	0.878294
0.505711	1.27888	0	0.878294
0.507989	1.27888	0.0825083	0.878294
0.510905	1.36139	0	0.878294
0.516443	1.36139	0	0.878294
0.5167	1.36139	0	0.878294
0.523193	1.36139	0	1.00376
0.537664	1.36139	0	1.12923
0.547611	1.36139	0	1.38018
0.548226	1.36139	0	1.38018
0.565614	1.36139	0	1.50565
0.573624	1.36139	0	1.50565
0.573999	1.36139	0	1.50565
0.589669	1.36139	0	1.50565
0.591543	1.36139	0.0825083	1.50565
0.61046	1.44389	0	1.50565
0.612281	1.48515	0.0825083	1.50565
0.618734	1.56766	0	1.50565
0.637475	1.56766	0	1.50565
0.637876	1.56766	0.165017	1.50565
0.639292	1.65016	0.0825083	1.50565
0.673509	1.73267	0	1.50565
0.674024	1.73267	0.0825083	1.50565
0.676634	1.81518	0	1.50565
0.686989	1.81518	0	1.50565
0.691218	1.81518	0	1.50565
0.692253	1.81518	0.165017	1.50565
0.693142	1.81518	0.165017	1.63112
0.693174	1.89769	0.0825083	1.63112
0.695951	1.9802	0	1.63112
0.698155	1.9802	0.0825083	1.63112
0.728162	2.06271	0	1.63112
0.737663	2.06271	0	1.63112
0.738161	2.06271	0	1.63112
0.739817	2.06271	0.0825083	1.63112
0.740998	2.14521	0	1.63112
0.755739	2.14521	0	1.75659
0.758278	2.18647	0.0825083	1.75659
0.758657	2.26898	0	1.75659
0.759643	2.26898	0	1.88206
0.785203	2.26898	0	2.133
0.787603	2.26898	0	2.25847
0.80356	2.26898	0	2.38394
0.840978	2.26898	0	2.50941
0.846745	2.26898	0	2.50941
0.847994	2.26898	0	2.50941
0.84839	2.26898	0	2.63488
0.849118	2.26898	0.165017	2.63488
0.851218	2.26898	0.165017	2.63488
0.855382	2.35149	0.0825083	2.63488
0.865999	2.43399	0	2.63488
0.866126	2.43399	0.165017	2.63488
0.866276	2.5165	0.0825083	2.63488
0.870982	2.5165	0.0825083	2.63488
0.876786	2.59901	0	2.63488
0.877002	2.64026	0.0825083	2.63488
0.879037	2.72277	0	2.63488
0.921736	2.72277	0	2.76035
0.927075	2.72277	0	2.76035
0.931562	2.72277	0	2.76035
0.931747	2.72277	0.165017	2.76035
0.936492	2.80528	0.0825083	2.76035
0.941211	2.88779	0	2.76035
0.960337	2.88779	0	2.88582
0.960464	2.88779	0.0825083	2.88582
0.97047	2.9703	0	2.88582
0.970955	2.9703	0.165017	2.88582
0.971471	3.05281	0.0825083	2.88582
0.978662	3.13531	0	2.88582
0.992644	3.13531	0	3.01129
0.995084	3.17657	0.0825083	3.01129
1.04148	3.25908	0	3.01129
1.04514	3.30033	0.0825083	3.01129
1.04526	3.38284	0	3.01129
1.04537	3.42409	0.0825083	3.01129
1.05	3.5066	0	3.01129
1.05108	3.54785	0.0825083	3.01129
1.05257	3.63036	0	3.01129
1.06661	3.63036	0	3.01129
1.06724	3.67162	0.0825083	3.01129
1.07872	3.75413	0	3.01129
1.07928	3.75413	0	3.13676
1.08056	3.75413	0	3.13676
1.09695	3.75413	0	3.13676
1.12093	3.75413	0	3.13676
1.1224	3.75413	0	3.13676
1.15651	3.75413	0	3.13676
1.16426	3.75413	0	3.13676
1.16516	3.79538	0.0825083	3.13676
1.18031	3.87789	0	3.13676
1.18671	3.87789	0	3.26223
1.21036	3.87789	0	3.26223
1.21065	3.87789	0	3.3877
1.21691	3.87789	0	3.51317
1.22357	3.87789	0	3.63864
1.22408	3.91914	0.0825083	3.63864
1.24523	4.00165	0	3.63864
1.24534	4.00165	0	3.76412
1.26052	4.00165	0	3.76412
1.26488	4.00165	0	3.88959
1.28246	4.00165	0	4.01506
1.30475	4.00165	0	4.14053
1.34599	4.00165	0	4.266
1.34805	4.00165	0	4.39147
1.35045	4.00165	0	4.39147
1.36596	4.00165	0	4.51694
1.38937	4.00165	0	4.51694
1.40301	4.00165	0	4.64241
1.40585	4.00165	0	4.76788
1.41883	4.00165	0	4.89335
1.44934	4.00165	0	5.01882
1.45794	4.00165	0	5.14429
1.46915	4.00165	0	5.26976
1.48682	4.00165	0	5.39523
1.50206	4.00165	0	5.39523
1.50482	4.00165	0	5.39523
1.50613	4.0429	0.0825083	5.39523
1.51685	4.12541	0	5.39523
1.54095	4.12541	0	5.5207
1.55033	4.12541	0	5.5207
1.57081	4.12541	0	5.64617
1.59194	4.12541	0	5.77164
1.61079	4.12541	0	5.89711
1.61288	4.12541	0	5.89711
1.62941	4.12541	0	5.89711
1.64823	4.12541	0	6.02258
1.65639	4.12541	0	6.14806
1.72655	4.12541	0	6.27353
1.74376	4.12541	0	6.399
1.74765	4.16667	0.0825083	6.399
1.75066	4.24918	0	6.399
1.75172	4.24918	0.165017	6.399
1.75242	4.33168	0.0825083	6.399
1.75279	4.41419	0	6.399
1.75299	4.41419	0.165017	6.399
1.75753	4.4967	0.0825083	6.399
1.76433	4.57921	0	6.399
1.76523	4.57921	0	6.399
1.78504	4.57921	0	6.399
1.81155	4.57921	0	6.399
1.81673	4.62046	0.0825083	6.399
1.82698	4.70297	0	6.399
1.82936	4.70297	0.0825083	6.399
1.83188	4.70297	0.0825083	6.399
1.85532	4.78548	0	6.399
1.86405	4.78548	0	6.52447
1.86627	4.78548	0	6.64994
1.86653	4.82673	0.0825083	6.64994
1.86685	4.90924	0	6.64994
1.87669	4.90924	0	6.64994
1.87944	4.90924	0	6.77541
1.8806	4.90924	0.0825083	6.77541
1.8956	4.99175	0	6.77541
1.90785	4.99175	0	6.90088
1.91328	4.99175	0	6.90088
1.9138	4.99175	0.0825083	6.90088
1.92043	5.07426	0	6.90088
1.92052	5.07426	0.165017	6.90088
1.92218	5.15677	0.0825083	6.90088
1.93988	5.23927	0	6.90088
1.96632	5.23927	0	6.90088
1.96973	5.23927	0	7.02635
1.97052	5.28053	0.0825083	7.02635
1.97758	5.36304	0	7.02635
1.97798	5.40429	0.0825083	7.02635
1.98035	5.4868	0	7.02635
1.98183	5.4868	0	7.15182
1.98211	5.4868	0.165017	7.15182
1.98273	5.56931	0.0825083	7.15182
1.98392	5.56931	0.247525	7.15182
1.98394	5.56931	0.247525	7.27729
1.98499	5.65182	0.165017	7.27729
1.98732	5.73432	0.0825083	7.27729
1.98991	5.81683	0	7.27729
1.99419	5.81683	0	7.40276
1.99713	5.81683	0	7.52823
2.00095	5.81683	0	7.6537
2.00398	5.81683	0	7.77917
2.00571	5.85809	0.0825083	7.77917
2.0075	5.94059	0	7.77917
2.01093	5.94059	0	7.90464
2.02064	5.94059	0	7.90464
2.02071	5.98185	0.0825083	7.90464
2.02658	6.06436	0	7.90464
2.02684	6.10561	0.0825083	7.90464
2.04161	6.18812	0	7.90464
2.06155	6.18812	0	8.03011
2.06899	6.18812	0.0825083	8.03011
2.07139	6.27063	0	8.03011
2.07409	6.31188	0.0825083	8.03011
2.07603	6.31188	0.247525	8.03011
2.0769	6.39439	0.165017	8.03011
2.08011	6.4769	0.0825083	8.03011
2.08379	6.55941	0	8.03011
2.08492	6.55941	0	8.15558
2.08683	6.55941	0.0825083	8.15558
2.08719	6.64191	0	8.15558
2.08784	6.64191	0	8.28105
2.09909	6.68317	0.0825083	8.28105
2.09966	6.76568	0	8.28105
2.13617	6.76568	0	8.40652
2.13744	6.80693	0.0825083	8.40652
2.1391	6.80693	0.247525	8.40652
2.14236	6.88944	0.165017	8.40652
2.14362	6.97195	0.0825083	8.40652
2.15457	7.05446	0	8.40652
2.15725	7.05446	0	8.53199
2.16093	7.09571	0.0825083	8.53199
2.18336	7.17822	0	8.53199
2.18604	7.21947	0.0825083	8.53199
2.21043	7.30198	0	8.53199
2.21078	7.34323	0.0825083	8.53199
2.21083	7.42574	0	8.53199
2.21625	7.42574	0.165017	8.53199
2.22665	7.50825	0.0825083	8.53199
2.24016	7.59076	0	8.53199
2.24083	7.63201	0.0825083	8.53199
2.24318	7.63201	0.0825083	8.65747
2.25711	7.71452	0	8.65747
2.291	7.71452	0	8.65747
2.30949	7.71452	0	8.65747
2.3221	7.71452	0	8.65747
2.32359	7.71452	0.165017	8.65747
2.32377	7.79703	0.0825083	8.65747
2.33617	7.87954	0	8.65747
2.34016	7.92079	0.0825083	8.65747
2.35931	8.0033	0	8.65747
2.36425	8.0033	0	8.78294
2.36499	8.0033	0.165017	8.78294
2.36957	8.08581	0.0825083	8.78294
2.38699	8.16832	0	8.78294
2.39247	8.20957	0.0825083	8.78294
2.39359	8.20957	0.0825083	8.90841
2.40104	8.29208	0	8.90841
2.40156	8.33333	0.0825083	8.90841
2.40345	8.41584	0	8.90841
2.41568	8.41584	0	9.03388
2.42468	8.41584	0	9.15935
2.42856	8.41584	0	9.15935
2.45558	8.41584	0	9.28482
2.46908	8.41584	0	9.41029
2.46923	8.41584	0.165017	9.41029
2.47013	8.49835	0.0825083	9.41029
2.47392	8.58086	0	9.41029
2.51476	8.58086	0	9.53576
2.53157	8.58086	0	9.66123
2.53269	8.58086	0.165017	9.66123
2.53317	8.66337	0.0825083	9.66123
2.541	8.74587	0	9.66123
2.54819	8.78713	0.0825083	9.66123
2.56551	8.86964	0	9.66123
2.57608	8.86964	0	9.66123
2.58384	8.91089	0.0825083	9.66123
2.58411	8.91089	0.0825083	9.7867
2.58612	8.9934	0	9.7867
2.58774	8.9934	0	9.7867
2.58789	8.9934	0.165017	9.7867
2.588	9.07591	0.0825083	9.7867
2.63144	9.15842	0	9.7867
2.632	9.19967	0.0825083	9.7867
2.63954	9.28218	0	9.7867
2.64162	9.32343	0.0825083	9.7867
2.64548	9.40594	0	9.7867
2.65578	9.40594	0	9.7867
2.70468	9.40594	0	9.7867
2.71035	9.40594	0	9.91217
2.72703	9.40594	0	9.91217
2.72962	9.4472	0.0825083	9.91217
2.73239	9.5297	0	9.91217
2.73289	9.57096	0.0825083	9.91217
2.81969	9.65347	0	9.91217
2.8206	9.69472	0.0825083	9.91217
2.83629	9.77723	0	9.91217
2.86401	9.77723	0	10.0376
2.87903	9.77723	0	10.0376
2.8803	9.77723	0.0825083	10.0376
2.89498	9.85974	0	10.0376
2.89655	9.85974	0	10.0376
2.90356	9.85974	0	10.1631
2.90457	9.85974	0	10.2886
2.9217	9.85974	0	10.4141
2.92448	9.85974	0	10.5395
2.92455	9.85974	0.165017	10.5395
2.92572	9.94224	0.0825083	10.5395
2.94754	10.0248	0	10.5395
2.9564	10.0248	0	10.5395
2.96517	10.0248	0	10.665
2.96575	10.0248	0	10.7905
2.96609	10.0248	0.0825083	10.7905
2.99125	10.1073	0	10.7905
3.00402	10.1073	0	10.9159
3.02564	10.1073	0	10.9159
3.03202	10.1073	0	11.0414
3.03237	10.1073	0	11.1669
3.03896	10.1073	0	11.1669
3.0391	10.1073	0.165017	11.1669
3.03919	10.1898	0.0825083	11.1669
3.04412	10.2723	0	11.1669
3.0472	10.3135	0.0825083	11.1669
3.0551	10.396	0	11.1669
3.08543	10.396	0	11.2923
3.11602	10.396	0	11.4178
3.12338	10.396	0	11.5433
3.12419	10.396	0.165017	11.5433
3.12502	10.4785	0.0825083	11.5433
3.13147	10.5611	0	11.5433
3.1536	10.5611	0	11.5433
3.15424	10.5611	0	11.6688
3.15649	10.6023	0.0825083	11.6688
3.15659	10.6848	0	11.6688
3.15958	10.6848	0.0825083	11.6688
3.17199	10.7673	0	11.6688
3.1779	10.7673	0	11.7942
3.17854	10.8086	0.0825083	11.7942
3.19566	10.8911	0	11.7942
3.19631	10.8911	0	11.9197
3.19741	10.9323	0.0825083	11.9197
3.20479	11.0149	0	11.9197
3.20955	11.0561	0.0825083	11.9197
3.2226	11.1386	0	11.9197
3.22359	11.1386	0	12.0452
3.22632	11.1799	0.0825083	12.0452
3.2475	11.2624	0	12.0452
3.26842	11.2624	0	12.0452
3.26881	11.2624	0	12.1706
3.27792	11.2624	0	12.1706
3.29159	11.2624	0	12.2961
3.29244	11.3036	0.0825083	12.2961
3.29748	11.3861	0	12.2961
3.30824	11.4274	0.0825083	12.2961
3.30828	11.4274	0.247525	12.2961
3.30872	11.5099	0.165017	12.2961
3.31461	11.5924	0.0825083	12.2961
3.31471	11.6749	0	12.2961
3.31736	11.6749	0.0825083	12.2961
3.32446	11.7574	0	12.2961
3.33336	11.7574	0	12.2961
3.3431	11.7574	0	12.4216
3.35341	11.7574	0	12.4216
3.39965	11.7574	0	12.5471
3.39965	11.7574	0.165017	12.5471
3.40097	11.8399	0.0825083	12.5471
3.40195	11.8399	0.0825083	12.6725
3.40723	11.9224	0	12.6725
3.40739	11.9224	0	12.798
3.4124	11.9224	0	12.9235
3.42064	11.9224	0	13.0489
3.42283	11.9637	0.0825083	13.0489
3.43722	12.0462	0	13.0489
3.43851	12.0462	0	13.0489
3.46966	12.0462	0	13.1744
3.47047	12.0875	0.0825083	13.1744
3.51761	12.17	0	13.1744
3.52512	12.2112	0.0825083	13.1744
3.52717	12.2937	0	13.1744
3.52746	12.2937	0.165017	13.1744
3.52755	12.3762	0.0825083	13.1744
3.53879	12.4587	0	13.1744
3.55104	12.4587	0	13.2999
3.55418	12.4587	0	13.4253
3.5858	12.4587	0	13.5508
3.59352	12.4587	0	13.6763
3.59387	12.5	0.0825083	13.6763
3.61708	12.5825	0	13.6763
3.62739	12.5825	0	13.8018
3.63007	12.5825	0	13.9272
3.64184	12.5825	0	14.0527
3.64235	12.6238	0.0825083	14.0527
3.66455	12.7063	0	14.0527
3.68892	12.7063	0	14.1782
3.72197	12.7063	0	14.1782
3.73462	12.7063	0	14.1782
3.73465	12.7475	0.0825083	14.1782
3.73602	12.83	0	14.1782
3.75583	12.83	0	14.3036
3.76985	12.83	0	14.4291
3.77265	12.8713	0.0825083	14.4291
3.77369	12.8713	0.0825083	14.5546
3.80584	12.9538	0	14.5546
3.81191	12.9538	0	14.68
3.82808	12.9538	0	14.8055
3.82818	12.995	0.0825083	14.8055
3.84602	13.0776	0	14.8055
3.84661	13.0776	0.165017	14.8055
3.84786	13.1601	0.0825083	14.8055
3.88004	13.2426	0	14.8055
3.8804	13.2838	0.0825083	14.8055
3.88109	13.2838	0.0825083	14.931
3.88156	13.3251	0.165017	14.931
3.88228	13.4076	0.0825083	14.931
3.88489	13.4901	0	14.931
3.88719	13.5314	0.0825083	14.931
3.8896	13.6139	0	14.931
3.89952	13.6139	0	15.0565
3.91112	13.6139	0	15.1819
3.91703	13.6139	0	15.3074
3.91756	13.6551	0.0825083	15.3074
3.91772	13.7376	0	15.3074
3.9191	13.7789	0.0825083	15.3074
3.91919	13.7789	0.0825083	15.4329
3.92369	13.8614	0	15.4329
3.92539	13.9026	0.0825083	15.4329
3.92636	13.9026	0.0825083	15.5583
3.93735	13.9851	0	15.5583
3.94194	13.9851	0	15.5583
3.94895	13.9851	0	15.6838
3.9533	13.9851	0	15.8093
3.95389	13.9851	0.0825083	15.8093
3.95484	14.0264	0.165017	15.8093
3.95821	14.1089	0.0825083	15.8093
3.9596	14.1502	0.165017	15.8093
3.96139	14.2327	0.0825083	15.8093
4.01419	14.3152	0	15.8093
4.018	14.3564	0.0825083	15.8093
4.02205	14.4389	0	15.8093
4.02561	14.4802	0.0825083	15.8093
4.02969	14.5627	0	15.8093
4.04194	14.5627	0	15.8093
4.04228	14.604	0.0825083	15.8093
4.06801	14.6865	0	15.8093
4.07077	14.6865	0	15.8093
4.07139	14.7277	0.0825083	15.8093
4.07326	14.7277	0.0825083	15.9348
4.07594	14.7277	0.0825083	16.0602
4.0797	14.8102	0	16.0602
4.08038	14.8515	0.0825083	16.0602
4.08319	14.8515	0.0825083	16.1857
4.08585	14.934	0	16.1857
4.11834	14.934	0	16.3112
4.1194	14.934	0.165017	16.3112
4.12062	15.0165	0.0825083	16.3112
4.1443	15.099	0	16.3112
4.16807	15.099	0	16.4366
4.16863	15.1403	0.0825083	16.4366
4.17935	15.2228	0	16.4366
4.18017	15.2228	0	16.5621
4.18296	15.264	0.0825083	16.5621
4.18461	15.264	0.0825083	16.6876
4.21346	15.3465	0	16.6876
4.2185	15.3465	0	16.813
4.21908	15.3465	0	16.9385
4.2195	15.3465	0.165017	16.9385
4.22004	15.429	0.0825083	16.9385
4.23462	15.5116	0	16.9385
4.23934	15.5116	0	17.064
4.24539	15.5116	0	17.1895
4.27098	15.5116	0	17.3149
4.2728	15.5116	0.165017	17.3149
4.2759	15.5941	0.0825083	17.3149
4.2846	15.6766	0	17.3149
4.2959	15.7178	0.0825083	17.3149
4.30008	15.7178	0.0825083	17.4404
4.30018	15.7591	0.165017	17.4404
4.30137	15.8416	0.0825083	17.4404
4.35304	15.9241	0	17.4404
4.36723	15.9241	0	17.4404
4.37419	15.9241	0	17.5659
4.41395	15.9241	0	17.6913
4.41623	15.9653	0.0825083	17.6913
4.41651	16.0066	0.165017	17.6913
4.41851	16.0891	0.0825083	17.6913
4.43541	16.1716	0	17.6913
4.45498	16.1716	0	17.8168
4.47039	16.1716	0	17.9423
4.47959	16.1716	0	18.0678
4.48001	16.1716	0.165017	18.0678
4.4852	16.2541	0.0825083	18.0678
4.48546	16.2541	0.247525	18.0678
4.48576	16.2541	0.247525	18.1932
4.4859	16.3366	0.165017	18.1932
4.48942	16.4191	0.0825083	18.1932
4.4957	16.5016	0	18.1932
4.50425	16.5016	0	18.1932
4.50494	16.5016	0	18.3187
4.50552	16.5429	0.0825083	18.3187
4.52136	16.6254	0	18.3187
4.52209	16.6667	0.0825083	18.3187
4.5221	16.6667	0.165017	18.3187
4.52556	16.7492	0.0825083	18.3187
4.52573	16.7492	0.247525	18.3187
4.53047	16.8317	0.165017	18.3187
4.53315	16.9142	0.0825083	18.3187
4.54879	16.9967	0	18.3187
4.55543	16.9967	0	18.4442
4.56208	16.9967	0	18.4442
4.57835	16.9967	0	18.4442
4.59088	16.9967	0.0825083	18.4442
4.60665	17.0792	0	18.4442
4.60676	17.1205	0.0825083	18.4442
4.62416	17.203	0	18.4442
4.63094	17.203	0	18.5696
4.64285	17.203	0	18.6951
4.64289	17.2442	0.0825083	18.6951
4.66698	17.3267	0	18.6951
4.66789	17.368	0.0825083	18.6951
4.67087	17.4505	0	18.6951
4.67163	17.4505	0.165017	18.6951
4.67221	17.533	0.0825083	18.6951
4.6755	17.6155	0	18.6951
4.67737	17.6155	0	18.6951
4.67907	17.6568	0.0825083	18.6951
4.69406	17.7393	0	18.6951
4.72537	17.7393	0	18.8206
4.8039	17.7393	0	18.946
4.806	17.7393	0.0825083	18.946
4.80841	17.8218	0	18.946
4.80863	17.863	0.0825083	18.946
4.83134	17.9455	0	18.946
4.8314	17.9868	0.0825083	18.946
4.84476	18.0693	0	18.946
4.84757	18.1106	0.0825083	18.946
4.8498	18.1106	0.0825083	19.0715
4.86143	18.1931	0	19.0715
4.86744	18.1931	0	19.197
4.86843	18.1931	0.0825083	19.197
4.87536	18.2756	0	19.197
4.88558	18.2756	0	19.3225
4.88585	18.3168	0.0825083	19.3225
4.92608	18.3993	0	19.3225
4.94017	18.3993	0	19.4479
4.95806	18.3993	0	19.5734
4.95858	18.4406	0.0825083	19.5734
4.96057	18.5231	0	19.5734
4.97825	18.5231	0	19.6989
4.98233	18.5644	0.0825083	19.6989
5.01704	18.6469	0	19.6989
5.02427	18.6469	0.0825083	19.6989
5.03405	18.7294	0	19.6989
5.04142	18.7706	0.0825083	19.6989
5.05218	18.8531	0	19.6989
5.05287	18.8531	0.165017	19.6989
5.05299	18.9356	0.0825083	19.6989
5.06871	19.0182	0	19.6989
5.08268	19.0182	0	19.8243
5.09644	19.0182	0	19.8243
5.10223	19.0182	0	19.9498
5.10517	19.0594	0.0825083	19.9498
5.10756	19.1419	0	19.9498
5.1423	19.1419	0	20.0753
5.1433	19.1419	0.0825083	20.0753
5.14455	19.2244	0	20.0753
5.17482	19.2244	0	20.2008
5.1762	19.2657	0.0825083	20.2008
5.18239	19.3482	0	20.2008
5.18654	19.3482	0	20.3262
5.2646	19.3482	0	20.4517
5.26692	19.3894	0.0825083	20.4517
5.2745	19.4719	0	20.4517
5.27832	19.4719	0	20.5772
5.28119	19.4719	0	20.7026
5.28368	19.5132	0.0825083	20.7026
5.28397	19.5132	0.0825083	20.8281
5.29036	19.5957	0	20.8281
5.29633	19.5957	0.0825083	20.8281
5.30118	19.6782	0	20.8281
5.31423	19.6782	0	20.9536
5.33463	19.6782	0	20.9536
5.33963	19.7195	0.0825083	20.9536
5.3401	19.802	0	20.9536
5.36451	19.802	0	21.079
5.36618	19.802	0.0825083	21.079
5.36655	19.802	0.247525	21.079
5.36879	19.8845	0.165017	21.079
5.37028	19.967	0.0825083	21.079
5.38459	20.0495	0	21.079
5.38625	20.0908	0.0825083	21.079
5.42964	20.1733	0	21.079
5.43012	20.1733	0	21.079
5.43327	20.1733	0.0825083	21.079
5.43567	20.2558	0	21.079
5.43895	20.2558	0	21.2045
5.47067	20.2558	0	21.33
5.47921	20.2558	0	21.4555
5.52707	20.2558	0	21.5809
5.56836	20.2558	0	21.7064
5.58809	20.2558	0	21.8319
5.59824	20.2558	0	21.9573
5.60036	20.297	0.0825083	21.9573
5.60046	20.3383	0.165017	21.9573
5.60175	20.3795	0.247525	21.9573
5.60239	20.462	0.165017	21.9573
5.60336	20.5446	0.0825083	21.9573
5.61263	20.6271	0	21.9573
5.61551	20.6683	0.0825083	21.9573
5.65262	20.7508	0	21.9573
5.65434	20.7508	0	22.0828
5.70843	20.7508	0	22.2083
5.71511	20.7508	0	22.2083
5.71551	20.7921	0.0825083	22.2083
5.75378	20.8746	0	22.2083
5.75961	20.8746	0	22.2083
5.76073	20.8746	0	22.3338
5.76137	20.8746	0.165017	22.3338
5.76194	20.9571	0.0825083	22.3338
5.7715	21.0396	0	22.3338
5.77163	21.0396	0	22.4592
5.79896	21.0396	0	22.5847
5.81236	21.0396	0	22.8356
5.82186	21.0396	0.0825083	22.8356
5.83081	21.1221	0	22.8356
5.84496	21.1221	0	22.9611
5.84782	21.1634	0.0825083	22.9611
5.86212	21.2459	0	22.9611
5.86374	21.2871	0.0825083	22.9611
5.86604	21.3696	0	22.9611
5.86754	21.3696	0.0825083	22.9611
5.88189	21.4521	0	22.9611
5.90624	21.4521	0	23.0866
5.91374	21.4521	0	23.212
5.93242	21.4521	0	23.3375
5.95509	21.4521	0	23.463
5.98772	21.4521	0	23.5885
6.00431	21.4521	0	23.7139
6.00855	21.4934	0.0825083	23.7139
6.01346	21.5759	0	23.7139
6.02976	21.5759	0	23.8394
6.03049	21.6172	0.0825083	23.8394
6.0434	21.6997	0	23.8394
6.05861	21.6997	0	23.9649
6.09296	21.6997	0	24.0903
6.13511	21.6997	0	24.2158
6.13588	21.7409	0.0825083	24.2158
6.14157	21.8234	0	24.2158
6.14407	21.8234	0	24.3413
6.15773	21.8234	0	24.4668
6.21025	21.8234	0	24.7177
6.22056	21.8234	0	24.8432
6.22146	21.8647	0.0825083	24.8432
6.22269	21.8647	0.165017	24.8432
6.22271	21.8647	0.165017	24.9686
6.22332	21.9472	0.0825083	24.9686
6.22401	22.0297	0	24.9686
6.22474	22.0297	0	25.0941
6.23898	22.0297	0	25.2196
6.24014	22.0297	0	25.345
6.25685	22.0297	0	25.4705
6.26048	22.071	0.0825083	25.4705
6.27021	22.1535	0	25.4705
6.29429	22.1535	0	25.596
6.29815	22.1535	0	25.596
6.31543	22.1535	0	25.7215
6.32471	22.1535	0	25.8469
6.33695	22.1535	0	26.0979
6.35533	22.1535	0	26.2233
6.36935	22.1535	0	26.3488
6.37146	22.1535	0.165017	26.3488
6.37179	22.236	0.0825083	26.3488
6.37779	22.3185	0	26.3488
6.37983	22.3185	0	26.4743
6.38378	22.3185	0	26.5997
6.38379	22.3185	0.165017	26.5997
6.38386	22.401	0.0825083	26.5997
6.38455	22.4422	0.165017	26.5997
6.38542	22.5248	0.0825083	26.5997
6.39339	22.6073	0	26.5997
6.41646	22.6073	0	26.5997
6.42491	22.6073	0	26.5997
6.45371	22.6073	0	26.5997
6.45485	22.6073	0.0825083	26.5997
6.52354	22.6898	0	26.5997
6.5253	22.731	0.0825083	26.5997
6.53546	22.8135	0	26.5997
6.55514	22.8135	0	26.7252
6.55609	22.8135	0	26.8507
6.56888	22.8135	0	26.9762
6.57657	22.8135	0.0825083	26.9762
6.66836	22.896	0	26.9762
6.70136	22.896	0	27.1016
6.71999	22.896	0	27.2271
6.722	22.896	0.165017	27.2271
6.72323	22.896	0.165017	27.3526
6.72378	22.9785	0.0825083	27.3526
6.72877	23.0611	0	27.3526
6.7298	23.0611	0.165017	27.3526
6.74249	23.1436	0.0825083	27.3526
6.75704	23.2261	0	27.3526
6.75706	23.2261	0.165017	27.3526
6.75862	23.3086	0.0825083	27.3526
6.75899	23.3911	0	27.3526
6.77933	23.3911	0	27.3526
6.78923	23.3911	0	27.478
6.79829	23.3911	0	27.6035
6.79907	23.3911	0.0825083	27.6035
6.81671	23.4736	0	27.6035
6.84041	23.4736	0	27.729
6.86387	23.4736	0	27.729
6.88581	23.4736	0	27.8545
6.89049	23.4736	0	27.8545
6.89531	23.4736	0	27.9799
6.89573	23.5149	0.0825083	27.9799
6.93256	23.5974	0	27.9799
6.95787	23.5974	0	28.1054
6.95822	23.6386	0.0825083	28.1054
6.97694	23.7211	0	28.1054
6.99769	23.7211	0	28.2309
6.9985	23.7211	0.165017	28.2309
7.00011	23.8036	0.0825083	28.2309
7.02762	23.8861	0	28.2309
7.0815	23.8861	0	28.3563
7.13384	23.8861	0	28.4818
7.13487	23.8861	0.165017	28.4818
7.14032	23.9686	0.0825083	28.4818
7.14056	24.0512	0	28.4818
7.14097	24.0924	0.0825083	28.4818
7.16516	24.1749	0	28.4818
7.1732	24.2162	0.0825083	28.4818
7.17886	24.2987	0	28.4818
7.19564	24.2987	0	28.7327
7.2239	24.2987	0	28.8582
7.22708	24.2987	0.165017	28.8582
7.22892	24.3812	0.0825083	28.8582
7.23673	24.4637	0	28.8582
7.28631	24.4637	0	28.9837
7.32773	24.4637	0	29.1092
7.32896	24.4637	0.165017	29.1092
7.32992	24.5462	0.0825083	29.1092
7.33851	24.6287	0	29.1092
7.33921	24.6287	0	29.2346
7.387	24.6287	0	29.2346
7.38721	24.67	0.0825083	29.2346
7.40718	24.7525	0	29.2346
7.45932	24.7525	0	29.3601
7.46756	24.7525	0	29.4856
7.56347	24.7525	0	29.611
7.56902	24.7937	0.0825083	29.611
7.5774	24.8762	0	29.611
7.57925	24.8762	0.0825083	29.611
7.58126	24.9587	0	29.611
7.60011	24.9587	0	29.7365
7.60126	24.9587	0.165017	29.7365
7.60156	25	0.247525	29.7365
7.60242	25.0825	0.165017	29.7365
7.60349	25.0825	0.165017	29.862
7.6054	25.165	0.0825083	29.862
7.64204	25.2475	0	29.862
7.6453	25.2475	0.165017	29.862
7.64675	25.33	0.0825083	29.862
7.70174	25.4125	0	29.862
7.70254	25.4125	0.165017	29.862
7.70457	25.4951	0.0825083	29.862
7.71403	25.5776	0	29.862
7.72981	25.5776	0	29.862
7.73138	25.6188	0.0825083	29.862
7.7357	25.7013	0	29.862
7.73577	25.7013	0.165017	29.862
7.73819	25.7838	0.0825083	29.862
7.75654	25.8663	0	29.862
7.75657	25.9076	0.0825083	29.862
7.78982	25.9901	0	29.862
7.79713	25.9901	0	29.9875
7.80711	25.9901	0	29.9875
7.80859	25.9901	0	30.1129
7.81015	26.0314	0.0825083	30.1129
7.85065	26.1139	0	30.1129
7.86099	26.1139	0	30.2384
7.862	26.1139	0.0825083	30.2384
7.88004	26.1964	0	30.2384
7.89947	26.1964	0	30.3639
7.92646	26.1964	0	30.3639
7.92673	26.1964	0.0825083	30.3639
7.93132	26.1964	0.0825083	30.4893
7.93445	26.2789	0	30.4893
7.94518	26.2789	0	30.6148
7.94592	26.3201	0.0825083	30.6148
7.95624	26.4026	0	30.6148
7.96051	26.4026	0.165017	30.6148
7.96283	26.4851	0.0825083	30.6148
8.04603	26.5677	0	30.6148
8.04653	26.5677	0.165017	30.6148
8.04778	26.6502	0.0825083	30.6148
8.09246	26.7327	0	30.6148
8.1216	26.7327	0	30.7403
8.12233	26.7739	0.0825083	30.7403
8.14442	26.8564	0	30.7403
8.15068	26.8977	0.0825083	30.7403
8.15224	26.9802	0	30.7403
8.17698	26.9802	0	30.8657
8.17748	26.9802	0.165017	30.8657
8.17941	27.0627	0.0825083	30.8657
8.18116	27.1452	0	30.8657
8.21968	27.1452	0	30.9912
8.22039	27.1452	0.0825083	30.9912
8.23748	27.2277	0	30.9912
8.23802	27.2277	0.165017	30.9912
8.23931	27.3102	0.0825083	30.9912
8.25239	27.3927	0	30.9912
8.29584	27.3927	0	31.1167
8.29869	27.3927	0.0825083	31.1167
8.31872	27.4752	0	31.1167
8.32126	27.4752	0	31.2422
8.32198	27.5165	0.0825083	31.2422
8.3357	27.599	0	31.2422
8.37195	27.599	0	31.3676
8.40975	27.599	0	31.3676
8.46177	27.599	0	31.4931
8.46236	27.599	0.165017	31.4931
8.46503	27.6815	0.0825083	31.4931
8.47091	27.764	0	31.4931
8.47131	27.8053	0.0825083	31.4931
8.47775	27.8878	0	31.4931
8.49248	27.8878	0	31.6186
8.51155	27.8878	0	31.744
8.51438	27.8878	0	31.744
8.53933	27.8878	0	31.8695
8.54414	27.929	0.0825083	31.8695
8.54981	28.0116	0	31.8695
8.55531	28.0116	0	31.995
8.56211	28.0116	0.165017	31.995
8.56251	28.0941	0.0825083	31.995
8.56489	28.0941	0.0825083	32.1205
8.56873	28.1766	0	32.1205
8.58433	28.1766	0	32.2459
8.59947	28.1766	0	32.4969
8.60059	28.2178	0.0825083	32.4969
8.62629	28.3003	0	32.4969
8.62652	28.3416	0.0825083	32.4969
8.65097	28.4241	0	32.4969
8.65455	28.4653	0.0825083	32.4969
8.65617	28.5066	0.165017	32.4969
8.65772	28.5891	0.0825083	32.4969
8.69691	28.6716	0	32.4969
8.73311	28.6716	0	32.6223
8.7348	28.6716	0	32.6223
8.73605	28.7129	0.0825083	32.6223
8.76028	28.7954	0	32.6223
8.84788	28.7954	0	32.7478
8.8485	28.8366	0.0825083	32.7478
8.85128	28.9191	0	32.7478
8.85347	28.9604	0.0825083	32.7478
8.85382	29.0429	0	32.7478
8.85555	29.0842	0.0825083	32.7478
8.89705	29.1667	0	32.7478
8.96603	29.1667	0	32.8733
8.97259	29.2079	0.0825083	32.8733
8.97512	29.2079	0.0825083	32.9987
8.98332	29.2904	0	32.9987
9.00301	29.2904	0	33.1242
9.04011	29.2904	0	33.2497
9.07793	29.2904	0	33.3752
9.08327	29.2904	0	33.5006
9.08756	29.3317	0.0825083	33.5006
9.09517	29.4142	0	33.5006
9.09692	29.4142	0.0825083	33.5006
9.12459	29.4967	0	33.5006
9.12564	29.4967	0	33.6261
9.13702	29.4967	0	33.7516
9.1563	29.4967	0	34.0025
9.15667	29.4967	0	34.2535
9.15781	29.538	0.0825083	34.2535
9.17737	29.6205	0	34.2535
9.1795	29.6617	0.0825083	34.2535
9.22613	29.7442	0	34.2535
9.22674	29.7442	0.165017	34.2535
9.22699	29.8267	0.0825083	34.2535
9.22842	29.9092	0	34.2535
9.25517	29.9092	0	34.3789
9.25601	29.9092	0	34.5044
9.25739	29.9092	0.0825083	34.5044
9.26369	29.9917	0	34.5044
9.26674	30.033	0.0825083	34.5044
9.30996	30.1155	0	34.5044
9.31022	30.1155	0.165017	34.5044
9.31133	30.1155	0.165017	34.6299
9.31167	30.1155	0.165017	34.8808
9.31221	30.198	0.0825083	34.8808
9.36053	30.2805	0	34.8808
9.37208	30.2805	0	35.1317
9.37238	30.3218	0.0825083	35.1317
9.37336	30.363	0.165017	35.1317
9.37404	30.4455	0.0825083	35.1317
9.37523	30.4455	0.165017	35.1317
9.3757	30.5281	0.0825083	35.1317
9.41803	30.6106	0	35.1317
9.48303	30.6106	0	35.2572
9.48381	30.6518	0.0825083	35.2572
9.51871	30.7343	0	35.2572
9.52197	30.7343	0	35.3827
9.52333	30.7756	0.0825083	35.3827
9.60509	30.8581	0	35.3827
9.62418	30.8581	0	35.5082
9.62448	30.8993	0.0825083	35.5082
9.62845	30.9818	0	35.5082
9.62892	30.9818	0.165017	35.5082
9.63557	31.0644	0.0825083	35.5082
9.6369	31.1469	0	35.5082
9.65998	31.1469	0	35.5082
9.66342	31.1469	0	35.6336
9.66376	31.1469	0.0825083	35.6336
9.69924	31.2294	0	35.6336
9.70029	31.2294	0.165017	35.6336
9.70403	31.3119	0.0825083	35.6336
9.70615	31.3119	0.0825083	35.6336
9.70673	31.3944	0	35.6336
9.71045	31.3944	0	35.7591
9.715	31.3944	0	36.01
9.71608	31.4356	0.0825083	36.01
9.71783	31.4356	0.0825083	36.01
9.73815	31.5182	0	36.01
9.73856	31.5594	0.0825083	36.01
9.7828	31.6419	0	36.01
9.79237	31.6419	0	36.1355
9.79495	31.6832	0.0825083	36.1355
9.79602	31.7657	0	36.1355
9.82289	31.7657	0	36.261
9.82582	31.8069	0.0825083	36.261
9.82634	31.8069	0.247525	36.261
9.83122	31.8894	0.165017	36.261
9.83128	31.9719	0.0825083	36.261
9.84872	32.0545	0	36.261
9.85495	32.0545	0	36.3864
9.87097	32.0545	0	36.6374
9.87501	32.0545	0	36.7629
9.87837	32.0545	0	36.8883
9.88077	32.0957	0.0825083	36.8883
9.9243	32.1782	0	36.8883
9.92889	32.1782	0.165017	36.8883
9.93176	32.2607	0.0825083	36.8883
9.93837	32.3432	0	36.8883
9.95152	32.3432	0	37.0138
9.95175	32.3432	0.165017	37.0138
9.95265	32.4257	0.0825083	37.0138
9.96459	32.5083	0	37.0138
9.96562	32.5083	0.0825083	37.0138
9.98206	32.5908	0	37.0138
9.99463	32.5908	0	37.2647
9.99506	32.5908	0.165017	37.2647
9.99584	32.6733	0.0825083	37.2647
10.02	32.7558	0	37.2647
10.034	32.7558	0	37.3902
10.0463	32.7558	0	37.6412
10.0467	32.797	0.0825083	37.6412
10.06	32.8795	0	37.6412
10.0677	32.9208	0.0825083	37.6412
10.1099	33.0033	0	37.6412
10.1182	33.0033	0	37.7666
10.1475	33.0033	0	37.8921
10.1488	33.0033	0.165017	37.8921
10.1499	33.0858	0.0825083	37.8921
10.1986	33.1683	0	37.8921
10.2014	33.2096	0.0825083	37.8921
10.2022	33.2921	0	37.8921
10.2026	33.2921	0.165017	37.8921
10.2029	33.3746	0.0825083	37.8921
10.2141	33.4571	0	37.8921
10.2407	33.4571	0	38.0176
10.241	33.4571	0.0825083	38.0176
10.2524	33.5396	0	38.0176
10.2597	33.5396	0	38.0176
10.2598	33.5809	0.0825083	38.0176
10.2646	33.6634	0	38.0176
10.2651	33.7046	0.0825083	38.0176
10.2876	33.7871	0	38.0176
10.294	33.7871	0	38.143
10.2942	33.7871	0.165017	38.143
10.2946	33.8696	0.0825083	38.143
10.321	33.9521	0	38.143
10.338	33.9521	0	38.2685
10.344	33.9521	0	38.394
10.36	33.9521	0	38.5194
10.3614	33.9521	0.165017	38.5194
10.3625	34.0347	0.0825083	38.5194
10.3794	34.1172	0	38.5194
10.3798	34.1584	0.0825083	38.5194
10.3888	34.1584	0.0825083	38.6449
10.4347	34.2409	0	38.6449
10.4454	34.2822	0.0825083	38.6449
10.4455	34.3647	0	38.6449
10.446	34.3647	0	38.7704
10.452	34.3647	0	39.0213
10.5043	34.3647	0	39.1468
10.5084	34.4059	0.0825083	39.1468
10.5111	34.4884	0	39.1468
10.5648	34.4884	0	39.2723
10.5668	34.4884	0.0825083	39.2723
10.6235	34.571	0	39.2723
10.6253	34.571	0	39.3977
10.6259	34.571	0.165017	39.3977
10.6285	34.571	0.330033	39.3977
10.6297	34.6535	0.247525	39.3977
10.6302	34.736	0.165017	39.3977
10.632	34.8185	0.0825083	39.3977
10.6376	34.901	0	39.3977
10.6382	34.901	0	39.5232
10.6561	34.901	0	39.6487
10.6629	34.901	0	39.7742
10.6738	34.901	0	39.7742
10.6924	34.901	0	39.8996
10.6951	34.901	0	40.0251
10.6956	34.9422	0.0825083	40.0251
10.701	35.0248	0	40.0251
10.7023	35.0248	0	40.276
10.7046	35.0248	0	40.4015
10.7049	35.066	0.0825083	40.4015
10.706	35.066	0.0825083	40.527
10.7528	35.1485	0	40.527
10.7862	35.1485	0	40.6524
10.7916	35.1485	0	40.7779
10.792	35.1485	0	40.9034
10.8015	35.1485	0	41.1543
10.8016	35.1485	0.0825083	41.1543
10.8109	35.231	0	41.1543
10.8417	35.231	0	41.2798
10.8509	35.231	0	41.4053
10.8541	35.231	0.165017	41.4053
10.8626	35.3135	0.0825083	41.4053
10.9076	35.396	0	41.4053
10.9198	35.396	0	41.6562
10.9215	35.396	0	41.9072
10.9254	35.4373	0.0825083	41.9072
10.9305	35.5198	0	41.9072
10.9593	35.5198	0	42.0326
10.9606	35.5611	0.0825083	42.0326
10.9821	35.6436	0	42.0326
10.9905	35.6848	0.0825083	42.0326
11.0163	35.7673	0	42.0326
11.0185	35.7673	0.0825083	42.0326
11.0411	35.8498	0	42.0326
11.0665	35.8498	0	42.1581
11.0685	35.8498	0.0825083	42.1581
11.0699	35.9323	0	42.1581
11.077	35.9323	0	42.2836
11.0802	35.9736	0.0825083	42.2836
11.0945	36.0561	0	42.2836
11.0952	36.0974	0.0825083	42.2836
11.111	36.1799	0	42.2836
11.1306	36.1799	0	42.409
11.1358	36.1799	0	42.5345
11.1377	36.1799	0.0825083	42.5345
11.1702	36.2624	0	42.5345
11.1752	36.2624	0	42.7854
11.1786	36.3036	0.0825083	42.7854
11.1963	36.3861	0	42.7854
11.2564	36.3861	0	42.9109
11.2583	36.4274	0.0825083	42.9109
11.2584	36.4274	0.247525	42.9109
11.2591	36.5099	0.165017	42.9109
11.2605	36.5924	0.0825083	42.9109
11.2716	36.6749	0	42.9109
11.2719	36.7162	0.0825083	42.9109
11.2882	36.7987	0	42.9109
11.2936	36.7987	0.0825083	42.9109
11.3	36.8812	0	42.9109
11.3014	36.9224	0.0825083	42.9109
11.3473	37.005	0	42.9109
11.354	37.005	0	43.0364
11.3551	37.005	0	43.2873
11.414	37.005	0	43.4128
11.4407	37.005	0	43.5383
11.4444	37.005	0	43.5383
11.4498	37.005	0	43.6637
11.4657	37.005	0	43.9147
11.4667	37.0462	0.0825083	43.9147
11.4958	37.1287	0	43.9147
11.5036	37.1287	0	43.9147
11.5073	37.1287	0	44.0401
11.5114	37.1287	0.0825083	44.0401
11.5301	37.2112	0	44.0401
11.5303	37.2112	0.0825083	44.0401
11.5331	37.2937	0	44.0401
11.5553	37.2937	0	44.1656
11.556	37.335	0.0825083	44.1656
11.5578	37.4175	0	44.1656
11.5595	37.4587	0.0825083	44.1656
11.6723	37.5413	0	44.1656
11.6747	37.5825	0.0825083	44.1656
11.6788	37.665	0	44.1656
11.7373	37.665	0	44.2911
11.7393	37.7063	0.0825083	44.2911
11.7402	37.7063	0.0825083	44.4166
11.7477	37.7888	0	44.4166
11.7493	37.83	0.0825083	44.4166
11.764	37.9125	0	44.4166
11.8412	37.9125	0	44.542
11.8448	37.9538	0.0825083	44.542
11.845	38.0363	0	44.542
11.845	38.0776	0.0825083	44.542
11.8474	38.0776	0.0825083	44.6675
11.8491	38.1601	0	44.6675
11.8573	38.1601	0	44.9184
11.8576	38.1601	0.165017	44.9184
11.8588	38.2426	0.0825083	44.9184
11.8659	38.3251	0	44.9184
11.8665	38.3663	0.0825083	44.9184
11.8686	38.4488	0	44.9184
11.8707	38.4901	0.0825083	44.9184
11.9025	38.5726	0	44.9184
11.9349	38.5726	0	45.1694
11.9439	38.5726	0	45.2949
11.9439	38.6139	0.0825083	45.2949
11.9602	38.6964	0	45.2949
11.9617	38.7376	0.0825083	45.2949
11.9625	38.7789	0.165017	45.2949
11.9627	38.8614	0.0825083	45.2949
11.9687	38.9439	0	45.2949
11.9922	38.9439	0	45.4203
11.9931	38.9851	0.0825083	45.4203
11.9956	39.0677	0	45.4203
11.9993	39.1089	0.0825083	45.4203
12.0076	39.1089	0.0825083	45.5458
12.0116	39.1089	0.0825083	45.5458
12.0492	39.1914	0	45.5458
12.0979	39.1914	0	45.7967
12.1393	39.1914	0	46.0477
12.1508	39.1914	0	46.1731
12.1511	39.1914	0.165017	46.1731
12.1514	39.2739	0.0825083	46.1731
12.1566	39.3564	0	46.1731
12.1782	39.3564	0	46.2986
12.1792	39.3564	0	46.4241
12.18	39.3977	0.0825083	46.4241
12.2259	39.4802	0	46.4241
12.2282	39.5215	0.0825083	46.4241
12.2303	39.604	0	46.4241
12.233	39.604	0	46.5496
12.2475	39.604	0	46.8005
12.2487	39.6452	0.0825083	46.8005
12.2696	39.7277	0	46.8005
12.283	39.7277	0	46.926
12.3616	39.7277	0	47.1769
12.3874	39.7277	0	47.4279
12.3885	39.769	0.0825083	47.4279
12.404	39.8515	0	47.4279
12.4261	39.8515	0	47.6788
12.4289	39.8515	0.0825083	47.6788
12.5088	39.934	0	47.6788
12.5741	39.934	0	47.8043
12.5817	39.934	0	47.9297
12.6493	39.934	0	48.0552
12.6494	39.9752	0.0825083	48.0552
12.6753	40.0578	0	48.0552
12.7046	40.0578	0	48.1807
12.7063	40.099	0.0825083	48.1807
12.7115	40.1815	0	48.1807
12.7412	40.1815	0	48.3061
12.743	40.1815	0.0825083	48.3061
12.7433	40.1815	0.247525	48.3061
12.744	40.264	0.165017	48.3061
12.7464	40.3465	0.0825083	48.3061
12.7919	40.429	0	48.3061
12.8353	40.429	0	48.4316
12.8361	40.4703	0.0825083	48.4316
12.8378	40.5528	0	48.4316
12.8391	40.5941	0.0825083	48.4316
12.8641	40.6766	0	48.4316
12.8671	40.6766	0.165017	48.4316
12.8693	40.7591	0.0825083	48.4316
12.8719	40.8416	0	48.4316
12.8746	40.8828	0.0825083	48.4316
12.894	40.9653	0	48.4316
12.894	41.0066	0.0825083	48.4316
12.9164	41.0891	0	48.4316
12.9202	41.0891	0	48.5571
12.9933	41.0891	0	48.6826
12.9984	41.1304	0.0825083	48.6826
13.0099	41.2129	0	48.6826
13.0128	41.2129	0.165017	48.6826
13.014	41.2954	0.0825083	48.6826
13.0274	41.3779	0	48.6826
13.0874	41.3779	0	48.808
13.0881	41.3779	0.0825083	48.808
13.0913	41.4604	0	48.808
13.0936	41.5017	0.0825083	48.808
13.1375	41.5842	0	48.808
13.1382	41.5842	0.0825083	48.808
13.2089	41.6667	0	48.808
13.2163	41.6667	0	48.9335
13.2166	41.7079	0.0825083	48.9335
13.2185	41.7904	0	48.9335
13.2191	41.8317	0.0825083	48.9335
13.2319	41.9142	0	48.9335
13.299	41.9142	0	49.059
13.3548	41.9142	0	49.3099
13.4146	41.9142	0	49.4354
13.4153	41.9142	0	49.5609
13.4177	41.9554	0.0825083	49.5609
13.4243	42.038	0	49.5609
13.4331	42.038	0	49.6863
13.4578	42.038	0	49.8118
13.468	42.038	0	49.9373
13.5591	42.038	0	50.0627
13.5813	42.038	0	50.1882
13.5817	42.0792	0.0825083	50.1882
13.6171	42.1617	0	50.1882
13.627	42.1617	0	50.1882
13.6372	42.1617	0	50.3137
13.6596	42.1617	0	50.4391
13.669	42.1617	0	50.6901
13.6765	42.1617	0	50.8156
13.6962	42.1617	0	50.941
13.7035	42.203	0.0825083	50.941
13.716	42.2855	0	50.941
13.7632	42.2855	0	51.192
13.7747	42.2855	0	51.4429
13.776	42.3267	0.0825083	51.4429
13.7829	42.4092	0	51.4429
13.8377	42.4092	0	51.5684
13.8772	42.4092	0	51.8193
13.892	42.4092	0	51.9448
13.8926	42.4092	0.165017	51.9448
13.895	42.4917	0.0825083	51.9448
13.8991	42.5743	0	51.9448
13.8997	42.6155	0.0825083	51.9448
13.9147	42.698	0	51.9448
13.9164	42.7393	0.0825083	51.9448
13.9242	42.8218	0	51.9448
13.9242	42.8218	0	52.0703
13.9304	42.8218	0.0825083	52.0703
13.9977	42.9043	0	52.0703
14.0407	42.9043	0	52.1957
14.0411	42.9043	0.165017	52.1957
14.0425	42.9868	0.0825083	52.1957
14.0673	43.0693	0	52.1957
14.0673	43.1106	0.0825083	52.1957
14.0715	43.1106	0.0825083	52.3212
14.0889	43.1931	0	52.3212
14.1175	43.1931	0	52.4467
14.1689	43.1931	0	52.5721
14.1713	43.1931	0	52.6976
14.1717	43.1931	0.165017	52.6976
14.1759	43.2756	0.0825083	52.6976
14.1838	43.3581	0	52.6976
14.1861	43.3993	0.0825083	52.6976
14.2065	43.4818	0	52.6976
14.2378	43.4818	0	52.8231
14.2644	43.4818	0	52.9486
14.2657	43.4818	0.165017	52.9486
14.2684	43.5644	0.0825083	52.9486
14.2742	43.6469	0	52.9486
14.2759	43.6881	0.0825083	52.9486
14.3264	43.7706	0	52.9486
14.331	43.8119	0.0825083	52.9486
14.4151	43.8944	0	52.9486
14.4174	43.8944	0	53.074
14.4632	43.8944	0	53.1995
14.4634	43.8944	0	53.325
14.4636	43.9356	0.0825083	53.325
14.4662	44.0182	0	53.325
14.4694	44.0594	0.0825083	53.325
14.5457	44.1419	0	53.325
14.5833	44.1419	0	53.4504
14.5951	44.1419	0	53.5759
14.5963	44.1419	0.165017	53.5759
14.5971	44.2244	0.0825083	53.5759
14.5978	44.3069	0	53.5759
14.6788	44.3069	0	53.8269
14.6976	44.3069	0	53.9523
14.6988	44.3482	0.0825083	53.9523
14.7514	44.4307	0	53.9523
14.7545	44.4719	0.0825083	53.9523
14.7995	44.5545	0	53.9523
14.7996	44.5957	0.0825083	53.9523
14.8266	44.6782	0	53.9523
14.852	44.6782	0	54.0778
14.9149	44.6782	0	54.2033
14.9479	44.6782	0	54.4542
14.9985	44.6782	0	54.5797
14.9998	44.6782	0.165017	54.5797
15.0019	44.7607	0.0825083	54.5797
15.0097	44.8432	0	54.5797
15.0306	44.8432	0	54.7051
15.0322	44.8432	0.0825083	54.7051
15.0753	44.9257	0	54.7051
15.0756	44.9257	0.165017	54.7051
15.0757	45.0083	0.0825083	54.7051
15.083	45.0908	0	54.7051
15.0841	45.132	0.0825083	54.7051
15.0917	45.2145	0	54.7051
15.0946	45.2558	0.0825083	54.7051
15.0949	45.2558	0.0825083	54.8306
15.1045	45.3383	0	54.8306
15.1159	45.3795	0.0825083	54.8306
15.1841	45.462	0	54.8306
15.1884	45.462	0	55.0816
15.2107	45.462	0	55.207
15.2134	45.462	0.0825083	55.207
15.2134	45.5033	0.165017	55.207
15.2179	45.5858	0.0825083	55.207
15.2182	45.6683	0	55.207
15.2224	45.7096	0.0825083	55.207
15.2993	45.7921	0	55.207
15.3015	45.7921	0.165017	55.207
15.3022	45.8746	0.0825083	55.207
15.3122	45.9571	0	55.207
15.3139	45.9571	0.0825083	55.207
15.3215	46.0396	0	55.207
15.3215	46.0809	0.0825083	55.207
15.3862	46.1634	0	55.207
15.3951	46.2046	0.0825083	55.207
15.4372	46.2871	0	55.207
15.4411	46.3284	0.0825083	55.207
15.4597	46.4109	0	55.207
15.4597	46.4109	0.0825083	55.207
15.5556	46.4934	0	55.207
15.5556	46.5347	0.0825083	55.207
15.5765	46.6172	0	55.207
15.5821	46.6584	0.0825083	55.207
15.6464	46.7409	0	55.207
15.6518	46.7409	0	55.3325
15.7149	46.7409	0	55.458
15.7197	46.7822	0.0825083	55.458
15.7249	46.8647	0	55.458
15.7258	46.9059	0.0825083	55.458
15.7276	46.9884	0	55.458
15.7281	47.0297	0.0825083	55.458
15.7405	47.1122	0	55.458
15.7438	47.1122	0	55.5834
15.7451	47.1535	0.0825083	55.5834
15.8778	47.236	0	55.5834
15.8797	47.2772	0.0825083	55.5834
15.8828	47.3597	0	55.5834
16.0365	47.3597	0	55.8344
16.0369	47.401	0.0825083	55.8344
16.0556	47.4835	0	55.8344
16.0974	47.4835	0	55.9599
16.0991	47.4835	0	56.0853
16.1017	47.5248	0.0825083	56.0853
16.1199	47.6073	0	56.0853
16.124	47.6073	0.165017	56.0853
16.1281	47.6898	0.0825083	56.0853
16.1642	47.7723	0	56.0853
16.1667	47.8135	0.0825083	56.0853
16.1776	47.896	0	56.0853
16.1912	47.896	0	56.2108
16.213	47.896	0	56.3363
16.2171	47.896	0	56.4617
16.2174	47.9373	0.0825083	56.4617
16.2197	48.0198	0	56.4617
16.221	48.0611	0.0825083	56.4617
16.3212	48.1436	0	56.4617
16.3437	48.1436	0	56.5872
16.3777	48.1436	0	56.7127
16.3819	48.1848	0.0825083	56.7127
16.3915	48.2673	0	56.7127
16.3953	48.3086	0.0825083	56.7127
16.4304	48.3911	0	56.7127
16.4305	48.4323	0.0825083	56.7127
16.4582	48.5149	0	56.7127
16.4821	48.5149	0	56.8381
16.4843	48.5149	0	57.0891
16.531	48.5149	0	57.2146
16.5387	48.5149	0	57.34
16.6123	48.5149	0	57.591
16.615	48.5561	0.0825083	57.591
16.6387	48.6386	0	57.591
16.6419	48.6799	0.0825083	57.591
16.6496	48.7624	0	57.591
16.6586	48.7624	0.0825083	57.591
16.8298	48.8449	0	57.591
16.8355	48.8449	0	57.7164
16.8359	48.8449	0.165017	57.7164
16.8376	48.9274	0.0825083	57.7164
16.8392	48.9686	0.165017	57.7164
16.8404	49.0512	0.0825083	57.7164
16.8742	49.1337	0	57.7164
17.0032	49.1337	0	57.8419
17.0052	49.1337	0.0825083	57.8419
17.0629	49.2162	0	57.8419
17.063	49.2574	0.0825083	57.8419
17.0633	49.3399	0	57.8419
17.0661	49.3812	0.0825083	57.8419
17.0717	49.4637	0	57.8419
17.0788	49.4637	0	57.9674
17.0865	49.505	0.0825083	57.9674
17.146	49.5875	0	57.9674
17.1572	49.5875	0	58.0928
17.1572	49.6287	0.0825083	58.0928
17.1832	49.7112	0	58.0928
17.1847	49.7112	0.165017	58.0928
17.1851	49.7937	0.0825083	58.0928
17.2012	49.8762	0	58.0928
17.2032	49.9175	0.0825083	58.0928
17.2179	50	0	58.0928
17.218	50	0.165017	58.0928
17.2181	50.0825	0.0825083	58.0928
17.2612	50.165	0	58.0928
17.2757	50.165	0	58.2183
17.2976	50.165	0	58.3438
17.3085	50.165	0	58.4693
17.3087	50.2063	0.0825083	58.4693
17.3146	50.2888	0	58.4693
17.3151	50.2888	0.165017	58.4693
17.3177	50.3713	0.0825083	58.4693
17.3708	50.4538	0	58.4693
17.3718	50.495	0.0825083	58.4693
17.4274	50.5776	0	58.4693
17.4697	50.5776	0	58.5947
17.4752	50.6188	0.0825083	58.5947
17.5028	50.7013	0	58.5947
17.5032	50.7013	0.165017	58.5947
17.5068	50.7838	0.0825083	58.5947
17.5508	50.8663	0	58.5947
17.5513	50.8663	0.165017	58.5947
17.5516	50.9488	0.0825083	58.5947
17.5773	51.0314	0	58.5947
17.6888	51.0314	0	58.5947
17.6986	51.0314	0	58.7202
17.718	51.0314	0	58.7202
17.7209	51.0314	0.0825083	58.7202
17.7746	51.1139	0	58.7202
17.7774	51.1551	0.0825083	58.7202
17.8268	51.2376	0	58.7202
17.8268	51.2376	0.165017	58.7202
17.8283	51.3201	0.0825083	58.7202
17.8346	51.4026	0	58.7202
17.8385	51.4439	0.0825083	58.7202
17.8533	51.5264	0	58.7202
17.8758	51.5264	0	58.9711
17.8762	51.5677	0.0825083	58.9711
17.8984	51.6502	0	58.9711
17.9005	51.6914	0.0825083	58.9711
18.0154	51.7739	0	58.9711
18.0368	51.7739	0	59.2221
18.0541	51.7739	0	59.473
18.055	51.8152	0.0825083	59.473
18.0922	51.8977	0	59.473
18.0935	51.8977	0.0825083	59.473
18.1015	51.9802	0	59.473
18.1094	51.9802	0	59.724
18.1254	51.9802	0	59.8494
18.1497	51.9802	0	60.1004
18.3242	51.9802	0	60.2258
18.3246	51.9802	0.165017	60.2258
18.3252	52.0627	0.0825083	60.2258
18.347	52.1452	0	60.2258
18.3566	52.1865	0.0825083	60.2258
18.3589	52.1865	0.0825083	60.3513
18.3626	52.269	0	60.3513
18.5315	52.269	0	60.6023
18.5544	52.269	0	60.7277
18.5726	52.269	0	60.8532
18.5727	52.269	0.165017	60.8532
18.5735	52.3515	0.0825083	60.8532
18.6031	52.434	0	60.8532
18.6031	52.4752	0.0825083	60.8532
18.7269	52.5578	0	60.8532
18.7361	52.5578	0	60.9787
18.7574	52.5578	0	61.1041
18.8189	52.5578	0	61.3551
18.8494	52.5578	0	61.606
18.8511	52.5578	0.0825083	61.606
18.9064	52.6403	0	61.606
18.9077	52.6403	0.0825083	61.606
18.9538	52.7228	0	61.606
18.9551	52.7228	0.0825083	61.606
18.9779	52.8053	0	61.606
19.0498	52.8053	0	61.857
19.0499	52.8465	0.0825083	61.857
19.058	52.929	0	61.857
19.062	52.9703	0.0825083	61.857
19.1421	53.0528	0	61.857
19.1428	53.0528	0.165017	61.857
19.145	53.1353	0.0825083	61.857
19.1558	53.2178	0	61.857
19.1558	53.2591	0.0825083	61.857
19.1784	53.3416	0	61.857
19.1801	53.3828	0.0825083	61.857
19.1839	53.4653	0	61.857
19.187	53.5066	0.0825083	61.857
19.2245	53.5891	0	61.857
19.228	53.5891	0	61.9824
19.2747	53.5891	0	62.2334
19.2763	53.5891	0.0825083	62.2334
19.2994	53.6716	0	62.2334
19.3023	53.7129	0.0825083	62.2334
19.3166	53.7954	0	62.2334
19.3319	53.7954	0	62.3588
19.4087	53.7954	0	62.4843
19.4139	53.7954	0	62.6098
19.4804	53.7954	0	62.8607
19.4831	53.8366	0.0825083	62.8607
19.5579	53.9191	0	62.8607
19.6229	53.9191	0	62.9862
19.6351	53.9191	0	63.1117
19.6592	53.9191	0	63.2371
19.6638	53.9191	0.0825083	63.2371
19.7633	54.0017	0	63.2371
19.7633	54.0017	0.165017	63.2371
19.7638	54.0429	0.247525	63.2371
19.7645	54.1254	0.165017	63.2371
19.7691	54.2079	0.0825083	63.2371
19.7762	54.2904	0	63.2371
19.8292	54.2904	0	63.3626
19.8351	54.2904	0	63.4881
19.8353	54.3317	0.0825083	63.4881
19.876	54.4142	0	63.4881
19.8761	54.4554	0.0825083	63.4881
19.9322	54.538	0	63.4881
19.949	54.538	0	63.6136
19.9495	54.538	0.0825083	63.6136
19.9498	54.6205	0	63.6136
19.9509	54.6205	0.165017	63.6136
19.9617	54.703	0.0825083	63.6136
20.013	54.7855	0	63.6136
20.0148	54.8267	0.0825083	63.6136
20.0155	54.9092	0	63.6136
20.0155	54.9505	0.0825083	63.6136
20.0597	55.033	0	63.6136
20.0824	55.033	0	63.8645
20.0832	55.033	0	63.99
20.0854	55.0743	0.0825083	63.99
20.1392	55.1568	0	63.99
20.1658	55.1568	0	64.2409
20.1718	55.1568	0.0825083	64.2409
20.2145	55.2393	0	64.2409
20.2628	55.2393	0	64.4918
20.2738	55.2393	0	64.6173
20.2752	55.2805	0.0825083	64.6173
20.309	55.363	0	64.6173
20.3443	55.363	0	64.7428
20.4042	55.363	0	64.8683
20.4065	55.4043	0.0825083	64.8683
20.4654	55.4868	0	64.8683
20.4813	55.4868	0	64.9937
20.5297	55.4868	0	65.1192
20.5319	55.5281	0.0825083	65.1192
20.6629	55.6106	0	65.1192
20.6645	55.6106	0.165017	65.1192
20.6647	55.6931	0.0825083	65.1192
20.7009	55.7756	0	65.1192
20.7013	55.8168	0.0825083	65.1192
20.7151	55.8993	0	65.1192
20.754	55.8993	0	65.3701
20.785	55.8993	0	65.6211
20.8005	55.8993	0	65.872
20.8057	55.9406	0.0825083	65.872
20.806	56.0231	0	65.872
20.8171	56.0644	0.0825083	65.872
20.8758	56.1469	0	65.872
20.8859	56.1469	0	66.123
20.925	56.1469	0	66.3739
20.9509	56.1469	0	66.4994
20.9557	56.1881	0.0825083	66.4994
20.9971	56.2706	0	66.4994
20.9986	56.3119	0.0825083	66.4994
21.0063	56.3944	0	66.4994
21.0082	56.3944	0.165017	66.4994
21.0114	56.4769	0.0825083	66.4994
21.0875	56.5594	0	66.4994
21.135	56.5594	0	66.7503
21.1552	56.5594	0	66.8758
21.1556	56.6007	0.0825083	66.8758
21.163	56.6832	0	66.8758
21.1671	56.7244	0.0825083	66.8758
21.1695	56.7244	0.0825083	67.0013
21.1992	56.8069	0	67.0013
21.1996	56.8482	0.0825083	67.0013
21.2355	56.9307	0	67.0013
21.2405	56.9307	0	67.1267
21.513	56.9307	0	67.2522
21.5303	56.9307	0	67.5031
21.5303	56.9719	0.0825083	67.5031
21.5813	57.0545	0	67.5031
21.6279	57.0545	0	67.6286
21.6972	57.0545	0	67.7541
21.7288	57.0545	0	67.8795
21.7312	57.0545	0.165017	67.8795
21.7323	57.137	0.0825083	67.8795
21.7554	57.2195	0	67.8795
21.7557	57.2607	0.0825083	67.8795
21.7939	57.3432	0	67.8795
21.9333	57.3432	0	68.1305
21.9356	57.3845	0.0825083	68.1305
22.0363	57.467	0	68.1305
22.125	57.467	0	68.3814
22.1278	57.5083	0.0825083	68.3814
22.1527	57.5908	0	68.3814
22.1534	57.632	0.0825083	68.3814
22.234	57.7145	0	68.3814
22.2344	57.7145	0.165017	68.3814
22.2348	57.797	0.0825083	68.3814
22.3399	57.8795	0	68.3814
22.3554	57.8795	0	68.5069
22.4534	57.8795	0	68.6324
22.5408	57.8795	0	68.8833
22.5425	57.9208	0.0825083	68.8833
22.5489	58.0033	0	68.8833
22.607	58.0033	0	69.0088
22.6071	58.0446	0.0825083	69.0088
22.7107	58.1271	0	69.0088
22.7245	58.1271	0	69.1343
22.7463	58.1271	0	69.3852
22.7481	58.1271	0	69.6361
22.7681	58.1271	0	69.7616
22.7711	58.1683	0.0825083	69.7616
22.7813	58.2508	0	69.7616
22.8027	58.2508	0	69.8871
22.8031	58.2508	0.165017	69.8871
22.8053	58.3333	0.0825083	69.8871
22.8286	58.4158	0	69.8871
22.8439	58.4158	0	70.138
22.8445	58.4158	0.165017	70.138
22.8449	58.4983	0.0825083	70.138
22.9817	58.5809	0	70.138
22.9837	58.6221	0.0825083	70.138
22.9867	58.7046	0	70.138
22.9971	58.7046	0	70.2635
22.9994	58.7046	0.0825083	70.2635
23.081	58.7871	0	70.2635
23.0968	58.7871	0	70.5144
23.0984	58.8284	0.0825083	70.5144
23.1018	58.9109	0	70.5144
23.1072	58.9109	0	70.6399
23.1086	58.9109	0	70.8908
23.111	58.9521	0.0825083	70.8908
23.1711	59.0347	0	70.8908
23.1723	59.0759	0.0825083	70.8908
23.1793	59.1584	0	70.8908
23.1814	59.1997	0.0825083	70.8908
23.1884	59.2822	0	70.8908
23.1894	59.3234	0.0825083	70.8908
23.251	59.4059	0	70.8908
23.2542	59.4059	0.165017	70.8908
23.2594	59.4884	0.0825083	70.8908
23.2803	59.571	0	70.8908
23.2928	59.571	0	71.1418
23.3521	59.571	0	71.3927
23.3546	59.6122	0.0825083	71.3927
23.3781	59.6947	0	71.3927
23.3782	59.736	0.0825083	71.3927
23.3787	59.7772	0.165017	71.3927
23.3787	59.8597	0.0825083	71.3927
23.4272	59.9422	0	71.3927
23.4286	59.9422	0.0825083	71.3927
23.4302	60.0248	0	71.3927
23.431	60.0248	0.165017	71.3927
23.4315	60.1073	0.0825083	71.3927
23.4601	60.1898	0	71.3927
23.4622	60.231	0.0825083	71.3927
23.4984	60.3135	0	71.3927
23.4998	60.3548	0.0825083	71.3927
23.4998	60.396	0.165017	71.3927
23.5	60.4785	0.0825083	71.3927
23.8113	60.5611	0	71.3927
23.8339	60.5611	0	71.5182
23.8451	60.5611	0	71.6437
23.8452	60.5611	0	71.8946
23.8462	60.6023	0.0825083	71.8946
23.9173	60.6848	0	71.8946
24.0018	60.6848	0	72.0201
24.0139	60.6848	0	72.271
24.0144	60.6848	0	72.522
24.0391	60.6848	0	72.6474
24.0578	60.6848	0	72.7729
24.0603	60.7261	0.0825083	72.7729
24.1309	60.8086	0	72.7729
24.2334	60.8086	0	73.0238
24.2355	60.8498	0.0825083	73.0238
24.2359	60.9323	0	73.0238
24.2372	60.9323	0.165017	73.0238
24.2382	61.0149	0.0825083	73.0238
24.2406	61.0974	0	73.0238
24.2611	61.0974	0	73.2748
24.2652	61.0974	0	73.4003
24.2685	61.1386	0.0825083	73.4003
24.2806	61.2211	0	73.4003
24.2821	61.2211	0.165017	73.4003
24.2857	61.3036	0.0825083	73.4003
24.3021	61.3861	0	73.4003
24.3788	61.3861	0	73.5257
24.3796	61.3861	0.0825083	73.5257
24.4026	61.4686	0	73.5257
24.4034	61.5099	0.0825083	73.5257
24.4317	61.5924	0	73.5257
24.4328	61.6337	0.0825083	73.5257
24.469	61.7162	0	73.5257
24.4698	61.7162	0.0825083	73.5257
24.4813	61.7987	0	73.5257
24.5014	61.7987	0	73.7767
24.5397	61.7987	0	74.0276
24.5401	61.8399	0.0825083	74.0276
24.5595	61.9224	0	74.0276
24.5601	61.9637	0.0825083	74.0276
24.6081	62.0462	0	74.0276
24.6124	62.0875	0.0825083	74.0276
24.7923	62.17	0	74.0276
24.7941	62.2112	0.0825083	74.0276
24.8228	62.2937	0	74.0276
25.0007	62.2937	0	74.1531
25.0963	62.2937	0	74.2785
25.2052	62.2937	0	74.5295
25.2073	62.335	0.0825083	74.5295
25.3162	62.4175	0	74.5295
25.3178	62.4587	0.0825083	74.5295
25.339	62.5413	0	74.5295
25.3439	62.5413	0	74.655
25.349	62.5825	0.0825083	74.655
25.4444	62.665	0	74.655
25.4956	62.665	0	74.9059
25.4998	62.665	0	75.0314
25.508	62.665	0	75.2823
25.5857	62.665	0	75.4078
25.6101	62.665	0	75.6587
25.6144	62.7063	0.0825083	75.6587
25.6458	62.7888	0	75.6587
25.6464	62.7888	0.165017	75.6587
25.6464	62.8713	0.0825083	75.6587
25.7134	62.9538	0	75.6587
25.7151	62.995	0.0825083	75.6587
25.7248	63.0776	0	75.6587
25.7499	63.0776	0	75.7842
25.835	63.0776	0	75.9097
25.8651	63.0776	0	76.0351
25.8652	63.1188	0.0825083	76.0351
25.9025	63.2013	0	76.0351
26.0595	63.2013	0	76.2861
26.0606	63.2013	0.0825083	76.2861
26.0631	63.2838	0	76.2861
26.067	63.2838	0	76.4115
26.067	63.2838	0.165017	76.4115
26.0685	63.3663	0.0825083	76.4115
26.0821	63.4488	0	76.4115
26.0957	63.4901	0.0825083	76.4115
26.2596	63.5726	0	76.4115
26.2598	63.5726	0.0825083	76.4115
26.2839	63.6551	0	76.4115
26.2853	63.6551	0.165017	76.4115
26.2892	63.7376	0.0825083	76.4115
26.3567	63.8201	0	76.4115
26.3913	63.8201	0	76.537
26.3948	63.8614	0.0825083	76.537
26.4844	63.9439	0	76.537
26.4874	63.9851	0.0825083	76.537
26.4948	64.0677	0	76.537
26.4962	64.0677	0.165017	76.537
26.4972	64.1502	0.0825083	76.537
26.5275	64.2327	0	76.537
26.603	64.2327	0	76.788
26.604	64.2327	0.0825083	76.788
26.6341	64.3152	0	76.788
26.6399	64.3564	0.0825083	76.788
26.6741	64.4389	0	76.788
26.6838	64.4389	0.0825083	76.788
26.7428	64.5215	0	76.788
26.7945	64.5215	0	77.0389
26.8679	64.5215	0	77.2898
26.8684	64.5215	0.165017	77.2898
26.8715	64.604	0.0825083	77.2898
26.8885	64.6865	0	77.2898
26.8913	64.7277	0.0825083	77.2898
26.8988	64.8102	0	77.2898
26.915	64.8102	0	77.4153
26.9173	64.8102	0.165017	77.4153
26.9225	64.8927	0.0825083	77.4153
26.9485	64.9753	0	77.4153
26.9503	64.9753	0.165017	77.4153
26.9508	65.0578	0.0825083	77.4153
26.9751	65.1403	0	77.4153
27.0239	65.1403	0	77.6663
27.2137	65.1403	0	77.7917
27.2187	65.1815	0.0825083	77.7917
27.3804	65.264	0	77.7917
27.3804	65.264	0.165017	77.7917
27.3864	65.3465	0.0825083	77.7917
27.4135	65.429	0	77.7917
27.423	65.4703	0.0825083	77.7917
27.4261	65.5528	0	77.7917
27.4345	65.5941	0.0825083	77.7917
27.4372	65.6766	0	77.7917
27.4399	65.7178	0.0825083	77.7917
27.4771	65.8003	0	77.7917
27.4787	65.8416	0.0825083	77.7917
27.5678	65.9241	0	77.7917
27.5831	65.9241	0	78.0427
27.5894	65.9241	0	78.1681
27.6354	65.9241	0	78.2936
27.6425	65.9653	0.0825083	78.2936
27.6519	66.0479	0	78.2936
27.6532	66.0891	0.0825083	78.2936
27.6541	66.0891	0.247525	78.2936
27.6541	66.1716	0.165017	78.2936
27.6545	66.2541	0.0825083	78.2936
27.6667	66.3366	0	78.2936
27.6811	66.3366	0	78.4191
27.699	66.3366	0	78.5445
27.7398	66.3366	0	78.67
27.7425	66.3366	0	78.7955
27.7436	66.3779	0.0825083	78.7955
27.7806	66.4604	0	78.7955
27.8897	66.4604	0	78.921
27.9177	66.4604	0	79.1719
27.9177	66.4604	0.165017	79.1719
27.9178	66.4604	0.165017	79.2974
27.9178	66.5429	0.0825083	79.2974
27.946	66.6254	0	79.2974
27.9482	66.6667	0.0825083	79.2974
27.9491	66.7492	0	79.2974
27.967	66.7492	0	79.5483
27.9675	66.7904	0.0825083	79.5483
28.0097	66.8729	0	79.5483
28.0431	66.8729	0	79.6738
28.0434	66.9142	0.0825083	79.6738
28.2306	66.9967	0	79.6738
28.232	67.038	0.0825083	79.6738
28.2357	67.1205	0	79.6738
28.2375	67.1617	0.0825083	79.6738
28.3541	67.2442	0	79.6738
28.3544	67.2855	0.0825083	79.6738
28.3751	67.368	0	79.6738
28.3824	67.4092	0.0825083	79.6738
28.394	67.4918	0	79.6738
28.3943	67.4918	0.165017	79.6738
28.3972	67.5743	0.0825083	79.6738
28.4032	67.6568	0	79.6738
28.4054	67.6568	0.165017	79.6738
28.4067	67.7393	0.0825083	79.6738
28.438	67.8218	0	79.6738
28.4979	67.8218	0	79.7992
28.5607	67.8218	0	80.0502
28.5617	67.863	0.0825083	80.0502
28.7055	67.9455	0	80.0502
28.7226	67.9455	0	80.3011
28.7251	67.9455	0.165017	80.3011
28.7252	68.0281	0.0825083	80.3011
28.7898	68.1106	0	80.3011
28.7919	68.1518	0.0825083	80.3011
28.8006	68.2343	0	80.3011
28.8009	68.2343	0.165017	80.3011
28.8058	68.3168	0.0825083	80.3011
28.9079	68.3993	0	80.3011
28.9098	68.4406	0.0825083	80.3011
29.0847	68.5231	0	80.3011
29.0887	68.5644	0.0825083	80.3011
29.1172	68.6469	0	80.3011
29.1251	68.6469	0.0825083	80.3011
29.1268	68.6469	0.0825083	80.5521
29.2351	68.7294	0	80.5521
29.2354	68.7294	0.165017	80.5521
29.2427	68.8119	0.0825083	80.5521
29.2546	68.8944	0	80.5521
29.2561	68.9356	0.0825083	80.5521
29.3637	69.0182	0	80.5521
29.3661	69.0594	0.0825083	80.5521
29.3931	69.1419	0	80.5521
29.3942	69.1832	0.0825083	80.5521
29.4279	69.2657	0	80.5521
29.4299	69.3069	0.0825083	80.5521
29.5263	69.3894	0	80.5521
29.5281	69.3894	0.165017	80.5521
29.5289	69.4719	0.0825083	80.5521
29.5705	69.5545	0	80.5521
29.7561	69.5545	0	80.6775
29.8597	69.5545	0	80.803
29.9557	69.5545	0	80.9285
30.0657	69.5545	0	81.1794
30.0704	69.5545	0.165017	81.1794
30.0721	69.637	0.0825083	81.1794
30.0984	69.7195	0	81.1794
30.3069	69.7195	0	81.4304
30.3105	69.7195	0.0825083	81.4304
30.3138	69.802	0	81.4304
30.3182	69.802	0	81.6813
30.3299	69.802	0	81.9322
30.33	69.8432	0.0825083	81.9322
30.3815	69.9257	0	81.9322
30.3847	69.967	0.0825083	81.9322
30.4089	70.0495	0	81.9322
30.4117	70.0908	0.0825083	81.9322
30.4353	70.1733	0	81.9322
30.4354	70.2145	0.0825083	81.9322
30.6088	70.297	0	81.9322
30.7243	70.297	0	82.1832
30.7271	70.3383	0.0825083	82.1832
30.749	70.4208	0	82.1832
30.7811	70.4208	0	82.4341
30.7832	70.462	0.0825083	82.4341
30.7956	70.5446	0	82.4341
30.7956	70.5446	0.165017	82.4341
30.7988	70.6271	0.0825083	82.4341
30.8931	70.7096	0	82.4341
30.8937	70.7096	0	82.6851
30.8965	70.7096	0.0825083	82.6851
31.0044	70.7921	0	82.6851
31.0495	70.7921	0	82.8105
31.094	70.7921	0	82.936
31.0943	70.7921	0.165017	82.936
31.0959	70.8746	0.0825083	82.936
31.1046	70.9571	0	82.936
31.14	70.9571	0	83.187
31.1413	70.9571	0.165017	83.187
31.1413	71.0396	0.0825083	83.187
31.2664	71.1221	0	83.187
31.2677	71.1634	0.0825083	83.187
31.3343	71.2459	0	83.187
31.3939	71.2459	0	83.4379
31.3949	71.2871	0.0825083	83.4379
31.466	71.3696	0	83.4379
31.4679	71.3696	0.165017	83.4379
31.472	71.4521	0.0825083	83.4379
31.6503	71.5347	0	83.4379
31.8593	71.5347	0	83.6888
31.8619	71.5347	0.165017	83.6888
31.8627	71.5347	0.165017	83.9398
31.8678	71.6172	0.0825083	83.9398
31.898	71.6997	0	83.9398
31.9052	71.7409	0.0825083	83.9398
32.004	71.8234	0	83.9398
32.0042	71.8234	0.0825083	83.9398
32.0062	71.9059	0	83.9398
32.0099	71.9059	0	84.1907
32.0113	71.9059	0	84.3162
32.013	71.9472	0.0825083	84.3162
32.0134	72.0297	0	84.3162
32.1127	72.0297	0	84.4417
32.1129	72.0297	0.165017	84.4417
32.1133	72.1122	0.0825083	84.4417
32.1457	72.1947	0	84.4417
32.1533	72.236	0.0825083	84.4417
32.1615	72.3185	0	84.4417
32.2779	72.3185	0	84.5671
32.2854	72.3597	0.0825083	84.5671
32.3299	72.4422	0	84.5671
32.3308	72.4422	0.165017	84.5671
32.335	72.5247	0.0825083	84.5671
32.3369	72.6073	0	84.5671
32.3396	72.6485	0.0825083	84.5671
32.5768	72.731	0	84.5671
32.5984	72.731	0	84.8181
32.6262	72.731	0	84.9435
32.6368	72.7723	0.0825083	84.9435
32.6483	72.8548	0	84.9435
32.6485	72.8548	0.165017	84.9435
32.6511	72.9373	0.0825083	84.9435
32.8157	73.0198	0	84.9435
32.8172	73.0198	0	85.1945
32.8176	73.0611	0.0825083	85.1945
32.8515	73.1436	0	85.1945
32.9752	73.1436	0	85.4454
32.9752	73.1848	0.0825083	85.4454
33.0813	73.2673	0	85.4454
33.0817	73.3086	0.0825083	85.4454
33.1164	73.3911	0	85.4454
33.1192	73.3911	0.0825083	85.4454
33.1481	73.4736	0	85.4454
33.2054	73.4736	0	85.5709
33.2061	73.5149	0.0825083	85.5709
33.2136	73.5974	0	85.5709
33.2164	73.5974	0.165017	85.5709
33.2263	73.6799	0.0825083	85.5709
33.2888	73.7624	0	85.5709
33.2981	73.8036	0.0825083	85.5709
33.3518	73.8861	0	85.5709
33.3527	73.9274	0.0825083	85.5709
33.4964	74.0099	0	85.5709
33.5081	74.0099	0	85.8218
33.5399	74.0099	0	85.9473
33.5422	74.0099	0.165017	85.9473
33.5469	74.0924	0.0825083	85.9473
33.5767	74.1749	0	85.9473
33.6335	74.1749	0	86.1982
33.637	74.2162	0.0825083	86.1982
33.6977	74.2987	0	86.1982
34.2163	74.2987	0	86.4492
34.2178	74.2987	0.165017	86.4492
34.2195	74.3812	0.0825083	86.4492
34.3438	74.4637	0	86.4492
34.3454	74.505	0.0825083	86.4492
34.4513	74.5875	0	86.4492
34.4515	74.6287	0.0825083	86.4492
34.4794	74.7112	0	86.4492
34.6116	74.7112	0	86.7001
34.6135	74.7525	0.0825083	86.7001
34.6474	74.835	0	86.7001
34.6482	74.8762	0.0825083	86.7001
34.6986	74.9587	0	86.7001
34.7021	75	0.0825083	86.7001
34.8326	75.0825	0	86.7001
34.8342	75.1238	0.0825083	86.7001
34.8871	75.2063	0	86.7001
35.019	75.2063	0	86.9511
35.1103	75.2063	0	87.0765
35.1107	75.2063	0.165017	87.0765
35.1136	75.2888	0.0825083	87.0765
35.2694	75.3713	0	87.0765
35.2709	75.4125	0.0825083	87.0765
35.3269	75.495	0	87.0765
35.3277	75.5363	0.0825083	87.0765
35.594	75.6188	0	87.0765
35.5951	75.6188	0.165017	87.0765
35.5958	75.7013	0.0825083	87.0765
35.6451	75.7838	0	87.0765
35.6511	75.8251	0.0825083	87.0765
35.7022	75.9076	0	87.0765
35.7182	75.9076	0	87.3275
35.719	75.9076	0.165017	87.3275
35.7234	75.9901	0.0825083	87.3275
35.7738	76.0726	0	87.3275
35.7744	76.0726	0.165017	87.3275
35.7758	76.1551	0.0825083	87.3275
35.7777	76.1964	0.165017	87.3275
35.778	76.2789	0.0825083	87.3275
35.9335	76.3614	0	87.3275
35.9537	76.3614	0	87.4529
35.9572	76.4026	0.0825083	87.4529
35.9668	76.4851	0	87.4529
35.967	76.4851	0.165017	87.4529
35.9693	76.5677	0.0825083	87.4529
35.9957	76.6502	0	87.4529
36.0901	76.6502	0	87.7039
36.1042	76.6502	0	87.8294
36.1475	76.6502	0	88.0803
36.2229	76.6502	0	88.3312
36.2319	76.6502	0	88.5822
36.2368	76.6914	0.0825083	88.5822
36.28	76.7739	0	88.5822
36.281	76.8152	0.0825083	88.5822
36.3761	76.8977	0	88.5822
36.3776	76.9389	0.0825083	88.5822
36.5908	77.0215	0	88.5822
36.6101	77.0215	0	88.8331
36.8061	77.0215	0	89.0841
36.9428	77.0215	0	89.2095
37.0091	77.0215	0	89.335
37.0172	77.0627	0.0825083	89.335
37.0651	77.1452	0	89.335
37.0664	77.1452	0.165017	89.335
37.0682	77.2277	0.0825083	89.335
37.2277	77.3102	0	89.335
37.2305	77.3515	0.0825083	89.335
37.2342	77.434	0	89.335
37.2353	77.4753	0.0825083	89.335
37.6794	77.5578	0	89.335
37.6858	77.5578	0	89.5859
37.6871	77.599	0.0825083	89.5859
37.7502	77.6815	0	89.5859
37.7513	77.7228	0.0825083	89.5859
37.7839	77.8053	0	89.5859
37.7842	77.8465	0.0825083	89.5859
37.791	77.929	0	89.5859
37.7957	77.9703	0.0825083	89.5859
37.8955	78.0528	0	89.5859
38.0204	78.0528	0	89.7114
38.0229	78.0941	0.0825083	89.7114
38.0623	78.1766	0	89.7114
38.0636	78.2178	0.0825083	89.7114
38.1835	78.3003	0	89.7114
38.3308	78.3003	0	89.8369
38.3349	78.3416	0.0825083	89.8369
38.3396	78.4241	0	89.8369
38.3409	78.4653	0.0825083	89.8369
38.3646	78.5479	0	89.8369
38.4366	78.5479	0	90.0878
38.5799	78.5479	0	90.2133
38.5827	78.5891	0.0825083	90.2133
38.6449	78.6716	0	90.2133
38.6463	78.7129	0.0825083	90.2133
38.8501	78.7954	0	90.2133
38.8603	78.7954	0	90.4642
38.8603	78.7954	0.0825083	90.4642
39.0631	78.8779	0	90.4642
39.0651	78.9191	0.0825083	90.4642
39.0793	79.0016	0	90.4642
39.0803	79.0429	0.0825083	90.4642
39.0971	79.1254	0	90.4642
39.0985	79.1254	0.165017	90.4642
39.1018	79.2079	0.0825083	90.4642
39.2109	79.2904	0	90.4642
39.2129	79.3317	0.0825083	90.4642
39.3437	79.4142	0	90.4642
39.7396	79.4142	0	90.5897
39.7444	79.4142	0	90.8407
39.7452	79.4554	0.0825083	90.8407
39.869	79.538	0	90.8407
39.8699	79.538	0.165017	90.8407
39.8727	79.6205	0.0825083	90.8407
39.9386	79.703	0	90.8407
39.9392	79.703	0.0825083	90.8407
39.9712	79.7855	0	90.8407
39.9731	79.7855	0.165017	90.8407
39.9761	79.868	0.0825083	90.8407
40.1188	79.9505	0	90.8407
40.2971	79.9505	0	90.9661
40.2973	79.9505	0.165017	90.9661
40.2975	80.033	0.0825083	90.9661
40.3144	80.1155	0	90.9661
40.315	80.1155	0.165017	90.9661
40.3155	80.198	0.0825083	90.9661
40.3655	80.2805	0	90.9661
40.375	80.2805	0	91.2171
40.3795	80.2805	0.165017	91.2171
40.3827	80.363	0.0825083	91.2171
40.5047	80.4455	0	91.2171
40.507	80.4868	0.0825083	91.2171
40.6984	80.5693	0	91.2171
40.7017	80.6106	0.0825083	91.2171
40.7137	80.6931	0	91.2171
40.7185	80.7343	0.0825083	91.2171
40.7412	80.8168	0	91.2171
40.9145	80.8168	0	91.468
40.9162	80.8581	0.0825083	91.468
40.9812	80.9406	0	91.468
40.9816	80.9406	0.165017	91.468
40.986	81.0231	0.0825083	91.468
41.0017	81.1056	0	91.468
41.124	81.1056	0	91.7189
41.1259	81.1469	0.0825083	91.7189
41.175	81.2294	0	91.7189
41.1753	81.2706	0.0825083	91.7189
41.2184	81.3531	0	91.7189
41.2212	81.3944	0.0825083	91.7189
41.516	81.4769	0	91.7189
42.0486	81.4769	0	91.8444
42.0526	81.5182	0.0825083	91.8444
42.2036	81.6007	0	91.8444
42.2047	81.6007	0.0825083	91.8444
42.2127	81.6832	0	91.8444
42.2208	81.7244	0.0825083	91.8444
42.278	81.8069	0	91.8444
42.2789	81.8069	0.0825083	91.8444
42.2974	81.8894	0	91.8444
42.2986	81.8894	0.165017	91.8444
42.3036	81.9719	0.0825083	91.8444
42.4569	82.0545	0	91.8444
42.4623	82.0957	0.0825083	91.8444
42.468	82.1782	0	91.8444
42.7778	82.1782	0	92.0954
42.7789	82.2195	0.0825083	92.0954
42.9007	82.302	0	92.0954
42.9039	82.3432	0.0825083	92.0954
43.0131	82.4257	0	92.0954
43.0132	82.467	0.0825083	92.0954
43.1092	82.5495	0	92.0954
43.1127	82.5908	0.0825083	92.0954
43.3369	82.6733	0	92.0954
43.3393	82.7145	0.0825083	92.0954
43.4775	82.797	0	92.0954
43.4796	82.797	0.0825083	92.0954
43.4806	82.797	0.0825083	92.3463
43.5505	82.8795	0	92.3463
43.5512	82.8795	0.165017	92.3463
43.5518	82.962	0.0825083	92.3463
43.6357	83.0446	0	92.3463
43.6387	83.0858	0.0825083	92.3463
43.9848	83.1683	0	92.3463
43.9903	83.2096	0.0825083	92.3463
44.0405	83.2921	0	92.3463
44.0419	83.2921	0.0825083	92.3463
44.0447	83.3746	0	92.3463
44.0513	83.3746	0	92.5972
44.0567	83.4158	0.0825083	92.5972
44.5262	83.4984	0	92.5972
44.5382	83.5396	0.0825083	92.5972
44.5995	83.6221	0	92.5972
44.5996	83.6634	0.0825083	92.5972
45.0135	83.7459	0	92.5972
45.014	83.7871	0.0825083	92.5972
45.0412	83.8696	0	92.5972
45.0422	83.9109	0.0825083	92.5972
45.2251	83.9934	0	92.5972
45.2252	83.9934	0.165017	92.5972
45.2314	84.0759	0.0825083	92.5972
45.3615	84.1584	0	92.5972
45.3623	84.1584	0.165017	92.5972
45.3634	84.2409	0.0825083	92.5972
45.8255	84.3234	0	92.5972
45.9121	84.3234	0	92.7227
45.9162	84.3234	0	92.9736
45.9166	84.3234	0.165017	92.9736
45.9189	84.4059	0.0825083	92.9736
45.9432	84.4884	0	92.9736
45.9467	84.5297	0.0825083	92.9736
46.06	84.6122	0	92.9736
46.0608	84.6535	0.0825083	92.9736
46.0629	84.736	0	92.9736
46.0639	84.7772	0.0825083	92.9736
46.1732	84.8597	0	92.9736
46.1767	84.901	0.0825083	92.9736
46.2298	84.9835	0	92.9736
46.2307	85.0247	0.0825083	92.9736
46.3897	85.1073	0	92.9736
46.3949	85.1485	0.0825083	92.9736
46.7455	85.231	0	92.9736
46.7459	85.2723	0.0825083	92.9736
46.8428	85.3548	0	92.9736
46.8464	85.3548	0.0825083	92.9736
46.9664	85.4373	0	92.9736
46.9968	85.4373	0	93.2246
47.0127	85.4373	0	93.4755
47.0134	85.4373	0.165017	93.4755
47.0142	85.5198	0.0825083	93.4755
47.3157	85.6023	0	93.4755
47.493	85.6023	0	93.7265
47.499	85.6023	0	93.9774
47.4991	85.6436	0.0825083	93.9774
47.6069	85.7261	0	93.9774
47.6083	85.7261	0.165017	93.9774
47.6083	85.8086	0.0825083	93.9774
47.9157	85.8911	0	93.9774
47.917	85.9323	0.0825083	93.9774
48.14	86.0149	0	93.9774
48.3948	86.0149	0	94.2284
48.3959	86.0149	0.0825083	94.2284
48.4377	86.0974	0	94.2284
48.4386	86.0974	0.165017	94.2284
48.4415	86.1799	0.0825083	94.2284
48.5291	86.2624	0	94.2284
48.5318	86.3036	0.0825083	94.2284
48.7912	86.3861	0	94.2284
48.7917	86.3861	0.165017	94.2284
48.8016	86.4686	0.0825083	94.2284
49.0599	86.5512	0	94.2284
49.0631	86.5512	0.0825083	94.2284
49.3473	86.6337	0	94.2284
49.3496	86.6749	0.0825083	94.2284
49.5676	86.7574	0	94.2284
49.5711	86.7574	0.0825083	94.2284
50.076	86.8399	0	94.2284
50.0788	86.8812	0.0825083	94.2284
50.5652	86.9637	0	94.2284
50.5711	87.005	0.0825083	94.2284
50.6063	87.0875	0	94.2284
50.6072	87.1287	0.0825083	94.2284
50.8122	87.2112	0	94.2284
50.8152	87.2525	0.0825083	94.2284
51.0135	87.335	0	94.2284
51.0146	87.335	0.165017	94.2284
51.0159	87.4175	0.0825083	94.2284
51.4398	87.5	0	94.2284
51.4421	87.5413	0.0825083	94.2284
51.612	87.6238	0	94.2284
51.6138	87.6238	0.165017	94.2284
51.6153	87.7063	0.0825083	94.2284
51.8364	87.7888	0	94.2284
51.845	87.83	0.0825083	94.2284
52.0326	87.9125	0	94.2284
52.1355	87.9125	0	94.4793
52.1361	87.9538	0.0825083	94.4793
52.3116	88.0363	0	94.4793
52.4037	88.0363	0	94.6048
52.5937	88.0363	0	94.8557
52.5994	88.0776	0.0825083	94.8557
52.6027	88.1601	0	94.8557
52.6047	88.1601	0.165017	94.8557
52.6051	88.2426	0.0825083	94.8557
52.7336	88.3251	0	94.8557
52.7369	88.3663	0.0825083	94.8557
52.8895	88.4488	0	94.8557
52.8901	88.4488	0.0825083	94.8557
53.0395	88.5314	0	94.8557
53.0397	88.5726	0.0825083	94.8557
53.0624	88.6551	0	94.8557
53.0651	88.6964	0.0825083	94.8557
53.1777	88.7789	0	94.8557
53.1778	88.7789	0.165017	94.8557
53.1803	88.8614	0.0825083	94.8557
53.2121	88.9439	0	94.8557
53.2764	88.9439	0	94.9812
53.2804	88.9851	0.0825083	94.9812
53.3091	89.0677	0	94.9812
53.3113	89.1089	0.0825083	94.9812
53.3904	89.1914	0	94.9812
53.3904	89.2327	0.0825083	94.9812
53.5397	89.3152	0	94.9812
54.0447	89.3152	0	95.2321
54.0466	89.3564	0.0825083	95.2321
54.2726	89.4389	0	95.2321
54.273	89.4802	0.0825083	95.2321
54.3147	89.5627	0	95.2321
54.3172	89.604	0.0825083	95.2321
54.7731	89.6865	0	95.2321
54.7754	89.7277	0.0825083	95.2321
55.0335	89.8102	0	95.2321
55.0347	89.8515	0.0825083	95.2321
55.067	89.934	0	95.2321
55.0849	89.934	0	95.3576
55.0872	89.9753	0.0825083	95.3576
55.2343	90.0578	0	95.3576
55.2363	90.099	0.0825083	95.3576
55.7548	90.1815	0	95.3576
55.7565	90.2228	0.0825083	95.3576
55.9283	90.3053	0	95.3576
55.9339	90.3465	0.0825083	95.3576
56.0009	90.429	0	95.3576
56.002	90.429	0.165017	95.3576
56.0023	90.5116	0.0825083	95.3576
56.4065	90.5941	0	95.3576
56.4079	90.6353	0.0825083	95.3576
56.6176	90.7178	0	95.3576
56.62	90.7591	0.0825083	95.3576
56.7369	90.8416	0	95.3576
56.8035	90.8416	0	95.6085
56.8038	90.8416	0.0825083	95.6085
56.9752	90.9241	0	95.6085
56.9759	90.9653	0.0825083	95.6085
57.043	91.0479	0	95.6085
57.2359	91.0479	0	95.734
58.022	91.0479	0	95.8595
58.022	91.0479	0.165017	95.8595
58.0226	91.1304	0.0825083	95.8595
58.0327	91.2129	0	95.8595
58.0443	91.2541	0.0825083	95.8595
58.0964	91.3366	0	95.8595
58.0971	91.3779	0.0825083	95.8595
58.4483	91.4604	0	95.8595
58.4872	91.4604	0	96.1104
58.4879	91.4604	0.165017	96.1104
58.4882	91.5429	0.0825083	96.1104
58.5362	91.6254	0	96.1104
58.5757	91.6254	0	96.2359
58.5814	91.6667	0.0825083	96.2359
59.6964	91.7492	0	96.2359
59.6986	91.7904	0.0825083	96.2359
59.7767	91.8729	0	96.2359
59.7794	91.9142	0.0825083	96.2359
60.207	91.9967	0	96.2359
60.5405	91.9967	0	96.4868
60.5408	91.9967	0.0825083	96.4868
60.7916	92.0792	0	96.4868
60.792	92.1205	0.0825083	96.4868
60.9301	92.203	0	96.4868
60.9303	92.2442	0.0825083	96.4868
61.1638	92.3267	0	96.4868
61.1653	92.368	0.0825083	96.4868
62.1337	92.4505	0	96.4868
62.1362	92.4918	0.0825083	96.4868
62.5402	92.5743	0	96.4868
62.5426	92.5743	0.0825083	96.4868
63.1483	92.6568	0	96.4868
63.2541	92.6568	0	96.6123
63.5316	92.6568	0	96.7378
63.5318	92.698	0.0825083	96.7378
63.818	92.7805	0	96.7378
64.0659	92.7805	0	96.9887
64.1998	92.7805	0	97.2396
64.3372	92.7805	0	97.4906
64.3463	92.8218	0.0825083	97.4906
64.3621	92.9043	0	97.4906
64.363	92.9455	0.0825083	97.4906
64.4879	93.0281	0	97.4906
64.4885	93.0693	0.0825083	97.4906
65.1039	93.1518	0	97.4906
65.2231	93.1518	0	97.7415
65.2231	93.1931	0.0825083	97.7415
65.3109	93.2756	0	97.7415
65.3182	93.3168	0.0825083	97.7415
65.5404	93.3993	0	97.7415
65.545	93.4406	0.0825083	97.7415
66.4179	93.5231	0	97.7415
66.4183	93.5231	0.165017	97.7415
66.4189	93.6056	0.0825083	97.7415
66.8464	93.6881	0	97.7415
66.85	93.7294	0.0825083	97.7415
67.5913	93.8119	0	97.7415
67.5958	93.8531	0.0825083	97.7415
68.0958	93.9356	0	97.7415
68.1045	93.9769	0.0825083	97.7415
68.4011	94.0594	0	97.7415
68.4016	94.1007	0.0825083	97.7415
68.7128	94.1832	0	97.7415
68.7146	94.2244	0.0825083	97.7415
69.1674	94.3069	0	97.7415
69.1724	94.3069	0.165017	97.7415
69.1728	94.3894	0.0825083	97.7415
69.3639	94.4719	0	97.7415
69.366	94.5132	0.0825083	97.7415
70.245	94.5957	0	97.7415
70.2452	94.637	0.0825083	97.7415
70.9687	94.7195	0	97.7415
70.9697	94.7607	0.0825083	97.7415
71.2916	94.8432	0	97.7415
71.2932	94.8845	0.0825083	97.7415
71.7669	94.967	0	97.7415
71.7677	95.0082	0.0825083	97.7415
72.5385	95.0908	0	97.7415
72.5389	95.0908	0.0825083	97.7415
72.5403	95.132	0.165017	97.7415
72.5407	95.2145	0.0825083	97.7415
73.1745	95.297	0	97.7415
73.6845	95.297	0	97.9925
73.689	95.3383	0.0825083	97.9925
74.2243	95.4208	0	97.9925
74.2257	95.4208	0	98.1179
74.2262	95.462	0.0825083	98.1179
74.7218	95.5446	0	98.1179
74.7258	95.5858	0.0825083	98.1179
74.7292	95.5858	0.0825083	98.2434
75.3911	95.6683	0	98.2434
75.3945	95.7096	0.0825083	98.2434
76.0153	95.7921	0	98.2434
77.4124	95.7921	0	98.4944
77.4126	95.8333	0.0825083	98.4944
79.2524	95.9158	0	98.4944
79.4924	95.9158	0	98.6198
79.4927	95.9158	0.165017	98.6198
79.4948	95.9984	0.0825083	98.6198
80.4046	96.0809	0	98.6198
80.8418	96.0809	0	98.7453
80.843	96.0809	0.165017	98.7453
80.8435	96.1634	0.0825083	98.7453
82.3729	96.2459	0	98.7453
82.6449	96.2459	0	98.8708
82.648	96.2871	0.0825083	98.8708
82.88	96.3696	0	98.8708
82.8811	96.4109	0.0825083	98.8708
83.1218	96.4934	0	98.8708
83.6693	96.4934	0	98.9962
83.6695	96.5347	0.0825083	98.9962
83.9698	96.6172	0	98.9962
83.9748	96.6584	0.0825083	98.9962
84.8605	96.7409	0	98.9962
84.861	96.7409	0.165017	98.9962
84.8617	96.8234	0.0825083	98.9962
85.3168	96.9059	0	98.9962
85.318	96.9472	0.0825083	98.9962
86.7262	97.0297	0	98.9962
86.7274	97.071	0.0825083	98.9962
87.5695	97.1535	0	98.9962
87.5703	97.1535	0.165017	98.9962
87.5708	97.236	0.0825083	98.9962
88.6883	97.3185	0	98.9962
88.6924	97.3597	0.0825083	98.9962
89.4047	97.4422	0	98.9962
89.4087	97.4835	0.0825083	98.9962
89.6937	97.566	0	98.9962
89.6973	97.6073	0.0825083	98.9962
90.4751	97.6898	0	98.9962
90.9948	97.6898	0	99.2472
90.9963	97.731	0.0825083	99.2472
92.3712	97.8135	0	99.2472
92.4538	97.8135	0	99.4981
94.0277	97.8135	0	99.7491
94.0292	97.8135	0.0825083	99.7491
94.1625	97.896	0	99.7491
95.3249	97.896	0	100
95.3272	97.9373	0.0825083	100
98.0365	98.0198	0	100
98.0378	98.0198	0.165017	100
98.0378	98.1023	0.0825083	100
99.3177	98.1848	0	100
99.3185	98.1848	0.165017	100
99.3198	98.2673	0.0825083	100
101.473	98.3498	0	100
101.475	98.3911	0.0825083	100
107.665	98.4736	0	100
107.666	98.4736	0.165017	100
107.68	98.5561	0.0825083	100
108.054	98.6386	0	100
108.054	98.6386	0.165017	100
108.059	98.7211	0.0825083	100
112.908	98.8036	0	100
112.911	98.8449	0.0825083	100
113.379	98.9274	0	100
113.38	98.9686	0.0825083	100
114.105	99.0512	0	100
114.113	99.0924	0.0825083	100
114.976	99.1749	0	100
114.976	99.1749	0.165017	100
114.977	99.2574	0.0825083	100
122.69	99.3399	0	100
122.694	99.3812	0.0825083	100
140.648	99.4637	0	100
140.649	99.4637	0.165017	100
140.649	99.5462	0.0825083	100
142.954	99.6287	0	100
142.954	99.67	0.0825083	100
144.776	99.7525	0	100
144.776	99.7937	0.0825083	100
150.373	99.8762	0	100
150.373	99.9175	0.0825083	100
