1.36447e-05	0	0	0
2.47609e-05	0	0	0
3.4248e-05	0	0	0
3.53371e-05	0	0	0
4.13993e-05	0	0	0
4.17557e-05	0	0	0
5.09797e-05	0	0	0
5.12027e-05	0	0	0
6.07182e-05	0	0	0
6.39324e-05	0	0	0
7.42194e-05	0	0	0
8.0611e-05	0	0	0
9.65542e-05	0	0	0
0.000105141	0	0	0
0.000115349	0	0	0
0.00011699	0	0	0
0.000117134	0	0	0
0.000122986	0	0	0
0.000123512	0	0	0
0.0001353	0	0	0
0.000136112	0	0	0
0.000137475	0	0	0
0.000140855	0	0	0
0.000143981	0	0	0
0.000147046	0	0	0
0.000150776	0	0	0
0.000153181	0	0	0
0.000153564	0	0	0
0.000156004	0	0	0
0.000158778	0	0	0
0.000167402	0	0	0
0.000177156	0	0	0
0.000180812	0	0	0
0.000185611	0	0	0
0.00018621	0	0	0
0.000190047	0	0	0
0.00019084	0	0	0
0.000192536	0	0	0
0.000202408	0	0	0
0.000205378	0	0	0
0.000210458	0	0	0
0.000214172	0	0	0
0.000216876	0	0	0
0.000245424	0	0	0
0.000266585	0	0	0
0.000268304	0	0	0
0.000269484	0	0	0
0.000271948	0	0	0
0.000287082	0	0	0
0.000288269	0	0	0
0.000298968	0	0	0
0.00030897	0	0	0
0.000314076	0	0	0
0.000315861	0	0	0
0.000321334	0	0	0
0.000324157	0	0	0
0.000329592	0	0	0
0.000339058	0	0	0
0.000339172	0	0	0
0.000346397	0	0	0
0.000353453	0	0	0
0.000356748	0	0	0
0.000358709	0	0	0
0.000361682	0	0	0
0.00036256	0	0	0
0.000373082	0	0	0
0.000379544	0	0	0
0.000386868	0	0	0
0.000391133	0	0	0
0.000393004	0	0	0
0.000407468	0	0	0
0.000409283	0	0	0
0.000415224	0	0	0
0.000426854	0	0	0
0.000434533	0	0	0
0.000448141	0	0	0
0.000453864	0	0	0
0.000454056	0	0	0
0.00046899	0	0	0
0.000494309	0	0	0
0.000507184	0	0	0
0.000512663	0	0	0
0.000519661	0	0	0
0.000535564	0	0	0
0.000555734	0	0	0
0.000565221	0	0	0
0.000565978	0	0	0
0.000573591	0	0	0
0.000573924	0	0	0
0.000576552	0	0	0
0.000577529	0	0	0
0.00059332	0	0	0
0.000629578	0	0	0
0.000632495	0	0	0
0.000634553	0	0	0
0.000635146	0	0	0
0.000641735	0	0	0
0.000643666	0	0	0
0.000643973	0	0	0
0.000648042	0	0	0
0.000652514	0	0	0
0.000652673	0	0	0
0.000658558	0	0	0
0.000667058	0	0	0
0.000676389	0	0	0
0.000678724	0	0	0
0.000687541	0	0	0
0.000702853	0	0	0
0.000707527	0	0	0
0.000708668	0	0	0
0.00070902	0	0	0
0.000712402	0	0	0
0.000720322	0	0	0
0.000724952	0	0	0
0.000743486	0	0	0
0.0007481	0	0	0
0.000749008	0	0	0
0.000757182	0	0	0
0.00076048	0	0	0
0.000779208	0	0	0
0.000800926	0	0	0
0.000806021	0	0	0
0.000808428	0	0	0
0.000818911	0	0	0
0.000820234	0	0	0
0.000820776	0	0	0
0.000829631	0	0	0
0.000831313	0	0	0
0.000832434	0	0	0
0.000845244	0	0	0
0.000846408	0	0	0
0.000847829	0	0	0
0.00086567	0	0	0
0.000876625	0	0	0
0.00090452	0	0	0
0.00092846	0	0	0
0.000929303	0	0	0
0.000934821	0	0	0
0.000948144	0	0	0
0.00096666	0	0	0
0.00097056	0	0	0
0.000978716	0	0	0
0.00100048	0	0	0
0.0010263	0	0	0
0.0010676	0	0	0
0.00107596	0	0	0
0.00108198	0	0	0
0.00108624	0	0	0
0.00109022	0	0	0
0.00111724	0	0	0
0.00111845	0	0	0
0.00111885	0	0	0
0.00112179	0	0	0
0.00115759	0	0	0
0.00117579	0	0	0
0.00117731	0	0	0
0.00118644	0	0	0
0.00119035	0	0	0
0.001191	0	0	0
0.00119806	0	0	0
0.00120097	0	0	0
0.0012095	0	0	0
0.00121121	0	0	0
0.00121421	0	0	0
0.00122531	0	0	0
0.00123386	0	0	0
0.00126557	0	0	0
0.00126604	0	0	0
0.00126778	0	0	0
0.00127761	0	0	0
0.00128981	0	0	0
0.00129511	0	0	0
0.00131164	0	0	0
0.00131414	0	0	0
0.00131767	0	0	0
0.00136267	0	0	0
0.00136728	0	0	0
0.00136986	0	0	0
0.00138012	0	0	0
0.00138531	0	0	0
0.00139337	0	0	0
0.00139676	0	0	0
0.00140058	0	0	0
0.00140144	0	0	0
0.00141704	0	0	0
0.00143003	0	0	0
0.0014513	0	0	0
0.00145802	0	0	0
0.00146778	0	0	0
0.00147215	0	0	0
0.00148348	0	0	0
0.00148811	0	0	0
0.00149458	0	0	0
0.00149616	0	0	0
0.0014997	0	0	0
0.00150032	0	0	0
0.00151665	0	0	0
0.00151694	0	0	0
0.00152349	0	0	0
0.00153029	0	0	0
0.00153671	0	0	0
0.00155012	0	0	0
0.00155874	0	0	0
0.00155988	0	0	0
0.00156114	0	0	0
0.00156406	0	0	0
0.00157247	0	0	0
0.00157379	0	0	0
0.00158715	0	0	0
0.00158906	0	0	0
0.00161941	0	0	0
0.00162897	0	0	0
0.00163368	0	0	0
0.00163619	0	0	0
0.00163728	0	0	0
0.00163746	0	0	0
0.00164534	0	0	0
0.00164605	0	0	0
0.00165402	0	0	0
0.00166051	0	0	0
0.00166298	0	0	0
0.00166475	0	0	0
0.00166707	0	0	0
0.00167142	0	0	0
0.001672	0	0	0
0.00167901	0	0	0
0.00168444	0	0	0
0.00168844	0	0	0
0.0016976	0	0	0
0.00171209	0	0	0
0.00172009	0	0	0
0.00172651	0	0	0
0.00172657	0	0	0
0.00173038	0	0	0
0.00173643	0	0	0
0.00178003	0	0	0
0.00178061	0	0	0
0.00179871	0	0	0
0.00182267	0	0	0
0.0018253	0	0	0
0.00183662	0	0	0
0.00183698	0	0	0
0.0018456	0	0	0
0.00184908	0	0	0
0.0018503	0	0	0
0.00185419	0	0	0
0.00185554	0	0	0
0.00186039	0	0	0
0.00186957	0	0	0
0.001879	0	0	0
0.00188098	0	0	0
0.00188326	0	0	0
0.00188531	0	0	0
0.00188576	0	0	0
0.00188777	0	0	0
0.00189028	0	0	0
0.00189784	0	0	0
0.0019017	0	0	0
0.00190304	0	0	0
0.00190385	0	0	0
0.00191228	0	0	0
0.00191315	0	0	0
0.00191957	0	0	0
0.00192627	0	0	0
0.00192907	0	0	0
0.00192955	0	0	0
0.00192994	0	0	0
0.00193166	0	0	0
0.00194129	0	0	0
0.00194699	0	0	0
0.00196102	0	0	0
0.00196408	0	0	0
0.00197448	0	0	0
0.00197605	0	0	0
0.00197654	0	0	0
0.00197884	0	0	0
0.00200134	0	0	0
0.00201193	0	0	0
0.00201679	0	0	0
0.00202404	0	0	0
0.00203122	0	0	0
0.00203244	0	0	0
0.00203765	0	0	0
0.00204563	0	0	0
0.00205802	0	0	0
0.00205881	0	0	0
0.0020641	0	0	0
0.00206895	0	0	0
0.00207027	0	0	0
0.00207137	0	0	0
0.002072	0	0	0
0.00207365	0	0	0
0.00207714	0	0	0
0.00208591	0	0	0
0.00208783	0	0	0
0.0020884	0	0	0
0.00211434	0	0	0
0.00211925	0	0	0
0.00211971	0	0	0
0.00212133	0	0	0
0.00213025	0	0	0
0.00213139	0	0	0
0.00213813	0	0	0
0.00214679	0	0	0
0.00214794	0	0	0
0.00214998	0	0	0
0.0021511	0	0	0
0.00215341	0	0	0
0.00215975	0	0	0
0.00217153	0	0	0
0.00217246	0	0	0
0.00218173	0	0	0
0.00218454	0	0	0
0.00218781	0	0	0
0.00218949	0	0	0
0.00219044	0	0	0
0.00219228	0	0	0
0.00221011	0	0	0
0.00221701	0	0	0
0.00221788	0	0	0
0.00222148	0	0	0
0.00222957	0	0	0
0.00223577	0	0	0
0.00224553	0	0	0
0.00224606	0	0	0
0.00224808	0	0	0
0.00224893	0	0	0
0.00225708	0	0	0
0.0022602	0	0	0
0.00226316	0	0	0
0.00227232	0	0	0
0.00228361	0	0	0
0.00229065	0	0	0
0.00230054	0	0	0
0.00233773	0	0	0
0.00233796	0	0	0
0.00234054	0	0	0
0.00235531	0	0	0
0.00236067	0	0	0
0.00236179	0	0	0
0.00238256	0	0	0
0.00238517	0	0	0
0.00238954	0	0	0
0.00239223	0	0	0
0.00240351	0	0	0
0.00241829	0	0	0
0.00241945	0	0	0
0.00242105	0	0	0
0.00242412	0	0	0
0.00242712	0	0	0
0.00243049	0	0	0
0.00243402	0	0	0
0.00244351	0	0	0
0.00244664	0	0	0
0.00245714	0	0.0825083	0
0.00247079	0	0.0825083	0
0.00247695	0	0.0825083	0
0.00250249	0	0.0825083	0
0.00251834	0	0.0825083	0
0.00252885	0	0.0825083	0
0.00253661	0	0.0825083	0
0.00254046	0	0.0825083	0
0.00255465	0	0.0825083	0
0.00255858	0	0.0825083	0
0.00257673	0	0.0825083	0
0.00257983	0	0.0825083	0
0.00258664	0	0.0825083	0
0.00262106	0	0.0825083	0
0.00262344	0	0.0825083	0
0.00262348	0	0.0825083	0
0.00263812	0	0.0825083	0
0.00264437	0	0.0825083	0
0.00265938	0	0.0825083	0
0.00266476	0	0.0825083	0
0.00267365	0	0.0825083	0
0.0026991	0	0.0825083	0
0.00270142	0	0.0825083	0
0.00270706	0	0.0825083	0
0.00270797	0	0.0825083	0
0.00271874	0	0.0825083	0
0.00273103	0	0.0825083	0
0.00273114	0	0.0825083	0
0.00273116	0	0.0825083	0
0.00276188	0	0.0825083	0
0.00276199	0	0.0825083	0
0.00279802	0	0.0825083	0
0.00281291	0	0.0825083	0
0.00282737	0	0.0825083	0
0.00283064	0	0.0825083	0
0.00284724	0	0.0825083	0
0.00285154	0	0.0825083	0
0.00285807	0	0.0825083	0
0.00286583	0	0.0825083	0
0.00287216	0	0.0825083	0
0.00287495	0	0.0825083	0
0.00288585	0	0.0825083	0
0.00289253	0	0.0825083	0
0.00289328	0	0.0825083	0
0.0028939	0	0.0825083	0
0.00289747	0	0.0825083	0
0.00290263	0	0.0825083	0
0.00294154	0	0.0825083	0
0.00294265	0	0.0825083	0
0.00294659	0	0.0825083	0
0.00294868	0	0.0825083	0
0.00294981	0	0.0825083	0
0.00295638	0	0.0825083	0
0.00296624	0	0.0825083	0
0.00298976	0	0.0825083	0
0.00299222	0	0.0825083	0
0.00299348	0	0.0825083	0
0.0029989	0	0.0825083	0
0.00300814	0	0.0825083	0
0.00301785	0	0.0825083	0
0.00301833	0	0.0825083	0
0.00302748	0	0.0825083	0
0.00303121	0	0.0825083	0
0.00303296	0	0.0825083	0
0.00304347	0	0.0825083	0
0.00304961	0	0.0825083	0
0.00305005	0	0.0825083	0
0.00305616	0	0.0825083	0
0.00306285	0	0.0825083	0
0.00307126	0	0.0825083	0
0.00307422	0	0.0825083	0
0.00307498	0	0.0825083	0
0.00307765	0	0.0825083	0
0.00307986	0	0.0825083	0
0.00309598	0	0.0825083	0
0.0031043	0	0.0825083	0
0.0031108	0	0.0825083	0
0.00311893	0	0.0825083	0
0.00312262	0	0.0825083	0
0.00312993	0	0.0825083	0
0.00313018	0	0.0825083	0
0.00313546	0	0.0825083	0
0.00313915	0	0.0825083	0
0.00315776	0	0.0825083	0
0.00315861	0	0.0825083	0
0.00315971	0	0.0825083	0
0.0031661	0	0.0825083	0
0.00316959	0	0.0825083	0
0.00317844	0	0.0825083	0
0.00317994	0	0.0825083	0
0.00318007	0	0.0825083	0
0.00318491	0	0.0825083	0
0.00322698	0	0.0825083	0
0.003227	0	0.0825083	0
0.00323591	0	0.0825083	0
0.00323626	0	0.0825083	0
0.00325181	0	0.0825083	0
0.00326312	0	0.0825083	0
0.00329799	0	0.0825083	0
0.00330283	0	0.0825083	0
0.00331053	0	0.0825083	0
0.00332326	0	0.0825083	0
0.00332705	0	0.0825083	0
0.00332727	0.0825083	0	0
0.00333154	0.0825083	0	0
0.00333464	0.0825083	0	0
0.00334344	0.0825083	0	0
0.00334419	0.0825083	0	0
0.00334765	0.0825083	0	0
0.00335224	0.0825083	0	0
0.00336337	0.0825083	0	0
0.00337092	0.0825083	0	0
0.00338485	0.0825083	0	0
0.00338845	0.0825083	0	0
0.00339205	0.0825083	0	0
0.00342041	0.0825083	0	0
0.0034639	0.0825083	0	0
0.00346558	0.0825083	0	0
0.00347208	0.0825083	0	0
0.00347879	0.0825083	0	0
0.00348298	0.0825083	0	0
0.00349845	0.0825083	0	0
0.00349845	0.0825083	0	0
0.00350178	0.0825083	0	0
0.00350801	0.0825083	0	0
0.00351408	0.0825083	0	0
0.00352412	0.0825083	0	0
0.00353322	0.0825083	0	0
0.00353502	0.0825083	0	0
0.00353555	0.0825083	0	0
0.00353886	0.0825083	0	0
0.00354449	0.0825083	0	0
0.00355534	0.0825083	0	0
0.00357084	0.0825083	0	0
0.00357455	0.0825083	0	0
0.00357527	0.0825083	0	0
0.00357988	0.0825083	0	0
0.00358381	0.0825083	0	0
0.00359065	0.0825083	0	0
0.00360044	0.0825083	0	0
0.00360078	0.0825083	0	0
0.00361271	0.0825083	0	0
0.00362898	0.0825083	0	0
0.00363144	0.0825083	0	0
0.00367106	0.0825083	0	0
0.0036805	0.0825083	0	0
0.00368162	0.0825083	0	0
0.00368236	0.0825083	0	0
0.00369888	0.0825083	0	0
0.00372	0.0825083	0	0
0.00372154	0.0825083	0	0
0.00374798	0.0825083	0	0
0.00377228	0.0825083	0	0
0.00378202	0.0825083	0	0
0.0037824	0.0825083	0	0
0.00382483	0.0825083	0	0
0.00383449	0.0825083	0	0
0.00384992	0.0825083	0	0
0.00390421	0.0825083	0	0
0.00390896	0.0825083	0	0
0.00392044	0.0825083	0	0
0.00394658	0.0825083	0	0
0.00397092	0.0825083	0	0
0.00398268	0.0825083	0	0
0.00399668	0.0825083	0	0
0.00405232	0.0825083	0	0
0.00405717	0.0825083	0	0
0.00406204	0.0825083	0	0
0.00407059	0.0825083	0	0
0.00407475	0.0825083	0	0
0.00408378	0.0825083	0	0
0.00408396	0.0825083	0	0
0.0040927	0.0825083	0	0
0.00410618	0.0825083	0	0
0.00410678	0.0825083	0	0
0.00411112	0.0825083	0	0
0.00412811	0.0825083	0	0
0.00412927	0.0825083	0	0
0.00413172	0.0825083	0	0
0.00413738	0.0825083	0	0
0.00415339	0.0825083	0	0
0.004164	0.0825083	0	0
0.00416635	0.0825083	0	0
0.00417478	0.0825083	0	0
0.0041759	0.0825083	0	0
0.00417922	0.0825083	0	0
0.00418583	0.0825083	0	0
0.00418713	0.0825083	0	0
0.00419512	0.0825083	0	0
0.00420053	0.0825083	0	0
0.00422742	0.0825083	0	0
0.00422766	0.0825083	0	0
0.00423866	0.0825083	0	0
0.00425616	0.0825083	0	0
0.00425758	0.0825083	0	0
0.00426076	0.0825083	0	0
0.00426458	0.0825083	0	0
0.00427131	0.0825083	0	0
0.00427153	0.0825083	0	0
0.00429985	0.0825083	0	0
0.00430138	0.0825083	0	0
0.00430793	0.0825083	0	0
0.00431027	0.0825083	0	0
0.00433274	0.0825083	0	0
0.00435412	0.0825083	0	0
0.00436782	0.0825083	0	0
0.00439086	0.0825083	0	0
0.0043964	0.0825083	0	0
0.00440256	0.0825083	0	0
0.0044261	0.0825083	0	0
0.00443255	0.0825083	0	0
0.00443647	0.0825083	0	0
0.00445069	0.0825083	0	0
0.00445705	0.0825083	0	0
0.00446909	0.0825083	0	0
0.00448567	0.0825083	0	0
0.00449057	0.0825083	0	0
0.00450393	0.0825083	0	0
0.00453851	0.0825083	0	0
0.00454514	0.0825083	0	0
0.00454829	0.0825083	0	0
0.00455298	0.0825083	0	0
0.00456765	0.0825083	0	0
0.00458063	0.0825083	0	0
0.00459906	0.0825083	0	0
0.00462241	0.0825083	0	0
0.00462517	0.0825083	0	0
0.00466522	0.0825083	0	0
0.00466595	0.0825083	0	0
0.00469772	0.0825083	0	0
0.00471302	0.0825083	0	0
0.00474483	0.0825083	0	0
0.0047487	0.0825083	0	0
0.0047501	0.0825083	0	0
0.00475445	0.0825083	0	0
0.00476029	0.0825083	0	0
0.00476453	0.0825083	0	0
0.00476704	0.0825083	0	0
0.00478363	0.0825083	0	0
0.00481932	0.0825083	0	0
0.00483989	0.0825083	0	0
0.00485279	0.0825083	0	0
0.0048856	0.0825083	0	0
0.00489397	0.0825083	0	0
0.00494393	0.0825083	0	0
0.00495533	0.0825083	0	0
0.00496921	0.0825083	0	0
0.0049721	0.0825083	0	0
0.00497363	0.0825083	0	0
0.00498786	0.0825083	0	0
0.00501994	0.0825083	0	0
0.00502652	0.0825083	0	0
0.00506285	0.0825083	0	0
0.00506879	0.0825083	0	0
0.0050949	0.0825083	0	0
0.00511689	0.0825083	0	0
0.00517467	0.0825083	0	0
0.00518685	0.0825083	0	0
0.00519462	0.0825083	0	0
0.00520276	0.0825083	0	0
0.00520714	0.0825083	0	0
0.005229	0.0825083	0	0
0.0052374	0.0825083	0	0
0.00525325	0.0825083	0	0
0.00527209	0.0825083	0	0
0.00527551	0.0825083	0	0
0.00528477	0.0825083	0	0
0.00528877	0.0825083	0	0
0.005381	0.0825083	0	0
0.00539058	0.0825083	0	0
0.00539783	0.0825083	0	0
0.00540341	0.0825083	0	0
0.00541375	0.0825083	0	0
0.00541994	0.0825083	0	0
0.00543232	0.0825083	0	0
0.00543814	0.0825083	0	0
0.00544314	0.0825083	0	0
0.00545248	0.0825083	0	0
0.00548092	0.0825083	0	0
0.00554368	0.0825083	0	0
0.0055442	0.0825083	0	0
0.00563685	0.0825083	0	0
0.00564344	0.0825083	0	0
0.00570022	0.0825083	0	0
0.00575714	0.0825083	0	0
0.00583558	0.0825083	0	0
0.00595348	0.0825083	0	0
0.00595407	0.0825083	0	0
0.00595623	0.0825083	0	0
0.00600691	0.0825083	0	0
0.00605902	0.0825083	0	0
0.00613012	0.0825083	0	0
0.00614269	0.0825083	0	0
0.00614675	0.0825083	0	0
0.00615342	0.0825083	0	0
0.00615627	0.0825083	0	0
0.00616327	0.0825083	0	0
0.00619553	0.0825083	0	0
0.00619598	0.0825083	0	0
0.00627172	0.0825083	0	0
0.00627386	0.0825083	0	0
0.00631086	0.0825083	0	0
0.00633157	0.0825083	0	0
0.00641281	0.0825083	0	0
0.00642447	0.0825083	0	0
0.00643305	0.0825083	0	0
0.00647629	0.0825083	0	0
0.00654438	0.0825083	0	0
0.00659518	0.0825083	0	0
0.00666925	0.0825083	0	0
0.00677328	0.0825083	0	0
0.00690981	0.0825083	0	0
0.00692362	0.0825083	0	0
0.00695443	0.0825083	0	0
0.00705402	0.0825083	0	0
0.00711978	0.0825083	0	0
0.00715745	0.0825083	0	0
0.00715969	0.0825083	0	0
0.00717552	0.0825083	0	0
0.00731704	0.0825083	0	0
0.00735383	0.0825083	0	0
0.00740145	0.0825083	0	0
0.00746952	0.0825083	0	0
0.00750169	0.0825083	0	0
0.0075948	0.0825083	0	0
0.00765475	0.0825083	0	0
0.00788602	0.0825083	0	0
0.00791543	0.0825083	0	0
0.00793835	0.0825083	0	0
0.00798084	0.0825083	0	0
0.00802925	0.0825083	0	0
0.0080547	0.0825083	0	0
0.00806505	0.0825083	0	0
0.00809936	0.0825083	0	0
0.00813448	0.0825083	0	0
0.00861388	0.0825083	0	0
0.00863441	0.0825083	0	0
0.00865657	0.0825083	0	0
0.0088408	0.0825083	0	0
0.0090241	0.0825083	0	0
0.00935969	0.0825083	0	0
0.00941599	0.0825083	0	0
0.00944759	0.0825083	0	0
0.00947581	0.0825083	0	0
0.00966292	0.0825083	0	0
0.0100643	0.0825083	0	0
0.0103949	0.0825083	0	0
0.0105969	0.0825083	0	0
0.0107576	0.0825083	0	0
0.0116555	0.0825083	0	0
0.0116772	0.0825083	0	0
0.0118792	0.0825083	0	0
0.0120331	0.0825083	0	0
0.0122173	0.0825083	0	0
0.0129014	0.0825083	0	0
0.0129324	0.0825083	0	0
0.0131218	0.0825083	0	0
0.0137636	0.0825083	0	0
0.0138638	0.0825083	0	0
0.0144889	0.0825083	0	0
0.0149163	0.0825083	0	0
0.0152165	0.0825083	0	0
0.0154351	0.0825083	0	0
0.0158507	0.0825083	0	0
0.016185	0.0825083	0	0
0.024155	0.0825083	0	0
0.0276101	0.0825083	0	0
0.0390902	0.0825083	0	0
0.0541492	0.0825083	0	0.271739
0.0732142	0.0825083	0	0.271739
0.0742806	0.123762	0.0825083	0.271739
0.0783554	0.206271	0	0.271739
0.102917	0.206271	0	0.271739
0.124545	0.206271	0	0.271739
0.131419	0.206271	0	0.271739
0.138896	0.206271	0	0.271739
0.1414	0.247525	0.0825083	0.271739
0.175374	0.330033	0	0.271739
0.176484	0.330033	0	0.271739
0.181166	0.371287	0.0825083	0.271739
0.188606	0.371287	0.0825083	0.271739
0.198758	0.453795	0	0.271739
0.205828	0.453795	0	0.271739
0.206347	0.49505	0.0825083	0.271739
0.22456	0.577558	0	0.271739
0.224587	0.577558	0	0.271739
0.225054	0.618812	0.0825083	0.271739
0.228488	0.70132	0	0.271739
0.28514	0.70132	0	0.543478
0.288429	0.70132	0	0.543478
0.290048	0.742574	0.0825083	0.543478
0.297831	0.825082	0	0.543478
0.29846	0.825082	0.165017	0.543478
0.299388	0.907591	0.0825083	0.543478
0.333304	0.990099	0	0.543478
0.333632	0.990099	0.165017	0.543478
0.335269	1.07261	0.0825083	0.543478
0.339026	1.15512	0	0.543478
0.346821	1.19637	0.0825083	0.543478
0.3491	1.27888	0	0.543478
0.35417	1.27888	0	0.543478
0.35621	1.27888	0	0.815217
0.357887	1.32013	0.0825083	0.815217
0.359328	1.40264	0	0.815217
0.402931	1.40264	0	1.08696
0.407501	1.40264	0	1.08696
0.414059	1.44389	0.0825083	1.08696
0.414202	1.44389	0.0825083	1.3587
0.415546	1.5264	0	1.3587
0.420425	1.5264	0.0825083	1.3587
0.491006	1.60891	0	1.3587
0.493608	1.60891	0.0825083	1.3587
0.49849	1.69142	0	1.3587
0.500152	1.69142	0.165017	1.3587
0.503533	1.77393	0.0825083	1.3587
0.508817	1.85644	0	1.3587
0.50896	1.85644	0.165017	1.3587
0.509905	1.93894	0.0825083	1.3587
0.519082	2.02145	0	1.3587
0.534202	2.02145	0	1.3587
0.547731	2.02145	0	1.3587
0.569147	2.02145	0	1.63043
0.57133	2.02145	0	1.63043
0.597206	2.02145	0	1.63043
0.608225	2.02145	0	1.90217
0.640445	2.02145	0	2.17391
0.643068	2.02145	0.165017	2.17391
0.644714	2.10396	0.0825083	2.17391
0.652197	2.18647	0	2.17391
0.6554	2.22772	0.0825083	2.17391
0.675527	2.31023	0	2.17391
0.701944	2.31023	0	2.17391
0.702878	2.31023	0.165017	2.17391
0.702963	2.39274	0.0825083	2.17391
0.706256	2.47525	0	2.17391
0.707072	2.47525	0.165017	2.17391
0.708085	2.55776	0.0825083	2.17391
0.718275	2.64026	0	2.17391
0.719051	2.64026	0	2.17391
0.719524	2.64026	0	2.17391
0.732712	2.64026	0	2.17391
0.733068	2.64026	0.165017	2.17391
0.735937	2.72277	0.0825083	2.17391
0.74635	2.80528	0	2.17391
0.755957	2.80528	0	2.17391
0.760441	2.80528	0	2.17391
0.779159	2.80528	0	2.44565
0.788385	2.80528	0	2.71739
0.789729	2.80528	0	2.71739
0.820606	2.80528	0	2.98913
0.825814	2.84653	0.0825083	2.98913
0.826325	2.84653	0.0825083	3.26087
0.832084	2.92904	0	3.26087
0.835111	2.92904	0	3.26087
0.83593	2.92904	0.0825083	3.26087
0.848994	3.01155	0	3.26087
0.915167	3.01155	0	3.26087
0.915757	3.05281	0.0825083	3.26087
0.921414	3.13531	0	3.26087
0.928363	3.13531	0	3.26087
0.929499	3.17657	0.0825083	3.26087
0.952431	3.25908	0	3.26087
0.953033	3.25908	0.165017	3.26087
0.959137	3.34158	0.0825083	3.26087
0.959816	3.42409	0	3.26087
0.96106	3.42409	0.165017	3.26087
0.962753	3.5066	0.0825083	3.26087
0.982835	3.58911	0	3.26087
0.98379	3.58911	0.0825083	3.26087
0.984763	3.58911	0.0825083	3.53261
1.00076	3.67162	0	3.53261
1.00381	3.67162	0	3.53261
1.00475	3.67162	0.0825083	3.53261
1.02429	3.75413	0	3.53261
1.06442	3.75413	0	3.80435
1.06917	3.75413	0	4.07609
1.07043	3.79538	0.0825083	4.07609
1.07498	3.87789	0	4.07609
1.07504	3.87789	0.165017	4.07609
1.07544	3.9604	0.0825083	4.07609
1.11031	4.0429	0	4.07609
1.11073	4.0429	0.0825083	4.07609
1.12002	4.12541	0	4.07609
1.12077	4.16667	0.0825083	4.07609
1.16966	4.24918	0	4.07609
1.17144	4.24918	0	4.07609
1.17448	4.24918	0	4.34783
1.17652	4.24918	0	4.61957
1.18316	4.24918	0.0825083	4.61957
1.25555	4.33168	0	4.61957
1.26744	4.33168	0	4.61957
1.27339	4.33168	0	4.61957
1.2741	4.33168	0	4.61957
1.2799	4.33168	0	4.8913
1.28157	4.37294	0.0825083	4.8913
1.28818	4.45545	0	4.8913
1.29035	4.45545	0.0825083	4.8913
1.33845	4.53795	0	4.8913
1.34187	4.53795	0	5.43478
1.3425	4.53795	0.165017	5.43478
1.34346	4.62046	0.0825083	5.43478
1.34633	4.70297	0	5.43478
1.34713	4.74422	0.0825083	5.43478
1.34893	4.78548	0.165017	5.43478
1.35065	4.86799	0.0825083	5.43478
1.36167	4.9505	0	5.43478
1.39083	4.9505	0	5.43478
1.4324	4.9505	0	5.70652
1.43292	4.9505	0.165017	5.70652
1.43795	5.033	0.0825083	5.70652
1.4716	5.11551	0	5.70652
1.47506	5.15677	0.0825083	5.70652
1.47549	5.19802	0.165017	5.70652
1.47655	5.28053	0.0825083	5.70652
1.48155	5.28053	0.0825083	5.97826
1.48345	5.28053	0.247525	5.97826
1.48551	5.36304	0.165017	5.97826
1.48607	5.44554	0.0825083	5.97826
1.52643	5.52805	0	5.97826
1.52932	5.56931	0.0825083	5.97826
1.54044	5.65182	0	5.97826
1.54155	5.65182	0.0825083	5.97826
1.58635	5.73432	0	5.97826
1.58771	5.77558	0.0825083	5.97826
1.64259	5.85809	0	5.97826
1.65058	5.85809	0	6.25
1.66762	5.85809	0	6.52174
1.67073	5.85809	0.0825083	6.52174
1.67108	5.85809	0.0825083	6.52174
1.67116	5.94059	0	6.52174
1.67372	5.94059	0	6.52174
1.76565	5.94059	0	6.52174
1.76819	5.94059	0.0825083	6.52174
1.80837	6.0231	0	6.52174
1.82228	6.0231	0	6.52174
1.8419	6.0231	0	6.79348
1.84804	6.06436	0.0825083	6.79348
1.84947	6.06436	0.0825083	7.06522
1.86866	6.14686	0	7.06522
1.87836	6.14686	0	7.33696
1.88136	6.18812	0.0825083	7.33696
1.88546	6.27063	0	7.33696
1.89738	6.27063	0	7.6087
1.90287	6.31188	0.0825083	7.6087
1.94474	6.39439	0	7.6087
1.95069	6.43564	0.0825083	7.6087
1.95074	6.43564	0.165017	7.6087
1.95572	6.51815	0.0825083	7.6087
1.9576	6.60066	0	7.6087
1.95795	6.60066	0.0825083	7.6087
1.9949	6.68317	0	7.6087
2.01515	6.68317	0	7.6087
2.01601	6.68317	0.165017	7.6087
2.01607	6.76568	0.0825083	7.6087
2.02719	6.84818	0	7.6087
2.03377	6.84818	0	7.6087
2.05713	6.84818	0	7.88043
2.0833	6.84818	0	8.15217
2.08484	6.88944	0.0825083	8.15217
2.08819	6.97195	0	8.15217
2.08835	7.0132	0.0825083	8.15217
2.12046	7.09571	0	8.15217
2.12177	7.09571	0	8.15217
2.12323	7.09571	0	8.15217
2.12527	7.09571	0.165017	8.15217
2.12629	7.17822	0.0825083	8.15217
2.13069	7.26073	0	8.15217
2.13075	7.26073	0.165017	8.15217
2.13208	7.34323	0.0825083	8.15217
2.13554	7.34323	0.0825083	8.15217
2.13712	7.42574	0	8.15217
2.1397	7.467	0.0825083	8.15217
2.14329	7.5495	0	8.15217
2.14622	7.5495	0.0825083	8.15217
2.14955	7.5495	0.0825083	8.15217
2.18901	7.63201	0	8.15217
2.18927	7.63201	0.165017	8.15217
2.19056	7.71452	0.0825083	8.15217
2.20206	7.79703	0	8.15217
2.20459	7.79703	0.0825083	8.15217
2.21304	7.87954	0	8.15217
2.21348	7.92079	0.0825083	8.15217
2.23335	8.0033	0	8.15217
2.28277	8.0033	0	8.42391
2.28301	8.0033	0.0825083	8.42391
2.30647	8.08581	0	8.42391
2.30825	8.08581	0.165017	8.42391
2.30948	8.08581	0.247525	8.42391
2.31095	8.16832	0.165017	8.42391
2.31353	8.25082	0.0825083	8.42391
2.31823	8.25082	0.0825083	8.42391
2.31855	8.25082	0.247525	8.42391
2.31861	8.33333	0.165017	8.42391
2.31988	8.41584	0.0825083	8.42391
2.34445	8.49835	0	8.42391
2.34527	8.49835	0	8.69565
2.34879	8.5396	0.0825083	8.69565
2.35067	8.62211	0	8.69565
2.35476	8.62211	0	8.96739
2.36808	8.62211	0	8.96739
2.36879	8.62211	0.165017	8.96739
2.36994	8.70462	0.0825083	8.96739
2.37017	8.74587	0.165017	8.96739
2.37762	8.82838	0.0825083	8.96739
2.37935	8.91089	0	8.96739
2.38217	8.95215	0.0825083	8.96739
2.39979	9.03465	0	8.96739
2.40395	9.03465	0.0825083	8.96739
2.40676	9.11716	0	8.96739
2.45412	9.11716	0	9.23913
2.45824	9.11716	0.165017	9.23913
2.46139	9.19967	0.0825083	9.23913
2.46959	9.28218	0	9.23913
2.48509	9.28218	0	9.51087
2.49159	9.28218	0	9.78261
2.52035	9.28218	0	10.0543
2.56199	9.28218	0	10.3261
2.56494	9.32343	0.0825083	10.3261
2.56497	9.32343	0.0825083	10.3261
2.57012	9.40594	0	10.3261
2.57047	9.40594	0.165017	10.3261
2.57548	9.48845	0.0825083	10.3261
2.58384	9.57096	0	10.3261
2.58412	9.57096	0.165017	10.3261
2.58723	9.65347	0.0825083	10.3261
2.58838	9.65347	0.165017	10.3261
2.59153	9.73597	0.0825083	10.3261
2.59372	9.73597	0.0825083	10.5978
2.66846	9.81848	0	10.5978
2.67461	9.85974	0.0825083	10.5978
2.69263	9.94224	0	10.5978
2.6935	9.94224	0	10.8696
2.714	9.94224	0	11.413
2.71489	9.9835	0.0825083	11.413
2.72044	10.066	0	11.413
2.73479	10.066	0	11.6848
2.76345	10.066	0	11.9565
2.7655	10.1073	0.0825083	11.9565
2.80771	10.1898	0	11.9565
2.81466	10.1898	0	12.2283
2.89218	10.1898	0	12.5
2.89286	10.231	0.0825083	12.5
2.92282	10.3135	0	12.5
2.92327	10.3135	0	12.7717
2.95277	10.3135	0	13.0435
2.95705	10.3548	0.0825083	13.0435
2.96138	10.4373	0	13.0435
2.96551	10.4785	0.0825083	13.0435
3.00894	10.5611	0	13.0435
3.03329	10.5611	0	13.3152
3.03631	10.5611	0.165017	13.3152
3.03699	10.6436	0.0825083	13.3152
3.04057	10.7261	0	13.3152
3.04075	10.7673	0.0825083	13.3152
3.04277	10.7673	0.165017	13.3152
3.04308	10.8498	0.0825083	13.3152
3.04496	10.9323	0	13.3152
3.04959	10.9736	0.0825083	13.3152
3.08461	11.0561	0	13.3152
3.08952	11.0974	0.0825083	13.3152
3.12921	11.1799	0	13.3152
3.13211	11.2211	0.0825083	13.3152
3.15315	11.3036	0	13.3152
3.15453	11.3036	0.165017	13.3152
3.15583	11.3861	0.0825083	13.3152
3.17257	11.4686	0	13.3152
3.17383	11.4686	0.165017	13.3152
3.17592	11.5512	0.0825083	13.3152
3.19822	11.6337	0	13.3152
3.22777	11.6337	0	13.3152
3.22903	11.6749	0.0825083	13.3152
3.23198	11.7574	0	13.3152
3.23911	11.7574	0	13.3152
3.24098	11.7574	0.165017	13.3152
3.24545	11.8399	0.0825083	13.3152
3.2897	11.9224	0	13.3152
3.3314	11.9224	0	13.587
3.33281	11.9637	0.0825083	13.587
3.41101	12.0462	0	13.587
3.4178	12.0462	0	13.8587
3.41853	12.0875	0.0825083	13.8587
3.41938	12.17	0	13.8587
3.42374	12.17	0.0825083	13.8587
3.42552	12.2525	0	13.8587
3.4274	12.2937	0.0825083	13.8587
3.44195	12.3762	0	13.8587
3.44742	12.3762	0	13.8587
3.4479	12.4175	0.0825083	13.8587
3.49103	12.5	0	13.8587
3.4913	12.5	0.165017	13.8587
3.4938	12.5825	0.0825083	13.8587
3.50279	12.665	0	13.8587
3.50357	12.7063	0.0825083	13.8587
3.50391	12.7475	0.165017	13.8587
3.50452	12.83	0.0825083	13.8587
3.52983	12.9125	0	13.8587
3.53386	12.9538	0.0825083	13.8587
3.53488	13.0363	0	13.8587
3.53627	13.0363	0.165017	13.8587
3.53631	13.1188	0.0825083	13.8587
3.53647	13.1188	0.165017	13.8587
3.53846	13.2013	0.0825083	13.8587
3.5397	13.2838	0	13.8587
3.55453	13.2838	0	14.1304
3.55864	13.2838	0	14.4022
3.5591	13.2838	0.0825083	14.4022
3.56346	13.3663	0	14.4022
3.61691	13.3663	0	14.6739
3.61814	13.3663	0.165017	14.6739
3.62068	13.4488	0.0825083	14.6739
3.65964	13.5314	0	14.6739
3.66158	13.5726	0.0825083	14.6739
3.68685	13.6551	0	14.6739
3.69058	13.6551	0.165017	14.6739
3.69125	13.7376	0.0825083	14.6739
3.71909	13.8201	0	14.6739
3.72578	13.8201	0	14.9457
3.75115	13.8201	0	15.2174
3.75165	13.8614	0.0825083	15.2174
3.76445	13.9439	0	15.2174
3.76528	13.9439	0.165017	15.2174
3.76767	14.0264	0.0825083	15.2174
3.83153	14.1089	0	15.2174
3.83416	14.1502	0.0825083	15.2174
3.84792	14.2327	0	15.2174
3.8773	14.2327	0	15.4891
3.88086	14.2327	0	15.4891
3.88594	14.2327	0	15.7609
3.88773	14.2739	0.0825083	15.7609
3.91851	14.3564	0	15.7609
3.91958	14.3564	0	16.0326
3.92023	14.3564	0.0825083	16.0326
3.9547	14.4389	0	16.0326
3.96654	14.4389	0	16.0326
3.96967	14.4802	0.0825083	16.0326
3.97485	14.5627	0	16.0326
4.02418	14.5627	0	16.3043
4.03004	14.604	0.0825083	16.3043
4.03242	14.6452	0.165017	16.3043
4.034	14.7277	0.0825083	16.3043
4.05411	14.8102	0	16.3043
4.05783	14.8102	0.0825083	16.3043
4.06566	14.8102	0.0825083	16.5761
4.10157	14.8927	0	16.5761
4.10463	14.8927	0.165017	16.5761
4.10496	14.9752	0.0825083	16.5761
4.10594	15.0165	0.165017	16.5761
4.107	15.099	0.0825083	16.5761
4.13984	15.1815	0	16.5761
4.16279	15.1815	0	16.8478
4.16727	15.1815	0.165017	16.8478
4.16738	15.2228	0.247525	16.8478
4.16813	15.3053	0.165017	16.8478
4.16997	15.3878	0.0825083	16.8478
4.18042	15.4703	0	16.8478
4.18323	15.5116	0.0825083	16.8478
4.19064	15.5941	0	16.8478
4.19792	15.5941	0	16.8478
4.21473	15.5941	0	17.1196
4.22788	15.5941	0	17.3913
4.22998	15.5941	0.165017	17.3913
4.23129	15.6766	0.0825083	17.3913
4.24999	15.7591	0	17.3913
4.25835	15.7591	0	17.3913
4.26631	15.7591	0	17.663
4.29114	15.7591	0	17.9348
4.29368	15.8003	0.0825083	17.9348
4.30126	15.8828	0	17.9348
4.30325	15.9241	0.0825083	17.9348
4.31053	16.0066	0	17.9348
4.33891	16.0066	0	17.9348
4.34447	16.0479	0.0825083	17.9348
4.3449	16.0479	0.0825083	18.2065
4.35665	16.1304	0	18.2065
4.35726	16.1716	0.0825083	18.2065
4.36258	16.2541	0	18.2065
4.36301	16.2954	0.0825083	18.2065
4.40136	16.3779	0	18.2065
4.40478	16.3779	0.0825083	18.2065
4.41118	16.4604	0	18.2065
4.41122	16.5016	0.0825083	18.2065
4.41231	16.5842	0	18.2065
4.41337	16.5842	0.0825083	18.2065
4.44568	16.6667	0	18.2065
4.44824	16.6667	0	18.75
4.44974	16.6667	0.165017	18.75
4.45109	16.7492	0.0825083	18.75
4.45141	16.8317	0	18.75
4.45217	16.8317	0.165017	18.75
4.45281	16.8729	0.247525	18.75
4.45366	16.9554	0.165017	18.75
4.45876	17.038	0.0825083	18.75
4.46733	17.1205	0	18.75
4.46736	17.1617	0.0825083	18.75
4.49662	17.2442	0	18.75
4.50421	17.2442	0	19.0217
4.56718	17.2442	0	19.2935
4.56748	17.2855	0.0825083	19.2935
4.60677	17.368	0	19.2935
4.6105	17.4092	0.0825083	19.2935
4.61504	17.4917	0	19.2935
4.61604	17.4917	0.165017	19.2935
4.61618	17.5743	0.0825083	19.2935
4.64041	17.6568	0	19.2935
4.64893	17.6568	0	19.5652
4.65861	17.6568	0	19.837
4.65891	17.6568	0.165017	19.837
4.659	17.7393	0.0825083	19.837
4.66959	17.8218	0	19.837
4.67311	17.863	0.0825083	19.837
4.67492	17.9455	0	19.837
4.67566	17.9868	0.0825083	19.837
4.68491	18.0693	0	19.837
4.69234	18.0693	0.0825083	19.837
4.71262	18.1518	0	19.837
4.71378	18.1931	0.0825083	19.837
4.71524	18.1931	0.165017	19.837
4.7154	18.2756	0.0825083	19.837
4.71569	18.3168	0.165017	19.837
4.71924	18.3993	0.0825083	19.837
4.71945	18.4818	0	19.837
4.73871	18.4818	0	20.1087
4.75548	18.4818	0	20.3804
4.75606	18.4818	0.0825083	20.3804
4.75874	18.5231	0.165017	20.3804
4.76634	18.6056	0.0825083	20.3804
4.83709	18.6881	0	20.3804
4.83931	18.6881	0.165017	20.3804
4.84211	18.7706	0.0825083	20.3804
4.87178	18.8531	0	20.3804
4.8722	18.8531	0.0825083	20.3804
4.91134	18.9356	0	20.3804
4.91143	18.9769	0.0825083	20.3804
4.91222	18.9769	0.0825083	20.6522
4.93774	19.0594	0	20.6522
4.94293	19.0594	0	20.9239
4.96024	19.0594	0	21.1957
4.96059	19.0594	0.0825083	21.1957
4.97584	19.1419	0	21.1957
4.97596	19.1419	0.165017	21.1957
4.97768	19.2244	0.0825083	21.1957
4.99354	19.3069	0	21.1957
4.99416	19.3069	0	21.4674
4.99585	19.3069	0	21.4674
4.99741	19.3482	0.0825083	21.4674
5.01396	19.4307	0	21.4674
5.03119	19.4307	0	21.4674
5.0402	19.4719	0.0825083	21.4674
5.12737	19.5545	0	21.4674
5.13918	19.5545	0	21.7391
5.14794	19.5545	0	21.7391
5.1484	19.5957	0.0825083	21.7391
5.17372	19.6782	0	21.7391
5.17799	19.7195	0.0825083	21.7391
5.17874	19.7607	0.165017	21.7391
5.18356	19.8432	0.0825083	21.7391
5.19695	19.9257	0	21.7391
5.20511	19.9257	0	22.0109
5.23519	19.9257	0	22.0109
5.27292	19.9257	0	22.2826
5.27555	19.9257	0.0825083	22.2826
5.28902	20.0083	0	22.2826
5.29581	20.0495	0.0825083	22.2826
5.29592	20.0495	0.0825083	22.2826
5.29825	20.132	0	22.2826
5.30194	20.132	0	22.5543
5.30198	20.1733	0.0825083	22.5543
5.3083	20.2558	0	22.5543
5.32139	20.2558	0	22.8261
5.33472	20.2558	0	23.0978
5.33687	20.2558	0	23.3696
5.36744	20.2558	0	23.6413
5.38399	20.2558	0	23.913
5.38937	20.2558	0	23.913
5.39878	20.2558	0	23.913
5.39887	20.2558	0	24.1848
5.40116	20.297	0.0825083	24.1848
5.40234	20.297	0.0825083	24.4565
5.40331	20.3795	0	24.4565
5.47978	20.3795	0	24.7283
5.48996	20.3795	0	25
5.4921	20.4208	0.0825083	25
5.49722	20.5033	0	25
5.49749	20.5033	0.0825083	25
5.51371	20.5858	0	25
5.54076	20.5858	0	25.2717
5.54313	20.5858	0.165017	25.2717
5.54548	20.6683	0.0825083	25.2717
5.57112	20.7508	0	25.2717
5.57135	20.7508	0.165017	25.2717
5.57334	20.8333	0.0825083	25.2717
5.66316	20.9158	0	25.2717
5.6642	20.9158	0.165017	25.2717
5.66426	20.9984	0.0825083	25.2717
5.69201	21.0809	0	25.2717
5.69232	21.0809	0	25.5435
5.69655	21.0809	0.0825083	25.5435
5.75947	21.1634	0	25.5435
5.82903	21.1634	0	25.8152
5.82981	21.2046	0.0825083	25.8152
5.85159	21.2871	0	25.8152
5.86493	21.2871	0	26.087
5.86535	21.3284	0.0825083	26.087
5.89013	21.4109	0	26.087
5.89348	21.4521	0.0825083	26.087
5.90456	21.5347	0	26.087
5.90834	21.5759	0.0825083	26.087
5.90953	21.6584	0	26.087
5.95082	21.6584	0	26.3587
5.95166	21.6584	0.165017	26.3587
5.95365	21.7409	0.0825083	26.3587
5.9551	21.7822	0.165017	26.3587
5.96169	21.8647	0.0825083	26.3587
5.97449	21.9472	0	26.3587
5.97476	21.9884	0.0825083	26.3587
5.97887	22.071	0	26.3587
5.99618	22.071	0	26.6304
5.99651	22.1122	0.0825083	26.6304
6.00797	22.1947	0	26.6304
6.01729	22.1947	0	26.9022
6.01851	22.236	0.0825083	26.9022
6.03535	22.3185	0	26.9022
6.03609	22.3597	0.0825083	26.9022
6.06137	22.4422	0	26.9022
6.06355	22.4422	0.0825083	26.9022
6.06701	22.5248	0	26.9022
6.0797	22.5248	0	26.9022
6.07993	22.566	0.0825083	26.9022
6.08668	22.6485	0	26.9022
6.09927	22.6485	0	27.1739
6.10228	22.6485	0	27.4457
6.11767	22.6485	0	27.7174
6.12145	22.6485	0	27.9891
6.1347	22.6485	0	28.2609
6.19394	22.6485	0	28.5326
6.19474	22.6485	0.0825083	28.5326
6.19543	22.6485	0.0825083	28.8043
6.27787	22.731	0	28.8043
6.2795	22.7723	0.0825083	28.8043
6.34648	22.8548	0	28.8043
6.3469	22.8548	0	28.8043
6.34728	22.896	0.0825083	28.8043
6.35401	22.9785	0	28.8043
6.35742	23.0198	0.0825083	28.8043
6.35917	23.0611	0.165017	28.8043
6.36397	23.1436	0.0825083	28.8043
6.36726	23.2261	0	28.8043
6.39105	23.2261	0	29.0761
6.39549	23.2261	0	29.3478
6.3956	23.2673	0.0825083	29.3478
6.4047	23.3498	0	29.3478
6.40581	23.3911	0.0825083	29.3478
6.41509	23.4736	0	29.3478
6.41544	23.5149	0.0825083	29.3478
6.43675	23.5974	0	29.3478
6.44206	23.5974	0.0825083	29.3478
6.45285	23.6799	0	29.3478
6.45662	23.6799	0	29.3478
6.47255	23.6799	0	29.6196
6.47483	23.7211	0.0825083	29.6196
6.48034	23.8036	0	29.6196
6.48071	23.8449	0.0825083	29.6196
6.49893	23.9274	0	29.6196
6.52416	23.9274	0	30.163
6.57048	23.9274	0	30.4348
6.59557	23.9274	0	30.7065
6.59598	23.9686	0.0825083	30.7065
6.59713	24.0512	0	30.7065
6.59812	24.0512	0.165017	30.7065
6.60355	24.1337	0.0825083	30.7065
6.60391	24.1337	0.165017	30.7065
6.60858	24.2162	0.0825083	30.7065
6.6211	24.2987	0	30.7065
6.62232	24.2987	0.165017	30.7065
6.63437	24.3812	0.0825083	30.7065
6.64904	24.4637	0	30.7065
6.67924	24.4637	0	31.25
6.67965	24.5049	0.0825083	31.25
6.72488	24.5875	0	31.25
6.7252	24.6287	0.0825083	31.25
6.73672	24.7112	0	31.25
6.73686	24.7525	0.0825083	31.25
6.76619	24.835	0	31.25
6.76836	24.8762	0.0825083	31.25
6.78536	24.9587	0	31.25
6.84798	24.9587	0	31.5217
6.85228	24.9587	0	31.7935
6.85646	24.9587	0.0825083	31.7935
6.87109	25.0413	0	31.7935
6.87267	25.0825	0.0825083	31.7935
6.89378	25.165	0	31.7935
6.90149	25.2063	0.0825083	31.7935
6.96495	25.2888	0	31.7935
6.96865	25.33	0.0825083	31.7935
6.97222	25.4125	0	31.7935
6.9734	25.4125	0.165017	31.7935
6.97423	25.4951	0.0825083	31.7935
6.99685	25.5776	0	31.7935
7.00597	25.5776	0	32.0652
7.00792	25.6188	0.0825083	32.0652
7.03188	25.7013	0	32.0652
7.03313	25.7426	0.0825083	32.0652
7.04619	25.8251	0	32.0652
7.04848	25.8251	0.165017	32.0652
7.0489	25.9076	0.0825083	32.0652
7.04934	25.9488	0.165017	32.0652
7.05596	26.0314	0.0825083	32.0652
7.07774	26.1139	0	32.0652
7.07829	26.1139	0.165017	32.0652
7.07975	26.1964	0.0825083	32.0652
7.10534	26.2789	0	32.0652
7.11369	26.3201	0.0825083	32.0652
7.12992	26.4026	0	32.0652
7.13244	26.4439	0.0825083	32.0652
7.1586	26.5264	0	32.0652
7.15969	26.5264	0.0825083	32.0652
7.16705	26.6089	0	32.0652
7.16789	26.6089	0.0825083	32.0652
7.17556	26.6914	0	32.0652
7.17588	26.6914	0.165017	32.0652
7.17679	26.6914	0.247525	32.0652
7.17897	26.7739	0.165017	32.0652
7.1795	26.8564	0.0825083	32.0652
7.19513	26.9389	0	32.0652
7.22287	26.9389	0	32.337
7.2335	26.9389	0	32.6087
7.23499	26.9389	0	32.8804
7.23651	26.9802	0.0825083	32.8804
7.25077	27.0627	0	32.8804
7.2515	27.104	0.0825083	32.8804
7.27516	27.1865	0	32.8804
7.27733	27.1865	0	33.1522
7.28084	27.1865	0	33.4239
7.28149	27.2277	0.0825083	33.4239
7.30886	27.3102	0	33.4239
7.31123	27.3102	0	33.6957
7.32699	27.3102	0	34.2391
7.3303	27.3102	0.165017	34.2391
7.33808	27.3927	0.0825083	34.2391
7.34122	27.4752	0	34.2391
7.35246	27.5165	0.0825083	34.2391
7.37835	27.599	0	34.2391
7.3815	27.599	0.165017	34.2391
7.38223	27.599	0.165017	34.5109
7.38652	27.6815	0.0825083	34.5109
7.39119	27.764	0	34.5109
7.3916	27.8053	0.0825083	34.5109
7.39182	27.8053	0.165017	34.5109
7.39207	27.8878	0.0825083	34.5109
7.39242	27.9703	0	34.5109
7.39422	28.0116	0.0825083	34.5109
7.41249	28.0941	0	34.5109
7.41273	28.0941	0	34.7826
7.41659	28.0941	0	34.7826
7.41992	28.0941	0.165017	34.7826
7.4263	28.1766	0.0825083	34.7826
7.60371	28.2591	0	34.7826
7.60419	28.3003	0.0825083	34.7826
7.63036	28.3828	0	34.7826
7.63262	28.3828	0.165017	34.7826
7.63361	28.4653	0.0825083	34.7826
7.68551	28.5479	0	34.7826
7.68869	28.5479	0.0825083	34.7826
7.70016	28.6304	0	34.7826
7.75425	28.6304	0	35.0543
7.75585	28.6304	0.0825083	35.0543
7.76753	28.7129	0	35.0543
7.77762	28.7541	0.0825083	35.0543
7.79827	28.8366	0	35.0543
7.79957	28.8779	0.0825083	35.0543
7.85455	28.9604	0	35.0543
7.88445	28.9604	0	35.5978
7.88806	28.9604	0	35.8696
7.88911	29.0016	0.0825083	35.8696
7.94104	29.0842	0	35.8696
7.96213	29.0842	0	36.1413
7.96461	29.0842	0	36.1413
7.9682	29.1254	0.0825083	36.1413
7.96962	29.1667	0.165017	36.1413
7.97176	29.2079	0.247525	36.1413
7.97223	29.2904	0.165017	36.1413
7.9725	29.3729	0.0825083	36.1413
7.97506	29.4554	0	36.1413
8.00061	29.4554	0	36.1413
8.04542	29.4554	0	36.1413
8.0468	29.4967	0.0825083	36.1413
8.06562	29.5792	0	36.1413
8.11668	29.5792	0	36.413
8.15504	29.5792	0	36.6848
8.15667	29.6205	0.0825083	36.6848
8.16237	29.703	0	36.6848
8.17692	29.703	0	36.9565
8.17736	29.7442	0.0825083	36.9565
8.21156	29.8267	0	36.9565
8.21766	29.8267	0	37.2283
8.22008	29.8267	0.0825083	37.2283
8.23497	29.9092	0	37.2283
8.23837	29.9092	0	37.5
8.24077	29.9092	0.165017	37.5
8.24352	29.9917	0.0825083	37.5
8.25335	30.0743	0	37.5
8.25441	30.1155	0.0825083	37.5
8.26625	30.198	0	37.5
8.27023	30.2393	0.0825083	37.5
8.277	30.3218	0	37.5
8.27785	30.3218	0.0825083	37.5
8.28677	30.4043	0	37.5
8.29379	30.4455	0.0825083	37.5
8.31421	30.5281	0	37.5
8.31574	30.5281	0.165017	37.5
8.3173	30.6106	0.0825083	37.5
8.32229	30.6931	0	37.5
8.32306	30.7343	0.0825083	37.5
8.32865	30.8168	0	37.5
8.33553	30.8581	0.0825083	37.5
8.35864	30.9406	0	37.5
8.36819	30.9818	0.0825083	37.5
8.6144	31.0644	0	37.5
8.61733	31.0644	0.0825083	37.5
8.64941	31.1469	0	37.5
8.65318	31.1469	0.165017	37.5
8.65821	31.2294	0.0825083	37.5
8.6776	31.3119	0	37.5
8.71429	31.3119	0	37.7717
8.71552	31.3119	0.0825083	37.7717
8.73218	31.3944	0	37.7717
8.73729	31.3944	0.0825083	37.7717
8.76639	31.4769	0	37.7717
8.76725	31.5182	0.0825083	37.7717
8.78761	31.6007	0	37.7717
8.79592	31.6007	0	37.7717
8.79829	31.6419	0.0825083	37.7717
8.8358	31.7244	0	37.7717
8.83715	31.7657	0.0825083	37.7717
8.85767	31.8482	0	37.7717
8.8911	31.8482	0	38.3152
8.89172	31.8482	0.165017	38.3152
8.89512	31.9307	0.0825083	38.3152
8.9406	32.0132	0	38.3152
8.9406	32.0545	0.0825083	38.3152
8.9778	32.137	0	38.3152
8.9811	32.137	0.0825083	38.3152
9.02489	32.2195	0	38.3152
9.14209	32.2195	0	38.3152
9.16588	32.2195	0	38.3152
9.21488	32.2195	0	38.8587
9.23113	32.2195	0	39.4022
9.23624	32.2195	0.0825083	39.4022
9.24994	32.302	0	39.4022
9.25568	32.302	0.0825083	39.4022
9.28242	32.3845	0	39.4022
9.28432	32.4257	0.0825083	39.4022
9.28739	32.5083	0	39.4022
9.30652	32.5083	0	39.6739
9.30692	32.5495	0.0825083	39.6739
9.31479	32.632	0	39.6739
9.31615	32.632	0.0825083	39.6739
9.32386	32.7145	0	39.6739
9.3263	32.7145	0.0825083	39.6739
9.35702	32.797	0	39.6739
9.4095	32.797	0	40.2174
9.41109	32.8383	0.0825083	40.2174
9.42792	32.9208	0	40.2174
9.43259	32.962	0.0825083	40.2174
9.43877	33.0446	0	40.2174
9.4547	33.0446	0	40.4891
9.45634	33.0858	0.0825083	40.4891
9.46328	33.1683	0	40.4891
9.46648	33.2096	0.0825083	40.4891
9.48552	33.2921	0	40.4891
9.4859	33.3333	0.0825083	40.4891
9.49453	33.4158	0	40.4891
9.49554	33.4571	0.0825083	40.4891
9.50055	33.5396	0	40.4891
9.5039	33.5809	0.0825083	40.4891
9.52434	33.6634	0	40.4891
9.5305	33.7046	0.0825083	40.4891
9.54889	33.7871	0	40.4891
9.55369	33.7871	0	40.7609
9.57507	33.7871	0	41.0326
9.57512	33.7871	0.165017	41.0326
9.5782	33.8696	0.0825083	41.0326
9.58929	33.9521	0	41.0326
9.59076	33.9521	0.165017	41.0326
9.59175	33.9521	0.330033	41.0326
9.59178	34.0347	0.247525	41.0326
9.59245	34.1172	0.165017	41.0326
9.59402	34.1997	0.0825083	41.0326
9.59802	34.2822	0	41.0326
9.6289	34.2822	0	41.0326
9.6297	34.2822	0.0825083	41.0326
9.65976	34.3647	0	41.0326
9.66022	34.4059	0.0825083	41.0326
9.77174	34.4884	0	41.0326
9.77243	34.5297	0.0825083	41.0326
9.77842	34.5297	0.0825083	41.3043
9.78579	34.6122	0	41.3043
9.78644	34.6535	0.0825083	41.3043
9.79877	34.736	0	41.3043
9.79979	34.736	0	41.5761
9.82675	34.736	0	41.8478
9.82999	34.7772	0.0825083	41.8478
9.89248	34.8597	0	41.8478
9.89279	34.8597	0.165017	41.8478
9.89357	34.9422	0.0825083	41.8478
9.91747	35.0248	0	41.8478
9.91908	35.0248	0.165017	41.8478
9.92054	35.1073	0.0825083	41.8478
9.94258	35.1898	0	41.8478
9.94978	35.1898	0	42.1196
9.9498	35.231	0.0825083	42.1196
9.95096	35.3135	0	42.1196
9.99182	35.3135	0	42.3913
10.0031	35.3135	0	42.9348
10.0313	35.3135	0	43.2065
10.0314	35.3135	0	43.4783
10.032	35.3135	0.165017	43.4783
10.0328	35.396	0.0825083	43.4783
10.0358	35.4785	0	43.4783
10.0735	35.4785	0	43.75
10.0737	35.4785	0.165017	43.75
10.075	35.5611	0.0825083	43.75
10.075	35.5611	0.247525	43.75
10.0767	35.6436	0.165017	43.75
10.0778	35.7261	0.0825083	43.75
10.0779	35.7261	0.247525	43.75
10.0794	35.8086	0.165017	43.75
10.0816	35.8911	0.0825083	43.75
10.0937	35.9736	0	43.75
10.0941	36.0149	0.0825083	43.75
10.107	36.0974	0	43.75
10.237	36.0974	0	44.0217
10.238	36.0974	0.165017	44.0217
10.2396	36.1799	0.0825083	44.0217
10.2476	36.2624	0	44.0217
10.3257	36.2624	0	44.2935
10.3258	36.3036	0.0825083	44.2935
10.3356	36.3861	0	44.2935
10.3427	36.4274	0.0825083	44.2935
10.3438	36.5099	0	44.2935
10.3472	36.5512	0.0825083	44.2935
10.3565	36.6337	0	44.2935
10.3573	36.6337	0.165017	44.2935
10.3624	36.7162	0.0825083	44.2935
10.4124	36.7987	0	44.2935
10.4299	36.7987	0	44.5652
10.4344	36.7987	0.165017	44.5652
10.4346	36.8812	0.0825083	44.5652
10.4348	36.9637	0	44.5652
10.4371	37.005	0.0825083	44.5652
10.4417	37.0875	0	44.5652
10.4864	37.0875	0	44.837
10.4906	37.0875	0.0825083	44.837
10.5127	37.17	0	44.837
10.5154	37.2112	0.0825083	44.837
10.5182	37.2937	0	44.837
10.5233	37.335	0.0825083	44.837
10.6621	37.4175	0	44.837
10.6623	37.4587	0.0825083	44.837
10.6759	37.5413	0	44.837
10.6772	37.5825	0.0825083	44.837
10.6973	37.665	0	44.837
10.7107	37.665	0	45.3804
10.7218	37.7063	0.0825083	45.3804
10.7555	37.7888	0	45.3804
10.7662	37.83	0.0825083	45.3804
10.7787	37.9125	0	45.3804
10.7811	37.9125	0.0825083	45.3804
10.8026	37.995	0	45.3804
10.8062	38.0363	0.0825083	45.3804
10.8307	38.1188	0	45.3804
10.8312	38.1601	0.0825083	45.3804
10.8876	38.2426	0	45.3804
10.895	38.2426	0	45.6522
10.8954	38.2426	0.165017	45.6522
10.9	38.3251	0.0825083	45.6522
10.9077	38.4076	0	45.6522
10.9454	38.4076	0	45.9239
10.9454	38.4076	0.165017	45.9239
10.9466	38.4076	0.330033	45.9239
10.9468	38.4901	0.247525	45.9239
10.947	38.5726	0.165017	45.9239
10.9503	38.6551	0.0825083	45.9239
11.0922	38.7376	0	45.9239
11.0978	38.7789	0.0825083	45.9239
11.1518	38.8614	0	45.9239
11.1539	38.8614	0.0825083	45.9239
11.2133	38.9439	0	45.9239
11.2294	38.9439	0	46.1957
11.2301	38.9439	0.165017	46.1957
11.2322	39.0264	0.0825083	46.1957
11.2695	39.1089	0	46.1957
11.2739	39.1502	0.0825083	46.1957
11.2955	39.2327	0	46.1957
11.2961	39.2327	0.165017	46.1957
11.2992	39.3152	0.0825083	46.1957
11.3181	39.3977	0	46.1957
11.3227	39.4389	0.0825083	46.1957
11.34	39.5215	0	46.1957
11.3682	39.5215	0	46.4674
11.392	39.5215	0	46.7391
11.3938	39.5627	0.0825083	46.7391
11.4091	39.6452	0	46.7391
11.411	39.6452	0.165017	46.7391
11.4114	39.7277	0.0825083	46.7391
11.4115	39.8102	0	46.7391
11.4144	39.8102	0	47.0109
11.4151	39.8515	0.0825083	47.0109
11.4672	39.934	0	47.0109
11.4704	39.934	0.0825083	47.0109
11.5331	40.0165	0	47.0109
11.5339	40.0165	0.0825083	47.0109
11.5719	40.099	0	47.0109
11.6235	40.099	0	47.2826
11.6245	40.1403	0.0825083	47.2826
11.6253	40.1815	0.165017	47.2826
11.6255	40.2228	0.247525	47.2826
11.6266	40.3053	0.165017	47.2826
11.6281	40.3878	0.0825083	47.2826
11.6484	40.4703	0	47.2826
11.6871	40.4703	0	47.8261
11.6875	40.4703	0.165017	47.8261
11.6904	40.5528	0.0825083	47.8261
11.7824	40.6353	0	47.8261
11.7844	40.6766	0.0825083	47.8261
11.7852	40.6766	0.0825083	48.0978
11.8126	40.7591	0	48.0978
11.8126	40.8003	0.0825083	48.0978
11.842	40.8828	0	48.0978
11.8443	40.9241	0.0825083	48.0978
11.8863	41.0066	0	48.0978
11.9028	41.0066	0	48.3696
11.9039	41.0479	0.0825083	48.3696
11.9853	41.1304	0	48.3696
11.9878	41.1716	0.0825083	48.3696
12.0035	41.2541	0	48.3696
12.0049	41.2541	0.0825083	48.3696
12.043	41.3366	0	48.3696
12.0485	41.3366	0.0825083	48.3696
12.0867	41.4191	0	48.3696
12.1	41.4604	0.0825083	48.3696
12.1367	41.5429	0	48.3696
12.1371	41.5842	0.0825083	48.3696
12.1763	41.6667	0	48.3696
12.1768	41.7079	0.0825083	48.3696
12.2267	41.7904	0	48.3696
12.2291	41.7904	0.0825083	48.3696
12.2757	41.8729	0	48.3696
12.278	41.9142	0.0825083	48.3696
12.2825	41.9967	0	48.3696
12.2867	41.9967	0.0825083	48.3696
12.2877	42.0792	0	48.3696
12.2947	42.1205	0.0825083	48.3696
12.3054	42.203	0	48.3696
12.3063	42.203	0.165017	48.3696
12.3066	42.2855	0.0825083	48.3696
12.3388	42.368	0	48.3696
12.3393	42.368	0.165017	48.3696
12.3412	42.4505	0.0825083	48.3696
12.3415	42.4505	0.247525	48.3696
12.3415	42.533	0.165017	48.3696
12.3432	42.6155	0.0825083	48.3696
12.3466	42.698	0	48.3696
12.3475	42.7393	0.0825083	48.3696
12.3847	42.8218	0	48.3696
12.4381	42.8218	0	48.913
12.4386	42.8218	0.0825083	48.913
12.4447	42.9043	0	48.913
12.4452	42.9043	0.165017	48.913
12.4517	42.9868	0.0825083	48.913
12.5131	43.0693	0	48.913
12.5163	43.1106	0.0825083	48.913
12.5333	43.1931	0	48.913
12.5414	43.2343	0.0825083	48.913
12.6108	43.3168	0	48.913
12.6165	43.3168	0.0825083	48.913
12.6293	43.3993	0	48.913
12.6296	43.4406	0.0825083	48.913
12.6307	43.4406	0.247525	48.913
12.6316	43.5231	0.165017	48.913
12.6329	43.6056	0.0825083	48.913
12.6568	43.6881	0	48.913
12.6574	43.7294	0.0825083	48.913
12.6676	43.8119	0	48.913
12.6758	43.8119	0	49.1848
12.678	43.8119	0	49.1848
12.6791	43.8119	0.0825083	49.1848
12.6801	43.8119	0.0825083	49.1848
12.7343	43.8944	0	49.1848
12.7372	43.8944	0.165017	49.1848
12.739	43.9769	0.0825083	49.1848
12.7392	44.0594	0	49.1848
12.7736	44.0594	0	49.4565
12.8056	44.0594	0	49.7283
12.807	44.1007	0.0825083	49.7283
12.809	44.1007	0.165017	49.7283
12.8116	44.1832	0.0825083	49.7283
12.8419	44.2657	0	49.7283
12.8452	44.3069	0.0825083	49.7283
12.8478	44.3482	0.165017	49.7283
12.849	44.4307	0.0825083	49.7283
12.8553	44.5132	0	49.7283
12.8692	44.5132	0	50.2717
12.8694	44.5545	0.0825083	50.2717
12.8737	44.637	0	50.2717
12.8743	44.6782	0.0825083	50.2717
12.931	44.7607	0	50.2717
12.9351	44.802	0.0825083	50.2717
13.0183	44.8845	0	50.2717
13.0227	44.9257	0.0825083	50.2717
13.066	45.0083	0	50.2717
13.0679	45.0495	0.0825083	50.2717
13.1121	45.132	0	50.2717
13.1134	45.1733	0.0825083	50.2717
13.1227	45.2558	0	50.2717
13.1236	45.297	0.0825083	50.2717
13.1365	45.3795	0	50.2717
13.1387	45.4208	0.0825083	50.2717
13.1849	45.5033	0	50.2717
13.1857	45.5033	0	50.8152
13.2152	45.5033	0	51.3587
13.2152	45.5446	0.0825083	51.3587
13.2203	45.6271	0	51.3587
13.2304	45.6683	0.0825083	51.3587
13.2552	45.7508	0	51.3587
13.2556	45.7921	0.0825083	51.3587
13.295	45.8746	0	51.3587
13.3338	45.8746	0	51.6304
13.3462	45.8746	0	51.9022
13.347	45.8746	0.165017	51.9022
13.3498	45.9571	0.0825083	51.9022
13.3637	46.0396	0	51.9022
13.3787	46.0809	0.0825083	51.9022
13.4285	46.1634	0	51.9022
13.4293	46.1634	0.165017	51.9022
13.4384	46.2459	0.0825083	51.9022
13.4957	46.3284	0	51.9022
13.4969	46.3696	0.0825083	51.9022
13.6013	46.4521	0	51.9022
13.608	46.4521	0	52.1739
13.6119	46.4934	0.0825083	52.1739
13.6679	46.5759	0	52.1739
13.6703	46.6172	0.0825083	52.1739
13.6704	46.6172	0.247525	52.1739
13.6708	46.6997	0.165017	52.1739
13.6709	46.7822	0.0825083	52.1739
13.6792	46.8647	0	52.1739
13.6839	46.8647	0	52.4457
13.689	46.9059	0.0825083	52.4457
13.7697	46.9884	0	52.4457
13.7704	46.9884	0.165017	52.4457
13.7705	47.071	0.0825083	52.4457
13.7708	47.1122	0.165017	52.4457
13.7723	47.1947	0.0825083	52.4457
13.8007	47.2772	0	52.4457
13.8018	47.3185	0.0825083	52.4457
13.8108	47.401	0	52.4457
13.8186	47.4422	0.0825083	52.4457
13.9575	47.5248	0	52.4457
13.9578	47.5248	0.0825083	52.4457
13.964	47.6073	0	52.4457
14.0453	47.6073	0	52.7174
14.081	47.6073	0	52.9891
14.0812	47.6485	0.0825083	52.9891
14.1941	47.731	0	52.9891
14.1962	47.7723	0.0825083	52.9891
14.2059	47.8548	0	52.9891
14.2093	47.896	0.0825083	52.9891
14.232	47.9785	0	52.9891
14.2331	47.9785	0.0825083	52.9891
14.2563	48.0611	0	52.9891
14.2625	48.1023	0.0825083	52.9891
14.3625	48.1848	0	52.9891
14.3934	48.1848	0	53.2609
14.4017	48.1848	0.0825083	53.2609
14.4536	48.2673	0	53.2609
14.4543	48.3086	0.0825083	53.2609
14.6374	48.3911	0	53.2609
14.6391	48.3911	0.165017	53.2609
14.6469	48.4736	0.0825083	53.2609
14.661	48.5561	0	53.2609
14.661	48.5561	0.165017	53.2609
14.666	48.6386	0.0825083	53.2609
14.6742	48.7211	0	53.2609
14.6746	48.7211	0.165017	53.2609
14.6751	48.8036	0.0825083	53.2609
14.6828	48.8861	0	53.2609
14.7891	48.8861	0	53.5326
14.8347	48.8861	0	53.8043
14.846	48.8861	0	54.3478
14.8486	48.8861	0	54.8913
14.8543	48.8861	0	55.4348
14.8548	48.9274	0.0825083	55.4348
14.8863	49.0099	0	55.4348
14.9909	49.0099	0	55.7065
14.9984	49.0099	0	56.25
15.047	49.0099	0	56.5217
15.0488	49.0512	0.0825083	56.5217
15.2076	49.1337	0	56.5217
15.2351	49.1337	0	56.7935
15.2352	49.1337	0.165017	56.7935
15.2372	49.2162	0.0825083	56.7935
15.2689	49.2987	0	56.7935
15.269	49.3399	0.0825083	56.7935
15.2872	49.4224	0	56.7935
15.2901	49.4224	0.0825083	56.7935
15.3192	49.505	0	56.7935
15.3405	49.505	0	57.0652
15.3442	49.5462	0.0825083	57.0652
15.366	49.6287	0	57.0652
15.4196	49.6287	0	57.337
15.4199	49.67	0.0825083	57.337
15.4443	49.7525	0	57.337
15.4469	49.7525	0.0825083	57.337
15.4567	49.835	0	57.337
15.4619	49.8762	0.0825083	57.337
15.4844	49.9587	0	57.337
15.5319	49.9587	0	57.6087
15.5332	49.9587	0.165017	57.6087
15.534	50.0413	0.0825083	57.6087
15.6213	50.1238	0	57.6087
15.6294	50.165	0.0825083	57.6087
15.6865	50.2475	0	57.6087
15.6945	50.2475	0	57.8804
15.696	50.2475	0.165017	57.8804
15.6968	50.33	0.0825083	57.8804
15.7353	50.4125	0	57.8804
15.7576	50.4125	0	58.1522
15.76	50.4538	0.0825083	58.1522
15.8234	50.5363	0	58.1522
15.8998	50.5363	0	58.4239
15.9483	50.5363	0	58.6957
15.9514	50.5776	0.0825083	58.6957
16.0626	50.6601	0	58.6957
16.0707	50.7013	0.0825083	58.6957
16.1167	50.7838	0	58.6957
16.1514	50.7838	0	58.9674
16.1537	50.7838	0.165017	58.9674
16.1556	50.8663	0.0825083	58.9674
16.164	50.9488	0	58.9674
16.1651	50.9901	0.0825083	58.9674
16.1812	51.0726	0	58.9674
16.262	51.0726	0	59.2391
16.2673	51.0726	0.0825083	59.2391
16.2717	51.1551	0	59.2391
16.3287	51.1551	0	59.7826
16.3352	51.1551	0	60.0543
16.3356	51.1551	0.0825083	60.0543
16.3444	51.2376	0	60.0543
16.3454	51.2789	0.0825083	60.0543
16.4055	51.3614	0	60.0543
16.4105	51.3614	0	60.0543
16.4108	51.4026	0.0825083	60.0543
16.447	51.4851	0	60.0543
16.4474	51.5264	0.0825083	60.0543
16.4548	51.6089	0	60.0543
16.5608	51.6089	0	60.3261
16.5611	51.6089	0.0825083	60.3261
16.5778	51.6914	0	60.3261
16.5813	51.7327	0.0825083	60.3261
16.6146	51.8152	0	60.3261
16.6152	51.8152	0	60.8696
16.6163	51.8152	0.165017	60.8696
16.6225	51.8977	0.0825083	60.8696
16.7092	51.9802	0	60.8696
16.7187	51.9802	0	61.1413
16.719	51.9802	0.165017	61.1413
16.7206	52.0627	0.0825083	61.1413
16.7857	52.1452	0	61.1413
16.8685	52.1452	0	61.413
16.9	52.1452	0	61.9565
16.9002	52.1865	0.0825083	61.9565
16.9296	52.269	0	61.9565
16.9307	52.3102	0.0825083	61.9565
16.9868	52.3927	0	61.9565
16.9931	52.3927	0.0825083	61.9565
17.0522	52.4752	0	61.9565
17.0548	52.5165	0.0825083	61.9565
17.0653	52.599	0	61.9565
17.1426	52.599	0	62.2283
17.143	52.6403	0.0825083	62.2283
17.2023	52.7228	0	62.2283
17.2035	52.764	0.0825083	62.2283
17.2058	52.8465	0	62.2283
17.2068	52.8465	0.0825083	62.2283
17.2171	52.929	0	62.2283
17.218	52.929	0.0825083	62.2283
17.2424	53.0116	0	62.2283
17.2924	53.0116	0	62.5
17.293	53.0528	0.0825083	62.5
17.4016	53.1353	0	62.5
17.442	53.1353	0	63.0435
17.4442	53.1353	0.165017	63.0435
17.4474	53.2178	0.0825083	63.0435
17.4865	53.3003	0	63.0435
17.5669	53.3003	0	63.3152
17.5674	53.3416	0.0825083	63.3152
17.5829	53.4241	0	63.3152
17.5873	53.4653	0.0825083	63.3152
17.5902	53.4653	0.165017	63.3152
17.5903	53.5479	0.0825083	63.3152
17.6169	53.6304	0	63.3152
17.6391	53.6304	0	63.587
17.777	53.6304	0	64.1304
17.7822	53.6716	0.0825083	64.1304
17.8125	53.7541	0	64.1304
17.8159	53.7541	0.0825083	64.1304
17.8573	53.8366	0	64.1304
17.8578	53.8366	0.0825083	64.1304
17.8705	53.9191	0	64.1304
17.8708	53.9191	0.165017	64.1304
17.8717	54.0017	0.0825083	64.1304
17.8969	54.0842	0	64.1304
17.9674	54.0842	0	64.4022
17.9698	54.1254	0.0825083	64.4022
18.0107	54.2079	0	64.4022
18.0132	54.2079	0.165017	64.4022
18.0211	54.2904	0.0825083	64.4022
18.0212	54.2904	0.247525	64.4022
18.022	54.3729	0.165017	64.4022
18.0223	54.4554	0.0825083	64.4022
18.0369	54.538	0	64.4022
18.0414	54.5792	0.0825083	64.4022
18.0564	54.6617	0	64.4022
18.0644	54.6617	0	64.6739
18.0677	54.6617	0.165017	64.6739
18.0695	54.7442	0.0825083	64.6739
18.2286	54.8267	0	64.6739
18.2338	54.868	0.0825083	64.6739
18.4033	54.9505	0	64.6739
18.4092	54.9505	0.0825083	64.6739
18.4379	55.033	0	64.6739
18.438	55.0743	0.0825083	64.6739
18.4681	55.1568	0	64.6739
18.5195	55.1568	0	65.2174
18.528	55.198	0.0825083	65.2174
18.5457	55.2805	0	65.2174
18.5468	55.2805	0.165017	65.2174
18.547	55.363	0.0825083	65.2174
18.5489	55.4455	0	65.2174
18.58	55.4455	0	65.4891
18.6642	55.4455	0	66.0326
18.8788	55.4455	0	66.5761
18.8814	55.4868	0.0825083	66.5761
18.912	55.5693	0	66.5761
18.9136	55.5693	0.165017	66.5761
18.9209	55.6518	0.0825083	66.5761
18.931	55.7343	0	66.5761
18.9317	55.7343	0.0825083	66.5761
18.9446	55.8168	0	66.5761
19.0031	55.8168	0	67.1196
19.0034	55.8581	0.0825083	67.1196
19.0668	55.9406	0	67.1196
19.1793	55.9406	0	67.3913
19.1797	55.9818	0.0825083	67.3913
19.2233	56.0644	0	67.3913
19.2237	56.0644	0.0825083	67.3913
19.2587	56.1469	0	67.3913
19.2603	56.1469	0.0825083	67.3913
19.3372	56.2294	0	67.3913
19.3428	56.2294	0	67.9348
19.3549	56.2706	0.0825083	67.9348
19.4363	56.3531	0	67.9348
19.4708	56.3531	0	68.2065
19.4721	56.3944	0.0825083	68.2065
19.4859	56.4769	0	68.2065
19.5948	56.4769	0	68.4783
19.6003	56.5182	0.0825083	68.4783
19.6652	56.6007	0	68.4783
19.6653	56.6419	0.0825083	68.4783
19.6669	56.7244	0	68.4783
19.6702	56.7657	0.0825083	68.4783
19.6877	56.8482	0	68.4783
19.7909	56.8482	0	68.75
19.8077	56.8482	0	69.2935
19.823	56.8482	0	69.5652
19.9304	56.8482	0	69.837
19.9311	56.8894	0.0825083	69.837
19.9637	56.9719	0	69.837
19.969	57.0132	0.0825083	69.837
20.0019	57.0957	0	69.837
20.0111	57.137	0.0825083	69.837
20.012	57.137	0.0825083	70.1087
20.0187	57.2195	0	70.1087
20.019	57.2607	0.0825083	70.1087
20.0543	57.3432	0	70.1087
20.0895	57.3432	0	70.3804
20.0922	57.3845	0.0825083	70.3804
20.1669	57.467	0	70.3804
20.1673	57.5083	0.0825083	70.3804
20.1692	57.5908	0	70.3804
20.1693	57.632	0.0825083	70.3804
20.1815	57.7145	0	70.3804
20.1816	57.7558	0.0825083	70.3804
20.2176	57.8383	0	70.3804
20.2204	57.8795	0.0825083	70.3804
20.2419	57.962	0	70.3804
20.2425	57.962	0.165017	70.3804
20.2449	58.0446	0.0825083	70.3804
20.2519	58.1271	0	70.3804
20.2533	58.1683	0.0825083	70.3804
20.2858	58.2508	0	70.3804
20.2867	58.2921	0.0825083	70.3804
20.2869	58.3333	0.165017	70.3804
20.2877	58.4158	0.0825083	70.3804
20.2891	58.4983	0	70.3804
20.2894	58.5396	0.0825083	70.3804
20.3467	58.6221	0	70.3804
20.3486	58.6634	0.0825083	70.3804
20.3785	58.7459	0	70.3804
20.39	58.7459	0	70.6522
20.3916	58.7459	0.165017	70.6522
20.3929	58.8284	0.0825083	70.6522
20.4045	58.9109	0	70.6522
20.427	58.9109	0	70.9239
20.4779	58.9109	0	71.1957
20.4782	58.9109	0.0825083	71.1957
20.4857	58.9934	0	71.1957
20.4893	58.9934	0.0825083	71.1957
20.4925	59.0759	0	71.1957
20.4929	59.0759	0.165017	71.1957
20.4978	59.1584	0.0825083	71.1957
20.5312	59.2409	0	71.1957
20.5324	59.2822	0.0825083	71.1957
20.5502	59.3647	0	71.1957
20.5512	59.3647	0.165017	71.1957
20.5527	59.4472	0.0825083	71.1957
20.5622	59.5297	0	71.1957
20.5637	59.571	0.0825083	71.1957
20.6053	59.6535	0	71.1957
20.6054	59.6535	0.165017	71.1957
20.6079	59.736	0.0825083	71.1957
20.6318	59.8185	0	71.1957
20.6333	59.8185	0.165017	71.1957
20.6376	59.901	0.0825083	71.1957
20.7476	59.9835	0	71.1957
20.7502	59.9835	0.0825083	71.1957
20.814	60.066	0	71.1957
20.9228	60.066	0	71.7391
20.9233	60.1073	0.0825083	71.7391
20.9298	60.1898	0	71.7391
20.9312	60.231	0.0825083	71.7391
20.9332	60.2723	0.165017	71.7391
20.9405	60.3548	0.0825083	71.7391
20.9545	60.4373	0	71.7391
20.9586	60.4785	0.0825083	71.7391
20.9664	60.5611	0	71.7391
20.97	60.5611	0	72.0109
20.9701	60.5611	0.165017	72.0109
20.9701	60.6436	0.0825083	72.0109
20.9704	60.6848	0.165017	72.0109
20.9713	60.7673	0.0825083	72.0109
20.9718	60.7673	0.0825083	72.2826
21.0432	60.8498	0	72.2826
21.0465	60.8911	0.0825083	72.2826
21.0535	60.9736	0	72.2826
21.1637	60.9736	0	72.5543
21.1696	61.0149	0.0825083	72.5543
21.2004	61.0974	0	72.5543
21.2007	61.0974	0.0825083	72.5543
21.2257	61.1799	0	72.5543
21.3263	61.1799	0	73.0978
21.3313	61.2211	0.0825083	73.0978
21.342	61.3036	0	73.0978
21.3429	61.3449	0.0825083	73.0978
21.3593	61.4274	0	73.0978
21.3632	61.4686	0.0825083	73.0978
21.5264	61.5512	0	73.0978
21.5272	61.5512	0.165017	73.0978
21.5289	61.6337	0.0825083	73.0978
21.5689	61.7162	0	73.0978
21.5697	61.7162	0.165017	73.0978
21.5745	61.7987	0.0825083	73.0978
21.5973	61.8812	0	73.0978
21.6212	61.8812	0	73.3696
21.6216	61.9224	0.0825083	73.3696
21.6738	62.005	0	73.3696
21.6765	62.0462	0.0825083	73.3696
21.6824	62.1287	0	73.3696
21.6845	62.17	0.0825083	73.3696
21.7709	62.2525	0	73.3696
21.773	62.2525	0.165017	73.3696
21.7755	62.335	0.0825083	73.3696
21.8091	62.4175	0	73.3696
21.8124	62.4587	0.0825083	73.3696
21.8202	62.5413	0	73.3696
21.8206	62.5413	0.165017	73.3696
21.8231	62.6238	0.0825083	73.3696
21.8365	62.7063	0	73.3696
21.8365	62.7063	0.165017	73.3696
21.8373	62.7888	0.0825083	73.3696
21.8446	62.8713	0	73.3696
21.9112	62.8713	0	73.6413
21.9228	62.9125	0.0825083	73.6413
21.9286	62.995	0	73.6413
21.9367	63.0363	0.0825083	73.6413
21.9627	63.1188	0	73.6413
21.9661	63.1188	0.165017	73.6413
21.9697	63.2013	0.0825083	73.6413
21.9818	63.2838	0	73.6413
22.0181	63.2838	0	74.1848
22.0186	63.3251	0.0825083	74.1848
22.0212	63.4076	0	74.1848
22.0227	63.4076	0.165017	74.1848
22.0238	63.4901	0.0825083	74.1848
22.1678	63.5726	0	74.1848
22.1732	63.6139	0.0825083	74.1848
22.2333	63.6964	0	74.1848
22.2368	63.7376	0.0825083	74.1848
22.3193	63.8201	0	74.1848
22.3193	63.8614	0.0825083	74.1848
22.6686	63.9439	0	74.1848
22.8499	63.9439	0	74.4565
22.851	63.9439	0.165017	74.4565
22.853	64.0264	0.0825083	74.4565
22.9448	64.1089	0	74.4565
22.9876	64.1089	0	74.7283
23.039	64.1089	0	75.2717
23.043	64.1502	0.0825083	75.2717
23.0554	64.2327	0	75.2717
23.056	64.2327	0.165017	75.2717
23.0561	64.3152	0.0825083	75.2717
23.1847	64.3977	0	75.2717
23.1908	64.3977	0.0825083	75.2717
23.3189	64.4802	0	75.2717
23.3193	64.4802	0.165017	75.2717
23.321	64.5627	0.0825083	75.2717
23.3501	64.6452	0	75.2717
23.4234	64.6452	0	75.8152
23.4238	64.6865	0.0825083	75.8152
23.45	64.769	0	75.8152
23.4583	64.8102	0.0825083	75.8152
23.4605	64.8927	0	75.8152
23.5339	64.8927	0	76.3587
23.5341	64.8927	0.165017	76.3587
23.5365	64.9753	0.0825083	76.3587
23.6222	65.0578	0	76.3587
23.626	65.0578	0.165017	76.3587
23.627	65.1403	0.0825083	76.3587
23.6358	65.2228	0	76.3587
23.7011	65.2228	0	76.6304
23.7095	65.2228	0	77.1739
23.7164	65.264	0.0825083	77.1739
23.7202	65.3465	0	77.1739
23.7231	65.3878	0.0825083	77.1739
23.793	65.4703	0	77.1739
23.8213	65.4703	0	77.7174
23.8217	65.4703	0.165017	77.7174
23.8222	65.5528	0.0825083	77.7174
23.8756	65.6353	0	77.7174
23.8768	65.6766	0.0825083	77.7174
23.8875	65.7591	0	77.7174
23.9015	65.8003	0.0825083	77.7174
23.9047	65.8828	0	77.7174
23.9067	65.9241	0.0825083	77.7174
23.9707	66.0066	0	77.7174
24.015	66.0066	0	78.2609
24.0157	66.0066	0.0825083	78.2609
24.2442	66.0891	0	78.2609
24.2555	66.0891	0.0825083	78.2609
24.3181	66.1716	0	78.2609
24.3294	66.2129	0.0825083	78.2609
24.4179	66.2954	0	78.2609
24.4459	66.2954	0	78.8043
24.4772	66.2954	0	79.0761
24.4813	66.3366	0.0825083	79.0761
24.4834	66.4191	0	79.0761
24.4841	66.4604	0.0825083	79.0761
24.5158	66.5429	0	79.0761
24.5216	66.5429	0.165017	79.0761
24.524	66.6254	0.0825083	79.0761
24.6365	66.7079	0	79.0761
24.6441	66.7079	0	79.6196
24.6446	66.7492	0.0825083	79.6196
24.7153	66.8317	0	79.6196
24.7174	66.8317	0.165017	79.6196
24.719	66.9142	0.0825083	79.6196
24.734	66.9967	0	79.6196
24.7341	67.038	0.0825083	79.6196
24.8133	67.1205	0	79.6196
24.8156	67.1617	0.0825083	79.6196
24.8201	67.2442	0	79.6196
24.8237	67.2855	0.0825083	79.6196
24.8506	67.368	0	79.6196
24.8569	67.4092	0.0825083	79.6196
24.9382	67.4918	0	79.6196
24.9803	67.4918	0	79.8913
24.9804	67.533	0.0825083	79.8913
25.1409	67.6155	0	79.8913
25.1425	67.6155	0	80.4348
25.144	67.6568	0.0825083	80.4348
25.3409	67.7393	0	80.4348
25.3437	67.7393	0.0825083	80.4348
25.3771	67.8218	0	80.4348
25.3823	67.863	0.0825083	80.4348
25.3985	67.9455	0	80.4348
25.4046	67.9868	0.0825083	80.4348
25.4202	68.0693	0	80.4348
25.4202	68.1106	0.0825083	80.4348
25.4452	68.1931	0	80.4348
25.455	68.1931	0	80.7065
25.4586	68.2343	0.0825083	80.7065
25.4793	68.3168	0	80.7065
25.4805	68.3581	0.0825083	80.7065
25.4995	68.4406	0	80.7065
25.5102	68.4406	0	80.9783
25.5113	68.4818	0.0825083	80.9783
25.5128	68.5644	0	80.9783
25.5361	68.5644	0	81.25
25.5369	68.6056	0.0825083	81.25
25.7463	68.6881	0	81.25
25.7476	68.7294	0.0825083	81.25
25.7582	68.8119	0	81.25
25.7617	68.8531	0.0825083	81.25
25.9209	68.9356	0	81.25
25.9575	68.9356	0	81.7935
25.9921	68.9356	0	82.337
26.0127	68.9356	0	82.8804
26.0138	68.9356	0.165017	82.8804
26.0142	69.0182	0.0825083	82.8804
26.147	69.1007	0	82.8804
26.1501	69.1419	0.0825083	82.8804
26.2573	69.2244	0	82.8804
26.2584	69.2657	0.0825083	82.8804
26.2798	69.3482	0	82.8804
26.2809	69.3894	0.0825083	82.8804
26.3156	69.4719	0	82.8804
26.3214	69.5132	0.0825083	82.8804
26.331	69.5957	0	82.8804
26.3399	69.637	0.0825083	82.8804
26.419	69.7195	0	82.8804
26.4675	69.7195	0	83.1522
26.4691	69.7195	0.165017	83.1522
26.4693	69.802	0.0825083	83.1522
26.6004	69.8845	0	83.1522
26.6594	69.8845	0	83.6957
26.8624	69.8845	0	83.9674
26.8665	69.8845	0	84.5109
26.8681	69.9257	0.0825083	84.5109
26.9432	70.0082	0	84.5109
26.9586	70.0495	0.0825083	84.5109
27.3093	70.132	0	84.5109
27.3246	70.1733	0.0825083	84.5109
27.3281	70.2558	0	84.5109
27.329	70.2558	0.165017	84.5109
27.3346	70.3383	0.0825083	84.5109
27.471	70.4208	0	84.5109
27.4711	70.462	0.0825083	84.5109
27.4918	70.5446	0	84.5109
27.5669	70.5446	0	85.0543
27.5693	70.5858	0.0825083	85.0543
27.7261	70.6683	0	85.0543
27.8086	70.6683	0	85.5978
27.8194	70.7096	0.0825083	85.5978
27.8216	70.7921	0	85.5978
27.8222	70.8333	0.0825083	85.5978
27.8567	70.9158	0	85.5978
27.862	70.9571	0.0825083	85.5978
27.9126	71.0396	0	85.5978
27.9161	71.0809	0.0825083	85.5978
27.9661	71.1634	0	85.5978
27.9666	71.1634	0.0825083	85.5978
28.0035	71.2459	0	85.5978
28.0041	71.2459	0.165017	85.5978
28.0057	71.3284	0.0825083	85.5978
28.163	71.4109	0	85.5978
28.1656	71.4109	0	86.1413
28.1677	71.4109	0.165017	86.1413
28.1677	71.4934	0.0825083	86.1413
28.2487	71.5759	0	86.1413
28.3888	71.5759	0	86.6848
28.3897	71.6172	0.0825083	86.6848
28.5738	71.6997	0	86.6848
28.575	71.7409	0.0825083	86.6848
28.579	71.8234	0	86.6848
28.579	71.8647	0.0825083	86.6848
28.5891	71.9472	0	86.6848
28.5896	71.9472	0.165017	86.6848
28.5938	72.0297	0.0825083	86.6848
28.6895	72.1122	0	86.6848
28.6909	72.1122	0.165017	86.6848
28.691	72.1947	0.0825083	86.6848
28.7152	72.2772	0	86.6848
28.7159	72.2772	0.165017	86.6848
28.717	72.3597	0.0825083	86.6848
28.7341	72.4422	0	86.6848
28.7345	72.4835	0.0825083	86.6848
28.7748	72.566	0	86.6848
28.7769	72.6073	0.0825083	86.6848
28.8391	72.6898	0	86.6848
28.8396	72.6898	0.165017	86.6848
28.8408	72.7723	0.0825083	86.6848
28.9212	72.8548	0	86.6848
28.9239	72.896	0.0825083	86.6848
29.0432	72.9785	0	86.6848
29.0439	73.0198	0.0825083	86.6848
29.0689	73.1023	0	86.6848
29.0713	73.1023	0.0825083	86.6848
29.2019	73.1848	0	86.6848
29.2339	73.1848	0	87.2283
29.2343	73.1848	0.0825083	87.2283
29.3489	73.2673	0	87.2283
29.3492	73.3086	0.0825083	87.2283
29.3739	73.3911	0	87.2283
29.3768	73.4323	0.0825083	87.2283
29.4804	73.5149	0	87.2283
29.4815	73.5561	0.0825083	87.2283
29.5389	73.6386	0	87.2283
29.6683	73.6386	0	87.7717
29.6697	73.6386	0.165017	87.7717
29.6711	73.7211	0.0825083	87.7717
29.7012	73.8036	0	87.7717
29.7027	73.8036	0.165017	87.7717
29.7054	73.8861	0.0825083	87.7717
30.0321	73.9686	0	87.7717
30.0328	74.0099	0.0825083	87.7717
30.0821	74.0924	0	87.7717
30.127	74.0924	0	88.0435
30.128	74.0924	0.165017	88.0435
30.1339	74.1749	0.0825083	88.0435
30.1511	74.2574	0	88.0435
30.154	74.2574	0.165017	88.0435
30.1545	74.3399	0.0825083	88.0435
30.2645	74.4224	0	88.0435
30.2689	74.4637	0.0825083	88.0435
30.2894	74.5462	0	88.0435
30.2901	74.5462	0.165017	88.0435
30.2917	74.6287	0.0825083	88.0435
30.4151	74.7112	0	88.0435
30.4187	74.7525	0.0825083	88.0435
30.5252	74.835	0	88.0435
30.5252	74.8762	0.0825083	88.0435
30.591	74.9587	0	88.0435
30.5947	75	0.0825083	88.0435
30.6361	75.0825	0	88.0435
30.64	75.1238	0.0825083	88.0435
30.6911	75.2063	0	88.0435
30.6964	75.2475	0.0825083	88.0435
30.7804	75.33	0	88.0435
30.7811	75.3713	0.0825083	88.0435
30.836	75.4538	0	88.0435
30.984	75.4538	0	88.587
30.9857	75.495	0.0825083	88.587
31.0612	75.5776	0	88.587
31.0625	75.5776	0.165017	88.587
31.064	75.6601	0.0825083	88.587
31.1324	75.7426	0	88.587
31.3937	75.7426	0	89.1304
31.3947	75.7426	0.0825083	89.1304
31.5391	75.8251	0	89.1304
31.5483	75.8251	0.0825083	89.1304
31.6054	75.9076	0	89.1304
31.6146	75.9076	0.0825083	89.1304
31.7452	75.9901	0	89.1304
31.7486	76.0314	0.0825083	89.1304
31.8482	76.1139	0	89.1304
31.8531	76.1139	0.0825083	89.1304
32.1429	76.1964	0	89.1304
32.2663	76.1964	0	89.6739
32.2708	76.2376	0.0825083	89.6739
32.3603	76.3201	0	89.6739
32.3622	76.3201	0.165017	89.6739
32.3647	76.4026	0.0825083	89.6739
32.4019	76.4851	0	89.6739
32.4021	76.5264	0.0825083	89.6739
32.5107	76.6089	0	89.6739
32.5253	76.6089	0.0825083	89.6739
32.547	76.6914	0	89.6739
32.5681	76.6914	0	90.2174
32.5697	76.7327	0.0825083	90.2174
32.7597	76.8152	0	90.2174
32.761	76.8564	0.0825083	90.2174
32.7987	76.9389	0	90.2174
32.8018	76.9802	0.0825083	90.2174
32.8814	77.0627	0	90.2174
32.8919	77.104	0.0825083	90.2174
32.8959	77.1865	0	90.2174
32.898	77.1865	0.0825083	90.2174
32.9088	77.269	0	90.2174
33.0548	77.269	0	90.4891
33.0579	77.3102	0.0825083	90.4891
33.1276	77.3927	0	90.4891
33.1285	77.434	0.0825083	90.4891
33.1615	77.5165	0	90.4891
33.2789	77.5165	0	91.0326
33.4849	77.5165	0	91.5761
33.4855	77.5165	0.165017	91.5761
33.4883	77.599	0.0825083	91.5761
33.6107	77.6815	0	91.5761
33.6159	77.6815	0.165017	91.5761
33.6166	77.764	0.0825083	91.5761
33.6717	77.8465	0	91.5761
33.7441	77.8465	0	92.1196
33.7529	77.8465	0.0825083	92.1196
33.9391	77.929	0	92.1196
33.9398	77.929	0.165017	92.1196
33.9399	78.0116	0.0825083	92.1196
34.0786	78.0941	0	92.1196
34.084	78.1353	0.0825083	92.1196
34.3482	78.2178	0	92.1196
34.3496	78.2591	0.0825083	92.1196
34.4118	78.3416	0	92.1196
34.426	78.3416	0	92.663
34.4287	78.3416	0.165017	92.663
34.4296	78.4241	0.0825083	92.663
34.4643	78.5066	0	92.663
34.4649	78.5479	0.0825083	92.663
34.7788	78.6304	0	92.663
34.7815	78.6716	0.0825083	92.663
34.916	78.7541	0	92.663
34.9177	78.7541	0.165017	92.663
34.9252	78.8366	0.0825083	92.663
35.025	78.9191	0	92.663
35.0261	78.9604	0.0825083	92.663
35.1191	79.0429	0	92.663
35.1192	79.0429	0.165017	92.663
35.1195	79.1254	0.0825083	92.663
35.2778	79.2079	0	92.663
35.2851	79.2079	0.165017	92.663
35.2954	79.2904	0.0825083	92.663
35.6724	79.3729	0	92.663
35.6726	79.3729	0.165017	92.663
35.6787	79.4554	0.0825083	92.663
35.726	79.538	0	92.663
35.7294	79.5792	0.0825083	92.663
35.7482	79.6617	0	92.663
35.7506	79.6617	0.165017	92.663
35.7531	79.7442	0.0825083	92.663
35.8298	79.8267	0	92.663
35.8444	79.8267	0	92.9348
35.9997	79.8267	0	93.4783
36.0098	79.868	0.0825083	93.4783
36.3487	79.9505	0	93.4783
36.3514	79.9918	0.0825083	93.4783
36.5251	80.0743	0	93.4783
36.5255	80.0743	0.165017	93.4783
36.5259	80.1155	0.247525	93.4783
36.5279	80.198	0.165017	93.4783
36.5288	80.2805	0.0825083	93.4783
37.0759	80.363	0	93.4783
37.0792	80.4043	0.0825083	93.4783
37.2503	80.4868	0	93.4783
37.2533	80.5281	0.0825083	93.4783
37.5191	80.6106	0	93.4783
37.5299	80.6518	0.0825083	93.4783
37.5701	80.7343	0	93.4783
37.5721	80.7343	0.165017	93.4783
37.5735	80.8168	0.0825083	93.4783
37.647	80.8993	0	93.4783
37.657	80.9406	0.0825083	93.4783
37.6786	81.0231	0	93.4783
37.6821	81.0644	0.0825083	93.4783
37.7308	81.1469	0	93.4783
37.7416	81.1469	0	94.0217
37.7418	81.1881	0.0825083	94.0217
37.7899	81.2706	0	94.0217
37.7931	81.3119	0.0825083	94.0217
38.0614	81.3944	0	94.0217
38.062	81.4356	0.0825083	94.0217
38.1026	81.5182	0	94.0217
38.1104	81.5594	0.0825083	94.0217
38.1615	81.6419	0	94.0217
38.1646	81.6832	0.0825083	94.0217
38.308	81.7657	0	94.0217
38.308	81.8069	0.0825083	94.0217
38.3405	81.8894	0	94.0217
38.342	81.8894	0.0825083	94.0217
38.3496	81.9719	0	94.0217
38.3527	82.0132	0.0825083	94.0217
38.3636	82.0957	0	94.0217
38.3649	82.0957	0.165017	94.0217
38.3666	82.1782	0.0825083	94.0217
38.4705	82.2607	0	94.0217
38.4787	82.302	0.0825083	94.0217
38.5263	82.3845	0	94.0217
38.7351	82.3845	0	94.5652
38.8702	82.3845	0	95.1087
38.9575	82.3845	0	95.6522
38.9578	82.3845	0.165017	95.6522
38.9583	82.467	0.0825083	95.6522
39.1117	82.5495	0	95.6522
39.1995	82.5495	0	96.1957
39.7072	82.5495	0	96.7391
39.7089	82.5495	0.0825083	96.7391
39.735	82.632	0	96.7391
39.742	82.632	0.0825083	96.7391
39.7715	82.7145	0	96.7391
39.7752	82.7145	0.0825083	96.7391
39.7931	82.797	0	96.7391
39.7951	82.8383	0.0825083	96.7391
40.0414	82.9208	0	96.7391
40.0427	82.962	0.0825083	96.7391
40.08	83.0446	0	96.7391
40.0882	83.0858	0.0825083	96.7391
40.1771	83.1683	0	96.7391
40.1782	83.2096	0.0825083	96.7391
40.4914	83.2921	0	96.7391
40.493	83.3333	0.0825083	96.7391
40.5262	83.4158	0	96.7391
40.5293	83.4158	0.165017	96.7391
40.5309	83.4984	0.0825083	96.7391
40.7452	83.5809	0	96.7391
40.7461	83.5809	0.165017	96.7391
40.7475	83.6634	0.0825083	96.7391
40.8322	83.7459	0	96.7391
40.8386	83.7459	0.0825083	96.7391
40.8554	83.8284	0	96.7391
40.8559	83.8284	0.165017	96.7391
40.8624	83.9109	0.0825083	96.7391
40.8627	83.9521	0.165017	96.7391
40.8644	84.0347	0.0825083	96.7391
40.9588	84.1172	0	96.7391
40.9594	84.1584	0.0825083	96.7391
40.9712	84.2409	0	96.7391
40.9789	84.2822	0.0825083	96.7391
41.3569	84.3647	0	96.7391
41.3592	84.3647	0.0825083	96.7391
41.5193	84.4472	0	96.7391
41.5194	84.4472	0.0825083	96.7391
41.8421	84.5297	0	96.7391
41.8474	84.5297	0.0825083	96.7391
41.9002	84.6122	0	96.7391
41.9006	84.6535	0.0825083	96.7391
41.9288	84.736	0	96.7391
41.9291	84.7772	0.0825083	96.7391
42.2191	84.8597	0	96.7391
42.2323	84.8597	0.0825083	96.7391
42.4859	84.9422	0	96.7391
42.4992	84.9835	0.0825083	96.7391
42.6788	85.066	0	96.7391
42.6819	85.066	0.165017	96.7391
42.6826	85.1485	0.0825083	96.7391
42.7896	85.231	0	96.7391
42.7908	85.231	0.165017	96.7391
42.7911	85.3135	0.0825083	96.7391
42.9335	85.396	0	96.7391
42.9355	85.396	0.0825083	96.7391
42.9358	85.396	0.165017	96.7391
42.9543	85.4785	0.0825083	96.7391
43.516	85.5611	0	96.7391
43.5166	85.5611	0.165017	96.7391
43.5237	85.6436	0.0825083	96.7391
44.0335	85.7261	0	96.7391
44.0346	85.7261	0.0825083	96.7391
44.0983	85.8086	0	96.7391
44.1013	85.8498	0.0825083	96.7391
44.2053	85.9323	0	96.7391
44.216	85.9323	0.165017	96.7391
44.2189	86.0149	0.0825083	96.7391
44.4669	86.0974	0	96.7391
44.4679	86.1386	0.0825083	96.7391
44.5167	86.2211	0	96.7391
44.5185	86.2211	0.165017	96.7391
44.5204	86.3036	0.0825083	96.7391
44.5487	86.3861	0	96.7391
44.549	86.4274	0.0825083	96.7391
44.7279	86.5099	0	96.7391
44.7283	86.5099	0.165017	96.7391
44.7301	86.5924	0.0825083	96.7391
44.837	86.6749	0	96.7391
44.8387	86.7162	0.0825083	96.7391
45.0341	86.7987	0	96.7391
45.0372	86.8399	0.0825083	96.7391
45.1399	86.9224	0	96.7391
45.1414	86.9637	0.0825083	96.7391
45.2175	87.0462	0	96.7391
45.2211	87.0875	0.0825083	96.7391
45.5442	87.17	0	96.7391
45.5455	87.2112	0.0825083	96.7391
45.9257	87.2937	0	96.7391
45.9347	87.335	0.0825083	96.7391
45.9482	87.4175	0	96.7391
45.9483	87.4587	0.0825083	96.7391
45.961	87.5413	0	96.7391
45.9642	87.5825	0.0825083	96.7391
46.186	87.665	0	96.7391
46.188	87.665	0.165017	96.7391
46.1885	87.7475	0.0825083	96.7391
46.5981	87.83	0	96.7391
46.5985	87.8713	0.0825083	96.7391
46.9391	87.9538	0	96.7391
46.9431	87.9538	0.165017	96.7391
46.9437	88.0363	0.0825083	96.7391
47.0818	88.1188	0	96.7391
47.0843	88.1188	0.165017	96.7391
47.0852	88.2013	0.0825083	96.7391
47.8471	88.2838	0	96.7391
47.8473	88.3251	0.0825083	96.7391
47.9444	88.4076	0	96.7391
47.9467	88.4488	0.0825083	96.7391
48.0511	88.5314	0	96.7391
48.0513	88.5314	0.165017	96.7391
48.0539	88.6139	0.0825083	96.7391
48.0661	88.6964	0	96.7391
48.89	88.6964	0	97.2826
48.8916	88.6964	0.0825083	97.2826
48.9278	88.7789	0	97.2826
48.932	88.8201	0.0825083	97.2826
49.0432	88.9026	0	97.2826
49.0465	88.9439	0.0825083	97.2826
49.125	89.0264	0	97.2826
49.1281	89.0677	0.0825083	97.2826
49.347	89.1502	0	97.2826
49.3496	89.1914	0.0825083	97.2826
49.4453	89.2739	0	97.2826
49.4487	89.2739	0.0825083	97.2826
49.6129	89.3564	0	97.2826
49.6246	89.3977	0.0825083	97.2826
50.1391	89.4802	0	97.2826
50.1446	89.4802	0.0825083	97.2826
50.4379	89.5627	0	97.2826
50.4412	89.604	0.0825083	97.2826
50.707	89.6865	0	97.2826
51.5109	89.6865	0	97.8261
51.5124	89.7277	0.0825083	97.8261
51.6049	89.8102	0	97.8261
51.6078	89.8102	0.165017	97.8261
51.6088	89.8927	0.0825083	97.8261
51.7041	89.9753	0	97.8261
51.7095	90.0165	0.0825083	97.8261
51.7578	90.099	0	97.8261
51.758	90.1403	0.0825083	97.8261
52.147	90.2228	0	97.8261
52.1632	90.2228	0	98.3696
52.1653	90.2228	0.165017	98.3696
52.1664	90.3053	0.0825083	98.3696
52.3582	90.3878	0	98.3696
52.3619	90.429	0.0825083	98.3696
52.4676	90.5116	0	98.3696
52.982	90.5116	0	98.913
52.9835	90.5528	0.0825083	98.913
53.1427	90.6353	0	98.913
53.1431	90.6353	0.165017	98.913
53.1434	90.7178	0.0825083	98.913
53.3384	90.8003	0	98.913
53.3433	90.8416	0.0825083	98.913
53.3467	90.9241	0	98.913
53.3478	90.9241	0.0825083	98.913
54.1808	91.0066	0	98.913
54.1866	91.0479	0.0825083	98.913
54.829	91.1304	0	98.913
54.8299	91.1716	0.0825083	98.913
54.9086	91.2541	0	98.913
54.9103	91.2541	0.165017	98.913
54.9153	91.3366	0.0825083	98.913
55.1343	91.4191	0	98.913
55.1356	91.4604	0.0825083	98.913
55.4261	91.5429	0	98.913
56.2582	91.5429	0	99.4565
56.2652	91.5842	0.0825083	99.4565
56.2664	91.5842	0.165017	99.4565
56.2696	91.6667	0.0825083	99.4565
56.3246	91.7492	0	99.4565
56.3289	91.7904	0.0825083	99.4565
56.397	91.8729	0	99.4565
56.4015	91.9142	0.0825083	99.4565
56.7669	91.9967	0	99.4565
56.7687	92.038	0.0825083	99.4565
57.2277	92.1205	0	99.4565
57.2286	92.1205	0.165017	99.4565
57.2288	92.203	0.0825083	99.4565
57.2985	92.2855	0	99.4565
57.3021	92.2855	0.165017	99.4565
57.3055	92.368	0.0825083	99.4565
58.1261	92.4505	0	99.4565
58.132	92.4918	0.0825083	99.4565
58.1947	92.5743	0	99.4565
58.1966	92.5743	0.0825083	99.4565
58.4315	92.6568	0	99.4565
58.4332	92.6568	0.0825083	99.4565
58.4974	92.7393	0	99.4565
58.4998	92.7805	0.0825083	99.4565
58.5654	92.863	0	99.4565
58.5703	92.9043	0.0825083	99.4565
60.0613	92.9868	0	99.4565
60.0706	93.0281	0.0825083	99.4565
60.2534	93.1106	0	99.4565
60.2591	93.1106	0.0825083	99.4565
60.5911	93.1931	0	99.4565
60.5913	93.2343	0.0825083	99.4565
60.708	93.3168	0	99.4565
60.7098	93.3581	0.0825083	99.4565
61.8711	93.4406	0	99.4565
61.8725	93.4406	0.0825083	99.4565
62.2595	93.5231	0	99.4565
62.26	93.5644	0.0825083	99.4565
62.3775	93.6469	0	99.4565
62.3842	93.6881	0.0825083	99.4565
62.5669	93.7706	0	99.4565
62.5696	93.8119	0.0825083	99.4565
62.7319	93.8944	0	99.4565
62.7336	93.8944	0.165017	99.4565
62.7351	93.9769	0.0825083	99.4565
63.54	94.0594	0	99.4565
63.544	94.1007	0.0825083	99.4565
63.7719	94.1832	0	99.4565
63.7829	94.2244	0.0825083	99.4565
64.2947	94.3069	0	99.4565
64.3046	94.3069	0.0825083	99.4565
64.3236	94.3894	0	99.4565
64.3249	94.4307	0.0825083	99.4565
64.4364	94.5132	0	99.4565
64.4377	94.5545	0.0825083	99.4565
64.8443	94.637	0	99.4565
64.8454	94.6782	0.0825083	99.4565
64.9371	94.7607	0	99.4565
64.9372	94.802	0.0825083	99.4565
65.0829	94.8845	0	99.4565
65.0917	94.9257	0.0825083	99.4565
65.332	95.0082	0	99.4565
65.3336	95.0495	0.0825083	99.4565
66.2608	95.132	0	99.4565
66.2643	95.1733	0.0825083	99.4565
67.5458	95.2558	0	99.4565
67.5481	95.2558	0.165017	99.4565
67.5498	95.3383	0.0825083	99.4565
68.2342	95.4208	0	99.4565
68.2349	95.462	0.0825083	99.4565
68.2738	95.5446	0	99.4565
68.2744	95.5446	0.165017	99.4565
68.2757	95.6271	0.0825083	99.4565
68.4842	95.7096	0	99.4565
68.4848	95.7508	0.0825083	99.4565
68.6402	95.8333	0	99.4565
68.6408	95.8746	0.0825083	99.4565
68.6415	95.9158	0.165017	99.4565
68.6429	95.9984	0.0825083	99.4565
69.8767	96.0809	0	99.4565
69.8785	96.0809	0.165017	99.4565
69.8788	96.1634	0.0825083	99.4565
70.5127	96.2459	0	99.4565
70.5138	96.2871	0.0825083	99.4565
70.6427	96.3696	0	99.4565
70.6432	96.3696	0.165017	99.4565
70.6436	96.4521	0.0825083	99.4565
72.0869	96.5347	0	99.4565
72.0932	96.5759	0.0825083	99.4565
72.496	96.6584	0	99.4565
72.4993	96.6584	0.165017	99.4565
72.5045	96.7409	0.0825083	99.4565
74.4734	96.8234	0	99.4565
74.4746	96.8647	0.0825083	99.4565
74.5804	96.9472	0	99.4565
74.5821	96.9884	0.0825083	99.4565
76.7296	97.071	0	99.4565
76.7319	97.1122	0.0825083	99.4565
77.2233	97.1947	0	99.4565
77.2253	97.236	0.0825083	99.4565
78.9548	97.3185	0	99.4565
78.9583	97.3597	0.0825083	99.4565
79.4481	97.4422	0	99.4565
79.452	97.4835	0.0825083	99.4565
79.6174	97.566	0	99.4565
79.6188	97.6073	0.0825083	99.4565
80.3732	97.6898	0	99.4565
80.7242	97.6898	0	100
80.7244	97.6898	0.165017	100
80.7313	97.7723	0.0825083	100
81.6226	97.8548	0	100
81.6329	97.896	0.0825083	100
84.9054	97.9785	0	100
84.9099	98.0198	0.0825083	100
85.5744	98.1023	0	100
85.575	98.1436	0.0825083	100
86.911	98.2261	0	100
86.9119	98.2673	0.0825083	100
87.5554	98.3498	0	100
87.5554	98.3498	0.165017	100
87.5604	98.4323	0.0825083	100
94.1915	98.5149	0	100
94.1928	98.5149	0.0825083	100
94.6419	98.5974	0	100
94.6479	98.5974	0.0825083	100
94.8188	98.6799	0	100
94.8243	98.7211	0.0825083	100
95.2562	98.8036	0	100
95.2565	98.8036	0.165017	100
95.2574	98.8861	0.0825083	100
101.055	98.9686	0	100
101.063	98.9686	0.165017	100
101.068	99.0512	0.0825083	100
106.909	99.1337	0	100
106.911	99.1749	0.0825083	100
107.23	99.2574	0	100
107.232	99.2987	0.0825083	100
136.632	99.3812	0	100
136.644	99.4224	0.0825083	100
143.303	99.505	0	100
143.303	99.5462	0.0825083	100
155.816	99.6287	0	100
155.817	99.67	0.0825083	100
157.347	99.7525	0	100
157.349	99.7937	0.0825083	100
160.303	99.8762	0	100
160.303	99.9175	0.0825083	100
