1.90246e-08	0	0	0
9.05343e-06	0	0	0
1.16746e-05	0	0	0
1.44098e-05	0	0	0
2.14671e-05	0	0	0
2.34937e-05	0	0	0
2.86414e-05	0	0	0
3.19062e-05	0	0	0
3.61632e-05	0	0	0
3.88396e-05	0	0	0
3.94007e-05	0	0	0
4.13369e-05	0	0	0
4.74899e-05	0	0	0
5.73111e-05	0	0	0
5.75007e-05	0	0	0
5.94086e-05	0	0	0
6.10682e-05	0	0	0
6.11828e-05	0	0	0
6.89539e-05	0	0	0
7.15723e-05	0	0	0
7.48194e-05	0	0	0
7.62689e-05	0	0	0
8.20486e-05	0	0	0
8.71025e-05	0	0	0
8.85457e-05	0	0	0
8.98964e-05	0	0	0
9.46265e-05	0	0	0
0.000104445	0	0	0
0.000117909	0	0	0
0.000121164	0	0	0
0.000122743	0	0	0
0.000124751	0	0	0
0.000130731	0	0	0
0.000132499	0	0	0
0.000134558	0	0	0
0.000139762	0	0	0
0.000140401	0	0	0
0.000157824	0	0	0
0.000166726	0	0	0
0.000181215	0	0	0
0.000185716	0	0	0
0.000186131	0	0	0
0.000191293	0	0	0
0.000192318	0	0	0
0.000200589	0	0	0
0.000213821	0	0	0
0.00021694	0	0	0
0.000217967	0	0	0
0.000218691	0	0	0
0.000230753	0	0	0
0.00024966	0	0	0
0.000264538	0	0	0
0.000268563	0	0	0
0.000286289	0	0	0
0.000286611	0	0	0
0.000293091	0	0	0
0.00030851	0	0	0
0.000313708	0	0	0
0.000315477	0	0	0
0.000320228	0	0	0
0.000323421	0	0	0
0.000330709	0	0	0
0.00033474	0	0	0
0.000344263	0	0	0
0.000346526	0	0	0
0.000367797	0	0	0
0.000370527	0	0	0
0.000381783	0	0	0
0.000389588	0	0	0
0.000390845	0	0	0
0.000396253	0	0	0
0.000405612	0	0	0
0.000407773	0	0	0
0.000411458	0	0	0
0.000415591	0	0	0
0.000417129	0	0	0
0.000418494	0	0	0
0.000441229	0	0	0
0.000444254	0	0	0
0.000448125	0	0	0
0.000460268	0	0	0
0.000463926	0	0	0
0.000464399	0	0	0
0.000469471	0	0	0
0.000476187	0	0	0
0.000476259	0	0	0
0.000490837	0	0	0
0.000500393	0	0	0
0.000501619	0	0	0
0.000507844	0	0	0
0.00050896	0	0	0
0.000509874	0	0	0
0.000513027	0	0	0
0.000523428	0	0	0
0.000528661	0	0	0
0.000534955	0	0	0
0.000540376	0	0	0
0.000552106	0	0	0
0.000574284	0	0	0
0.000575563	0	0	0
0.000585096	0	0	0
0.000590911	0	0	0
0.000594102	0	0	0
0.000597125	0	0	0
0.000603607	0	0	0
0.000606414	0	0	0
0.000608721	0	0	0
0.000613745	0	0	0
0.000618227	0	0	0
0.000657502	0	0	0
0.000657964	0	0	0
0.000668965	0	0	0
0.000671731	0	0	0
0.000676419	0	0	0
0.00067736	0	0	0
0.00069683	0	0	0
0.000717539	0	0	0
0.000718483	0	0	0
0.000727576	0	0	0
0.000744971	0	0	0
0.000749673	0	0	0
0.000749901	0	0	0
0.000769841	0	0	0
0.000772258	0	0	0
0.00077973	0	0	0
0.000787625	0	0	0
0.000790842	0	0	0
0.000804222	0	0	0
0.000809452	0	0	0
0.000811053	0	0	0
0.000811752	0	0	0
0.000843877	0	0	0
0.000845094	0	0	0
0.000852767	0	0	0
0.000860558	0	0	0
0.000869727	0	0	0
0.000871433	0	0	0
0.000887584	0	0	0
0.000894836	0	0	0
0.000898557	0	0	0
0.00089982	0	0	0
0.000907473	0	0	0
0.000918018	0	0	0
0.000919719	0	0	0
0.000920791	0	0	0
0.000930438	0	0	0
0.000930678	0	0	0
0.000938379	0	0	0
0.00094582	0	0	0
0.000950499	0	0	0
0.000963103	0	0	0
0.000965704	0	0	0
0.000969301	0	0	0
0.000984205	0	0	0
0.000995113	0	0	0
0.00101538	0	0	0
0.00103372	0	0	0
0.00104189	0	0	0
0.00104847	0	0	0
0.00104936	0	0	0
0.00106367	0	0	0
0.00106576	0	0	0
0.00109611	0	0	0
0.00110151	0	0	0
0.00110976	0	0	0
0.00113421	0	0	0
0.00114121	0	0	0
0.00114501	0	0	0
0.00114647	0	0	0
0.00115214	0	0	0
0.00118219	0	0	0
0.00119049	0	0	0
0.00119242	0	0	0
0.00121271	0	0	0
0.00122356	0	0	0
0.00123072	0	0	0
0.00123177	0	0	0
0.00123933	0	0	0
0.00124514	0	0	0
0.00125042	0	0	0
0.00127777	0	0	0
0.00128222	0	0	0
0.00128355	0	0	0
0.00130707	0	0	0
0.00132808	0	0	0
0.00133289	0	0	0
0.00133628	0	0	0
0.0013379	0	0	0
0.0013638	0	0	0
0.00136542	0	0	0
0.00137295	0	0	0
0.00137366	0	0	0
0.00137553	0	0	0
0.00137853	0	0	0
0.00138481	0	0	0
0.00139559	0	0	0
0.0013984	0	0	0
0.00139932	0	0	0
0.00140993	0	0	0
0.00141242	0	0	0
0.00141299	0	0	0
0.00142109	0	0	0
0.00143743	0	0	0
0.00144243	0	0	0
0.00147525	0	0	0
0.00147638	0	0	0
0.00147792	0	0	0
0.00148347	0	0	0
0.00148465	0	0	0
0.00149506	0	0	0
0.0015027	0	0	0
0.00151217	0	0	0
0.00152925	0	0	0
0.00152939	0	0	0
0.00153443	0	0	0
0.00154677	0	0	0
0.00155019	0	0	0
0.00157506	0	0	0
0.00157685	0	0	0
0.00158221	0	0	0
0.0015862	0	0	0
0.00158852	0	0	0
0.00159448	0	0	0
0.00160479	0	0	0
0.00160882	0	0	0
0.00163026	0	0	0
0.00163307	0	0	0
0.00163832	0	0	0
0.00164182	0	0	0
0.00164874	0	0	0
0.00165387	0	0	0
0.00165832	0	0	0
0.00167686	0	0	0
0.00168213	0	0	0
0.00168911	0	0	0
0.00170295	0	0	0
0.00170853	0	0	0
0.00176518	0	0	0
0.00178189	0	0	0
0.00178194	0	0	0
0.00178313	0	0	0
0.00178626	0	0	0
0.00178653	0	0	0
0.00180533	0	0	0
0.00181756	0	0	0
0.00182703	0	0	0
0.00184398	0	0	0
0.00184972	0	0	0
0.00185135	0	0	0
0.00185361	0	0	0
0.00185399	0	0	0
0.00185928	0	0	0
0.00185948	0	0	0
0.00186462	0	0	0
0.00188434	0	0	0
0.00189709	0	0	0
0.0019006	0	0	0
0.00190096	0	0	0
0.0019066	0	0	0
0.00192691	0	0	0
0.00193887	0	0	0
0.0019465	0	0	0
0.00196147	0	0	0
0.00196397	0	0	0
0.00197385	0	0	0
0.00197644	0	0	0
0.00197951	0	0	0
0.00198389	0	0	0
0.00199351	0	0	0
0.00200062	0	0	0
0.00200826	0	0	0
0.00201958	0	0	0
0.00202058	0	0	0
0.00202225	0	0	0
0.00203699	0	0	0
0.00204775	0	0	0
0.00205042	0	0	0
0.00205094	0	0	0
0.00205865	0	0	0
0.00206307	0	0	0
0.0020639	0	0	0
0.00207803	0	0	0
0.00208379	0	0	0
0.00208747	0	0	0
0.00208855	0	0	0
0.00209457	0	0	0
0.00209517	0	0	0
0.00209756	0	0	0
0.00211215	0	0	0
0.0021159	0	0	0
0.00212592	0	0	0
0.00212896	0	0	0
0.00213955	0	0	0
0.00214848	0	0	0
0.00215191	0	0	0
0.00217309	0	0	0
0.00217694	0	0	0
0.00217935	0	0	0
0.00218181	0	0	0
0.00218776	0	0	0
0.00218795	0	0	0
0.00220795	0	0	0
0.0022108	0	0	0
0.0022301	0	0	0
0.00223726	0	0	0
0.00223749	0	0	0
0.0022502	0	0	0
0.00225053	0	0	0
0.00225393	0	0	0
0.00225528	0	0	0
0.00225534	0	0	0
0.00226684	0	0	0
0.00226819	0	0	0
0.00227369	0	0	0
0.00228053	0	0	0
0.00228109	0	0	0
0.00228506	0	0	0
0.00229262	0	0	0
0.0023191	0	0	0
0.00232178	0	0	0
0.00232189	0	0	0
0.00232242	0	0	0
0.00232664	0	0	0
0.00233859	0	0	0
0.00235483	0	0	0
0.00235609	0	0	0
0.00236913	0	0	0
0.00237965	0	0	0
0.00238611	0	0	0
0.00240767	0	0	0
0.00242251	0	0	0
0.00243744	0	0	0
0.00244084	0	0	0
0.00244398	0	0	0
0.00245386	0	0	0
0.00245962	0	0	0
0.00246021	0	0	0
0.00246197	0	0	0
0.00248107	0	0	0
0.00248721	0	0	0
0.0024919	0	0	0
0.00250155	0	0	0
0.00252319	0	0	0
0.0025236	0	0	0
0.00253709	0	0	0
0.00254761	0	0	0
0.00255454	0	0	0
0.00255784	0	0	0
0.00255859	0	0	0
0.00256525	0	0	0
0.0025658	0	0	0
0.00256633	0	0	0
0.00257016	0	0	0
0.00257955	0	0	0
0.0025893	0	0	0
0.00260369	0	0	0
0.00261816	0	0	0
0.00263286	0	0	0
0.0026405	0	0	0
0.00264131	0	0	0
0.00264166	0	0	0
0.00264402	0	0	0
0.00264946	0	0	0
0.00264963	0	0	0
0.00265755	0	0	0
0.00267249	0	0	0
0.00267508	0	0	0
0.00267729	0	0	0
0.00267924	0	0	0
0.0026878	0	0	0
0.00268951	0	0	0
0.00269549	0	0	0
0.00270241	0	0	0
0.00270255	0	0	0
0.00270546	0	0	0
0.00270705	0	0	0
0.0027111	0	0	0
0.0027188	0	0	0
0.00272134	0	0	0
0.0027326	0	0	0
0.00273298	0	0	0
0.00273472	0	0	0
0.00276227	0	0	0
0.00276423	0	0	0
0.00278378	0	0	0
0.00279137	0	0	0
0.00282815	0	0	0
0.0028294	0	0	0
0.0028298	0	0	0
0.00285642	0	0	0
0.00286716	0	0	0
0.00286829	0	0	0
0.00287026	0	0	0
0.00287869	0	0	0
0.00288377	0	0	0
0.00289876	0	0	0
0.00290009	0	0	0
0.00290199	0	0	0
0.00291934	0	0	0
0.0029205	0	0	0
0.00292478	0	0	0
0.00292742	0	0	0
0.00293606	0	0	0
0.00294196	0	0	0
0.00294235	0	0	0
0.00294711	0	0	0
0.00295396	0	0	0
0.00295432	0	0	0
0.00295681	0	0	0
0.00295916	0	0	0
0.00296414	0	0	0
0.00296775	0	0	0
0.00296913	0	0	0
0.00297878	0	0	0
0.00297903	0	0	0
0.00300389	0	0	0
0.00300815	0	0	0
0.00300879	0	0	0
0.00301259	0	0	0
0.00302122	0	0	0
0.00302304	0	0	0
0.00302544	0	0	0
0.0030314	0	0	0
0.00303259	0	0	0
0.00303338	0	0	0
0.00304396	0	0	0
0.00305228	0	0	0
0.00306561	0	0	0
0.00306629	0	0	0
0.0030705	0	0	0
0.00308494	0	0	0
0.00309053	0	0	0
0.00312141	0	0	0
0.00312437	0	0	0
0.00312645	0	0	0
0.00313023	0	0	0
0.00314031	0	0	0
0.00314746	0	0	0
0.00315183	0	0	0
0.00315231	0	0	0
0.00315465	0	0	0
0.00316357	0	0	0
0.00316704	0	0	0
0.00316821	0	0	0
0.00318288	0	0	0
0.00318437	0	0	0
0.00319332	0	0	0
0.00319479	0	0	0
0.0032169	0	0	0
0.00322229	0	0	0
0.00325307	0	0	0
0.00325524	0	0	0
0.00326806	0	0	0
0.00327131	0	0	0
0.00327383	0	0	0
0.00328877	0	0	0
0.00329515	0	0	0
0.00330091	0	0	0
0.00330124	0	0	0
0.00330416	0	0	0
0.00330545	0	0	0
0.00330859	0	0	0
0.00331432	0	0	0
0.00333064	0	0	0
0.00333543	0	0	0
0.00334568	0	0	0
0.00335449	0	0	0
0.0033707	0	0	0
0.00337711	0	0	0
0.00337732	0	0	0
0.00338164	0	0	0
0.00338688	0	0	0
0.0034031	0	0	0
0.00341934	0	0	0
0.00343011	0	0	0
0.00343613	0	0	0
0.00344182	0	0	0
0.00345075	0	0	0
0.00345919	0	0	0
0.00346533	0	0	0
0.00347318	0	0	0
0.00347883	0	0	0
0.00349716	0	0	0
0.00349722	0	0	0
0.00350214	0	0	0
0.00350248	0	0	0
0.0035045	0	0	0
0.00351417	0	0	0
0.00354235	0	0	0
0.00354358	0	0	0
0.00354819	0	0	0
0.00355541	0	0	0
0.00355667	0	0	0
0.00356174	0	0	0
0.00356196	0	0	0
0.00356625	0	0	0
0.00357736	0	0	0
0.00358126	0	0	0
0.00359052	0	0	0
0.00360202	0	0	0
0.00360734	0	0	0
0.00361844	0	0	0
0.00362422	0	0	0
0.00364627	0	0	0
0.0036463	0	0	0
0.00365604	0	0	0
0.00366441	0	0	0
0.00367416	0	0	0
0.00367855	0	0	0
0.00367938	0	0	0
0.00368051	0	0	0
0.0036966	0	0	0
0.00370565	0	0	0
0.00371081	0	0	0
0.00372719	0	0	0
0.0037403	0	0	0
0.00375632	0	0	0
0.00377754	0	0	0
0.00378543	0	0	0
0.00380376	0	0	0
0.00382403	0	0	0
0.0038516	0	0	0
0.00386589	0	0	0
0.00386988	0	0	0
0.00388736	0	0	0
0.00388778	0	0	0
0.00388789	0	0	0
0.00389346	0	0	0
0.00389568	0	0	0
0.00389821	0	0	0
0.00390129	0	0	0
0.00391491	0	0	0
0.00393926	0	0	0
0.00393948	0	0	0
0.003955	0	0	0
0.0040069	0	0	0
0.00401755	0	0	0
0.00404739	0	0	0
0.00405822	0	0	0
0.00406289	0	0	0
0.00407009	0	0	0
0.00407833	0	0	0
0.00410299	0	0	0
0.00412683	0	0	0
0.00412857	0	0	0
0.00416072	0	0	0
0.00416641	0	0	0
0.00417499	0	0	0
0.00420078	0	0	0
0.00422988	0	0	0
0.00423734	0	0	0
0.00424966	0	0	0
0.00425103	0	0	0
0.00425388	0	0	0
0.00425747	0	0	0
0.00426276	0	0	0
0.00426297	0	0	0
0.004286	0	0	0
0.00429709	0	0	0
0.00429949	0	0	0
0.00431543	0	0	0
0.00432077	0	0	0
0.00432364	0	0	0
0.00434145	0	0	0
0.00434864	0	0	0
0.00437985	0	0	0
0.00438425	0	0	0
0.00439876	0	0	0
0.00440714	0	0	0
0.00441686	0	0	0
0.00443049	0	0	0
0.00445504	0	0	0
0.00446344	0	0	0
0.00448017	0	0	0
0.00450817	0	0	0
0.0045201	0	0	0
0.00453915	0	0	0
0.00454216	0	0	0
0.00454984	0	0	0
0.00455827	0	0	0
0.00457121	0	0	0
0.00457419	0	0	0
0.00457719	0	0	0
0.00458552	0	0	0
0.00459162	0	0	0
0.00460178	0	0	0
0.00460411	0	0	0
0.00460469	0	0	0
0.00461999	0	0	0
0.00462885	0	0	0
0.0046343	0	0	0
0.0046876	0	0	0
0.00469919	0	0	0
0.00471062	0	0	0
0.00475314	0	0	0
0.00476495	0	0	0
0.00477189	0	0	0
0.00477985	0	0	0
0.00479226	0	0	0
0.00479374	0	0	0
0.00482624	0	0	0
0.00482858	0	0	0
0.00482984	0	0	0
0.00484816	0	0	0
0.00485676	0	0	0
0.00485778	0	0	0
0.00486105	0	0	0
0.00489399	0	0	0
0.00489628	0	0	0
0.00492483	0	0	0
0.00494773	0	0	0
0.00495685	0	0	0
0.00496118	0	0	0
0.0049633	0	0	0
0.0049874	0	0	0
0.00499073	0	0	0
0.00500887	0	0	0
0.00502941	0	0	0
0.00506882	0	0	0
0.00507129	0	0	0
0.00508076	0	0	0
0.00509174	0	0	0
0.00509913	0	0	0
0.00511436	0	0	0
0.00512449	0	0	0
0.00514647	0	0	0
0.0051846	0	0	0
0.00520462	0	0	0
0.00521545	0	0	0
0.00522417	0	0	0
0.00524868	0	0	0
0.00525069	0	0	0
0.00525793	0	0	0
0.0052839	0	0	0
0.00530456	0	0	0
0.00532379	0	0	0
0.00534277	0.0412541	0.0825083	0
0.0053704	0.0412541	0.0825083	0
0.00538865	0.0412541	0.0825083	0
0.00541665	0.0412541	0.0825083	0
0.00542877	0.0412541	0.0825083	0
0.00547222	0.0412541	0.0825083	0
0.00549289	0.0412541	0.0825083	0
0.00552631	0.0412541	0.0825083	0
0.00553696	0.0412541	0.0825083	0
0.00557498	0.0412541	0.0825083	0
0.00559062	0.0412541	0.0825083	0
0.00562573	0.0412541	0.0825083	0
0.00567095	0.0412541	0.0825083	0
0.00569124	0.0412541	0.0825083	0
0.00569198	0.0412541	0.0825083	0
0.00570076	0.0412541	0.0825083	0
0.00571496	0.0412541	0.0825083	0
0.00574302	0.0412541	0.0825083	0
0.00575173	0.0412541	0.0825083	0
0.00575244	0.0412541	0.0825083	0
0.00576457	0.0412541	0.0825083	0
0.00576507	0.0412541	0.0825083	0
0.00581068	0.0412541	0.0825083	0
0.00582274	0.0412541	0.0825083	0
0.00584006	0.0412541	0.0825083	0
0.00584213	0.0412541	0.0825083	0
0.00584657	0.0412541	0.0825083	0
0.00584894	0.0412541	0.0825083	0
0.00589907	0.0412541	0.0825083	0
0.0059243	0.0412541	0.0825083	0
0.00595327	0.0412541	0.0825083	0
0.00597142	0.0412541	0.0825083	0
0.00598855	0.0412541	0.0825083	0
0.00616351	0.0412541	0.0825083	0
0.00617229	0.0412541	0.0825083	0
0.00617741	0.0412541	0.0825083	0
0.00624216	0.0412541	0.0825083	0
0.00626378	0.123762	0	0
0.00629159	0.123762	0	0
0.00643292	0.123762	0	0
0.00644173	0.123762	0	0
0.0064537	0.123762	0	0
0.00646207	0.123762	0	0
0.00648696	0.123762	0	0
0.00658027	0.123762	0	0
0.0066451	0.123762	0	0
0.00668796	0.123762	0	0
0.00675226	0.123762	0	0
0.006761	0.123762	0	0
0.00688294	0.123762	0	0
0.00693359	0.123762	0	0
0.00704729	0.123762	0	0
0.00709444	0.123762	0	0
0.00715461	0.123762	0	0
0.00716618	0.123762	0	0
0.00720371	0.123762	0	0
0.00727175	0.123762	0	0
0.00727389	0.123762	0	0
0.00732058	0.123762	0	0
0.00734303	0.123762	0	0
0.00740124	0.123762	0	0
0.00755988	0.123762	0	0
0.00758437	0.123762	0	0
0.00773361	0.123762	0	0
0.00788192	0.123762	0	0
0.00801311	0.123762	0	0
0.00820611	0.123762	0	0
0.00821199	0.123762	0	0
0.00822758	0.123762	0	0
0.00828053	0.123762	0	0
0.0083153	0.123762	0	0
0.00837287	0.123762	0	0
0.00845208	0.123762	0	0
0.00845424	0.123762	0	0
0.00848001	0.123762	0	0
0.0090007	0.123762	0	0
0.00908073	0.123762	0	0
0.00919	0.123762	0	0
0.00927345	0.123762	0	0
0.00934974	0.123762	0	0
0.00935817	0.123762	0	0
0.0101042	0.123762	0	0
0.0102544	0.123762	0	0
0.0125012	0.123762	0	0
0.0139978	0.123762	0	0
0.0406212	0.123762	0	0
0.0420691	0.165017	0.0825083	0
0.0525258	0.247525	0	0
0.14872	0.247525	0	0
0.15345	0.247525	0	0
0.153712	0.288779	0.0825083	0
0.17476	0.371287	0	0
0.177156	0.412541	0.0825083	0
0.183334	0.49505	0	0
0.200289	0.49505	0	0
0.200718	0.536304	0.0825083	0
0.207262	0.618812	0	0
0.215824	0.618812	0	0
0.217981	0.660066	0.0825083	0
0.221917	0.742574	0	0
0.222297	0.742574	0.165017	0
0.223241	0.825082	0.0825083	0
0.237208	0.907591	0	0
0.244768	0.907591	0	0
0.2448	0.907591	0.0825083	0
0.250791	0.990099	0	0
0.251919	1.03135	0.0825083	0
0.256509	1.11386	0	0
0.267731	1.15512	0.0825083	0
0.293765	1.23762	0	0
0.320847	1.23762	0	0.271739
0.321257	1.27888	0.0825083	0.271739
0.341657	1.36139	0	0.271739
0.368218	1.36139	0	0.271739
0.369436	1.36139	0.0825083	0.271739
0.392587	1.44389	0	0.271739
0.394653	1.44389	0	0.271739
0.394663	1.44389	0	0.271739
0.397514	1.44389	0	0.271739
0.401901	1.44389	0	0.271739
0.411168	1.44389	0	0.271739
0.420791	1.44389	0	0.543478
0.423267	1.44389	0.0825083	0.543478
0.428528	1.5264	0	0.543478
0.449723	1.5264	0	0.815217
0.459225	1.5264	0	0.815217
0.461805	1.56766	0.0825083	0.815217
0.542238	1.65016	0	0.815217
0.546969	1.65016	0.165017	0.815217
0.547012	1.73267	0.0825083	0.815217
0.569913	1.81518	0	0.815217
0.593264	1.81518	0	1.08696
0.602318	1.81518	0	1.3587
0.651766	1.81518	0	1.63043
0.653218	1.81518	0.165017	1.63043
0.657627	1.89769	0.0825083	1.63043
0.659323	1.93894	0.165017	1.63043
0.660212	2.02145	0.0825083	1.63043
0.671245	2.10396	0	1.63043
0.677615	2.14521	0.0825083	1.63043
0.696559	2.22772	0	1.63043
0.697889	2.22772	0	1.63043
0.698673	2.22772	0.165017	1.63043
0.703676	2.31023	0.0825083	1.63043
0.721633	2.39274	0	1.63043
0.722924	2.43399	0.0825083	1.63043
0.733729	2.5165	0	1.63043
0.735638	2.55776	0.0825083	1.63043
0.736587	2.64026	0	1.63043
0.762309	2.64026	0	1.63043
0.765479	2.64026	0.0825083	1.63043
0.767485	2.64026	0.0825083	1.90217
0.788172	2.72277	0	1.90217
0.793119	2.76403	0.0825083	1.90217
0.793257	2.80528	0.165017	1.90217
0.806093	2.88779	0.0825083	1.90217
0.853913	2.9703	0	1.90217
0.854991	2.9703	0.0825083	1.90217
0.857757	3.05281	0	1.90217
0.900813	3.05281	0	1.90217
0.902234	3.09406	0.0825083	1.90217
0.903865	3.09406	0.0825083	2.17391
0.918435	3.17657	0	2.17391
0.91874	3.21782	0.0825083	2.17391
0.934212	3.30033	0	2.17391
0.934219	3.30033	0.0825083	2.17391
0.938504	3.38284	0	2.17391
0.940718	3.42409	0.0825083	2.17391
0.944711	3.5066	0	2.17391
0.962468	3.5066	0	2.17391
0.966027	3.54785	0.0825083	2.17391
0.993854	3.63036	0	2.17391
1.00893	3.63036	0	2.44565
1.0096	3.63036	0.165017	2.44565
1.0121	3.71287	0.0825083	2.44565
1.01376	3.71287	0.0825083	2.44565
1.02546	3.79538	0	2.44565
1.02557	3.79538	0.165017	2.44565
1.02709	3.87789	0.0825083	2.44565
1.05903	3.9604	0	2.44565
1.07117	3.9604	0	2.44565
1.07176	4.00165	0.0825083	2.44565
1.13284	4.08416	0	2.44565
1.13349	4.12541	0.0825083	2.44565
1.15704	4.20792	0	2.44565
1.15744	4.24918	0.0825083	2.44565
1.17603	4.33168	0	2.44565
1.17717	4.33168	0.165017	2.44565
1.18181	4.41419	0.0825083	2.44565
1.21229	4.4967	0	2.44565
1.2135	4.4967	0	2.44565
1.2381	4.4967	0	2.44565
1.2408	4.4967	0.165017	2.44565
1.24206	4.57921	0.0825083	2.44565
1.24226	4.57921	0.0825083	2.71739
1.24287	4.57921	0.247525	2.71739
1.24407	4.66172	0.165017	2.71739
1.24464	4.66172	0.165017	2.98913
1.24529	4.66172	0.165017	2.98913
1.24652	4.74422	0.0825083	2.98913
1.24838	4.82673	0	2.98913
1.251	4.82673	0	2.98913
1.37019	4.82673	0	3.26087
1.37267	4.86799	0.0825083	3.26087
1.38691	4.9505	0	3.26087
1.41101	4.9505	0	3.53261
1.41805	4.9505	0	3.53261
1.41925	4.9505	0.165017	3.53261
1.41977	5.033	0.0825083	3.53261
1.43451	5.11551	0	3.53261
1.4367	5.15677	0.0825083	3.53261
1.44582	5.23927	0	3.53261
1.46565	5.23927	0	3.53261
1.46677	5.28053	0.0825083	3.53261
1.47843	5.36304	0	3.53261
1.47904	5.40429	0.0825083	3.53261
1.47966	5.44554	0.165017	3.53261
1.48015	5.4868	0.247525	3.53261
1.48076	5.56931	0.165017	3.53261
1.48222	5.65182	0.0825083	3.53261
1.4952	5.73432	0	3.53261
1.49631	5.77558	0.0825083	3.53261
1.49642	5.85809	0	3.53261
1.49847	5.85809	0	3.53261
1.49941	5.89934	0.0825083	3.53261
1.51371	5.98185	0	3.53261
1.51438	6.0231	0.0825083	3.53261
1.52987	6.10561	0	3.53261
1.55449	6.10561	0	4.07609
1.55517	6.14686	0.0825083	4.07609
1.56708	6.22937	0	4.07609
1.59955	6.22937	0	4.34783
1.60057	6.22937	0.165017	4.34783
1.60493	6.31188	0.0825083	4.34783
1.68909	6.39439	0	4.34783
1.69432	6.43564	0.0825083	4.34783
1.70704	6.51815	0	4.34783
1.70773	6.51815	0.165017	4.34783
1.71121	6.60066	0.0825083	4.34783
1.71567	6.68317	0	4.34783
1.71571	6.68317	0.165017	4.34783
1.72289	6.76568	0.0825083	4.34783
1.74269	6.84818	0	4.34783
1.74289	6.88944	0.0825083	4.34783
1.75839	6.97195	0	4.34783
1.75897	6.97195	0.0825083	4.34783
1.77055	7.05446	0	4.34783
1.77286	7.05446	0	4.61957
1.7742	7.05446	0	4.61957
1.7988	7.05446	0	4.8913
1.82152	7.05446	0	5.16304
1.82303	7.09571	0.0825083	5.16304
1.82898	7.17822	0	5.16304
1.87383	7.17822	0	5.43478
1.87665	7.17822	0.0825083	5.43478
1.90795	7.26073	0	5.43478
1.91039	7.26073	0	5.70652
1.91103	7.30198	0.0825083	5.70652
1.91111	7.30198	0.247525	5.70652
1.91173	7.38449	0.165017	5.70652
1.91476	7.467	0.0825083	5.70652
1.92268	7.5495	0	5.70652
1.92398	7.59076	0.0825083	5.70652
1.97001	7.67327	0	5.70652
1.97226	7.67327	0	5.97826
1.97368	7.71452	0.0825083	5.97826
1.99399	7.79703	0	5.97826
2.00904	7.79703	0	6.25
2.0123	7.79703	0.0825083	6.25
2.01234	7.83828	0.165017	6.25
2.01331	7.92079	0.0825083	6.25
2.02605	8.0033	0	6.25
2.02907	8.0033	0	6.25
2.03032	8.0033	0.0825083	6.25
2.04584	8.08581	0	6.25
2.04729	8.08581	0	6.25
2.0489	8.08581	0.0825083	6.25
2.06091	8.16832	0	6.25
2.11906	8.16832	0	6.52174
2.11909	8.16832	0	6.52174
2.12004	8.16832	0	6.52174
2.12304	8.16832	0.0825083	6.52174
2.12348	8.16832	0.247525	6.52174
2.12458	8.25082	0.165017	6.52174
2.12708	8.33333	0.0825083	6.52174
2.13833	8.41584	0	6.52174
2.14093	8.4571	0.0825083	6.52174
2.14301	8.5396	0	6.52174
2.14542	8.5396	0.165017	6.52174
2.14724	8.62211	0.0825083	6.52174
2.16111	8.70462	0	6.52174
2.16863	8.70462	0	6.79348
2.17051	8.70462	0.0825083	6.79348
2.17081	8.70462	0.0825083	6.79348
2.1726	8.78713	0	6.79348
2.18589	8.78713	0	6.79348
2.19346	8.78713	0	6.79348
2.19453	8.78713	0.165017	6.79348
2.19593	8.86964	0.0825083	6.79348
2.20358	8.95215	0	6.79348
2.20579	8.95215	0	6.79348
2.22029	8.95215	0	7.06522
2.22296	8.95215	0.0825083	7.06522
2.23351	9.03465	0	7.06522
2.23357	9.03465	0.165017	7.06522
2.23557	9.11716	0.0825083	7.06522
2.25304	9.19967	0	7.06522
2.25441	9.19967	0	7.33696
2.2564	9.19967	0.165017	7.33696
2.25693	9.28218	0.0825083	7.33696
2.28867	9.36469	0	7.33696
2.29385	9.36469	0	7.33696
2.29599	9.40594	0.0825083	7.33696
2.30762	9.48845	0	7.33696
2.3098	9.5297	0.0825083	7.33696
2.31331	9.61221	0	7.33696
2.33691	9.61221	0	7.6087
2.33706	9.61221	0	7.6087
2.33722	9.61221	0.165017	7.6087
2.33881	9.69472	0.0825083	7.6087
2.34339	9.77723	0	7.6087
2.34341	9.77723	0	7.88043
2.34906	9.81848	0.0825083	7.88043
2.43111	9.90099	0	7.88043
2.43428	9.90099	0.165017	7.88043
2.43444	9.9835	0.0825083	7.88043
2.50946	10.066	0	7.88043
2.51045	10.1073	0.0825083	7.88043
2.51973	10.1898	0	7.88043
2.52334	10.231	0.0825083	7.88043
2.54014	10.3135	0	7.88043
2.5464	10.3135	0	8.15217
2.56603	10.3135	0	8.15217
2.56802	10.3548	0.0825083	8.15217
2.57395	10.3548	0.0825083	8.42391
2.57448	10.4373	0	8.42391
2.57716	10.4373	0.0825083	8.42391
2.60707	10.5198	0	8.42391
2.60759	10.5198	0.165017	8.42391
2.60794	10.6023	0.0825083	8.42391
2.60895	10.6023	0.0825083	8.42391
2.61093	10.6848	0	8.42391
2.61299	10.7261	0.0825083	8.42391
2.66309	10.8086	0	8.42391
2.69925	10.8086	0	8.69565
2.72428	10.8086	0	8.96739
2.72546	10.8498	0.0825083	8.96739
2.72638	10.9323	0	8.96739
2.72686	10.9736	0.0825083	8.96739
2.72752	11.0561	0	8.96739
2.75875	11.0561	0	9.23913
2.76035	11.0561	0.0825083	9.23913
2.77215	11.1386	0	9.23913
2.77277	11.1386	0.0825083	9.23913
2.77327	11.1386	0.247525	9.23913
2.77431	11.2211	0.165017	9.23913
2.78144	11.3036	0.0825083	9.23913
2.79888	11.3861	0	9.23913
2.80076	11.3861	0.0825083	9.23913
2.85625	11.4686	0	9.23913
2.85683	11.5099	0.0825083	9.23913
2.86638	11.5924	0	9.23913
2.8666	11.6337	0.0825083	9.23913
2.86718	11.6337	0.0825083	9.51087
2.87363	11.7162	0	9.51087
2.8743	11.7574	0.0825083	9.51087
2.88792	11.8399	0	9.51087
2.89752	11.8399	0	9.78261
2.89897	11.8812	0.0825083	9.78261
2.89999	11.9637	0	9.78261
2.90869	11.9637	0	10.0543
2.90979	11.9637	0	10.0543
2.94517	11.9637	0	10.0543
2.96032	11.9637	0	10.0543
2.96135	11.9637	0	10.0543
2.96383	11.9637	0	10.5978
2.97104	11.9637	0	10.8696
2.97161	11.9637	0	11.1413
2.97189	12.005	0.0825083	11.1413
2.97287	12.0875	0	11.1413
2.98725	12.0875	0	11.1413
2.98986	12.0875	0.0825083	11.1413
2.99542	12.17	0	11.1413
2.99549	12.17	0	11.413
3.02192	12.17	0	11.6848
3.02281	12.2112	0.0825083	11.6848
3.02743	12.2937	0	11.6848
3.03054	12.2937	0.165017	11.6848
3.03097	12.3762	0.0825083	11.6848
3.03135	12.3762	0.247525	11.6848
3.03145	12.4587	0.165017	11.6848
3.03182	12.5413	0.0825083	11.6848
3.04787	12.6238	0	11.6848
3.10464	12.6238	0	11.9565
3.12286	12.6238	0	12.2283
3.13469	12.665	0.0825083	12.2283
3.13756	12.7475	0	12.2283
3.16517	12.7475	0	12.5
3.16894	12.7888	0.0825083	12.5
3.18246	12.8713	0	12.5
3.18641	12.8713	0.0825083	12.5
3.18817	12.8713	0.165017	12.5
3.19072	12.9538	0.0825083	12.5
3.19845	13.0363	0	12.5
3.22493	13.0363	0	12.7717
3.2261	13.0776	0.0825083	12.7717
3.23909	13.1601	0	12.7717
3.24052	13.1601	0.165017	12.7717
3.24095	13.1601	0.165017	12.7717
3.24242	13.2426	0.0825083	12.7717
3.32331	13.3251	0	12.7717
3.32358	13.3663	0.0825083	12.7717
3.33722	13.4488	0	12.7717
3.34066	13.4901	0.0825083	12.7717
3.37052	13.5726	0	12.7717
3.37127	13.5726	0.165017	12.7717
3.37159	13.6551	0.0825083	12.7717
3.40872	13.7376	0	12.7717
3.47338	13.7376	0	13.0435
3.47896	13.7376	0	13.0435
3.48166	13.7789	0.0825083	13.0435
3.49731	13.8614	0	13.0435
3.53111	13.8614	0	13.3152
3.53294	13.9026	0.0825083	13.3152
3.55003	13.9851	0	13.3152
3.56661	13.9851	0	13.587
3.60294	13.9851	0	13.587
3.61185	13.9851	0	13.8587
3.62736	13.9851	0	14.1304
3.65467	13.9851	0	14.4022
3.66912	13.9851	0	14.6739
3.69667	13.9851	0	14.9457
3.69904	14.0264	0.0825083	14.9457
3.70288	14.1089	0	14.9457
3.76612	14.1089	0	14.9457
3.77496	14.1089	0.0825083	14.9457
3.77677	14.1914	0	14.9457
3.77892	14.2327	0.0825083	14.9457
3.805	14.3152	0	14.9457
3.80796	14.3564	0.0825083	14.9457
3.80799	14.3564	0.0825083	15.2174
3.81893	14.4389	0	15.2174
3.81986	14.4389	0	15.4891
3.82148	14.4802	0.0825083	15.4891
3.84628	14.5627	0	15.4891
3.84738	14.5627	0.165017	15.4891
3.84792	14.6452	0.0825083	15.4891
3.88055	14.7277	0	15.4891
3.89128	14.7277	0	15.7609
3.92074	14.7277	0	16.0326
3.92431	14.769	0.0825083	16.0326
3.94554	14.8515	0	16.0326
3.94764	14.8927	0.0825083	16.0326
3.99403	14.9752	0	16.0326
3.99719	14.9752	0	16.3043
3.99898	15.0165	0.0825083	16.3043
4.01007	15.099	0	16.3043
4.01296	15.099	0.165017	16.3043
4.01802	15.1815	0.0825083	16.3043
4.04363	15.264	0	16.3043
4.04822	15.264	0.0825083	16.3043
4.06141	15.3465	0	16.3043
4.06419	15.3465	0.0825083	16.3043
4.07015	15.429	0	16.3043
4.07158	15.4703	0.0825083	16.3043
4.08973	15.5528	0	16.3043
4.09064	15.5528	0.165017	16.3043
4.09217	15.5941	0.247525	16.3043
4.09724	15.6766	0.165017	16.3043
4.09861	15.7591	0.0825083	16.3043
4.20578	15.8416	0	16.3043
4.22744	15.8416	0	16.5761
4.22842	15.8828	0.0825083	16.5761
4.27179	15.9653	0	16.5761
4.27512	16.0066	0.0825083	16.5761
4.39672	16.0891	0	16.5761
4.4225	16.0891	0	16.8478
4.43123	16.0891	0	17.1196
4.44074	16.0891	0	17.3913
4.44234	16.0891	0	17.663
4.46025	16.0891	0	17.9348
4.53373	16.0891	0	17.9348
4.54409	16.0891	0	18.2065
4.54518	16.1304	0.0825083	18.2065
4.5802	16.2129	0	18.2065
4.58177	16.2129	0.0825083	18.2065
4.61135	16.2954	0	18.2065
4.61604	16.2954	0	18.4783
4.61667	16.2954	0.165017	18.4783
4.62672	16.3779	0.0825083	18.4783
4.63267	16.4604	0	18.4783
4.64913	16.4604	0	18.4783
4.64928	16.4604	0.165017	18.4783
4.65173	16.5429	0.0825083	18.4783
4.68041	16.6254	0	18.4783
4.72766	16.6254	0	18.75
4.72862	16.6667	0.0825083	18.75
4.72954	16.6667	0.0825083	19.0217
4.84694	16.7492	0	19.0217
4.84831	16.7904	0.0825083	19.0217
4.88719	16.8729	0	19.0217
4.90799	16.8729	0	19.2935
4.9204	16.8729	0	19.5652
4.9243	16.9142	0.0825083	19.5652
4.94034	16.9967	0	19.5652
4.94301	17.038	0.0825083	19.5652
4.99925	17.1205	0	19.5652
4.99946	17.1205	0.165017	19.5652
4.9995	17.203	0.0825083	19.5652
5.01001	17.2855	0	19.5652
5.01759	17.2855	0	19.837
5.02357	17.2855	0.0825083	19.837
5.02727	17.368	0	19.837
5.02983	17.4092	0.0825083	19.837
5.03395	17.4917	0	19.837
5.03856	17.533	0.0825083	19.837
5.06594	17.6155	0	19.837
5.06625	17.6155	0.0825083	19.837
5.08369	17.698	0	19.837
5.13024	17.698	0	19.837
5.22936	17.698	0	20.1087
5.25418	17.698	0	20.3804
5.27139	17.698	0	20.6522
5.29224	17.698	0	20.9239
5.29774	17.698	0	21.1957
5.29792	17.7393	0.0825083	21.1957
5.34289	17.8218	0	21.1957
5.34482	17.8218	0	21.4674
5.36152	17.8218	0	21.7391
5.36304	17.863	0.0825083	21.7391
5.39631	17.9455	0	21.7391
5.39988	17.9868	0.0825083	21.7391
5.4097	18.0693	0	21.7391
5.40978	18.0693	0.165017	21.7391
5.41098	18.1518	0.0825083	21.7391
5.44721	18.2343	0	21.7391
5.45973	18.2343	0	22.0109
5.47868	18.2343	0	22.5543
5.53137	18.2343	0	22.8261
5.53597	18.2343	0	23.0978
5.53918	18.2756	0.0825083	23.0978
5.54632	18.3581	0	23.0978
5.55364	18.3581	0	23.3696
5.58018	18.3581	0	23.6413
5.5865	18.3581	0	23.913
5.59861	18.3581	0	24.1848
5.60087	18.3581	0	24.4565
5.60226	18.3993	0.0825083	24.4565
5.62059	18.4818	0	24.4565
5.63641	18.4818	0	25
5.64615	18.4818	0	25.5435
5.64819	18.4818	0.0825083	25.5435
5.66467	18.5644	0	25.5435
5.67191	18.5644	0.165017	25.5435
5.67217	18.6469	0.0825083	25.5435
5.67869	18.6469	0.0825083	25.8152
5.68114	18.7294	0	25.8152
5.68972	18.7706	0.0825083	25.8152
5.70975	18.8531	0	25.8152
5.71929	18.8531	0	26.087
5.72456	18.8944	0.0825083	26.087
5.73312	18.9769	0	26.087
5.73382	19.0182	0.0825083	26.087
5.74672	19.1007	0	26.087
5.75608	19.1007	0	26.3587
5.77139	19.1007	0	26.6304
5.77302	19.1419	0.0825083	26.6304
5.7812	19.2244	0	26.6304
5.78413	19.2657	0.0825083	26.6304
5.82794	19.3482	0	26.6304
5.82889	19.3482	0.165017	26.6304
5.82912	19.3482	0.330033	26.6304
5.82919	19.4307	0.247525	26.6304
5.82997	19.5132	0.165017	26.6304
5.83184	19.5957	0.0825083	26.6304
5.84286	19.6782	0	26.6304
5.84357	19.6782	0.0825083	26.6304
5.84381	19.7607	0	26.6304
5.84439	19.802	0.0825083	26.6304
5.84644	19.802	0.247525	26.6304
5.84739	19.8845	0.165017	26.6304
5.84784	19.967	0.0825083	26.6304
5.85528	20.0495	0	26.6304
5.85531	20.0495	0.0825083	26.6304
5.85765	20.132	0	26.6304
5.86075	20.132	0	26.6304
5.8656	20.132	0	26.9022
5.87902	20.132	0	27.1739
5.89454	20.132	0	27.1739
5.89494	20.1733	0.0825083	27.1739
5.92558	20.2558	0	27.1739
5.94452	20.2558	0	27.4457
5.94464	20.297	0.0825083	27.4457
5.96202	20.3795	0	27.4457
5.99587	20.3795	0	27.7174
6.00938	20.3795	0	27.9891
6.00954	20.3795	0.165017	27.9891
6.01236	20.462	0.0825083	27.9891
6.02531	20.5446	0	27.9891
6.04362	20.5446	0	28.2609
6.06607	20.5446	0	28.5326
6.06793	20.5446	0.165017	28.5326
6.07127	20.6271	0.0825083	28.5326
6.10703	20.7096	0	28.5326
6.10836	20.7508	0.0825083	28.5326
6.15031	20.8333	0	28.5326
6.15222	20.8333	0.165017	28.5326
6.15301	20.9158	0.0825083	28.5326
6.16879	20.9984	0	28.5326
6.16884	20.9984	0.165017	28.5326
6.16901	21.0809	0.0825083	28.5326
6.19983	21.1634	0	28.5326
6.2028	21.2046	0.0825083	28.5326
6.20844	21.2871	0	28.5326
6.28284	21.2871	0	28.8043
6.28463	21.3284	0.0825083	28.8043
6.30757	21.4109	0	28.8043
6.30808	21.4521	0.0825083	28.8043
6.30853	21.5347	0	28.8043
6.3219	21.5347	0	28.8043
6.3378	21.5347	0	29.0761
6.34258	21.5759	0.0825083	29.0761
6.35411	21.6584	0	29.0761
6.35528	21.6584	0	29.3478
6.35605	21.6997	0.0825083	29.3478
6.36117	21.7822	0	29.3478
6.36902	21.7822	0	29.6196
6.44627	21.7822	0	29.8913
6.45142	21.8234	0.0825083	29.8913
6.47641	21.9059	0	29.8913
6.49191	21.9059	0	30.4348
6.49398	21.9059	0.0825083	30.4348
6.51584	21.9884	0	30.4348
6.51893	22.0297	0.0825083	30.4348
6.51939	22.1122	0	30.4348
6.55378	22.1122	0	30.7065
6.55511	22.1122	0.0825083	30.7065
6.60948	22.1947	0	30.7065
6.61051	22.236	0.0825083	30.7065
6.62445	22.3185	0	30.7065
6.62506	22.3185	0.165017	30.7065
6.6257	22.401	0.0825083	30.7065
6.65372	22.4835	0	30.7065
6.65579	22.4835	0	30.9783
6.68033	22.4835	0	30.9783
6.68281	22.5248	0.0825083	30.9783
6.69708	22.6073	0	30.9783
6.72112	22.6073	0	31.25
6.72138	22.6073	0.165017	31.25
6.72527	22.6898	0.0825083	31.25
6.74471	22.7723	0	31.25
6.74843	22.8135	0.0825083	31.25
6.80436	22.896	0	31.25
6.81721	22.896	0	31.5217
6.81859	22.9373	0.0825083	31.5217
6.82897	23.0198	0	31.5217
6.82927	23.0198	0.165017	31.5217
6.83083	23.1023	0.0825083	31.5217
6.83261	23.1023	0.247525	31.5217
6.83389	23.1848	0.165017	31.5217
6.83628	23.2673	0.0825083	31.5217
6.84312	23.3498	0	31.5217
6.84563	23.3498	0.165017	31.5217
6.84631	23.4323	0.0825083	31.5217
6.87272	23.5149	0	31.5217
6.87297	23.5561	0.0825083	31.5217
6.88609	23.6386	0	31.5217
6.93246	23.6386	0	31.7935
6.93444	23.6799	0.0825083	31.7935
6.97811	23.7624	0	31.7935
6.98635	23.7624	0	32.0652
6.98975	23.8036	0.0825083	32.0652
7.0124	23.8861	0	32.0652
7.03389	23.8861	0	32.337
7.03548	23.9274	0.0825083	32.337
7.0593	24.0099	0	32.337
7.06209	24.0099	0.0825083	32.337
7.08907	24.0924	0	32.337
7.09419	24.1337	0.0825083	32.337
7.10619	24.2162	0	32.337
7.10731	24.2574	0.0825083	32.337
7.11653	24.3399	0	32.337
7.22502	24.3399	0	32.6087
7.22845	24.3399	0.165017	32.6087
7.22921	24.4224	0.0825083	32.6087
7.24715	24.5049	0	32.6087
7.24729	24.5049	0	32.8804
7.25052	24.5049	0.0825083	32.8804
7.25633	24.5875	0	32.8804
7.25665	24.6287	0.0825083	32.8804
7.26401	24.6287	0.0825083	33.1522
7.29988	24.7112	0	33.1522
7.37136	24.7112	0	33.4239
7.43194	24.7112	0	33.6957
7.43561	24.7525	0.0825083	33.6957
7.49069	24.835	0	33.6957
7.49211	24.835	0.0825083	33.6957
7.57204	24.9175	0	33.6957
7.57407	24.9587	0.0825083	33.6957
7.58838	25.0413	0	33.6957
7.59095	25.0825	0.0825083	33.6957
7.59677	25.165	0	33.6957
7.59734	25.165	0	33.9674
7.60854	25.165	0.0825083	33.9674
7.6426	25.2475	0	33.9674
7.64274	25.2475	0.165017	33.9674
7.64498	25.2475	0.165017	34.2391
7.65262	25.33	0.0825083	34.2391
7.66056	25.4125	0	34.2391
7.67803	25.4125	0	34.5109
7.68509	25.4538	0.0825083	34.5109
7.70422	25.5363	0	34.5109
7.77013	25.5363	0	35.0543
7.81516	25.5363	0	35.3261
7.81529	25.5776	0.0825083	35.3261
7.81614	25.6188	0.165017	35.3261
7.81944	25.7013	0.0825083	35.3261
7.83523	25.7838	0	35.3261
7.8368	25.8251	0.0825083	35.3261
7.85933	25.9076	0	35.3261
7.87822	25.9076	0	35.5978
7.90374	25.9076	0	35.5978
7.90417	25.9076	0.0825083	35.5978
7.90709	25.9901	0	35.5978
7.92321	25.9901	0	35.5978
7.98033	25.9901	0	35.8696
7.98556	25.9901	0	36.1413
7.98971	25.9901	0.0825083	36.1413
7.99284	26.0726	0	36.1413
8.00722	26.0726	0	36.413
8.00771	26.0726	0.165017	36.413
8.01104	26.1551	0.0825083	36.413
8.01219	26.2376	0	36.413
8.0294	26.2376	0	36.413
8.03228	26.2376	0.0825083	36.413
8.03326	26.2376	0.0825083	36.413
8.10401	26.3201	0	36.413
8.10576	26.3614	0.0825083	36.413
8.11711	26.4439	0	36.413
8.21607	26.4439	0	36.6848
8.24071	26.4439	0	36.9565
8.24111	26.4439	0.0825083	36.9565
8.24119	26.5264	0	36.9565
8.24205	26.5677	0.0825083	36.9565
8.24298	26.6089	0.165017	36.9565
8.24306	26.6914	0.0825083	36.9565
8.24354	26.7739	0	36.9565
8.24701	26.8152	0.0825083	36.9565
8.27001	26.8977	0	36.9565
8.27715	26.9389	0.0825083	36.9565
8.29322	27.0215	0	36.9565
8.29407	27.0215	0.0825083	36.9565
8.30052	27.104	0	36.9565
8.30725	27.104	0	37.2283
8.30758	27.1452	0.0825083	37.2283
8.30841	27.1452	0.247525	37.2283
8.30867	27.2277	0.165017	37.2283
8.30954	27.3102	0.0825083	37.2283
8.31974	27.3927	0	37.2283
8.32202	27.434	0.0825083	37.2283
8.37866	27.5165	0	37.2283
8.38323	27.5578	0.0825083	37.2283
8.38472	27.6403	0	37.2283
8.41916	27.6403	0	37.5
8.42077	27.6403	0.0825083	37.5
8.42867	27.7228	0	37.5
8.44272	27.7228	0	38.0435
8.50449	27.7228	0	38.0435
8.50475	27.7228	0.0825083	38.0435
8.50538	27.7228	0.247525	38.0435
8.50542	27.8053	0.165017	38.0435
8.50906	27.8878	0.0825083	38.0435
8.52514	27.9703	0	38.0435
8.52944	28.0116	0.0825083	38.0435
8.53045	28.0941	0	38.0435
8.53061	28.1353	0.0825083	38.0435
8.53426	28.1353	0.0825083	38.3152
8.56514	28.2178	0	38.3152
8.58077	28.2178	0	38.587
8.65228	28.2178	0	38.8587
8.65313	28.2178	0.165017	38.8587
8.65621	28.3003	0.0825083	38.8587
8.66517	28.3828	0	38.8587
8.66573	28.4241	0.0825083	38.8587
8.71406	28.5066	0	38.8587
8.71631	28.5479	0.0825083	38.8587
8.78227	28.6304	0	38.8587
8.78596	28.6716	0.0825083	38.8587
8.78741	28.6716	0.0825083	39.1304
8.88124	28.7541	0	39.1304
8.88144	28.7954	0.0825083	39.1304
8.88176	28.8779	0	39.1304
8.88245	28.8779	0.165017	39.1304
8.88545	28.9604	0.0825083	39.1304
8.94474	29.0429	0	39.1304
8.96464	29.0429	0	39.4022
9.03526	29.0429	0	39.6739
9.04334	29.0429	0	39.9457
9.04688	29.0429	0	40.2174
9.0493	29.0429	0.165017	40.2174
9.06524	29.1254	0.0825083	40.2174
9.13558	29.2079	0	40.2174
9.13675	29.2079	0	40.4891
9.13841	29.2492	0.0825083	40.4891
9.15269	29.3317	0	40.4891
9.15282	29.3317	0.165017	40.4891
9.1538	29.4142	0.0825083	40.4891
9.18263	29.4967	0	40.4891
9.18659	29.4967	0.165017	40.4891
9.19161	29.5792	0.0825083	40.4891
9.19318	29.6205	0.165017	40.4891
9.20161	29.703	0.0825083	40.4891
9.23643	29.7855	0	40.4891
9.24289	29.7855	0.0825083	40.4891
9.26038	29.868	0	40.4891
9.26216	29.868	0	40.7609
9.26573	29.868	0.0825083	40.7609
9.27938	29.9505	0	40.7609
9.2799	29.9917	0.0825083	40.7609
9.31808	30.0743	0	40.7609
9.32074	30.1155	0.0825083	40.7609
9.39488	30.198	0	40.7609
9.39491	30.198	0.0825083	40.7609
9.42771	30.2805	0	40.7609
9.50807	30.2805	0	41.0326
9.50844	30.2805	0.165017	41.0326
9.51036	30.363	0.0825083	41.0326
9.56643	30.4455	0	41.0326
9.56881	30.4455	0.165017	41.0326
9.56901	30.5281	0.0825083	41.0326
9.58782	30.6106	0	41.0326
9.58883	30.6518	0.0825083	41.0326
9.69513	30.7343	0	41.0326
9.69645	30.7343	0.0825083	41.0326
9.70764	30.8168	0	41.0326
9.7095	30.8168	0.165017	41.0326
9.70967	30.8993	0.0825083	41.0326
9.75707	30.9818	0	41.0326
9.82318	30.9818	0	41.3043
9.82459	31.0231	0.0825083	41.3043
9.83947	31.1056	0	41.3043
9.83973	31.1056	0.0825083	41.3043
9.85078	31.1881	0	41.3043
9.85199	31.2294	0.0825083	41.3043
9.90057	31.3119	0	41.3043
9.90878	31.3119	0	41.8478
9.95124	31.3119	0	42.1196
9.962	31.3119	0	42.3913
9.98117	31.3119	0	42.663
9.982	31.3531	0.0825083	42.663
9.99067	31.4356	0	42.663
9.99731	31.4356	0	42.9348
10.0508	31.4356	0	43.2065
10.0546	31.4769	0.0825083	43.2065
10.0582	31.5594	0	43.2065
10.0615	31.5594	0.0825083	43.2065
10.0621	31.6419	0	43.2065
10.0675	31.6419	0.0825083	43.2065
10.0687	31.7244	0	43.2065
10.0691	31.7244	0.0825083	43.2065
10.0917	31.8069	0	43.2065
10.0946	31.8482	0.0825083	43.2065
10.1053	31.9307	0	43.2065
10.1055	31.9307	0.165017	43.2065
10.1074	32.0132	0.0825083	43.2065
10.1165	32.0957	0	43.2065
10.1947	32.0957	0	43.4783
10.1948	32.137	0.0825083	43.4783
10.2009	32.137	0.0825083	43.75
10.2541	32.2195	0	43.75
10.2566	32.2607	0.0825083	43.75
10.2667	32.3432	0	43.75
10.2711	32.3432	0.0825083	43.75
10.4398	32.4257	0	43.75
10.4447	32.467	0.0825083	43.75
10.4772	32.5495	0	43.75
10.4868	32.5495	0	44.0217
10.4902	32.5908	0.0825083	44.0217
10.493	32.6733	0	44.0217
10.4994	32.6733	0	44.2935
10.5005	32.6733	0.0825083	44.2935
10.5053	32.7558	0	44.2935
10.508	32.797	0.0825083	44.2935
10.5102	32.8795	0	44.2935
10.5632	32.8795	0	44.2935
10.5651	32.8795	0.165017	44.2935
10.5665	32.962	0.0825083	44.2935
10.5694	33.0033	0.165017	44.2935
10.5699	33.0858	0.0825083	44.2935
10.5837	33.1683	0	44.2935
10.5986	33.2096	0.0825083	44.2935
10.6066	33.2921	0	44.2935
10.6066	33.2921	0.0825083	44.2935
10.643	33.3746	0	44.2935
10.6505	33.4158	0.0825083	44.2935
10.6507	33.4571	0.165017	44.2935
10.6532	33.5396	0.0825083	44.2935
10.6773	33.6221	0	44.2935
10.6775	33.6221	0.0825083	44.2935
10.6975	33.7046	0	44.2935
10.7846	33.7046	0	44.5652
10.786	33.7459	0.0825083	44.5652
10.7962	33.8284	0	44.5652
10.7963	33.8284	0.165017	44.5652
10.797	33.9109	0.0825083	44.5652
10.8617	33.9934	0	44.5652
10.9124	33.9934	0	44.837
10.9296	33.9934	0	45.1087
10.9743	33.9934	0	45.6522
10.9753	33.9934	0.165017	45.6522
10.9754	34.0759	0.0825083	45.6522
10.9947	34.1584	0	45.6522
11.0099	34.1584	0	45.6522
11.0372	34.1584	0	45.9239
11.0409	34.1997	0.0825083	45.9239
11.0915	34.2822	0	45.9239
11.0926	34.3234	0.0825083	45.9239
11.1146	34.4059	0	45.9239
11.1252	34.4059	0	46.1957
11.1268	34.4059	0.0825083	46.1957
11.1425	34.4884	0	46.1957
11.1451	34.4884	0.0825083	46.1957
11.2047	34.571	0	46.1957
11.2047	34.571	0.165017	46.1957
11.207	34.6535	0.0825083	46.1957
11.2181	34.736	0	46.1957
11.2322	34.736	0	46.4674
11.2329	34.736	0.165017	46.4674
11.2355	34.8185	0.0825083	46.4674
11.2473	34.901	0	46.4674
11.3834	34.901	0	46.7391
11.4634	34.901	0	47.0109
11.4634	34.901	0.0825083	47.0109
11.4861	34.9835	0	47.0109
11.4861	34.9835	0.165017	47.0109
11.4992	35.066	0.0825083	47.0109
11.5334	35.1485	0	47.0109
11.5336	35.1485	0.0825083	47.0109
11.5352	35.231	0	47.0109
11.5366	35.2723	0.0825083	47.0109
11.5462	35.3548	0	47.0109
11.5506	35.3548	0	47.2826
11.5515	35.396	0.0825083	47.2826
11.5523	35.4785	0	47.2826
11.5534	35.4785	0.165017	47.2826
11.5541	35.5198	0.247525	47.2826
11.5565	35.6023	0.165017	47.2826
11.5589	35.6848	0.0825083	47.2826
11.5937	35.7673	0	47.2826
11.596	35.8086	0.0825083	47.2826
11.6122	35.8911	0	47.2826
11.6201	35.8911	0	47.5543
11.6255	35.8911	0.0825083	47.5543
11.6263	35.8911	0.247525	47.5543
11.6281	35.9736	0.165017	47.5543
11.6313	36.0561	0.0825083	47.5543
11.6603	36.1386	0	47.5543
11.6618	36.1386	0	47.8261
11.7138	36.1386	0	48.0978
11.7142	36.1799	0.0825083	48.0978
11.7241	36.2624	0	48.0978
11.7253	36.3036	0.0825083	48.0978
11.7467	36.3861	0	48.0978
11.7471	36.4274	0.0825083	48.0978
11.8601	36.5099	0	48.0978
11.8799	36.5099	0	48.0978
11.88	36.5099	0.165017	48.0978
11.8846	36.5924	0.0825083	48.0978
11.917	36.6749	0	48.0978
11.9624	36.6749	0	48.3696
11.9661	36.6749	0	48.6413
11.9666	36.7162	0.0825083	48.6413
12.0219	36.7987	0	48.6413
12.0427	36.7987	0	48.913
12.0467	36.8399	0.0825083	48.913
12.0503	36.9224	0	48.913
12.0541	36.9224	0	49.4565
12.0551	36.9637	0.0825083	49.4565
12.0576	37.0462	0	49.4565
12.0586	37.0875	0.0825083	49.4565
12.0672	37.17	0	49.4565
12.0745	37.2112	0.0825083	49.4565
12.1076	37.2937	0	49.4565
12.1088	37.2937	0.165017	49.4565
12.1092	37.2937	0.165017	49.7283
12.1103	37.3762	0.0825083	49.7283
12.1154	37.4587	0	49.7283
12.1197	37.4587	0	50
12.1204	37.5	0.0825083	50
12.1337	37.5825	0	50
12.1346	37.6238	0.0825083	50
12.1522	37.7063	0	50
12.1575	37.7475	0.0825083	50
12.2474	37.83	0	50
12.2611	37.83	0	50.2717
12.2623	37.8713	0.0825083	50.2717
12.2922	37.9538	0	50.2717
12.2954	37.9538	0.165017	50.2717
12.2975	38.0363	0.0825083	50.2717
12.3383	38.1188	0	50.2717
12.3396	38.1601	0.0825083	50.2717
12.3411	38.2426	0	50.2717
12.3414	38.2426	0.165017	50.2717
12.3434	38.3251	0.0825083	50.2717
12.3491	38.4076	0	50.2717
12.3541	38.4076	0.165017	50.2717
12.356	38.4901	0.0825083	50.2717
12.3726	38.5726	0	50.2717
12.3732	38.6139	0.0825083	50.2717
12.4386	38.6964	0	50.2717
12.439	38.6964	0.165017	50.2717
12.4444	38.7789	0.0825083	50.2717
12.4962	38.8614	0	50.2717
12.4997	38.9026	0.0825083	50.2717
12.5286	38.9851	0	50.2717
12.5292	39.0264	0.0825083	50.2717
12.6067	39.1089	0	50.2717
12.6075	39.1089	0.165017	50.2717
12.6081	39.1914	0.0825083	50.2717
12.6125	39.2739	0	50.2717
12.617	39.3152	0.0825083	50.2717
12.655	39.3977	0	50.2717
12.7719	39.3977	0	50.5435
12.7736	39.3977	0.0825083	50.5435
12.774	39.4802	0	50.5435
12.8467	39.4802	0	50.8152
12.8579	39.4802	0	51.087
12.858	39.4802	0.0825083	51.087
12.8641	39.5627	0	51.087
12.8645	39.604	0.0825083	51.087
12.8661	39.604	0.247525	51.087
12.8674	39.6865	0.165017	51.087
12.8736	39.769	0.0825083	51.087
12.8819	39.8515	0	51.087
12.882	39.8927	0.0825083	51.087
12.9291	39.9752	0	51.087
13.0486	39.9752	0	51.3587
13.049	39.9752	0	51.6304
13.0495	39.9752	0.0825083	51.6304
13.1038	40.0578	0	51.6304
13.1114	40.0578	0.0825083	51.6304
13.1147	40.1403	0	51.6304
13.1299	40.1403	0	51.9022
13.1299	40.1815	0.0825083	51.9022
13.1513	40.264	0	51.9022
13.152	40.264	0.165017	51.9022
13.1562	40.3465	0.0825083	51.9022
13.1916	40.429	0	51.9022
13.1933	40.4703	0.0825083	51.9022
13.249	40.5528	0	51.9022
13.2497	40.5528	0	52.1739
13.2516	40.5941	0.0825083	52.1739
13.2608	40.6766	0	52.1739
13.2635	40.7178	0.0825083	52.1739
13.3311	40.8003	0	52.1739
13.3312	40.8416	0.0825083	52.1739
13.3411	40.9241	0	52.1739
13.4369	40.9241	0	52.4457
13.5185	40.9241	0	52.7174
13.5225	40.9653	0.0825083	52.7174
13.5269	40.9653	0.0825083	52.7174
13.538	41.0479	0	52.7174
13.5421	41.0891	0.0825083	52.7174
13.6665	41.1716	0	52.7174
13.6684	41.2129	0.0825083	52.7174
13.6686	41.2541	0.165017	52.7174
13.6694	41.3366	0.0825083	52.7174
13.6916	41.4191	0	52.7174
13.6992	41.4191	0.165017	52.7174
13.7002	41.5017	0.0825083	52.7174
13.7193	41.5842	0	52.7174
13.7247	41.5842	0.165017	52.7174
13.7261	41.6667	0.0825083	52.7174
13.7628	41.7492	0	52.7174
13.7864	41.7492	0	52.9891
13.7867	41.7904	0.0825083	52.9891
13.811	41.8729	0	52.9891
13.8117	41.8729	0	53.5326
13.813	41.8729	0	53.8043
13.8134	41.8729	0.165017	53.8043
13.8227	41.9554	0.0825083	53.8043
13.8338	42.038	0	53.8043
13.8509	42.038	0	54.3478
13.8514	42.038	0.165017	54.3478
13.853	42.1205	0.0825083	54.3478
13.9032	42.203	0	54.3478
13.969	42.203	0	54.6196
13.9692	42.2442	0.0825083	54.6196
13.9724	42.3267	0	54.6196
13.9738	42.368	0.0825083	54.6196
13.9823	42.4505	0	54.6196
13.9863	42.4917	0.0825083	54.6196
14.0411	42.5743	0	54.6196
14.0415	42.6155	0.0825083	54.6196
14.0422	42.6155	0.247525	54.6196
14.0431	42.698	0.165017	54.6196
14.0448	42.7805	0.0825083	54.6196
14.0601	42.863	0	54.6196
14.0641	42.9043	0.0825083	54.6196
14.0869	42.9868	0	54.6196
14.1516	42.9868	0	54.8913
14.1576	42.9868	0	55.163
14.1629	42.9868	0	55.4348
14.1643	42.9868	0.165017	55.4348
14.1645	43.0693	0.0825083	55.4348
14.1646	43.1518	0	55.4348
14.1677	43.1518	0	55.7065
14.1682	43.1518	0.0825083	55.7065
14.2177	43.2343	0	55.7065
14.2202	43.2756	0.0825083	55.7065
14.2681	43.3581	0	55.7065
14.2699	43.3581	0.165017	55.7065
14.2713	43.4406	0.0825083	55.7065
14.2758	43.5231	0	55.7065
14.2776	43.5644	0.0825083	55.7065
14.321	43.6469	0	55.7065
14.3934	43.6469	0	55.9783
14.4357	43.6469	0	55.9783
14.4361	43.6469	0	56.25
14.437	43.6469	0.165017	56.25
14.4375	43.6881	0.247525	56.25
14.4412	43.7706	0.165017	56.25
14.4486	43.8531	0.0825083	56.25
14.4536	43.9356	0	56.25
14.4538	43.9356	0.165017	56.25
14.4542	44.0182	0.0825083	56.25
14.4757	44.1007	0	56.25
14.4838	44.1007	0	56.7935
14.4843	44.1419	0.0825083	56.7935
14.52	44.2244	0	56.7935
14.5235	44.2657	0.0825083	56.7935
14.5261	44.3482	0	56.7935
14.552	44.3482	0	57.0652
14.5523	44.3482	0.0825083	57.0652
14.5605	44.4307	0	57.0652
14.603	44.4307	0	57.6087
14.6054	44.4719	0.0825083	57.6087
14.6252	44.5545	0	57.6087
14.6269	44.5957	0.0825083	57.6087
14.6655	44.6782	0	57.6087
14.6717	44.7195	0.0825083	57.6087
14.6939	44.802	0	57.6087
14.6986	44.802	0.0825083	57.6087
14.7043	44.8845	0	57.6087
14.7077	44.8845	0.0825083	57.6087
14.7134	44.967	0	57.6087
14.738	44.967	0	57.8804
14.8134	44.967	0	58.1522
14.8212	45.0083	0.0825083	58.1522
14.8818	45.0908	0	58.1522
14.8885	45.132	0.0825083	58.1522
14.9456	45.2145	0	58.1522
14.9509	45.2558	0.0825083	58.1522
14.9867	45.3383	0	58.1522
15.0335	45.3383	0	58.1522
15.0815	45.3383	0	58.1522
15.0828	45.3383	0.0825083	58.1522
15.1063	45.4208	0	58.1522
15.1081	45.4208	0	58.6957
15.1081	45.4208	0.165017	58.6957
15.1206	45.5033	0.0825083	58.6957
15.1221	45.5033	0.165017	58.6957
15.1231	45.5858	0.0825083	58.6957
15.1386	45.6683	0	58.6957
15.1403	45.6683	0.165017	58.6957
15.1438	45.7508	0.0825083	58.6957
15.1439	45.7921	0.165017	58.6957
15.1469	45.8746	0.0825083	58.6957
15.1827	45.9571	0	58.6957
15.1841	45.9571	0.165017	58.6957
15.1857	46.0396	0.0825083	58.6957
15.2067	46.1221	0	58.6957
15.2091	46.1634	0.0825083	58.6957
15.2346	46.2459	0	58.6957
15.2348	46.2871	0.0825083	58.6957
15.384	46.3696	0	58.6957
15.3885	46.4109	0.0825083	58.6957
15.4229	46.4934	0	58.6957
15.432	46.4934	0	59.2391
15.4335	46.4934	0.165017	59.2391
15.4342	46.5759	0.0825083	59.2391
15.4346	46.6584	0	59.2391
15.4373	46.6584	0.0825083	59.2391
15.4906	46.7409	0	59.2391
15.5544	46.7409	0	59.7826
15.564	46.7409	0	59.7826
15.5656	46.7409	0.165017	59.7826
15.566	46.8234	0.0825083	59.7826
15.5756	46.9059	0	59.7826
15.5766	46.9472	0.0825083	59.7826
15.6527	47.0297	0	59.7826
15.6528	47.0297	0.0825083	59.7826
15.6607	47.1122	0	59.7826
15.6883	47.1122	0	60.0543
15.6886	47.1122	0.165017	60.0543
15.6887	47.1947	0.0825083	60.0543
15.695	47.2772	0	60.0543
15.6951	47.3185	0.0825083	60.0543
15.717	47.401	0	60.0543
15.8058	47.401	0	60.5978
15.8812	47.401	0	60.8696
15.8821	47.401	0.165017	60.8696
15.8835	47.4835	0.0825083	60.8696
15.8996	47.566	0	60.8696
15.8998	47.6073	0.0825083	60.8696
15.9101	47.6898	0	60.8696
15.9135	47.6898	0.0825083	60.8696
15.9136	47.7723	0	60.8696
15.9161	47.7723	0.165017	60.8696
15.9197	47.8548	0.0825083	60.8696
15.9497	47.9373	0	60.8696
15.9528	47.9373	0	61.1413
15.9539	47.9373	0.165017	61.1413
15.9558	48.0198	0.0825083	61.1413
15.979	48.1023	0	61.1413
15.9836	48.1023	0.0825083	61.1413
15.9858	48.1848	0	61.1413
15.9883	48.1848	0	61.413
15.9891	48.1848	0.165017	61.413
15.9895	48.2673	0.0825083	61.413
15.9921	48.3498	0	61.413
15.9928	48.3498	0	61.6848
16.0376	48.3498	0	61.9565
16.0411	48.3911	0.0825083	61.9565
16.0419	48.3911	0.0825083	62.2283
16.0469	48.4736	0	62.2283
16.0501	48.4736	0	62.5
16.0509	48.5149	0.0825083	62.5
16.135	48.5974	0	62.5
16.136	48.6386	0.0825083	62.5
16.1863	48.7211	0	62.5
16.1903	48.7211	0	62.7717
16.1929	48.7624	0.0825083	62.7717
16.294	48.8449	0	62.7717
16.2946	48.8861	0.0825083	62.7717
16.3778	48.9686	0	62.7717
16.3801	49.0099	0.0825083	62.7717
16.4759	49.0924	0	62.7717
16.4817	49.1337	0.0825083	62.7717
16.521	49.2162	0	62.7717
16.5303	49.2162	0.0825083	62.7717
16.5606	49.2987	0	62.7717
16.5622	49.2987	0.165017	62.7717
16.5661	49.3812	0.0825083	62.7717
16.581	49.4637	0	62.7717
16.608	49.4637	0	63.0435
16.6086	49.4637	0.0825083	63.0435
16.6524	49.5462	0	63.0435
16.6545	49.5462	0.0825083	63.0435
16.6843	49.6287	0	63.0435
16.8323	49.6287	0	63.3152
16.8382	49.67	0.0825083	63.3152
16.8606	49.7525	0	63.3152
16.889	49.7525	0	63.587
16.8926	49.7937	0.0825083	63.587
16.9599	49.8762	0	63.587
16.9602	49.8762	0.165017	63.587
16.9626	49.9587	0.0825083	63.587
16.9708	50.0413	0	63.587
16.9781	50.0413	0	63.8587
16.9789	50.0825	0.0825083	63.8587
17.0039	50.165	0	63.8587
17.0375	50.165	0	64.1304
17.044	50.165	0.0825083	64.1304
17.0877	50.2475	0	64.1304
17.0949	50.2475	0.165017	64.1304
17.0951	50.33	0.0825083	64.1304
17.1693	50.4125	0	64.1304
17.3099	50.4125	0	64.4022
17.3117	50.4538	0.0825083	64.4022
17.3543	50.5363	0	64.4022
17.3545	50.5776	0.0825083	64.4022
17.3555	50.6601	0	64.4022
17.3563	50.7013	0.0825083	64.4022
17.4881	50.7838	0	64.4022
17.4902	50.8251	0.0825083	64.4022
17.5111	50.9076	0	64.4022
17.516	50.9488	0.0825083	64.4022
17.5182	50.9901	0.165017	64.4022
17.519	51.0726	0.0825083	64.4022
17.5592	51.1551	0	64.4022
17.5602	51.1964	0.0825083	64.4022
17.7251	51.2789	0	64.4022
17.732	51.3201	0.0825083	64.4022
17.745	51.4026	0	64.4022
17.7488	51.4439	0.0825083	64.4022
17.8432	51.5264	0	64.4022
17.8793	51.5264	0	64.9457
17.881	51.5264	0.0825083	64.9457
17.9192	51.6089	0	64.9457
17.9211	51.6502	0.0825083	64.9457
17.9665	51.7327	0	64.9457
17.9784	51.7327	0	65.2174
17.9784	51.7327	0.0825083	65.2174
17.983	51.8152	0	65.2174
17.9851	51.8564	0.0825083	65.2174
18.0138	51.9389	0	65.2174
18.0762	51.9389	0	65.4891
18.0799	51.9389	0.165017	65.4891
18.083	52.0215	0.0825083	65.4891
18.0954	52.104	0	65.4891
18.0986	52.1452	0.0825083	65.4891
18.1217	52.2277	0	65.4891
18.1237	52.269	0.0825083	65.4891
18.1948	52.3515	0	65.4891
18.1969	52.3515	0	66.0326
18.2207	52.3515	0	66.5761
18.2544	52.3515	0	67.1196
18.2597	52.3927	0.0825083	67.1196
18.3557	52.4752	0	67.1196
18.3559	52.5165	0.0825083	67.1196
18.3963	52.599	0	67.1196
18.4709	52.599	0	67.1196
18.4763	52.6403	0.0825083	67.1196
18.5258	52.7228	0	67.1196
18.5259	52.7228	0.165017	67.1196
18.5276	52.8053	0.0825083	67.1196
18.5412	52.8878	0	67.1196
18.5433	52.8878	0.165017	67.1196
18.5457	52.9703	0.0825083	67.1196
18.6256	53.0528	0	67.1196
18.6262	53.0528	0.165017	67.1196
18.6269	53.1353	0.0825083	67.1196
18.6967	53.2178	0	67.1196
18.6969	53.2178	0.165017	67.1196
18.6972	53.3003	0.0825083	67.1196
18.7267	53.3828	0	67.1196
18.7272	53.3828	0.165017	67.1196
18.7275	53.3828	0.165017	67.663
18.7292	53.4653	0.0825083	67.663
18.7763	53.5479	0	67.663
18.7822	53.5891	0.0825083	67.663
18.7837	53.5891	0.165017	67.663
18.7846	53.6716	0.0825083	67.663
18.7952	53.7541	0	67.663
18.7989	53.7541	0.0825083	67.663
18.8074	53.8366	0	67.663
18.8075	53.8779	0.0825083	67.663
18.8077	53.9191	0.165017	67.663
18.8095	54.0017	0.0825083	67.663
18.8463	54.0842	0	67.663
18.8478	54.1254	0.0825083	67.663
18.8485	54.1667	0.165017	67.663
18.8488	54.2492	0.0825083	67.663
19.0168	54.3317	0	67.663
19.0206	54.3729	0.0825083	67.663
19.0351	54.4554	0	67.663
19.0371	54.4967	0.0825083	67.663
19.0436	54.5792	0	67.663
19.0452	54.5792	0.0825083	67.663
19.1387	54.6617	0	67.663
19.214	54.6617	0	68.2065
19.2155	54.6617	0.0825083	68.2065
19.2177	54.7442	0	68.2065
19.3129	54.7442	0	68.4783
19.3138	54.7855	0.0825083	68.4783
19.4223	54.868	0	68.4783
19.4228	54.9092	0.0825083	68.4783
19.5035	54.9917	0	68.4783
19.5075	55.033	0.0825083	68.4783
19.5487	55.1155	0	68.4783
19.549	55.1568	0.0825083	68.4783
19.6587	55.2393	0	68.4783
19.6603	55.2805	0.0825083	68.4783
19.6713	55.363	0	68.4783
19.6731	55.4043	0.0825083	68.4783
19.6873	55.4868	0	68.4783
19.7329	55.4868	0	69.0217
19.7403	55.4868	0.0825083	69.0217
19.7416	55.5693	0	69.0217
19.7477	55.6106	0.0825083	69.0217
19.7607	55.6931	0	69.0217
19.7659	55.6931	0.0825083	69.0217
19.8674	55.7756	0	69.0217
19.8682	55.7756	0.165017	69.0217
19.8707	55.8581	0.0825083	69.0217
19.9161	55.9406	0	69.0217
19.9184	55.9818	0.0825083	69.0217
19.9475	56.0644	0	69.0217
20.1158	56.0644	0	69.5652
20.3298	56.0644	0	70.1087
20.3359	56.1056	0.0825083	70.1087
20.3392	56.1881	0	70.1087
20.3508	56.1881	0.0825083	70.1087
20.3995	56.2706	0	70.1087
20.4002	56.2706	0.165017	70.1087
20.4008	56.3531	0.0825083	70.1087
20.4018	56.4356	0	70.1087
20.402	56.4356	0.165017	70.1087
20.4023	56.5182	0.0825083	70.1087
20.4026	56.5182	0.165017	70.1087
20.403	56.6007	0.0825083	70.1087
20.4546	56.6832	0	70.1087
20.461	56.6832	0.165017	70.1087
20.4611	56.7657	0.0825083	70.1087
20.5717	56.8482	0	70.1087
20.5727	56.8482	0.165017	70.1087
20.5732	56.9307	0.0825083	70.1087
20.6179	57.0132	0	70.1087
20.6182	57.0132	0.165017	70.1087
20.6198	57.0957	0.0825083	70.1087
20.6619	57.1782	0	70.1087
20.6737	57.1782	0	70.6522
20.6925	57.2195	0.0825083	70.6522
20.7039	57.302	0	70.6522
20.7092	57.302	0.0825083	70.6522
20.714	57.3845	0	70.6522
20.7159	57.3845	0.165017	70.6522
20.7163	57.467	0.0825083	70.6522
20.7319	57.5495	0	70.6522
20.7519	57.5495	0	70.9239
20.7531	57.5495	0.165017	70.9239
20.7549	57.632	0.0825083	70.9239
20.782	57.7145	0	70.9239
20.7821	57.7558	0.0825083	70.9239
20.8745	57.8383	0	70.9239
20.8751	57.8383	0.165017	70.9239
20.876	57.9208	0.0825083	70.9239
20.9033	58.0033	0	70.9239
20.9037	58.0033	0.0825083	70.9239
21.1227	58.0858	0	70.9239
21.1249	58.1271	0.0825083	70.9239
21.1374	58.2096	0	70.9239
21.1388	58.2096	0.165017	70.9239
21.1422	58.2921	0.0825083	70.9239
21.2148	58.3746	0	70.9239
21.2165	58.4158	0.0825083	70.9239
21.2375	58.4983	0	70.9239
21.2388	58.5396	0.0825083	70.9239
21.2687	58.6221	0	70.9239
21.2699	58.6634	0.0825083	70.9239
21.407	58.7459	0	70.9239
21.4142	58.7871	0.0825083	70.9239
21.5081	58.8696	0	70.9239
21.5826	58.8696	0	71.4674
21.6056	58.8696	0	71.7391
21.6064	58.9109	0.0825083	71.7391
21.69	58.9934	0	71.7391
21.6915	58.9934	0.165017	71.7391
21.6996	59.0759	0.0825083	71.7391
21.7075	59.1584	0	71.7391
21.8779	59.1584	0	72.2826
21.8789	59.1584	0.0825083	72.2826
21.9214	59.2409	0	72.2826
21.9253	59.2409	0	72.5543
21.9261	59.2822	0.0825083	72.5543
22.0004	59.3647	0	72.5543
22.0205	59.4059	0.0825083	72.5543
22.039	59.4884	0	72.5543
22.045	59.5297	0.0825083	72.5543
22.0586	59.6122	0	72.5543
22.0591	59.6535	0.0825083	72.5543
22.1267	59.736	0	72.5543
22.1297	59.7772	0.0825083	72.5543
22.1543	59.8597	0	72.5543
22.1551	59.8597	0.165017	72.5543
22.1583	59.9422	0.0825083	72.5543
22.2249	60.0248	0	72.5543
22.2298	60.066	0.0825083	72.5543
22.3559	60.1485	0	72.5543
22.356	60.1485	0.165017	72.5543
22.357	60.231	0.0825083	72.5543
22.4711	60.3135	0	72.5543
22.472	60.3135	0.0825083	72.5543
22.4729	60.3135	0.165017	72.5543
22.4739	60.396	0.0825083	72.5543
22.4886	60.4785	0	72.5543
22.4897	60.5198	0.0825083	72.5543
22.5539	60.6023	0	72.5543
22.5545	60.6436	0.0825083	72.5543
22.6159	60.7261	0	72.5543
22.6176	60.7673	0.0825083	72.5543
22.7075	60.8498	0	72.5543
22.7079	60.8911	0.0825083	72.5543
22.7971	60.9736	0	72.5543
22.7974	61.0149	0.0825083	72.5543
22.8008	61.0974	0	72.5543
22.802	61.1386	0.0825083	72.5543
22.8919	61.2211	0	72.5543
22.8929	61.2624	0.0825083	72.5543
22.8983	61.3449	0	72.5543
22.9029	61.3449	0.0825083	72.5543
22.9303	61.4274	0	72.5543
22.9324	61.4686	0.0825083	72.5543
23.031	61.5512	0	72.5543
23.1754	61.5512	0	72.5543
23.1757	61.5924	0.0825083	72.5543
23.2278	61.6749	0	72.5543
23.2397	61.6749	0	72.8261
23.2399	61.7162	0.0825083	72.8261
23.4497	61.7987	0	72.8261
23.4504	61.7987	0.165017	72.8261
23.4506	61.8812	0.0825083	72.8261
23.4532	61.9637	0	72.8261
23.4545	62.005	0.0825083	72.8261
23.4712	62.0875	0	72.8261
23.4832	62.0875	0	73.3696
23.4838	62.1287	0.0825083	73.3696
23.6525	62.2112	0	73.3696
23.6542	62.2112	0.165017	73.3696
23.6548	62.2937	0.0825083	73.3696
23.6947	62.3762	0	73.3696
23.6948	62.4175	0.0825083	73.3696
23.7029	62.5	0	73.3696
23.7048	62.5	0.165017	73.3696
23.705	62.5825	0.0825083	73.3696
23.7226	62.665	0	73.3696
23.723	62.7063	0.0825083	73.3696
23.8256	62.7888	0	73.3696
23.8268	62.7888	0.165017	73.3696
23.8302	62.8713	0.0825083	73.3696
23.8996	62.9538	0	73.3696
23.9709	62.9538	0	73.913
23.9766	62.995	0.0825083	73.913
24.0353	63.0776	0	73.913
24.0355	63.0776	0.165017	73.913
24.0373	63.1601	0.0825083	73.913
24.0416	63.2426	0	73.913
24.1735	63.2426	0	73.913
24.1749	63.2838	0.0825083	73.913
24.1981	63.3663	0	73.913
24.3529	63.3663	0	74.1848
24.3552	63.4076	0.0825083	74.1848
24.3737	63.4901	0	74.1848
24.3742	63.5314	0.0825083	74.1848
24.3835	63.6139	0	74.1848
24.4659	63.6139	0	74.7283
24.4674	63.6551	0.0825083	74.7283
24.4924	63.7376	0	74.7283
24.4946	63.7789	0.0825083	74.7283
24.5097	63.8614	0	74.7283
24.5108	63.8614	0.165017	74.7283
24.513	63.9439	0.0825083	74.7283
24.5153	64.0264	0	74.7283
24.5185	64.0677	0.0825083	74.7283
24.5672	64.1502	0	74.7283
24.5679	64.1914	0.0825083	74.7283
24.5712	64.2739	0	74.7283
24.5732	64.2739	0.0825083	74.7283
24.7099	64.3564	0	74.7283
24.7107	64.3977	0.0825083	74.7283
24.7531	64.4802	0	74.7283
24.7598	64.5215	0.0825083	74.7283
24.8126	64.604	0	74.7283
24.8349	64.604	0	75.2717
24.8371	64.6452	0.0825083	75.2717
24.8712	64.7277	0	75.2717
24.9056	64.7277	0	75.8152
24.9056	64.769	0.0825083	75.8152
25.0247	64.8515	0	75.8152
25.0263	64.8927	0.0825083	75.8152
25.0295	64.9753	0	75.8152
25.032	65.0165	0.0825083	75.8152
25.2215	65.099	0	75.8152
25.2271	65.1403	0.0825083	75.8152
25.2586	65.2228	0	75.8152
25.2626	65.264	0.0825083	75.8152
25.2749	65.3465	0	75.8152
25.2765	65.3878	0.0825083	75.8152
25.2992	65.4703	0	75.8152
25.2994	65.4703	0.165017	75.8152
25.2999	65.5528	0.0825083	75.8152
25.3511	65.6353	0	75.8152
25.365	65.6353	0.0825083	75.8152
25.3842	65.7178	0	75.8152
25.3846	65.7178	0.165017	75.8152
25.3854	65.8003	0.0825083	75.8152
25.4282	65.8828	0	75.8152
25.4368	65.8828	0	76.3587
25.4401	65.9241	0.0825083	76.3587
25.5132	66.0066	0	76.3587
25.5132	66.0066	0.165017	76.3587
25.514	66.0891	0.0825083	76.3587
25.5375	66.1716	0	76.3587
25.5381	66.1716	0.0825083	76.3587
25.5754	66.2541	0	76.3587
25.5755	66.2954	0.0825083	76.3587
25.6119	66.3779	0	76.3587
25.6137	66.4191	0.0825083	76.3587
25.6606	66.5016	0	76.3587
25.6631	66.5429	0.0825083	76.3587
25.6846	66.6254	0	76.3587
25.6865	66.6667	0.0825083	76.3587
25.6884	66.7492	0	76.3587
25.6893	66.7904	0.0825083	76.3587
25.8187	66.8729	0	76.3587
25.8207	66.9142	0.0825083	76.3587
25.9383	66.9967	0	76.3587
25.9387	66.9967	0.165017	76.3587
25.9397	67.0792	0.0825083	76.3587
25.943	67.1617	0	76.3587
25.9454	67.203	0.0825083	76.3587
25.9944	67.2855	0	76.3587
25.9951	67.3267	0.0825083	76.3587
26.0411	67.4092	0	76.3587
26.0419	67.4092	0.165017	76.3587
26.0465	67.4918	0.0825083	76.3587
26.062	67.5743	0	76.3587
26.0763	67.5743	0.0825083	76.3587
26.1511	67.6568	0	76.3587
26.1526	67.6568	0.165017	76.3587
26.156	67.7393	0.0825083	76.3587
26.1796	67.8218	0	76.3587
26.3017	67.8218	0	76.6304
26.3033	67.8218	0.165017	76.6304
26.3146	67.9043	0.0825083	76.6304
26.3421	67.9868	0	76.6304
26.3466	68.0281	0.0825083	76.6304
26.3875	68.1106	0	76.6304
26.3937	68.1518	0.0825083	76.6304
26.4051	68.2343	0	76.6304
26.4087	68.2756	0.0825083	76.6304
26.4612	68.3581	0	76.6304
26.465	68.3581	0.0825083	76.6304
26.5542	68.4406	0	76.6304
26.557	68.4818	0.0825083	76.6304
26.5877	68.5644	0	76.6304
26.589	68.5644	0.165017	76.6304
26.593	68.6469	0.0825083	76.6304
26.6269	68.7294	0	76.6304
26.6307	68.7294	0.0825083	76.6304
26.733	68.8119	0	76.6304
26.7341	68.8119	0.165017	76.6304
26.7344	68.8944	0.0825083	76.6304
26.7348	68.9356	0.165017	76.6304
26.7384	69.0182	0.0825083	76.6304
26.7648	69.1007	0	76.6304
26.7704	69.1419	0.0825083	76.6304
26.7922	69.2244	0	76.6304
26.8284	69.2244	0	76.9022
26.8286	69.2657	0.0825083	76.9022
26.875	69.3482	0	76.9022
26.8753	69.3482	0.165017	76.9022
26.8765	69.4307	0.0825083	76.9022
26.8881	69.5132	0	76.9022
26.892	69.5545	0.0825083	76.9022
26.9327	69.637	0	76.9022
26.9354	69.637	0.165017	76.9022
26.9359	69.7195	0.0825083	76.9022
26.9554	69.802	0	76.9022
26.9595	69.8432	0.0825083	76.9022
26.9893	69.9257	0	76.9022
27.0062	69.9257	0	77.4457
27.0069	69.9257	0.0825083	77.4457
27.0489	70.0082	0	77.4457
27.0491	70.0495	0.0825083	77.4457
27.0981	70.132	0	77.4457
27.0982	70.1733	0.0825083	77.4457
27.1737	70.2558	0	77.4457
27.1746	70.2558	0.165017	77.4457
27.175	70.3383	0.0825083	77.4457
27.2032	70.4208	0	77.4457
27.2041	70.462	0.0825083	77.4457
27.27	70.5446	0	77.4457
27.2713	70.5858	0.0825083	77.4457
27.3557	70.6683	0	77.4457
27.3567	70.7096	0.0825083	77.4457
27.4488	70.7921	0	77.4457
27.45	70.8333	0.0825083	77.4457
27.4771	70.9158	0	77.4457
27.5945	70.9158	0	77.7174
27.5977	70.9571	0.0825083	77.7174
27.6095	71.0396	0	77.7174
27.6106	71.0809	0.0825083	77.7174
27.6278	71.1634	0	77.7174
27.8425	71.1634	0	77.9891
27.8505	71.1634	0	78.5326
27.8798	71.1634	0	78.8043
27.8859	71.2046	0.0825083	78.8043
27.8932	71.2871	0	78.8043
27.8954	71.3284	0.0825083	78.8043
27.9846	71.4109	0	78.8043
27.9921	71.4521	0.0825083	78.8043
28.0227	71.5347	0	78.8043
28.0273	71.5347	0.0825083	78.8043
28.2394	71.6172	0	78.8043
28.2415	71.6172	0.165017	78.8043
28.2448	71.6997	0.0825083	78.8043
28.3384	71.7822	0	78.8043
28.3417	71.7822	0.0825083	78.8043
28.3798	71.8647	0	78.8043
28.3818	71.9059	0.0825083	78.8043
28.5026	71.9884	0	78.8043
28.604	71.9884	0	79.3478
28.6077	72.0297	0.0825083	79.3478
28.7116	72.1122	0	79.3478
28.7451	72.1122	0	79.6196
28.7801	72.1122	0	79.8913
28.7813	72.1535	0.0825083	79.8913
28.993	72.236	0	79.8913
28.9937	72.2772	0.0825083	79.8913
29.0721	72.3597	0	79.8913
29.0746	72.3597	0.0825083	79.8913
29.1391	72.4422	0	79.8913
29.3426	72.4422	0	80.4348
29.3427	72.4835	0.0825083	80.4348
29.396	72.566	0	80.4348
29.398	72.566	0.165017	80.4348
29.4061	72.6485	0.0825083	80.4348
29.503	72.731	0	80.4348
29.5048	72.7723	0.0825083	80.4348
29.6168	72.8548	0	80.4348
29.6172	72.896	0.0825083	80.4348
29.6263	72.9785	0	80.4348
29.6322	72.9785	0	80.9783
29.6324	73.0198	0.0825083	80.9783
29.6355	73.1023	0	80.9783
29.7442	73.1023	0	81.5217
29.9862	73.1023	0	82.0652
29.9876	73.1023	0.165017	82.0652
29.9876	73.1848	0.0825083	82.0652
30.0493	73.2673	0	82.0652
30.052	73.3086	0.0825083	82.0652
30.0884	73.3911	0	82.0652
30.0905	73.3911	0.165017	82.0652
30.0934	73.4736	0.0825083	82.0652
30.2313	73.5561	0	82.0652
30.2859	73.5561	0	82.337
30.4252	73.5561	0	82.6087
30.7877	73.5561	0	82.8804
30.7912	73.5974	0.0825083	82.8804
30.9085	73.6799	0	82.8804
31.0042	73.6799	0	83.4239
31.0092	73.6799	0.0825083	83.4239
31.0512	73.7624	0	83.4239
31.0532	73.8036	0.0825083	83.4239
31.0762	73.8861	0	83.4239
31.077	73.9274	0.0825083	83.4239
31.2969	74.0099	0	83.4239
31.2974	74.0512	0.0825083	83.4239
31.3046	74.1337	0	83.4239
31.3064	74.1749	0.0825083	83.4239
31.4025	74.2574	0	83.4239
31.4079	74.2987	0.0825083	83.4239
31.4664	74.3812	0	83.4239
31.4671	74.3812	0.165017	83.4239
31.4676	74.4637	0.0825083	83.4239
31.5165	74.5462	0	83.4239
31.5233	74.5875	0.0825083	83.4239
31.5279	74.67	0	83.4239
31.5303	74.67	0.165017	83.4239
31.5306	74.7525	0.0825083	83.4239
31.5308	74.835	0	83.4239
31.5326	74.8762	0.0825083	83.4239
31.5946	74.9587	0	83.4239
31.5949	75	0.0825083	83.4239
31.6092	75.0825	0	83.4239
31.6094	75.1238	0.0825083	83.4239
31.6294	75.2063	0	83.4239
31.633	75.2475	0.0825083	83.4239
31.702	75.33	0	83.4239
31.7056	75.3713	0.0825083	83.4239
31.7609	75.4538	0	83.4239
31.7622	75.495	0.0825083	83.4239
31.779	75.5776	0	83.4239
31.7797	75.5776	0.0825083	83.4239
31.8119	75.6601	0	83.4239
31.8121	75.7013	0.0825083	83.4239
31.8544	75.7838	0	83.4239
31.8564	75.7838	0.165017	83.4239
31.8665	75.8663	0.0825083	83.4239
32.1613	75.9488	0	83.4239
32.2678	75.9488	0	83.9674
32.5343	75.9488	0	84.5109
32.7028	75.9488	0	84.7826
32.7031	75.9901	0.0825083	84.7826
32.7968	76.0726	0	84.7826
32.8432	76.0726	0	85.0543
32.8934	76.0726	0	85.5978
32.8956	76.1139	0.0825083	85.5978
33.0363	76.1964	0	85.5978
33.077	76.1964	0	86.1413
33.08	76.2376	0.0825083	86.1413
33.1862	76.3201	0	86.1413
33.5826	76.3201	0	86.413
33.583	76.3201	0.165017	86.413
33.5885	76.4026	0.0825083	86.413
33.6581	76.4851	0	86.413
33.6591	76.5264	0.0825083	86.413
33.7094	76.6089	0	86.413
33.7257	76.6089	0	86.6848
33.7265	76.6502	0.0825083	86.6848
33.7268	76.6914	0.165017	86.6848
33.7283	76.7739	0.0825083	86.6848
33.8298	76.8564	0	86.6848
33.8576	76.8564	0	87.2283
33.8589	76.8977	0.0825083	87.2283
34.1337	76.9802	0	87.2283
34.1341	77.0215	0.0825083	87.2283
34.2072	77.104	0	87.2283
34.2077	77.104	0.165017	87.2283
34.2094	77.1865	0.0825083	87.2283
34.2132	77.269	0	87.2283
34.2163	77.3102	0.0825083	87.2283
34.4971	77.3927	0	87.2283
34.4988	77.3927	0.165017	87.2283
34.5142	77.4753	0.0825083	87.2283
34.5262	77.5578	0	87.2283
34.6665	77.5578	0	87.7717
34.6673	77.599	0.0825083	87.7717
34.8178	77.6815	0	87.7717
34.9333	77.6815	0	88.0435
35.0606	77.6815	0	88.587
35.0613	77.7228	0.0825083	88.587
35.0941	77.8053	0	88.587
35.0972	77.8465	0.0825083	88.587
35.2165	77.929	0	88.587
35.2185	77.9703	0.0825083	88.587
35.2641	78.0528	0	88.587
35.2665	78.0528	0.0825083	88.587
35.4877	78.1353	0	88.587
35.4931	78.1766	0.0825083	88.587
35.5337	78.2591	0	88.587
35.5341	78.3003	0.0825083	88.587
35.6508	78.3828	0	88.587
35.6519	78.4241	0.0825083	88.587
36.0078	78.5066	0	88.587
36.0096	78.5479	0.0825083	88.587
36.0683	78.6304	0	88.587
36.0727	78.6716	0.0825083	88.587
36.3493	78.7541	0	88.587
36.3497	78.7954	0.0825083	88.587
36.609	78.8779	0	88.587
36.6117	78.9191	0.0825083	88.587
36.6646	79.0016	0	88.587
36.6765	79.0429	0.0825083	88.587
36.8552	79.1254	0	88.587
36.8585	79.1254	0	88.8587
36.8757	79.1254	0	89.4022
36.8792	79.1254	0.0825083	89.4022
37.1275	79.2079	0	89.4022
37.1276	79.2079	0.165017	89.4022
37.1278	79.2904	0.0825083	89.4022
37.1305	79.3729	0	89.4022
37.1313	79.3729	0.0825083	89.4022
37.2463	79.4554	0	89.4022
37.2528	79.4554	0.0825083	89.4022
37.5319	79.538	0	89.4022
37.6111	79.538	0	89.6739
37.9293	79.538	0	90.2174
37.9819	79.538	0	90.7609
37.9826	79.5792	0.0825083	90.7609
38.0783	79.6617	0	90.7609
38.0835	79.703	0.0825083	90.7609
38.1668	79.7855	0	90.7609
38.1708	79.8267	0.0825083	90.7609
38.176	79.9092	0	90.7609
38.1761	79.9505	0.0825083	90.7609
38.3496	80.033	0	90.7609
38.3499	80.0743	0.0825083	90.7609
38.4031	80.1568	0	90.7609
38.4057	80.198	0.0825083	90.7609
38.4531	80.2805	0	90.7609
38.4532	80.3218	0.0825083	90.7609
38.4824	80.4043	0	90.7609
38.4885	80.4455	0.0825083	90.7609
38.9259	80.5281	0	90.7609
38.9487	80.5281	0	91.3043
38.9507	80.5693	0.0825083	91.3043
39.157	80.6518	0	91.3043
39.1574	80.6518	0.165017	91.3043
39.1575	80.7343	0.0825083	91.3043
39.2368	80.8168	0	91.3043
39.4993	80.8168	0	91.8478
39.4998	80.8168	0.165017	91.8478
39.5005	80.8993	0.0825083	91.8478
39.6939	80.9818	0	91.8478
39.6941	80.9818	0.165017	91.8478
39.6958	81.0644	0.0825083	91.8478
39.7489	81.1469	0	91.8478
39.7524	81.1881	0.0825083	91.8478
39.7564	81.2706	0	91.8478
39.7584	81.2706	0.0825083	91.8478
39.776	81.3531	0	91.8478
39.8236	81.3531	0	92.1196
39.9435	81.3531	0	92.663
39.9767	81.3531	0	92.9348
39.9808	81.3944	0.0825083	92.9348
40.0974	81.4769	0	92.9348
40.3961	81.4769	0	93.4783
40.4001	81.5182	0.0825083	93.4783
40.401	81.6007	0	93.4783
40.4019	81.6419	0.0825083	93.4783
40.4166	81.7244	0	93.4783
40.4222	81.7244	0.0825083	93.4783
40.5137	81.8069	0	93.4783
40.5144	81.8069	0.165017	93.4783
40.52	81.8894	0.0825083	93.4783
40.5296	81.9719	0	93.4783
40.5327	81.9719	0.165017	93.4783
40.5334	82.0545	0.0825083	93.4783
40.5557	82.137	0	93.4783
40.6657	82.137	0	94.0217
40.671	82.1782	0.0825083	94.0217
40.7315	82.2607	0	94.0217
40.7856	82.2607	0	94.5652
40.7858	82.302	0.0825083	94.5652
41.059	82.3845	0	94.5652
41.0593	82.4257	0.0825083	94.5652
41.2556	82.5082	0	94.5652
41.2588	82.5495	0.0825083	94.5652
41.3041	82.632	0	94.5652
41.3056	82.632	0.0825083	94.5652
41.4364	82.7145	0	94.5652
41.4386	82.7558	0.0825083	94.5652
42.1837	82.8383	0	94.5652
42.1919	82.8795	0.0825083	94.5652
42.4161	82.962	0	94.5652
42.4227	83.0033	0.0825083	94.5652
42.4859	83.0858	0	94.5652
42.4859	83.0858	0.0825083	94.5652
42.5082	83.1683	0	94.5652
42.9061	83.1683	0	95.1087
42.9068	83.1683	0.0825083	95.1087
43.0329	83.2508	0	95.1087
43.0365	83.2921	0.0825083	95.1087
43.0428	83.3333	0.165017	95.1087
43.0432	83.4158	0.0825083	95.1087
43.2708	83.4984	0	95.1087
43.272	83.4984	0.165017	95.1087
43.2734	83.5809	0.0825083	95.1087
43.4335	83.6634	0	95.1087
43.436	83.7046	0.0825083	95.1087
43.4997	83.7871	0	95.1087
43.5004	83.7871	0.165017	95.1087
43.5015	83.8696	0.0825083	95.1087
43.7829	83.9521	0	95.1087
43.7839	83.9521	0.165017	95.1087
43.784	84.0347	0.0825083	95.1087
44.2063	84.1172	0	95.1087
44.2084	84.1172	0.165017	95.1087
44.2155	84.1997	0.0825083	95.1087
44.4367	84.2822	0	95.1087
44.4391	84.2822	0.165017	95.1087
44.4458	84.3647	0.0825083	95.1087
44.4765	84.4472	0	95.1087
44.7625	84.4472	0	95.6522
44.763	84.4884	0.0825083	95.6522
44.9864	84.571	0	95.6522
44.9867	84.6122	0.0825083	95.6522
44.989	84.6947	0	95.6522
45.2623	84.6947	0	96.1957
45.2625	84.736	0.0825083	96.1957
45.2798	84.8185	0	96.1957
45.2812	84.8597	0.0825083	96.1957
45.8202	84.9422	0	96.1957
45.8243	84.9835	0.0825083	96.1957
45.967	85.066	0	96.1957
45.9687	85.1073	0.0825083	96.1957
46.0216	85.1898	0	96.1957
46.0251	85.231	0.0825083	96.1957
46.2412	85.3135	0	96.1957
46.2423	85.3135	0.0825083	96.1957
46.3693	85.396	0	96.1957
46.3696	85.4373	0.0825083	96.1957
46.489	85.5198	0	96.1957
46.4913	85.5611	0.0825083	96.1957
46.4942	85.6436	0	96.1957
46.4951	85.6848	0.0825083	96.1957
46.6013	85.7673	0	96.1957
46.6016	85.7673	0.165017	96.1957
46.6029	85.8498	0.0825083	96.1957
46.6414	85.9323	0	96.1957
46.643	85.9323	0.165017	96.1957
46.6566	86.0149	0.0825083	96.1957
46.7804	86.0974	0	96.1957
46.781	86.0974	0.0825083	96.1957
47.1839	86.1799	0	96.1957
47.1855	86.1799	0.165017	96.1957
47.1861	86.2624	0.0825083	96.1957
47.2588	86.3449	0	96.1957
47.2597	86.3861	0.0825083	96.1957
47.4303	86.4686	0	96.1957
47.4309	86.4686	0.165017	96.1957
47.4324	86.5512	0.0825083	96.1957
47.6912	86.6337	0	96.1957
47.6914	86.6749	0.0825083	96.1957
47.7004	86.7574	0	96.1957
47.7005	86.7987	0.0825083	96.1957
47.7189	86.8812	0	96.1957
47.758	86.8812	0	96.7391
47.7584	86.9224	0.0825083	96.7391
48.0414	87.005	0	96.7391
48.0419	87.0462	0.0825083	96.7391
48.176	87.1287	0	96.7391
48.177	87.17	0.0825083	96.7391
48.2336	87.2525	0	96.7391
48.234	87.2937	0.0825083	96.7391
48.5336	87.3762	0	96.7391
48.5384	87.4175	0.0825083	96.7391
48.7589	87.5	0	96.7391
48.7603	87.5	0.165017	96.7391
48.7611	87.5825	0.0825083	96.7391
49.33	87.665	0	96.7391
49.3403	87.7063	0.0825083	96.7391
49.3745	87.7888	0	96.7391
49.375	87.83	0.0825083	96.7391
49.8645	87.9125	0	96.7391
49.8646	87.9125	0.165017	96.7391
49.8663	87.995	0.0825083	96.7391
50.8619	88.0776	0	96.7391
50.8641	88.0776	0.165017	96.7391
50.8723	88.1601	0.0825083	96.7391
50.8889	88.2426	0	96.7391
50.8943	88.2838	0.0825083	96.7391
51.0354	88.3663	0	96.7391
51.2312	88.3663	0	97.2826
51.2317	88.4076	0.0825083	97.2826
51.2323	88.4901	0	97.2826
51.2332	88.4901	0.165017	97.2826
51.2336	88.5726	0.0825083	97.2826
51.6578	88.6551	0	97.2826
51.6658	88.6964	0.0825083	97.2826
51.6693	88.7376	0.165017	97.2826
51.6709	88.8201	0.0825083	97.2826
51.7778	88.9026	0	97.2826
51.7789	88.9439	0.0825083	97.2826
51.8192	89.0264	0	97.2826
51.8195	89.0677	0.0825083	97.2826
52.0209	89.1502	0	97.2826
52.023	89.1914	0.0825083	97.2826
52.4854	89.2739	0	97.2826
52.4869	89.3152	0.0825083	97.2826
52.7334	89.3977	0	97.2826
52.735	89.3977	0.0825083	97.2826
53.288	89.4802	0	97.2826
53.3354	89.4802	0	97.8261
53.3421	89.5215	0.0825083	97.8261
53.6679	89.604	0	97.8261
53.668	89.604	0.165017	97.8261
53.6683	89.6865	0.0825083	97.8261
53.8789	89.769	0	97.8261
53.8811	89.8102	0.0825083	97.8261
53.9161	89.8927	0	97.8261
53.9165	89.934	0.0825083	97.8261
54.2269	90.0165	0	97.8261
54.2284	90.0165	0.165017	97.8261
54.2303	90.099	0.0825083	97.8261
54.2606	90.1815	0	97.8261
54.2668	90.2228	0.0825083	97.8261
54.3879	90.3053	0	97.8261
54.3893	90.3053	0.165017	97.8261
54.3903	90.3878	0.0825083	97.8261
54.8261	90.4703	0	97.8261
54.8308	90.5116	0.0825083	97.8261
55.1079	90.5941	0	97.8261
55.1088	90.5941	0.0825083	97.8261
57.0751	90.6766	0	97.8261
57.0781	90.7178	0.0825083	97.8261
57.3147	90.8003	0	97.8261
57.3154	90.8003	0.165017	97.8261
57.3176	90.8828	0.0825083	97.8261
57.4312	90.9653	0	97.8261
57.6309	90.9653	0	98.3696
57.6379	91.0066	0.0825083	98.3696
58.6326	91.0891	0	98.3696
58.6421	91.0891	0.0825083	98.3696
59.0275	91.1716	0	98.3696
59.0309	91.2129	0.0825083	98.3696
59.3091	91.2954	0	98.3696
59.3091	91.2954	0.165017	98.3696
59.3129	91.3779	0.0825083	98.3696
60.4582	91.4604	0	98.3696
60.4586	91.5016	0.0825083	98.3696
60.5297	91.5842	0	98.3696
60.5303	91.6254	0.0825083	98.3696
61.525	91.7079	0	98.3696
61.5259	91.7492	0.0825083	98.3696
61.5806	91.8317	0	98.3696
61.5807	91.8317	0.165017	98.3696
61.5822	91.9142	0.0825083	98.3696
62.4729	91.9967	0	98.3696
62.4738	91.9967	0.165017	98.3696
62.479	92.0792	0.0825083	98.3696
62.6161	92.1617	0	98.3696
62.6165	92.203	0.0825083	98.3696
62.9228	92.2855	0	98.3696
62.9231	92.3267	0.0825083	98.3696
63.036	92.4092	0	98.3696
63.0392	92.4505	0.0825083	98.3696
63.2027	92.533	0	98.3696
63.2044	92.533	0.165017	98.3696
63.205	92.6155	0.0825083	98.3696
63.2061	92.6568	0.165017	98.3696
63.207	92.7393	0.0825083	98.3696
64.264	92.8218	0	98.3696
64.2662	92.863	0.0825083	98.3696
64.2798	92.9455	0	98.3696
64.2816	92.9868	0.0825083	98.3696
64.3942	93.0693	0	98.3696
64.395	93.1106	0.0825083	98.3696
64.5534	93.1931	0	98.3696
64.5576	93.1931	0.0825083	98.3696
64.5883	93.2756	0	98.3696
64.5885	93.2756	0.0825083	98.3696
64.9688	93.3581	0	98.3696
64.9733	93.3993	0.0825083	98.3696
65.4142	93.4818	0	98.3696
65.4148	93.4818	0.165017	98.3696
65.4157	93.5644	0.0825083	98.3696
65.9205	93.6469	0	98.3696
65.9215	93.6881	0.0825083	98.3696
66.2961	93.7706	0	98.3696
66.2966	93.8119	0.0825083	98.3696
66.4012	93.8944	0	98.3696
66.402	93.8944	0.165017	98.3696
66.4023	93.9769	0.0825083	98.3696
66.8819	94.0594	0	98.3696
66.8821	94.1007	0.0825083	98.3696
66.913	94.1832	0	98.3696
66.9156	94.1832	0.0825083	98.3696
67.4567	94.2657	0	98.3696
67.4573	94.3069	0.0825083	98.3696
67.715	94.3894	0	98.3696
67.718	94.4307	0.0825083	98.3696
68.6411	94.5132	0	98.3696
68.6465	94.5545	0.0825083	98.3696
68.6513	94.637	0	98.3696
68.6524	94.637	0.165017	98.3696
68.6591	94.7195	0.0825083	98.3696
69.2523	94.802	0	98.3696
69.2545	94.802	0.165017	98.3696
69.255	94.8845	0.0825083	98.3696
70.2789	94.967	0	98.3696
70.2801	94.967	0.165017	98.3696
70.2811	95.0495	0.0825083	98.3696
70.8019	95.132	0	98.3696
70.8034	95.1733	0.0825083	98.3696
71.9309	95.2558	0	98.3696
71.9338	95.2558	0.0825083	98.3696
72.1584	95.3383	0	98.3696
72.1701	95.3795	0.0825083	98.3696
72.4623	95.462	0	98.3696
72.4623	95.5033	0.0825083	98.3696
74.0744	95.5858	0	98.3696
74.0754	95.6271	0.0825083	98.3696
74.6262	95.7096	0	98.3696
74.6366	95.7508	0.0825083	98.3696
75.6262	95.8333	0	98.3696
75.6284	95.8746	0.0825083	98.3696
76.5141	95.9571	0	98.3696
76.515	95.9984	0.0825083	98.3696
77.1863	96.0809	0	98.3696
77.1871	96.0809	0.165017	98.3696
77.1898	96.1634	0.0825083	98.3696
77.5168	96.2459	0	98.3696
77.5178	96.2871	0.0825083	98.3696
78.909	96.3696	0	98.3696
78.9107	96.3696	0.0825083	98.3696
79.9883	96.4521	0	98.3696
79.9884	96.4934	0.0825083	98.3696
80.2724	96.5759	0	98.3696
80.2736	96.6172	0.0825083	98.3696
82.0867	96.6997	0	98.3696
82.0885	96.6997	0.165017	98.3696
82.0924	96.7822	0.0825083	98.3696
82.6229	96.8647	0	98.3696
82.623	96.9059	0.0825083	98.3696
82.9113	96.9884	0	98.3696
82.9135	96.9884	0.165017	98.3696
82.9135	97.071	0.0825083	98.3696
83.0978	97.1535	0	98.3696
83.098	97.1947	0.0825083	98.3696
83.4049	97.2772	0	98.3696
83.8094	97.2772	0	98.913
83.8095	97.3185	0.0825083	98.913
83.8117	97.401	0	98.913
85.4013	97.401	0	99.4565
85.4033	97.4422	0.0825083	99.4565
85.7502	97.5247	0	99.4565
85.7539	97.566	0.0825083	99.4565
86.8239	97.6485	0	99.4565
86.8245	97.6898	0.0825083	99.4565
86.8364	97.7723	0	99.4565
86.838	97.8135	0.0825083	99.4565
87.4062	97.896	0	99.4565
87.4112	97.9373	0.0825083	99.4565
89.8594	98.0198	0	99.4565
89.8629	98.0198	0.165017	99.4565
89.864	98.1023	0.0825083	99.4565
89.9346	98.1848	0	99.4565
89.9347	98.1848	0.0825083	99.4565
93.179	98.2673	0	99.4565
93.1792	98.2673	0.165017	99.4565
93.1815	98.3498	0.0825083	99.4565
95.7634	98.4323	0	99.4565
95.7687	98.4736	0.0825083	99.4565
98.3741	98.5561	0	99.4565
99.556	98.5561	0	100
99.559	98.5974	0.0825083	100
99.8824	98.6799	0	100
99.8902	98.7211	0.0825083	100
106.708	98.8036	0	100
106.71	98.8449	0.0825083	100
106.973	98.9274	0	100
106.973	98.9686	0.0825083	100
110.422	99.0512	0	100
110.422	99.0512	0.165017	100
110.424	99.1337	0.0825083	100
116.315	99.2162	0	100
116.316	99.2574	0.0825083	100
120.212	99.3399	0	100
120.212	99.3399	0.165017	100
120.213	99.4224	0.0825083	100
121.535	99.505	0	100
121.54	99.5462	0.0825083	100
129.871	99.6287	0	100
129.872	99.6287	0.165017	100
129.877	99.7112	0.0825083	100
140.173	99.7937	0	100
140.176	99.7937	0.0825083	100
140.337	99.8762	0	100
140.34	99.9175	0.0825083	100
