1.93254e-06	0	0	0
3.37817e-06	0	0	0
1.31087e-05	0	0	0
1.37737e-05	0	0	0
1.44938e-05	0	0	0
2.81584e-05	0	0	0
3.36105e-05	0	0	0
3.69105e-05	0	0	0
4.10044e-05	0	0	0
4.88278e-05	0	0	0
5.05744e-05	0	0	0
6.20996e-05	0	0	0
7.99013e-05	0	0	0
8.57887e-05	0	0	0
9.40012e-05	0	0	0
0.000129105	0	0	0
0.000131857	0	0	0
0.000145719	0	0	0
0.000155916	0	0	0
0.000156593	0	0	0
0.00016291	0	0	0
0.000181579	0	0	0
0.000187842	0	0	0
0.000188281	0	0	0
0.00020265	0	0	0
0.000211108	0	0	0
0.000213773	0	0	0
0.000215661	0	0	0
0.000220904	0	0	0
0.000224673	0	0	0
0.00024339	0	0	0
0.000243873	0	0	0
0.00026523	0	0	0
0.000271996	0	0	0
0.000277888	0	0	0
0.000281117	0	0	0
0.000290096	0	0	0
0.000297793	0	0	0
0.000306076	0	0	0
0.000308731	0	0	0
0.000315303	0	0	0
0.000319375	0	0	0
0.000325736	0	0	0
0.000328444	0	0	0
0.000335554	0	0	0
0.000340687	0	0	0
0.000344754	0	0	0
0.000363257	0	0	0
0.000371646	0	0	0
0.000389159	0	0	0
0.000406648	0	0	0
0.000414558	0	0	0
0.000422719	0	0	0
0.000425456	0	0	0
0.000428509	0	0	0
0.000446042	0	0	0
0.000451911	0	0	0
0.000483122	0	0	0
0.000533353	0	0	0
0.000538313	0	0	0
0.00055091	0	0	0
0.000551	0	0	0
0.000606824	0	0	0
0.000639145	0	0	0
0.000691406	0	0	0
0.000692094	0	0	0
0.000741925	0	0	0
0.00074592	0	0	0
0.000749628	0	0	0
0.000872815	0	0	0
0.000908752	0	0	0
0.000926202	0	0	0
0.00092925	0	0	0
0.000940601	0	0	0
0.000947398	0	0	0
0.00100727	0	0	0
0.00106497	0	0	0
0.00114364	0	0	0
0.00124232	0	0	0
0.00124679	0	0	0
0.00126837	0	0	0
0.00129643	0	0	0
0.00131215	0	0	0
0.00132611	0	0	0
0.00134852	0	0	0
0.00137438	0	0	0
0.00139935	0	0	0
0.00151773	0	0	0
0.00154337	0	0	0
0.00157083	0	0	0
0.00159261	0	0	0
0.00167372	0	0	0
0.00168807	0	0	0
0.00169603	0	0	0
0.00178839	0	0	0
0.00178978	0	0	0
0.00181324	0	0	0
0.00183026	0	0	0
0.00194521	0	0	0
0.00197074	0	0	0
0.00201016	0	0	0
0.00204059	0	0	0
0.00208027	0	0	0
0.00208673	0	0	0
0.00214098	0	0	0
0.00229592	0	0	0
0.00234772	0	0	0
0.00260734	0	0	0
0.00272254	0	0	0
0.00279401	0	0	0
0.00301076	0	0	0
0.00302249	0	0	0
0.00309866	0	0	0
0.0036092	0	0	0
0.00361113	0	0	0
0.00369006	0	0	0
0.00399986	0	0	0
0.00440724	0	0	0
0.0047871	0	0	0
0.00492108	0	0	0
0.00497987	0	0	0
0.00558916	0	0	0
0.00568733	0	0	0
0.00627082	0	0	0
0.00666381	0	0	0
0.00714261	0	0	0
0.00731287	0	0	0
0.00745695	0	0	0
0.00754905	0	0	0
0.0075984	0	0	0
0.00759974	0	0	0
0.00804688	0	0	0
0.00813889	0	0	0
0.0084484	0	0	0
0.00850969	0	0	0
0.00862665	0	0	0
0.00863097	0	0	0
0.00863914	0	0	0
0.00893668	0	0	0
0.00900018	0	0	0
0.00907615	0	0	0
0.00954306	0	0	0
0.00955829	0	0	0
0.00966738	0	0	0
0.00967653	0	0	0
0.00989623	0	0	0
0.0100177	0	0	0
0.0100586	0	0	0
0.0101197	0	0	0
0.0102664	0	0	0
0.0102829	0	0	0
0.0102877	0	0	0
0.0103004	0	0	0
0.0103545	0	0	0
0.0104125	0	0	0
0.0105308	0	0	0
0.0105568	0	0	0
0.0105771	0	0	0
0.0108153	0	0	0
0.0108449	0	0	0
0.0109765	0	0	0
0.0110752	0	0	0
0.0113258	0	0	0
0.0113358	0	0	0
0.0113404	0	0	0
0.0113729	0	0	0
0.0114048	0	0	0
0.0114536	0	0	0
0.0115074	0	0	0
0.011522	0	0	0
0.0115486	0	0	0
0.011567	0	0	0
0.0116132	0	0	0
0.0116791	0	0	0
0.0117516	0	0	0
0.0117599	0	0	0
0.0119152	0	0	0
0.0119484	0	0	0
0.0121288	0	0	0
0.0122039	0	0	0
0.0122374	0	0	0
0.0122655	0	0	0
0.0122836	0	0	0
0.0123029	0	0	0
0.0123924	0	0	0
0.012545	0	0	0
0.0127249	0	0	0
0.0127301	0	0	0
0.0127623	0	0	0
0.0128032	0	0	0
0.0128724	0	0	0
0.0130189	0	0	0
0.0130368	0	0	0
0.0132197	0	0	0
0.0132303	0	0	0
0.0132458	0	0	0
0.0132653	0	0	0
0.0133225	0	0	0
0.0135963	0	0	0
0.0136674	0	0	0
0.0137548	0	0	0
0.0137847	0	0	0
0.0138082	0	0	0
0.013896	0	0	0
0.0139124	0	0	0
0.0139614	0	0	0
0.0140285	0	0	0
0.0140685	0	0	0
0.0141052	0	0	0
0.0141606	0	0	0
0.0142771	0	0	0
0.0143006	0	0	0
0.0144734	0	0	0
0.0144939	0	0	0
0.0146653	0	0	0
0.0147451	0	0	0
0.0150742	0	0	0
0.0151963	0	0	0
0.0153351	0	0	0
0.0154529	0	0	0
0.0155303	0	0	0
0.0155395	0	0	0
0.0155439	0	0	0
0.0156167	0	0	0
0.015639	0	0	0
0.0156542	0	0	0
0.0156598	0	0	0
0.0156673	0	0	0
0.0156832	0	0	0
0.0160201	0	0	0
0.0160305	0	0	0
0.0160457	0	0	0
0.0161341	0	0	0
0.0161465	0	0	0
0.0163491	0	0	0
0.0163881	0	0	0
0.0164318	0	0	0
0.0164974	0	0	0
0.0165078	0	0	0
0.0165754	0	0	0
0.0166207	0	0	0
0.016642	0	0	0
0.0167624	0	0	0
0.0170439	0	0	0
0.0171307	0	0	0
0.0172681	0	0	0
0.0173586	0	0	0
0.0174661	0	0	0
0.0175131	0	0	0
0.0175311	0	0	0
0.0176391	0	0	0
0.0178529	0	0	0
0.0180904	0	0	0
0.0186623	0	0	0
0.0187412	0	0	0
0.019002	0	0	0
0.0191418	0	0	0
0.0191768	0	0	0
0.0192247	0	0	0
0.019328	0	0	0
0.0194011	0	0	0
0.019403	0	0	0
0.0194301	0	0	0
0.0194374	0	0	0
0.0194583	0	0	0
0.0196144	0	0	0
0.0197825	0	0	0
0.0198098	0	0	0
0.0199502	0	0	0
0.019958	0	0	0
0.0199919	0	0	0
0.0200082	0	0	0
0.0200726	0	0	0
0.0200813	0	0	0
0.0201581	0	0	0
0.0201775	0	0	0
0.0201919	0	0	0
0.0202998	0	0	0
0.020494	0	0	0
0.0205291	0	0	0
0.0205609	0	0	0
0.0205737	0	0	0
0.0205802	0	0	0
0.0206535	0	0	0
0.0207936	0	0	0
0.0208276	0	0	0
0.0208357	0	0	0
0.0208757	0	0	0
0.0209235	0	0	0
0.02102	0	0	0
0.0210634	0	0	0
0.0211059	0	0	0
0.0211195	0	0	0
0.0211996	0	0	0
0.0212157	0	0	0
0.021311	0	0	0
0.0213173	0	0	0
0.0213942	0	0	0
0.0214287	0	0	0
0.0214338	0	0	0
0.0214398	0	0	0
0.0214771	0	0	0
0.0214789	0	0	0
0.0214858	0	0	0
0.0215	0	0	0
0.0215167	0	0	0
0.0215433	0	0	0
0.021634	0	0	0
0.0216551	0	0	0
0.021675	0	0	0
0.0216754	0	0	0
0.0216756	0	0	0
0.0216927	0	0	0
0.0218092	0	0	0
0.0218641	0	0	0
0.0219151	0	0	0
0.0220078	0	0	0
0.0220555	0	0	0
0.0221349	0	0	0
0.022137	0	0	0
0.0221752	0	0	0
0.0221963	0	0	0
0.0222127	0	0	0
0.0222206	0	0	0
0.0222996	0	0	0
0.0223792	0	0	0
0.0224275	0	0	0
0.0224566	0	0	0
0.0225836	0	0	0
0.022589	0	0	0
0.0226063	0	0	0
0.022617	0	0	0
0.0226766	0	0	0
0.0226795	0	0	0
0.0227243	0	0	0
0.0227536	0	0	0
0.0227667	0	0	0
0.0228128	0	0	0
0.0228503	0	0	0
0.0228609	0	0	0
0.022869	0	0	0
0.0229037	0	0	0
0.0229436	0	0	0
0.0229612	0	0	0
0.0231137	0	0	0
0.023138	0	0	0
0.0231844	0	0	0
0.0232194	0	0	0
0.0232201	0	0	0
0.0233406	0	0	0
0.0233988	0	0	0
0.0234832	0	0	0
0.0235465	0	0	0
0.0235667	0	0	0
0.0235777	0	0	0
0.0236125	0	0	0
0.0236279	0	0	0
0.0237234	0	0	0
0.0238008	0	0	0
0.0239307	0	0	0
0.0240146	0	0	0
0.0240349	0	0	0
0.0242029	0	0	0
0.0243114	0	0	0
0.0243322	0	0	0
0.0245017	0	0	0
0.024654	0	0	0
0.0247626	0	0	0
0.0247906	0	0	0
0.0248328	0	0	0
0.0248891	0	0	0
0.0248992	0	0	0
0.0249018	0	0	0
0.0249406	0	0	0
0.0251315	0	0	0
0.0251415	0	0	0
0.0253215	0	0	0
0.0253705	0	0	0
0.0253953	0	0	0
0.0257671	0	0	0
0.0257826	0	0	0
0.0259086	0	0	0
0.0259178	0	0	0
0.0259371	0	0	0
0.0259629	0	0	0
0.0260557	0	0	0
0.0260885	0	0	0
0.026111	0	0	0
0.0263065	0	0	0
0.0263401	0	0	0
0.0266928	0	0	0
0.0267165	0	0	0
0.0267613	0	0	0
0.0268668	0	0	0
0.0270002	0	0	0
0.0270303	0	0	0
0.0270392	0	0	0
0.0270602	0	0	0
0.0273348	0	0	0
0.0273362	0	0	0
0.0274038	0	0	0
0.0274857	0	0	0
0.0278904	0	0	0
0.0280154	0	0	0
0.0280265	0	0	0
0.0280727	0	0	0
0.0281862	0	0	0
0.0285931	0	0	0
0.0286771	0	0.0825083	0
0.029128	0	0.0825083	0
0.0293543	0.0825083	0	0
0.0293962	0.0825083	0	0
0.0294299	0.0825083	0	0
0.0295326	0.0825083	0	0
0.0298778	0.0825083	0	0
0.0299983	0.0825083	0	0
0.0301998	0.0825083	0	0
0.0302329	0.0825083	0	0
0.0302494	0.0825083	0	0
0.0302508	0.0825083	0	0
0.0304915	0.0825083	0	0
0.0308643	0.0825083	0	0
0.0308907	0.0825083	0	0
0.0309731	0.0825083	0	0
0.0311276	0.0825083	0	0
0.031197	0.0825083	0	0
0.0311977	0.0825083	0	0.52356
0.0312045	0.0825083	0	0.52356
0.0312072	0.0825083	0	0.52356
0.0316288	0.0825083	0	0.52356
0.0317906	0.0825083	0	0.52356
0.0318358	0.0825083	0	1.04712
0.0320422	0.0825083	0	1.04712
0.0320831	0.0825083	0	1.57068
0.0324551	0.0825083	0	1.57068
0.0325485	0.0825083	0	1.57068
0.0327033	0.0825083	0	1.57068
0.0327829	0.0825083	0	1.57068
0.0328508	0.0825083	0	1.57068
0.0329195	0.0825083	0	1.57068
0.0330463	0.0825083	0	1.57068
0.0332635	0.0825083	0	1.57068
0.0332887	0.0825083	0	1.57068
0.0337261	0.0825083	0	1.57068
0.0337584	0.0825083	0	1.57068
0.0337987	0.0825083	0	1.57068
0.033896	0.0825083	0	1.57068
0.0340217	0.0825083	0	1.57068
0.0340337	0.0825083	0	1.57068
0.0340597	0.0825083	0	1.57068
0.0340997	0.0825083	0	1.57068
0.034154	0.0825083	0	1.57068
0.034225	0.0825083	0	1.57068
0.0342443	0.0825083	0	1.57068
0.0342601	0.0825083	0	1.57068
0.0344118	0.0825083	0	1.57068
0.0344207	0.0825083	0	1.57068
0.0344572	0.0825083	0	1.57068
0.0346213	0.0825083	0	1.57068
0.0347194	0.0825083	0	1.57068
0.034758	0.0825083	0	1.57068
0.0348142	0.0825083	0	1.57068
0.0348272	0.0825083	0	1.57068
0.0348419	0.0825083	0	1.57068
0.0348579	0.0825083	0	1.57068
0.0349007	0.0825083	0	1.57068
0.0350391	0.0825083	0	1.57068
0.0350535	0.0825083	0	1.57068
0.0350612	0.0825083	0	1.57068
0.0350693	0.0825083	0	1.57068
0.0351032	0.0825083	0	1.57068
0.0352484	0.0825083	0	1.57068
0.0352516	0.0825083	0	1.57068
0.0352813	0.0825083	0	1.57068
0.0352984	0.0825083	0	1.57068
0.0353322	0.0825083	0	1.57068
0.0355724	0.0825083	0	1.57068
0.0355895	0.0825083	0	1.57068
0.0356094	0.0825083	0	1.57068
0.0356398	0.0825083	0	1.57068
0.0356533	0.0825083	0	1.57068
0.035742	0.0825083	0	1.57068
0.0357933	0.0825083	0	1.57068
0.0358317	0.0825083	0	1.57068
0.0358421	0.0825083	0	1.57068
0.0358852	0.0825083	0	1.57068
0.035894	0.0825083	0	1.57068
0.0359416	0.0825083	0	1.57068
0.0360099	0.0825083	0	1.57068
0.0360176	0.0825083	0	1.57068
0.0360986	0.0825083	0	1.57068
0.0361144	0.0825083	0	1.57068
0.0361715	0.0825083	0	1.57068
0.0361798	0.0825083	0	1.57068
0.0362148	0.0825083	0	1.57068
0.0363586	0.0825083	0	1.57068
0.0363664	0.0825083	0	1.57068
0.0364066	0.0825083	0	1.57068
0.0364896	0.0825083	0	1.57068
0.0365134	0.0825083	0	1.57068
0.0365429	0.0825083	0	1.57068
0.0366288	0.0825083	0	1.57068
0.0366477	0.0825083	0	1.57068
0.036654	0.0825083	0	1.57068
0.0366796	0.0825083	0	1.57068
0.036824	0.0825083	0	1.57068
0.0368889	0.0825083	0	1.57068
0.0369514	0.0825083	0	1.57068
0.0369586	0.0825083	0	1.57068
0.036962	0.0825083	0	1.57068
0.0370142	0.0825083	0	1.57068
0.0370416	0.0825083	0	1.57068
0.0371979	0.0825083	0	1.57068
0.0373185	0.0825083	0	1.57068
0.0374845	0.0825083	0	1.57068
0.0374893	0.0825083	0	1.57068
0.0375042	0.0825083	0	1.57068
0.0375981	0.0825083	0	1.57068
0.0376183	0.0825083	0	1.57068
0.037673	0.0825083	0	1.57068
0.0376878	0.0825083	0	1.57068
0.0377113	0.0825083	0	1.57068
0.0377784	0.0825083	0	1.57068
0.0377793	0.0825083	0	1.57068
0.037795	0.0825083	0	1.57068
0.037818	0.0825083	0	1.57068
0.0378203	0.0825083	0	1.57068
0.037849	0.0825083	0	1.57068
0.0378901	0.0825083	0	1.57068
0.0379423	0.0825083	0	1.57068
0.0379559	0.0825083	0	1.57068
0.03797	0.0825083	0	1.57068
0.0379726	0.0825083	0	1.57068
0.0380408	0.0825083	0	1.57068
0.0381381	0.0825083	0	1.57068
0.0381458	0.0825083	0	1.57068
0.0381756	0.0825083	0	1.57068
0.0381839	0.0825083	0	1.57068
0.0382015	0.0825083	0	1.57068
0.0382386	0.0825083	0	1.57068
0.0383495	0.0825083	0	1.57068
0.038438	0.0825083	0	1.57068
0.0384403	0.0825083	0	1.57068
0.0385718	0.0825083	0	1.57068
0.0386133	0.0825083	0	1.57068
0.0386666	0.0825083	0	1.57068
0.0387152	0.0825083	0	1.57068
0.0387329	0.0825083	0	1.57068
0.0387677	0.0825083	0	1.57068
0.0387969	0.0825083	0	1.57068
0.0388999	0.0825083	0	1.57068
0.0389413	0.0825083	0	1.57068
0.0389681	0.0825083	0	1.57068
0.0389763	0.0825083	0	1.57068
0.0389795	0.0825083	0	1.57068
0.0389972	0.0825083	0	1.57068
0.0390029	0.0825083	0	1.57068
0.039031	0.0825083	0	1.57068
0.0390619	0.0825083	0	1.57068
0.0391772	0.0825083	0	1.57068
0.0391804	0.0825083	0	1.57068
0.0392209	0.0825083	0	1.57068
0.0392412	0.0825083	0	1.57068
0.0392486	0.0825083	0	1.57068
0.0393144	0.0825083	0	1.57068
0.0393356	0.0825083	0	1.57068
0.0393888	0.0825083	0	1.57068
0.0394722	0.0825083	0	1.57068
0.0394861	0.0825083	0	1.57068
0.0395661	0.0825083	0	1.57068
0.039597	0.0825083	0	1.57068
0.0396272	0.0825083	0	1.57068
0.0396688	0.0825083	0	1.57068
0.0396903	0.0825083	0	1.57068
0.0396959	0.0825083	0	1.57068
0.0397139	0.0825083	0	1.57068
0.0397475	0.0825083	0	1.57068
0.0397683	0.0825083	0	1.57068
0.0398823	0.0825083	0	1.57068
0.0399475	0.0825083	0	1.57068
0.0399747	0.0825083	0	1.57068
0.0399901	0.0825083	0	1.57068
0.0399974	0.0825083	0	1.57068
0.0403072	0.0825083	0	1.57068
0.0403523	0.0825083	0	1.57068
0.040514	0.0825083	0	1.57068
0.0405321	0.0825083	0	1.57068
0.0405935	0.0825083	0	1.57068
0.0406017	0.0825083	0	1.57068
0.0406527	0.0825083	0	1.57068
0.0406635	0.0825083	0	1.57068
0.0408181	0.0825083	0	1.57068
0.0408259	0.0825083	0	1.57068
0.0408806	0.0825083	0	1.57068
0.0408828	0.0825083	0	1.57068
0.040966	0.0825083	0	1.57068
0.0410581	0.0825083	0	1.57068
0.0411091	0.0825083	0	1.57068
0.0411321	0.0825083	0	1.57068
0.0411425	0.0825083	0	1.57068
0.0411429	0.0825083	0	1.57068
0.0412219	0.0825083	0	1.57068
0.0412562	0.0825083	0	1.57068
0.0413191	0.0825083	0	1.57068
0.0413404	0.0825083	0	1.57068
0.0413565	0.0825083	0	1.57068
0.0414373	0.0825083	0	1.57068
0.041566	0.0825083	0	1.57068
0.0415697	0.0825083	0	1.57068
0.0416993	0.0825083	0	1.57068
0.0417196	0.0825083	0	1.57068
0.0418077	0.0825083	0	1.57068
0.0418274	0.0825083	0	1.57068
0.0419948	0.0825083	0	1.57068
0.0420101	0.0825083	0	1.57068
0.0420448	0.0825083	0	1.57068
0.0421189	0.0825083	0	1.57068
0.0422027	0.0825083	0	1.57068
0.0422849	0.0825083	0	1.57068
0.0423279	0.0825083	0	1.57068
0.0423324	0.0825083	0	1.57068
0.0423709	0.0825083	0	1.57068
0.0424337	0.0825083	0	1.57068
0.0424603	0.0825083	0	1.57068
0.042499	0.0825083	0	1.57068
0.0425299	0.0825083	0	1.57068
0.0426597	0.0825083	0	1.57068
0.0428531	0.0825083	0	1.57068
0.0429692	0.0825083	0	1.57068
0.0429702	0.0825083	0	1.57068
0.0429782	0.0825083	0	1.57068
0.0429918	0.0825083	0	1.57068
0.0430081	0.0825083	0	1.57068
0.0430405	0.0825083	0	1.57068
0.0430495	0.0825083	0	1.57068
0.0431407	0.0825083	0	1.57068
0.0432117	0.0825083	0	1.57068
0.0432269	0.0825083	0	1.57068
0.0432531	0.0825083	0	1.57068
0.0433983	0.0825083	0	1.57068
0.0434267	0.0825083	0	1.57068
0.0436849	0.0825083	0	1.57068
0.0437064	0.0825083	0	1.57068
0.0439708	0.0825083	0	1.57068
0.0442169	0.0825083	0	1.57068
0.044341	0.0825083	0	1.57068
0.0444164	0.0825083	0	1.57068
0.0445657	0.0825083	0	1.57068
0.044642	0.0825083	0	1.57068
0.0452266	0.0825083	0	1.57068
0.0453339	0.0825083	0	1.57068
0.0455468	0.0825083	0	1.57068
0.0458932	0.0825083	0	1.57068
0.0470487	0.0825083	0	1.57068
0.0471099	0.0825083	0	1.57068
0.0473306	0.0825083	0	1.57068
0.0475277	0.0825083	0	1.57068
0.0479381	0.0825083	0	1.57068
0.0480073	0.0825083	0	1.57068
0.0483021	0.0825083	0	1.57068
0.0486269	0.0825083	0	1.57068
0.0486799	0.0825083	0	1.57068
0.0491709	0.0825083	0	1.57068
0.0491773	0.0825083	0	1.57068
0.0491971	0.0825083	0	1.57068
0.0495039	0.0825083	0	1.57068
0.0495396	0.0825083	0	1.57068
0.0495774	0.0825083	0	1.57068
0.0496149	0.0825083	0	1.57068
0.04997	0.0825083	0	1.57068
0.0500307	0.0825083	0	1.57068
0.0500563	0.0825083	0	1.57068
0.050237	0.0825083	0	1.57068
0.0502712	0.0825083	0	1.57068
0.0503034	0.0825083	0	1.57068
0.0503339	0.0825083	0	1.57068
0.0504756	0.0825083	0	1.57068
0.0505955	0.0825083	0	1.57068
0.0506113	0.0825083	0	1.57068
0.0507068	0.0825083	0	1.57068
0.0509251	0.0825083	0	1.57068
0.0511699	0.0825083	0	1.57068
0.0513771	0.0825083	0	1.57068
0.0514137	0.0825083	0	1.57068
0.0514462	0.0825083	0	1.57068
0.0516876	0.0825083	0	1.57068
0.0518694	0.0825083	0	1.57068
0.0519953	0.0825083	0	1.57068
0.0523448	0.0825083	0	1.57068
0.0526627	0.0825083	0	1.57068
0.0528039	0.0825083	0	1.57068
0.0531511	0.0825083	0	1.57068
0.053197	0.0825083	0	1.57068
0.0536591	0.0825083	0	1.57068
0.0538	0.0825083	0	1.57068
0.0548343	0.0825083	0	1.57068
0.0557549	0.0825083	0	1.57068
0.0559689	0.0825083	0	1.57068
0.0560262	0.0825083	0	1.57068
0.0561788	0.0825083	0	1.57068
0.0564697	0.0825083	0	1.57068
0.0567482	0.0825083	0	1.57068
0.056922	0.0825083	0	1.57068
0.0573052	0.0825083	0	1.57068
0.0573567	0.0825083	0	1.57068
0.0577495	0.0825083	0	1.57068
0.0578621	0.0825083	0	1.57068
0.0578986	0.0825083	0	1.57068
0.0580019	0.0825083	0	1.57068
0.0580353	0.0825083	0	1.57068
0.0582412	0.0825083	0	1.57068
0.0587477	0.0825083	0	1.57068
0.0590126	0.0825083	0	1.57068
0.0592409	0.0825083	0	1.57068
0.059614	0.0825083	0	1.57068
0.0597199	0.0825083	0	1.57068
0.0598645	0.0825083	0	1.57068
0.0598973	0.0825083	0	1.57068
0.0599977	0.0825083	0	1.57068
0.0603246	0.0825083	0	1.57068
0.0604213	0.0825083	0	1.57068
0.0608878	0.0825083	0	1.57068
0.0624603	0.0825083	0	1.57068
0.0625212	0.0825083	0	1.57068
0.0627757	0.0825083	0	1.57068
0.0628833	0.0825083	0	1.57068
0.0634163	0.0825083	0	1.57068
0.0643175	0.0825083	0	1.57068
0.064327	0.0825083	0	1.57068
0.0643917	0.0825083	0	1.57068
0.0644137	0.0825083	0	1.57068
0.0645096	0.0825083	0	1.57068
0.0646438	0.0825083	0	1.57068
0.0646756	0.0825083	0	1.57068
0.0650168	0.0825083	0	1.57068
0.0652644	0.0825083	0	1.57068
0.0654047	0.0825083	0	1.57068
0.065587	0.0825083	0	1.57068
0.0656925	0.0825083	0	1.57068
0.0662044	0.0825083	0	1.57068
0.066284	0.0825083	0	1.57068
0.0665165	0.0825083	0	1.57068
0.0665859	0.0825083	0	1.57068
0.0665978	0.0825083	0	1.57068
0.0667945	0.0825083	0	1.57068
0.0669452	0.0825083	0	1.57068
0.0670483	0.0825083	0	1.57068
0.0676963	0.0825083	0	1.57068
0.0677774	0.0825083	0	1.57068
0.0679908	0.0825083	0	1.57068
0.0691949	0.0825083	0	1.57068
0.0696873	0.0825083	0	1.57068
0.0701207	0.0825083	0.165017	1.57068
0.0703088	0.0825083	0.165017	1.57068
0.0714605	0.165017	0.0825083	1.57068
0.0722269	0.165017	0.0825083	1.57068
0.0722821	0.247525	0	1.57068
0.0740517	0.247525	0	1.57068
0.0757643	0.247525	0	1.57068
0.0796957	0.247525	0	1.57068
0.0840383	0.247525	0.165017	1.57068
0.0840903	0.330033	0.0825083	1.57068
0.089471	0.412541	0	1.57068
0.0903943	0.453795	0.0825083	1.57068
0.116471	0.536304	0	1.57068
0.171415	0.536304	0	2.09424
0.176479	0.536304	0	2.09424
0.177218	0.577558	0.0825083	2.09424
0.185792	0.660066	0	2.09424
0.1934	0.70132	0.0825083	2.09424
0.297163	0.783828	0	2.09424
0.297348	0.783828	0.165017	2.09424
0.297536	0.866337	0.0825083	2.09424
0.3065	0.948845	0	2.09424
0.312623	0.948845	0	2.6178
0.315141	0.990099	0.0825083	2.6178
0.343818	1.07261	0	2.6178
0.344383	1.11386	0.0825083	2.6178
0.350331	1.15512	0.165017	2.6178
0.350543	1.23762	0.0825083	2.6178
0.376561	1.32013	0	2.6178
0.378103	1.32013	0.0825083	2.6178
0.40841	1.40264	0	2.6178
0.408459	1.40264	0.165017	2.6178
0.41749	1.48515	0.0825083	2.6178
0.435864	1.56766	0	2.6178
0.437011	1.56766	0.165017	2.6178
0.437203	1.65016	0.0825083	2.6178
0.442784	1.73267	0	2.6178
0.456313	1.73267	0	3.14136
0.456667	1.73267	0.165017	3.14136
0.458819	1.81518	0.0825083	3.14136
0.470168	1.89769	0	3.14136
0.471959	1.89769	0.165017	3.14136
0.474342	1.9802	0.0825083	3.14136
0.480882	2.06271	0	3.14136
0.491311	2.06271	0	3.14136
0.507882	2.06271	0	4.18848
0.510217	2.06271	0.0825083	4.18848
0.5307	2.14521	0	4.18848
0.552319	2.14521	0	4.71204
0.553791	2.14521	0.0825083	4.71204
0.592111	2.22772	0	4.71204
0.595579	2.26898	0.0825083	4.71204
0.638059	2.35149	0	4.71204
0.638246	2.39274	0.0825083	4.71204
0.690787	2.47525	0	4.71204
0.694876	2.5165	0.0825083	4.71204
0.706597	2.59901	0	4.71204
0.707376	2.59901	0.165017	4.71204
0.708271	2.68152	0.0825083	4.71204
0.711755	2.76403	0	4.71204
0.711923	2.80528	0.0825083	4.71204
0.713172	2.84653	0.165017	4.71204
0.716461	2.92904	0.0825083	4.71204
0.762592	3.01155	0	4.71204
0.763375	3.01155	0.165017	4.71204
0.764464	3.09406	0.0825083	4.71204
0.773113	3.17657	0	4.71204
0.773531	3.21782	0.0825083	4.71204
0.781415	3.30033	0	4.71204
0.781809	3.30033	0.165017	4.71204
0.782394	3.38284	0.0825083	4.71204
0.803676	3.46535	0	4.71204
0.803924	3.46535	0.165017	4.71204
0.804346	3.54785	0.0825083	4.71204
0.80812	3.63036	0	4.71204
0.816239	3.63036	0.0825083	4.71204
0.860969	3.71287	0	4.71204
0.863099	3.75413	0.0825083	4.71204
0.868407	3.83663	0	4.71204
0.871968	3.83663	0	5.2356
0.872635	3.83663	0.165017	5.2356
0.875388	3.91914	0.0825083	5.2356
0.915762	4.00165	0	5.2356
0.92128	4.00165	0.165017	5.2356
0.926174	4.08416	0.0825083	5.2356
0.948734	4.16667	0	5.2356
0.953973	4.16667	0	5.75916
0.958224	4.16667	0	6.28272
0.977648	4.16667	0	6.80628
0.978187	4.16667	0.165017	6.80628
0.98196	4.24918	0.0825083	6.80628
1.00415	4.33168	0	6.80628
1.00462	4.37294	0.0825083	6.80628
1.06358	4.45545	0	6.80628
1.06489	4.4967	0.0825083	6.80628
1.08849	4.57921	0	6.80628
1.08938	4.57921	0.165017	6.80628
1.09159	4.66172	0.0825083	6.80628
1.10045	4.74422	0	6.80628
1.10404	4.78548	0.0825083	6.80628
1.16625	4.86799	0	6.80628
1.18821	4.86799	0	6.80628
1.18831	4.90924	0.0825083	6.80628
1.26474	4.99175	0	6.80628
1.26539	5.033	0.0825083	6.80628
1.31631	5.11551	0	6.80628
1.31985	5.11551	0.0825083	6.80628
1.32587	5.19802	0	6.80628
1.36296	5.19802	0	6.80628
1.3691	5.19802	0	6.80628
1.37644	5.19802	0	7.32984
1.38397	5.19802	0	7.8534
1.38458	5.19802	0	8.37696
1.39403	5.23927	0.0825083	8.37696
1.42898	5.32178	0	8.37696
1.44807	5.32178	0	8.90052
1.46022	5.32178	0	9.42408
1.46096	5.36304	0.0825083	9.42408
1.47486	5.44554	0	9.42408
1.49533	5.44554	0	9.94764
1.52216	5.44554	0	10.4712
1.52344	5.4868	0.0825083	10.4712
1.58729	5.56931	0	10.4712
1.58883	5.56931	0.0825083	10.4712
1.60312	5.65182	0	10.4712
1.60415	5.65182	0.165017	10.4712
1.60607	5.73432	0.0825083	10.4712
1.62401	5.81683	0	10.4712
1.62816	5.81683	0	10.4712
1.65893	5.81683	0	10.9948
1.66161	5.85809	0.0825083	10.9948
1.68288	5.94059	0	10.9948
1.70264	5.94059	0	10.9948
1.70502	5.98185	0.0825083	10.9948
1.74578	6.06436	0	10.9948
1.75389	6.06436	0	11.5183
1.75856	6.10561	0.0825083	11.5183
1.75962	6.18812	0	11.5183
1.76118	6.22937	0.0825083	11.5183
1.77004	6.31188	0	11.5183
1.82603	6.31188	0	12.0419
1.8267	6.35314	0.0825083	12.0419
1.86082	6.43564	0	12.0419
1.86212	6.43564	0	12.5654
1.90215	6.43564	0	13.089
1.90436	6.43564	0.165017	13.089
1.9046	6.51815	0.0825083	13.089
1.95627	6.60066	0	13.089
1.95702	6.64191	0.0825083	13.089
1.96565	6.72442	0	13.089
1.96807	6.76568	0.0825083	13.089
2.00055	6.84818	0	13.089
2.02832	6.84818	0	13.6126
2.03007	6.88944	0.0825083	13.6126
2.03848	6.97195	0	13.6126
2.03899	7.0132	0.0825083	13.6126
2.10846	7.09571	0	13.6126
2.15091	7.09571	0	14.1361
2.15801	7.13696	0.0825083	14.1361
2.17601	7.21947	0	14.1361
2.17636	7.26073	0.0825083	14.1361
2.18733	7.34323	0	14.1361
2.18872	7.38449	0.0825083	14.1361
2.2131	7.467	0	14.1361
2.21443	7.467	0.0825083	14.1361
2.33094	7.5495	0	14.1361
2.37652	7.5495	0	14.1361
2.37826	7.5495	0.165017	14.1361
2.37832	7.63201	0.0825083	14.1361
2.40565	7.71452	0	14.1361
2.40809	7.75578	0.0825083	14.1361
2.42093	7.83828	0	14.1361
2.42147	7.83828	0.165017	14.1361
2.42267	7.92079	0.0825083	14.1361
2.42783	8.0033	0	14.1361
2.42806	8.04455	0.0825083	14.1361
2.4466	8.12706	0	14.1361
2.44936	8.16832	0.0825083	14.1361
2.48075	8.25082	0	14.1361
2.4811	8.25082	0.165017	14.1361
2.48405	8.33333	0.0825083	14.1361
2.49927	8.41584	0	14.1361
2.50188	8.41584	0.165017	14.1361
2.5037	8.49835	0.0825083	14.1361
2.52799	8.58086	0	14.1361
2.52874	8.58086	0.165017	14.1361
2.52965	8.66337	0.0825083	14.1361
2.53668	8.74587	0	14.1361
2.53717	8.78713	0.0825083	14.1361
2.54774	8.86964	0	14.1361
2.6003	8.86964	0	14.6597
2.60085	8.86964	0.165017	14.6597
2.60367	8.95215	0.0825083	14.6597
2.63838	9.03465	0	14.6597
2.64054	9.07591	0.0825083	14.6597
2.67714	9.15842	0	14.6597
2.67998	9.19967	0.0825083	14.6597
2.72183	9.28218	0	14.6597
2.7229	9.32343	0.0825083	14.6597
2.80341	9.40594	0	14.6597
2.80486	9.4472	0.0825083	14.6597
2.81804	9.5297	0	14.6597
2.81848	9.57096	0.0825083	14.6597
2.84362	9.65347	0	14.6597
2.84605	9.65347	0.165017	14.6597
2.8463	9.73597	0.0825083	14.6597
2.86748	9.81848	0	14.6597
2.87126	9.85974	0.0825083	14.6597
2.90315	9.94224	0	14.6597
2.9048	9.94224	0.165017	14.6597
2.90501	10.0248	0.0825083	14.6597
2.91846	10.1073	0	14.6597
2.91965	10.1485	0.0825083	14.6597
2.94536	10.231	0	14.6597
2.94571	10.2723	0.0825083	14.6597
2.94916	10.3548	0	14.6597
3.08554	10.3548	0	15.1832
3.08642	10.396	0.0825083	15.1832
3.15153	10.4785	0	15.1832
3.17234	10.4785	0	15.7068
3.19351	10.4785	0	16.2304
3.19513	10.5198	0.0825083	16.2304
3.19641	10.6023	0	16.2304
3.19709	10.6023	0.165017	16.2304
3.19726	10.6848	0.0825083	16.2304
3.22339	10.7673	0	16.2304
3.2253	10.7673	0.165017	16.2304
3.22834	10.8498	0.0825083	16.2304
3.28958	10.9323	0	16.2304
3.29129	10.9736	0.0825083	16.2304
3.29357	10.9736	0.165017	16.2304
3.29433	11.0561	0.0825083	16.2304
3.30171	11.1386	0	16.2304
3.30347	11.1799	0.0825083	16.2304
3.32206	11.2624	0	16.2304
3.36204	11.2624	0	16.7539
3.36351	11.3036	0.0825083	16.7539
3.36714	11.3861	0	16.7539
3.36848	11.3861	0.165017	16.7539
3.37022	11.4686	0.0825083	16.7539
3.38822	11.5512	0	16.7539
3.3886	11.5512	0.165017	16.7539
3.38954	11.5924	0.247525	16.7539
3.39589	11.6749	0.165017	16.7539
3.39808	11.7574	0.0825083	16.7539
3.39999	11.8399	0	16.7539
3.40013	11.8812	0.0825083	16.7539
3.43136	11.9637	0	16.7539
3.52047	11.9637	0	17.2775
3.52262	12.005	0.0825083	17.2775
3.55278	12.0875	0	17.2775
3.55538	12.1287	0.0825083	17.2775
3.56944	12.2112	0	17.2775
3.5698	12.2112	0.165017	17.2775
3.57296	12.2937	0.0825083	17.2775
3.57446	12.3762	0	17.2775
3.58098	12.4175	0.0825083	17.2775
3.585	12.5	0	17.2775
3.6328	12.5	0	17.801
3.64006	12.5	0.0825083	17.801
3.65741	12.5825	0	17.801
3.66013	12.6238	0.0825083	17.801
3.73554	12.7063	0	17.801
3.73567	12.7475	0.0825083	17.801
3.75227	12.83	0	17.801
3.753	12.83	0.0825083	17.801
3.75698	12.9125	0	17.801
3.76005	12.9125	0.165017	17.801
3.76044	12.995	0.0825083	17.801
3.80936	13.0776	0	17.801
3.81097	13.1188	0.0825083	17.801
3.82861	13.2013	0	17.801
3.82902	13.2013	0.165017	17.801
3.83439	13.2838	0.0825083	17.801
3.85213	13.3663	0	17.801
3.85814	13.4076	0.0825083	17.801
3.93151	13.4901	0	17.801
3.93302	13.5314	0.0825083	17.801
3.94482	13.6139	0	17.801
3.95275	13.6551	0.0825083	17.801
3.95404	13.7376	0	17.801
3.95413	13.7376	0.165017	17.801
3.9557	13.7376	0.330033	17.801
3.95674	13.8201	0.247525	17.801
3.95702	13.9026	0.165017	17.801
3.9623	13.9851	0.0825083	17.801
3.96683	14.0677	0	17.801
4.06819	14.0677	0	18.8482
4.06917	14.1089	0.0825083	18.8482
4.0813	14.1914	0	18.8482
4.14756	14.1914	0	18.8482
4.14818	14.2327	0.0825083	18.8482
4.19696	14.3152	0	18.8482
4.20494	14.3152	0	18.8482
4.22197	14.3152	0	18.8482
4.22426	14.3564	0.0825083	18.8482
4.22457	14.3564	0.247525	18.8482
4.22469	14.4389	0.165017	18.8482
4.22525	14.5215	0.0825083	18.8482
4.22758	14.5215	0.0825083	19.3717
4.23552	14.604	0	19.3717
4.23629	14.6452	0.0825083	19.3717
4.24239	14.7277	0	19.3717
4.24291	14.7277	0.165017	19.3717
4.24357	14.8102	0.0825083	19.3717
4.26006	14.8927	0	19.3717
4.26446	14.934	0.0825083	19.3717
4.26898	15.0165	0	19.3717
4.32745	15.0165	0	19.8953
4.35341	15.0165	0	20.4188
4.47079	15.0165	0	20.9424
4.47183	15.0165	0.165017	20.9424
4.47475	15.0165	0.165017	20.9424
4.47603	15.099	0.0825083	20.9424
4.47704	15.099	0.0825083	21.466
4.48442	15.1815	0	21.466
4.48764	15.1815	0	21.466
4.48926	15.2228	0.0825083	21.466
4.49042	15.3053	0	21.466
4.49603	15.3053	0	21.466
4.51915	15.3053	0	21.9895
4.54013	15.3053	0	22.5131
4.56671	15.3053	0	22.5131
4.57401	15.3465	0.0825083	22.5131
4.58478	15.429	0	22.5131
4.62705	15.429	0	22.5131
4.67756	15.429	0	23.0366
4.72941	15.429	0	24.0838
4.72969	15.429	0.165017	24.0838
4.73261	15.5116	0.0825083	24.0838
4.75572	15.5941	0	24.0838
4.76621	15.5941	0.0825083	24.0838
4.78133	15.6766	0	24.0838
4.78152	15.6766	0.0825083	24.0838
4.83762	15.7591	0	24.0838
4.84016	15.8003	0.0825083	24.0838
4.85639	15.8828	0	24.0838
4.85872	15.9241	0.0825083	24.0838
4.89838	16.0066	0	24.0838
4.90041	16.0066	0.0825083	24.0838
4.90109	16.0891	0	24.0838
4.90447	16.0891	0.165017	24.0838
4.90507	16.1716	0.0825083	24.0838
4.93429	16.2541	0	24.0838
4.96208	16.2541	0	24.6073
4.96383	16.2954	0.0825083	24.6073
4.99133	16.3779	0	24.6073
4.99237	16.4191	0.0825083	24.6073
5.01421	16.5016	0	24.6073
5.01681	16.5016	0	25.1309
5.01839	16.5016	0.165017	25.1309
5.01954	16.5429	0.247525	25.1309
5.02083	16.6254	0.165017	25.1309
5.02123	16.7079	0.0825083	25.1309
5.04447	16.7904	0	25.1309
5.04496	16.7904	0.165017	25.1309
5.04924	16.8729	0.0825083	25.1309
5.05623	16.9554	0	25.1309
5.05782	16.9967	0.0825083	25.1309
5.05927	17.038	0.165017	25.1309
5.06073	17.1205	0.0825083	25.1309
5.06184	17.1205	0.247525	25.1309
5.06299	17.203	0.165017	25.1309
5.06472	17.2855	0.0825083	25.1309
5.06562	17.2855	0.165017	25.1309
5.07487	17.368	0.0825083	25.1309
5.16597	17.4505	0	25.1309
5.23234	17.4505	0	25.6544
5.23395	17.4505	0.165017	25.6544
5.23553	17.533	0.0825083	25.6544
5.29698	17.6155	0	25.6544
5.29809	17.6568	0.0825083	25.6544
5.30472	17.7393	0	25.6544
5.31073	17.7393	0.0825083	25.6544
5.31739	17.8218	0	25.6544
5.31771	17.8218	0.165017	25.6544
5.32181	17.9043	0.0825083	25.6544
5.353	17.9868	0	25.6544
5.35421	18.0281	0.0825083	25.6544
5.37534	18.1106	0	25.6544
5.37591	18.1518	0.0825083	25.6544
5.41219	18.2343	0	25.6544
5.48732	18.2343	0	26.7016
5.48776	18.2343	0.165017	26.7016
5.49134	18.3168	0.0825083	26.7016
5.55618	18.3993	0	26.7016
5.65036	18.3993	0	27.2251
5.65065	18.4406	0.0825083	27.2251
5.65909	18.5231	0	27.2251
5.69682	18.5231	0	28.2723
5.77475	18.5231	0	28.7958
5.77592	18.5644	0.0825083	28.7958
5.77782	18.5644	0.165017	28.7958
5.77857	18.6469	0.0825083	28.7958
5.78353	18.7294	0	28.7958
5.78519	18.7706	0.0825083	28.7958
5.78591	18.7706	0.0825083	29.8429
5.79126	18.8531	0	29.8429
5.79278	18.8531	0.0825083	29.8429
5.79344	18.8531	0.0825083	30.3665
5.79526	18.9356	0	30.3665
5.79708	18.9356	0	30.8901
5.8212	18.9356	0	30.8901
5.82171	18.9356	0.165017	30.8901
5.82197	19.0182	0.0825083	30.8901
5.90407	19.1007	0	30.8901
5.90558	19.1419	0.0825083	30.8901
5.92158	19.2244	0	30.8901
5.92402	19.2657	0.0825083	30.8901
5.93408	19.3482	0	30.8901
5.93731	19.3894	0.0825083	30.8901
5.98111	19.4719	0	30.8901
5.99556	19.4719	0	31.4136
6.08302	19.4719	0	31.9372
6.08403	19.4719	0.165017	31.9372
6.08493	19.5545	0.0825083	31.9372
6.0935	19.637	0	31.9372
6.16749	19.637	0	32.4607
6.1727	19.6782	0.0825083	32.4607
6.18536	19.7607	0	32.4607
6.18634	19.7607	0.165017	32.4607
6.19101	19.8432	0.0825083	32.4607
6.21478	19.9257	0	32.4607
6.21579	19.967	0.0825083	32.4607
6.2413	20.0495	0	32.4607
6.24155	20.0908	0.0825083	32.4607
6.28254	20.1733	0	32.4607
6.28394	20.2145	0.0825083	32.4607
6.30568	20.297	0	32.4607
6.30666	20.3383	0.0825083	32.4607
6.30742	20.4208	0	32.4607
6.30749	20.4208	0.165017	32.4607
6.30845	20.5033	0.0825083	32.4607
6.36365	20.5858	0	32.4607
6.3643	20.5858	0.0825083	32.4607
6.41003	20.6683	0	32.4607
6.4176	20.7096	0.0825083	32.4607
6.42052	20.7921	0	32.4607
6.42079	20.8333	0.0825083	32.4607
6.46549	20.9158	0	32.4607
6.46604	20.9571	0.0825083	32.4607
6.50972	21.0396	0	32.4607
6.51219	21.0396	0.0825083	32.4607
6.55872	21.1221	0	32.4607
6.55947	21.1634	0.0825083	32.4607
6.58709	21.2459	0	32.4607
6.70824	21.2459	0	32.9843
6.7084	21.2871	0.0825083	32.9843
6.72047	21.3696	0	32.9843
6.7349	21.3696	0	33.5079
6.73519	21.4109	0.0825083	33.5079
6.75827	21.4934	0	33.5079
6.7598	21.4934	0.165017	33.5079
6.76574	21.5759	0.0825083	33.5079
6.7698	21.6584	0	33.5079
6.82978	21.6584	0	34.0314
6.83375	21.6997	0.0825083	34.0314
6.87155	21.7822	0	34.0314
6.87454	21.8234	0.0825083	34.0314
6.87502	21.9059	0	34.0314
6.87544	21.9059	0.165017	34.0314
6.87753	21.9884	0.0825083	34.0314
6.88838	22.071	0	34.0314
6.89009	22.1122	0.0825083	34.0314
6.91617	22.1947	0	34.0314
6.91717	22.236	0.0825083	34.0314
6.9175	22.3185	0	34.0314
6.91806	22.3597	0.0825083	34.0314
6.95812	22.4422	0	34.0314
6.96178	22.4835	0.0825083	34.0314
7.01323	22.566	0	34.0314
7.01559	22.6073	0.0825083	34.0314
7.01961	22.6898	0	34.0314
7.02157	22.731	0.0825083	34.0314
7.08657	22.8135	0	34.0314
7.17664	22.8135	0	34.555
7.17831	22.8135	0.165017	34.555
7.18091	22.896	0.0825083	34.555
7.18894	22.9785	0	34.555
7.18971	22.9785	0.165017	34.555
7.19325	23.0611	0.0825083	34.555
7.20714	23.1436	0	34.555
7.21197	23.1436	0.165017	34.555
7.21644	23.2261	0.0825083	34.555
7.23315	23.3086	0	34.555
7.23601	23.3498	0.0825083	34.555
7.2491	23.4323	0	34.555
7.24997	23.4323	0.165017	34.555
7.25719	23.5149	0.0825083	34.555
7.32367	23.5974	0	34.555
7.33579	23.5974	0	35.0785
7.33878	23.5974	0.165017	35.0785
7.34247	23.6799	0.0825083	35.0785
7.41792	23.7624	0	35.0785
7.42222	23.8036	0.0825083	35.0785
7.44017	23.8861	0	35.0785
7.44239	23.8861	0.165017	35.0785
7.44522	23.9686	0.0825083	35.0785
7.44636	24.0099	0.165017	35.0785
7.45377	24.0924	0.0825083	35.0785
7.45586	24.1749	0	35.0785
7.46072	24.2162	0.0825083	35.0785
7.47552	24.2987	0	35.0785
7.55699	24.2987	0	35.6021
7.55877	24.2987	0.0825083	35.6021
7.58373	24.3812	0	35.6021
7.58407	24.3812	0.165017	35.6021
7.58614	24.4637	0.0825083	35.6021
7.60157	24.5462	0	35.6021
7.60322	24.5875	0.0825083	35.6021
7.65387	24.67	0	35.6021
7.6711	24.67	0	36.1257
7.67158	24.7112	0.0825083	36.1257
7.71479	24.7937	0	36.1257
7.71858	24.835	0.0825083	36.1257
7.72507	24.835	0.165017	36.1257
7.72617	24.9175	0.0825083	36.1257
7.73165	25	0	36.1257
7.73394	25.0413	0.0825083	36.1257
7.75208	25.1238	0	36.1257
7.75299	25.165	0.0825083	36.1257
7.77032	25.2475	0	36.1257
7.77091	25.2475	0.0825083	36.1257
7.78071	25.33	0	36.1257
7.83198	25.33	0	36.6492
7.86426	25.33	0	37.1728
7.86495	25.3713	0.0825083	37.1728
7.8789	25.4538	0	37.1728
7.88065	25.4951	0.0825083	37.1728
7.88575	25.5776	0	37.1728
7.89166	25.5776	0	37.6963
7.892	25.5776	0.165017	37.6963
7.89296	25.6601	0.0825083	37.6963
7.94598	25.7426	0	37.6963
7.94699	25.7838	0.0825083	37.6963
7.98831	25.8663	0	37.6963
7.99487	25.9076	0.0825083	37.6963
8.03145	25.9901	0	37.6963
8.07023	25.9901	0	38.2199
8.07377	26.0314	0.0825083	38.2199
8.09943	26.1139	0	38.2199
8.11607	26.1139	0	38.7435
8.11702	26.1551	0.0825083	38.7435
8.124	26.2376	0	38.7435
8.1241	26.2789	0.0825083	38.7435
8.16258	26.3614	0	38.7435
8.1627	26.4026	0.0825083	38.7435
8.2143	26.4851	0	38.7435
8.21623	26.5264	0.0825083	38.7435
8.28908	26.6089	0	38.7435
8.29242	26.6089	0	39.267
8.29286	26.6089	0.0825083	39.267
8.30661	26.6914	0	39.267
8.30706	26.6914	0.0825083	39.267
8.30746	26.7739	0	39.267
8.30749	26.8152	0.0825083	39.267
8.31044	26.8977	0	39.267
8.31151	26.9389	0.0825083	39.267
8.32886	27.0215	0	39.267
8.32969	27.0627	0.0825083	39.267
8.33519	27.1452	0	39.267
8.36947	27.1452	0	39.7906
8.36965	27.1865	0.0825083	39.7906
8.37734	27.269	0	39.7906
8.38172	27.3102	0.0825083	39.7906
8.38212	27.3102	0.165017	39.7906
8.38247	27.3927	0.0825083	39.7906
8.40511	27.4752	0	39.7906
8.41355	27.5165	0.0825083	39.7906
8.45789	27.599	0	39.7906
8.4654	27.599	0.0825083	39.7906
8.46551	27.6403	0.165017	39.7906
8.47457	27.7228	0.0825083	39.7906
8.47579	27.8053	0	39.7906
8.47592	27.8465	0.0825083	39.7906
8.49609	27.929	0	39.7906
8.4979	27.9703	0.0825083	39.7906
8.62611	28.0528	0	39.7906
8.65234	28.0528	0	40.3141
8.6534	28.0528	0.0825083	40.3141
8.65372	28.1353	0	40.3141
8.65406	28.1766	0.0825083	40.3141
8.66177	28.2591	0	40.3141
8.66335	28.3003	0.0825083	40.3141
8.69418	28.3828	0	40.3141
8.69467	28.4241	0.0825083	40.3141
8.7105	28.5066	0	40.3141
8.72335	28.5066	0.0825083	40.3141
8.75691	28.5891	0	40.3141
8.76546	28.6304	0.0825083	40.3141
8.76902	28.7129	0	40.3141
8.76946	28.7541	0.0825083	40.3141
8.80852	28.8366	0	40.3141
8.80899	28.8366	0.165017	40.3141
8.80933	28.9191	0.0825083	40.3141
8.84578	29.0016	0	40.3141
8.8582	29.0016	0	40.8377
8.86083	29.0016	0.165017	40.8377
8.86298	29.0016	0.330033	40.8377
8.86324	29.0842	0.247525	40.8377
8.86452	29.1667	0.165017	40.8377
8.86693	29.2492	0.0825083	40.8377
8.88076	29.3317	0	40.8377
8.89294	29.3729	0.0825083	40.8377
8.91514	29.4554	0	40.8377
8.91738	29.4554	0.165017	40.8377
8.92232	29.538	0.0825083	40.8377
8.98967	29.6205	0	40.8377
9.18104	29.6205	0	41.3613
9.1812	29.6205	0.165017	41.3613
9.18557	29.703	0.0825083	41.3613
9.21004	29.7855	0	41.3613
9.21132	29.7855	0.165017	41.3613
9.21245	29.7855	0.330033	41.3613
9.2142	29.868	0.247525	41.3613
9.21543	29.9505	0.165017	41.3613
9.2172	30.033	0.0825083	41.3613
9.21766	30.0743	0.165017	41.3613
9.22233	30.1568	0.0825083	41.3613
9.25552	30.2393	0	41.3613
9.25591	30.2805	0.0825083	41.3613
9.25846	30.363	0	41.3613
9.31069	30.363	0	41.8848
9.38545	30.363	0	42.4084
9.38583	30.363	0.165017	42.4084
9.38617	30.4455	0.0825083	42.4084
9.43311	30.5281	0	42.4084
9.43456	30.5281	0.0825083	42.4084
9.49307	30.6106	0	42.4084
9.49377	30.6518	0.0825083	42.4084
9.52468	30.7343	0	42.4084
9.52539	30.7343	0.165017	42.4084
9.52683	30.8168	0.0825083	42.4084
9.55779	30.8993	0	42.4084
9.56071	30.9406	0.0825083	42.4084
9.69517	31.0231	0	42.4084
9.75205	31.0231	0	42.9319
9.75351	31.0231	0.165017	42.9319
9.75397	31.1056	0.0825083	42.9319
9.80155	31.1881	0	42.9319
9.82441	31.1881	0	43.4555
9.84255	31.2294	0.0825083	43.4555
9.84454	31.3119	0	43.4555
9.8454	31.3119	0.0825083	43.4555
9.8646	31.3944	0	43.4555
9.86473	31.3944	0.165017	43.4555
9.8664	31.3944	0.165017	43.4555
9.86911	31.4769	0.0825083	43.4555
9.98794	31.5594	0	43.4555
10.0392	31.5594	0	43.9791
10.0428	31.6007	0.0825083	43.9791
10.0584	31.6832	0	43.9791
10.0586	31.7244	0.0825083	43.9791
10.0754	31.8069	0	43.9791
10.0772	31.8482	0.0825083	43.9791
10.0834	31.9307	0	43.9791
10.0838	31.9719	0.0825083	43.9791
10.1768	32.0545	0	43.9791
10.215	32.0545	0	45.0262
10.2923	32.0545	0	45.5497
10.3255	32.0545	0	46.0733
10.3316	32.0545	0	46.5969
10.334	32.0957	0.0825083	46.5969
10.3441	32.1782	0	46.5969
10.3451	32.2195	0.0825083	46.5969
10.4138	32.302	0	46.5969
10.4175	32.302	0.0825083	46.5969
10.441	32.3845	0	46.5969
10.4462	32.4257	0.0825083	46.5969
10.5172	32.5083	0	46.5969
10.5196	32.5083	0.0825083	46.5969
10.528	32.5908	0	46.5969
10.5507	32.5908	0	47.1204
10.553	32.632	0.0825083	47.1204
10.645	32.7145	0	47.1204
10.6502	32.7558	0.0825083	47.1204
10.6942	32.8383	0	47.1204
10.7544	32.8383	0	47.644
10.7591	32.8795	0.0825083	47.644
10.7793	32.962	0	47.644
10.7972	32.962	0	48.1675
10.7976	32.962	0.165017	48.1675
10.799	33.0446	0.0825083	48.1675
10.8083	33.1271	0	48.1675
10.8401	33.1271	0	48.6911
10.8431	33.1683	0.0825083	48.6911
10.8571	33.2508	0	48.6911
10.858	33.2508	0.0825083	48.6911
11.0102	33.3333	0	48.6911
11.011	33.3746	0.0825083	48.6911
11.0612	33.4571	0	48.6911
11.062	33.4571	0.165017	48.6911
11.064	33.5396	0.0825083	48.6911
11.0738	33.6221	0	48.6911
11.0835	33.6634	0.0825083	48.6911
11.0895	33.7459	0	48.6911
11.0902	33.7871	0.0825083	48.6911
11.1142	33.8696	0	48.6911
11.1186	33.9109	0.0825083	48.6911
11.1428	33.9934	0	48.6911
11.1707	33.9934	0	49.2147
11.1715	34.0347	0.0825083	49.2147
11.1903	34.1172	0	49.2147
11.2035	34.1172	0	49.7382
11.2105	34.1584	0.0825083	49.7382
11.2154	34.2409	0	49.7382
11.2639	34.2409	0	50.2618
11.2665	34.2822	0.0825083	50.2618
11.267	34.3647	0	50.2618
11.2686	34.4059	0.0825083	50.2618
11.2866	34.4884	0	50.2618
11.5137	34.4884	0	50.7853
11.5173	34.5297	0.0825083	50.7853
11.5305	34.6122	0	50.7853
11.5318	34.6535	0.0825083	50.7853
11.5763	34.736	0	50.7853
11.5796	34.7772	0.0825083	50.7853
11.5805	34.8597	0	50.7853
11.5829	34.901	0.0825083	50.7853
11.6083	34.9835	0	50.7853
11.6124	34.9835	0.165017	50.7853
11.6136	35.066	0.0825083	50.7853
11.6228	35.1485	0	50.7853
11.6815	35.1485	0	51.8325
11.6841	35.1898	0.0825083	51.8325
11.7129	35.2723	0	51.8325
11.7155	35.3135	0.0825083	51.8325
11.817	35.396	0	51.8325
11.818	35.396	0.165017	51.8325
11.82	35.4785	0.0825083	51.8325
11.829	35.5611	0	51.8325
11.829	35.5611	0.0825083	51.8325
11.8707	35.6436	0	51.8325
12.0288	35.6436	0	52.8796
12.03	35.6848	0.0825083	52.8796
12.064	35.7673	0	52.8796
12.0672	35.7673	0.165017	52.8796
12.0678	35.8498	0.0825083	52.8796
12.0713	35.9323	0	52.8796
12.0729	35.9736	0.0825083	52.8796
12.1689	36.0561	0	52.8796
12.1702	36.0974	0.0825083	52.8796
12.2277	36.1799	0	52.8796
12.2294	36.2211	0.0825083	52.8796
12.2675	36.3036	0	52.8796
12.2893	36.3036	0	53.4031
12.3133	36.3036	0	53.9267
12.3144	36.3036	0.0825083	53.9267
12.348	36.3861	0	53.9267
12.4177	36.3861	0	54.9738
12.4178	36.3861	0.165017	54.9738
12.4216	36.4686	0.0825083	54.9738
12.5061	36.5512	0	54.9738
12.5068	36.5924	0.0825083	54.9738
12.5813	36.6749	0	54.9738
12.5862	36.7162	0.0825083	54.9738
12.6366	36.7987	0	54.9738
12.6395	36.8399	0.0825083	54.9738
12.6591	36.9224	0	54.9738
12.6808	36.9224	0	56.0209
12.6809	36.9637	0.0825083	56.0209
12.7073	37.0462	0	56.0209
12.7096	37.0462	0.0825083	56.0209
12.7306	37.1287	0	56.0209
12.7324	37.1287	0.165017	56.0209
12.7362	37.2112	0.0825083	56.0209
12.7446	37.2937	0	56.0209
12.7996	37.2937	0	57.0681
12.802	37.335	0.0825083	57.0681
12.8495	37.4175	0	57.0681
12.8517	37.4587	0.0825083	57.0681
12.875	37.5413	0	57.0681
12.8751	37.5825	0.0825083	57.0681
12.8904	37.665	0	57.0681
12.8968	37.7063	0.0825083	57.0681
13.0347	37.7888	0	57.0681
13.0349	37.83	0.0825083	57.0681
13.04	37.9125	0	57.0681
13.0484	37.9125	0.0825083	57.0681
13.1199	37.995	0	57.0681
13.1207	38.0363	0.0825083	57.0681
13.1464	38.1188	0	57.0681
13.148	38.1601	0.0825083	57.0681
13.1654	38.2426	0	57.0681
13.1668	38.2426	0.165017	57.0681
13.167	38.3251	0.0825083	57.0681
13.2126	38.4076	0	57.0681
13.2136	38.4076	0.165017	57.0681
13.2146	38.4901	0.0825083	57.0681
13.2232	38.5726	0	57.0681
13.2237	38.6139	0.0825083	57.0681
13.2277	38.6964	0	57.0681
13.2332	38.6964	0.165017	57.0681
13.2353	38.7789	0.0825083	57.0681
13.2462	38.8614	0	57.0681
13.2484	38.8614	0.165017	57.0681
13.253	38.9439	0.0825083	57.0681
13.2608	39.0264	0	57.0681
13.2625	39.0677	0.0825083	57.0681
13.3392	39.1502	0	57.0681
13.3814	39.1502	0	57.5916
13.3887	39.1914	0.0825083	57.5916
13.4467	39.2739	0	57.5916
13.4475	39.2739	0.165017	57.5916
13.4498	39.3564	0.0825083	57.5916
13.4758	39.4389	0	57.5916
13.4759	39.4389	0.165017	57.5916
13.4772	39.5215	0.0825083	57.5916
13.5187	39.604	0	57.5916
13.5245	39.6452	0.0825083	57.5916
13.5986	39.7277	0	57.5916
13.6004	39.769	0.0825083	57.5916
13.7227	39.8515	0	57.5916
13.7238	39.8927	0.0825083	57.5916
13.7291	39.9752	0	57.5916
13.7317	39.9752	0.0825083	57.5916
13.901	40.0578	0	57.5916
13.9091	40.0578	0.0825083	57.5916
13.9613	40.1403	0	57.5916
13.98	40.1403	0	58.1152
13.9808	40.1403	0.165017	58.1152
13.9823	40.1815	0.247525	58.1152
13.9829	40.1815	0.330033	58.1152
13.9835	40.264	0.247525	58.1152
13.9847	40.3465	0.165017	58.1152
13.9927	40.429	0.0825083	58.1152
14.0175	40.5116	0	58.1152
14.0181	40.5116	0.165017	58.1152
14.0259	40.5941	0.0825083	58.1152
14.0799	40.6766	0	58.1152
14.1389	40.6766	0	59.1623
14.1393	40.6766	0.165017	59.1623
14.1417	40.7591	0.0825083	59.1623
14.1847	40.8416	0	59.1623
14.1892	40.8416	0	59.6859
14.2695	40.8416	0	60.733
14.2721	40.8416	0	61.7801
14.2721	40.8416	0.165017	61.7801
14.2731	40.9241	0.0825083	61.7801
14.3114	41.0066	0	61.7801
14.3125	41.0066	0.165017	61.7801
14.3133	41.0891	0.0825083	61.7801
14.3134	41.0891	0.247525	61.7801
14.3135	41.1716	0.165017	61.7801
14.3145	41.2541	0.0825083	61.7801
14.3934	41.3366	0	61.7801
14.3942	41.3779	0.0825083	61.7801
14.4046	41.4604	0	61.7801
14.4055	41.5017	0.0825083	61.7801
14.4917	41.5842	0	61.7801
14.4925	41.6254	0.0825083	61.7801
14.4965	41.7079	0	61.7801
14.4976	41.7079	0.165017	61.7801
14.499	41.7904	0.0825083	61.7801
14.5297	41.8729	0	61.7801
14.5358	41.8729	0	62.3037
14.5368	41.8729	0.165017	62.3037
14.5405	41.9554	0.0825083	62.3037
14.5606	42.038	0	62.3037
14.5766	42.038	0	62.8272
14.5812	42.0792	0.0825083	62.8272
14.5915	42.1617	0	62.8272
14.6011	42.203	0.0825083	62.8272
14.6488	42.2855	0	62.8272
14.6489	42.2855	0.165017	62.8272
14.6494	42.368	0.0825083	62.8272
14.652	42.4505	0	62.8272
14.6592	42.4917	0.0825083	62.8272
14.7823	42.5743	0	62.8272
14.7903	42.5743	0	63.3508
14.7935	42.6155	0.0825083	63.3508
14.8043	42.698	0	63.3508
14.8243	42.698	0	63.8743
14.8261	42.7393	0.0825083	63.8743
14.8391	42.8218	0	63.8743
14.8396	42.863	0.0825083	63.8743
14.953	42.9455	0	63.8743
14.9838	42.9455	0	64.3979
14.9867	42.9455	0.165017	64.3979
14.9882	43.0281	0.0825083	64.3979
15.079	43.1106	0	64.3979
15.0817	43.1518	0.0825083	64.3979
15.0897	43.2343	0	64.3979
15.092	43.2756	0.0825083	64.3979
15.1697	43.3581	0	64.3979
15.1699	43.3581	0.0825083	64.3979
15.2589	43.4406	0	64.3979
15.26	43.4818	0.0825083	64.3979
15.2623	43.5231	0.165017	64.3979
15.263	43.6056	0.0825083	64.3979
15.2736	43.6881	0	64.3979
15.2782	43.6881	0.165017	64.3979
15.2783	43.7706	0.0825083	64.3979
15.2796	43.7706	0.247525	64.3979
15.2797	43.8531	0.165017	64.3979
15.291	43.9356	0.0825083	64.3979
15.3215	44.0182	0	64.3979
15.3218	44.0594	0.0825083	64.3979
15.3328	44.1419	0	64.3979
15.3669	44.1419	0	64.9215
15.367	44.1419	0.0825083	64.9215
15.3725	44.2244	0	64.9215
15.3759	44.2657	0.0825083	64.9215
15.4066	44.3482	0	64.9215
15.4082	44.3894	0.0825083	64.9215
15.4131	44.4719	0	64.9215
15.4165	44.5132	0.0825083	64.9215
15.4178	44.5545	0.165017	64.9215
15.4188	44.637	0.0825083	64.9215
15.4855	44.7195	0	64.9215
15.4891	44.7607	0.0825083	64.9215
15.5727	44.8432	0	64.9215
15.5731	44.8432	0.165017	64.9215
15.5762	44.9257	0.0825083	64.9215
15.5968	45.0083	0	64.9215
15.5987	45.0083	0.165017	64.9215
15.6004	45.0908	0.0825083	64.9215
15.6029	45.1733	0	64.9215
15.6035	45.2145	0.0825083	64.9215
15.6056	45.297	0	64.9215
15.6089	45.297	0.165017	64.9215
15.6123	45.3795	0.0825083	64.9215
15.6279	45.462	0	64.9215
15.6284	45.462	0.0825083	64.9215
15.7803	45.5446	0	64.9215
15.7817	45.5858	0.0825083	64.9215
15.7833	45.6683	0	64.9215
15.8101	45.6683	0	65.445
15.8108	45.7096	0.0825083	65.445
15.8311	45.7921	0	65.445
15.8334	45.7921	0.0825083	65.445
15.9285	45.8746	0	65.445
15.9328	45.9158	0.0825083	65.445
15.9385	45.9983	0	65.445
15.9434	46.0396	0.0825083	65.445
15.9987	46.1221	0	65.445
15.9991	46.1634	0.0825083	65.445
16.0005	46.2459	0	65.445
16.002	46.2459	0.0825083	65.445
16.0065	46.3284	0	65.445
16.0111	46.3696	0.0825083	65.445
16.111	46.4521	0	65.445
16.1129	46.4521	0.0825083	65.445
16.1197	46.5347	0	65.445
16.1202	46.5759	0.0825083	65.445
16.1558	46.6584	0	65.445
16.2166	46.6584	0	66.4921
16.2187	46.6997	0.0825083	66.4921
16.2203	46.7822	0	66.4921
16.2237	46.8234	0.0825083	66.4921
16.3435	46.9059	0	66.4921
16.3451	46.9059	0.165017	66.4921
16.3459	46.9884	0.0825083	66.4921
16.3528	47.071	0	66.4921
16.3545	47.071	0.165017	66.4921
16.3564	47.1535	0.0825083	66.4921
16.3864	47.236	0	66.4921
16.3886	47.236	0.0825083	66.4921
16.4387	47.3185	0	66.4921
16.442	47.3597	0.0825083	66.4921
16.5372	47.4422	0	66.4921
16.5381	47.4835	0.0825083	66.4921
16.6097	47.566	0	66.4921
16.6114	47.6073	0.0825083	66.4921
16.6157	47.6898	0	66.4921
16.6161	47.6898	0.165017	66.4921
16.6166	47.7723	0.0825083	66.4921
16.6196	47.8548	0	66.4921
16.6201	47.896	0.0825083	66.4921
16.7006	47.9785	0	66.4921
16.7037	48.0198	0.0825083	66.4921
16.7082	48.0611	0.165017	66.4921
16.7093	48.1436	0.0825083	66.4921
16.7815	48.2261	0	66.4921
16.8244	48.2261	0	67.0157
16.8251	48.2261	0.0825083	67.0157
16.8327	48.3086	0	67.0157
16.834	48.3498	0.0825083	67.0157
16.8537	48.4323	0	67.0157
16.8573	48.4736	0.0825083	67.0157
16.9969	48.5561	0	67.0157
17.0098	48.5974	0.0825083	67.0157
17.1274	48.6799	0	67.0157
17.13	48.7211	0.0825083	67.0157
17.1918	48.8036	0	67.0157
17.1929	48.8449	0.0825083	67.0157
17.2058	48.9274	0	67.0157
17.2083	48.9274	0.165017	67.0157
17.2094	49.0099	0.0825083	67.0157
17.226	49.0924	0	67.0157
17.2269	49.1337	0.0825083	67.0157
17.2639	49.2162	0	67.0157
17.2641	49.2574	0.0825083	67.0157
17.2912	49.3399	0	67.0157
17.2923	49.3812	0.0825083	67.0157
17.2977	49.4637	0	67.0157
17.3014	49.505	0.0825083	67.0157
17.3578	49.5875	0	67.0157
17.361	49.5875	0.0825083	67.0157
17.3823	49.67	0	67.0157
17.3846	49.7112	0.0825083	67.0157
17.5934	49.7937	0	67.0157
17.595	49.835	0.0825083	67.0157
17.6063	49.9175	0	67.0157
17.6069	49.9587	0.0825083	67.0157
17.6486	50.0413	0	67.0157
17.6493	50.0825	0.0825083	67.0157
17.8306	50.165	0	67.0157
17.8346	50.2063	0.0825083	67.0157
17.8424	50.2888	0	67.0157
17.8986	50.2888	0	68.0628
17.8999	50.33	0.0825083	68.0628
18.01	50.4125	0	68.0628
18.0111	50.4125	0.165017	68.0628
18.0132	50.495	0.0825083	68.0628
18.141	50.5776	0	68.0628
18.1421	50.5776	0.0825083	68.0628
18.1733	50.6601	0	68.0628
18.175	50.6601	0	69.1099
18.1767	50.7013	0.0825083	69.1099
18.2622	50.7838	0	69.1099
18.2624	50.8251	0.0825083	69.1099
18.2859	50.9076	0	69.1099
18.2868	50.9488	0.0825083	69.1099
18.3276	51.0314	0	69.1099
18.3293	51.0726	0.0825083	69.1099
18.3315	51.1139	0.165017	69.1099
18.3328	51.1964	0.0825083	69.1099
18.353	51.2789	0	69.1099
18.3552	51.2789	0.0825083	69.1099
18.4068	51.3614	0	69.1099
18.4081	51.3614	0.165017	69.1099
18.4091	51.4439	0.0825083	69.1099
18.4091	51.5264	0	69.1099
18.4123	51.5677	0.0825083	69.1099
18.4808	51.6502	0	69.1099
18.4875	51.6914	0.0825083	69.1099
18.6412	51.7739	0	69.1099
18.6806	51.7739	0	70.1571
18.6839	51.7739	0	70.6806
18.7172	51.7739	0	71.2042
18.7234	51.8152	0.0825083	71.2042
18.7413	51.8977	0	71.2042
18.7413	51.8977	0.0825083	71.2042
18.7833	51.9802	0	71.2042
18.7926	51.9802	0.0825083	71.2042
18.8007	52.0627	0	71.2042
18.8029	52.104	0.0825083	71.2042
18.9577	52.1865	0	71.2042
18.9587	52.2277	0.0825083	71.2042
18.98	52.3102	0	71.2042
18.9804	52.3515	0.0825083	71.2042
19.128	52.434	0	71.2042
19.2523	52.434	0	71.2042
19.253	52.4752	0.0825083	71.2042
19.2662	52.5578	0	71.2042
19.3124	52.5578	0	72.2513
19.3148	52.599	0.0825083	72.2513
19.3437	52.6815	0	72.2513
19.3455	52.6815	0.165017	72.2513
19.3487	52.764	0.0825083	72.2513
19.3876	52.8465	0	72.2513
19.3907	52.8878	0.0825083	72.2513
19.4547	52.9703	0	72.2513
19.4781	52.9703	0	73.2984
19.4784	53.0116	0.0825083	73.2984
19.4786	53.0116	0.165017	73.2984
19.4826	53.0941	0.0825083	73.2984
19.5131	53.1766	0	73.2984
19.5141	53.1766	0.0825083	73.2984
19.5686	53.2591	0	73.2984
19.6719	53.2591	0	74.3456
19.6735	53.3003	0.0825083	74.3456
19.7018	53.3828	0	74.3456
19.7042	53.4241	0.0825083	74.3456
19.7719	53.5066	0	74.3456
19.7719	53.5066	0.165017	74.3456
19.7731	53.5891	0.0825083	74.3456
19.908	53.6716	0	74.3456
19.9086	53.6716	0.165017	74.3456
19.9156	53.7541	0.0825083	74.3456
19.9891	53.8366	0	74.3456
19.9918	53.8366	0.0825083	74.3456
20.0321	53.9191	0	74.3456
20.0373	53.9191	0.0825083	74.3456
20.0543	54.0017	0	74.3456
20.0551	54.0429	0.0825083	74.3456
20.1083	54.1254	0	74.3456
20.1162	54.1254	0	74.8691
20.1166	54.1254	0.0825083	74.8691
20.1273	54.2079	0	74.8691
20.1291	54.2079	0.0825083	74.8691
20.1934	54.2904	0	74.8691
20.1961	54.3317	0.0825083	74.8691
20.23	54.4142	0	74.8691
20.2305	54.4142	0.165017	74.8691
20.2326	54.4967	0.0825083	74.8691
20.2866	54.5792	0	74.8691
20.2905	54.5792	0.165017	74.8691
20.291	54.6617	0.0825083	74.8691
20.5711	54.7442	0	74.8691
20.5732	54.7855	0.0825083	74.8691
20.9262	54.868	0	74.8691
20.9276	54.9092	0.0825083	74.8691
20.9812	54.9917	0	74.8691
20.9956	54.9917	0	75.9162
20.9961	55.033	0.0825083	75.9162
21.0389	55.1155	0	75.9162
21.0403	55.1155	0.0825083	75.9162
21.0427	55.198	0	75.9162
21.0428	55.198	0.165017	75.9162
21.0443	55.2805	0.0825083	75.9162
21.0657	55.363	0	75.9162
21.276	55.363	0	76.9633
21.2812	55.363	0.0825083	76.9633
21.3421	55.4455	0	76.9633
21.3423	55.4868	0.0825083	76.9633
21.4187	55.5693	0	76.9633
21.4195	55.5693	0.165017	76.9633
21.427	55.6518	0.0825083	76.9633
21.4635	55.7343	0	76.9633
21.7108	55.7343	0	78.0105
21.8609	55.7343	0	78.534
21.861	55.7756	0.0825083	78.534
21.9889	55.8581	0	78.534
22.0175	55.8581	0	79.5812
22.1284	55.8581	0	80.1047
22.1285	55.8993	0.0825083	80.1047
22.2739	55.9818	0	80.1047
22.2743	56.0231	0.0825083	80.1047
22.2934	56.1056	0	80.1047
22.2963	56.1469	0.0825083	80.1047
22.343	56.2294	0	80.1047
22.344	56.2294	0.165017	80.1047
22.35	56.3119	0.0825083	80.1047
22.3578	56.3944	0	80.1047
22.3607	56.4356	0.0825083	80.1047
22.4351	56.5182	0	80.1047
22.4398	56.5594	0.0825083	80.1047
22.4697	56.6419	0	80.1047
22.4703	56.6419	0.165017	80.1047
22.4728	56.7244	0.0825083	80.1047
22.5423	56.8069	0	80.1047
22.5437	56.8482	0.0825083	80.1047
22.5675	56.9307	0	80.1047
22.5709	56.9719	0.0825083	80.1047
22.5755	57.0545	0	80.1047
22.5761	57.0545	0.0825083	80.1047
22.6218	57.137	0	80.1047
22.6243	57.1782	0.0825083	80.1047
22.7009	57.2607	0	80.1047
22.7028	57.2607	0.0825083	80.1047
22.7069	57.3432	0	80.1047
22.7077	57.3432	0.0825083	80.1047
22.7431	57.4257	0	80.1047
22.7468	57.4257	0.0825083	80.1047
22.8466	57.5083	0	80.1047
22.848	57.5495	0.0825083	80.1047
22.9571	57.632	0	80.1047
22.9579	57.6733	0.0825083	80.1047
22.9886	57.7558	0	80.1047
22.9917	57.7558	0.165017	80.1047
22.9926	57.8383	0.0825083	80.1047
23.1116	57.9208	0	80.1047
23.1139	57.9208	0.0825083	80.1047
23.1779	58.0033	0	80.1047
23.1792	58.0446	0.0825083	80.1047
23.1844	58.1271	0	80.1047
23.258	58.1271	0	80.6283
23.2609	58.1683	0.0825083	80.6283
23.2985	58.2508	0	80.6283
23.2985	58.2921	0.0825083	80.6283
23.3173	58.3746	0	80.6283
23.3318	58.3746	0	81.1518
23.4084	58.3746	0	81.6754
23.4134	58.4158	0.0825083	81.6754
23.4862	58.4983	0	81.6754
23.4872	58.4983	0.165017	81.6754
23.4917	58.5809	0.0825083	81.6754
23.5512	58.6634	0	81.6754
23.5536	58.7046	0.0825083	81.6754
23.555	58.7871	0	81.6754
23.5552	58.8284	0.0825083	81.6754
23.5847	58.9109	0	81.6754
23.5852	58.9521	0.0825083	81.6754
23.8148	59.0347	0	81.6754
23.8188	59.0759	0.0825083	81.6754
23.8673	59.1584	0	81.6754
23.8691	59.1584	0.0825083	81.6754
23.8703	59.1997	0.165017	81.6754
23.8766	59.2822	0.0825083	81.6754
24.2026	59.3647	0	81.6754
24.2039	59.3647	0.165017	81.6754
24.2044	59.4472	0.0825083	81.6754
24.2147	59.5297	0	81.6754
24.2148	59.5297	0.165017	81.6754
24.2155	59.6122	0.0825083	81.6754
24.2681	59.6947	0	81.6754
24.2705	59.736	0.0825083	81.6754
24.2717	59.8185	0	81.6754
24.2742	59.8185	0.0825083	81.6754
24.3894	59.901	0	81.6754
24.3912	59.9422	0.0825083	81.6754
24.3936	60.0248	0	81.6754
24.3943	60.0248	0.165017	81.6754
24.4034	60.1073	0.0825083	81.6754
24.4622	60.1898	0	81.6754
24.4643	60.231	0.0825083	81.6754
24.6398	60.3135	0	81.6754
24.6627	60.3135	0	82.7225
24.6703	60.3135	0.0825083	82.7225
24.8492	60.396	0	82.7225
24.8626	60.396	0	83.2461
24.8702	60.4373	0.0825083	83.2461
24.9348	60.5198	0	83.2461
24.9354	60.5198	0.165017	83.2461
24.9362	60.6023	0.0825083	83.2461
24.9446	60.6848	0	83.2461
24.9463	60.7261	0.0825083	83.2461
25.21	60.8086	0	83.2461
25.2151	60.8498	0.0825083	83.2461
25.3186	60.9323	0	83.2461
25.5483	60.9323	0	84.2932
25.5526	60.9736	0.0825083	84.2932
25.6907	61.0561	0	84.2932
25.694	61.0561	0.0825083	84.2932
25.7905	61.1386	0	84.2932
25.7906	61.1386	0.165017	84.2932
25.7948	61.2211	0.0825083	84.2932
25.8308	61.3036	0	84.2932
25.8317	61.3449	0.0825083	84.2932
25.9025	61.4274	0	84.2932
25.9035	61.4686	0.0825083	84.2932
26.0489	61.5512	0	84.2932
26.0529	61.5924	0.0825083	84.2932
26.1263	61.6749	0	84.2932
26.1304	61.7162	0.0825083	84.2932
26.3402	61.7987	0	84.2932
26.3527	61.8399	0.0825083	84.2932
26.4327	61.9224	0	84.2932
26.4327	61.9224	0.165017	84.2932
26.4392	62.005	0.0825083	84.2932
26.8676	62.0875	0	84.2932
26.8681	62.0875	0.0825083	84.2932
26.9351	62.17	0	84.2932
27.0308	62.17	0	85.3403
27.0474	62.2112	0.0825083	85.3403
27.0666	62.2937	0	85.3403
27.0701	62.2937	0.0825083	85.3403
27.2959	62.3762	0	85.3403
27.3013	62.3762	0.0825083	85.3403
27.5134	62.4587	0	85.3403
27.5203	62.5	0.0825083	85.3403
27.6169	62.5825	0	85.3403
27.6175	62.6238	0.0825083	85.3403
27.6289	62.7063	0	85.3403
27.6296	62.7063	0.165017	85.3403
27.6309	62.7888	0.0825083	85.3403
27.7534	62.8713	0	85.3403
27.7537	62.9125	0.0825083	85.3403
27.8868	62.995	0	85.3403
27.8873	63.0363	0.0825083	85.3403
27.9522	63.1188	0	85.3403
27.9539	63.1601	0.0825083	85.3403
28.1211	63.2426	0	85.3403
28.1632	63.2426	0	86.3874
28.1634	63.2838	0.0825083	86.3874
28.3693	63.3663	0	86.3874
28.433	63.3663	0	87.4346
28.4408	63.4076	0.0825083	87.4346
28.5422	63.4901	0	87.4346
28.582	63.4901	0	88.4817
28.583	63.5314	0.0825083	88.4817
28.5837	63.5726	0.165017	88.4817
28.586	63.6551	0.0825083	88.4817
29.147	63.7376	0	88.4817
29.1473	63.7789	0.0825083	88.4817
29.2703	63.8614	0	88.4817
29.2782	63.8614	0.0825083	88.4817
29.3678	63.9439	0	88.4817
29.3683	63.9851	0.0825083	88.4817
29.458	64.0677	0	88.4817
29.465	64.1089	0.0825083	88.4817
29.6457	64.1914	0	88.4817
29.6475	64.2327	0.0825083	88.4817
29.8775	64.3152	0	88.4817
29.8797	64.3564	0.0825083	88.4817
29.9359	64.4389	0	88.4817
29.9388	64.4389	0.0825083	88.4817
30.02	64.5215	0	88.4817
30.0223	64.5215	0.0825083	88.4817
30.1361	64.604	0	88.4817
30.1383	64.6452	0.0825083	88.4817
30.1485	64.7277	0	88.4817
30.1536	64.769	0.0825083	88.4817
30.1902	64.8515	0	88.4817
30.1925	64.8927	0.0825083	88.4817
30.1955	64.8927	0.165017	88.4817
30.196	64.9753	0.0825083	88.4817
30.2501	65.0578	0	88.4817
30.2501	65.099	0.0825083	88.4817
30.4847	65.1815	0	88.4817
30.4882	65.2228	0.0825083	88.4817
30.6158	65.3053	0	88.4817
30.6175	65.3465	0.0825083	88.4817
30.6705	65.429	0	88.4817
30.7266	65.429	0	89.5288
30.7291	65.4703	0.0825083	89.5288
30.733	65.5528	0	89.5288
30.7341	65.5528	0.165017	89.5288
30.7355	65.6353	0.0825083	89.5288
30.8927	65.7178	0	89.5288
30.894	65.7591	0.0825083	89.5288
31.1163	65.8416	0	89.5288
31.1173	65.8828	0.0825083	89.5288
31.2412	65.9653	0	89.5288
31.2418	66.0066	0.0825083	89.5288
31.2455	66.0479	0.165017	89.5288
31.2468	66.1304	0.0825083	89.5288
31.2883	66.2129	0	89.5288
31.2917	66.2541	0.0825083	89.5288
31.3846	66.3366	0	89.5288
31.3854	66.3779	0.0825083	89.5288
31.4133	66.4604	0	89.5288
31.5003	66.4604	0	90.5759
31.5035	66.5016	0.0825083	90.5759
31.5379	66.5842	0	90.5759
31.539	66.6254	0.0825083	90.5759
31.577	66.7079	0	90.5759
31.5796	66.7492	0.0825083	90.5759
31.6707	66.8317	0	90.5759
31.6779	66.8729	0.0825083	90.5759
31.7299	66.9554	0	90.5759
31.7317	66.9967	0.0825083	90.5759
31.9309	67.0792	0	90.5759
31.9351	67.1205	0.0825083	90.5759
31.9382	67.203	0	90.5759
31.9388	67.203	0.165017	90.5759
31.9394	67.2855	0.0825083	90.5759
31.9404	67.3267	0.165017	90.5759
31.9407	67.4092	0.0825083	90.5759
32.1997	67.4918	0	90.5759
32.2002	67.533	0.0825083	90.5759
32.2371	67.6155	0	90.5759
32.2383	67.6568	0.0825083	90.5759
32.2674	67.7393	0	90.5759
32.2684	67.7805	0.0825083	90.5759
32.2913	67.863	0	90.5759
32.2931	67.863	0.0825083	90.5759
32.3399	67.9455	0	90.5759
32.3401	67.9868	0.0825083	90.5759
32.3442	68.0693	0	90.5759
32.3501	68.1106	0.0825083	90.5759
32.4304	68.1931	0	90.5759
32.4306	68.1931	0.0825083	90.5759
32.5233	68.2756	0	90.5759
32.5255	68.2756	0.0825083	90.5759
32.6167	68.3581	0	90.5759
32.6173	68.3993	0.0825083	90.5759
32.7203	68.4818	0	90.5759
32.722	68.4818	0.165017	90.5759
32.7231	68.5644	0.0825083	90.5759
32.8801	68.6469	0	90.5759
32.8801	68.6469	0.165017	90.5759
32.8842	68.7294	0.0825083	90.5759
32.9667	68.8119	0	90.5759
32.968	68.8531	0.0825083	90.5759
33.0564	68.9356	0	90.5759
33.0617	68.9769	0.0825083	90.5759
33.0772	69.0594	0	90.5759
33.0802	69.0594	0.165017	90.5759
33.0803	69.1419	0.0825083	90.5759
33.0876	69.2244	0	90.5759
33.0882	69.2657	0.0825083	90.5759
33.434	69.3482	0	90.5759
33.4391	69.3894	0.0825083	90.5759
33.5353	69.4719	0	90.5759
33.5395	69.4719	0	91.623
33.5439	69.5132	0.0825083	91.623
33.7249	69.5957	0	91.623
33.7252	69.637	0.0825083	91.623
34.0804	69.7195	0	91.623
34.0811	69.7607	0.0825083	91.623
34.3451	69.8432	0	91.623
34.3456	69.8845	0.0825083	91.623
34.9925	69.967	0	91.623
34.9927	69.967	0.165017	91.623
34.993	70.0495	0.0825083	91.623
35.0188	70.132	0	91.623
35.0192	70.1733	0.0825083	91.623
35.1238	70.2558	0	91.623
35.1253	70.297	0.0825083	91.623
35.1324	70.3795	0	91.623
35.1354	70.3795	0.0825083	91.623
35.1644	70.462	0	91.623
35.1673	70.462	0.165017	91.623
35.1681	70.5446	0.0825083	91.623
35.2564	70.6271	0	91.623
35.262	70.6683	0.0825083	91.623
35.2743	70.7508	0	91.623
35.275	70.7921	0.0825083	91.623
35.5551	70.8746	0	91.623
35.556	70.9158	0.0825083	91.623
35.5758	70.9984	0	91.623
35.576	70.9984	0.0825083	91.623
35.6197	71.0809	0	91.623
35.6202	71.0809	0.165017	91.623
35.6249	71.1634	0.0825083	91.623
35.7312	71.2459	0	91.623
35.7321	71.2871	0.0825083	91.623
35.8046	71.3696	0	91.623
35.8069	71.3696	0.165017	91.623
35.81	71.4521	0.0825083	91.623
35.8256	71.5347	0	91.623
35.8426	71.5759	0.0825083	91.623
35.9883	71.6584	0	91.623
35.9924	71.6997	0.0825083	91.623
36.1096	71.7822	0	91.623
36.1112	71.8234	0.0825083	91.623
36.1182	71.9059	0	91.623
36.1224	71.9059	0.165017	91.623
36.1257	71.9884	0.0825083	91.623
36.2716	72.071	0	91.623
36.2766	72.1122	0.0825083	91.623
36.2811	72.1947	0	91.623
36.2827	72.236	0.0825083	91.623
36.3449	72.3185	0	91.623
36.3761	72.3185	0	92.6702
36.3777	72.3185	0.165017	92.6702
36.3796	72.401	0.0825083	92.6702
36.5014	72.4835	0	92.6702
36.5064	72.4835	0.0825083	92.6702
36.6551	72.566	0	92.6702
36.6571	72.6073	0.0825083	92.6702
36.9497	72.6898	0	92.6702
36.9518	72.6898	0.165017	92.6702
36.9532	72.7723	0.0825083	92.6702
37.0197	72.8548	0	92.6702
37.0203	72.896	0.0825083	92.6702
37.1187	72.9785	0	92.6702
37.1242	72.9785	0.0825083	92.6702
37.1606	73.0611	0	92.6702
37.1611	73.1023	0.0825083	92.6702
37.3226	73.1848	0	92.6702
37.3268	73.2261	0.0825083	92.6702
37.3861	73.3086	0	92.6702
37.3892	73.3498	0.0825083	92.6702
37.471	73.4323	0	92.6702
37.4721	73.4323	0.165017	92.6702
37.4736	73.5149	0.0825083	92.6702
37.6657	73.5974	0	92.6702
37.6704	73.5974	0	93.7173
37.6956	73.5974	0	94.2408
37.9261	73.5974	0	95.288
37.9291	73.6386	0.0825083	95.288
38.0553	73.7211	0	95.288
38.0554	73.7211	0.165017	95.288
38.057	73.8036	0.0825083	95.288
38.1088	73.8861	0	95.288
38.1097	73.8861	0.165017	95.288
38.111	73.9686	0.0825083	95.288
38.2658	74.0512	0	95.288
38.2721	74.0512	0.0825083	95.288
38.2793	74.1337	0	95.288
38.2831	74.1749	0.0825083	95.288
38.3208	74.2574	0	95.288
38.3271	74.2987	0.0825083	95.288
38.3498	74.3812	0	95.288
38.3509	74.4224	0.0825083	95.288
38.4105	74.505	0	95.288
38.412	74.5462	0.0825083	95.288
38.4527	74.6287	0	95.288
38.4555	74.67	0.0825083	95.288
38.6075	74.7525	0	95.288
38.6108	74.7525	0.165017	95.288
38.6147	74.835	0.0825083	95.288
38.8797	74.9175	0	95.288
38.8806	74.9175	0.165017	95.288
38.882	75	0.0825083	95.288
38.9141	75.0825	0	95.288
38.917	75.1238	0.0825083	95.288
39.037	75.2063	0	95.288
39.0384	75.2475	0.0825083	95.288
39.318	75.33	0	95.288
39.3191	75.3713	0.0825083	95.288
39.322	75.4538	0	95.288
39.3237	75.495	0.0825083	95.288
39.4038	75.5776	0	95.288
39.4078	75.6188	0.0825083	95.288
39.4219	75.7013	0	95.288
39.4278	75.7013	0.0825083	95.288
39.4882	75.7838	0	95.288
39.4884	75.8251	0.0825083	95.288
39.5467	75.9076	0	95.288
39.5486	75.9076	0.165017	95.288
39.5534	75.9901	0.0825083	95.288
39.5682	76.0726	0	95.288
39.5687	76.1139	0.0825083	95.288
39.652	76.1964	0	95.288
39.6534	76.1964	0.0825083	95.288
39.7438	76.2789	0	95.288
39.7499	76.3201	0.0825083	95.288
39.9915	76.4026	0	95.288
39.9965	76.4439	0.0825083	95.288
40.1182	76.5264	0	95.288
40.1238	76.5677	0.0825083	95.288
40.2235	76.6502	0	95.288
40.228	76.6914	0.0825083	95.288
40.4877	76.7739	0	95.288
40.4889	76.8152	0.0825083	95.288
40.5636	76.8977	0	95.288
40.5646	76.9389	0.0825083	95.288
40.7202	77.0215	0	95.288
40.7213	77.0627	0.0825083	95.288
40.8471	77.1452	0	95.288
40.8488	77.1865	0.0825083	95.288
41.1382	77.269	0	95.288
41.139	77.3102	0.0825083	95.288
41.2275	77.3927	0	95.288
41.2276	77.434	0.0825083	95.288
41.2993	77.5165	0	95.288
41.2994	77.5578	0.0825083	95.288
41.9075	77.6403	0	95.288
41.9083	77.6403	0.165017	95.288
41.9089	77.7228	0.0825083	95.288
42.0927	77.8053	0	95.288
42.0979	77.8465	0.0825083	95.288
42.5352	77.929	0	95.288
42.5379	77.929	0.165017	95.288
42.5386	78.0116	0.0825083	95.288
42.5634	78.0941	0	95.288
42.5661	78.1353	0.0825083	95.288
42.584	78.2178	0	95.288
42.5853	78.2178	0.165017	95.288
42.5854	78.3003	0.0825083	95.288
42.6576	78.3828	0	95.288
42.6665	78.4241	0.0825083	95.288
42.773	78.5066	0	95.288
42.7734	78.5479	0.0825083	95.288
42.8493	78.6304	0	95.288
42.8515	78.6304	0.0825083	95.288
43.0197	78.7129	0	95.288
43.02	78.7541	0.0825083	95.288
43.2582	78.8366	0	95.288
43.2601	78.8366	0.165017	95.288
43.2612	78.9191	0.0825083	95.288
43.3604	79.0016	0	95.288
43.3617	79.0429	0.0825083	95.288
43.5014	79.1254	0	95.288
43.5029	79.1667	0.0825083	95.288
43.6096	79.2492	0	95.288
43.6097	79.2492	0.165017	95.288
43.6168	79.3317	0.0825083	95.288
43.6381	79.4142	0	95.288
43.6393	79.4142	0.0825083	95.288
43.7006	79.4967	0	95.288
43.7029	79.538	0.0825083	95.288
43.7392	79.6205	0	95.288
43.7448	79.6617	0.0825083	95.288
43.8275	79.7442	0	95.288
43.829	79.7855	0.0825083	95.288
43.8743	79.868	0	95.288
43.8743	79.868	0.165017	95.288
43.879	79.9505	0.0825083	95.288
43.8924	80.033	0	95.288
43.896	80.033	0.0825083	95.288
43.9312	80.1155	0	95.288
43.9323	80.1568	0.0825083	95.288
44.2181	80.2393	0	95.288
44.2184	80.2393	0.0825083	95.288
44.3476	80.3218	0	95.288
44.3479	80.3218	0.165017	95.288
44.357	80.4043	0.0825083	95.288
44.3995	80.4868	0	95.288
44.4125	80.5281	0.0825083	95.288
44.452	80.6106	0	95.288
44.4522	80.6106	0.165017	95.288
44.4524	80.6931	0.0825083	95.288
44.5519	80.7756	0	95.288
44.5616	80.8168	0.0825083	95.288
44.6137	80.8993	0	95.288
44.6151	80.8993	0.0825083	95.288
44.6294	80.9818	0	95.288
44.6365	80.9818	0.165017	95.288
44.638	81.0644	0.0825083	95.288
44.7452	81.1469	0	95.288
44.7456	81.1469	0.165017	95.288
44.7482	81.2294	0.0825083	95.288
45.3666	81.3119	0	95.288
45.367	81.3531	0.0825083	95.288
45.574	81.4356	0	95.288
45.5758	81.4356	0.165017	95.288
45.5761	81.5182	0.0825083	95.288
45.629	81.6007	0	95.288
45.6303	81.6007	0.0825083	95.288
45.7694	81.6832	0	95.288
45.7714	81.7244	0.0825083	95.288
45.8681	81.8069	0	95.288
45.9416	81.8069	0	96.3351
45.9433	81.8069	0.165017	96.3351
45.9466	81.8894	0.0825083	96.3351
46.0958	81.9719	0	96.3351
46.0958	82.0132	0.0825083	96.3351
46.1957	82.0957	0	96.3351
46.2025	82.0957	0.0825083	96.3351
46.247	82.1782	0	96.3351
46.264	82.1782	0	97.3822
46.2653	82.2195	0.0825083	97.3822
47.1433	82.302	0	97.3822
47.1462	82.3432	0.0825083	97.3822
47.2104	82.4257	0	97.3822
47.2127	82.467	0.0825083	97.3822
47.3656	82.5495	0	97.3822
47.3693	82.5908	0.0825083	97.3822
47.3837	82.6733	0	97.3822
47.3869	82.6733	0.165017	97.3822
47.3871	82.7558	0.0825083	97.3822
47.3966	82.8383	0	97.3822
47.3998	82.8795	0.0825083	97.3822
47.6219	82.962	0	97.3822
47.6224	82.962	0.165017	97.3822
47.6232	83.0446	0.0825083	97.3822
47.7134	83.1271	0	97.3822
47.7136	83.1271	0.165017	97.3822
47.7147	83.2096	0.0825083	97.3822
47.7503	83.2921	0	97.3822
47.7509	83.3333	0.0825083	97.3822
47.8329	83.4158	0	97.3822
47.8334	83.4158	0.165017	97.3822
47.8338	83.4984	0.0825083	97.3822
47.8347	83.5396	0.165017	97.3822
47.8369	83.6221	0.0825083	97.3822
47.8971	83.7046	0	97.3822
47.902	83.7459	0.0825083	97.3822
47.9177	83.8284	0	97.3822
47.9259	83.8696	0.0825083	97.3822
48.4641	83.9521	0	97.3822
48.4641	83.9521	0.165017	97.3822
48.4654	84.0347	0.0825083	97.3822
48.7761	84.1172	0	97.3822
48.7768	84.1584	0.0825083	97.3822
49.0243	84.2409	0	97.3822
49.0246	84.2822	0.0825083	97.3822
49.0767	84.3647	0	97.3822
49.0829	84.4059	0.0825083	97.3822
49.2163	84.4884	0	97.3822
49.2168	84.5297	0.0825083	97.3822
49.2632	84.6122	0	97.3822
49.2642	84.6535	0.0825083	97.3822
49.3052	84.736	0	97.3822
49.3077	84.7772	0.0825083	97.3822
49.3246	84.8597	0	97.3822
49.3281	84.901	0.0825083	97.3822
50.0293	84.9835	0	97.3822
50.0315	84.9835	0.165017	97.3822
50.0319	85.066	0.0825083	97.3822
50.0556	85.1485	0	97.3822
50.0586	85.1898	0.0825083	97.3822
50.263	85.2723	0	97.3822
50.2682	85.3135	0.0825083	97.3822
50.3857	85.396	0	97.3822
50.3872	85.4373	0.0825083	97.3822
50.6227	85.5198	0	97.3822
50.6258	85.5611	0.0825083	97.3822
50.7909	85.6436	0	97.3822
50.791	85.6848	0.0825083	97.3822
50.8056	85.7673	0	97.3822
50.8059	85.8086	0.0825083	97.3822
50.9709	85.8911	0	97.3822
51.3825	85.8911	0	98.4293
51.3847	85.8911	0.165017	98.4293
51.3882	85.9736	0.0825083	98.4293
52.1593	86.0561	0	98.4293
52.1628	86.0974	0.0825083	98.4293
52.163	86.1799	0	98.4293
52.1636	86.2211	0.0825083	98.4293
52.1881	86.3036	0	98.4293
52.1888	86.3449	0.0825083	98.4293
52.2526	86.4274	0	98.4293
52.2532	86.4686	0.0825083	98.4293
52.3419	86.5512	0	98.4293
52.3446	86.5924	0.0825083	98.4293
52.6663	86.6749	0	98.4293
52.6704	86.6749	0.0825083	98.4293
52.8031	86.7574	0	98.4293
52.8038	86.7574	0.165017	98.4293
52.8044	86.8399	0.0825083	98.4293
52.9272	86.9224	0	98.4293
52.9291	86.9637	0.0825083	98.4293
52.9785	87.0462	0	98.4293
52.9825	87.0875	0.0825083	98.4293
53.3978	87.17	0	98.4293
53.3998	87.2112	0.0825083	98.4293
53.8756	87.2937	0	98.4293
53.8763	87.335	0.0825083	98.4293
54.3989	87.4175	0	98.4293
54.4072	87.4587	0.0825083	98.4293
55.1761	87.5413	0	98.4293
55.1765	87.5413	0.165017	98.4293
55.1772	87.6238	0.0825083	98.4293
55.2899	87.7063	0	98.4293
55.2902	87.7475	0.0825083	98.4293
55.332	87.83	0	98.4293
55.3334	87.8713	0.0825083	98.4293
55.7258	87.9538	0	98.4293
55.7266	87.9538	0.165017	98.4293
55.7283	88.0363	0.0825083	98.4293
55.8059	88.1188	0	98.4293
55.8086	88.1601	0.0825083	98.4293
55.9865	88.2426	0	98.4293
55.9868	88.2426	0.165017	98.4293
55.9911	88.3251	0.0825083	98.4293
56.2022	88.4076	0	98.4293
56.2049	88.4488	0.0825083	98.4293
56.2484	88.5314	0	98.4293
56.2489	88.5726	0.0825083	98.4293
56.2593	88.6551	0	98.4293
56.2963	88.6551	0	98.9529
56.2973	88.6964	0.0825083	98.9529
56.6859	88.7789	0	98.9529
56.687	88.7789	0.165017	98.9529
56.6886	88.8614	0.0825083	98.9529
57.2234	88.9439	0	98.9529
57.2256	88.9851	0.0825083	98.9529
57.2782	89.0677	0	98.9529
57.2785	89.0677	0.165017	98.9529
57.2814	89.1502	0.0825083	98.9529
57.7128	89.2327	0	98.9529
57.7133	89.2327	0.165017	98.9529
57.7136	89.3152	0.0825083	98.9529
58.4378	89.3977	0	98.9529
58.4384	89.4389	0.0825083	98.9529
58.5048	89.5215	0	98.9529
58.5086	89.5215	0.0825083	98.9529
58.7755	89.604	0	98.9529
58.7769	89.6452	0.0825083	98.9529
59.1208	89.7277	0	98.9529
59.1247	89.769	0.0825083	98.9529
59.4068	89.8515	0	98.9529
59.4106	89.8927	0.0825083	98.9529
59.9765	89.9753	0	98.9529
59.9768	89.9753	0.165017	98.9529
59.9846	90.0578	0.0825083	98.9529
60.8283	90.1403	0	98.9529
61.6123	90.1403	0	100
61.6132	90.1403	0.165017	100
61.6164	90.2228	0.0825083	100
62.1546	90.3053	0	100
62.1548	90.3465	0.0825083	100
62.6676	90.429	0	100
62.6684	90.4703	0.0825083	100
62.8679	90.5528	0	100
62.8689	90.5528	0.165017	100
62.8755	90.6353	0.0825083	100
62.9924	90.7178	0	100
62.9951	90.7591	0.0825083	100
63.7702	90.8416	0	100
63.7775	90.8416	0.0825083	100
63.9802	90.9241	0	100
63.9835	90.9653	0.0825083	100
64.0843	91.0479	0	100
64.0847	91.0479	0.0825083	100
65.0897	91.1304	0	100
65.0906	91.1716	0.0825083	100
65.3846	91.2541	0	100
65.3903	91.2954	0.0825083	100
66.3367	91.3779	0	100
66.3381	91.4191	0.0825083	100
67.123	91.5016	0	100
67.1245	91.5429	0.0825083	100
67.9894	91.6254	0	100
67.9909	91.6667	0.0825083	100
68.3046	91.7492	0	100
68.3084	91.7904	0.0825083	100
68.932	91.8729	0	100
68.9329	91.8729	0.165017	100
68.9362	91.9554	0.0825083	100
70.7046	92.038	0	100
70.7047	92.038	0.0825083	100
71.2015	92.1205	0	100
71.2082	92.1617	0.0825083	100
71.273	92.2442	0	100
71.2744	92.2855	0.0825083	100
72.4606	92.368	0	100
72.4674	92.4092	0.0825083	100
73.2668	92.4918	0	100
73.2681	92.4918	0.0825083	100
74.0838	92.5743	0	100
74.0859	92.6155	0.0825083	100
75.307	92.698	0	100
75.3124	92.7393	0.0825083	100
75.5095	92.8218	0	100
75.5105	92.863	0.0825083	100
75.7305	92.9455	0	100
75.7321	92.9868	0.0825083	100
75.8398	93.0693	0	100
75.8438	93.0693	0.165017	100
75.8459	93.1518	0.0825083	100
76.8003	93.2343	0	100
76.8067	93.2343	0.165017	100
76.8077	93.3168	0.0825083	100
77.2985	93.3993	0	100
77.2988	93.4406	0.0825083	100
78.2698	93.5231	0	100
78.2729	93.5231	0.165017	100
78.2772	93.6056	0.0825083	100
78.7626	93.6881	0	100
78.7638	93.6881	0.165017	100
78.7648	93.7706	0.0825083	100
79.3485	93.8531	0	100
79.3496	93.8531	0.165017	100
79.3538	93.9356	0.0825083	100
79.6722	94.0182	0	100
79.6736	94.0594	0.0825083	100
80.3799	94.1419	0	100
80.3807	94.1419	0.165017	100
80.3835	94.2244	0.0825083	100
80.4096	94.3069	0	100
80.4102	94.3482	0.0825083	100
80.4325	94.4307	0	100
80.4339	94.4307	0.0825083	100
80.645	94.5132	0	100
80.6451	94.5545	0.0825083	100
81.319	94.637	0	100
81.3207	94.6782	0.0825083	100
81.6922	94.7607	0	100
81.7043	94.802	0.0825083	100
82.2657	94.8845	0	100
82.2669	94.9257	0.0825083	100
82.3804	95.0082	0	100
82.3829	95.0082	0.0825083	100
82.4042	95.0908	0	100
82.4068	95.0908	0.165017	100
82.407	95.1733	0.0825083	100
83.0144	95.2558	0	100
83.0174	95.297	0.0825083	100
83.7681	95.3795	0	100
83.7713	95.4208	0.0825083	100
83.7859	95.5033	0	100
83.789	95.5033	0.0825083	100
84.4671	95.5858	0	100
84.4693	95.6271	0.0825083	100
86.3116	95.7096	0	100
86.3139	95.7096	0.165017	100
86.3167	95.7921	0.0825083	100
87.3374	95.8746	0	100
87.3417	95.9158	0.0825083	100
87.6187	95.9984	0	100
87.6198	95.9984	0.0825083	100
88.865	96.0809	0	100
88.8659	96.1221	0.0825083	100
88.924	96.2046	0	100
88.9268	96.2459	0.0825083	100
90.3932	96.3284	0	100
90.3982	96.3284	0.0825083	100
90.5014	96.4109	0	100
90.5038	96.4521	0.0825083	100
91.3311	96.5347	0	100
91.3326	96.5759	0.0825083	100
91.6964	96.6584	0	100
91.7004	96.6584	0.0825083	100
92.4286	96.7409	0	100
92.4315	96.7822	0.0825083	100
92.4669	96.8647	0	100
92.468	96.9059	0.0825083	100
92.7414	96.9884	0	100
92.7423	97.0297	0.0825083	100
95.3865	97.1122	0	100
95.3866	97.1122	0.165017	100
95.3873	97.1947	0.0825083	100
95.58	97.2772	0	100
95.5813	97.3185	0.0825083	100
95.6166	97.401	0	100
95.6171	97.4422	0.0825083	100
96.1688	97.5247	0	100
96.1782	97.566	0.0825083	100
96.2735	97.6485	0	100
96.2783	97.6898	0.0825083	100
96.6593	97.7723	0	100
96.6639	97.8135	0.0825083	100
99.2231	97.896	0	100
99.2277	97.9373	0.0825083	100
100.01	98.0198	0	100
100.017	98.0611	0.0825083	100
104.26	98.1436	0	100
104.26	98.1848	0.0825083	100
105.103	98.2673	0	100
105.105	98.3086	0.0825083	100
105.244	98.3911	0	100
105.246	98.3911	0.165017	100
105.249	98.4736	0.0825083	100
109.004	98.5561	0	100
109.004	98.5974	0.0825083	100
114.395	98.6799	0	100
114.402	98.7211	0.0825083	100
118.205	98.8036	0	100
118.206	98.8449	0.0825083	100
123.871	98.9274	0	100
123.875	98.9274	0.165017	100
123.876	99.0099	0.0825083	100
132.823	99.0924	0	100
132.824	99.1337	0.0825083	100
152.281	99.2162	0	100
152.282	99.2574	0.0825083	100
159.612	99.3399	0	100
159.614	99.3812	0.0825083	100
182.426	99.4637	0	100
182.428	99.505	0.0825083	100
189.451	99.5875	0	100
189.451	99.5875	0.165017	100
189.458	99.67	0.0825083	100
195.951	99.7525	0	100
195.952	99.7937	0.0825083	100
226.617	99.8762	0	100
226.619	99.9175	0.0825083	100
