1.02271e-05	0	0	0
1.32539e-05	0	0	0
1.81183e-05	0	0	0
2.2714e-05	0	0	0
3.14837e-05	0	0	0
4.14378e-05	0	0	0
4.87745e-05	0	0	0
5.60409e-05	0	0	0
6.48464e-05	0	0	0
7.38073e-05	0	0	0
7.68818e-05	0	0	0
0.000105139	0	0	0
0.000124	0	0	0
0.000127366	0	0	0
0.000145068	0	0	0
0.000152897	0	0	0
0.000161378	0	0	0
0.000168255	0	0	0
0.000172458	0	0	0
0.000179562	0	0	0
0.00022552	0	0	0
0.000233525	0	0	0
0.000243558	0	0	0
0.000248281	0	0	0
0.000250176	0	0	0
0.000253478	0	0	0
0.000258869	0	0	0
0.000261649	0	0	0
0.000264059	0	0	0
0.000276647	0	0	0
0.000283387	0	0	0
0.000311982	0	0	0
0.000314082	0	0	0
0.000326314	0	0	0
0.000355077	0	0	0
0.000363838	0	0	0
0.00038341	0	0	0
0.000383999	0	0	0
0.00039569	0	0	0
0.000411562	0	0	0
0.000431424	0	0	0
0.000435204	0	0	0
0.000466954	0	0	0
0.000467571	0	0	0
0.000469523	0	0	0
0.000477994	0	0	0
0.000478686	0	0	0
0.000479726	0	0	0
0.000480407	0	0	0
0.000510202	0	0	0
0.000561477	0	0	0
0.000574536	0	0	0
0.000580225	0	0	0
0.000586752	0	0	0
0.000591125	0	0	0
0.000594318	0	0	0
0.000600105	0	0	0
0.000604885	0	0	0
0.000614757	0	0	0
0.000631741	0	0	0
0.000633471	0	0	0
0.00063556	0	0	0
0.00064683	0	0	0
0.000659103	0	0	0
0.000698589	0	0	0
0.000723722	0	0	0
0.000724145	0	0	0
0.0007509	0	0	0
0.000759614	0	0	0
0.000770445	0	0	0
0.000790824	0	0	0
0.00082901	0	0	0
0.000840304	0	0	0
0.000852818	0	0	0
0.000895213	0	0	0
0.000909719	0	0	0
0.0010182	0	0	0
0.00102569	0	0	0
0.0010405	0	0	0
0.00105457	0	0	0
0.00105788	0	0	0
0.00117698	0	0	0
0.00118445	0	0	0
0.00121336	0	0	0
0.00123325	0	0	0
0.00123846	0	0	0
0.0012417	0	0	0
0.0012467	0	0	0
0.00129758	0	0	0
0.00135755	0	0	0
0.001408	0	0	0
0.00142623	0	0	0
0.00145359	0	0	0
0.00148376	0	0	0
0.00150434	0	0	0
0.00154799	0	0	0
0.00158782	0	0	0
0.00158973	0	0	0
0.00159303	0	0	0
0.00161788	0	0	0
0.00162064	0	0	0
0.00162262	0	0	0
0.00165499	0	0	0
0.0016625	0	0	0
0.0017928	0	0	0
0.00179727	0	0	0
0.00184391	0	0	0
0.00189222	0	0	0
0.00189681	0	0	0
0.0019253	0	0	0
0.00194404	0	0	0
0.00195389	0	0	0
0.00203499	0	0	0
0.00205574	0	0	0
0.00215252	0	0	0
0.00216078	0	0	0
0.00220892	0	0	0
0.00224375	0	0	0
0.00226662	0	0	0
0.00229207	0	0	0
0.00235098	0	0	0
0.00236405	0	0	0
0.00240668	0	0	0
0.00249642	0	0	0
0.00255228	0	0	0
0.0026415	0	0	0
0.00265693	0	0	0
0.00267128	0	0	0
0.0026861	0	0	0
0.00271349	0	0	0
0.00272567	0	0	0
0.00278267	0	0	0
0.00285374	0	0	0
0.00287494	0	0	0
0.0028894	0	0	0
0.00296736	0	0	0
0.00306499	0	0	0
0.00309152	0	0	0
0.00310786	0	0	0
0.00313085	0	0	0
0.00325744	0	0	0
0.00327709	0	0	0
0.00328243	0	0	0
0.00331018	0	0	0
0.00341382	0	0	0
0.00362658	0	0	0
0.00365012	0	0	0
0.00367654	0	0	0
0.00375565	0	0	0
0.00383187	0	0	0
0.00389227	0	0	0
0.00393773	0	0	0
0.00410554	0	0	0
0.00412952	0	0	0
0.00414359	0	0	0
0.00414811	0	0	0
0.00415057	0	0	0
0.00417837	0	0	0
0.00418195	0	0	0
0.00429725	0	0	0
0.004298	0	0	0
0.00439525	0	0	0
0.00443942	0	0	0
0.00445061	0	0	0
0.00445247	0	0	0
0.00446848	0	0	0
0.00448453	0	0	0
0.00459212	0	0	0
0.00459699	0	0	0
0.00460467	0	0	0
0.004635	0	0	0
0.00468271	0	0	0
0.00475837	0	0	0
0.00491103	0	0	0
0.00495869	0	0	0
0.00499387	0	0	0
0.0050081	0	0	0
0.00504184	0	0	0
0.00504304	0	0	0
0.00504646	0	0	0
0.00507534	0	0	0
0.00510651	0	0	0
0.00513717	0	0	0
0.00523274	0	0	0
0.00528128	0	0	0
0.00528642	0	0	0
0.00532511	0	0	0
0.00536699	0	0	0
0.00541146	0	0	0
0.00549781	0	0	0
0.00571044	0	0	0
0.00572229	0	0	0
0.00577054	0	0	0
0.0057821	0	0	0
0.00581848	0	0	0
0.00585445	0	0	0
0.00586607	0	0	0
0.00591966	0	0	0
0.00605113	0	0	0
0.00608181	0	0	0
0.0060873	0	0	0
0.00611736	0	0	0
0.00616997	0	0	0
0.00618157	0	0	0
0.00631067	0	0	0
0.00633445	0	0	0
0.00638635	0	0	0
0.00641572	0	0	0
0.00641619	0	0	0
0.00642993	0	0	0
0.0064798	0	0	0
0.00648887	0	0	0
0.00653512	0	0	0
0.00660206	0	0	0
0.00668783	0	0	0
0.00668911	0	0	0
0.00678835	0	0	0
0.00679938	0	0	0
0.00680662	0	0	0
0.0068144	0	0	0
0.00682375	0	0	0
0.00684096	0	0	0
0.00689693	0	0	0
0.00693476	0	0	0
0.00694156	0	0	0
0.00697745	0	0	0
0.00701832	0	0	0
0.00708637	0	0	0
0.00718645	0	0	0
0.00726767	0	0	0
0.00729983	0	0	0
0.00730144	0	0	0
0.00733407	0	0	0
0.00734297	0	0	0
0.00741723	0	0	0
0.00751393	0	0	0
0.00758268	0	0	0
0.00765354	0	0	0
0.00769971	0	0	0
0.00772601	0	0	0
0.00773611	0	0	0
0.00779393	0	0	0
0.00785935	0	0	0
0.00786118	0	0	0
0.00796172	0	0	0
0.00802996	0	0	0
0.0080999	0	0	0
0.00825533	0	0	0
0.00827058	0	0	0
0.0083111	0	0	0
0.00832445	0	0	0
0.008432	0	0	0
0.00850734	0	0	0
0.00853724	0	0	0
0.00856621	0	0	0
0.00858877	0	0	0
0.00897571	0	0	0
0.00906079	0	0	0
0.00910198	0	0	0
0.00917502	0	0	0
0.00940372	0	0	0
0.00941094	0	0	0
0.00944652	0	0	0
0.00947924	0	0	0
0.00949071	0	0	0
0.00953978	0	0	0
0.00965253	0	0	0
0.00974904	0	0	0
0.00977259	0	0	0
0.00984726	0	0	0
0.00988012	0	0	0
0.00992668	0	0	0
0.00993804	0	0	0
0.00998259	0	0	0
0.0100061	0	0	0
0.0101016	0	0	0
0.0101106	0	0	0
0.0102373	0	0	0
0.0102574	0	0	0
0.0103414	0	0	0
0.010399	0	0	0
0.0104325	0	0	0
0.0104534	0	0	0
0.0104578	0	0	0
0.0104727	0	0	0
0.0105503	0	0	0
0.0106479	0	0	0
0.0107655	0	0	0
0.010818	0	0	0
0.0108231	0	0	0
0.0109106	0	0	0
0.0109449	0	0	0
0.0110122	0	0	0
0.0110311	0	0	0
0.0111008	0	0	0
0.011123	0	0	0
0.0111311	0	0	0
0.0111479	0	0	0
0.0111641	0	0	0
0.0111731	0	0	0
0.011233	0	0	0
0.0112339	0	0	0
0.0113012	0	0	0
0.01131	0	0	0
0.0113484	0	0	0
0.0113655	0	0	0
0.0114292	0	0	0
0.0114991	0	0	0
0.0115233	0	0	0
0.0115403	0	0	0
0.0115517	0	0	0
0.0115807	0	0	0
0.0116119	0	0	0
0.0116662	0	0	0
0.0117009	0	0	0
0.0117078	0	0	0
0.0117264	0	0	0
0.0117274	0	0	0
0.0119547	0	0	0
0.0119873	0	0	0
0.0119959	0	0	0
0.0120148	0	0	0
0.0120208	0	0	0
0.0120316	0	0	0
0.0120618	0	0	0
0.0121679	0	0	0
0.0121874	0	0	0
0.012202	0	0	0
0.012207	0	0	0
0.0122114	0	0	0
0.0122177	0	0	0
0.0122207	0	0	0
0.0122565	0	0	0
0.0122684	0	0	0
0.0123041	0	0	0
0.0123124	0	0	0
0.01232	0	0	0
0.0123819	0	0	0
0.0125212	0	0	0
0.0125249	0	0	0
0.0125615	0	0	0
0.0125637	0	0	0
0.0125664	0	0	0
0.0126055	0	0	0
0.0127381	0	0	0
0.0127462	0	0	0
0.012794	0	0	0
0.0127984	0	0	0
0.012848	0	0	0
0.0128577	0	0	0
0.0128608	0	0	0
0.0128794	0	0	0
0.0128817	0	0	0
0.0129271	0	0	0
0.0129397	0	0	0
0.0129815	0	0	0
0.012985	0	0	0
0.0130026	0	0	0
0.0130484	0	0	0
0.0130507	0	0	0
0.0130646	0	0	0
0.0131198	0	0	0
0.0131208	0	0	0
0.0131869	0	0	0
0.0132112	0	0	0
0.0132223	0	0	0
0.0132539	0	0	0
0.0132598	0	0	0
0.0132806	0	0	0
0.0132871	0	0	0
0.0133003	0	0	0
0.0133517	0	0	0
0.0134452	0	0	0
0.0134763	0	0	0
0.013484	0	0	0
0.0135165	0	0	0
0.0135272	0	0	0
0.0135342	0	0	0
0.0135397	0	0	0
0.0135443	0	0	0
0.0135514	0	0	0
0.0135629	0	0	0
0.013582	0	0	0
0.0136291	0	0	0
0.0137484	0	0	0
0.0138178	0	0	0
0.0138179	0	0	0
0.0138451	0	0	0
0.0138566	0	0	0
0.0138642	0	0	0
0.0138822	0	0	0
0.0138856	0	0	0
0.0139474	0	0	0
0.0140187	0	0	0
0.0140449	0	0	0
0.014063	0	0	0
0.0140745	0	0	0
0.014106	0	0	0
0.0141427	0	0	0
0.0141445	0	0	0
0.0141665	0	0	0
0.0141714	0	0	0
0.0142145	0	0	0
0.0142285	0	0	0
0.0142503	0	0	0
0.0142762	0	0	0
0.014292	0	0	0
0.0142934	0	0	0
0.0143081	0	0	0
0.0143345	0	0	0
0.0143663	0	0	0
0.0143739	0	0	0
0.0143792	0	0	0
0.0143857	0	0	0
0.0144138	0	0	0
0.0144531	0	0	0
0.0144614	0	0	0
0.0144665	0	0	0
0.0144983	0	0	0
0.0145327	0	0	0
0.0145608	0	0	0
0.014645	0	0	0
0.0146461	0	0	0
0.0146652	0	0	0
0.0146748	0	0	0
0.0146881	0	0	0
0.0146935	0	0	0
0.0146996	0	0	0
0.0147287	0	0	0
0.01474	0	0	0
0.014757	0	0	0
0.0147974	0	0	0
0.0147984	0	0	0
0.0148217	0	0	0
0.0148382	0	0	0
0.0148554	0	0	0
0.0148687	0	0	0
0.0148932	0	0	0
0.014928	0	0	0
0.0149601	0	0	0
0.0150309	0	0	0
0.0150413	0	0	0
0.0150454	0	0	0
0.0150846	0	0	0
0.0150868	0	0	0
0.0151342	0	0	0
0.0151667	0	0	0
0.015185	0	0	0
0.0152282	0	0	0
0.0152425	0	0	0
0.015279	0	0	0
0.015291	0	0	0
0.0153416	0	0	0
0.0153667	0	0	0
0.0153721	0	0	0
0.0153836	0	0	0
0.0153973	0	0	0
0.0154203	0	0	0
0.0154438	0	0	0
0.0154645	0	0	0
0.0155184	0	0	0
0.0155324	0	0	0
0.0155367	0	0	0
0.0155554	0	0	0
0.0155872	0	0	0
0.0157063	0	0	0
0.0157357	0	0	0
0.0157738	0	0	0
0.0158084	0	0	0
0.0158096	0	0	0
0.0158365	0	0	0
0.0158615	0	0	0
0.0158797	0	0	0
0.0159261	0	0	0
0.015962	0	0	0
0.0161195	0	0	0
0.016136	0	0	0
0.0162367	0	0	0
0.0162931	0	0	0
0.0163022	0	0	0
0.0163156	0	0	0
0.0163579	0	0	0
0.0164065	0	0	0
0.0164261	0	0	0
0.0164778	0	0	0
0.0164877	0	0	0
0.016504	0	0	0
0.0165457	0	0	0
0.0166406	0	0	0
0.0166419	0	0	0
0.0166969	0	0	0
0.0168582	0	0	0
0.0168864	0	0	0
0.016953	0	0	0
0.0169614	0	0	0
0.017051	0	0	0
0.0170694	0	0	0
0.0171422	0	0	0
0.017165	0	0	0
0.0171876	0	0	0
0.0172174	0	0	0
0.0172409	0	0	0
0.0172529	0	0	0
0.0172805	0	0	0
0.0172978	0	0	0
0.017364	0	0	0
0.0173927	0	0	0
0.0174279	0	0	0
0.0174471	0	0	0
0.0174757	0	0	0
0.0174852	0	0	0
0.0174942	0	0	0
0.0175234	0	0	0
0.0175388	0	0	0
0.0176128	0	0	0
0.0176508	0	0	0
0.0176513	0	0	0
0.0176693	0	0	0
0.0177031	0	0	0
0.0177755	0	0	0
0.0178966	0	0	0
0.0179037	0	0	0
0.01793	0	0	0
0.0179479	0	0	0
0.0179547	0	0	0
0.0179993	0	0	0
0.0180061	0	0	0
0.0180526	0	0	0
0.0180558	0	0	0
0.0180898	0	0	0
0.0181009	0	0	0
0.0181275	0	0	0
0.0181374	0	0	0
0.0181422	0	0	0
0.0181602	0	0	0
0.0181765	0	0	0
0.0182317	0	0	0
0.0182833	0	0	0
0.0182856	0	0	0
0.018295	0	0	0
0.0183273	0	0	0
0.0183666	0	0	0
0.0183994	0	0	0
0.0184621	0	0	0
0.0185419	0	0	0
0.0185425	0	0	0
0.0185501	0	0	0
0.0185929	0	0	0
0.0186141	0	0	0
0.0187032	0	0	0
0.0187141	0	0	0
0.0187206	0	0	0
0.0187473	0	0	0
0.0187558	0	0	0
0.0187564	0	0	0
0.0187636	0	0	0
0.018774	0	0	0
0.0188095	0	0	0
0.0188399	0	0	0
0.0188883	0	0	0
0.0189814	0	0	0
0.0190035	0	0	0
0.0190391	0	0	0
0.0190985	0	0	0
0.0191331	0	0	0
0.0191847	0	0	0
0.0191922	0	0	0
0.0191948	0	0	0
0.0192459	0	0	0
0.0192488	0	0	0
0.0192903	0	0	0
0.0192991	0	0	0
0.0193108	0	0	0
0.0193455	0	0	0
0.0193521	0	0	0
0.0193743	0	0	0
0.0193987	0	0	0
0.0194381	0	0	0
0.0194573	0	0	0
0.0195932	0	0	0
0.0196197	0	0	0
0.0196432	0	0	0
0.0196873	0	0	0
0.0196956	0	0	0
0.0197068	0	0	0
0.0197365	0	0	0
0.0198589	0	0	0
0.0198673	0	0	0
0.0199217	0	0	0
0.0199727	0	0	0
0.0200196	0	0	0
0.0201018	0	0	0
0.0201432	0	0	0
0.0202348	0	0	0
0.0202663	0	0	0
0.0203636	0	0	0
0.0203922	0	0	0
0.020433	0	0	0
0.0204354	0	0	0
0.0208091	0	0	0
0.0208403	0	0	0
0.0208766	0	0	0
0.0209526	0	0	0
0.0209835	0	0	0
0.0209837	0	0	0
0.0210112	0	0	0
0.0210557	0	0	0
0.0210823	0	0	0
0.0210864	0	0	0
0.0210922	0	0	0
0.0210975	0	0	0
0.0212321	0	0	0
0.0212801	0	0	0
0.0213501	0	0	0
0.0213794	0	0	0
0.0213926	0	0	0
0.0213971	0	0	0
0.0217901	0	0	0
0.0218318	0	0	0
0.021893	0	0	0
0.0222269	0	0	0
0.0223215	0	0	0
0.0223294	0	0	0
0.0223313	0	0	0
0.0223386	0	0	0
0.0224353	0	0	0
0.0224987	0	0	0
0.0228825	0	0	0
0.0229299	0	0	0
0.0229719	0	0	0
0.0230153	0	0	0
0.023191	0	0	0
0.0232072	0	0	0
0.0232207	0	0	0
0.0232294	0	0	0
0.0236488	0	0	0
0.0236499	0	0	0
0.0236546	0	0	0
0.023737	0	0	0
0.0237414	0	0	0
0.0238043	0	0	0
0.0238114	0	0	0
0.0239504	0	0	0
0.0241132	0	0	0
0.0242376	0	0	0
0.0242715	0	0	0
0.0244597	0	0	0
0.0244673	0	0	0
0.0247701	0	0	0
0.0250035	0	0	0
0.025155	0	0	0
0.0252631	0	0	0
0.02566	0	0	0
0.0256778	0	0	0
0.0258379	0	0	0
0.0260142	0	0	0
0.0262513	0	0	0
0.0263191	0	0	0
0.0264898	0	0	0
0.0265681	0	0	0
0.0267515	0	0	0
0.027207	0	0	0
0.0272806	0	0	0
0.0275111	0	0	0
0.0276114	0	0	0
0.0283868	0	0	0
0.0284424	0	0	0
0.0286624	0	0	0
0.0288104	0	0	0
0.0288293	0	0	0
0.028979	0	0	0
0.029096	0	0	0
0.0292112	0	0	0
0.0294378	0	0	0
0.0295208	0	0	0
0.0295503	0	0	0
0.0295553	0	0	0
0.0296596	0	0	0
0.0299399	0	0	0
0.0300179	0	0	0
0.0300361	0	0	0
0.0303276	0	0	0
0.0303304	0	0	0
0.0305769	0	0	0
0.0306793	0	0	0
0.0307429	0	0	0
0.0310753	0	0	0
0.0313006	0	0	0
0.0313197	0	0	0
0.0315201	0	0	0
0.0315546	0	0	0
0.0316016	0	0	0
0.0318193	0	0	0
0.0323012	0	0	0
0.0323165	0	0	0
0.0324774	0	0	0
0.0326056	0	0	0
0.0328091	0	0	0
0.0328692	0	0	0
0.0329601	0	0	0
0.0329986	0	0	0
0.0330789	0	0	0
0.0330837	0	0	0
0.0331895	0	0	0
0.0333504	0	0	0
0.0334313	0	0	0
0.0336202	0	0	0
0.0336819	0	0	0
0.0339859	0	0	0
0.0346948	0	0	0
0.0351688	0	0	0
0.0363132	0	0	0
0.0367307	0	0	0
0.0368902	0	0	0
0.0370256	0	0	0
0.0371727	0	0	0
0.037366	0	0	0
0.0381744	0	0	0
0.0384652	0	0	0
0.0393362	0	0	0
0.0398916	0	0	0
0.0405294	0	0	0
0.0405914	0	0	0
0.0408041	0	0	0
0.041008	0	0	0
0.0411592	0	0	0
0.0416153	0	0	0
0.0416817	0	0	0
0.0417037	0	0	0
0.0421653	0	0	0
0.0432001	0	0	0
0.0432416	0	0	0
0.0437462	0	0	0
0.0440115	0	0	0
0.0443812	0	0	0
0.0450298	0	0	0
0.0461348	0	0	0
0.0466157	0	0	0
0.0501094	0	0	0
0.0507513	0	0	0
0.0532913	0	0	0
0.0885055	0	0	0
0.0960105	0	0	0
0.109133	0	0	0
0.141773	0	0	0
0.146098	0	0	0
0.147153	0	0.165017	0
0.147242	0.0825083	0.0825083	0
0.147547	0.0825083	0.0825083	0
0.149807	0.165017	0	0
0.18199	0.165017	0	0
0.193351	0.165017	0	0
0.195405	0.165017	0.165017	0
0.195859	0.247525	0.0825083	0
0.231062	0.330033	0	0
0.232774	0.371287	0.0825083	0
0.235382	0.453795	0	0
0.237299	0.49505	0.0825083	0
0.261003	0.577558	0	0
0.261852	0.618812	0.0825083	0
0.265581	0.70132	0	0
0.31165	0.70132	0	0
0.31305	0.742574	0.0825083	0
0.338426	0.825082	0	0
0.361434	0.825082	0	0
0.362928	0.866337	0.0825083	0
0.368648	0.948845	0	0
0.373556	0.948845	0	0
0.412518	0.948845	0	0.125471
0.41677	0.990099	0.0825083	0.125471
0.419179	1.07261	0	0.125471
0.419767	1.07261	0.165017	0.125471
0.423357	1.15512	0.0825083	0.125471
0.42516	1.23762	0	0.125471
0.427374	1.27888	0.0825083	0.125471
0.439707	1.36139	0	0.125471
0.440231	1.40264	0.0825083	0.125471
0.442463	1.48515	0	0.125471
0.464743	1.48515	0	0.125471
0.473118	1.48515	0	0.250941
0.485063	1.48515	0	0.376412
0.498567	1.48515	0	0.501882
0.499256	1.48515	0.165017	0.501882
0.50221	1.56766	0.0825083	0.501882
0.511355	1.65016	0	0.501882
0.513155	1.65016	0.165017	0.501882
0.514148	1.73267	0.0825083	0.501882
0.539455	1.81518	0	0.501882
0.545129	1.81518	0	0.501882
0.614173	1.81518	0	0.627353
0.615443	1.81518	0.0825083	0.627353
0.615904	1.81518	0.0825083	0.752823
0.643142	1.89769	0	0.752823
0.649032	1.89769	0	0.752823
0.649735	1.89769	0.165017	0.752823
0.650003	1.9802	0.0825083	0.752823
0.652673	2.06271	0	0.752823
0.653066	2.10396	0.0825083	0.752823
0.660571	2.18647	0	0.752823
0.713837	2.18647	0	0.878294
0.730896	2.18647	0	1.00376
0.735763	2.18647	0.0825083	1.00376
0.735988	2.18647	0.165017	1.00376
0.736945	2.18647	0.165017	1.00376
0.740917	2.26898	0.0825083	1.00376
0.760159	2.35149	0	1.00376
0.760501	2.35149	0	1.12923
0.765561	2.35149	0	1.12923
0.800631	2.35149	0	1.12923
0.802541	2.35149	0	1.25471
0.816137	2.35149	0	1.38018
0.817444	2.35149	0.0825083	1.38018
0.84701	2.43399	0	1.38018
0.847825	2.47525	0.0825083	1.38018
0.8823	2.55776	0	1.38018
0.883175	2.59901	0.0825083	1.38018
0.903705	2.68152	0	1.38018
0.905089	2.68152	0.0825083	1.38018
0.941538	2.76403	0	1.38018
0.943056	2.80528	0.0825083	1.38018
0.948872	2.88779	0	1.38018
0.952242	2.88779	0	1.38018
0.961305	2.88779	0.0825083	1.38018
0.991311	2.9703	0	1.38018
0.99135	3.01155	0.0825083	1.38018
0.992336	3.09406	0	1.38018
1.00244	3.09406	0	1.38018
1.0203	3.09406	0	1.63112
1.02034	3.09406	0.165017	1.63112
1.02105	3.17657	0.0825083	1.63112
1.03321	3.25908	0	1.63112
1.03705	3.30033	0.0825083	1.63112
1.03762	3.30033	0.165017	1.63112
1.03811	3.38284	0.0825083	1.63112
1.06733	3.46535	0	1.63112
1.06867	3.5066	0.0825083	1.63112
1.11107	3.58911	0	1.63112
1.12348	3.58911	0	1.75659
1.12629	3.58911	0.0825083	1.75659
1.1368	3.67162	0	1.75659
1.13821	3.71287	0.0825083	1.75659
1.13918	3.79538	0	1.75659
1.1396	3.79538	0.0825083	1.75659
1.1656	3.87789	0	1.75659
1.16716	3.91914	0.0825083	1.75659
1.17755	4.00165	0	1.75659
1.18194	4.0429	0.0825083	1.75659
1.18454	4.12541	0	1.75659
1.18671	4.16667	0.0825083	1.75659
1.19506	4.24918	0	1.75659
1.19512	4.29043	0.0825083	1.75659
1.2613	4.37294	0	1.75659
1.2625	4.41419	0.0825083	1.75659
1.27896	4.4967	0	1.75659
1.28515	4.4967	0	1.75659
1.30165	4.4967	0	1.88206
1.30531	4.4967	0.165017	1.88206
1.31412	4.57921	0.0825083	1.88206
1.3145	4.66172	0	1.88206
1.31503	4.70297	0.0825083	1.88206
1.35083	4.78548	0	1.88206
1.35529	4.78548	0.165017	1.88206
1.35628	4.86799	0.0825083	1.88206
1.37224	4.9505	0	1.88206
1.37357	4.9505	0.165017	1.88206
1.37446	5.033	0.0825083	1.88206
1.37459	5.033	0.0825083	2.00753
1.38609	5.033	0.0825083	2.133
1.42013	5.11551	0	2.133
1.46272	5.11551	0	2.133
1.46611	5.15677	0.0825083	2.133
1.47877	5.23927	0	2.133
1.48223	5.23927	0	2.25847
1.51937	5.23927	0	2.38394
1.5195	5.23927	0.165017	2.38394
1.52538	5.32178	0.0825083	2.38394
1.52591	5.32178	0.0825083	2.38394
1.63346	5.40429	0	2.38394
1.65004	5.40429	0	2.50941
1.65139	5.44554	0.0825083	2.50941
1.70856	5.52805	0	2.50941
1.71025	5.52805	0.165017	2.50941
1.71229	5.61056	0.0825083	2.50941
1.71524	5.69307	0	2.50941
1.74417	5.69307	0	2.63488
1.75036	5.73432	0.0825083	2.63488
1.76715	5.81683	0	2.63488
1.81775	5.81683	0	2.76035
1.81955	5.85809	0.0825083	2.76035
1.82904	5.94059	0	2.76035
1.82952	5.98185	0.0825083	2.76035
1.83456	6.06436	0	2.76035
1.83459	6.10561	0.0825083	2.76035
1.83997	6.10561	0.0825083	2.88582
1.84653	6.18812	0	2.88582
1.84731	6.18812	0.165017	2.88582
1.84856	6.27063	0.0825083	2.88582
1.85944	6.35314	0	2.88582
1.85959	6.35314	0.0825083	2.88582
1.85991	6.39439	0.165017	2.88582
1.86071	6.4769	0.0825083	2.88582
1.86455	6.55941	0	2.88582
1.86639	6.60066	0.0825083	2.88582
1.87539	6.68317	0	2.88582
1.89725	6.68317	0	3.01129
1.90074	6.72442	0.0825083	3.01129
1.90177	6.72442	0.0825083	3.01129
1.90719	6.80693	0	3.01129
1.90905	6.80693	0.0825083	3.01129
1.9156	6.88944	0	3.01129
1.91599	6.88944	0.165017	3.01129
1.91652	6.97195	0.0825083	3.01129
1.97358	7.05446	0	3.01129
1.97665	7.05446	0	3.13676
1.99089	7.05446	0	3.13676
1.99092	7.05446	0	3.13676
1.991	7.05446	0.165017	3.13676
1.99418	7.13696	0.0825083	3.13676
2.0028	7.21947	0	3.13676
2.01494	7.21947	0	3.26223
2.04916	7.21947	0	3.3877
2.05401	7.26073	0.0825083	3.3877
2.05667	7.34323	0	3.3877
2.05774	7.34323	0.165017	3.3877
2.05955	7.42574	0.0825083	3.3877
2.07152	7.50825	0	3.3877
2.08142	7.50825	0	3.51317
2.09488	7.50825	0	3.51317
2.1	7.5495	0.0825083	3.51317
2.10306	7.63201	0	3.51317
2.10391	7.63201	0.165017	3.51317
2.10446	7.71452	0.0825083	3.51317
2.11714	7.79703	0	3.51317
2.11911	7.79703	0	3.63864
2.11953	7.79703	0.165017	3.63864
2.12079	7.87954	0.0825083	3.63864
2.12434	7.96205	0	3.63864
2.12456	8.0033	0.0825083	3.63864
2.12988	8.08581	0	3.63864
2.13102	8.08581	0	3.76412
2.16614	8.08581	0	3.88959
2.16691	8.08581	0	4.01506
2.16999	8.08581	0.165017	4.01506
2.17347	8.16832	0.0825083	4.01506
2.20321	8.25082	0	4.01506
2.22141	8.25082	0	4.14053
2.22756	8.25082	0	4.14053
2.22859	8.29208	0.0825083	4.14053
2.23509	8.37459	0	4.14053
2.23631	8.37459	0.165017	4.14053
2.23668	8.4571	0.0825083	4.14053
2.25322	8.5396	0	4.14053
2.25455	8.5396	0	4.14053
2.25787	8.5396	0	4.266
2.2582	8.5396	0.0825083	4.266
2.27103	8.62211	0	4.266
2.27249	8.62211	0.165017	4.266
2.27561	8.70462	0.0825083	4.266
2.31072	8.78713	0	4.266
2.31494	8.78713	0	4.51694
2.31642	8.78713	0.0825083	4.51694
2.31912	8.78713	0.0825083	4.51694
2.32712	8.86964	0	4.51694
2.33117	8.86964	0	4.64241
2.33161	8.91089	0.0825083	4.64241
2.35675	8.9934	0	4.64241
2.36156	8.9934	0	4.76788
2.38721	8.9934	0	4.76788
2.39531	8.9934	0	4.89335
2.43082	8.9934	0	4.89335
2.45894	8.9934	0	5.01882
2.49193	8.9934	0	5.01882
2.4926	9.03465	0.0825083	5.01882
2.57319	9.11716	0	5.01882
2.57491	9.15842	0.0825083	5.01882
2.61235	9.24092	0	5.01882
2.61645	9.28218	0.0825083	5.01882
2.63616	9.36469	0	5.01882
2.6413	9.40594	0.0825083	5.01882
2.64155	9.48845	0	5.01882
2.64316	9.5297	0.0825083	5.01882
2.65038	9.61221	0	5.01882
2.65061	9.65347	0.0825083	5.01882
2.69267	9.73597	0	5.01882
2.69336	9.73597	0.165017	5.01882
2.69384	9.73597	0.330033	5.01882
2.69446	9.81848	0.247525	5.01882
2.69622	9.90099	0.165017	5.01882
2.6967	9.9835	0.0825083	5.01882
2.7021	9.9835	0.0825083	5.14429
2.70436	10.066	0	5.14429
2.70495	10.066	0.0825083	5.14429
2.7125	10.1485	0	5.14429
2.71344	10.1485	0.165017	5.14429
2.71461	10.231	0.0825083	5.14429
2.71984	10.231	0.0825083	5.26976
2.73584	10.3135	0	5.26976
2.75367	10.3135	0	5.39523
2.7704	10.3135	0	5.39523
2.77314	10.3548	0.0825083	5.39523
2.7734	10.3548	0.165017	5.39523
2.77498	10.4373	0.0825083	5.39523
2.77739	10.5198	0	5.39523
2.85475	10.5198	0	5.39523
2.90037	10.5198	0	5.5207
2.90826	10.5198	0	5.64617
2.91067	10.5611	0.0825083	5.64617
2.91182	10.5611	0.247525	5.64617
2.91229	10.6436	0.165017	5.64617
2.91442	10.7261	0.0825083	5.64617
2.91822	10.8086	0	5.64617
2.92192	10.8498	0.0825083	5.64617
2.92278	10.9323	0	5.64617
2.92287	10.9323	0.165017	5.64617
2.92403	11.0149	0.0825083	5.64617
2.92473	11.0974	0	5.64617
2.93662	11.1386	0.0825083	5.64617
2.94888	11.2211	0	5.64617
2.96091	11.2211	0	5.64617
2.96554	11.2211	0	5.77164
2.96909	11.2624	0.0825083	5.77164
2.99793	11.3449	0	5.77164
2.99803	11.3861	0.0825083	5.77164
3.00995	11.4686	0	5.77164
3.02713	11.4686	0	5.89711
3.0296	11.4686	0	6.02258
3.04758	11.4686	0	6.02258
3.05509	11.4686	0	6.14806
3.05639	11.4686	0	6.399
3.13168	11.4686	0	6.52447
3.13929	11.4686	0	6.52447
3.14134	11.4686	0.0825083	6.52447
3.15495	11.5512	0	6.52447
3.15815	11.5924	0.0825083	6.52447
3.16765	11.6749	0	6.52447
3.18044	11.6749	0	6.64994
3.185	11.7162	0.0825083	6.64994
3.19691	11.7987	0	6.64994
3.19828	11.7987	0.165017	6.64994
3.20013	11.8812	0.0825083	6.64994
3.206	11.9637	0	6.64994
3.2064	12.005	0.0825083	6.64994
3.20748	12.005	0.0825083	6.64994
3.21524	12.0875	0	6.64994
3.2187	12.0875	0	6.64994
3.22843	12.0875	0	6.90088
3.22933	12.1287	0.0825083	6.90088
3.22945	12.2112	0	6.90088
3.24816	12.2112	0	6.90088
3.25412	12.2112	0	6.90088
3.25909	12.2112	0	7.02635
3.26019	12.2112	0.0825083	7.02635
3.27827	12.2937	0	7.02635
3.27847	12.335	0.0825083	7.02635
3.29363	12.4175	0	7.02635
3.30932	12.4175	0	7.15182
3.32195	12.4175	0	7.15182
3.32404	12.4587	0.0825083	7.15182
3.3319	12.5413	0	7.15182
3.33366	12.5825	0.0825083	7.15182
3.3461	12.665	0	7.15182
3.34934	12.665	0	7.15182
3.35872	12.665	0	7.15182
3.37728	12.665	0	7.15182
3.37841	12.665	0	7.27729
3.3987	12.665	0	7.40276
3.42582	12.665	0	7.52823
3.4301	12.665	0	7.6537
3.43178	12.665	0.0825083	7.6537
3.43709	12.7475	0	7.6537
3.43722	12.7475	0.0825083	7.6537
3.44125	12.83	0	7.6537
3.4432	12.83	0.165017	7.6537
3.44426	12.9125	0.0825083	7.6537
3.46025	12.995	0	7.6537
3.48222	12.995	0	7.77917
3.49492	12.995	0	7.77917
3.49541	12.995	0.0825083	7.77917
3.55126	13.0776	0	7.77917
3.55209	13.1188	0.0825083	7.77917
3.57224	13.2013	0	7.77917
3.57652	13.2013	0	7.90464
3.57753	13.2426	0.0825083	7.90464
3.59514	13.3251	0	7.90464
3.59719	13.3251	0	8.03011
3.60553	13.3663	0.0825083	8.03011
3.6145	13.4488	0	8.03011
3.61809	13.4488	0	8.03011
3.62068	13.4488	0	8.03011
3.62147	13.4488	0.165017	8.03011
3.62164	13.5314	0.0825083	8.03011
3.67238	13.6139	0	8.03011
3.68126	13.6139	0	8.15558
3.68372	13.6139	0.165017	8.15558
3.6841	13.6964	0.0825083	8.15558
3.69344	13.7789	0	8.15558
3.71056	13.7789	0	8.28105
3.71812	13.7789	0	8.40652
3.74426	13.7789	0	8.53199
3.74438	13.7789	0.0825083	8.53199
3.7464	13.8614	0	8.53199
3.75684	13.8614	0	8.65747
3.75776	13.8614	0	8.78294
3.75805	13.8614	0	8.90841
3.76559	13.8614	0	9.03388
3.78439	13.8614	0	9.03388
3.78586	13.8614	0	9.03388
3.79533	13.8614	0	9.03388
3.79816	13.8614	0.165017	9.03388
3.80016	13.9439	0.0825083	9.03388
3.8033	13.9439	0.0825083	9.03388
3.83851	14.0264	0	9.03388
3.84305	14.0264	0	9.15935
3.84543	14.0677	0.0825083	9.15935
3.86353	14.1502	0	9.15935
3.86611	14.1502	0	9.15935
3.8754	14.1502	0	9.28482
3.87609	14.1502	0	9.41029
3.92186	14.1502	0	9.53576
3.96301	14.1502	0	9.66123
4.00984	14.1502	0	9.7867
4.0123	14.1914	0.0825083	9.7867
4.06096	14.2739	0	9.7867
4.07113	14.2739	0	10.0376
4.11254	14.2739	0	10.1631
4.11441	14.2739	0.165017	10.1631
4.11461	14.3564	0.0825083	10.1631
4.18918	14.4389	0	10.1631
4.19039	14.4389	0.165017	10.1631
4.19084	14.5215	0.0825083	10.1631
4.20646	14.604	0	10.1631
4.20804	14.6452	0.0825083	10.1631
4.20981	14.6452	0.0825083	10.2886
4.23175	14.7277	0	10.2886
4.23263	14.7277	0.165017	10.2886
4.23311	14.8102	0.0825083	10.2886
4.2463	14.8927	0	10.2886
4.2466	14.8927	0.165017	10.2886
4.24676	14.9752	0.0825083	10.2886
4.27617	15.0578	0	10.2886
4.27992	15.0578	0	10.4141
4.28125	15.0578	0.165017	10.4141
4.28132	15.1403	0.0825083	10.4141
4.29327	15.2228	0	10.4141
4.29487	15.2228	0	10.5395
4.30099	15.264	0.0825083	10.5395
4.32543	15.3465	0	10.5395
4.32705	15.3878	0.0825083	10.5395
4.33278	15.4703	0	10.5395
4.34359	15.4703	0	10.5395
4.34432	15.4703	0.165017	10.5395
4.34477	15.4703	0.165017	10.5395
4.34492	15.4703	0.165017	10.665
4.3466	15.5528	0.0825083	10.665
4.3527	15.6353	0	10.665
4.3629	15.6353	0	10.665
4.3633	15.6766	0.0825083	10.665
4.36914	15.7591	0	10.665
4.38841	15.7591	0	10.665
4.38893	15.7591	0	10.7905
4.45018	15.7591	0	10.9159
4.45405	15.7591	0	10.9159
4.45451	15.8003	0.0825083	10.9159
4.48763	15.8828	0	10.9159
4.50328	15.8828	0	11.0414
4.51056	15.8828	0	11.1669
4.51646	15.8828	0	11.2923
4.51663	15.9241	0.0825083	11.2923
4.55417	16.0066	0	11.2923
4.55501	16.0066	0.165017	11.2923
4.55755	16.0891	0.0825083	11.2923
4.55822	16.1304	0.165017	11.2923
4.56132	16.2129	0.0825083	11.2923
4.56474	16.2954	0	11.2923
4.56782	16.3366	0.0825083	11.2923
4.57697	16.4191	0	11.2923
4.57826	16.4191	0	11.4178
4.58113	16.4604	0.0825083	11.4178
4.59885	16.5429	0	11.4178
4.61126	16.5429	0	11.5433
4.61595	16.5429	0.165017	11.5433
4.61661	16.6254	0.0825083	11.5433
4.617	16.7079	0	11.5433
4.62787	16.7079	0	11.6688
4.64705	16.7079	0	11.7942
4.66567	16.7079	0	11.9197
4.66784	16.7492	0.0825083	11.9197
4.67709	16.8317	0	11.9197
4.67751	16.8729	0.0825083	11.9197
4.69323	16.9554	0	11.9197
4.71753	16.9554	0	12.0452
4.73201	16.9554	0	12.1706
4.73305	16.9554	0.165017	12.1706
4.7376	17.038	0.0825083	12.1706
4.73877	17.1205	0	12.1706
4.75996	17.1205	0	12.2961
4.76014	17.1617	0.0825083	12.2961
4.78533	17.2442	0	12.2961
4.7854	17.2442	0.165017	12.2961
4.79039	17.3267	0.0825083	12.2961
4.79541	17.4092	0	12.2961
4.80296	17.4092	0	12.4216
4.80381	17.4505	0.0825083	12.4216
4.80521	17.533	0	12.4216
4.84164	17.533	0	12.5471
4.84484	17.533	0	12.5471
4.86455	17.533	0	12.6725
4.86489	17.533	0.165017	12.6725
4.86509	17.6155	0.0825083	12.6725
4.87823	17.698	0	12.6725
4.88065	17.7393	0.0825083	12.6725
4.92175	17.8218	0	12.6725
4.93031	17.8218	0	12.6725
4.93062	17.863	0.0825083	12.6725
4.94883	17.9455	0	12.6725
4.94886	17.9455	0.165017	12.6725
4.94906	18.0281	0.0825083	12.6725
4.95336	18.1106	0	12.6725
4.9542	18.1106	0.165017	12.6725
4.95493	18.1931	0.0825083	12.6725
4.9642	18.2756	0	12.6725
4.96471	18.2756	0	12.798
4.98676	18.2756	0	12.9235
4.99556	18.2756	0	13.0489
4.99599	18.2756	0.165017	13.0489
5.0007	18.3581	0.0825083	13.0489
5.02497	18.4406	0	13.0489
5.05713	18.4406	0	13.1744
5.05865	18.4818	0.0825083	13.1744
5.06227	18.4818	0.0825083	13.1744
5.07763	18.5644	0	13.1744
5.09737	18.5644	0	13.1744
5.16075	18.5644	0	13.2999
5.17983	18.5644	0	13.2999
5.1836	18.6056	0.0825083	13.2999
5.19284	18.6881	0	13.2999
5.20729	18.6881	0	13.4253
5.22478	18.6881	0	13.5508
5.24031	18.6881	0	13.6763
5.24048	18.7294	0.0825083	13.6763
5.24114	18.8119	0	13.6763
5.25275	18.8119	0	13.6763
5.2726	18.8119	0	13.6763
5.27534	18.8531	0.0825083	13.6763
5.29169	18.9356	0	13.6763
5.29186	18.9769	0.0825083	13.6763
5.32083	19.0594	0	13.6763
5.33688	19.0594	0	13.6763
5.33764	19.0594	0	13.8018
5.33811	19.0594	0.165017	13.8018
5.33839	19.1419	0.0825083	13.8018
5.33978	19.1832	0.165017	13.8018
5.34018	19.2657	0.0825083	13.8018
5.36649	19.3482	0	13.8018
5.3772	19.3482	0	13.8018
5.38612	19.3482	0	13.9272
5.38924	19.3894	0.0825083	13.9272
5.39982	19.4719	0	13.9272
5.39994	19.4719	0.165017	13.9272
5.40117	19.5545	0.0825083	13.9272
5.40157	19.637	0	13.9272
5.43224	19.637	0	14.0527
5.43234	19.6782	0.0825083	14.0527
5.44232	19.7607	0	14.0527
5.47391	19.7607	0	14.1782
5.47797	19.7607	0	14.3036
5.49235	19.7607	0	14.3036
5.51135	19.7607	0	14.4291
5.51265	19.802	0.0825083	14.4291
5.52685	19.8845	0	14.4291
5.56073	19.8845	0	14.5546
5.59411	19.8845	0	14.68
5.5946	19.8845	0.165017	14.68
5.59552	19.967	0.0825083	14.68
5.603	20.0495	0	14.68
5.60738	20.0908	0.0825083	14.68
5.60807	20.132	0.165017	14.68
5.61171	20.2145	0.0825083	14.68
5.61944	20.297	0	14.68
5.62529	20.297	0	14.8055
5.6412	20.297	0	14.8055
5.64203	20.297	0	14.931
5.64397	20.3383	0.0825083	14.931
5.64738	20.3383	0.0825083	15.0565
5.68455	20.4208	0	15.0565
5.68548	20.462	0.0825083	15.0565
5.68598	20.5446	0	15.0565
5.68668	20.5446	0.165017	15.0565
5.68841	20.6271	0.0825083	15.0565
5.69979	20.7096	0	15.0565
5.70039	20.7096	0.165017	15.0565
5.70059	20.7508	0.247525	15.0565
5.70086	20.8333	0.165017	15.0565
5.70124	20.9158	0.0825083	15.0565
5.72026	20.9984	0	15.0565
5.73465	20.9984	0	15.0565
5.73681	21.0396	0.0825083	15.0565
5.77758	21.1221	0	15.0565
5.78433	21.1634	0.0825083	15.0565
5.81355	21.2459	0	15.0565
5.82308	21.2459	0	15.1819
5.86647	21.2459	0	15.3074
5.86745	21.2871	0.0825083	15.3074
5.90108	21.3696	0	15.3074
5.90236	21.4109	0.0825083	15.3074
5.90293	21.4934	0	15.3074
5.90734	21.4934	0.0825083	15.3074
5.92334	21.5759	0	15.3074
5.92496	21.5759	0.165017	15.3074
5.93044	21.6584	0.0825083	15.3074
5.93601	21.7409	0	15.3074
5.94586	21.7409	0	15.4329
5.94987	21.7409	0	15.5583
5.95228	21.7409	0.165017	15.5583
5.95275	21.8234	0.0825083	15.5583
5.99865	21.9059	0	15.5583
6.02336	21.9059	0	15.6838
6.0265	21.9059	0	15.8093
6.03023	21.9059	0	15.9348
6.03895	21.9059	0	16.0602
6.08713	21.9059	0	16.1857
6.1021	21.9059	0	16.3112
6.10229	21.9472	0.0825083	16.3112
6.10745	22.0297	0	16.3112
6.10911	22.0297	0.165017	16.3112
6.10921	22.1122	0.0825083	16.3112
6.12384	22.1947	0	16.3112
6.12576	22.236	0.0825083	16.3112
6.15921	22.3185	0	16.3112
6.19655	22.3185	0	16.4366
6.19726	22.3185	0.0825083	16.4366
6.21656	22.401	0	16.4366
6.23057	22.401	0	16.5621
6.24014	22.401	0	16.6876
6.25318	22.401	0	16.9385
6.25682	22.4422	0.0825083	16.9385
6.25855	22.4835	0.165017	16.9385
6.26145	22.566	0.0825083	16.9385
6.26162	22.566	0.0825083	17.064
6.27814	22.6485	0	17.064
6.28187	22.6485	0	17.1895
6.30476	22.6485	0	17.3149
6.30827	22.6485	0	17.5659
6.33762	22.6485	0	17.8168
6.36008	22.6485	0	17.9423
6.37538	22.6485	0	17.9423
6.37732	22.6485	0	18.0678
6.38432	22.6898	0.0825083	18.0678
6.40203	22.7723	0	18.0678
6.40839	22.7723	0	18.1932
6.41908	22.7723	0	18.3187
6.41925	22.8135	0.0825083	18.3187
6.42444	22.896	0	18.3187
6.44301	22.896	0	18.4442
6.44353	22.9373	0.0825083	18.4442
6.45544	23.0198	0	18.4442
6.48537	23.0198	0	18.6951
6.48705	23.0611	0.0825083	18.6951
6.52495	23.1436	0	18.6951
6.52752	23.1436	0	18.8206
6.52866	23.1848	0.0825083	18.8206
6.53739	23.2673	0	18.8206
6.55454	23.2673	0	18.946
6.57024	23.2673	0	19.0715
6.5713	23.3086	0.0825083	19.0715
6.60505	23.3911	0	19.0715
6.60564	23.3911	0.165017	19.0715
6.61042	23.4736	0.0825083	19.0715
6.61186	23.5149	0.165017	19.0715
6.61228	23.5974	0.0825083	19.0715
6.61672	23.6799	0	19.0715
6.62041	23.6799	0	19.0715
6.67572	23.6799	0	19.197
6.6773	23.6799	0.165017	19.197
6.67829	23.6799	0.165017	19.4479
6.68084	23.7624	0.0825083	19.4479
6.7007	23.8449	0	19.4479
6.70472	23.8449	0.165017	19.4479
6.71235	23.9274	0.0825083	19.4479
6.73429	24.0099	0	19.4479
6.73484	24.0512	0.0825083	19.4479
6.74929	24.1337	0	19.4479
6.74935	24.1749	0.0825083	19.4479
6.75303	24.2574	0	19.4479
6.75913	24.2574	0	19.5734
6.76635	24.2574	0	19.6989
6.77125	24.2574	0.0825083	19.6989
6.77413	24.3399	0	19.6989
6.80369	24.3399	0	19.8243
6.83086	24.3399	0	20.0753
6.83702	24.3399	0	20.2008
6.89503	24.3399	0	20.3262
6.89529	24.3812	0.0825083	20.3262
6.90359	24.4637	0	20.3262
6.931	24.4637	0	20.4517
6.93604	24.4637	0.165017	20.4517
6.93943	24.5462	0.0825083	20.4517
6.94023	24.5462	0.0825083	20.5772
6.96264	24.6287	0	20.5772
6.96279	24.6287	0.0825083	20.5772
6.96645	24.7112	0	20.5772
6.96703	24.7525	0.0825083	20.5772
6.98859	24.835	0	20.5772
7.03261	24.835	0	20.7026
7.04175	24.835	0	20.8281
7.04266	24.835	0.165017	20.8281
7.04557	24.835	0.165017	20.9536
7.04954	24.9175	0.0825083	20.9536
7.07639	25	0	20.9536
7.07772	25.0413	0.0825083	20.9536
7.08865	25.1238	0	20.9536
7.09668	25.1238	0	21.079
7.11214	25.1238	0	21.079
7.15148	25.1238	0	21.2045
7.1545	25.165	0.0825083	21.2045
7.18049	25.2475	0	21.2045
7.18342	25.2475	0	21.2045
7.18716	25.2475	0	21.4555
7.19266	25.2475	0	21.5809
7.24586	25.2475	0	21.8319
7.26529	25.2475	0	21.9573
7.26633	25.2888	0.0825083	21.9573
7.27559	25.3713	0	21.9573
7.2762	25.3713	0.165017	21.9573
7.28104	25.4538	0.0825083	21.9573
7.3155	25.5363	0	21.9573
7.31612	25.5776	0.0825083	21.9573
7.35525	25.6601	0	21.9573
7.35927	25.6601	0	22.0828
7.36767	25.6601	0	22.2083
7.3689	25.6601	0	22.3338
7.37126	25.6601	0.0825083	22.3338
7.41976	25.7426	0	22.3338
7.439	25.7426	0	22.4592
7.44978	25.7426	0	22.5847
7.50125	25.7426	0	22.7102
7.59911	25.7426	0	22.8356
7.60914	25.7426	0	23.0866
7.60975	25.7838	0.0825083	23.0866
7.6413	25.8663	0	23.0866
7.64334	25.8663	0.165017	23.0866
7.64406	25.9488	0.0825083	23.0866
7.69845	26.0314	0	23.0866
7.71734	26.0314	0	23.212
7.7181	26.0314	0.0825083	23.212
7.75589	26.1139	0	23.212
7.76167	26.1139	0	23.3375
7.7618	26.1551	0.0825083	23.3375
7.7619	26.1964	0.165017	23.3375
7.76368	26.2789	0.0825083	23.3375
7.76388	26.2789	0.0825083	23.463
7.78639	26.3614	0	23.463
7.78699	26.3614	0	23.5885
7.80416	26.3614	0	23.7139
7.80737	26.4026	0.0825083	23.7139
7.81819	26.4851	0	23.7139
7.83164	26.4851	0	23.8394
7.8375	26.5264	0.0825083	23.8394
7.86261	26.6089	0	23.8394
7.86351	26.6502	0.0825083	23.8394
7.92229	26.7327	0	23.8394
7.92289	26.7739	0.0825083	23.8394
7.94228	26.8564	0	23.8394
7.9563	26.8564	0	24.0903
7.95899	26.8977	0.0825083	24.0903
8.02945	26.9802	0	24.0903
8.03267	26.9802	0	24.2158
8.03318	26.9802	0.165017	24.2158
8.03522	27.0627	0.0825083	24.2158
8.04228	27.1452	0	24.2158
8.04531	27.1865	0.0825083	24.2158
8.0507	27.269	0	24.2158
8.0541	27.269	0.0825083	24.2158
8.05992	27.3515	0	24.2158
8.06406	27.3927	0.0825083	24.2158
8.09742	27.4752	0	24.2158
8.09755	27.5165	0.0825083	24.2158
8.11718	27.599	0	24.2158
8.11738	27.599	0.165017	24.2158
8.11836	27.6815	0.0825083	24.2158
8.17707	27.764	0	24.2158
8.18715	27.764	0	24.3413
8.18853	27.764	0.165017	24.3413
8.19414	27.8465	0.0825083	24.3413
8.19465	27.929	0	24.3413
8.19605	27.929	0.165017	24.3413
8.19632	28.0116	0.0825083	24.3413
8.23246	28.0941	0	24.3413
8.23299	28.0941	0.165017	24.3413
8.23885	28.1766	0.0825083	24.3413
8.27507	28.2591	0	24.3413
8.28154	28.3003	0.0825083	24.3413
8.29587	28.3828	0	24.3413
8.35248	28.3828	0	24.4668
8.40817	28.3828	0	24.5922
8.42502	28.3828	0	24.7177
8.43265	28.3828	0	24.8432
8.43286	28.3828	0.165017	24.8432
8.43332	28.4653	0.0825083	24.8432
8.4394	28.5479	0	24.8432
8.49451	28.5479	0	24.9686
8.49738	28.5891	0.0825083	24.9686
8.49904	28.6716	0	24.9686
8.50469	28.6716	0	25.0941
8.51025	28.7129	0.0825083	25.0941
8.54701	28.7954	0	25.0941
8.62949	28.7954	0	25.345
8.63175	28.7954	0	25.4705
8.63997	28.7954	0	25.596
8.6426	28.7954	0.0825083	25.596
8.65007	28.8779	0	25.596
8.68473	28.8779	0	25.7215
8.68517	28.8779	0.165017	25.7215
8.68593	28.9604	0.0825083	25.7215
8.74233	29.0429	0	25.7215
8.74401	29.0842	0.0825083	25.7215
8.78834	29.1667	0	25.7215
8.79396	29.2079	0.0825083	25.7215
8.81104	29.2904	0	25.7215
8.81149	29.3317	0.0825083	25.7215
8.81298	29.4142	0	25.7215
8.83532	29.4142	0	25.7215
8.83655	29.4142	0.165017	25.7215
8.8402	29.4967	0.0825083	25.7215
8.90518	29.5792	0	25.7215
8.90868	29.6205	0.0825083	25.7215
8.9421	29.703	0	25.7215
8.94589	29.703	0.0825083	25.7215
8.97734	29.7855	0	25.7215
9.05207	29.7855	0	25.8469
9.05248	29.8267	0.0825083	25.8469
9.05441	29.9092	0	25.8469
9.06045	29.9505	0.0825083	25.8469
9.0613	30.033	0	25.8469
9.0667	30.033	0	25.9724
9.11425	30.033	0	26.0979
9.11478	30.033	0.165017	26.0979
9.11528	30.1155	0.0825083	26.0979
9.15101	30.198	0	26.0979
9.15241	30.2393	0.0825083	26.0979
9.1802	30.3218	0	26.0979
9.1834	30.363	0.0825083	26.0979
9.18396	30.4455	0	26.0979
9.19819	30.4455	0	26.3488
9.20107	30.4868	0.0825083	26.3488
9.20628	30.5693	0	26.3488
9.20674	30.6106	0.0825083	26.3488
9.22184	30.6931	0	26.3488
9.22713	30.6931	0.0825083	26.3488
9.2429	30.7756	0	26.3488
9.24451	30.7756	0	26.4743
9.24665	30.7756	0.165017	26.4743
9.2478	30.8581	0.0825083	26.4743
9.28338	30.9406	0	26.4743
9.28407	30.9818	0.0825083	26.4743
9.2861	31.0644	0	26.4743
9.31967	31.0644	0	26.5997
9.38636	31.0644	0	26.7252
9.39166	31.1056	0.0825083	26.7252
9.41753	31.1881	0	26.7252
9.41898	31.1881	0	26.8507
9.43398	31.1881	0	26.9762
9.435	31.2294	0.0825083	26.9762
9.4523	31.3119	0	26.9762
9.46231	31.3119	0	27.1016
9.46331	31.3531	0.0825083	27.1016
9.4734	31.4356	0	27.1016
9.52444	31.4356	0	27.2271
9.52477	31.4769	0.0825083	27.2271
9.52787	31.5594	0	27.2271
9.52903	31.5594	0.165017	27.2271
9.52972	31.6419	0.0825083	27.2271
9.61297	31.7244	0	27.2271
9.61435	31.7244	0.165017	27.2271
9.62957	31.8069	0.0825083	27.2271
9.63896	31.8894	0	27.2271
9.64384	31.8894	0	27.3526
9.64615	31.8894	0.165017	27.3526
9.64748	31.9719	0.0825083	27.3526
9.68163	32.0545	0	27.3526
9.69121	32.0545	0	27.478
9.70626	32.0545	0	27.6035
9.76412	32.0545	0	27.729
9.79809	32.0545	0	27.8545
9.80489	32.0545	0	27.9799
9.80565	32.0957	0.0825083	27.9799
9.80732	32.1782	0	27.9799
9.81229	32.2195	0.0825083	27.9799
9.86322	32.302	0	27.9799
9.88826	32.302	0	28.1054
9.88842	32.3432	0.0825083	28.1054
9.91945	32.4257	0	28.1054
9.92416	32.4257	0	28.2309
9.92599	32.467	0.0825083	28.2309
10.012	32.5495	0	28.2309
10.0126	32.5495	0.165017	28.2309
10.0133	32.632	0.0825083	28.2309
10.0475	32.7145	0	28.2309
10.0483	32.7558	0.0825083	28.2309
10.1069	32.8383	0	28.2309
10.1118	32.8795	0.0825083	28.2309
10.1144	32.962	0	28.2309
10.1165	33.0033	0.0825083	28.2309
10.1173	33.0033	0.247525	28.2309
10.1182	33.0858	0.165017	28.2309
10.1219	33.1683	0.0825083	28.2309
10.1258	33.2508	0	28.2309
10.1463	33.2508	0	28.3563
10.1782	33.2508	0	28.4818
10.1815	33.2921	0.0825083	28.4818
10.2041	33.3746	0	28.4818
10.2065	33.3746	0	28.6073
10.2071	33.4158	0.0825083	28.6073
10.2918	33.4983	0	28.6073
10.2919	33.4983	0.165017	28.6073
10.2925	33.5809	0.0825083	28.6073
10.2932	33.6221	0.165017	28.6073
10.3027	33.7046	0.0825083	28.6073
10.3063	33.7871	0	28.6073
10.3123	33.7871	0	28.7327
10.3159	33.8284	0.0825083	28.7327
10.3843	33.9109	0	28.7327
10.3854	33.9521	0.0825083	28.7327
10.4714	34.0347	0	28.7327
10.5162	34.0347	0	28.7327
10.5822	34.0347	0	28.8582
10.6341	34.0347	0	29.1092
10.6858	34.0347	0	29.2346
10.686	34.0347	0.165017	29.2346
10.6882	34.1172	0.0825083	29.2346
10.7487	34.1997	0	29.2346
10.7497	34.1997	0.165017	29.2346
10.7512	34.2822	0.0825083	29.2346
10.8011	34.3647	0	29.2346
10.8034	34.3647	0	29.3601
10.8058	34.4059	0.0825083	29.3601
10.806	34.4884	0	29.3601
10.8337	34.4884	0	29.4856
10.835	34.4884	0.165017	29.4856
10.8391	34.571	0.0825083	29.4856
10.8691	34.6535	0	29.4856
10.8846	34.6535	0	29.611
10.8875	34.6947	0.0825083	29.611
10.8919	34.7772	0	29.611
10.8986	34.8185	0.0825083	29.611
10.9033	34.901	0	29.611
10.9045	34.9422	0.0825083	29.611
10.9204	35.0248	0	29.611
10.9277	35.066	0.0825083	29.611
10.9279	35.066	0.247525	29.611
10.9281	35.1485	0.165017	29.611
10.9288	35.231	0.0825083	29.611
10.9419	35.3135	0	29.611
10.9436	35.3135	0.165017	29.611
10.9479	35.396	0.0825083	29.611
10.9569	35.4785	0	29.611
10.9627	35.4785	0	29.7365
10.9656	35.5198	0.0825083	29.7365
10.9802	35.6023	0	29.7365
10.9832	35.6023	0.165017	29.7365
10.9835	35.6848	0.0825083	29.7365
10.9949	35.7673	0	29.7365
10.9965	35.7673	0.165017	29.7365
10.9971	35.7673	0.165017	29.9875
10.9981	35.8498	0.0825083	29.9875
11.0054	35.9323	0	29.9875
11.0054	35.9323	0.165017	29.9875
11.0064	36.0149	0.0825083	29.9875
11.0085	36.0974	0	29.9875
11.0312	36.0974	0	30.2384
11.0348	36.1386	0.0825083	30.2384
11.0464	36.2211	0	30.2384
11.0767	36.2211	0	30.3639
11.1054	36.2211	0	30.3639
11.1143	36.2211	0	30.4893
11.1482	36.2211	0	30.6148
11.1798	36.2211	0	30.7403
11.1799	36.2624	0.0825083	30.7403
11.1939	36.3449	0	30.7403
11.1957	36.3861	0.0825083	30.7403
11.2089	36.4686	0	30.7403
11.2092	36.4686	0.165017	30.7403
11.21	36.5512	0.0825083	30.7403
11.2123	36.5512	0.247525	30.7403
11.2125	36.5924	0.330033	30.7403
11.2169	36.6749	0.247525	30.7403
11.2173	36.7574	0.165017	30.7403
11.2213	36.8399	0.0825083	30.7403
11.2288	36.9224	0	30.7403
11.2389	36.9224	0	30.7403
11.2863	36.9224	0	30.9912
11.2864	36.9637	0.0825083	30.9912
11.293	37.0462	0	30.9912
11.2934	37.0875	0.0825083	30.9912
11.3014	37.17	0	30.9912
11.3036	37.17	0	31.1167
11.3048	37.2112	0.0825083	31.1167
11.3826	37.2937	0	31.1167
11.3889	37.2937	0	31.2422
11.395	37.2937	0	31.2422
11.4257	37.2937	0	31.3676
11.427	37.2937	0	31.4931
11.4273	37.335	0.0825083	31.4931
11.4459	37.4175	0	31.4931
11.4467	37.4587	0.0825083	31.4931
11.4577	37.5413	0	31.4931
11.4953	37.5413	0	31.6186
11.4966	37.5825	0.0825083	31.6186
11.5043	37.665	0	31.6186
11.5087	37.7063	0.0825083	31.6186
11.5492	37.7888	0	31.6186
11.571	37.7888	0	31.6186
11.5723	37.7888	0.0825083	31.6186
11.582	37.8713	0	31.6186
11.5945	37.8713	0	31.744
11.5971	37.9125	0.0825083	31.744
11.6098	37.995	0	31.744
11.7122	37.995	0	31.995
11.7129	37.995	0	32.1205
11.7131	37.995	0.165017	32.1205
11.717	38.0776	0.0825083	32.1205
11.7295	38.1601	0	32.1205
11.7372	38.1601	0	32.2459
11.7378	38.2013	0.0825083	32.2459
11.7452	38.2838	0	32.2459
11.7454	38.2838	0.165017	32.2459
11.7503	38.3663	0.0825083	32.2459
11.7548	38.4488	0	32.2459
11.8878	38.4488	0	32.3714
11.8989	38.4901	0.0825083	32.3714
11.978	38.5726	0	32.3714
12.0013	38.5726	0	32.4969
12.0203	38.5726	0	32.6223
12.0232	38.6139	0.0825083	32.6223
12.0248	38.6139	0.247525	32.6223
12.0254	38.6964	0.165017	32.6223
12.0277	38.7789	0.0825083	32.6223
12.0341	38.8614	0	32.6223
12.0403	38.8614	0	32.7478
12.042	38.8614	0.0825083	32.7478
12.0502	38.9439	0	32.7478
12.0519	38.9851	0.0825083	32.7478
12.0572	39.0677	0	32.7478
12.0575	39.1089	0.0825083	32.7478
12.0634	39.1914	0	32.7478
12.065	39.2327	0.0825083	32.7478
12.0748	39.3152	0	32.7478
12.0878	39.3152	0	32.8733
12.0892	39.3564	0.0825083	32.8733
12.0927	39.4389	0	32.8733
12.1587	39.4389	0	32.9987
12.1602	39.4389	0	33.2497
12.1621	39.4802	0.0825083	33.2497
12.1627	39.5627	0	33.2497
12.2014	39.5627	0	33.3752
12.2066	39.5627	0	33.5006
12.2088	39.5627	0.0825083	33.5006
12.2104	39.6452	0	33.5006
12.239	39.6452	0	33.7516
12.2423	39.6865	0.0825083	33.7516
12.2508	39.769	0	33.7516
12.2602	39.8102	0.0825083	33.7516
12.3005	39.8927	0	33.7516
12.3724	39.8927	0	33.877
12.3734	39.8927	0.0825083	33.877
12.3842	39.9752	0	33.877
12.4321	39.9752	0	34.0025
12.4326	40.0165	0.0825083	34.0025
12.4558	40.099	0	34.0025
12.4565	40.1403	0.0825083	34.0025
12.4846	40.2228	0	34.0025
12.6199	40.2228	0	34.2535
12.6306	40.2228	0	34.3789
12.6536	40.2228	0	34.5044
12.6578	40.264	0.0825083	34.5044
12.7306	40.3465	0	34.5044
12.7799	40.3465	0	34.7553
12.7812	40.3878	0.0825083	34.7553
12.782	40.4703	0	34.7553
12.8238	40.4703	0	34.8808
12.8418	40.4703	0	35.0063
12.843	40.4703	0	35.2572
12.8433	40.5116	0.0825083	35.2572
12.85	40.5941	0	35.2572
12.8509	40.5941	0.165017	35.2572
12.8532	40.6766	0.0825083	35.2572
12.9533	40.7591	0	35.2572
12.9566	40.8003	0.0825083	35.2572
13.0314	40.8828	0	35.2572
13.0322	40.9241	0.0825083	35.2572
13.0869	41.0066	0	35.2572
13.0883	41.0066	0.165017	35.2572
13.0906	41.0891	0.0825083	35.2572
13.0923	41.1716	0	35.2572
13.0949	41.2129	0.0825083	35.2572
13.1294	41.2954	0	35.2572
13.131	41.3366	0.0825083	35.2572
13.1334	41.4191	0	35.2572
13.1388	41.4604	0.0825083	35.2572
13.1389	41.5429	0	35.2572
13.1398	41.5429	0.165017	35.2572
13.1447	41.6254	0.0825083	35.2572
13.2159	41.7079	0	35.2572
13.2192	41.7492	0.0825083	35.2572
13.2668	41.8317	0	35.2572
13.2681	41.8317	0.165017	35.2572
13.2682	41.9142	0.0825083	35.2572
13.3287	41.9967	0	35.2572
13.33	41.9967	0.0825083	35.2572
13.3518	42.0792	0	35.2572
13.3524	42.1205	0.0825083	35.2572
13.3565	42.1205	0.0825083	35.3827
13.3572	42.1205	0.247525	35.3827
13.358	42.203	0.165017	35.3827
13.3597	42.2855	0.0825083	35.3827
13.3848	42.368	0	35.3827
13.3858	42.4092	0.0825083	35.3827
13.4016	42.4917	0	35.3827
13.4032	42.4917	0.0825083	35.3827
13.4446	42.5743	0	35.3827
13.4851	42.5743	0	35.5082
13.4857	42.5743	0.165017	35.5082
13.4859	42.6568	0.0825083	35.5082
13.5218	42.7393	0	35.5082
13.5263	42.7393	0.0825083	35.5082
13.5552	42.8218	0	35.5082
13.5712	42.8218	0	35.7591
13.5766	42.863	0.0825083	35.7591
13.5862	42.9455	0	35.7591
13.5943	42.9455	0	35.8846
13.6558	42.9455	0	36.01
13.6854	42.9455	0	36.1355
13.7088	42.9455	0	36.261
13.7125	42.9868	0.0825083	36.261
13.7463	43.0693	0	36.261
13.7485	43.1106	0.0825083	36.261
13.7667	43.1931	0	36.261
13.769	43.2343	0.0825083	36.261
13.8935	43.3168	0	36.261
13.8935	43.3168	0.165017	36.261
13.8953	43.3993	0.0825083	36.261
13.8985	43.3993	0.247525	36.261
13.9006	43.4818	0.165017	36.261
13.9045	43.5644	0.0825083	36.261
13.9434	43.6469	0	36.261
13.9498	43.6469	0	36.3864
13.9681	43.6469	0	36.5119
13.9694	43.6881	0.0825083	36.5119
14.0088	43.7706	0	36.5119
14.0095	43.7706	0.165017	36.5119
14.0099	43.8531	0.0825083	36.5119
14.0524	43.9356	0	36.5119
14.1629	43.9356	0	36.5119
14.1667	43.9356	0.0825083	36.5119
14.1983	44.0182	0	36.5119
14.3396	44.0182	0	36.6374
14.3717	44.0182	0	36.8883
14.3736	44.0182	0.165017	36.8883
14.3738	44.1007	0.0825083	36.8883
14.4073	44.1832	0	36.8883
14.4762	44.1832	0	37.0138
14.5711	44.1832	0	37.1393
14.5786	44.1832	0	37.2647
14.5809	44.1832	0	37.3902
14.5826	44.2244	0.0825083	37.3902
14.622	44.3069	0	37.3902
14.6647	44.3069	0	37.3902
14.6971	44.3069	0	37.6412
14.6984	44.3069	0.165017	37.6412
14.6991	44.3894	0.0825083	37.6412
14.8383	44.4719	0	37.6412
14.8388	44.5132	0.0825083	37.6412
14.8405	44.5957	0	37.6412
14.8439	44.5957	0.165017	37.6412
14.8441	44.6782	0.0825083	37.6412
14.9272	44.7607	0	37.6412
14.953	44.7607	0	37.7666
15.1234	44.7607	0	38.0176
15.1275	44.7607	0	38.143
15.1287	44.802	0.0825083	38.143
15.2023	44.8845	0	38.143
15.2027	44.9257	0.0825083	38.143
15.2327	45.0083	0	38.143
15.2478	45.0083	0	38.2685
15.2489	45.0495	0.0825083	38.2685
15.2717	45.132	0	38.2685
15.3065	45.132	0	38.394
15.3152	45.132	0	38.5194
15.3161	45.132	0.0825083	38.5194
15.371	45.2145	0	38.5194
15.4438	45.2145	0	38.6449
15.4491	45.2145	0	38.7704
15.4512	45.2145	0.165017	38.7704
15.4519	45.297	0.0825083	38.7704
15.4633	45.3795	0	38.7704
15.4656	45.3795	0.165017	38.7704
15.4677	45.462	0.0825083	38.7704
15.5077	45.5446	0	38.7704
15.5303	45.5446	0	39.0213
15.5323	45.5446	0.0825083	39.0213
15.5777	45.6271	0	39.0213
15.5997	45.6271	0	39.2723
15.6024	45.6271	0.165017	39.2723
15.6044	45.7096	0.0825083	39.2723
15.6152	45.7921	0	39.2723
15.6195	45.8333	0.0825083	39.2723
15.6638	45.9158	0	39.2723
15.6659	45.9158	0.165017	39.2723
15.6664	45.9983	0.0825083	39.2723
15.6829	46.0809	0	39.2723
15.6832	46.1221	0.0825083	39.2723
15.7521	46.2046	0	39.2723
15.7538	46.2046	0.0825083	39.2723
15.7895	46.2871	0	39.2723
15.8052	46.2871	0	39.3977
15.876	46.2871	0	39.5232
15.8761	46.2871	0.165017	39.5232
15.8771	46.3696	0.0825083	39.5232
15.8883	46.4521	0	39.5232
15.8893	46.4934	0.0825083	39.5232
15.8953	46.5759	0	39.5232
15.9365	46.5759	0	39.6487
15.938	46.5759	0.0825083	39.6487
15.9772	46.6584	0	39.6487
16.1994	46.6584	0	39.7742
16.2222	46.6584	0	40.0251
16.3331	46.6584	0	40.276
16.4239	46.6584	0	40.527
16.4239	46.6997	0.0825083	40.527
16.4453	46.7822	0	40.527
16.4475	46.7822	0.165017	40.527
16.4476	46.8647	0.0825083	40.527
16.4657	46.9472	0	40.527
16.4661	46.9884	0.0825083	40.527
16.4946	47.071	0	40.527
16.4981	47.071	0.0825083	40.527
16.5362	47.1535	0	40.527
16.541	47.1947	0.0825083	40.527
16.572	47.2772	0	40.527
16.5723	47.3185	0.0825083	40.527
16.6143	47.401	0	40.527
16.6146	47.401	0.165017	40.527
16.6161	47.4835	0.0825083	40.527
16.6399	47.566	0	40.527
16.7365	47.566	0	40.6524
16.7376	47.566	0.165017	40.6524
16.7377	47.6485	0.0825083	40.6524
16.7717	47.731	0	40.6524
16.7745	47.7723	0.0825083	40.6524
16.7848	47.8548	0	40.6524
16.7995	47.8548	0	40.7779
16.7995	47.8548	0.165017	40.7779
16.8006	47.9373	0.0825083	40.7779
16.8124	48.0198	0	40.7779
16.8125	48.0611	0.0825083	40.7779
16.8247	48.1436	0	40.7779
16.8263	48.1848	0.0825083	40.7779
16.8275	48.1848	0.247525	40.7779
16.8333	48.2673	0.165017	40.7779
16.8346	48.3498	0.0825083	40.7779
16.9251	48.4323	0	40.7779
16.9314	48.4323	0	40.9034
16.9316	48.4323	0.165017	40.9034
16.9322	48.5149	0.0825083	40.9034
16.9723	48.5974	0	40.9034
16.974	48.6386	0.0825083	40.9034
17.0607	48.7211	0	40.9034
17.0622	48.7211	0.165017	40.9034
17.0626	48.8036	0.0825083	40.9034
17.0656	48.8861	0	40.9034
17.0658	48.8861	0.0825083	40.9034
17.0721	48.9686	0	40.9034
17.0736	49.0099	0.0825083	40.9034
17.1182	49.0924	0	40.9034
17.119	49.1337	0.0825083	40.9034
17.1313	49.2162	0	40.9034
17.1413	49.2162	0	41.0289
17.1593	49.2162	0	41.1543
17.1787	49.2162	0	41.2798
17.1919	49.2162	0	41.4053
17.2144	49.2162	0	41.5307
17.2204	49.2162	0	41.6562
17.2248	49.2574	0.0825083	41.6562
17.2345	49.3399	0	41.6562
17.3617	49.3399	0	41.7817
17.3883	49.3399	0	41.9072
17.3891	49.3399	0	42.1581
17.3894	49.3812	0.0825083	42.1581
17.4109	49.4637	0	42.1581
17.412	49.4637	0	42.2836
17.4249	49.4637	0	42.409
17.4328	49.4637	0	42.5345
17.5098	49.4637	0	42.66
17.5101	49.505	0.0825083	42.66
17.5266	49.5875	0	42.66
17.5577	49.5875	0	42.7854
17.5606	49.5875	0	42.9109
17.5622	49.6287	0.0825083	42.9109
17.6373	49.7112	0	42.9109
17.6588	49.7112	0	43.0364
17.6601	49.7525	0.0825083	43.0364
17.6657	49.835	0	43.0364
17.6671	49.835	0.0825083	43.0364
17.6695	49.8762	0.165017	43.0364
17.6699	49.9587	0.0825083	43.0364
17.6866	50.0413	0	43.0364
17.688	50.0825	0.0825083	43.0364
17.7132	50.165	0	43.0364
17.7138	50.2063	0.0825083	43.0364
17.7195	50.2888	0	43.0364
17.7496	50.2888	0	43.1619
17.7551	50.33	0.0825083	43.1619
17.8002	50.4125	0	43.1619
17.8017	50.4538	0.0825083	43.1619
17.8151	50.5363	0	43.1619
17.8209	50.5363	0.0825083	43.1619
17.8287	50.6188	0	43.1619
17.8304	50.6188	0.165017	43.1619
17.8358	50.7013	0.0825083	43.1619
17.8676	50.7838	0	43.1619
17.8769	50.7838	0	43.2873
17.8795	50.8251	0.0825083	43.2873
17.9527	50.9076	0	43.2873
17.9533	50.9076	0	43.4128
17.9534	50.9076	0.165017	43.4128
17.954	50.9901	0.0825083	43.4128
18.0724	51.0726	0	43.4128
18.0724	51.0726	0.0825083	43.4128
18.117	51.1551	0	43.4128
18.17	51.1551	0	43.5383
18.2909	51.1551	0	43.6637
18.3134	51.1551	0	43.7892
18.3149	51.1551	0.165017	43.7892
18.3151	51.2376	0.0825083	43.7892
18.3664	51.3201	0	43.7892
18.3675	51.3614	0.0825083	43.7892
18.3876	51.4439	0	43.7892
18.3901	51.4851	0.0825083	43.7892
18.3902	51.5677	0	43.7892
18.3906	51.6089	0.0825083	43.7892
18.5209	51.6914	0	43.7892
18.5219	51.6914	0.165017	43.7892
18.5227	51.7739	0.0825083	43.7892
18.5434	51.8564	0	43.7892
18.5449	51.8564	0.0825083	43.7892
18.5908	51.9389	0	43.7892
18.6259	51.9389	0	44.0401
18.6263	51.9802	0.0825083	44.0401
18.6325	51.9802	0.0825083	44.1656
18.6933	52.0627	0	44.1656
18.6947	52.104	0.0825083	44.1656
18.7064	52.1865	0	44.1656
18.709	52.2277	0.0825083	44.1656
18.7096	52.269	0.165017	44.1656
18.7108	52.3515	0.0825083	44.1656
18.7461	52.434	0	44.1656
18.7564	52.434	0	44.2911
18.7649	52.434	0	44.4166
18.7655	52.434	0.165017	44.4166
18.766	52.5165	0.0825083	44.4166
18.7695	52.599	0	44.4166
18.7699	52.599	0.165017	44.4166
18.7725	52.6815	0.0825083	44.4166
18.8827	52.764	0	44.4166
18.8845	52.764	0.0825083	44.4166
18.9155	52.8465	0	44.4166
18.9162	52.8465	0.165017	44.4166
18.9167	52.929	0.0825083	44.4166
18.9183	52.929	0.0825083	44.6675
18.9225	52.929	0.0825083	44.793
19.0854	53.0116	0	44.793
19.0877	53.0528	0.0825083	44.793
19.0935	53.1353	0	44.793
19.0948	53.1766	0.0825083	44.793
19.1462	53.2591	0	44.793
19.1466	53.2591	0.165017	44.793
19.1493	53.3416	0.0825083	44.793
19.1642	53.4241	0	44.793
19.1691	53.4653	0.0825083	44.793
19.1981	53.5479	0	44.793
19.2545	53.5479	0	45.0439
19.2557	53.5891	0.0825083	45.0439
19.3348	53.6716	0	45.0439
19.3368	53.7129	0.0825083	45.0439
19.3386	53.7954	0	45.0439
19.3597	53.7954	0	45.2949
19.3648	53.7954	0.0825083	45.2949
19.382	53.8779	0	45.2949
19.4142	53.8779	0	45.4203
19.4252	53.8779	0	45.5458
19.4297	53.8779	0	45.6713
19.4301	53.8779	0.165017	45.6713
19.4337	53.9604	0.0825083	45.6713
19.4353	54.0429	0	45.6713
19.4381	54.0842	0.0825083	45.6713
19.4897	54.1667	0	45.6713
19.4963	54.1667	0	45.9222
19.5047	54.2079	0.0825083	45.9222
19.5097	54.2904	0	45.9222
19.5104	54.3317	0.0825083	45.9222
19.5411	54.4142	0	45.9222
19.573	54.4142	0	46.1731
19.5745	54.4142	0.0825083	46.1731
19.602	54.4967	0	46.1731
19.6022	54.4967	0.165017	46.1731
19.6023	54.5792	0.0825083	46.1731
19.6203	54.6617	0	46.1731
19.6216	54.6617	0.165017	46.1731
19.622	54.7442	0.0825083	46.1731
19.7003	54.8267	0	46.1731
19.7006	54.8267	0	46.4241
19.702	54.868	0.0825083	46.4241
19.7464	54.9505	0	46.4241
19.7513	54.9505	0	46.5496
19.7529	54.9917	0.0825083	46.5496
19.7648	55.0743	0	46.5496
19.7665	55.1155	0.0825083	46.5496
19.7871	55.198	0	46.5496
19.7893	55.2393	0.0825083	46.5496
19.8653	55.3218	0	46.5496
19.8752	55.363	0.0825083	46.5496
19.8758	55.4455	0	46.5496
19.882	55.4455	0	46.675
19.8828	55.4868	0.0825083	46.675
19.9352	55.5693	0	46.675
19.9496	55.5693	0	46.926
19.9518	55.5693	0.0825083	46.926
20.0426	55.6518	0	46.926
20.0454	55.6931	0.0825083	46.926
20.0651	55.7756	0	46.926
20.0896	55.7756	0	47.1769
20.1387	55.7756	0	47.4279
20.1393	55.7756	0.165017	47.4279
20.1401	55.8581	0.0825083	47.4279
20.1439	55.9406	0	47.4279
20.1805	55.9406	0	47.5533
20.181	55.9818	0.0825083	47.5533
20.2815	56.0644	0	47.5533
20.2867	56.0644	0.165017	47.5533
20.2876	56.1469	0.0825083	47.5533
20.2938	56.2294	0	47.5533
20.2951	56.2706	0.0825083	47.5533
20.3562	56.3531	0	47.5533
20.3566	56.3531	0.165017	47.5533
20.359	56.4356	0.0825083	47.5533
20.3639	56.5182	0	47.5533
20.3665	56.5594	0.0825083	47.5533
20.378	56.6419	0	47.5533
20.4376	56.6419	0	47.8043
20.4385	56.6419	0.165017	47.8043
20.4392	56.7244	0.0825083	47.8043
20.4419	56.8069	0	47.8043
20.4795	56.8069	0	47.9297
20.5739	56.8069	0	48.0552
20.5746	56.8482	0.0825083	48.0552
20.689	56.9307	0	48.0552
20.6894	56.9719	0.0825083	48.0552
20.7149	57.0545	0	48.0552
20.7626	57.0545	0	48.3061
20.7632	57.0957	0.0825083	48.3061
20.7713	57.1782	0	48.3061
20.7813	57.2195	0.0825083	48.3061
20.7982	57.302	0	48.3061
20.7994	57.3432	0.0825083	48.3061
20.8625	57.4257	0	48.3061
20.8655	57.467	0.0825083	48.3061
20.8748	57.5495	0	48.3061
20.8766	57.5908	0.0825083	48.3061
20.8998	57.6733	0	48.3061
20.8999	57.6733	0.165017	48.3061
20.901	57.7558	0.0825083	48.3061
20.9295	57.8383	0	48.3061
20.9348	57.8795	0.0825083	48.3061
20.9494	57.962	0	48.3061
20.9553	58.0033	0.0825083	48.3061
20.9643	58.0858	0	48.3061
20.9669	58.0858	0	48.4316
20.9954	58.0858	0	48.5571
21.068	58.0858	0	48.6826
21.0727	58.0858	0.0825083	48.6826
21.1594	58.1683	0	48.6826
21.2529	58.1683	0	48.808
21.2872	58.1683	0	48.9335
21.2885	58.2096	0.0825083	48.9335
21.3148	58.2921	0	48.9335
21.3151	58.3333	0.0825083	48.9335
21.3199	58.4158	0	48.9335
21.3326	58.4158	0	49.059
21.334	58.4158	0.165017	49.059
21.3393	58.4983	0.0825083	49.059
21.3435	58.5809	0	49.059
21.3797	58.5809	0	49.059
21.3875	58.6221	0.0825083	49.059
21.4311	58.7046	0	49.059
21.4328	58.7459	0.0825083	49.059
21.4505	58.8284	0	49.059
21.4511	58.8696	0.0825083	49.059
21.4875	58.9521	0	49.059
21.4929	58.9521	0	49.3099
21.4933	58.9521	0.165017	49.3099
21.4962	59.0347	0.0825083	49.3099
21.6745	59.1172	0	49.3099
21.6762	59.1172	0.165017	49.3099
21.6763	59.1997	0.0825083	49.3099
21.8324	59.2822	0	49.3099
21.8335	59.2822	0.165017	49.3099
21.8429	59.3647	0.0825083	49.3099
21.8675	59.4472	0	49.3099
21.8693	59.4884	0.0825083	49.3099
21.9402	59.571	0	49.3099
21.9855	59.571	0	49.5609
22.0107	59.571	0	49.6863
22.012	59.571	0.0825083	49.6863
22.1189	59.6535	0	49.6863
22.1205	59.6947	0.0825083	49.6863
22.1525	59.7772	0	49.6863
22.154	59.7772	0.0825083	49.6863
22.2452	59.8597	0	49.6863
22.3505	59.8597	0	49.8118
22.4009	59.8597	0	49.9373
22.4599	59.8597	0	50.0627
22.5008	59.8597	0	50.3137
22.5015	59.901	0.0825083	50.3137
22.5209	59.9835	0	50.3137
22.5223	60.0248	0.0825083	50.3137
22.586	60.1073	0	50.3137
22.5866	60.1485	0.0825083	50.3137
22.6076	60.231	0	50.3137
22.617	60.231	0.0825083	50.3137
22.6242	60.3135	0	50.3137
22.6265	60.3135	0.165017	50.3137
22.6313	60.396	0.0825083	50.3137
22.6881	60.4785	0	50.3137
22.6898	60.5198	0.0825083	50.3137
22.7605	60.6023	0	50.3137
22.7734	60.6023	0.0825083	50.3137
22.933	60.6848	0	50.3137
22.9366	60.6848	0.0825083	50.3137
22.9867	60.7673	0	50.3137
23.1285	60.7673	0	50.4391
23.2695	60.7673	0	50.6901
23.2717	60.7673	0.0825083	50.6901
23.2722	60.8498	0	50.6901
23.2736	60.8911	0.0825083	50.6901
23.2797	60.9736	0	50.6901
23.3013	60.9736	0	50.8156
23.3024	60.9736	0	51.0665
23.3369	60.9736	0	51.3174
23.3417	60.9736	0.0825083	51.3174
23.3936	61.0561	0	51.3174
23.3937	61.0974	0.0825083	51.3174
23.3953	61.0974	0.0825083	51.5684
23.4725	61.1799	0	51.5684
23.4727	61.1799	0.165017	51.5684
23.4744	61.2624	0.0825083	51.5684
23.5344	61.3449	0	51.5684
23.5347	61.3861	0.0825083	51.5684
23.5567	61.4686	0	51.5684
23.5571	61.5099	0.0825083	51.5684
23.5733	61.5924	0	51.5684
23.6105	61.5924	0	51.6939
23.6107	61.6337	0.0825083	51.6939
23.6802	61.7162	0	51.6939
23.7475	61.7162	0	51.9448
23.7782	61.7162	0	52.1957
23.8107	61.7162	0	52.4467
23.8127	61.7574	0.0825083	52.4467
23.8403	61.8399	0	52.4467
23.8665	61.8399	0	52.5721
23.8684	61.8399	0.165017	52.5721
23.8686	61.9224	0.0825083	52.5721
23.8924	62.005	0	52.5721
23.8943	62.005	0.165017	52.5721
23.8984	62.0875	0.0825083	52.5721
23.9399	62.17	0	52.5721
23.9409	62.17	0	52.6976
23.9411	62.2112	0.0825083	52.6976
23.9544	62.2937	0	52.6976
23.955	62.2937	0.165017	52.6976
23.957	62.3762	0.0825083	52.6976
23.9804	62.4587	0	52.6976
23.9821	62.4587	0	52.8231
24.0027	62.4587	0	52.9486
24.0034	62.4587	0.165017	52.9486
24.0065	62.5413	0.0825083	52.9486
24.1799	62.6238	0	52.9486
24.308	62.6238	0	53.074
24.3683	62.6238	0	53.1995
24.3902	62.6238	0	53.325
24.3924	62.665	0.0825083	53.325
24.4388	62.7475	0	53.325
24.4391	62.7475	0.165017	53.325
24.4413	62.83	0.0825083	53.325
24.4718	62.9125	0	53.325
24.4743	62.9538	0.0825083	53.325
24.4749	63.0363	0	53.325
24.4758	63.0776	0.0825083	53.325
24.5185	63.1601	0	53.325
24.5197	63.2013	0.0825083	53.325
24.5215	63.2838	0	53.325
24.5218	63.3251	0.0825083	53.325
24.5823	63.4076	0	53.325
24.5835	63.4076	0	53.4504
24.6532	63.4076	0	53.5759
24.6557	63.4488	0.0825083	53.5759
24.6858	63.5314	0	53.5759
24.8492	63.5314	0	53.8269
24.8503	63.5314	0.165017	53.8269
24.8587	63.6139	0.0825083	53.8269
24.8734	63.6964	0	53.8269
24.9024	63.6964	0	53.9523
24.9056	63.7376	0.0825083	53.9523
24.9154	63.8201	0	53.9523
24.9163	63.8201	0.165017	53.9523
24.9166	63.9026	0.0825083	53.9523
24.9424	63.9851	0	53.9523
24.9438	63.9851	0.0825083	53.9523
24.9464	64.0677	0	53.9523
24.9762	64.0677	0	54.2033
24.9777	64.1089	0.0825083	54.2033
24.9993	64.1914	0	54.2033
24.9996	64.2327	0.0825083	54.2033
25.0077	64.3152	0	54.2033
25.0965	64.3152	0	54.4542
25.0993	64.3564	0.0825083	54.4542
25.1332	64.4389	0	54.4542
25.1334	64.4389	0.165017	54.4542
25.1334	64.5215	0.0825083	54.4542
25.1385	64.604	0	54.4542
25.2999	64.604	0	54.5797
25.3001	64.6452	0.0825083	54.5797
25.3724	64.7277	0	54.5797
25.3737	64.769	0.0825083	54.5797
25.4351	64.8515	0	54.5797
25.4359	64.8927	0.0825083	54.5797
25.4407	64.9753	0	54.5797
25.4475	64.9753	0	54.8306
25.4481	64.9753	0.165017	54.8306
25.4482	65.0578	0.0825083	54.8306
25.5105	65.1403	0	54.8306
25.5173	65.1403	0	55.0816
25.5179	65.1815	0.0825083	55.0816
25.5441	65.264	0	55.0816
25.6052	65.264	0	55.207
25.6068	65.264	0.165017	55.207
25.611	65.3465	0.0825083	55.207
25.7173	65.429	0	55.207
25.719	65.429	0.0825083	55.207
25.7527	65.5116	0	55.207
25.7537	65.5528	0.0825083	55.207
25.7669	65.6353	0	55.207
25.7678	65.6766	0.0825083	55.207
25.789	65.7591	0	55.207
25.7958	65.7591	0	55.3325
25.7961	65.8003	0.0825083	55.3325
25.835	65.8828	0	55.3325
25.8508	65.8828	0	55.5834
25.8517	65.8828	0.165017	55.5834
25.8523	65.9653	0.0825083	55.5834
25.8787	66.0479	0	55.5834
25.8791	66.0479	0.165017	55.5834
25.8809	66.1304	0.0825083	55.5834
25.883	66.2129	0	55.5834
25.8873	66.2541	0.0825083	55.5834
25.9019	66.3366	0	55.5834
25.902	66.3366	0.165017	55.5834
25.9036	66.4191	0.0825083	55.5834
25.9899	66.5016	0	55.5834
26.0455	66.5016	0	55.7089
26.046	66.5429	0.0825083	55.7089
26.1132	66.6254	0	55.7089
26.1254	66.6254	0	55.9599
26.1301	66.6667	0.0825083	55.9599
26.1399	66.7492	0	55.9599
26.1419	66.7904	0.0825083	55.9599
26.1511	66.8729	0	55.9599
26.152	66.9142	0.0825083	55.9599
26.1574	66.9967	0	55.9599
26.1641	67.038	0.0825083	55.9599
26.2535	67.1205	0	55.9599
26.2544	67.1617	0.0825083	55.9599
26.2652	67.2442	0	55.9599
26.2977	67.2442	0	56.0853
26.3115	67.2442	0	56.2108
26.4201	67.2442	0	56.4617
26.4204	67.2442	0.165017	56.4617
26.4246	67.3267	0.0825083	56.4617
26.4281	67.4092	0	56.4617
26.4294	67.4092	0.165017	56.4617
26.4307	67.4918	0.0825083	56.4617
26.8495	67.5743	0	56.4617
26.9775	67.5743	0	56.5872
27.1023	67.5743	0	56.7127
27.1023	67.6155	0.0825083	56.7127
27.122	67.698	0	56.7127
27.1232	67.698	0	56.8381
27.1246	67.698	0.0825083	56.8381
27.2584	67.7805	0	56.8381
27.2808	67.7805	0	57.0891
27.2827	67.8218	0.0825083	57.0891
27.2858	67.9043	0	57.0891
27.3811	67.9043	0	57.2146
27.4113	67.9043	0	57.34
27.4126	67.9043	0.165017	57.34
27.413	67.9868	0.0825083	57.34
27.4138	68.0693	0	57.34
27.4144	68.0693	0.0825083	57.34
27.4412	68.1518	0	57.34
27.4415	68.1931	0.0825083	57.34
27.5012	68.2756	0	57.34
27.5029	68.2756	0.165017	57.34
27.5036	68.3581	0.0825083	57.34
27.5627	68.4406	0	57.34
27.5629	68.4406	0.0825083	57.34
27.6944	68.5231	0	57.34
27.719	68.5231	0	57.4655
27.7854	68.5231	0	57.591
27.7857	68.5231	0.165017	57.591
27.7875	68.6056	0.0825083	57.591
27.8021	68.6881	0	57.591
27.8025	68.7294	0.0825083	57.591
27.8757	68.8119	0	57.591
27.8798	68.8119	0.0825083	57.591
27.8877	68.8944	0	57.591
27.8879	68.8944	0	57.8419
27.89	68.9356	0.0825083	57.8419
27.8974	69.0182	0	57.8419
27.904	69.0182	0.165017	57.8419
27.9083	69.1007	0.0825083	57.8419
27.9255	69.1832	0	57.8419
27.9264	69.2244	0.0825083	57.8419
27.9567	69.3069	0	57.8419
27.9603	69.3069	0.165017	57.8419
27.967	69.3894	0.0825083	57.8419
28.0243	69.4719	0	57.8419
28.0246	69.5132	0.0825083	57.8419
28.088	69.5957	0	57.8419
28.1121	69.5957	0	58.0928
28.1121	69.637	0.0825083	58.0928
28.2421	69.7195	0	58.0928
28.2549	69.7195	0	58.2183
28.255	69.7607	0.0825083	58.2183
28.3682	69.8432	0	58.2183
28.3687	69.8845	0.0825083	58.2183
28.5141	69.967	0	58.2183
28.6015	69.967	0	58.3438
28.6028	69.967	0.0825083	58.3438
28.6207	70.0495	0	58.3438
28.6219	70.0908	0.0825083	58.3438
28.6261	70.1733	0	58.3438
28.6402	70.1733	0	58.5947
28.6461	70.2145	0.0825083	58.5947
28.6652	70.297	0	58.5947
28.706	70.297	0	58.7202
28.7654	70.297	0	58.8457
28.8724	70.297	0	58.9711
28.8728	70.297	0.165017	58.9711
28.8754	70.3795	0.0825083	58.9711
28.9148	70.462	0	58.9711
28.9149	70.5033	0.0825083	58.9711
29.0359	70.5858	0	58.9711
29.0756	70.5858	0	59.0966
29.1837	70.5858	0	59.2221
29.3251	70.5858	0	59.473
29.3276	70.6271	0.0825083	59.473
29.4049	70.7096	0	59.473
29.4069	70.7096	0.165017	59.473
29.4095	70.7921	0.0825083	59.473
29.4516	70.8746	0	59.473
29.4531	70.9158	0.0825083	59.473
29.5104	70.9984	0	59.473
29.5409	70.9984	0	59.724
29.5423	71.0396	0.0825083	59.724
29.8485	71.1221	0	59.724
29.8997	71.1221	0	59.8494
30.06	71.1221	0	59.9749
30.0603	71.1634	0.0825083	59.9749
30.0955	71.2459	0	59.9749
30.1103	71.2871	0.0825083	59.9749
30.2189	71.3696	0	59.9749
30.2191	71.4109	0.0825083	59.9749
30.2686	71.4934	0	59.9749
30.3841	71.4934	0	60.1004
30.4197	71.4934	0	60.3513
30.4197	71.5347	0.0825083	60.3513
30.4345	71.6172	0	60.3513
30.4665	71.6172	0	60.6023
30.6873	71.6172	0	60.7277
30.6894	71.6172	0.165017	60.7277
30.7048	71.6997	0.0825083	60.7277
30.7088	71.7822	0	60.7277
30.7091	71.7822	0.165017	60.7277
30.7127	71.8647	0.0825083	60.7277
31.0287	71.9472	0	60.7277
31.0668	71.9472	0	60.9787
31.0703	71.9884	0.0825083	60.9787
31.0739	72.071	0	60.9787
31.2556	72.071	0	61.1041
31.2563	72.071	0.165017	61.1041
31.2565	72.1535	0.0825083	61.1041
31.2631	72.236	0	61.1041
31.2657	72.236	0.165017	61.1041
31.2696	72.3185	0.0825083	61.1041
31.2803	72.401	0	61.1041
31.285	72.4422	0.0825083	61.1041
31.2912	72.5247	0	61.1041
31.2926	72.5247	0.165017	61.1041
31.2937	72.6073	0.0825083	61.1041
31.3035	72.6898	0	61.1041
31.3038	72.731	0.0825083	61.1041
31.3756	72.8135	0	61.1041
31.5051	72.8135	0	61.3551
31.5052	72.8548	0.0825083	61.3551
31.5587	72.9373	0	61.3551
31.5631	72.9785	0.0825083	61.3551
31.7275	73.0611	0	61.3551
31.7276	73.1023	0.0825083	61.3551
31.7355	73.1848	0	61.3551
31.7355	73.1848	0.165017	61.3551
31.7385	73.2673	0.0825083	61.3551
31.7752	73.3498	0	61.3551
31.7785	73.3911	0.0825083	61.3551
31.8136	73.4736	0	61.3551
31.8139	73.4736	0.165017	61.3551
31.8155	73.5561	0.0825083	61.3551
31.8189	73.6386	0	61.3551
31.8192	73.6386	0.165017	61.3551
31.8243	73.7211	0.0825083	61.3551
31.8319	73.8036	0	61.3551
31.9035	73.8036	0	61.606
31.9553	73.8036	0	61.7315
32.0545	73.8036	0	61.857
32.1114	73.8036	0	61.9824
32.1139	73.8449	0.0825083	61.9824
32.2059	73.9274	0	61.9824
32.2069	73.9686	0.0825083	61.9824
32.4245	74.0512	0	61.9824
32.4328	74.0512	0	62.2334
32.4369	74.0924	0.0825083	62.2334
32.5012	74.1749	0	62.2334
32.5023	74.1749	0.165017	62.2334
32.507	74.2574	0.0825083	62.2334
32.8576	74.3399	0	62.2334
32.9282	74.3399	0	62.3588
32.9287	74.3812	0.0825083	62.3588
32.931	74.4637	0	62.3588
32.9311	74.505	0.0825083	62.3588
32.9472	74.5875	0	62.3588
32.9481	74.6287	0.0825083	62.3588
32.9867	74.7112	0	62.3588
32.9886	74.7525	0.0825083	62.3588
32.99	74.835	0	62.3588
33.0787	74.835	0	62.6098
33.0793	74.835	0.165017	62.6098
33.0801	74.9175	0.0825083	62.6098
33.0803	74.9587	0.165017	62.6098
33.0836	75.0413	0.0825083	62.6098
33.354	75.1238	0	62.6098
33.4825	75.1238	0	62.8607
33.4894	75.165	0.0825083	62.8607
33.5064	75.2475	0	62.8607
33.5101	75.2888	0.0825083	62.8607
33.594	75.3713	0	62.8607
33.5951	75.3713	0.165017	62.8607
33.5973	75.4538	0.0825083	62.8607
33.6238	75.5363	0	62.8607
33.6239	75.5776	0.0825083	62.8607
33.6258	75.6601	0	62.8607
33.6828	75.6601	0	63.1117
33.7073	75.6601	0	63.3626
33.7079	75.7013	0.0825083	63.3626
33.7562	75.7838	0	63.3626
33.763	75.8251	0.0825083	63.3626
33.7753	75.9076	0	63.3626
33.7786	75.9488	0.0825083	63.3626
34.0322	76.0314	0	63.3626
34.0843	76.0314	0	63.6136
34.0851	76.0726	0.0825083	63.6136
34.106	76.1551	0	63.6136
34.1113	76.1551	0.0825083	63.6136
34.2187	76.2376	0	63.6136
34.2192	76.2789	0.0825083	63.6136
34.2313	76.3614	0	63.6136
34.4239	76.3614	0	63.8645
34.5803	76.3614	0	63.99
34.5805	76.4026	0.0825083	63.99
34.6214	76.4851	0	63.99
34.6219	76.5264	0.0825083	63.99
34.6891	76.6089	0	63.99
34.6897	76.6089	0.165017	63.99
34.7009	76.6914	0.0825083	63.99
34.7157	76.7739	0	63.99
34.7161	76.7739	0.0825083	63.99
34.7409	76.8564	0	63.99
34.8314	76.8564	0	64.1154
34.8315	76.8564	0.0825083	64.1154
34.9487	76.9389	0	64.1154
34.9555	76.9802	0.0825083	64.1154
35.0861	77.0627	0	64.1154
35.2131	77.0627	0	64.2409
35.215	77.104	0.0825083	64.2409
35.2236	77.1865	0	64.2409
35.226	77.2277	0.0825083	64.2409
35.4581	77.3102	0	64.2409
35.4644	77.3515	0.0825083	64.2409
35.5469	77.434	0	64.2409
35.5488	77.434	0.165017	64.2409
35.5495	77.5165	0.0825083	64.2409
35.5792	77.599	0	64.2409
35.5793	77.6403	0.0825083	64.2409
35.6908	77.7228	0	64.2409
35.6925	77.764	0.0825083	64.2409
35.713	77.8465	0	64.2409
35.7345	77.8465	0	64.3664
35.738	77.8465	0.165017	64.3664
35.7406	77.929	0.0825083	64.3664
35.8227	78.0116	0	64.3664
35.8232	78.0528	0.0825083	64.3664
35.8529	78.1353	0	64.3664
35.9068	78.1353	0	64.6173
36.1569	78.1353	0	64.7428
36.157	78.1766	0.0825083	64.7428
36.2006	78.2591	0	64.7428
36.2022	78.2591	0.0825083	64.7428
36.2151	78.3416	0	64.7428
36.2197	78.3416	0	64.9937
36.2198	78.3828	0.0825083	64.9937
36.3676	78.4653	0	64.9937
36.4858	78.4653	0	65.1192
36.5605	78.4653	0	65.2447
36.6189	78.4653	0	65.3701
36.6193	78.4653	0.165017	65.3701
36.6226	78.5479	0.0825083	65.3701
36.6371	78.6304	0	65.3701
36.6431	78.6304	0.165017	65.3701
36.6444	78.7129	0.0825083	65.3701
36.8819	78.7954	0	65.3701
36.8828	78.7954	0.0825083	65.3701
37.3059	78.8779	0	65.3701
37.3206	78.8779	0	65.4956
37.3242	78.9191	0.0825083	65.4956
37.3501	79.0016	0	65.4956
37.443	79.0016	0	65.6211
37.4576	79.0016	0	65.872
37.4629	79.0016	0.0825083	65.872
37.4949	79.0842	0	65.872
37.6217	79.0842	0	65.9975
37.6252	79.1254	0.0825083	65.9975
37.633	79.2079	0	65.9975
37.6423	79.2079	0	66.123
37.6435	79.2492	0.0825083	66.123
37.6578	79.3317	0	66.123
37.6624	79.3729	0.0825083	66.123
37.7342	79.4554	0	66.123
37.8191	79.4554	0	66.2484
37.972	79.4554	0	66.3739
37.9802	79.4967	0.0825083	66.3739
38.1106	79.5792	0	66.3739
38.2196	79.5792	0	66.4994
38.3304	79.5792	0	66.6248
38.3345	79.5792	0.165017	66.6248
38.3367	79.6617	0.0825083	66.6248
38.5758	79.7442	0	66.6248
38.5787	79.7855	0.0825083	66.6248
38.6621	79.868	0	66.6248
38.6626	79.868	0.165017	66.6248
38.6639	79.9505	0.0825083	66.6248
38.6809	80.033	0	66.6248
38.6809	80.0743	0.0825083	66.6248
38.8163	80.1568	0	66.6248
38.8219	80.1568	0.0825083	66.6248
38.9909	80.2393	0	66.6248
38.994	80.2805	0.0825083	66.6248
38.995	80.2805	0.247525	66.6248
38.9967	80.363	0.165017	66.6248
38.9968	80.4455	0.0825083	66.6248
39.1759	80.5281	0	66.6248
39.1773	80.5281	0.0825083	66.6248
39.1889	80.6106	0	66.6248
39.1901	80.6518	0.0825083	66.6248
39.2426	80.7343	0	66.6248
39.2466	80.7343	0	66.8758
39.25	80.7756	0.0825083	66.8758
39.2827	80.8581	0	66.8758
39.3606	80.8581	0	67.0013
39.4523	80.8581	0	67.2522
39.4763	80.8581	0	67.3777
39.4779	80.8993	0.0825083	67.3777
39.5996	80.9818	0	67.3777
39.6424	80.9818	0	67.5031
39.6427	80.9818	0.165017	67.5031
39.6429	81.0644	0.0825083	67.5031
39.7941	81.1469	0	67.5031
39.797	81.1469	0.0825083	67.5031
39.8002	81.2294	0	67.5031
39.8007	81.2294	0.165017	67.5031
39.8019	81.3119	0.0825083	67.5031
39.8368	81.3944	0	67.5031
39.9223	81.3944	0	67.6286
39.923	81.4356	0.0825083	67.6286
40.1043	81.5182	0	67.6286
40.1057	81.5594	0.0825083	67.6286
40.1249	81.6419	0	67.6286
40.1259	81.6832	0.0825083	67.6286
40.1391	81.7657	0	67.6286
40.1417	81.7657	0.0825083	67.6286
40.1863	81.8482	0	67.6286
40.1898	81.8482	0.165017	67.6286
40.1914	81.9307	0.0825083	67.6286
40.193	82.0132	0	67.6286
40.1953	82.0545	0.0825083	67.6286
40.3958	82.137	0	67.6286
40.3959	82.137	0.165017	67.6286
40.3997	82.2195	0.0825083	67.6286
40.4244	82.302	0	67.6286
40.4247	82.3432	0.0825083	67.6286
40.5449	82.4257	0	67.6286
40.5458	82.467	0.0825083	67.6286
40.6552	82.5495	0	67.6286
40.6555	82.5495	0.165017	67.6286
40.6569	82.632	0.0825083	67.6286
40.664	82.7145	0	67.6286
40.6645	82.7145	0.0825083	67.6286
40.7987	82.797	0	67.6286
40.799	82.8383	0.0825083	67.6286
41.2781	82.9208	0	67.6286
41.2788	82.962	0.0825083	67.6286
41.4366	83.0446	0	67.6286
41.4371	83.0858	0.0825083	67.6286
41.7422	83.1683	0	67.6286
41.7425	83.2096	0.0825083	67.6286
41.8907	83.2921	0	67.6286
41.9088	83.2921	0	67.8795
42.0358	83.2921	0	68.005
42.0367	83.2921	0.165017	68.005
42.0389	83.3746	0.0825083	68.005
42.173	83.4571	0	68.005
42.2439	83.4571	0	68.1305
42.2449	83.4571	0.165017	68.1305
42.2602	83.5396	0.0825083	68.1305
42.2717	83.6221	0	68.1305
42.272	83.6634	0.0825083	68.1305
42.3854	83.7459	0	68.1305
42.3877	83.7871	0.0825083	68.1305
42.4173	83.8696	0	68.1305
42.422	83.9109	0.0825083	68.1305
42.5659	83.9934	0	68.1305
42.6243	83.9934	0	68.256
42.625	83.9934	0.165017	68.256
42.6309	84.0759	0.0825083	68.256
42.7146	84.1584	0	68.256
42.753	84.1584	0	68.3814
42.754	84.1997	0.0825083	68.3814
42.9501	84.2822	0	68.3814
42.9529	84.3234	0.0825083	68.3814
42.9697	84.4059	0	68.3814
42.9702	84.4059	0.165017	68.3814
42.9704	84.4884	0.0825083	68.3814
43.0936	84.571	0	68.3814
43.1002	84.6122	0.0825083	68.3814
43.576	84.6947	0	68.3814
43.5768	84.6947	0.165017	68.3814
43.5785	84.7772	0.0825083	68.3814
43.7467	84.8597	0	68.3814
43.7766	84.8597	0	68.5069
43.7778	84.8597	0.165017	68.5069
43.782	84.9422	0.0825083	68.5069
43.9939	85.0247	0	68.5069
44.0035	85.0247	0	68.7578
44.1874	85.0247	0	69.0088
44.3465	85.0247	0	69.1343
44.3487	85.066	0.0825083	69.1343
44.44	85.1485	0	69.1343
44.4411	85.1898	0.0825083	69.1343
44.6095	85.2723	0	69.1343
44.6771	85.2723	0	69.3852
44.6773	85.2723	0.0825083	69.3852
44.7654	85.3548	0	69.3852
44.7661	85.396	0.0825083	69.3852
44.8009	85.4785	0	69.3852
44.8222	85.4785	0	69.6361
44.8231	85.4785	0.165017	69.6361
44.8231	85.5611	0.0825083	69.6361
44.8641	85.6436	0	69.6361
44.8756	85.6848	0.0825083	69.6361
44.9387	85.7673	0	69.6361
44.9667	85.7673	0	69.8871
44.9701	85.8086	0.0825083	69.8871
45.1404	85.8911	0	69.8871
45.5312	85.8911	0	70.0126
45.5312	85.9323	0.0825083	70.0126
45.7443	86.0149	0	70.0126
45.7447	86.0561	0.0825083	70.0126
45.9642	86.1386	0	70.0126
45.9921	86.1386	0	70.2635
45.993	86.1799	0.0825083	70.2635
46.2247	86.2624	0	70.2635
46.2262	86.3036	0.0825083	70.2635
46.3515	86.3861	0	70.2635
46.3776	86.3861	0	70.5144
46.379	86.3861	0.165017	70.5144
46.3791	86.4686	0.0825083	70.5144
46.4138	86.5512	0	70.5144
46.4174	86.5512	0.165017	70.5144
46.4179	86.6337	0.0825083	70.5144
46.676	86.7162	0	70.5144
46.6767	86.7574	0.0825083	70.5144
46.7923	86.8399	0	70.5144
46.8111	86.8399	0	70.6399
46.9194	86.8399	0	70.7654
46.9209	86.8812	0.0825083	70.7654
47.3147	86.9637	0	70.7654
47.3181	87.005	0.0825083	70.7654
47.4324	87.0875	0	70.7654
47.6833	87.0875	0	70.8908
47.7465	87.0875	0	71.1418
47.9974	87.0875	0	71.3927
47.9989	87.1287	0.0825083	71.3927
48.1919	87.2112	0	71.3927
48.1961	87.2112	0.0825083	71.3927
48.2263	87.2937	0	71.3927
48.3541	87.2937	0	71.5182
48.3554	87.335	0.0825083	71.5182
48.3596	87.4175	0	71.5182
48.3602	87.4175	0.165017	71.5182
48.3611	87.5	0.0825083	71.5182
48.4923	87.5825	0	71.5182
48.4926	87.6238	0.0825083	71.5182
48.5067	87.7063	0	71.5182
48.5134	87.7475	0.0825083	71.5182
48.5849	87.83	0	71.5182
48.8801	87.83	0	71.7691
48.9769	87.83	0	71.8946
49.3465	87.83	0	72.0201
49.3472	87.8713	0.0825083	72.0201
49.3899	87.9538	0	72.0201
49.3915	87.995	0.0825083	72.0201
49.4122	88.0776	0	72.0201
49.4126	88.1188	0.0825083	72.0201
49.5312	88.2013	0	72.0201
49.5379	88.2426	0.0825083	72.0201
49.9263	88.3251	0	72.0201
49.9264	88.3663	0.0825083	72.0201
50.0004	88.4488	0	72.0201
50.0058	88.4488	0	72.1455
50.1415	88.4488	0	72.271
50.1475	88.4488	0.0825083	72.271
50.2807	88.5314	0	72.271
50.2937	88.5314	0	72.3965
50.3704	88.5314	0	72.522
50.3841	88.5314	0	72.6474
50.3842	88.5314	0.165017	72.6474
50.3864	88.6139	0.0825083	72.6474
50.4126	88.6964	0	72.6474
50.6388	88.6964	0	72.8984
51.0104	88.6964	0	73.0238
51.0114	88.7376	0.0825083	73.0238
51.0651	88.8201	0	73.0238
51.4931	88.8201	0	73.1493
51.4939	88.8201	0.165017	73.1493
51.4943	88.9026	0.0825083	73.1493
51.5174	88.9851	0	73.1493
51.9323	88.9851	0	73.2748
51.9324	88.9851	0.165017	73.2748
51.9329	89.0677	0.0825083	73.2748
51.9332	89.1089	0.165017	73.2748
51.9346	89.1914	0.0825083	73.2748
52.1657	89.2739	0	73.2748
52.1661	89.3152	0.0825083	73.2748
52.1738	89.3977	0	73.2748
52.1894	89.4389	0.0825083	73.2748
52.1908	89.5215	0	73.2748
52.1935	89.5627	0.0825083	73.2748
53.0818	89.6452	0	73.2748
53.0866	89.6865	0.0825083	73.2748
53.1337	89.769	0	73.2748
53.2557	89.769	0	73.5257
53.4023	89.769	0	73.6512
53.4025	89.8102	0.0825083	73.6512
53.4395	89.8927	0	73.6512
53.4423	89.934	0.0825083	73.6512
53.5708	90.0165	0	73.6512
53.5719	90.0165	0.165017	73.6512
53.5789	90.099	0.0825083	73.6512
53.6485	90.1815	0	73.6512
53.6896	90.1815	0	73.7767
53.6932	90.2228	0.0825083	73.7767
53.9288	90.3053	0	73.7767
54.0008	90.3053	0	74.0276
54.0378	90.3053	0	74.1531
54.0414	90.3053	0.0825083	74.1531
54.0482	90.3878	0	74.1531
54.1404	90.3878	0	74.2785
54.1421	90.429	0.0825083	74.2785
54.1501	90.5116	0	74.2785
54.153	90.5528	0.0825083	74.2785
54.4841	90.6353	0	74.2785
55.0896	90.6353	0	74.404
55.0934	90.6353	0.0825083	74.404
55.2642	90.7178	0	74.404
55.3085	90.7178	0	74.655
55.3086	90.7591	0.0825083	74.655
55.3894	90.8416	0	74.655
55.3929	90.8828	0.0825083	74.655
55.7175	90.9653	0	74.655
55.8896	90.9653	0	74.7804
55.8897	91.0066	0.0825083	74.7804
55.8934	91.0891	0	74.7804
55.8938	91.1304	0.0825083	74.7804
55.9768	91.2129	0	74.7804
55.9792	91.2129	0	75.0314
55.983	91.2129	0.0825083	75.0314
56.3115	91.2954	0	75.0314
56.3136	91.3366	0.0825083	75.0314
56.6569	91.4191	0	75.0314
56.6572	91.4604	0.0825083	75.0314
56.7735	91.5429	0	75.0314
56.8911	91.5429	0	75.2823
56.9488	91.5429	0	75.4078
56.9491	91.5842	0.0825083	75.4078
57.0363	91.6667	0	75.4078
57.0367	91.6667	0.165017	75.4078
57.0377	91.7492	0.0825083	75.4078
57.0397	91.7904	0.165017	75.4078
57.0417	91.8729	0.0825083	75.4078
57.0587	91.9554	0	75.4078
57.0594	91.9967	0.0825083	75.4078
57.3495	92.0792	0	75.4078
57.3502	92.1205	0.0825083	75.4078
57.78	92.203	0	75.4078
57.7845	92.2442	0.0825083	75.4078
57.8569	92.3267	0	75.4078
58.0986	92.3267	0	75.6587
58.2569	92.3267	0	75.7842
58.3065	92.3267	0	75.9097
58.3073	92.368	0.0825083	75.9097
58.5445	92.4505	0	75.9097
58.8388	92.4505	0	76.0351
58.925	92.4505	0	76.1606
58.9277	92.4918	0.0825083	76.1606
58.9357	92.5743	0	76.1606
58.9447	92.6155	0.0825083	76.1606
59.1665	92.698	0	76.1606
59.19	92.698	0	76.2861
59.19	92.7393	0.0825083	76.2861
59.4428	92.8218	0	76.2861
59.7448	92.8218	0	76.4115
59.7495	92.8218	0	76.537
59.766	92.8218	0	76.6625
59.8329	92.8218	0	76.788
59.9742	92.8218	0	76.9134
59.9743	92.863	0.0825083	76.9134
60.0154	92.9455	0	76.9134
60.5215	92.9455	0	77.0389
60.6657	92.9455	0	77.1644
60.863	92.9455	0	77.2898
60.8656	92.9868	0.0825083	77.2898
60.8728	93.0693	0	77.2898
60.9047	93.0693	0	77.4153
60.9054	93.0693	0.165017	77.4153
60.9054	93.1518	0.0825083	77.4153
61.1998	93.2343	0	77.4153
61.33	93.2343	0	77.6663
62.0175	93.2343	0	77.7917
62.0179	93.2756	0.0825083	77.7917
62.1757	93.3581	0	77.7917
62.1758	93.3581	0.0825083	77.7917
62.2145	93.4406	0	77.7917
62.6653	93.4406	0	77.9172
62.6659	93.4818	0.0825083	77.9172
63.0788	93.5644	0	77.9172
63.1321	93.5644	0	78.0427
63.1326	93.6056	0.0825083	78.0427
64.065	93.6881	0	78.0427
64.2231	93.6881	0	78.1681
64.2243	93.7294	0.0825083	78.1681
64.4123	93.8119	0	78.1681
64.8023	93.8119	0	78.2936
64.809	93.8119	0.0825083	78.2936
65.1622	93.8944	0	78.2936
65.1625	93.8944	0.165017	78.2936
65.1628	93.9769	0.0825083	78.2936
65.5075	94.0594	0	78.2936
65.5088	94.1007	0.0825083	78.2936
65.5217	94.1832	0	78.2936
66.1056	94.1832	0	78.4191
66.2263	94.1832	0	78.5445
66.3851	94.1832	0	78.67
66.5299	94.1832	0	78.7955
66.5309	94.2244	0.0825083	78.7955
66.6832	94.3069	0	78.7955
66.7814	94.3069	0	78.921
66.7876	94.3482	0.0825083	78.921
66.9436	94.4307	0	78.921
66.9459	94.4307	0.165017	78.921
66.947	94.5132	0.0825083	78.921
67.0286	94.5957	0	78.921
67.0303	94.637	0.0825083	78.921
67.3162	94.7195	0	78.921
67.3163	94.7607	0.0825083	78.921
67.459	94.8432	0	78.921
68.8822	94.8432	0	79.1719
69.4526	94.8432	0	79.2974
69.734	94.8432	0	79.4228
69.7379	94.8845	0.0825083	79.4228
69.7626	94.967	0	79.4228
69.7638	95.0082	0.0825083	79.4228
69.7807	95.0908	0	79.4228
69.7844	95.132	0.0825083	79.4228
70.0071	95.2145	0	79.4228
70.0092	95.2558	0.0825083	79.4228
70.0095	95.297	0.165017	79.4228
70.0109	95.3795	0.0825083	79.4228
70.3721	95.462	0	79.4228
70.6963	95.462	0	79.5483
70.7001	95.5033	0.0825083	79.5483
70.806	95.5858	0	79.5483
70.8105	95.6271	0.0825083	79.5483
70.9409	95.7096	0	79.5483
70.9439	95.7508	0.0825083	79.5483
71.3021	95.8333	0	79.5483
71.3021	95.8746	0.0825083	79.5483
72.5676	95.9571	0	79.5483
73.0242	95.9571	0	79.6738
73.8799	95.9571	0	79.7992
73.88	95.9984	0.0825083	79.7992
74.239	96.0809	0	79.7992
74.2434	96.1221	0.0825083	79.7992
74.364	96.2046	0	79.7992
74.4892	96.2046	0	79.9247
74.491	96.2459	0.0825083	79.9247
75.19	96.3284	0	79.9247
75.1921	96.3284	0.0825083	79.9247
75.2078	96.4109	0	79.9247
75.2081	96.4521	0.0825083	79.9247
75.2777	96.5347	0	79.9247
76.4772	96.5347	0	80.0502
78.5364	96.5347	0	80.1757
78.5462	96.5759	0.0825083	80.1757
78.7344	96.6584	0	80.1757
78.8944	96.6584	0	80.3011
78.9761	96.6584	0	80.4266
79.5751	96.6584	0	80.5521
79.5779	96.6997	0.0825083	80.5521
79.632	96.7822	0	80.5521
79.6332	96.8234	0.0825083	80.5521
80.5442	96.9059	0	80.5521
80.5456	96.9472	0.0825083	80.5521
80.6893	97.0297	0	80.5521
80.69	97.0297	0.0825083	80.5521
81.4671	97.1122	0	80.5521
81.4921	97.1122	0	80.803
81.4933	97.1535	0.0825083	80.803
81.4991	97.236	0	80.803
81.6949	97.236	0	80.9285
81.6962	97.2772	0.0825083	80.9285
81.7808	97.3597	0	80.9285
81.7811	97.3597	0.165017	80.9285
81.787	97.4422	0.0825083	80.9285
82.2446	97.5247	0	80.9285
82.404	97.5247	0	81.054
82.4052	97.566	0.0825083	81.054
82.8191	97.6485	0	81.054
82.8191	97.6898	0.0825083	81.054
83.3211	97.7723	0	81.054
83.4992	97.7723	0	81.1794
83.6558	97.7723	0	81.3049
85.6898	97.7723	0	81.4304
86.7982	97.7723	0	81.5558
86.7997	97.7723	0.165017	81.5558
86.8	97.8548	0.0825083	81.5558
87.2223	97.9373	0	81.5558
87.2255	97.9785	0.0825083	81.5558
88.3014	98.0611	0	81.5558
88.3121	98.0611	0	81.6813
88.4657	98.0611	0	81.8068
89.2471	98.0611	0	81.9322
89.5702	98.0611	0	82.0577
89.6126	98.0611	0	82.1832
89.9063	98.0611	0	82.3087
89.9097	98.1023	0.0825083	82.3087
90.4361	98.1848	0	82.3087
91.0791	98.1848	0	82.4341
91.5664	98.1848	0	82.5596
92.4243	98.1848	0	82.6851
92.4247	98.2261	0.0825083	82.6851
92.517	98.3086	0	82.6851
93.248	98.3086	0	82.8105
94.1004	98.3086	0	82.936
94.5976	98.3086	0	83.0615
95.1069	98.3086	0	83.187
95.1874	98.3086	0	83.3124
95.5072	98.3086	0	83.4379
96.1717	98.3086	0	83.5634
96.1731	98.3086	0.165017	83.5634
96.1736	98.3911	0.0825083	83.5634
97.2788	98.4736	0	83.5634
97.3488	98.4736	0	83.6888
97.4459	98.4736	0	83.8143
97.4473	98.5149	0.0825083	83.8143
97.7045	98.5974	0	83.8143
97.7077	98.6386	0.0825083	83.8143
97.8022	98.7211	0	83.8143
97.9078	98.7211	0	83.9398
99.3657	98.7211	0	84.0652
99.3963	98.7211	0	84.1907
99.3974	98.7624	0.0825083	84.1907
100.245	98.8449	0	84.1907
100.249	98.8861	0.0825083	84.1907
101.046	98.9686	0	84.1907
101.046	98.9686	0.165017	84.1907
101.047	99.0512	0.0825083	84.1907
101.33	99.1337	0	84.1907
101.748	99.1337	0	84.3162
102.692	99.1337	0	84.4417
103.715	99.1337	0	84.5671
104.12	99.1337	0	84.6926
104.616	99.1337	0	84.8181
104.793	99.1337	0	84.9435
105.013	99.1337	0	85.069
105.115	99.1337	0	85.1945
106.419	99.1337	0	85.3199
106.421	99.1749	0.0825083	85.3199
106.571	99.2574	0	85.3199
106.869	99.2574	0	85.4454
107.715	99.2574	0	85.5709
109.973	99.2574	0	85.6964
110.002	99.2574	0	85.8218
110.003	99.2574	0	85.9473
110.679	99.2574	0	86.0728
110.865	99.2574	0	86.1982
111.332	99.2574	0	86.3237
111.888	99.2574	0	86.4492
113.122	99.2574	0	86.7001
113.222	99.2574	0	86.8256
113.709	99.2574	0	86.9511
114.93	99.2574	0	87.0765
115.08	99.2574	0	87.202
115.26	99.2574	0	87.3275
115.26	99.2987	0.0825083	87.3275
115.581	99.3812	0	87.3275
121.241	99.3812	0	87.4529
121.474	99.3812	0	87.5784
121.477	99.3812	0.0825083	87.5784
121.531	99.4637	0	87.5784
125.736	99.4637	0	87.7039
126.326	99.4637	0	87.8294
126.326	99.505	0.0825083	87.8294
130.752	99.5875	0	87.8294
131.992	99.5875	0	87.9548
132.641	99.5875	0	88.0803
135.289	99.5875	0	88.2058
135.402	99.5875	0	88.3312
136.596	99.5875	0	88.4567
136.639	99.5875	0	88.5822
136.641	99.6287	0.0825083	88.5822
136.72	99.7112	0	88.5822
136.999	99.7112	0	88.7077
136.999	99.7112	0.165017	88.7077
137	99.7937	0.0825083	88.7077
137.011	99.8762	0	88.7077
138.221	99.8762	0	88.8331
138.626	99.8762	0	88.9586
139.358	99.8762	0	89.0841
140.626	99.8762	0	89.2095
141.623	99.8762	0	89.335
141.858	99.8762	0	89.4605
142.51	99.8762	0	89.5859
144.495	99.8762	0	89.7114
146.219	99.8762	0	89.8369
148.012	99.8762	0	89.9624
148.52	99.8762	0	90.2133
148.9	99.8762	0	90.3388
152.373	99.8762	0	90.4642
152.88	99.8762	0	90.5897
154.322	99.8762	0	90.7152
155.687	99.8762	0	90.8407
156.623	99.8762	0	90.9661
157	99.8762	0	91.0916
160.305	99.8762	0	91.2171
160.356	99.8762	0	91.3425
160.367	99.8762	0	91.468
161.744	99.8762	0	91.5935
161.959	99.8762	0	91.7189
167.779	99.8762	0	91.8444
168.639	99.8762	0	91.9699
169.917	99.8762	0	92.2208
172.523	99.8762	0	92.3463
176.551	99.8762	0	92.4718
178.087	99.8762	0	92.5972
179.152	99.8762	0	92.7227
181.374	99.8762	0	92.8482
183.118	99.8762	0	92.9736
186.261	99.8762	0	93.0991
187.141	99.8762	0	93.3501
187.515	99.8762	0	93.4755
191.083	99.8762	0	93.601
191.084	99.9175	0.0825083	93.601
193.347	100	0	93.601
197.268	100	0	93.7265
199.227	100	0	93.8519
202.498	100	0	94.1029
206.044	100	0	94.2284
210.369	100	0	94.3538
215.021	100	0	94.4793
216.376	100	0	94.6048
217.084	100	0	94.7302
217.338	100	0	94.8557
219.031	100	0	94.9812
221.168	100	0	95.1067
222.269	100	0	95.2321
224.095	100	0	95.3576
224.26	100	0	95.4831
230.109	100	0	95.6085
230.872	100	0	95.734
230.899	100	0	95.8595
231.164	100	0	95.9849
231.576	100	0	96.1104
233.252	100	0	96.2359
241.909	100	0	96.3614
246.786	100	0	96.4868
247.937	100	0	96.6123
252.838	100	0	96.7378
254.787	100	0	96.8632
259.17	100	0	96.9887
261.826	100	0	97.1142
264.785	100	0	97.2396
268.465	100	0	97.3651
270.588	100	0	97.4906
273.085	100	0	97.6161
274.478	100	0	97.7415
275.073	100	0	97.867
276.309	100	0	97.9925
277.87	100	0	98.1179
287.05	100	0	98.2434
288.836	100	0	98.3689
289.276	100	0	98.4944
295.553	100	0	98.6198
296.979	100	0	98.7453
297.67	100	0	98.8708
298.49	100	0	98.9962
302.741	100	0	99.1217
306.183	100	0	99.2472
313.043	100	0	99.3727
329.479	100	0	99.4981
342.681	100	0	99.7491
