2.94504e-10	0	0	0
1.19736e-09	0	0	0
2.51726e-09	0	0	0
2.66122e-09	0	0	0
3.21409e-09	0	0	0
3.41529e-09	0	0	0
4.49185e-09	0	0	0
4.69787e-09	0	0	0
5.50395e-09	0	0	0
6.71799e-09	0	0	0
7.30089e-09	0	0	0
7.64053e-09	0	0	0
8.61602e-09	0	0	0
1.00591e-08	0	0	0
1.05331e-08	0	0	0
1.21427e-08	0	0	0
1.31499e-08	0	0	0
1.36651e-08	0	0	0
1.56252e-08	0	0	0
1.59892e-08	0	0	0
1.65189e-08	0	0	0
2.06339e-08	0	0	0
2.15021e-08	0	0	0
2.27726e-08	0	0	0
2.73602e-08	0	0	0
2.94411e-08	0	0	0
3.28501e-08	0	0	0
3.41078e-08	0	0	0
3.82015e-08	0	0	0
4.15675e-08	0	0	0
4.22269e-08	0	0	0
4.26122e-08	0	0	0
4.86023e-08	0	0	0
5.22238e-08	0	0	0
5.37969e-08	0	0	0
5.42219e-08	0	0	0
6.11157e-08	0	0	0
6.47668e-08	0	0	0
7.3259e-08	0	0	0
9.03775e-08	0	0	0
9.35853e-08	0	0	0
9.38243e-08	0	0	0
9.39993e-08	0	0	0
1.28919e-07	0	0	0
1.41676e-07	0	0	0
1.56889e-07	0	0	0
1.61904e-07	0	0	0
1.68432e-07	0	0	0
1.75335e-07	0	0	0
1.87284e-07	0	0	0
2.20435e-07	0	0	0
2.33099e-07	0	0	0
2.40363e-07	0	0	0
2.4828e-07	0	0	0
3.08412e-07	0	0	0
4.15348e-07	0	0	0
4.288e-07	0	0	0
5.57137e-07	0	0	0
6.3072e-07	0	0	0
6.56451e-07	0	0	0
1.04957e-06	0	0	0
1.17328e-06	0	0	0
1.61387e-06	0	0	0
1.83329e-06	0	0	0
2.02329e-06	0	0	0
2.78961e-06	0	0	0
3.29122e-06	0	0	0
3.55216e-06	0	0	0
4.35859e-06	0	0	0
5.90653e-06	0	0	0
1.95281e-05	0	0	0
