6.54878e-07	0	0	0
7.61585e-07	0	0	0
3.58691e-06	0	0	0
3.62089e-06	0	0	0
5.63282e-06	0	0	0
7.26674e-06	0	0	0
1.08426e-05	0	0	0
1.11714e-05	0	0	0
1.18143e-05	0	0	0
1.31943e-05	0	0	0
1.37798e-05	0	0	0
1.70683e-05	0	0	0
1.77046e-05	0	0	0
1.99316e-05	0	0	0
2.09232e-05	0	0	0
2.59422e-05	0	0	0
3.0799e-05	0	0	0
3.09811e-05	0	0	0
3.35975e-05	0	0	0
3.38034e-05	0	0	0
3.58389e-05	0	0	0
3.85649e-05	0	0	0
4.01074e-05	0	0	0
4.17333e-05	0	0	0
4.19285e-05	0	0	0
4.22319e-05	0	0	0
4.22322e-05	0	0	0
4.37888e-05	0	0	0
4.60532e-05	0	0	0
4.67904e-05	0	0	0
4.90593e-05	0	0	0
5.58952e-05	0	0	0
5.90978e-05	0	0	0
6.23895e-05	0	0	0
6.80945e-05	0	0	0
6.83678e-05	0	0	0
7.00772e-05	0	0	0
7.16732e-05	0	0	0
7.27465e-05	0	0	0
7.41919e-05	0	0	0
7.55006e-05	0	0	0
7.63423e-05	0	0	0
7.79851e-05	0	0	0
8.18828e-05	0	0	0
8.32522e-05	0	0	0
8.8074e-05	0	0	0
9.28179e-05	0	0	0
9.36452e-05	0	0	0
9.9804e-05	0	0	0
0.000100762	0	0	0
0.000103331	0	0	0
0.000103541	0	0	0
0.000103838	0	0	0
0.0001041	0	0	0
0.000104321	0	0	0
0.000105225	0	0	0
0.00010665	0	0	0
0.000110365	0	0	0
0.000111081	0	0	0
0.000112767	0	0	0
0.000113886	0	0	0
0.000115035	0	0	0
0.000115444	0	0	0
0.00011845	0	0	0
0.000122372	0	0	0
0.000122865	0	0	0
0.000128705	0	0	0
0.000130147	0	0	0
0.000146106	0	0	0
0.00014789	0	0	0
0.000150854	0	0	0
0.000150938	0	0	0
0.000152077	0	0	0
0.0001601	0	0	0
0.000173557	0	0	0
0.000184727	0	0	0
0.000187506	0	0	0
0.000188486	0	0	0
0.000190959	0	0	0
0.000195374	0	0	0
0.000206424	0	0	0
0.000214356	0	0	0
0.000214944	0	0	0
0.000217557	0	0	0
0.000225111	0	0	0
0.000227815	0	0	0
0.000228527	0	0	0
0.000231482	0	0	0
0.000234331	0	0	0
0.000237734	0	0	0
0.000238457	0	0	0
0.000244063	0	0	0
0.000247929	0	0	0
0.000250251	0	0	0
0.000252598	0	0	0
0.000256773	0	0	0
0.000256777	0	0	0
0.000263902	0	0	0
0.000266141	0	0	0
0.0002675	0	0	0
0.000277109	0	0	0
0.000277611	0	0	0
0.000280639	0	0	0
0.000284391	0	0	0
0.000285803	0	0	0
0.00028798	0	0	0
0.000288971	0	0	0
0.000289167	0	0	0
0.000290266	0	0	0
0.000298284	0	0	0
0.000307289	0	0	0
0.000312391	0	0	0.0414938
0.000316255	0	0	0.0414938
0.000321449	0	0	0.0414938
0.000334819	0	0	0.0414938
0.000339697	0	0	0.0414938
0.000345879	0	0	0.0414938
0.000351033	0	0	0.0414938
0.000355082	0	0	0.0414938
0.000355534	0	0	0.0414938
0.000358182	0	0	0.0414938
0.000367047	0	0	0.0414938
0.000367152	0	0	0.0414938
0.000377527	0	0	0.0414938
0.000378958	0	0	0.0414938
0.000384848	0	0	0.0414938
0.000386659	0	0	0.0414938
0.000391372	0	0	0.0414938
0.000414844	0	0	0.0414938
0.00042087	0	0	0.0414938
0.000427197	0	0	0.0414938
0.00043227	0	0	0.0414938
0.00043687	0	0	0.0414938
0.00044559	0	0	0.0414938
0.000450612	0	0	0.0414938
0.000454456	0	0	0.0414938
0.000484062	0	0	0.0414938
0.000491342	0	0	0.0414938
0.000495237	0	0	0.0414938
0.000496443	0	0	0.0414938
0.000502996	0	0	0.0414938
0.000553209	0	0	0.0414938
0.000567676	0	0	0.0414938
0.000572312	0	0	0.0414938
0.000587859	0	0	0.0414938
0.000601157	0	0	0.0414938
0.000611336	0	0	0.0414938
0.000624268	0	0	0.0414938
0.000637171	0	0	0.0414938
0.000642236	0	0	0.0414938
0.00064455	0	0	0.0414938
0.000660994	0	0	0.0414938
0.000673427	0	0	0.0414938
0.000685299	0	0	0.0414938
0.000690807	0	0	0.0414938
0.000704985	0	0	0.0414938
0.000722543	0	0	0.0414938
0.000723951	0	0	0.0414938
0.00073019	0	0	0.0414938
0.000730339	0	0	0.0414938
0.000737621	0	0	0.0414938
0.000749555	0	0	0.0414938
0.000755317	0	0	0.0414938
0.000787059	0	0	0.0414938
0.000811529	0	0	0.0414938
0.000821631	0	0	0.0414938
0.000827773	0	0	0.0414938
0.000841741	0	0	0.0414938
0.000842191	0	0	0.0414938
0.000852331	0	0	0.0414938
0.000859676	0	0	0.0414938
0.00088122	0	0	0.0414938
0.000888574	0	0	0.0414938
0.000922958	0	0	0.0414938
0.00100236	0	0	0.0414938
0.00101939	0	0	0.0414938
0.00108777	0	0	0.0414938
0.00113804	0	0	0.0414938
0.00115131	0	0	0.0414938
0.00120096	0	0	0.0414938
0.00120485	0	0	0.0414938
0.00124222	0	0	0.0414938
0.00125922	0	0	0.0414938
0.0012762	0	0	0.0414938
0.00131274	0	0	0.0414938
0.00133273	0	0	0.0414938
0.0013664	0	0	0.0414938
0.00137515	0	0	0.0414938
0.00141531	0	0	0.0414938
0.00141997	0	0	0.0414938
0.00142161	0	0	0.0414938
0.00146006	0	0	0.0414938
0.00147599	0	0	0.0414938
0.00147659	0	0	0.0414938
0.0014849	0	0	0.0414938
0.00149468	0	0	0.0414938
0.00156196	0	0	0.0414938
0.00165653	0	0	0.0414938
0.00172692	0	0	0.0414938
0.00173127	0	0	0.0414938
0.00175269	0	0	0.0414938
0.00183718	0	0	0.0414938
0.00187222	0	0	0.0414938
0.00193835	0	0	0.0414938
0.00193848	0	0	0.0414938
0.00195248	0	0	0.0414938
0.00195692	0	0	0.0414938
0.00201515	0	0	0.0414938
0.00211561	0	0	0.0414938
0.00217066	0	0	0.0414938
0.00220307	0	0	0.0414938
0.00220925	0	0	0.0414938
0.00222766	0	0	0.0414938
0.00225501	0	0	0.0414938
0.00234247	0	0	0.0414938
0.00234847	0	0	0.0414938
0.00241491	0	0	0.0414938
0.00245765	0	0	0.0414938
0.00297983	0	0	0.0414938
0.00327527	0	0	0.0414938
0.00351263	0	0	0.0414938
0.00355542	0	0	0.0414938
0.00368834	0	0	0.0414938
0.00369297	0	0	0.0414938
0.00379741	0	0.0414594	0.0414938
0.0040634	0	0.0414594	0.0414938
0.0040927	0	0.0414594	0.0414938
0.00411783	0	0.0414594	0.0414938
0.00419137	0	0.0414594	0.0414938
0.00420164	0	0.0414594	0.0414938
0.00438507	0	0.0414594	0.0414938
0.00489181	0	0.0414594	0.0414938
0.00498496	0	0.0414594	0.0414938
0.0049951	0	0.0414594	0.0414938
0.00510188	0	0.0414594	0.0414938
0.00517885	0	0.0829187	0.0414938
0.00523044	0	0.0829187	0.0414938
0.00541513	0	0.0829187	0.0414938
0.00546698	0	0.0829187	0.0829876
0.0055438	0	0.0829187	0.0829876
0.00599985	0	0.0829187	0.0829876
0.00602112	0	0.0829187	0.0829876
0.00618073	0	0.0829187	0.124481
0.006462	0	0.0829187	0.124481
0.00649982	0	0.124378	0.124481
0.00683017	0	0.124378	0.124481
0.00685738	0	0.124378	0.124481
0.00696563	0	0.124378	0.124481
0.00700256	0	0.124378	0.124481
0.00764423	0	0.124378	0.124481
0.00772731	0	0.124378	0.124481
0.00775202	0	0.124378	0.124481
0.00778492	0	0.124378	0.124481
0.00801812	0	0.124378	0.165975
0.00809714	0	0.124378	0.165975
0.00835585	0	0.124378	0.165975
0.00837816	0	0.124378	0.165975
0.00876934	0	0.124378	0.165975
0.00882739	0	0.124378	0.165975
0.00978009	0	0.124378	0.165975
0.00984425	0	0.124378	0.165975
0.00990461	0	0.124378	0.165975
0.0100012	0	0.124378	0.165975
0.010582	0	0.124378	0.165975
0.0109538	0	0.124378	0.165975
0.0112893	0	0.124378	0.165975
0.0113843	0	0.124378	0.165975
0.0116011	0	0.124378	0.165975
0.0118157	0	0.124378	0.165975
0.0120788	0	0.124378	0.165975
0.0122052	0	0.124378	0.165975
0.0128903	0	0.124378	0.165975
0.013056	0	0.124378	0.165975
0.0139405	0	0.124378	0.165975
0.0141564	0	0.124378	0.165975
0.0145821	0	0.124378	0.165975
0.0147851	0	0.124378	0.165975
0.0149861	0	0.124378	0.165975
0.0150652	0	0.124378	0.165975
0.0158643	0	0.124378	0.165975
0.0159912	0	0.124378	0.165975
0.0164301	0	0.165837	0.165975
0.0173071	0	0.165837	0.165975
0.0198472	0	0.165837	0.165975
0.0207177	0	0.165837	0.165975
0.0209668	0	0.165837	0.165975
0.0212672	0	0.165837	0.165975
0.0222375	0	0.165837	0.165975
0.0229701	0	0.165837	0.207469
0.0231732	0	0.165837	0.207469
0.0233832	0	0.165837	0.207469
0.0241886	0	0.165837	0.248963
0.0246214	0	0.165837	0.248963
0.0248588	0	0.165837	0.248963
0.0292178	0	0.207297	0.248963
0.0298738	0	0.207297	0.248963
0.0302137	0	0.207297	0.248963
0.0315885	0	0.207297	0.248963
0.0322955	0	0.207297	0.248963
0.0361464	0	0.207297	0.248963
0.0371678	0	0.207297	0.290456
0.039579	0	0.207297	0.290456
0.0415941	0	0.207297	0.290456
0.0455965	0	0.207297	0.290456
0.049938	0	0.207297	0.290456
0.0535502	0	0.207297	0.290456
0.056054	0	0.207297	0.290456
0.0604312	0	0.207297	0.290456
0.0628099	0	0.207297	0.290456
0.0648724	0	0.207297	0.33195
0.0650249	0	0.207297	0.33195
0.065095	0	0.207297	0.33195
0.072139	0	0.207297	0.33195
0.0730839	0	0.207297	0.33195
0.0733413	0	0.207297	0.33195
0.0741279	0	0.207297	0.33195
0.0750931	0	0.207297	0.33195
0.080755	0	0.207297	0.33195
0.0823329	0	0.207297	0.33195
0.0834278	0	0.207297	0.33195
0.0855837	0	0.207297	0.373444
0.085821	0	0.207297	0.373444
0.0885063	0	0.207297	0.373444
0.089988	0	0.207297	0.373444
0.0931261	0	0.207297	0.373444
0.0935658	0	0.207297	0.373444
0.0985349	0	0.248756	0.373444
0.09894	0	0.248756	0.373444
0.10103	0	0.248756	0.373444
0.107544	0	0.248756	0.373444
0.112111	0	0.248756	0.373444
0.11514	0	0.248756	0.414938
0.119921	0.0207297	0.290216	0.414938
0.12843	0.0207297	0.290216	0.414938
0.13214	0.0207297	0.290216	0.456432
0.132431	0.0207297	0.290216	0.456432
0.135918	0.0207297	0.331675	0.456432
0.136718	0.0207297	0.331675	0.456432
0.13771	0.0207297	0.331675	0.456432
0.143908	0.0207297	0.331675	0.456432
0.153659	0.0207297	0.331675	0.456432
0.163321	0.0207297	0.331675	0.456432
0.163416	0.0207297	0.331675	0.456432
0.164087	0.0207297	0.373134	0.456432
0.174526	0.0207297	0.373134	0.456432
0.176685	0.0207297	0.373134	0.456432
0.177347	0.0207297	0.373134	0.456432
0.185543	0.0207297	0.373134	0.456432
0.185607	0.0207297	0.373134	0.497925
0.196145	0.0207297	0.373134	0.497925
0.196462	0.0207297	0.373134	0.497925
0.201315	0.0414594	0.414594	0.497925
0.209373	0.0414594	0.414594	0.497925
0.21053	0.0414594	0.414594	0.497925
0.216131	0.0414594	0.456053	0.497925
0.219098	0.0414594	0.456053	0.497925
0.221627	0.0414594	0.456053	0.497925
0.22633	0.0414594	0.456053	0.539419
0.232693	0.0414594	0.497512	0.539419
0.235462	0.0414594	0.497512	0.539419
0.258794	0.0414594	0.538972	0.539419
0.273448	0.0414594	0.538972	0.539419
0.275327	0.0414594	0.538972	0.539419
0.281385	0.0414594	0.538972	0.539419
0.284256	0.0414594	0.538972	0.580913
0.288494	0.0414594	0.580431	0.580913
0.305172	0.0414594	0.580431	0.580913
0.306657	0.0414594	0.580431	0.580913
0.312106	0.0414594	0.580431	0.580913
0.313723	0.0414594	0.621891	0.580913
0.323981	0.0414594	0.621891	0.622407
0.32688	0.0414594	0.621891	0.622407
0.328379	0.0414594	0.621891	0.622407
0.32843	0.0414594	0.621891	0.622407
0.329949	0.0414594	0.621891	0.622407
0.343304	0.0414594	0.66335	0.622407
0.373022	0.0414594	0.66335	0.622407
0.3732	0.0414594	0.66335	0.622407
0.407732	0.0414594	0.66335	0.622407
0.434274	0.0414594	0.66335	0.622407
0.451158	0.0414594	0.66335	0.622407
0.456976	0.0414594	0.66335	0.622407
0.462144	0.0414594	0.66335	0.622407
0.489701	0.0414594	0.66335	0.622407
0.50352	0.0414594	0.66335	0.622407
0.506771	0.0414594	0.66335	0.622407
0.540615	0.0414594	0.66335	0.622407
0.571594	0.0414594	0.66335	0.6639
0.574393	0.0414594	0.66335	0.705394
0.586089	0.0414594	0.66335	0.705394
0.588213	0.0414594	0.66335	0.705394
0.604758	0.0414594	0.66335	0.746888
0.663786	0.0414594	0.66335	0.788382
0.69976	0.0414594	0.66335	0.829876
0.73373	0.0414594	0.66335	0.871369
0.837396	0.0414594	0.66335	0.912863
1.02805	0.0414594	0.66335	0.912863
1.07776	0.0414594	0.66335	0.912863
1.11836	0.0414594	0.66335	0.954357
1.1867	0.0414594	0.66335	0.995851
1.34214	0.0414594	0.66335	0.995851
1.55201	0.0414594	0.66335	1.03734
1.72906	0.0414594	0.66335	1.07884
1.83243	0.0414594	0.704809	1.07884
1.98563	0.0414594	0.704809	1.12033
2.22391	0.0414594	0.704809	1.12033
3.59894	0.0414594	0.704809	1.16183
