1.34295e-06	0	0	0
1.51407e-06	0	0	0
6.06717e-06	0	0	0
7.09022e-06	0	0	0
1.31104e-05	0	0	0
1.42215e-05	0	0	0
1.61002e-05	0	0	0
1.64741e-05	0	0	0
1.77035e-05	0	0	0
1.82601e-05	0	0	0
1.97734e-05	0	0	0
1.98877e-05	0	0	0
2.14674e-05	0	0	0.041511
2.31003e-05	0	0	0.041511
2.34317e-05	0	0	0.041511
2.65465e-05	0	0	0.041511
2.8278e-05	0	0	0.041511
2.8441e-05	0	0	0.041511
3.27347e-05	0	0	0.041511
3.44588e-05	0	0	0.041511
3.50686e-05	0	0	0.041511
3.60868e-05	0	0	0.041511
3.96927e-05	0	0	0.041511
4.74905e-05	0	0	0.041511
6.04848e-05	0	0	0.041511
6.18672e-05	0	0	0.041511
7.17519e-05	0	0	0.041511
7.18533e-05	0	0	0.041511
7.26979e-05	0	0	0.041511
7.3474e-05	0	0	0.041511
7.50672e-05	0	0	0.041511
7.68817e-05	0	0	0.041511
7.94345e-05	0	0	0.041511
8.04193e-05	0	0	0.041511
8.0423e-05	0	0	0.041511
8.12813e-05	0	0	0.041511
8.2196e-05	0	0	0.041511
8.61996e-05	0	0	0.041511
8.90668e-05	0	0	0.041511
9.0173e-05	0	0	0.041511
9.22365e-05	0	0	0.041511
9.47429e-05	0	0	0.041511
9.81053e-05	0	0	0.041511
0.000104738	0	0	0.041511
0.000105141	0	0	0.041511
0.000106121	0	0	0.041511
0.000108086	0	0	0.041511
0.000113304	0	0	0.041511
0.000113773	0	0	0.041511
0.000114128	0	0	0.041511
0.000120862	0	0	0.041511
0.000122351	0	0	0.041511
0.000132818	0	0	0.041511
0.000141642	0	0	0.041511
0.000143286	0	0	0.041511
0.000144811	0	0	0.041511
0.0001459	0	0	0.041511
0.000146443	0	0	0.041511
0.000148305	0	0	0.041511
0.000148993	0	0	0.041511
0.000160901	0	0	0.041511
0.000162001	0	0	0.041511
0.000163715	0	0	0.041511
0.000166925	0	0	0.041511
0.000167185	0	0	0.041511
0.000168254	0	0	0.041511
0.000171221	0	0	0.041511
0.000173655	0	0	0.041511
0.0001755	0	0	0.041511
0.000177253	0	0	0.041511
0.000179909	0	0	0.041511
0.000182549	0	0	0.041511
0.000185305	0	0	0.041511
0.000188839	0	0	0.041511
0.000188924	0	0	0.041511
0.000189839	0	0	0.041511
0.000192841	0	0	0.041511
0.000198987	0	0	0.041511
0.000208058	0	0	0.041511
0.000212001	0	0	0.041511
0.000215638	0	0	0.041511
0.000221562	0	0	0.041511
0.000226337	0	0	0.041511
0.000227932	0	0	0.041511
0.000230844	0	0	0.041511
0.000231774	0	0	0.041511
0.000233246	0	0	0.041511
0.000237083	0	0	0.041511
0.00023822	0	0	0.041511
0.00024158	0	0	0.083022
0.000244487	0	0	0.083022
0.00024721	0	0	0.083022
0.000251366	0	0	0.083022
0.000256883	0	0	0.083022
0.000256885	0	0	0.083022
0.000258563	0	0	0.083022
0.000275242	0	0	0.083022
0.000277314	0	0	0.083022
0.000278264	0	0	0.083022
0.000279018	0	0	0.083022
0.000279204	0	0	0.083022
0.000285111	0	0	0.083022
0.000291183	0	0	0.083022
0.000300477	0	0	0.083022
0.000300805	0	0	0.083022
0.000303609	0	0	0.083022
0.000306772	0	0	0.083022
0.000312152	0	0	0.083022
0.000314185	0	0	0.083022
0.000315799	0	0	0.083022
0.000329015	0	0	0.083022
0.000332603	0	0	0.083022
0.000336786	0	0	0.083022
0.000338819	0	0	0.124533
0.000346425	0	0	0.124533
0.000350772	0	0	0.124533
0.000359399	0	0	0.124533
0.00036079	0	0	0.166044
0.000371777	0	0	0.166044
0.000375017	0	0	0.166044
0.000376424	0	0	0.166044
0.000377562	0	0	0.166044
0.000386864	0	0	0.166044
0.000387038	0	0	0.166044
0.000391893	0	0	0.166044
0.000419188	0	0	0.166044
0.000424706	0	0	0.166044
0.000431576	0	0	0.166044
0.000442615	0	0	0.166044
0.000451278	0	0	0.166044
0.00045157	0	0	0.166044
0.000456519	0	0	0.166044
0.000460351	0	0	0.166044
0.000466463	0	0	0.166044
0.00046854	0	0	0.166044
0.000470347	0	0	0.166044
0.000474787	0	0	0.166044
0.000479595	0	0	0.166044
0.000479924	0	0	0.166044
0.000483662	0	0	0.166044
0.000485803	0	0	0.166044
0.000501489	0	0	0.166044
0.000502979	0	0	0.166044
0.000503781	0	0	0.166044
0.000507507	0	0	0.166044
0.00050856	0	0	0.166044
0.000510919	0	0	0.166044
0.000512296	0	0	0.166044
0.000516145	0	0	0.166044
0.000531118	0	0	0.166044
0.000537457	0	0	0.166044
0.000539067	0	0	0.166044
0.000558069	0	0	0.166044
0.000561157	0	0	0.166044
0.000567342	0	0	0.166044
0.000576672	0	0	0.166044
0.000577892	0	0	0.166044
0.000579661	0	0	0.166044
0.000579779	0	0	0.166044
0.000623562	0	0	0.166044
0.000641534	0	0	0.207555
0.000648939	0	0	0.207555
0.000657122	0	0	0.207555
0.000702731	0	0	0.207555
0.000713359	0	0	0.207555
0.000713478	0	0	0.207555
0.000717357	0	0	0.207555
0.000736549	0	0	0.207555
0.000738586	0	0	0.207555
0.000752627	0	0	0.207555
0.000759701	0	0	0.207555
0.000765354	0	0	0.207555
0.000789412	0	0	0.207555
0.000790034	0	0	0.207555
0.000802739	0	0	0.207555
0.00080786	0	0	0.207555
0.000819584	0	0	0.207555
0.00083649	0	0	0.207555
0.000884405	0	0	0.207555
0.000894559	0	0	0.207555
0.000906941	0	0	0.207555
0.000910865	0	0	0.207555
0.000919669	0	0	0.207555
0.000966232	0	0	0.207555
0.000971117	0	0	0.249066
0.000976472	0	0	0.249066
0.00102499	0	0	0.249066
0.00102809	0	0	0.249066
0.00105435	0	0	0.249066
0.00106871	0	0	0.249066
0.00107148	0	0	0.249066
0.0010818	0	0	0.249066
0.00114724	0	0	0.249066
0.00115198	0	0	0.249066
0.00118516	0	0	0.249066
0.00120591	0	0	0.249066
0.00125433	0	0	0.249066
0.00127799	0	0	0.249066
0.00132285	0	0	0.249066
0.00135854	0	0	0.249066
0.00136517	0	0	0.249066
0.00138083	0	0	0.249066
0.00139355	0	0	0.249066
0.00143065	0	0	0.249066
0.00143523	0	0	0.249066
0.00144116	0	0	0.249066
0.00148574	0	0	0.249066
0.00149988	0	0	0.249066
0.00158022	0	0	0.249066
0.00159205	0	0	0.249066
0.00159955	0	0	0.290577
0.00160415	0	0	0.290577
0.00165907	0	0	0.290577
0.00170438	0	0	0.290577
0.00171998	0	0	0.332088
0.00176692	0	0	0.332088
0.00176945	0	0	0.332088
0.00186993	0	0	0.332088
0.00189205	0	0	0.332088
0.00205297	0	0	0.332088
0.00206908	0	0	0.332088
0.00216611	0	0	0.332088
0.00216672	0	0	0.332088
0.00217143	0	0	0.332088
0.00219137	0	0	0.332088
0.00221009	0	0	0.332088
0.00223264	0	0	0.332088
0.0022613	0	0	0.332088
0.00244335	0	0	0.332088
0.00244666	0	0	0.332088
0.00254167	0	0	0.332088
0.00256168	0	0	0.332088
0.00274399	0	0	0.332088
0.00292148	0	0	0.332088
0.00301451	0	0	0.332088
0.00313838	0	0	0.332088
0.00335255	0	0	0.332088
0.00337282	0	0	0.373599
0.00352343	0	0	0.373599
0.00378516	0	0	0.373599
0.00390307	0	0	0.373599
0.00391676	0	0	0.373599
0.00419392	0	0	0.373599
0.00420534	0	0	0.373599
0.00434579	0	0	0.41511
0.00439223	0	0	0.41511
0.00442253	0	0	0.41511
0.00444212	0	0	0.41511
0.00447789	0	0	0.41511
0.00451474	0	0	0.41511
0.00470934	0	0	0.41511
0.00472474	0	0	0.41511
0.00475669	0	0	0.41511
0.00478691	0	0	0.41511
0.00479193	0	0	0.41511
0.00480586	0	0	0.41511
0.00481683	0	0	0.41511
0.00531069	0	0	0.41511
0.00542731	0	0.0414594	0.41511
0.00543373	0	0.0414594	0.41511
0.00553259	0	0.0414594	0.41511
0.00581195	0	0.0414594	0.41511
0.00592235	0	0.0414594	0.41511
0.00594935	0	0.0414594	0.41511
0.00605124	0	0.0414594	0.41511
0.00615547	0	0.0414594	0.41511
0.00632092	0	0.0414594	0.41511
0.00640875	0	0.0414594	0.41511
0.00653998	0	0.0414594	0.41511
0.00707219	0	0.0414594	0.41511
0.00742024	0	0.0414594	0.41511
0.00770505	0	0.0414594	0.41511
0.00770954	0	0.0414594	0.41511
0.00819673	0	0.0414594	0.41511
0.00870101	0	0.0414594	0.41511
0.00906666	0	0.0414594	0.41511
0.00916319	0	0.0414594	0.41511
0.00996541	0	0.0414594	0.41511
0.0103226	0	0.0414594	0.41511
0.0106743	0	0.0414594	0.41511
0.0122912	0	0.0414594	0.41511
0.0137942	0	0.0414594	0.41511
0.0158894	0	0.0414594	0.41511
0.0167839	0	0.0414594	0.41511
0.016979	0	0.0414594	0.41511
0.0179053	0	0.0414594	0.456621
0.0180204	0	0.0414594	0.456621
0.0188655	0	0.0829187	0.456621
0.0188785	0	0.0829187	0.456621
0.0201414	0	0.0829187	0.456621
0.0204904	0	0.0829187	0.456621
0.0231371	0	0.0829187	0.456621
0.0248054	0	0.0829187	0.456621
0.0251231	0	0.0829187	0.456621
0.0298799	0	0.0829187	0.456621
0.0319188	0	0.0829187	0.456621
0.032554	0	0.0829187	0.456621
0.0340866	0	0.0829187	0.456621
0.0364237	0	0.0829187	0.456621
0.036611	0	0.0829187	0.456621
0.0371263	0	0.0829187	0.456621
0.0378439	0	0.0829187	0.456621
0.0397425	0	0.0829187	0.456621
0.0405778	0	0.0829187	0.456621
0.0415272	0	0.0829187	0.456621
0.0441243	0	0.0829187	0.456621
0.0447809	0	0.0829187	0.456621
0.0451982	0	0.0829187	0.456621
0.0470012	0	0.0829187	0.456621
0.0475657	0	0.0829187	0.456621
0.050876	0	0.0829187	0.456621
0.0518103	0	0.0829187	0.456621
0.0548478	0	0.0829187	0.456621
0.059736	0	0.124378	0.456621
0.0626662	0	0.165837	0.456621
0.070994	0	0.165837	0.456621
0.0715087	0	0.165837	0.456621
0.0731779	0	0.165837	0.456621
0.0807052	0	0.165837	0.498132
0.0812814	0	0.165837	0.498132
0.0832297	0	0.165837	0.498132
0.0841622	0	0.165837	0.498132
0.0844673	0	0.165837	0.498132
0.0868348	0	0.165837	0.498132
0.0873801	0	0.207297	0.498132
0.0932788	0	0.207297	0.498132
0.0940636	0	0.207297	0.498132
0.0969069	0	0.207297	0.498132
0.0989797	0	0.207297	0.498132
0.102501	0	0.207297	0.498132
0.117166	0	0.207297	0.539643
0.120875	0	0.207297	0.539643
0.125622	0	0.207297	0.539643
0.126333	0	0.207297	0.539643
0.129671	0	0.248756	0.539643
0.130486	0	0.248756	0.539643
0.142496	0	0.248756	0.539643
0.153682	0	0.248756	0.539643
0.154402	0	0.248756	0.539643
0.160043	0	0.248756	0.539643
0.16407	0	0.290216	0.539643
0.165755	0	0.290216	0.539643
0.167673	0	0.331675	0.539643
0.168037	0	0.331675	0.539643
0.168419	0	0.331675	0.539643
0.171025	0	0.331675	0.539643
0.172079	0	0.331675	0.539643
0.188985	0	0.331675	0.539643
0.194172	0	0.331675	0.539643
0.194968	0	0.373134	0.539643
0.19546	0	0.373134	0.539643
0.202826	0	0.373134	0.539643
0.21765	0	0.414594	0.539643
0.218743	0	0.414594	0.539643
0.219716	0	0.456053	0.539643
0.221398	0	0.456053	0.539643
0.221785	0	0.456053	0.539643
0.244576	0	0.456053	0.539643
0.246175	0	0.456053	0.539643
0.253925	0	0.456053	0.539643
0.25501	0	0.497512	0.539643
0.283647	0	0.497512	0.539643
0.284542	0	0.497512	0.539643
0.297181	0	0.497512	0.539643
0.309306	0	0.497512	0.539643
0.310397	0	0.497512	0.539643
0.315472	0	0.497512	0.581154
0.325525	0	0.538972	0.581154
0.326316	0	0.538972	0.622665
0.330121	0	0.538972	0.622665
0.330993	0	0.538972	0.622665
0.350329	0	0.580431	0.622665
0.373732	0	0.580431	0.622665
0.378912	0	0.580431	0.622665
0.382935	0	0.580431	0.622665
0.400503	0	0.580431	0.622665
0.401108	0	0.580431	0.622665
0.405537	0	0.580431	0.622665
0.408841	0	0.621891	0.622665
0.414154	0	0.621891	0.622665
0.423858	0	0.66335	0.622665
0.434307	0	0.66335	0.622665
0.442398	0	0.66335	0.622665
0.477741	0	0.66335	0.622665
0.498357	0	0.66335	0.622665
0.547166	0	0.66335	0.622665
0.577604	0	0.66335	0.622665
0.638718	0	0.66335	0.664176
0.67987	0	0.66335	0.705687
0.686822	0	0.704809	0.705687
0.704996	0	0.704809	0.705687
0.72546	0	0.704809	0.705687
0.756201	0	0.704809	0.747198
0.761565	0	0.704809	0.747198
0.848633	0	0.704809	0.747198
0.854117	0	0.746269	0.747198
0.868146	0	0.746269	0.788709
0.918394	0	0.746269	0.83022
0.938471	0	0.746269	0.83022
1.00747	0	0.746269	0.871731
1.01838	0	0.787728	0.871731
1.02831	0	0.787728	0.913242
1.03359	0	0.787728	0.913242
1.08691	0	0.787728	0.913242
1.3301	0	0.787728	0.913242
1.40153	0	0.787728	0.954753
1.48776	0	0.829187	0.954753
1.52942	0	0.829187	0.954753
1.54986	0	0.829187	0.996264
1.8465	0	0.829187	1.03778
1.84822	0	0.829187	1.07929
1.95824	0	0.829187	1.1208
3.0542	0	0.829187	1.16231
3.72752	0	0.829187	1.20382
5.51223	0	0.870647	1.20382
