8.30622e-07	0	0	0
9.99569e-07	0	0	0
5.51006e-06	0	0	0
1.21506e-05	0	0	0
1.8647e-05	0	0	0
2.05379e-05	0	0	0
2.33903e-05	0	0	0
2.83323e-05	0	0	0
3.14644e-05	0	0	0
3.38837e-05	0	0	0
3.85589e-05	0	0	0
4.01105e-05	0	0	0
4.22246e-05	0	0	0
5.42934e-05	0	0	0
5.58642e-05	0	0	0
5.78831e-05	0	0	0
5.8722e-05	0	0	0
6.0369e-05	0	0	0
6.15133e-05	0	0	0
6.58877e-05	0	0	0
6.69935e-05	0	0	0
7.10089e-05	0	0	0
7.35704e-05	0	0	0
7.89272e-05	0	0	0
8.86849e-05	0	0	0
9.08118e-05	0	0	0
9.19115e-05	0	0	0
9.44619e-05	0	0	0
0.000104661	0	0	0
0.000108038	0	0	0
0.000115591	0	0	0
0.000116848	0	0	0
0.00011812	0	0	0
0.000123293	0	0	0
0.000138159	0	0	0
0.000147153	0	0	0
0.000148553	0	0	0
0.000156141	0	0	0
0.000156323	0	0	0
0.000158951	0	0	0
0.000160843	0	0	0
0.000161936	0	0	0
0.00016526	0	0	0
0.000168005	0	0	0
0.000181088	0	0	0
0.000182972	0	0	0
0.000183287	0	0	0
0.000195917	0	0	0
0.000199732	0	0	0
0.000204319	0	0	0
0.000204671	0	0	0
0.000204756	0	0	0
0.000212948	0	0	0
0.000218396	0	0	0
0.000224311	0	0	0
0.000224717	0	0	0
0.000225448	0	0	0
0.000225878	0	0	0
0.000225969	0	0	0
0.00023266	0	0	0
0.000235235	0	0	0
0.000240821	0	0	0
0.000242964	0	0	0
0.000248497	0	0	0
0.000249287	0	0	0
0.000254902	0	0	0
0.00026035	0	0	0
0.000264526	0	0	0
0.000266014	0	0	0
0.000272977	0	0	0
0.00027386	0	0	0
0.000285959	0	0	0
0.000288781	0	0	0
0.000291494	0	0	0
0.000292366	0	0	0
0.000305649	0	0	0
0.000324843	0	0	0
0.000325449	0	0	0
0.00032806	0	0	0
0.000340017	0	0	0
0.000342727	0	0	0
0.000345203	0	0	0
0.000367681	0	0	0
0.000368524	0	0	0
0.000379157	0	0	0
0.000388747	0	0	0
0.000389459	0	0	0
0.000390796	0	0	0
0.000394889	0	0	0
0.000399587	0	0	0
0.000402463	0	0	0
0.000407606	0	0	0
0.000409156	0	0	0
0.000410315	0	0	0
0.000417345	0	0	0
0.000423279	0	0	0
0.000424956	0	0	0
0.000426636	0	0	0
0.000427947	0	0	0
0.00043792	0	0	0
0.000438495	0	0	0
0.00043941	0	0	0
0.000443332	0	0	0
0.000443382	0	0	0
0.000446154	0	0	0
0.000461378	0	0	0
0.000464569	0	0	0
0.000465164	0	0	0
0.000479636	0	0	0
0.000479778	0	0	0
0.000497062	0	0	0
0.000497733	0	0	0
0.000499212	0	0	0
0.00050461	0	0	0
0.000510816	0	0	0
0.000513438	0	0	0
0.000526805	0	0	0
0.000529042	0	0	0
0.000533965	0	0	0
0.000538257	0	0	0
0.000539167	0	0	0
0.000541416	0	0	0
0.000545235	0	0	0
0.000545686	0	0	0
0.000548402	0	0	0
0.000555143	0	0	0
0.000563157	0	0	0
0.000564155	0	0	0
0.000566326	0	0	0
0.000566796	0	0	0
0.000568256	0	0	0
0.000576281	0	0	0
0.000577284	0	0	0
0.000580856	0	0	0
0.000583344	0	0	0
0.000584615	0	0	0
0.00059445	0	0	0
0.000597706	0	0	0
0.000599576	0	0	0
0.000604084	0	0	0
0.000604955	0	0	0
0.000605316	0	0	0
0.000606783	0	0	0
0.000611619	0	0	0
0.000614315	0	0	0
0.000616418	0	0	0
0.000621245	0	0	0
0.00062301	0	0	0
0.000626556	0	0	0
0.000627667	0	0	0
0.000635012	0	0	0
0.000644811	0	0	0
0.000650123	0	0	0
0.000650635	0	0	0
0.000654995	0	0	0
0.000664795	0	0	0
0.000671561	0	0	0
0.000672004	0	0	0
0.000672724	0	0	0
0.000672781	0	0	0
0.000677564	0	0	0
0.000682975	0	0	0
0.0006836	0	0	0
0.000686295	0	0	0
0.000689323	0	0	0
0.000690886	0	0	0
0.000695356	0	0	0
0.000696086	0	0	0
0.000702341	0	0	0
0.000705598	0	0	0
0.000706001	0	0	0
0.000706198	0	0	0
0.000713203	0	0	0
0.000717047	0	0	0
0.000719194	0	0	0
0.000720542	0	0	0
0.000727688	0	0	0
0.00073658	0	0	0
0.000738005	0	0	0
0.000743422	0	0	0
0.000746266	0	0	0
0.000757936	0	0	0
0.00076081	0	0	0
0.00076275	0	0	0
0.000764989	0	0	0
0.000765853	0	0	0
0.000788252	0	0	0
0.000790294	0	0	0
0.000792653	0	0	0
0.000794965	0	0	0
0.000799722	0	0	0
0.00080058	0	0	0
0.000803066	0	0	0
0.000821527	0	0	0
0.000821744	0	0	0
0.000827487	0	0	0
0.000837634	0	0	0
0.00083858	0	0	0
0.000839187	0	0	0
0.000840111	0	0	0
0.000841346	0	0	0
0.000842584	0	0	0
0.000845044	0	0	0
0.000847203	0	0	0
0.000847205	0	0	0
0.000850393	0	0	0
0.000851141	0	0	0
0.000853834	0	0	0
0.000853877	0	0	0
0.000858204	0	0	0
0.00086015	0	0	0
0.00086064	0	0	0
0.000861283	0	0	0
0.000862403	0	0	0
0.000880655	0	0	0
0.000882341	0	0	0
0.000884294	0	0	0
0.00089035	0	0	0
0.000898277	0	0	0
0.000903415	0	0	0
0.000904379	0	0	0
0.000906048	0	0	0
0.000913577	0	0	0
0.0009178	0	0	0
0.000918232	0	0	0
0.000920043	0	0	0
0.000920353	0	0	0
0.000928004	0	0	0
0.000930609	0	0	0
0.000938137	0	0	0
0.000939839	0	0	0
0.000944242	0	0	0
0.000952963	0	0	0
0.000963375	0	0	0
0.000968642	0	0	0
0.000971064	0	0	0
0.000976059	0	0	0
0.000977544	0	0	0
0.00098415	0	0	0
0.000985315	0	0	0
0.00100245	0	0	0
0.00100717	0	0	0
0.00100747	0	0	0
0.00101032	0	0	0
0.00101044	0	0	0
0.00101159	0	0	0
0.00101493	0	0	0
0.00101705	0	0	0
0.00101808	0	0	0
0.00102112	0	0	0
0.0010264	0	0	0
0.00102811	0	0	0
0.0010321	0	0	0
0.00103336	0	0	0
0.00103392	0	0	0
0.00103396	0	0	0
0.00103547	0	0	0
0.00103916	0	0	0
0.00104365	0	0	0
0.00104603	0	0	0
0.00105804	0	0	0
0.00105963	0	0	0
0.00106826	0	0	0
0.00107603	0	0	0
0.00108393	0	0	0
0.00108612	0	0	0
0.00109402	0	0	0
0.00109472	0	0	0
0.00109693	0	0	0
0.00110155	0	0	0
0.00110673	0	0	0
0.00111342	0	0	0
0.00111373	0	0	0
0.00111523	0	0	0
0.00111793	0	0	0
0.0011235	0	0	0
0.00112724	0	0	0
0.00112822	0	0	0
0.00113348	0	0	0
0.00113477	0	0	0
0.0011406	0	0	0
0.00114159	0	0	0
0.00114499	0	0	0
0.00115528	0	0	0
0.00115793	0	0	0
0.00116033	0	0	0
0.00116266	0	0	0
0.00116623	0	0	0
0.00117061	0	0	0
0.00117126	0	0	0
0.0011783	0	0	0
0.00117941	0	0	0
0.0011808	0	0	0
0.00118452	0	0	0
0.00119225	0	0	0
0.00119973	0	0	0
0.00119977	0	0	0
0.00120154	0	0	0
0.00120363	0	0	0
0.00121011	0	0	0
0.00121481	0	0	0
0.00121545	0	0	0
0.00122062	0	0	0
0.00123609	0	0	0
0.00124304	0	0	0
0.00125917	0	0	0
0.00126688	0	0	0
0.00126936	0	0	0
0.00126963	0	0	0
0.00126986	0	0	0
0.00127087	0	0	0
0.00127408	0	0	0
0.00127597	0	0	0
0.00127949	0	0	0
0.0012824	0	0	0
0.00128644	0	0	0
0.00129007	0	0	0
0.00129651	0	0	0
0.00129703	0	0	0
0.00129719	0	0	0
0.00130179	0	0	0
0.0013029	0	0	0
0.00130318	0	0	0
0.00130375	0	0	0
0.00131639	0	0	0
0.00131795	0	0	0
0.00132122	0	0	0
0.00132307	0	0	0
0.00133006	0	0	0
0.00133269	0	0	0
0.00133465	0	0	0
0.00133972	0	0	0
0.00135311	0	0	0
0.00135342	0	0	0
0.00135344	0	0	0
0.0013537	0	0	0
0.00135735	0	0	0
0.00135764	0	0	0
0.00136141	0	0	0
0.00136666	0	0	0
0.00137202	0	0	0
0.00138395	0	0	0
0.00139878	0	0	0
0.0014009	0	0	0
0.00140096	0	0	0
0.00140634	0	0	0
0.00141168	0	0	0
0.0014126	0	0	0
0.00141394	0	0	0
0.0014147	0	0	0
0.00141698	0	0	0
0.00142191	0	0	0
0.00142228	0	0	0
0.00142391	0	0	0
0.00142541	0	0	0
0.00143073	0	0	0
0.00143413	0	0	0
0.00143705	0	0	0
0.00143709	0	0	0
0.00144353	0	0	0
0.00144629	0	0	0
0.00144682	0	0	0
0.00144953	0	0	0
0.00145157	0	0	0
0.00145375	0	0	0
0.00145981	0	0	0
0.00146272	0	0	0
0.00146594	0	0	0
0.00147187	0	0	0
0.00147686	0	0	0
0.00147933	0	0	0
0.00148036	0	0	0
0.00148137	0	0	0
0.00148286	0	0	0
0.00148447	0	0	0
0.00148842	0	0	0
0.00149044	0	0	0
0.00149086	0	0	0
0.00149301	0	0	0
0.00149616	0	0	0
0.00149916	0	0	0
0.0015027	0	0	0
0.00150649	0	0	0
0.00150655	0	0	0
0.00150755	0	0	0
0.00151189	0	0	0
0.00151529	0	0	0
0.00151798	0	0	0
0.00151832	0	0	0
0.00151893	0	0	0
0.00153474	0	0	0
0.00153551	0	0	0
0.00153741	0	0	0
0.00153908	0	0	0
0.00154366	0	0	0
0.00154584	0	0	0
0.00154872	0	0	0
0.00155791	0	0	0
0.00155953	0	0	0
0.00156948	0	0	0
0.0015714	0	0	0
0.00157904	0	0	0
0.00158531	0	0	0
0.00158552	0	0	0
0.00159102	0	0	0
0.00160173	0	0	0
0.00160508	0	0	0
0.00160555	0	0	0
0.0016074	0	0	0
0.00161922	0	0	0
0.00162202	0	0	0
0.00162509	0	0	0
0.00162762	0	0	0
0.00163811	0	0	0
0.00164051	0	0	0
0.00164123	0	0	0
0.00164628	0	0	0
0.0016544	0	0	0
0.00165558	0	0	0
0.00166117	0	0	0
0.001666	0	0	0
0.00167041	0	0	0
0.00167392	0	0	0
0.00167616	0	0	0
0.00167671	0	0	0
0.001677	0	0	0
0.00167956	0	0	0
0.001683	0	0	0
0.00168342	0	0	0
0.00168613	0	0	0
0.001688	0	0	0
0.00169667	0	0	0
0.00169672	0	0	0
0.00169683	0	0	0
0.0017008	0	0	0
0.00170688	0	0	0
0.00171161	0	0	0
0.00171321	0	0	0
0.00171761	0	0	0
0.0017177	0	0	0
0.00171822	0	0	0
0.00172074	0	0	0
0.00173978	0	0	0
0.00174449	0	0	0
0.00175182	0	0	0
0.00175677	0	0	0
0.00175995	0	0	0
0.00176474	0	0	0
0.00177049	0	0	0
0.00177611	0	0	0
0.00177983	0	0	0
0.00178261	0	0	0
0.00180693	0	0	0
0.00181453	0	0	0
0.00182534	0	0	0
0.00183945	0	0	0
0.00184099	0	0	0
0.00184186	0	0	0
0.00184236	0	0	0
0.00184587	0	0	0
0.00185337	0	0	0
0.00185725	0	0	0
0.00186087	0	0	0
0.00186968	0	0	0
0.0018902	0	0	0
0.00190082	0	0	0
0.00190495	0	0	0
0.00190662	0	0	0
0.00190702	0	0	0
0.00190717	0	0	0
0.00191454	0	0	0
0.00191801	0	0	0
0.00192557	0	0	0
0.00193117	0	0	0
0.00193304	0	0	0
0.00193469	0	0	0
0.00193842	0	0	0
0.00194215	0	0	0
0.0019444	0	0	0
0.00195753	0	0	0
0.00196934	0	0	0
0.0019729	0	0	0
0.00197627	0	0	0
0.0019805	0	0	0
0.00198717	0	0	0
0.00198767	0	0	0
0.00199238	0	0	0
0.00200031	0	0	0
0.0020131	0	0	0
0.00201436	0	0	0
0.00202002	0	0	0
0.00202017	0	0	0
0.00202306	0	0	0
0.00203068	0	0	0
0.00203222	0	0	0
0.00205666	0	0	0
0.00205977	0	0	0
0.0020607	0	0	0
0.00206997	0	0	0
0.00207545	0	0	0
0.00207887	0	0	0
0.0020789	0	0	0
0.00209056	0	0	0
0.00209336	0	0	0
0.00209636	0	0	0
0.00210103	0	0	0
0.00211151	0	0	0
0.00211815	0	0	0
0.00211973	0	0	0
0.00213936	0	0	0
0.00214639	0	0	0
0.00215653	0	0	0
0.00215827	0	0	0
0.00216027	0	0	0
0.0021654	0	0	0
0.00216569	0	0	0
0.00217063	0	0	0
0.0021718	0	0	0
0.00217463	0	0	0
0.00217664	0	0	0
0.00217685	0	0	0
0.00218825	0	0	0
0.00218937	0	0	0
0.00219023	0	0	0
0.00219507	0	0	0
0.00219685	0	0	0
0.00220184	0	0	0
0.00221062	0	0	0
0.0022183	0	0	0
0.00222303	0	0	0
0.00222416	0	0	0
0.00222572	0	0	0
0.00223244	0	0	0
0.0022417	0	0	0
0.00224573	0	0	0
0.0022462	0	0	0
0.00225121	0	0	0
0.00225877	0	0	0
0.00226162	0	0	0
0.0022675	0	0	0
0.00227116	0	0	0
0.0022722	0	0	0
0.00227273	0	0	0
0.00227396	0	0	0
0.00228144	0	0	0
0.00228303	0	0	0
0.00230025	0	0	0
0.00231062	0	0	0
0.00232416	0	0	0
0.0023522	0	0	0
0.00235448	0	0	0
0.00235848	0	0	0
0.00236897	0	0	0
0.00236991	0	0	0
0.00237141	0	0	0
0.00237523	0	0	0
0.0023936	0	0	0
0.00239449	0	0	0
0.00240022	0	0	0
0.00240341	0	0	0
0.00240435	0	0	0
0.00241453	0	0	0
0.00242312	0	0	0
0.00242979	0	0	0
0.00243143	0	0	0
0.00243647	0	0	0
0.00244068	0	0	0
0.00244118	0	0	0
0.00244244	0	0	0
0.00244467	0	0	0
0.00244594	0	0	0
0.00246048	0	0	0
0.00247169	0	0	0
0.00247341	0	0	0
0.00247992	0	0	0
0.00248155	0	0	0
0.00248275	0	0	0
0.00250976	0	0	0
0.00251319	0	0	0
0.00252745	0	0	0
0.00253311	0	0	0
0.00254807	0	0	0
0.00255152	0	0	0
0.00256341	0	0	0
0.0025683	0	0	0
0.00256852	0	0	0
0.00257854	0	0	0
0.00258096	0	0	0
0.00258651	0	0	0
0.0026096	0	0	0
0.00261173	0	0	0
0.00261465	0	0	0
0.00262818	0	0	0
0.00263079	0	0	0
0.00263586	0	0	0
0.00264734	0	0	0
0.0026547	0	0	0
0.00265635	0	0	0
0.00266478	0	0	0
0.00267193	0	0	0
0.00269624	0	0	0
0.00274074	0	0	0
0.00274606	0	0	0
0.00275753	0	0	0
0.00275771	0	0	0
0.00276332	0	0	0
0.00278167	0	0	0
0.00278873	0	0	0
0.00278996	0	0	0
0.00280038	0	0	0
0.00280062	0	0	0
0.00280741	0	0	0
0.00284396	0	0	0
0.00285749	0	0	0
0.00287082	0	0	0
0.00287106	0	0	0
0.00288224	0	0	0
0.00288485	0	0	0
0.00291325	0	0	0
0.00292289	0	0	0
0.00292509	0	0	0
0.00295644	0	0	0
0.00296569	0	0	0
0.00303056	0	0	0
0.0030402	0	0	0
0.00304385	0	0	0
0.00305796	0	0	0
0.00309345	0	0	0
0.00310207	0	0	0
0.0031104	0	0	0
0.00311871	0	0	0
0.00314329	0	0	0
0.0031468	0	0	0
0.0031519	0	0	0
0.00315305	0	0	0
0.00316263	0	0	0
0.003166	0	0	0
0.00317918	0	0	0
0.00320904	0	0	0
0.00324821	0	0	0
0.00324931	0	0	0
0.00326814	0	0	0
0.00329956	0	0	0
0.00331167	0	0	0
0.00331248	0	0	0
0.00333531	0	0	0
0.00334185	0	0	0
0.00336908	0	0	0
0.0034021	0	0	0
0.00343756	0	0	0
0.0034756	0	0	0
0.00347596	0	0	0
0.00349155	0	0	0
0.00349532	0	0	0
0.003509	0	0	0
0.00353041	0	0	0
0.00354376	0	0	0
0.00359165	0	0	0
0.00360027	0	0	0
0.00367363	0	0	0
0.00368035	0	0	0
0.00370957	0	0	0
0.00371771	0	0	0
0.00373155	0	0	0
0.00373581	0	0	0
0.003767	0	0	0
0.00377522	0	0	0
0.00379079	0	0	0
0.00382137	0	0	0
0.00385916	0	0	0
0.00388344	0	0	0
0.00388876	0	0	0
0.0038945	0	0	0
0.00390755	0	0	0
0.00393886	0	0	0
0.00397239	0	0	0
0.00398427	0	0	0
0.00398651	0	0	0
0.00399414	0	0	0
0.004017	0	0	0
0.00403376	0	0	0
0.00406253	0	0	0
0.00411509	0	0	0
0.00412699	0	0	0
0.00414067	0	0	0
0.00415209	0	0	0
0.00418103	0	0	0
0.00423379	0	0	0
0.00428404	0	0	0
0.00430391	0	0	0
0.0043103	0	0	0
0.00431502	0	0	0
0.00431849	0	0	0
0.00433659	0	0	0
0.00435024	0	0	0
0.00436674	0	0	0
0.00437027	0	0	0
0.0043765	0	0	0
0.0044785	0	0	0
0.00448055	0	0	0
0.00450993	0	0	0
0.00452185	0	0	0
0.00452954	0	0	0
0.00453362	0	0	0
0.00462583	0	0	0
0.00464933	0	0	0
0.00468927	0	0	0
0.00471515	0	0	0
0.00473429	0	0	0
0.00473961	0	0	0
0.00477703	0	0	0
0.00478614	0	0	0
0.00485337	0	0	0
0.00488462	0	0	0
0.00501557	0	0	0
0.00504148	0	0	0
0.00504376	0	0	0
0.00508881	0	0	0
0.00516502	0	0	0
0.00517091	0	0	0
0.00522536	0	0	0
0.00540325	0	0	0
0.00546058	0	0	0
0.00546503	0	0	0
0.00557425	0	0	0
0.00563873	0	0	0
0.00568634	0	0	0
0.00570202	0	0	0
0.00571662	0	0	0
0.00592407	0	0	0
0.0063297	0	0	0
0.00646766	0	0	0
0.00660644	0	0	0
0.00661824	0	0	0
0.00670169	0	0	0
0.00702159	0	0	0
0.00704374	0	0	0
0.00711709	0	0	0
0.00758599	0	0	0
0.00758929	0	0	0
0.00770067	0	0	0
0.0080777	0	0	0
0.00839833	0	0	0
0.00913855	0	0	0
0.0114427	0	0	0
0.018418	0	0	0
0.0185595	0	0.165017	0
0.0193223	0	0.165017	0
0.0221592	0.0825083	0.0825083	0
0.035714	0.165017	0	0
0.0378626	0.206271	0.0825083	0
0.044629	0.288779	0	0
0.049895	0.330033	0.0825083	0
0.0519584	0.412541	0	0
0.0587498	0.412541	0	0
0.0599397	0.412541	0	0
0.0610066	0.412541	0.165017	0
0.0622175	0.49505	0.0825083	0
0.0642356	0.49505	0.0825083	0.507614
0.0718013	0.577558	0	0.507614
0.099971	0.577558	0	1.01523
0.121331	0.577558	0	1.52284
0.128099	0.577558	0.0825083	1.52284
0.128273	0.618812	0.165017	1.52284
0.128705	0.70132	0.0825083	1.52284
0.129006	0.70132	0.247525	1.52284
0.129103	0.783828	0.165017	1.52284
0.129622	0.866337	0.0825083	1.52284
0.139988	0.948845	0	1.52284
0.151631	0.948845	0	2.03046
0.151897	0.990099	0.0825083	2.03046
0.156682	1.07261	0	2.03046
0.15775	1.07261	0.165017	2.03046
0.15965	1.15512	0.0825083	2.03046
0.161929	1.23762	0	2.03046
0.16202	1.23762	0.165017	2.03046
0.162432	1.32013	0.0825083	2.03046
0.162576	1.40264	0	2.03046
0.162986	1.40264	0	2.53807
0.163366	1.40264	0.0825083	2.53807
0.167672	1.48515	0	2.53807
0.171126	1.5264	0.0825083	2.53807
0.195082	1.60891	0	2.53807
0.19561	1.60891	0.165017	2.53807
0.196355	1.60891	0.165017	2.53807
0.196394	1.69142	0.0825083	2.53807
0.197371	1.77393	0	2.53807
0.197861	1.81518	0.0825083	2.53807
0.203426	1.89769	0	2.53807
0.20387	1.93894	0.0825083	2.53807
0.204817	2.02145	0	2.53807
0.208301	2.02145	0.0825083	2.53807
0.233079	2.10396	0	2.53807
0.233611	2.10396	0.0825083	2.53807
0.240165	2.18647	0	2.53807
0.240932	2.18647	0.165017	2.53807
0.242141	2.26898	0.0825083	2.53807
0.245362	2.35149	0	2.53807
0.252046	2.39274	0.0825083	2.53807
0.255816	2.47525	0	2.53807
0.257153	2.47525	0.165017	2.53807
0.263883	2.55776	0.0825083	2.53807
0.272786	2.64026	0	2.53807
0.27767	2.68152	0.0825083	2.53807
0.280011	2.76403	0	2.53807
0.284089	2.76403	0	3.04569
0.284709	2.76403	0.0825083	3.04569
0.318222	2.84653	0	3.04569
0.326242	2.84653	0	3.5533
0.326976	2.88779	0.0825083	3.5533
0.346027	2.9703	0	3.5533
0.347193	3.01155	0.0825083	3.5533
0.347873	3.09406	0	3.5533
0.348301	3.09406	0.165017	3.5533
0.351245	3.17657	0.0825083	3.5533
0.353202	3.25908	0	3.5533
0.357158	3.30033	0.0825083	3.5533
0.359554	3.38284	0	3.5533
0.360983	3.38284	0.0825083	3.5533
0.366384	3.46535	0	3.5533
0.369499	3.46535	0	4.06091
0.37189	3.5066	0.0825083	4.06091
0.379052	3.58911	0	4.06091
0.379281	3.58911	0.165017	4.06091
0.380043	3.67162	0.0825083	4.06091
0.386238	3.75413	0	4.06091
0.396251	3.75413	0	4.06091
0.399095	3.75413	0.165017	4.06091
0.399981	3.83663	0.0825083	4.06091
0.400487	3.87789	0.165017	4.06091
0.400835	3.9604	0.0825083	4.06091
0.402666	3.9604	0.0825083	4.06091
0.428366	4.0429	0	4.06091
0.458435	4.0429	0	4.56853
0.459704	4.0429	0	4.56853
0.460556	4.08416	0.0825083	4.56853
0.468401	4.16667	0	4.56853
0.525578	4.16667	0	5.07614
0.548869	4.16667	0	5.07614
0.551197	4.16667	0.165017	5.07614
0.551396	4.24918	0.0825083	5.07614
0.567942	4.33168	0	5.07614
0.569946	4.33168	0.0825083	5.07614
0.58569	4.41419	0	5.07614
0.585727	4.45545	0.0825083	5.07614
0.599115	4.53795	0	5.07614
0.600749	4.57921	0.0825083	5.07614
0.60203	4.66172	0	5.07614
0.602131	4.70297	0.0825083	5.07614
0.6023	4.78548	0	5.07614
0.603858	4.82673	0.0825083	5.07614
0.605692	4.90924	0	5.07614
0.606013	4.90924	0.165017	5.07614
0.609358	4.99175	0.0825083	5.07614
0.62188	5.07426	0	5.07614
0.622541	5.11551	0.0825083	5.07614
0.636776	5.19802	0	5.07614
0.642262	5.19802	0	5.07614
0.645816	5.19802	0.0825083	5.07614
0.688087	5.28053	0	5.07614
0.688208	5.28053	0.165017	5.07614
0.689989	5.36304	0.0825083	5.07614
0.726669	5.44554	0	5.07614
0.741705	5.44554	0	5.07614
0.745679	5.4868	0.0825083	5.07614
0.757042	5.56931	0	5.07614
0.758652	5.61056	0.0825083	5.07614
0.791137	5.69307	0	5.07614
0.791252	5.69307	0.0825083	5.07614
0.791848	5.69307	0.0825083	5.07614
0.794594	5.77558	0	5.07614
0.805923	5.77558	0	5.07614
0.808274	5.81683	0.0825083	5.07614
0.812803	5.89934	0	5.07614
0.813509	5.89934	0.165017	5.07614
0.813735	5.98185	0.0825083	5.07614
0.814755	6.06436	0	5.07614
0.817682	6.10561	0.0825083	5.07614
0.832039	6.18812	0	5.07614
0.834617	6.18812	0.0825083	5.07614
0.841863	6.27063	0	5.07614
0.842958	6.27063	0.0825083	5.07614
0.846611	6.27063	0.0825083	5.58376
0.846924	6.27063	0.0825083	5.58376
0.8478	6.27063	0.0825083	6.09137
0.848027	6.35314	0	6.09137
0.861154	6.35314	0	6.59898
0.864927	6.39439	0.0825083	6.59898
0.886249	6.4769	0	6.59898
0.886297	6.4769	0.165017	6.59898
0.886454	6.55941	0.0825083	6.59898
0.886981	6.55941	0.247525	6.59898
0.887715	6.64191	0.165017	6.59898
0.888693	6.72442	0.0825083	6.59898
0.893939	6.80693	0	6.59898
0.894358	6.80693	0.165017	6.59898
0.895435	6.88944	0.0825083	6.59898
0.906544	6.97195	0	6.59898
0.907797	6.97195	0.165017	6.59898
0.90842	6.97195	0.165017	7.1066
0.908503	7.05446	0.0825083	7.1066
0.912134	7.13696	0	7.1066
0.923899	7.13696	0	7.61421
0.92549	7.13696	0	7.61421
0.930343	7.17822	0.0825083	7.61421
0.93454	7.26073	0	7.61421
0.937932	7.26073	0.165017	7.61421
0.940022	7.26073	0.165017	7.61421
0.944111	7.34323	0.0825083	7.61421
0.94653	7.34323	0.165017	7.61421
0.955239	7.42574	0.0825083	7.61421
0.964163	7.42574	0.0825083	8.12183
0.965958	7.467	0.165017	8.12183
0.993842	7.5495	0.0825083	8.12183
1.00366	7.5495	0.0825083	8.62944
1.00477	7.59076	0.165017	8.62944
1.00797	7.67327	0.0825083	8.62944
1.00842	7.71452	0.165017	8.62944
1.00892	7.79703	0.0825083	8.62944
1.01047	7.83828	0.165017	8.62944
1.01568	7.92079	0.0825083	8.62944
1.01596	7.96205	0.165017	8.62944
1.01744	7.96205	0.165017	9.13706
1.02489	8.04455	0.0825083	9.13706
1.04974	8.04455	0.0825083	9.13706
1.05288	8.04455	0.247525	9.13706
1.05329	8.12706	0.165017	9.13706
1.07762	8.20957	0.0825083	9.13706
1.07806	8.25082	0.165017	9.13706
1.11347	8.33333	0.0825083	9.13706
1.11775	8.33333	0.165017	9.13706
1.12101	8.41584	0.0825083	9.13706
1.12179	8.41584	0.0825083	9.64467
1.12292	8.41584	0.247525	9.64467
1.12322	8.49835	0.165017	9.64467
1.12507	8.58086	0.0825083	9.64467
1.13981	8.58086	0.0825083	10.1523
1.14858	8.58086	0.0825083	10.1523
1.15247	8.66337	0	10.1523
1.15379	8.70462	0.0825083	10.1523
1.18593	8.78713	0	10.1523
1.18596	8.82838	0.0825083	10.1523
1.20153	8.91089	0	10.1523
1.20197	8.91089	0.165017	10.1523
1.211	8.9934	0.0825083	10.1523
1.21181	8.9934	0.247525	10.1523
1.21299	9.07591	0.165017	10.1523
1.22523	9.15842	0.0825083	10.1523
1.22595	9.15842	0.165017	10.1523
1.22712	9.19967	0.247525	10.1523
1.23061	9.19967	0.247525	10.1523
1.24774	9.28218	0.165017	10.1523
1.25033	9.32343	0.247525	10.1523
1.25227	9.36469	0.330033	10.1523
1.2523	9.4472	0.247525	10.1523
1.26704	9.5297	0.165017	10.1523
1.26723	9.5297	0.330033	10.1523
1.27079	9.61221	0.247525	10.1523
1.29102	9.69472	0.165017	10.1523
1.29257	9.69472	0.165017	11.1675
1.29391	9.69472	0.247525	11.1675
1.2946	9.77723	0.165017	11.1675
1.29792	9.81848	0.247525	11.1675
1.30339	9.90099	0.165017	11.1675
1.3089	9.94224	0.247525	11.1675
1.31144	9.9835	0.330033	11.1675
1.31579	10.066	0.247525	11.1675
1.31909	10.1485	0.165017	11.1675
1.31913	10.1898	0.247525	11.1675
1.32472	10.2723	0.165017	11.1675
1.32609	10.2723	0.330033	11.1675
1.32673	10.3548	0.247525	11.1675
1.33117	10.4373	0.165017	11.1675
1.33341	10.4785	0.247525	11.1675
1.33949	10.5611	0.165017	11.1675
1.34025	10.6023	0.247525	11.1675
1.35623	10.6848	0.165017	11.1675
1.37173	10.6848	0.165017	11.1675
1.37178	10.6848	0.330033	11.1675
1.37391	10.7673	0.247525	11.1675
1.37566	10.8498	0.165017	11.1675
1.37809	10.8498	0.165017	11.6751
1.38926	10.8911	0.247525	11.6751
1.39155	10.8911	0.412541	11.6751
1.39216	10.9736	0.330033	11.6751
1.39234	10.9736	0.49505	11.6751
1.39242	10.9736	0.660066	11.6751
1.39279	11.0561	0.577558	11.6751
1.39316	11.1386	0.49505	11.6751
1.39374	11.1386	0.577558	11.6751
1.39421	11.2211	0.49505	11.6751
1.39429	11.3036	0.412541	11.6751
1.39981	11.3861	0.330033	11.6751
1.40428	11.4686	0.247525	11.6751
1.40787	11.5099	0.330033	11.6751
1.40987	11.5924	0.247525	11.6751
1.41476	11.5924	0.247525	12.1827
1.41659	11.6337	0.330033	12.1827
1.4218	11.7162	0.247525	12.1827
1.4237	11.7574	0.330033	12.1827
1.48495	11.8399	0.247525	12.1827
1.48655	11.8812	0.330033	12.1827
1.5002	11.9637	0.247525	12.1827
1.51933	12.0462	0.165017	12.1827
1.52508	12.0462	0.165017	12.6904
1.52559	12.0462	0.330033	12.6904
1.52992	12.1287	0.247525	12.6904
1.53271	12.2112	0.165017	12.6904
1.53359	12.2525	0.247525	12.6904
1.54756	12.335	0.165017	12.6904
1.54788	12.335	0.165017	12.6904
1.55013	12.3762	0.247525	12.6904
1.55096	12.4587	0.165017	12.6904
1.5512	12.5	0.247525	12.6904
1.55227	12.5	0.330033	12.6904
1.55638	12.5825	0.247525	12.6904
1.56406	12.665	0.165017	12.6904
1.56918	12.665	0.165017	12.6904
1.56966	12.7063	0.247525	12.6904
1.57324	12.7888	0.165017	12.6904
1.57486	12.7888	0.247525	12.6904
1.57672	12.8713	0.165017	12.6904
1.58013	12.9125	0.247525	12.6904
1.58421	12.995	0.165017	12.6904
1.59535	12.995	0.165017	13.198
1.59581	12.995	0.330033	13.198
1.59583	13.0776	0.247525	13.198
1.59648	13.1601	0.165017	13.198
1.60057	13.1601	0.165017	13.7056
1.60377	13.1601	0.165017	14.2132
1.60551	13.1601	0.165017	14.2132
1.60964	13.2013	0.247525	14.2132
1.61406	13.2013	0.247525	14.7208
1.63259	13.2838	0.165017	14.7208
1.63333	13.2838	0.330033	14.7208
1.63343	13.3663	0.247525	14.7208
1.63842	13.4076	0.330033	14.7208
1.64077	13.4901	0.247525	14.7208
1.64982	13.5726	0.165017	14.7208
1.66192	13.5726	0.165017	15.2284
1.66483	13.6139	0.247525	15.2284
1.67313	13.6964	0.165017	15.2284
1.67578	13.6964	0.330033	15.2284
1.67622	13.7789	0.247525	15.2284
1.69415	13.8614	0.165017	15.2284
1.69492	13.9026	0.247525	15.2284
1.70851	13.9851	0.165017	15.2284
1.71568	14.0264	0.247525	15.2284
1.72426	14.1089	0.165017	15.2284
1.72446	14.1502	0.247525	15.2284
1.7562	14.2327	0.165017	15.2284
1.76036	14.2739	0.247525	15.2284
1.76369	14.3564	0.165017	15.2284
1.76382	14.3564	0.330033	15.2284
1.76554	14.4389	0.247525	15.2284
1.82298	14.5215	0.165017	15.2284
1.82315	14.5215	0.247525	15.2284
1.82768	14.604	0.165017	15.2284
1.85339	14.604	0.165017	15.736
1.85394	14.604	0.330033	15.736
1.85623	14.6865	0.247525	15.736
1.90722	14.769	0.165017	15.736
1.91021	14.8102	0.247525	15.736
1.91198	14.8927	0.165017	15.736
1.94629	14.8927	0.165017	16.7513
1.95982	14.8927	0.165017	17.2589
1.96123	14.934	0.247525	17.2589
1.96718	15.0165	0.165017	17.2589
1.96723	15.0578	0.247525	17.2589
1.98576	15.1403	0.165017	17.2589
1.98692	15.1403	0.330033	17.2589
1.98818	15.2228	0.247525	17.2589
2.0188	15.3053	0.165017	17.2589
2.01965	15.3465	0.247525	17.2589
2.02429	15.429	0.165017	17.2589
2.02498	15.4703	0.247525	17.2589
2.02768	15.5528	0.165017	17.2589
2.02956	15.5941	0.247525	17.2589
2.03706	15.6766	0.165017	17.2589
2.03826	15.7178	0.247525	17.2589
2.0435	15.8003	0.165017	17.2589
2.04361	15.8416	0.247525	17.2589
2.05132	15.9241	0.165017	17.2589
2.05945	15.9241	0.165017	17.7665
2.06233	15.9241	0.330033	17.7665
2.06339	16.0066	0.247525	17.7665
2.07367	16.0891	0.165017	17.7665
2.07514	16.0891	0.165017	18.2741
2.07618	16.1304	0.247525	18.2741
2.08152	16.2129	0.165017	18.2741
2.08164	16.2129	0.330033	18.2741
2.08191	16.2954	0.247525	18.2741
2.08244	16.2954	0.412541	18.2741
2.08249	16.3779	0.330033	18.2741
2.08308	16.4604	0.247525	18.2741
2.08649	16.5429	0.165017	18.2741
2.0963	16.5429	0.165017	18.7817
2.09656	16.5842	0.247525	18.7817
2.11985	16.6667	0.165017	18.7817
2.12559	16.7079	0.247525	18.7817
2.12775	16.7904	0.165017	18.7817
2.12806	16.8317	0.247525	18.7817
2.13311	16.9142	0.165017	18.7817
2.1333	16.9142	0.330033	18.7817
2.13417	16.9967	0.247525	18.7817
2.13461	17.0792	0.165017	18.7817
2.14619	17.0792	0.165017	18.7817
2.14783	17.1205	0.247525	18.7817
2.17853	17.203	0.165017	18.7817
2.2153	17.203	0.165017	19.2893
2.21829	17.203	0.330033	19.2893
2.219	17.2855	0.247525	19.2893
2.2297	17.368	0.165017	19.2893
2.23087	17.368	0.330033	19.2893
2.23116	17.4505	0.247525	19.2893
2.29305	17.533	0.165017	19.2893
2.30612	17.533	0.165017	19.797
2.31133	17.533	0.165017	20.3046
2.33434	17.533	0.165017	21.3198
2.33771	17.5743	0.247525	21.3198
2.34706	17.6568	0.165017	21.3198
2.34849	17.6568	0.247525	21.3198
2.35089	17.698	0.330033	21.3198
2.35277	17.7805	0.247525	21.3198
2.36308	17.863	0.165017	21.3198
2.3633	17.9043	0.247525	21.3198
2.39631	17.9868	0.165017	21.3198
2.39838	18.0281	0.247525	21.3198
2.41691	18.1106	0.165017	21.3198
2.41699	18.1106	0.330033	21.3198
2.41745	18.1518	0.412541	21.3198
2.41796	18.2343	0.330033	21.3198
2.41892	18.3168	0.247525	21.3198
2.41909	18.3993	0.165017	21.3198
2.42016	18.3993	0.247525	21.3198
2.42619	18.4818	0.165017	21.3198
2.4278	18.5231	0.247525	21.3198
2.43711	18.6056	0.165017	21.3198
2.44101	18.6469	0.247525	21.3198
2.45962	18.7294	0.165017	21.3198
2.45992	18.7294	0.330033	21.3198
2.46046	18.8119	0.247525	21.3198
2.47983	18.8944	0.165017	21.3198
2.48288	18.8944	0.165017	21.8274
2.51781	18.8944	0.165017	22.335
2.51839	18.8944	0.330033	22.335
2.5199	18.9769	0.247525	22.335
2.52065	19.0594	0.165017	22.335
2.52096	19.1007	0.247525	22.335
2.52272	19.1007	0.247525	22.335
2.52775	19.1832	0.165017	22.335
2.52995	19.1832	0.165017	22.8426
2.53056	19.2244	0.247525	22.8426
2.53086	19.2244	0.247525	23.3503
2.56999	19.3069	0.165017	23.3503
2.57295	19.3069	0.165017	23.8579
2.60356	19.3069	0.165017	24.3655
2.60652	19.3482	0.247525	24.3655
2.60723	19.3894	0.330033	24.3655
2.60757	19.4719	0.247525	24.3655
2.61019	19.5545	0.165017	24.3655
2.6118	19.5545	0.330033	24.3655
2.61271	19.637	0.247525	24.3655
2.61496	19.6782	0.330033	24.3655
2.61641	19.7607	0.247525	24.3655
2.62533	19.8432	0.165017	24.3655
2.63059	19.8432	0.330033	24.3655
2.63946	19.9257	0.247525	24.3655
2.64283	20.0083	0.165017	24.3655
2.677	20.0083	0.165017	24.8731
2.67752	20.0083	0.330033	24.8731
2.68279	20.0908	0.247525	24.8731
2.69145	20.1733	0.165017	24.8731
2.69323	20.2145	0.247525	24.8731
2.69875	20.297	0.165017	24.8731
2.70045	20.3383	0.247525	24.8731
2.7206	20.4208	0.165017	24.8731
2.72883	20.4208	0.165017	25.3807
2.7335	20.4208	0.330033	25.3807
2.73376	20.5033	0.247525	25.3807
2.77564	20.5858	0.165017	25.3807
2.77935	20.6271	0.247525	25.3807
2.79057	20.7096	0.165017	25.3807
2.81694	20.7096	0.165017	25.8883
2.81707	20.7096	0.165017	26.3959
2.82958	20.7096	0.165017	26.3959
2.83006	20.7508	0.247525	26.3959
2.83867	20.8333	0.165017	26.3959
2.83988	20.8333	0.330033	26.3959
2.84377	20.9158	0.247525	26.3959
2.84379	20.9984	0.165017	26.3959
2.84859	21.0396	0.247525	26.3959
2.85044	21.0396	0.247525	26.9036
2.85761	21.1221	0.165017	26.9036
2.85922	21.1634	0.247525	26.9036
2.86109	21.2459	0.165017	26.9036
2.86121	21.2459	0.247525	26.9036
2.86134	21.2459	0.330033	26.9036
2.86146	21.3284	0.247525	26.9036
2.86421	21.3284	0.247525	27.4112
2.88064	21.4109	0.165017	27.4112
2.8882	21.4521	0.247525	27.4112
2.90542	21.5347	0.165017	27.4112
2.90554	21.5347	0.165017	28.4264
2.91004	21.5347	0.165017	29.4416
2.91152	21.5759	0.247525	29.4416
2.91289	21.6584	0.165017	29.4416
2.92443	21.6584	0.165017	29.9492
2.92446	21.6584	0.330033	29.9492
2.92553	21.7409	0.247525	29.9492
2.93991	21.8234	0.165017	29.9492
2.94537	21.8234	0.165017	30.4569
2.94828	21.8647	0.247525	30.4569
3.00847	21.9472	0.165017	30.4569
3.01833	21.9472	0.165017	30.9645
3.01992	21.9884	0.247525	30.9645
3.04774	22.071	0.165017	30.9645
3.04857	22.1122	0.247525	30.9645
3.07108	22.1947	0.165017	30.9645
3.07251	22.1947	0.165017	31.4721
3.07265	22.1947	0.247525	31.4721
3.07598	22.2772	0.165017	31.4721
3.07875	22.3185	0.247525	31.4721
3.1065	22.401	0.165017	31.4721
3.10872	22.4422	0.247525	31.4721
3.12577	22.5248	0.165017	31.4721
3.12692	22.5248	0.330033	31.4721
3.13532	22.6073	0.247525	31.4721
3.1356	22.6898	0.165017	31.4721
3.13576	22.6898	0.247525	31.4721
3.13683	22.7723	0.165017	31.4721
3.13737	22.7723	0.247525	31.4721
3.13759	22.8135	0.330033	31.4721
3.13779	22.8135	0.330033	31.4721
3.13911	22.896	0.247525	31.4721
3.14363	22.9785	0.165017	31.4721
3.14502	23.0198	0.247525	31.4721
3.15241	23.1023	0.165017	31.4721
3.1527	23.1023	0.330033	31.4721
3.15273	23.1848	0.247525	31.4721
3.15621	23.2673	0.165017	31.4721
3.16003	23.2673	0.330033	31.4721
3.1652	23.3498	0.247525	31.4721
3.22401	23.4323	0.165017	31.4721
3.23887	23.4323	0.165017	31.9797
3.24156	23.4736	0.247525	31.9797
3.29588	23.5561	0.165017	31.9797
3.29652	23.5561	0.330033	31.9797
3.29781	23.6386	0.247525	31.9797
3.31465	23.7211	0.165017	31.9797
3.34312	23.7211	0.165017	31.9797
3.34327	23.7211	0.165017	32.4873
3.34763	23.7211	0.247525	32.4873
3.35437	23.8036	0.165017	32.4873
3.36129	23.8449	0.247525	32.4873
3.36714	23.9274	0.165017	32.4873
3.37095	23.9686	0.247525	32.4873
3.37197	24.0512	0.165017	32.4873
3.40039	24.0512	0.165017	33.5025
3.40057	24.0924	0.247525	33.5025
3.41558	24.1749	0.165017	33.5025
3.42005	24.2162	0.247525	33.5025
3.42091	24.2574	0.330033	33.5025
3.42557	24.3399	0.247525	33.5025
3.43003	24.4224	0.165017	33.5025
3.43131	24.4224	0.330033	33.5025
3.43309	24.5049	0.247525	33.5025
3.43613	24.5875	0.165017	33.5025
3.44487	24.5875	0.165017	34.0102
3.44565	24.6287	0.247525	34.0102
3.45225	24.7112	0.165017	34.0102
3.45249	24.7112	0.330033	34.0102
3.45564	24.7937	0.247525	34.0102
3.47082	24.8762	0.165017	34.0102
3.47307	24.9175	0.247525	34.0102
3.5012	25	0.165017	34.0102
3.50316	25.0413	0.247525	34.0102
3.50609	25.1238	0.165017	34.0102
3.56221	25.1238	0.165017	34.5178
3.56369	25.165	0.247525	34.5178
3.57326	25.2475	0.165017	34.5178
3.57534	25.2888	0.247525	34.5178
3.57598	25.3713	0.165017	34.5178
3.57641	25.3713	0.330033	34.5178
3.57833	25.4538	0.247525	34.5178
3.58082	25.5363	0.165017	34.5178
3.58157	25.5776	0.247525	34.5178
3.58357	25.6188	0.330033	34.5178
3.58517	25.7013	0.247525	34.5178
3.58553	25.7838	0.165017	34.5178
3.58677	25.8251	0.247525	34.5178
3.62138	25.9076	0.165017	34.5178
3.62281	25.9076	0.247525	34.5178
3.62617	25.9901	0.165017	34.5178
3.69499	25.9901	0.165017	35.533
3.72474	25.9901	0.165017	36.5482
3.72491	26.0314	0.247525	36.5482
3.72552	26.0314	0.247525	37.5635
3.7291	26.1139	0.165017	37.5635
3.75302	26.1139	0.165017	38.0711
3.75427	26.1551	0.247525	38.0711
3.76084	26.2376	0.165017	38.0711
3.77174	26.2376	0.165017	38.5787
3.77328	26.2789	0.247525	38.5787
3.80513	26.3614	0.165017	38.5787
3.80633	26.4439	0.0825083	38.5787
3.80734	26.4851	0.165017	38.5787
3.83649	26.5677	0.0825083	38.5787
3.83703	26.6089	0.165017	38.5787
3.84202	26.6914	0.0825083	38.5787
3.84289	26.6914	0.247525	38.5787
3.84684	26.7739	0.165017	38.5787
3.84728	26.8564	0.0825083	38.5787
3.8483	26.8564	0.247525	38.5787
3.84864	26.9389	0.165017	38.5787
3.85409	27.0215	0.0825083	38.5787
3.85575	27.0627	0.165017	38.5787
3.87721	27.1452	0.0825083	38.5787
3.88137	27.1865	0.165017	38.5787
3.89236	27.269	0.0825083	38.5787
3.89641	27.269	0.165017	38.5787
3.90428	27.3515	0.0825083	38.5787
3.90855	27.3927	0.165017	38.5787
3.92596	27.4752	0.0825083	38.5787
3.93115	27.4752	0.165017	38.5787
3.97274	27.5578	0.0825083	38.5787
3.99753	27.5578	0.0825083	39.5939
3.9985	27.5578	0.165017	39.5939
4.00436	27.6403	0.0825083	39.5939
4.00536	27.6815	0.165017	39.5939
4.00663	27.764	0.0825083	39.5939
4.0091	27.8053	0.165017	39.5939
4.01539	27.8878	0.0825083	39.5939
4.01609	27.8878	0.247525	39.5939
4.01736	27.9703	0.165017	39.5939
4.02597	28.0528	0.0825083	39.5939
4.02951	28.0941	0.165017	39.5939
4.0552	28.1766	0.0825083	39.5939
4.05561	28.2178	0.165017	39.5939
4.05606	28.2178	0.330033	39.5939
4.0565	28.3003	0.247525	39.5939
4.0665	28.3828	0.165017	39.5939
4.06791	28.4241	0.247525	39.5939
4.06926	28.5066	0.165017	39.5939
4.07169	28.5891	0.0825083	39.5939
4.07319	28.5891	0.247525	39.5939
4.07615	28.6716	0.165017	39.5939
4.08707	28.7541	0.0825083	39.5939
4.08762	28.7541	0.0825083	40.6091
4.0892	28.7954	0.165017	40.6091
4.08973	28.8366	0.247525	40.6091
4.09217	28.9191	0.165017	40.6091
4.15662	29.0016	0.0825083	40.6091
4.15741	29.0429	0.165017	40.6091
4.16715	29.1254	0.0825083	40.6091
4.16751	29.1254	0.165017	40.6091
4.17447	29.2079	0.0825083	40.6091
4.17627	29.2492	0.165017	40.6091
4.19808	29.3317	0.0825083	40.6091
4.19872	29.3317	0.247525	40.6091
4.19966	29.4142	0.165017	40.6091
4.23125	29.4967	0.0825083	40.6091
4.23317	29.4967	0.247525	40.6091
4.23915	29.5792	0.165017	40.6091
4.23936	29.6205	0.247525	40.6091
4.24019	29.6617	0.330033	40.6091
4.24198	29.7442	0.247525	40.6091
4.25301	29.8267	0.165017	40.6091
4.25517	29.868	0.247525	40.6091
4.26415	29.9505	0.165017	40.6091
4.2651	29.9505	0.247525	40.6091
4.33714	30.033	0.165017	40.6091
4.33934	30.0743	0.247525	40.6091
4.35893	30.1568	0.165017	40.6091
4.36193	30.198	0.247525	40.6091
4.36502	30.2805	0.165017	40.6091
4.36864	30.3218	0.247525	40.6091
4.39478	30.4043	0.165017	40.6091
4.3965	30.4455	0.247525	40.6091
4.39746	30.4455	0.247525	41.1168
4.40002	30.5281	0.165017	41.1168
4.40028	30.5693	0.247525	41.1168
4.41397	30.6518	0.165017	41.1168
4.42948	30.6518	0.165017	41.6244
4.43033	30.6931	0.247525	41.6244
4.43066	30.7343	0.330033	41.6244
4.43227	30.8168	0.247525	41.6244
4.43635	30.8993	0.165017	41.6244
4.43664	30.9406	0.247525	41.6244
4.44104	31.0231	0.165017	41.6244
4.44228	31.0231	0.330033	41.6244
4.44445	31.1056	0.247525	41.6244
4.44624	31.1469	0.330033	41.6244
4.44708	31.2294	0.247525	41.6244
4.46368	31.3119	0.165017	41.6244
4.46803	31.3119	0.247525	41.6244
4.51002	31.3944	0.165017	41.6244
4.51173	31.3944	0.330033	41.6244
4.51203	31.4769	0.247525	41.6244
4.51549	31.5594	0.165017	41.6244
4.51601	31.6007	0.247525	41.6244
4.55936	31.6832	0.165017	41.6244
4.55948	31.7244	0.247525	41.6244
4.61182	31.8069	0.165017	41.6244
4.63219	31.8069	0.165017	42.132
4.63279	31.8482	0.247525	42.132
4.64806	31.9307	0.165017	42.132
4.64972	31.9719	0.247525	42.132
4.67054	32.0545	0.165017	42.132
4.67102	32.0957	0.247525	42.132
4.68092	32.1782	0.165017	42.132
4.68747	32.1782	0.165017	42.6396
4.68835	32.1782	0.330033	42.6396
4.68895	32.2607	0.247525	42.6396
4.71608	32.3432	0.165017	42.6396
4.71629	32.3432	0.247525	42.6396
4.75233	32.4257	0.165017	42.6396
4.75283	32.467	0.247525	42.6396
4.75496	32.467	0.247525	43.1472
4.77494	32.5495	0.165017	43.1472
4.85002	32.5495	0.165017	43.6548
4.85212	32.5495	0.247525	43.6548
4.8604	32.632	0.165017	43.6548
4.86088	32.6733	0.247525	43.6548
4.88111	32.7558	0.165017	43.6548
4.88196	32.7558	0.330033	43.6548
4.88307	32.8383	0.247525	43.6548
4.89762	32.9208	0.165017	43.6548
4.89945	32.962	0.247525	43.6548
4.89962	33.0446	0.165017	43.6548
4.90071	33.0446	0.330033	43.6548
4.90205	33.1271	0.247525	43.6548
4.9245	33.2096	0.165017	43.6548
4.92577	33.2508	0.247525	43.6548
5.00808	33.3333	0.165017	43.6548
5.00821	33.3746	0.247525	43.6548
5.01182	33.4571	0.165017	43.6548
5.01844	33.4571	0.165017	44.1624
5.01924	33.4571	0.330033	44.1624
5.02205	33.5396	0.247525	44.1624
5.03941	33.6221	0.165017	44.1624
5.0412	33.6221	0.247525	44.1624
5.04405	33.7046	0.165017	44.1624
5.04407	33.7459	0.247525	44.1624
5.09152	33.8284	0.165017	44.1624
5.09276	33.8696	0.247525	44.1624
5.09448	33.9521	0.165017	44.1624
5.09659	33.9934	0.247525	44.1624
5.10421	34.0759	0.165017	44.1624
5.10466	34.1172	0.247525	44.1624
5.10533	34.1584	0.330033	44.1624
5.10705	34.2409	0.247525	44.1624
5.13317	34.3234	0.165017	44.1624
5.13385	34.3647	0.247525	44.1624
5.14327	34.4472	0.165017	44.1624
5.14414	34.4472	0.247525	44.1624
5.25111	34.5297	0.165017	44.1624
5.25195	34.571	0.247525	44.1624
5.26629	34.6535	0.165017	44.1624
5.27663	34.6947	0.247525	44.1624
5.30095	34.7772	0.165017	44.1624
5.30421	34.8185	0.247525	44.1624
5.30431	34.8185	0.412541	44.1624
5.30599	34.901	0.330033	44.1624
5.30841	34.9835	0.247525	44.1624
5.31283	35.066	0.165017	44.1624
5.33452	35.066	0.165017	44.6701
5.33501	35.066	0.330033	44.6701
5.33856	35.1485	0.247525	44.6701
5.36006	35.231	0.165017	44.6701
5.3607	35.231	0.330033	44.6701
5.36456	35.3135	0.247525	44.6701
5.39882	35.396	0.165017	44.6701
5.39936	35.4373	0.247525	44.6701
5.40346	35.5198	0.165017	44.6701
5.40431	35.5611	0.247525	44.6701
5.42819	35.6436	0.165017	44.6701
5.45501	35.7261	0.0825083	44.6701
5.45585	35.7673	0.165017	44.6701
5.46039	35.8498	0.0825083	44.6701
5.46066	35.8498	0.165017	44.6701
5.46489	35.9323	0.0825083	44.6701
5.46596	35.9736	0.165017	44.6701
5.46915	35.9736	0.165017	45.1777
5.48157	36.0561	0.0825083	45.1777
5.48802	36.0974	0.165017	45.1777
5.51295	36.1799	0.0825083	45.1777
5.51588	36.2211	0.165017	45.1777
5.51648	36.3036	0.0825083	45.1777
5.51657	36.3036	0.247525	45.1777
5.51675	36.3449	0.330033	45.1777
5.51752	36.4274	0.247525	45.1777
5.52113	36.5099	0.165017	45.1777
5.52678	36.5924	0.0825083	45.1777
5.52908	36.6337	0.165017	45.1777
5.53534	36.7162	0.0825083	45.1777
5.53566	36.7574	0.165017	45.1777
5.5464	36.8399	0.0825083	45.1777
5.54643	36.8399	0.165017	45.1777
5.55606	36.9224	0.0825083	45.1777
5.5661	37.005	0	45.1777
5.56647	37.005	0.0825083	45.1777
5.56793	37.005	0.247525	45.1777
5.56967	37.0875	0.165017	45.1777
5.57054	37.17	0.0825083	45.1777
5.60066	37.2525	0	45.1777
5.60711	37.2937	0.0825083	45.1777
5.62392	37.3762	0	45.1777
5.63485	37.3762	0	46.1929
5.63563	37.4175	0.0825083	46.1929
5.65264	37.5	0	46.1929
5.72531	37.5	0	46.7005
5.726	37.5413	0.0825083	46.7005
5.78624	37.6238	0	46.7005
5.78805	37.665	0.0825083	46.7005
5.79869	37.7475	0	46.7005
5.80176	37.7888	0.0825083	46.7005
5.84371	37.8713	0	46.7005
5.84413	37.8713	0.165017	46.7005
5.84498	37.8713	0.165017	47.2081
5.8452	37.9538	0.0825083	47.2081
5.86036	38.0363	0	47.2081
5.86158	38.0776	0.0825083	47.2081
5.89006	38.1601	0	47.2081
5.89499	38.1601	0.0825083	47.2081
5.91493	38.2426	0	47.2081
5.91512	38.2426	0.165017	47.2081
5.91539	38.3251	0.0825083	47.2081
5.94328	38.4076	0	47.2081
5.94821	38.4076	0.165017	47.2081
5.96249	38.4901	0.0825083	47.2081
5.96595	38.5314	0.165017	47.2081
5.98117	38.6139	0.0825083	47.2081
6.00006	38.6139	0.0825083	47.2081
6.00095	38.6551	0.165017	47.2081
6.03547	38.7376	0.0825083	47.2081
6.04153	38.8201	0	47.2081
6.04333	38.8614	0.0825083	47.2081
6.07892	38.9439	0	47.2081
6.07912	38.9439	0.165017	47.2081
6.07912	38.9439	0.330033	47.2081
6.07919	39.0264	0.247525	47.2081
6.08064	39.1089	0.165017	47.2081
6.08098	39.1914	0.0825083	47.2081
6.10107	39.2739	0	47.2081
6.10241	39.3152	0.0825083	47.2081
6.10331	39.3564	0.165017	47.2081
6.10913	39.4389	0.0825083	47.2081
6.11827	39.5215	0	47.2081
6.11888	39.5627	0.0825083	47.2081
6.16805	39.6452	0	47.2081
6.16813	39.6865	0.0825083	47.2081
6.17525	39.769	0	47.2081
6.17752	39.8102	0.0825083	47.2081
6.1841	39.8927	0	47.2081
6.18595	39.8927	0.165017	47.2081
6.18655	39.9752	0.0825083	47.2081
6.19796	40.0578	0	47.2081
6.1985	40.0578	0.165017	47.2081
6.20045	40.1403	0.0825083	47.2081
6.21374	40.2228	0	47.2081
6.21542	40.2228	0.165017	47.2081
6.21733	40.3053	0.0825083	47.2081
6.22476	40.3878	0	47.2081
6.24382	40.3878	0	47.7157
6.24969	40.429	0.0825083	47.7157
6.26563	40.5116	0	47.7157
6.26676	40.5528	0.0825083	47.7157
6.29063	40.6353	0	47.7157
6.29503	40.6766	0.0825083	47.7157
6.29511	40.7591	0	47.7157
6.29811	40.8003	0.0825083	47.7157
6.30557	40.8828	0	47.7157
6.30807	40.8828	0.0825083	47.7157
6.32848	40.9653	0	47.7157
6.32914	41.0066	0.0825083	47.7157
6.33587	41.0891	0	47.7157
6.34907	41.0891	0	48.2234
6.35357	41.1304	0.0825083	48.2234
6.36333	41.2129	0	48.2234
6.36516	41.2129	0.165017	48.2234
6.36775	41.2954	0.0825083	48.2234
6.37098	41.3779	0	48.2234
6.37743	41.3779	0	48.731
6.41183	41.3779	0	49.2386
6.41217	41.4191	0.0825083	49.2386
6.47317	41.5017	0	49.2386
6.50095	41.5017	0	49.7462
6.50924	41.5017	0	50.2538
6.51246	41.5429	0.0825083	50.2538
6.51275	41.5429	0.247525	50.2538
6.5146	41.6254	0.165017	50.2538
6.51629	41.7079	0.0825083	50.2538
6.51651	41.7079	0.165017	50.2538
6.5181	41.7904	0.0825083	50.2538
6.53422	41.8729	0	50.2538
6.53428	41.8729	0.165017	50.2538
6.54104	41.9554	0.0825083	50.2538
6.54353	41.9554	0.0825083	51.269
6.5625	42.038	0	51.269
6.58814	42.038	0	51.7766
6.58933	42.0792	0.0825083	51.7766
6.59211	42.1617	0	51.7766
6.59317	42.1617	0.165017	51.7766
6.5936	42.2442	0.0825083	51.7766
6.62201	42.3267	0	51.7766
6.62918	42.3267	0.0825083	51.7766
6.63654	42.4092	0	51.7766
6.63724	42.4505	0.0825083	51.7766
6.63796	42.533	0	51.7766
6.63871	42.5743	0.0825083	51.7766
6.6673	42.6568	0	51.7766
6.7	42.6568	0	52.2843
6.7009	42.698	0.0825083	52.2843
6.75349	42.7805	0	52.2843
6.75439	42.8218	0.0825083	52.2843
6.75835	42.9043	0	52.2843
6.75922	42.9455	0.0825083	52.2843
6.75979	43.0281	0	52.2843
6.75981	43.0281	0.165017	52.2843
6.76006	43.1106	0.0825083	52.2843
6.8683	43.1931	0	52.2843
6.8708	43.2343	0.0825083	52.2843
6.87113	43.3168	0	52.2843
6.87248	43.3581	0.0825083	52.2843
6.89056	43.4406	0	52.2843
6.94585	43.4406	0	53.2995
6.94715	43.4818	0.0825083	53.2995
6.97125	43.5644	0	53.2995
6.97412	43.6056	0.0825083	53.2995
6.99187	43.6881	0	53.2995
6.99479	43.6881	0	54.3147
6.99623	43.6881	0.165017	54.3147
6.99707	43.7706	0.0825083	54.3147
6.99789	43.7706	0.165017	54.3147
7.0017	43.8531	0.0825083	54.3147
7.01663	43.9356	0	54.3147
7.01665	43.9769	0.0825083	54.3147
7.08058	44.0594	0	54.3147
7.08137	44.1007	0.0825083	54.3147
7.13306	44.1832	0	54.3147
7.16527	44.1832	0	54.3147
7.16931	44.2244	0.0825083	54.3147
7.19185	44.3069	0	54.3147
7.19211	44.3482	0.0825083	54.3147
7.21435	44.4307	0	54.3147
7.21454	44.4719	0.0825083	54.3147
7.21547	44.5132	0.165017	54.3147
7.2157	44.5957	0.0825083	54.3147
7.23371	44.6782	0	54.3147
7.23372	44.7195	0.0825083	54.3147
7.25222	44.802	0	54.3147
7.25389	44.8432	0.0825083	54.3147
7.25949	44.9257	0	54.3147
7.26231	44.967	0.0825083	54.3147
7.26465	45.0083	0.165017	54.3147
7.26562	45.0908	0.0825083	54.3147
7.32314	45.1733	0	54.3147
7.32333	45.2145	0.0825083	54.3147
7.32931	45.297	0	54.3147
7.32983	45.297	0.165017	54.3147
7.32995	45.3795	0.0825083	54.3147
7.33174	45.462	0	54.3147
7.33249	45.5033	0.0825083	54.3147
7.33421	45.5858	0	54.3147
7.33441	45.5858	0.165017	54.3147
7.33492	45.5858	0.247525	54.3147
7.33543	45.6683	0.165017	54.3147
7.33657	45.7508	0.0825083	54.3147
7.34759	45.8333	0	54.3147
7.35135	45.8746	0.0825083	54.3147
7.36742	45.9571	0	54.3147
7.37568	45.9571	0	55.3299
7.37589	45.9571	0.0825083	55.3299
7.39974	46.0396	0	55.3299
7.41254	46.0396	0	55.8376
7.41425	46.0809	0.0825083	55.8376
7.4706	46.1634	0	55.8376
7.47109	46.2046	0.0825083	55.8376
7.4726	46.2871	0	55.8376
7.48019	46.2871	0	56.3452
7.48134	46.3284	0.0825083	56.3452
7.51621	46.4109	0	56.3452
7.52041	46.4521	0.0825083	56.3452
7.53638	46.5347	0	56.3452
7.53827	46.5347	0.0825083	56.3452
7.5493	46.6172	0	56.3452
7.57969	46.6172	0	57.3604
7.58044	46.6172	0.165017	57.3604
7.58297	46.6997	0.0825083	57.3604
7.59702	46.7822	0	57.3604
7.60887	46.7822	0	57.868
7.60931	46.8234	0.0825083	57.868
7.61148	46.9059	0	57.868
7.65592	46.9059	0.165017	57.868
7.656	46.9472	0.247525	57.868
7.67351	47.0297	0.165017	57.868
7.67393	47.071	0.247525	57.868
7.72828	47.1535	0.165017	57.868
7.77874	47.1535	0.165017	58.3756
7.77942	47.1947	0.247525	58.3756
7.80738	47.2772	0.165017	58.3756
7.81379	47.3185	0.247525	58.3756
7.81514	47.401	0.165017	58.3756
7.81594	47.401	0.330033	58.3756
7.8182	47.4835	0.247525	58.3756
7.82381	47.566	0.165017	58.3756
7.82397	47.566	0.330033	58.3756
7.82611	47.6485	0.247525	58.3756
7.82638	47.731	0.165017	58.3756
7.82798	47.731	0.330033	58.3756
7.82822	47.7723	0.412541	58.3756
7.82901	47.8548	0.330033	58.3756
7.83236	47.9373	0.247525	58.3756
7.87244	48.0198	0.165017	58.3756
7.88281	48.1023	0.0825083	58.3756
7.8831	48.1023	0.247525	58.3756
7.88623	48.1848	0.165017	58.3756
7.89152	48.2673	0.0825083	58.3756
7.89339	48.2673	0.247525	58.3756
7.89422	48.3498	0.165017	58.3756
7.91395	48.4323	0.0825083	58.3756
7.91808	48.4323	0.0825083	59.3909
7.94013	48.5149	0	59.3909
7.94057	48.5149	0.165017	59.3909
7.94163	48.5974	0.0825083	59.3909
7.94263	48.5974	0.165017	59.3909
7.94435	48.6799	0.0825083	59.3909
7.96541	48.7624	0	59.3909
7.9656	48.7624	0.165017	59.3909
7.96849	48.8449	0.0825083	59.3909
7.97053	48.9274	0	59.3909
7.97115	48.9686	0.0825083	59.3909
8.01469	49.0512	0	59.3909
8.01635	49.0512	0.165017	59.3909
8.01821	49.1337	0.0825083	59.3909
8.14667	49.2162	0	59.3909
8.14749	49.2574	0.0825083	59.3909
8.14798	49.3399	0	59.3909
8.14828	49.3399	0.165017	59.3909
8.14957	49.4224	0.0825083	59.3909
8.1547	49.505	0	59.3909
8.16943	49.505	0	60.4061
8.17027	49.505	0.165017	60.4061
8.17092	49.5875	0.0825083	60.4061
8.19413	49.67	0	60.4061
8.19454	49.67	0.0825083	60.4061
8.27059	49.7525	0	60.4061
8.2716	49.7937	0.0825083	60.4061
8.27319	49.8762	0	60.4061
8.27444	49.9175	0.0825083	60.4061
8.28495	50	0	60.4061
8.28582	50.0413	0.0825083	60.4061
8.29977	50.1238	0	60.4061
8.30411	50.1238	0.0825083	60.4061
8.31981	50.2063	0	60.4061
8.32204	50.2063	0.0825083	60.4061
8.33859	50.2888	0	60.4061
8.34233	50.33	0.0825083	60.4061
8.35757	50.4125	0	60.4061
8.38785	50.4125	0	61.4213
8.3936	50.4538	0.0825083	61.4213
8.39545	50.495	0.165017	61.4213
8.3958	50.5776	0.0825083	61.4213
8.4154	50.6601	0	61.4213
8.41576	50.6601	0.165017	61.4213
8.41687	50.7426	0.0825083	61.4213
8.53371	50.8251	0	61.4213
8.54879	50.8251	0	61.4213
8.55255	50.8663	0.0825083	61.4213
8.56294	50.9488	0	61.4213
8.56301	50.9901	0.0825083	61.4213
8.56329	50.9901	0.247525	61.4213
8.5633	51.0726	0.165017	61.4213
8.56577	51.1551	0.0825083	61.4213
8.63095	51.2376	0	61.4213
8.63118	51.2376	0.165017	61.4213
8.63486	51.3201	0.0825083	61.4213
8.64179	51.4026	0	61.4213
8.64186	51.4439	0.0825083	61.4213
8.6968	51.5264	0	61.4213
8.6982	51.5677	0.0825083	61.4213
8.72013	51.6502	0	61.4213
8.72381	51.6502	0	62.4365
8.72502	51.6502	0.165017	62.4365
8.72503	51.7327	0.0825083	62.4365
8.73131	51.8152	0	62.4365
8.73197	51.8152	0.165017	62.4365
8.73354	51.8977	0.0825083	62.4365
8.76386	51.9802	0	62.4365
8.76837	52.0215	0.0825083	62.4365
8.79621	52.104	0	62.4365
8.79866	52.104	0.0825083	62.4365
8.84131	52.1865	0	62.4365
8.85638	52.1865	0	63.4518
8.89374	52.1865	0	63.9594
8.8951	52.1865	0.165017	63.9594
8.89806	52.269	0.0825083	63.9594
8.90855	52.3515	0	63.9594
8.91117	52.3515	0.0825083	63.9594
8.9161	52.434	0	63.9594
8.91752	52.434	0.0825083	63.9594
9.04296	52.5165	0	63.9594
9.08686	52.5165	0	64.9746
9.08691	52.5165	0.165017	64.9746
9.08702	52.599	0.0825083	64.9746
9.13293	52.6815	0	64.9746
9.13785	52.6815	0.0825083	64.9746
9.13785	52.764	0	64.9746
9.13942	52.8053	0.0825083	64.9746
9.24127	52.8878	0	64.9746
9.27082	52.8878	0	65.4822
9.27666	52.929	0.0825083	65.4822
9.34142	53.0116	0	65.4822
9.34184	53.0116	0.0825083	65.4822
9.34188	53.0528	0.165017	65.4822
9.34314	53.1353	0.0825083	65.4822
9.36493	53.2178	0	65.4822
9.36698	53.2178	0.0825083	65.4822
9.39063	53.3003	0	65.4822
9.39195	53.3416	0.0825083	65.4822
9.41316	53.4241	0	65.4822
9.41322	53.4241	0.165017	65.4822
9.4192	53.5066	0.0825083	65.4822
9.47704	53.5891	0	65.4822
9.49546	53.5891	0	65.9898
9.49628	53.6304	0.0825083	65.9898
9.49689	53.6304	0.247525	65.9898
9.49763	53.7129	0.165017	65.9898
9.49809	53.7954	0.0825083	65.9898
9.49828	53.8779	0	65.9898
9.50009	53.8779	0.0825083	65.9898
9.53033	53.9604	0	65.9898
9.53133	54.0017	0.0825083	65.9898
9.69018	54.0842	0	65.9898
9.69412	54.1254	0.0825083	65.9898
9.78328	54.2079	0	65.9898
9.78371	54.2492	0.0825083	65.9898
9.83132	54.3317	0	65.9898
9.8406	54.3317	0	67.0051
9.84241	54.3317	0.165017	67.0051
9.84243	54.4142	0.0825083	67.0051
9.85758	54.4967	0	67.0051
9.89249	54.4967	0	68.0203
9.89264	54.538	0.0825083	68.0203
9.89596	54.6205	0	68.0203
9.89779	54.6617	0.0825083	68.0203
9.91692	54.7442	0	68.0203
9.91918	54.7442	0.165017	68.0203
9.92032	54.8267	0.0825083	68.0203
9.95614	54.9092	0	68.0203
9.95704	54.9505	0.0825083	68.0203
9.98856	55.033	0	68.0203
9.98936	55.0743	0.0825083	68.0203
9.99865	55.1568	0	68.0203
10.0471	55.1568	0	69.0355
10.0485	55.198	0.0825083	69.0355
10.0526	55.2805	0	69.0355
10.0539	55.2805	0.0825083	69.0355
10.0604	55.363	0	69.0355
10.0618	55.4043	0.0825083	69.0355
10.1039	55.4868	0	69.0355
10.13	55.4868	0	69.5431
10.1315	55.5281	0.0825083	69.5431
10.1326	55.6106	0	69.5431
10.1335	55.6518	0.0825083	69.5431
10.1716	55.7343	0	69.5431
10.1718	55.7343	0.165017	69.5431
10.1753	55.8168	0.0825083	69.5431
10.2194	55.8993	0	69.5431
10.2215	55.8993	0.165017	69.5431
10.2216	55.9818	0.0825083	69.5431
10.2385	56.0644	0	69.5431
10.2386	56.1056	0.0825083	69.5431
10.2538	56.1881	0	69.5431
10.2568	56.2294	0.0825083	69.5431
10.2691	56.3119	0	69.5431
10.2704	56.3531	0.0825083	69.5431
10.2803	56.4356	0	69.5431
10.2859	56.4769	0.0825083	69.5431
10.2882	56.5594	0	69.5431
10.2907	56.6007	0.0825083	69.5431
10.3059	56.6832	0	69.5431
10.3063	56.6832	0.165017	69.5431
10.3063	56.7657	0.0825083	69.5431
10.3419	56.8482	0	69.5431
10.3438	56.8894	0.0825083	69.5431
10.4259	56.9719	0	69.5431
10.4282	57.0132	0.0825083	69.5431
10.4804	57.0957	0	69.5431
10.4807	57.137	0.0825083	69.5431
10.593	57.2195	0	69.5431
10.5937	57.2607	0.0825083	69.5431
10.6149	57.3432	0	69.5431
10.6672	57.3432	0	70.5584
10.6694	57.3845	0.0825083	70.5584
10.6816	57.467	0	70.5584
10.6837	57.467	0.165017	70.5584
10.689	57.5495	0.0825083	70.5584
10.6915	57.632	0	70.5584
10.6925	57.6733	0.0825083	70.5584
10.7101	57.7558	0	70.5584
10.7101	57.7558	0.165017	70.5584
10.7129	57.8383	0.0825083	70.5584
10.8763	57.9208	0	70.5584
10.8765	57.962	0.0825083	70.5584
10.8922	58.0446	0	70.5584
10.8969	58.0858	0.0825083	70.5584
10.9332	58.1683	0	70.5584
10.9411	58.1683	0.0825083	70.5584
10.9623	58.2508	0	70.5584
10.9711	58.2508	0	71.5736
10.9732	58.2508	0.0825083	71.5736
10.9784	58.3333	0	71.5736
11.0155	58.3333	0	72.5888
11.0174	58.3746	0.0825083	72.5888
11.0312	58.4571	0	72.5888
11.0336	58.4983	0.0825083	72.5888
11.0342	58.4983	0.247525	72.5888
11.0358	58.5809	0.165017	72.5888
11.0371	58.6634	0.0825083	72.5888
11.1041	58.7459	0	72.5888
11.1127	58.7871	0.0825083	72.5888
11.1251	58.8696	0	72.5888
11.1283	58.8696	0.165017	72.5888
11.1319	58.9521	0.0825083	72.5888
11.1349	59.0347	0	72.5888
11.1372	59.0347	0.0825083	72.5888
11.1531	59.1172	0	72.5888
11.1537	59.1172	0.165017	72.5888
11.1555	59.1997	0.0825083	72.5888
11.2129	59.2822	0	72.5888
11.2144	59.3234	0.0825083	72.5888
11.2159	59.3647	0.165017	72.5888
11.216	59.4472	0.0825083	72.5888
11.22	59.5297	0	72.5888
11.2246	59.5297	0.0825083	72.5888
11.2581	59.6122	0	72.5888
11.3365	59.6122	0	73.6041
11.3923	59.6122	0	74.6193
11.3964	59.6122	0.165017	74.6193
11.3994	59.6947	0.0825083	74.6193
11.4341	59.7772	0	74.6193
11.4353	59.8185	0.0825083	74.6193
11.4416	59.901	0	74.6193
11.4417	59.901	0.165017	74.6193
11.4425	59.9422	0.247525	74.6193
11.4431	60.0248	0.165017	74.6193
11.4464	60.1073	0.0825083	74.6193
11.4482	60.1898	0	74.6193
11.4518	60.1898	0.165017	74.6193
11.4551	60.2723	0.0825083	74.6193
11.5228	60.3548	0	74.6193
11.5232	60.3548	0	75.1269
11.5235	60.396	0.0825083	75.1269
11.5381	60.4785	0	75.1269
11.5678	60.4785	0	76.1421
11.6175	60.4785	0	77.1574
11.6205	60.4785	0	78.1726
11.622	60.4785	0.0825083	78.1726
11.6596	60.5611	0	78.1726
11.6598	60.6023	0.0825083	78.1726
11.6769	60.6848	0	78.1726
11.6772	60.6848	0.165017	78.1726
11.679	60.7673	0.0825083	78.1726
11.7231	60.8498	0	78.1726
11.7236	60.8911	0.0825083	78.1726
11.7597	60.9736	0	78.1726
11.7599	60.9736	0.0825083	78.1726
11.7612	61.0561	0	78.1726
11.7636	61.0561	0.0825083	78.1726
11.7674	61.1386	0	78.1726
11.7701	61.1799	0.0825083	78.1726
11.772	61.2624	0	78.1726
11.7728	61.3036	0.0825083	78.1726
11.8164	61.3861	0	78.1726
11.8166	61.4274	0.0825083	78.1726
11.8335	61.5099	0	78.1726
11.834	61.5099	0.165017	78.1726
11.8376	61.5924	0.0825083	78.1726
11.8618	61.6749	0	78.1726
11.864	61.7162	0.0825083	78.1726
11.9127	61.7987	0	78.1726
11.9129	61.8399	0.0825083	78.1726
11.9616	61.9224	0	78.1726
11.9673	61.9224	0	79.1878
11.9692	61.9637	0.0825083	79.1878
11.9886	62.0462	0	79.1878
11.9891	62.0875	0.0825083	79.1878
12.0257	62.17	0	79.1878
12.0261	62.2112	0.0825083	79.1878
12.0307	62.2937	0	79.1878
12.0327	62.2937	0.0825083	79.1878
12.0351	62.3762	0	79.1878
12.0373	62.3762	0.165017	79.1878
12.0373	62.4175	0.247525	79.1878
12.0413	62.5	0.165017	79.1878
12.0431	62.5825	0.0825083	79.1878
12.0489	62.665	0	79.1878
12.1268	62.665	0	79.6954
12.1334	62.665	0	80.203
12.1573	62.665	0	81.2183
12.16	62.7063	0.0825083	81.2183
12.1677	62.7888	0	81.2183
12.1699	62.83	0.0825083	81.2183
12.1744	62.9125	0	81.2183
12.1744	62.9538	0.0825083	81.2183
12.2095	63.0363	0	81.2183
12.212	63.0776	0.0825083	81.2183
12.2256	63.1601	0	81.2183
12.2269	63.2013	0.0825083	81.2183
12.2324	63.2838	0	81.2183
12.2642	63.2838	0	82.2335
12.2648	63.3251	0.0825083	82.2335
12.285	63.4076	0	82.2335
12.2862	63.4488	0.0825083	82.2335
12.2865	63.4901	0.165017	82.2335
12.2943	63.5726	0.0825083	82.2335
12.322	63.6551	0	82.2335
12.3229	63.6964	0.0825083	82.2335
12.5334	63.7789	0	82.2335
12.5397	63.7789	0.165017	82.2335
12.5423	63.8614	0.0825083	82.2335
12.5713	63.9439	0	82.2335
12.5715	63.9851	0.0825083	82.2335
12.6732	64.0677	0	82.2335
12.6757	64.0677	0.0825083	82.2335
12.7026	64.1502	0	82.2335
12.7044	64.1502	0.165017	82.2335
12.7045	64.2327	0.0825083	82.2335
12.7119	64.3152	0	82.2335
12.7132	64.3152	0.0825083	82.2335
12.7358	64.3977	0	82.2335
12.7436	64.3977	0.0825083	82.2335
12.8555	64.4802	0	82.2335
12.8594	64.5215	0.0825083	82.2335
12.9178	64.604	0	82.2335
12.9186	64.604	0.165017	82.2335
12.9218	64.6865	0.0825083	82.2335
12.9476	64.769	0	82.2335
12.9504	64.8102	0.0825083	82.2335
12.9576	64.8927	0	82.2335
12.9602	64.934	0.0825083	82.2335
12.9733	65.0165	0	82.2335
12.9737	65.0578	0.0825083	82.2335
13.0103	65.1403	0	82.2335
13.0111	65.1815	0.0825083	82.2335
13.0114	65.1815	0.247525	82.2335
13.0116	65.264	0.165017	82.2335
13.0125	65.3465	0.0825083	82.2335
13.0264	65.429	0	82.2335
13.0272	65.429	0.165017	82.2335
13.0283	65.5116	0.0825083	82.2335
13.1866	65.5941	0	82.2335
13.1897	65.6353	0.0825083	82.2335
13.2085	65.7178	0	82.2335
13.3358	65.7178	0	83.2487
13.3403	65.7591	0.0825083	83.2487
13.3508	65.8416	0	83.2487
13.3514	65.8416	0.0825083	83.2487
13.3677	65.9241	0	83.2487
13.3688	65.9241	0.165017	83.2487
13.369	66.0066	0.0825083	83.2487
13.3692	66.0891	0	83.2487
13.3698	66.0891	0.165017	83.2487
13.3703	66.1716	0.0825083	83.2487
13.4027	66.2541	0	83.2487
13.4053	66.2954	0.0825083	83.2487
13.4384	66.3779	0	83.2487
13.4422	66.3779	0	84.264
13.4436	66.4191	0.0825083	84.264
13.4636	66.5016	0	84.264
13.5127	66.5016	0	85.2792
13.5218	66.5429	0.0825083	85.2792
13.7295	66.6254	0	85.2792
13.7299	66.6667	0.0825083	85.2792
13.7457	66.7492	0	85.2792
13.7462	66.7492	0.165017	85.2792
13.7482	66.8317	0.0825083	85.2792
13.7763	66.9142	0	85.2792
13.7764	66.9554	0.0825083	85.2792
13.795	67.038	0	85.2792
13.7967	67.0792	0.0825083	85.2792
13.8386	67.1617	0	85.2792
13.8387	67.1617	0.165017	85.2792
13.8398	67.2442	0.0825083	85.2792
13.9811	67.3267	0	85.2792
13.9817	67.368	0.0825083	85.2792
13.9945	67.4505	0	85.2792
13.995	67.4505	0.0825083	85.2792
13.9959	67.533	0	85.2792
13.9988	67.5743	0.0825083	85.2792
14.049	67.6568	0	85.2792
14.0496	67.698	0.0825083	85.2792
14.1055	67.7805	0	85.2792
14.1066	67.8218	0.0825083	85.2792
14.1349	67.9043	0	85.2792
14.1393	67.9455	0.0825083	85.2792
14.1607	68.0281	0	85.2792
14.1611	68.0281	0.165017	85.2792
14.163	68.1106	0.0825083	85.2792
14.3171	68.1931	0	85.2792
14.3206	68.2343	0.0825083	85.2792
14.39	68.3168	0	85.2792
14.3931	68.3168	0.0825083	85.2792
14.4038	68.3993	0	85.2792
14.4042	68.4406	0.0825083	85.2792
14.4088	68.5231	0	85.2792
14.414	68.5644	0.0825083	85.2792
14.4187	68.6469	0	85.2792
14.4189	68.6881	0.0825083	85.2792
14.4478	68.7706	0	85.2792
14.4489	68.7706	0.165017	85.2792
14.449	68.8531	0.0825083	85.2792
14.5041	68.9356	0	85.2792
14.5096	68.9769	0.0825083	85.2792
14.5487	69.0594	0	85.2792
14.5512	69.0594	0.165017	85.2792
14.5541	69.1419	0.0825083	85.2792
14.8011	69.2244	0	85.2792
14.8019	69.2657	0.0825083	85.2792
14.8063	69.3482	0	85.2792
14.807	69.3894	0.0825083	85.2792
14.8566	69.4719	0	85.2792
14.8567	69.5132	0.0825083	85.2792
14.8658	69.5957	0	85.2792
14.8666	69.5957	0.165017	85.2792
14.8678	69.6782	0.0825083	85.2792
14.8685	69.6782	0.247525	85.2792
14.8712	69.7607	0.165017	85.2792
14.8748	69.8432	0.0825083	85.2792
15.0624	69.9257	0	85.2792
15.0627	69.9257	0.165017	85.2792
15.0639	70.0082	0.0825083	85.2792
15.0721	70.0908	0	85.2792
15.0723	70.0908	0.0825083	85.2792
15.078	70.1733	0	85.2792
15.078	70.2145	0.0825083	85.2792
15.2126	70.297	0	85.2792
15.2663	70.297	0	86.2944
15.2676	70.3383	0.0825083	86.2944
15.3067	70.4208	0	86.2944
15.3081	70.4208	0.0825083	86.2944
15.3543	70.5033	0	86.2944
15.3559	70.5033	0.165017	86.2944
15.3565	70.5858	0.0825083	86.2944
15.6092	70.6683	0	86.2944
15.6165	70.7096	0.0825083	86.2944
15.6432	70.7921	0	86.2944
15.6441	70.8333	0.0825083	86.2944
15.7285	70.9158	0	86.2944
15.7287	70.9158	0.165017	86.2944
15.7293	70.9984	0.0825083	86.2944
15.7706	71.0809	0	86.2944
15.773	71.1221	0.0825083	86.2944
15.7882	71.2046	0	86.2944
15.7883	71.2459	0.0825083	86.2944
15.9047	71.3284	0	86.2944
15.9048	71.3696	0.0825083	86.2944
15.9483	71.4521	0	86.2944
15.9496	71.4521	0.165017	86.2944
15.9511	71.5347	0.0825083	86.2944
15.9915	71.6172	0	86.2944
15.9928	71.6584	0.0825083	86.2944
16.0718	71.7409	0	86.2944
16.0743	71.7409	0.0825083	86.2944
16.0774	71.8234	0	86.2944
16.1788	71.8234	0	87.3096
16.3492	71.8234	0	88.3249
16.3516	71.8234	0.0825083	88.3249
16.3517	71.9059	0	88.3249
16.3546	71.9472	0.0825083	88.3249
16.4024	72.0297	0	88.3249
16.5852	72.0297	0	88.8325
16.587	72.0297	0.165017	88.8325
16.5876	72.1122	0.0825083	88.8325
16.6363	72.1947	0	88.8325
16.6389	72.236	0.0825083	88.8325
16.8308	72.3185	0	88.8325
16.8312	72.3597	0.0825083	88.8325
16.9095	72.4422	0	88.8325
16.9107	72.4835	0.0825083	88.8325
16.9824	72.566	0	88.8325
16.9867	72.6073	0.0825083	88.8325
17.0592	72.6898	0	88.8325
17.0653	72.731	0.0825083	88.8325
17.0887	72.8135	0	88.8325
17.093	72.8548	0.0825083	88.8325
17.1005	72.9373	0	88.8325
17.1054	72.9785	0.0825083	88.8325
17.118	73.0611	0	88.8325
17.206	73.1023	0.0825083	88.8325
17.2147	73.1848	0	88.8325
17.2162	73.1848	0.165017	88.8325
17.2194	73.2673	0.0825083	88.8325
17.2583	73.3498	0	88.8325
17.2717	73.3498	0	89.8477
17.2754	73.3498	0.165017	89.8477
17.3291	73.4323	0.0825083	89.8477
17.3318	73.4736	0.165017	89.8477
17.351	73.5561	0.0825083	89.8477
17.3515	73.5974	0.165017	89.8477
17.3758	73.6799	0.0825083	89.8477
17.3799	73.6799	0.0825083	90.8629
17.5609	73.6799	0.0825083	91.8782
17.5612	73.7211	0.165017	91.8782
17.5891	73.8036	0.0825083	91.8782
17.5916	73.8861	0	91.8782
17.5922	73.8861	0.165017	91.8782
17.5929	73.9686	0.0825083	91.8782
17.597	74.0512	0	91.8782
17.6035	74.0512	0.0825083	91.8782
17.6723	74.1337	0	91.8782
17.6758	74.1337	0.165017	91.8782
17.6794	74.2162	0.0825083	91.8782
17.7035	74.2987	0	91.8782
17.706	74.3399	0.0825083	91.8782
17.7196	74.4224	0	91.8782
17.7197	74.4637	0.0825083	91.8782
17.7891	74.5462	0	91.8782
17.7905	74.5875	0.0825083	91.8782
17.9599	74.67	0	91.8782
17.9616	74.7112	0.0825083	91.8782
17.9832	74.7937	0	91.8782
17.9928	74.835	0.0825083	91.8782
18.0074	74.9175	0	91.8782
18.011	74.9587	0.0825083	91.8782
18.0672	75.0413	0	91.8782
18.0682	75.0413	0.0825083	91.8782
18.0804	75.1238	0	91.8782
18.0818	75.165	0.0825083	91.8782
18.1009	75.2475	0	91.8782
18.1042	75.2888	0.0825083	91.8782
18.1139	75.3713	0	91.8782
18.1141	75.4125	0.0825083	91.8782
18.145	75.495	0	91.8782
18.147	75.5363	0.0825083	91.8782
18.3533	75.6188	0	91.8782
18.3547	75.6601	0.0825083	91.8782
18.3558	75.7013	0.165017	91.8782
18.3586	75.7838	0.0825083	91.8782
18.4432	75.8663	0	91.8782
18.4438	75.9076	0.0825083	91.8782
18.5637	75.9901	0	91.8782
18.5641	75.9901	0.165017	91.8782
18.5654	76.0726	0.0825083	91.8782
18.6166	76.1551	0	91.8782
18.6182	76.1964	0.0825083	91.8782
18.6233	76.2789	0	91.8782
18.6271	76.3201	0.0825083	91.8782
18.788	76.4026	0	91.8782
18.7888	76.4026	0.0825083	91.8782
18.7951	76.4851	0	91.8782
18.7953	76.5264	0.0825083	91.8782
18.8862	76.6089	0	91.8782
18.8871	76.6089	0.165017	91.8782
18.8881	76.6914	0.0825083	91.8782
19.1292	76.7739	0	91.8782
19.1317	76.8152	0.0825083	91.8782
19.1505	76.8977	0	91.8782
19.1511	76.9389	0.0825083	91.8782
19.2539	77.0215	0	91.8782
19.2551	77.0215	0.165017	91.8782
19.2558	77.104	0.0825083	91.8782
19.3637	77.1865	0	91.8782
19.3713	77.2277	0.0825083	91.8782
19.3807	77.3102	0	91.8782
19.3831	77.3102	0.0825083	91.8782
19.4055	77.3927	0	91.8782
19.4239	77.434	0.0825083	91.8782
19.4307	77.434	0.165017	91.8782
19.5236	77.5165	0.0825083	91.8782
19.5253	77.5578	0.165017	91.8782
19.5456	77.6403	0.0825083	91.8782
19.5461	77.6403	0.247525	91.8782
19.5463	77.7228	0.165017	91.8782
19.6555	77.8053	0.0825083	91.8782
19.6558	77.8053	0.247525	91.8782
19.6576	77.8878	0.165017	91.8782
19.7064	77.9703	0.0825083	91.8782
19.7075	77.9703	0.247525	91.8782
19.7111	78.0528	0.165017	91.8782
19.9326	78.1353	0.0825083	91.8782
19.9347	78.1766	0.165017	91.8782
19.9391	78.2591	0.0825083	91.8782
19.9422	78.2591	0.165017	91.8782
19.9464	78.3416	0.0825083	91.8782
20.0122	78.3416	0.0825083	92.8934
20.0132	78.3828	0.165017	92.8934
20.1168	78.4653	0.0825083	92.8934
20.1169	78.4653	0.165017	92.8934
20.1524	78.5479	0.0825083	92.8934
20.153	78.5891	0.165017	92.8934
20.1892	78.6716	0.0825083	92.8934
20.1991	78.6716	0.0825083	93.9086
20.1996	78.7129	0.165017	93.9086
20.2875	78.7954	0.0825083	93.9086
20.2878	78.7954	0.247525	93.9086
20.2892	78.8779	0.165017	93.9086
20.2892	78.9191	0.247525	93.9086
20.2895	79.0016	0.165017	93.9086
20.3672	79.0842	0.0825083	93.9086
20.3679	79.0842	0.247525	93.9086
20.3732	79.1667	0.165017	93.9086
20.505	79.2492	0.0825083	93.9086
20.505	79.2492	0.165017	93.9086
20.5302	79.3317	0.0825083	93.9086
20.5308	79.3317	0.247525	93.9086
20.5341	79.4142	0.165017	93.9086
20.5835	79.4967	0.0825083	93.9086
20.7669	79.5792	0	93.9086
20.7687	79.6205	0.0825083	93.9086
20.8136	79.703	0	93.9086
20.8136	79.703	0.0825083	93.9086
20.8376	79.7855	0	93.9086
20.839	79.8267	0.0825083	93.9086
20.8485	79.9092	0	93.9086
20.8491	79.9505	0.0825083	93.9086
20.8701	80.033	0	93.9086
20.872	80.0743	0.0825083	93.9086
20.9359	80.1568	0	93.9086
20.9369	80.1568	0.165017	93.9086
20.9376	80.198	0.247525	93.9086
20.9399	80.2805	0.165017	93.9086
20.9404	80.363	0.0825083	93.9086
20.9765	80.4455	0	93.9086
20.9791	80.4455	0.165017	93.9086
20.9792	80.5281	0.0825083	93.9086
21.0461	80.6106	0	93.9086
21.0473	80.6518	0.0825083	93.9086
21.1211	80.7343	0	93.9086
21.1294	80.7756	0.0825083	93.9086
21.2029	80.8581	0	93.9086
21.2072	80.8993	0.0825083	93.9086
21.3189	80.9818	0	93.9086
21.3229	80.9818	0.0825083	93.9086
21.365	81.0644	0	93.9086
21.365	81.0644	0.0825083	93.9086
21.4252	81.1469	0	93.9086
21.4252	81.1469	0.165017	93.9086
21.4252	81.2294	0.0825083	93.9086
21.533	81.3119	0	93.9086
21.5338	81.3531	0.0825083	93.9086
21.9173	81.4356	0	93.9086
21.9238	81.4769	0.0825083	93.9086
21.9785	81.5594	0	93.9086
21.9791	81.6007	0.0825083	93.9086
21.9791	81.6832	0	93.9086
21.9808	81.7244	0.0825083	93.9086
21.9844	81.8069	0	93.9086
21.9869	81.8482	0.0825083	93.9086
22.0507	81.9307	0	93.9086
22.0513	81.9307	0.165017	93.9086
22.052	82.0132	0.0825083	93.9086
22.0702	82.0957	0	93.9086
22.0721	82.137	0.0825083	93.9086
22.0865	82.2195	0	93.9086
22.0865	82.2195	0.0825083	93.9086
22.1436	82.302	0	93.9086
22.1436	82.302	0.165017	93.9086
22.1501	82.3845	0.0825083	93.9086
22.269	82.467	0	93.9086
22.2766	82.5082	0.0825083	93.9086
22.2856	82.5908	0	93.9086
22.2891	82.632	0.0825083	93.9086
22.3229	82.7145	0	93.9086
22.3291	82.7145	0.0825083	93.9086
22.426	82.797	0	93.9086
22.4292	82.8383	0.0825083	93.9086
22.4361	82.9208	0	93.9086
22.4457	82.962	0.0825083	93.9086
22.446	83.0446	0	93.9086
22.4463	83.0858	0.0825083	93.9086
22.5215	83.1683	0	93.9086
22.5299	83.2096	0.0825083	93.9086
22.7172	83.2921	0	93.9086
22.7172	83.2921	0.165017	93.9086
22.7185	83.3746	0.0825083	93.9086
22.7269	83.4571	0	93.9086
22.7272	83.4984	0.0825083	93.9086
22.7402	83.5809	0	93.9086
22.7402	83.5809	0.165017	93.9086
22.7432	83.6634	0.0825083	93.9086
22.7882	83.7459	0	93.9086
22.7911	83.7871	0.0825083	93.9086
22.8659	83.8696	0	93.9086
22.8702	83.8696	0.0825083	93.9086
22.8966	83.9521	0	93.9086
22.898	83.9521	0.165017	93.9086
22.8984	84.0347	0.0825083	93.9086
22.9214	84.1172	0	93.9086
22.9215	84.1172	0.0825083	93.9086
22.924	84.1997	0	93.9086
22.9244	84.2409	0.0825083	93.9086
22.9356	84.3234	0	93.9086
22.9377	84.3234	0.165017	93.9086
22.9413	84.4059	0.0825083	93.9086
23.0229	84.4884	0	93.9086
23.0239	84.4884	0.165017	93.9086
23.0308	84.571	0.0825083	93.9086
23.2266	84.6535	0	93.9086
23.2275	84.6947	0.0825083	93.9086
23.2775	84.7772	0	93.9086
23.2785	84.8185	0.0825083	93.9086
23.5639	84.901	0	93.9086
23.5651	84.9422	0.0825083	93.9086
23.6443	85.0247	0	93.9086
23.6444	85.0247	0.165017	93.9086
23.6446	85.1073	0.0825083	93.9086
23.6778	85.1898	0	93.9086
23.6795	85.231	0.0825083	93.9086
23.7007	85.3135	0	93.9086
23.7015	85.3135	0.165017	93.9086
23.7024	85.396	0.0825083	93.9086
23.7672	85.4785	0	93.9086
23.7679	85.5198	0.0825083	93.9086
23.7955	85.6023	0	93.9086
23.7955	85.6023	0.165017	93.9086
23.7976	85.6848	0.0825083	93.9086
23.8101	85.7673	0	93.9086
23.8122	85.8086	0.0825083	93.9086
23.8206	85.8911	0	93.9086
23.821	85.9323	0.0825083	93.9086
23.8499	86.0149	0	93.9086
23.8549	86.0561	0.0825083	93.9086
23.877	86.1386	0	93.9086
23.8781	86.1386	0.165017	93.9086
23.8802	86.2211	0.0825083	93.9086
23.937	86.3036	0	93.9086
23.9393	86.3036	0.0825083	93.9086
24.0089	86.3861	0	93.9086
24.0117	86.4274	0.0825083	93.9086
24.253	86.5099	0	93.9086
24.2558	86.5512	0.0825083	93.9086
24.2653	86.6337	0	93.9086
24.2669	86.6749	0.0825083	93.9086
24.4122	86.7574	0	93.9086
24.4123	86.7987	0.0825083	93.9086
24.9162	86.8812	0	93.9086
24.9203	86.8812	0.165017	93.9086
24.9223	86.9637	0.0825083	93.9086
25.0756	87.0462	0	93.9086
25.0757	87.0462	0.0825083	93.9086
25.3562	87.1287	0	93.9086
25.3607	87.17	0.0825083	93.9086
25.363	87.2525	0	93.9086
25.3631	87.2937	0.0825083	93.9086
25.417	87.3762	0	93.9086
25.4176	87.4175	0.0825083	93.9086
25.4238	87.5	0	93.9086
25.6344	87.5	0.0825083	93.9086
25.635	87.5	0.247525	93.9086
25.6362	87.5825	0.165017	93.9086
25.6606	87.665	0.0825083	93.9086
25.6616	87.7063	0.165017	93.9086
25.7205	87.7888	0.0825083	93.9086
25.721	87.83	0.165017	93.9086
25.7244	87.9125	0.0825083	93.9086
25.7268	87.9538	0.165017	93.9086
25.7445	88.0363	0.0825083	93.9086
25.7477	88.0776	0.165017	93.9086
25.7764	88.1601	0.0825083	93.9086
25.7777	88.2013	0.165017	93.9086
25.8677	88.2838	0.0825083	93.9086
25.869	88.2838	0.247525	93.9086
25.8731	88.3663	0.165017	93.9086
25.8863	88.4488	0.0825083	93.9086
25.8882	88.4901	0.165017	93.9086
26.0542	88.5726	0.0825083	93.9086
26.202	88.5726	0.0825083	94.9239
26.2034	88.6139	0.165017	94.9239
26.3086	88.6964	0.0825083	94.9239
26.3099	88.7376	0.165017	94.9239
26.3776	88.8201	0.0825083	94.9239
26.3808	88.8614	0.165017	94.9239
26.4845	88.9439	0.0825083	94.9239
26.4853	88.9439	0.247525	94.9239
26.4859	89.0264	0.165017	94.9239
26.6352	89.1089	0.0825083	94.9239
26.6415	89.1502	0.165017	94.9239
26.7117	89.2327	0.0825083	94.9239
26.7119	89.2739	0.165017	94.9239
26.7554	89.3564	0.0825083	94.9239
26.7561	89.3564	0.247525	94.9239
26.7572	89.4389	0.165017	94.9239
27.0224	89.5215	0.0825083	94.9239
27.0247	89.5627	0.165017	94.9239
27.0548	89.6452	0.0825083	94.9239
27.0549	89.6865	0.165017	94.9239
27.3611	89.769	0.0825083	94.9239
27.3628	89.8102	0.165017	94.9239
27.5806	89.8927	0.0825083	94.9239
27.5814	89.934	0.165017	94.9239
27.8981	90.0165	0.0825083	94.9239
28.0399	90.099	0	94.9239
28.0405	90.1403	0.0825083	94.9239
28.2382	90.2228	0	94.9239
28.2382	90.2228	0.165017	94.9239
28.2403	90.3053	0.0825083	94.9239
28.2696	90.3878	0	94.9239
28.2706	90.3878	0.0825083	94.9239
28.5081	90.4703	0	94.9239
28.5109	90.5116	0.0825083	94.9239
28.6854	90.5941	0	94.9239
28.6854	90.6353	0.0825083	94.9239
28.9497	90.7178	0	94.9239
28.9506	90.7591	0.0825083	94.9239
29.0656	90.8416	0	94.9239
29.0658	90.8828	0.0825083	94.9239
29.286	90.9653	0	94.9239
29.2861	91.0066	0.0825083	94.9239
29.3687	91.0891	0	94.9239
29.3693	91.0891	0.165017	94.9239
29.375	91.1716	0.0825083	94.9239
29.4514	91.2541	0	94.9239
29.4519	91.2541	0.165017	94.9239
29.452	91.3366	0.0825083	94.9239
29.5824	91.4191	0	94.9239
29.5841	91.4191	0.165017	94.9239
29.5852	91.5016	0.0825083	94.9239
29.9466	91.5842	0	94.9239
29.9515	91.6254	0.0825083	94.9239
30.1346	91.7079	0	94.9239
30.1372	91.7492	0.0825083	94.9239
30.2088	91.8317	0	94.9239
30.209	91.8317	0.0825083	94.9239
30.7678	91.9142	0	94.9239
30.7679	91.9554	0.0825083	94.9239
31.0985	92.038	0	94.9239
31.1011	92.0792	0.0825083	94.9239
31.2287	92.1617	0	94.9239
31.2299	92.203	0.0825083	94.9239
31.2521	92.2855	0	94.9239
31.2562	92.2855	0.0825083	94.9239
31.2625	92.368	0	94.9239
31.2652	92.4092	0.0825083	94.9239
31.4079	92.4918	0	94.9239
31.4117	92.533	0.0825083	94.9239
31.6805	92.6155	0	94.9239
31.6827	92.6568	0.0825083	94.9239
32.5008	92.7393	0	94.9239
32.5122	92.7805	0.0825083	94.9239
32.5146	92.8218	0.165017	94.9239
32.6487	92.9043	0.0825083	94.9239
32.7524	92.9868	0	94.9239
32.7544	93.0281	0.0825083	94.9239
32.9896	93.1106	0	94.9239
32.9898	93.1518	0.0825083	94.9239
33.0622	93.2343	0	94.9239
33.0646	93.2756	0.0825083	94.9239
33.428	93.3581	0	94.9239
33.4287	93.3993	0.0825083	94.9239
34.7349	93.4818	0	94.9239
34.7371	93.5231	0.0825083	94.9239
34.8444	93.6056	0	94.9239
34.8483	93.6469	0.0825083	94.9239
34.892	93.7294	0	94.9239
34.8925	93.7706	0.0825083	94.9239
35.0975	93.8531	0	94.9239
35.1005	93.8944	0.0825083	94.9239
35.2175	93.9769	0	94.9239
35.227	93.9769	0.165017	94.9239
35.6196	94.0594	0.0825083	94.9239
35.6207	94.1007	0.165017	94.9239
36.0825	94.1832	0.0825083	94.9239
36.1516	94.2657	0	94.9239
36.1525	94.3069	0.0825083	94.9239
36.7021	94.3894	0	94.9239
36.7047	94.4307	0.0825083	94.9239
37.4156	94.5132	0	94.9239
37.4171	94.5545	0.0825083	94.9239
38.5035	94.637	0	94.9239
38.505	94.6782	0.0825083	94.9239
38.5349	94.7607	0	94.9239
38.536	94.802	0.0825083	94.9239
39.3571	94.8845	0	94.9239
39.3594	94.8845	0.165017	94.9239
39.3599	94.967	0.0825083	94.9239
39.521	95.0495	0	94.9239
39.5217	95.0908	0.0825083	94.9239
39.7512	95.1733	0	94.9239
39.7515	95.1733	0.0825083	94.9239
42.2096	95.2558	0	94.9239
42.2103	95.297	0.0825083	94.9239
42.3748	95.3795	0	94.9239
42.378	95.3795	0.165017	94.9239
43.0068	95.462	0.0825083	94.9239
43.007	95.5033	0.165017	94.9239
43.0314	95.5858	0.0825083	94.9239
43.0331	95.6271	0.165017	94.9239
43.4873	95.7096	0.0825083	94.9239
43.4905	95.7508	0.165017	94.9239
44.0094	95.8333	0.0825083	94.9239
44.0111	95.8746	0.165017	94.9239
44.2287	95.9571	0.0825083	94.9239
44.2298	95.9571	0.165017	94.9239
44.5278	96.0396	0.0825083	94.9239
44.9237	96.1221	0	94.9239
44.9279	96.1634	0.0825083	94.9239
45.0652	96.2459	0	94.9239
45.0661	96.2871	0.0825083	94.9239
45.3715	96.3696	0	94.9239
45.3726	96.4109	0.0825083	94.9239
46.834	96.4934	0	94.9239
46.8348	96.4934	0.0825083	94.9239
47.6455	96.5759	0	94.9239
47.6472	96.6172	0.0825083	94.9239
47.7705	96.6997	0	94.9239
47.7709	96.7409	0.0825083	94.9239
48.1024	96.8234	0	94.9239
48.1033	96.8234	0.165017	94.9239
48.1065	96.9059	0.0825083	94.9239
48.1727	96.9884	0	94.9239
48.1791	97.0297	0.0825083	94.9239
51.5342	97.1122	0	94.9239
51.5348	97.1535	0.0825083	94.9239
53.9648	97.236	0	94.9239
53.9681	97.236	0.0825083	94.9239
55.1293	97.3185	0	94.9239
55.2056	97.3185	0	95.9391
55.2069	97.3597	0.0825083	95.9391
55.3391	97.4422	0	95.9391
55.3396	97.4422	0.165017	95.9391
55.3402	97.5247	0.0825083	95.9391
56.5718	97.6073	0	95.9391
56.5727	97.6073	0.165017	95.9391
56.5728	97.6898	0.0825083	95.9391
61.291	97.7723	0	95.9391
61.2913	97.7723	0.165017	95.9391
61.2913	97.8548	0.0825083	95.9391
65.0165	97.9373	0	95.9391
65.017	97.9785	0.0825083	95.9391
75.4965	98.0611	0	95.9391
75.4972	98.1023	0.0825083	95.9391
92.7752	98.1848	0	95.9391
92.7754	98.1848	0.165017	95.9391
92.7817	98.2673	0.0825083	95.9391
316.641	98.3498	0	95.9391
379	98.3498	0	96.9543
379.545	98.3911	0.0825083	96.9543
564.663	98.4736	0	96.9543
1274.17	98.4736	0	97.9695
1463.59	98.4736	0	98.9848
1464.48	98.5149	0.0825083	98.9848
1754.9	98.5974	0	98.9848
1755.15	98.6386	0.0825083	98.9848
1821.63	98.7211	0	98.9848
2073.11	98.7211	0	100
2076.01	98.7624	0.0825083	100
2496.06	98.8449	0	100
2498.64	98.8861	0.0825083	100
3537.52	98.9686	0	100
3537.68	99.0099	0.0825083	100
6166.08	99.0924	0	100
6166.25	99.0924	0.165017	100
6167.54	99.1749	0.0825083	100
6754.47	99.2574	0	100
6754.92	99.2987	0.0825083	100
9750.21	99.3812	0	100
9750.29	99.3812	0.165017	100
9750.38	99.4637	0.0825083	100
11578.4	99.5462	0	100
11579.1	99.5875	0.0825083	100
15427.8	99.67	0	100
15427.8	99.67	0.0825083	100
15448.8	99.7525	0	100
15449.4	99.7937	0.0825083	100
16337.9	99.8762	0	100
16338.5	99.9175	0.0825083	100
