4.43032e-06	0	0	0
7.40435e-06	0	0	0
9.70161e-06	0	0	0
1.51883e-05	0	0	0
2.43134e-05	0	0	0
2.56877e-05	0	0	0
3.38595e-05	0	0	0
4.51344e-05	0	0	0
4.92556e-05	0	0	0
5.69821e-05	0	0	0
5.91376e-05	0	0	0
6.43721e-05	0	0	0
6.53643e-05	0	0	0
6.9813e-05	0	0	0
7.23993e-05	0	0	0
7.55444e-05	0	0	0
8.33897e-05	0	0	0
8.60835e-05	0	0	0
9.63306e-05	0	0	0
0.000104	0	0	0
0.000106391	0	0	0
0.000114632	0	0	0
0.000117714	0	0	0
0.0001266	0	0	0
0.000130379	0	0	0
0.000146076	0	0	0
0.000152232	0	0	0
0.000152412	0	0	0
0.000153003	0	0	0
0.00015359	0	0	0
0.000154982	0	0	0
0.000158478	0	0	0
0.000194045	0	0	0
0.000196501	0	0	0
0.000201445	0	0	0
0.000202693	0	0	0
0.000204763	0	0	0
0.000205832	0	0	0
0.000208921	0	0	0
0.000215342	0	0	0
0.000220465	0	0	0
0.000222313	0	0	0
0.000232991	0	0	0
0.000245119	0	0	0
0.000253352	0	0	0
0.000260977	0	0	0
0.000264844	0	0	0
0.000267711	0	0	0
0.000269559	0	0	0
0.00027333	0	0	0
0.000280339	0	0	0
0.000280707	0	0	0
0.000289535	0	0	0
0.00029117	0	0	0
0.000291743	0	0	0
0.000294409	0	0	0
0.000294924	0	0	0
0.00029578	0	0	0
0.000307413	0	0	0
0.000319577	0	0	0
0.000332563	0	0	0
0.000339561	0	0	0
0.000358432	0	0	0
0.000361164	0	0	0
0.000366382	0	0	0
0.00036836	0	0	0
0.000368721	0	0	0
0.000368991	0	0	0
0.000370891	0	0	0
0.000372568	0	0	0
0.000380755	0	0	0
0.000381469	0	0	0
0.000382322	0	0	0
0.000386166	0	0	0
0.000390152	0	0	0
0.000392167	0	0	0
0.00039245	0	0	0
0.000394175	0	0	0
0.000404532	0	0	0
0.000404667	0	0	0
0.000405429	0	0	0
0.000412307	0	0	0
0.000422699	0	0	0
0.000432836	0	0	0
0.000433091	0	0	0
0.000435411	0	0	0
0.000439373	0	0	0
0.000441888	0	0	0
0.000454453	0	0	0
0.000457841	0	0	0
0.000462246	0	0	0
0.000462984	0	0	0
0.000464697	0	0	0
0.00046525	0	0	0
0.000475761	0	0	0
0.000476614	0	0	0
0.000481361	0	0	0
0.000486831	0	0	0
0.000487444	0	0	0
0.000498987	0	0	0
0.000506183	0	0	0
0.000508779	0	0	0
0.000509063	0	0	0
0.000513141	0	0	0
0.000527551	0	0	0
0.000527663	0	0	0
0.000531734	0	0	0
0.000534815	0	0	0
0.000537895	0	0	0
0.000537975	0	0	0
0.000547499	0	0	0
0.000551079	0	0	0
0.000554589	0	0	0
0.000556537	0	0	0
0.00056045	0	0	0
0.000562719	0	0	0
0.000563297	0	0	0
0.000564459	0	0	0
0.00056651	0	0	0
0.000567294	0	0	0
0.000570405	0	0	0
0.000572657	0	0	0
0.000584469	0	0	0
0.000591615	0	0	0
0.000594008	0	0	0
0.000598551	0	0	0
0.000598576	0	0	0
0.000599204	0	0	0
0.000601816	0	0	0
0.000602437	0	0	0
0.000609459	0	0	0
0.000610187	0	0	0
0.000612075	0	0	0
0.000615722	0	0	0
0.000617451	0	0	0
0.000624496	0	0	0
0.000624872	0	0	0
0.000625095	0	0	0
0.0006281	0	0	0
0.00063412	0	0	0
0.000641959	0	0	0
0.000654411	0	0	0
0.000654815	0	0	0
0.000659677	0	0	0
0.000659892	0	0	0
0.000663285	0	0	0
0.00066401	0	0	0
0.000664749	0	0	0
0.000666843	0	0	0
0.000668029	0	0	0
0.000669478	0	0	0
0.00067049	0	0	0
0.000672486	0	0	0
0.000674067	0	0	0
0.000678283	0	0	0
0.000679142	0	0	0
0.000683466	0	0	0
0.00068396	0	0	0
0.000684606	0	0	0
0.000686106	0	0	0
0.000687505	0	0	0
0.000689712	0	0	0
0.000690356	0	0	0
0.000694148	0	0	0
0.000694527	0	0	0
0.000700106	0	0	0
0.000708906	0	0	0
0.000714898	0	0	0
0.000719552	0	0	0
0.000722607	0	0	0
0.000724267	0	0	0
0.00072513	0	0	0
0.000725199	0	0	0
0.000727362	0	0	0
0.000727609	0	0	0
0.000733972	0	0	0
0.000737132	0	0	0
0.000740698	0	0	0
0.000744174	0	0	0
0.000744968	0	0	0
0.000746864	0	0	0
0.000748645	0	0	0
0.000751636	0	0	0
0.000752898	0	0	0
0.000759423	0	0	0
0.000765344	0	0	0
0.000766717	0	0	0
0.000776797	0	0	0
0.000781693	0	0	0
0.000783564	0	0	0
0.000789071	0	0	0
0.000790224	0	0	0
0.000791364	0	0	0
0.000793821	0	0	0
0.000795775	0	0	0
0.000795912	0	0	0
0.000800167	0	0	0
0.00080635	0	0	0
0.000809904	0	0	0
0.000810997	0	0	0
0.000812765	0	0	0
0.000813518	0	0	0
0.000821941	0	0	0
0.000822432	0	0	0
0.00082321	0	0	0
0.00083187	0	0	0
0.000832207	0	0	0
0.000835003	0	0	0
0.000837249	0	0	0
0.000838467	0	0	0
0.000838536	0	0	0
0.000854001	0	0	0
0.000858661	0	0	0
0.000858942	0	0	0
0.00086075	0	0	0
0.00086403	0	0	0
0.000865294	0	0	0
0.000875573	0	0	0
0.000876682	0	0	0
0.000881628	0	0	0
0.000882557	0	0	0
0.000882561	0	0	0
0.000882966	0	0	0
0.000887489	0	0	0
0.000891185	0	0	0
0.000893595	0	0	0
0.000894825	0	0	0
0.000897955	0	0	0
0.000898173	0	0	0
0.000901668	0	0	0
0.000908716	0	0	0
0.000914168	0	0	0
0.000919118	0	0	0
0.000919269	0	0	0
0.000921024	0	0	0
0.000921454	0	0	0
0.000926676	0	0	0
0.000929957	0	0	0
0.000930806	0	0	0
0.000931393	0	0	0
0.00093812	0	0	0
0.000938139	0	0	0
0.000938365	0	0	0
0.000940655	0	0	0
0.000944412	0	0	0
0.000944845	0	0	0
0.000945808	0	0	0
0.000946734	0	0	0
0.000949699	0	0	0
0.000954356	0	0	0
0.000955728	0	0	0
0.000956879	0	0	0
0.000965112	0	0	0
0.00096526	0	0	0
0.000973534	0	0	0
0.000973568	0	0	0
0.000977713	0	0	0
0.000977751	0	0	0
0.000978	0	0	0
0.000978577	0	0	0
0.000984278	0	0	0
0.000987435	0	0	0
0.000991322	0	0	0
0.000991374	0	0	0
0.000994866	0	0	0
0.000999043	0	0	0
0.00101579	0	0	0
0.00102075	0	0	0
0.00102247	0	0	0
0.00102362	0	0	0
0.0010303	0	0	0
0.00103318	0	0	0
0.00103391	0	0	0
0.00103426	0	0	0
0.00104322	0	0	0
0.00104565	0	0	0
0.00104772	0	0	0
0.00106155	0	0	0
0.00106485	0	0	0
0.00106527	0	0	0
0.00107134	0	0	0
0.00107307	0	0	0
0.00107478	0	0	0
0.00107772	0	0	0
0.00107858	0	0	0
0.00108026	0	0	0
0.00108082	0	0	0
0.00108472	0	0	0
0.00108743	0	0	0
0.00109514	0	0	0
0.00109655	0	0	0
0.00109931	0	0	0
0.00110675	0	0	0
0.00110774	0	0	0
0.00110941	0	0	0
0.00111542	0	0	0
0.00112515	0	0	0
0.00113113	0	0	0
0.00113215	0	0	0
0.0011351	0	0	0
0.00113714	0	0	0
0.00113829	0	0	0
0.0011438	0	0	0
0.00114835	0	0	0
0.00115064	0	0	0
0.00115081	0	0	0
0.00115235	0	0	0
0.00115955	0	0	0
0.00116057	0	0	0
0.00116316	0	0	0
0.00116524	0	0	0
0.00116565	0	0	0
0.00116744	0	0	0
0.00117097	0	0	0
0.00117619	0	0	0
0.00117766	0	0	0
0.0011786	0	0	0
0.00118047	0	0	0
0.0011858	0	0	0
0.00118615	0	0	0
0.0011888	0	0	0
0.00118907	0	0	0
0.00118969	0	0	0
0.00119456	0	0	0
0.00119584	0	0	0
0.0011962	0	0	0
0.00119761	0	0	0
0.00119928	0	0	0
0.00121881	0	0	0
0.00122219	0	0	0
0.0012227	0	0	0
0.00122803	0	0	0
0.00122919	0	0	0
0.00123257	0	0	0
0.00123262	0	0	0
0.00123621	0	0	0
0.00123916	0	0	0
0.00125235	0	0	0
0.00125908	0	0	0
0.00125992	0	0	0
0.00126114	0	0	0
0.00126165	0	0	0
0.00126485	0	0	0
0.00126927	0	0	0
0.0012699	0	0	0
0.00127356	0	0	0
0.00127437	0	0	0
0.00128874	0	0	0
0.00128908	0	0	0
0.00129914	0	0	0
0.00129998	0	0	0
0.00130042	0	0	0
0.00130066	0	0	0
0.00130549	0	0	0
0.00131153	0	0	0
0.00131234	0	0	0
0.00131368	0	0	0
0.00131525	0	0	0
0.00131702	0	0	0
0.00132215	0	0	0
0.00132351	0	0	0
0.00132356	0	0	0
0.00132451	0	0	0
0.00134121	0	0	0
0.00134283	0	0	0
0.001344	0	0	0
0.00134753	0	0	0
0.00134764	0	0	0
0.00135239	0	0	0
0.00135277	0	0	0
0.00135328	0	0	0
0.00135424	0	0	0
0.00136141	0	0	0
0.00136987	0	0	0
0.00137046	0	0	0
0.00137653	0	0	0
0.00138103	0	0	0
0.00138445	0	0	0
0.00138536	0	0	0
0.00138808	0	0	0
0.00139122	0	0	0
0.0013985	0	0	0
0.00139895	0	0	0
0.00140012	0	0	0
0.0014007	0	0	0
0.00140177	0	0	0
0.00140198	0	0	0
0.00140712	0	0	0
0.0014108	0	0	0
0.00141237	0	0	0
0.00141865	0	0	0
0.00142099	0	0	0
0.0014225	0	0	0
0.00142614	0	0	0
0.0014289	0	0	0
0.00142894	0	0	0
0.00143048	0	0	0
0.00143652	0	0	0
0.00143814	0	0	0
0.00144009	0	0	0
0.00144043	0	0	0
0.00144188	0	0	0
0.00144393	0	0	0
0.00144543	0	0	0
0.0014464	0	0	0
0.00145044	0	0	0
0.00145205	0	0	0
0.00145473	0	0	0
0.00145922	0	0	0
0.00145935	0	0	0
0.00146034	0	0	0
0.00146202	0	0	0
0.00146218	0	0	0
0.00146473	0	0	0
0.00147021	0	0	0
0.00147209	0	0	0
0.00148057	0	0	0
0.00149085	0	0	0
0.00149291	0	0	0
0.00149434	0	0	0
0.00149643	0	0	0
0.00149995	0	0	0
0.00150397	0	0	0
0.0015079	0	0	0
0.00152392	0	0	0
0.00152985	0	0	0
0.00153015	0	0	0
0.00153847	0	0	0
0.0015424	0	0	0
0.00154277	0	0	0
0.00154701	0	0	0
0.00154795	0	0	0
0.00154976	0	0	0
0.00155011	0	0	0
0.00155128	0	0	0
0.00155399	0	0	0
0.00155502	0	0	0
0.00155664	0	0	0
0.00156431	0	0	0
0.0015687	0	0	0
0.00157218	0	0	0
0.0015744	0	0	0
0.00157604	0	0	0
0.00157733	0	0	0
0.00158398	0	0	0
0.00159325	0	0	0
0.00159499	0	0	0
0.00159788	0	0	0
0.00160065	0	0	0
0.00160662	0	0	0
0.00161052	0	0	0
0.00161194	0	0	0
0.00161297	0	0	0
0.00161312	0	0	0
0.00161323	0	0	0
0.00161578	0	0	0
0.00161679	0	0	0
0.00161898	0	0	0
0.00162088	0	0	0
0.00162563	0	0	0
0.00162908	0	0	0
0.00163051	0	0	0
0.00163552	0	0	0
0.00163841	0	0	0
0.00164582	0	0	0
0.00164651	0	0	0
0.00164766	0	0	0
0.00164769	0	0	0
0.00166091	0	0	0
0.00166672	0	0	0
0.00167042	0	0	0
0.0016732	0	0	0
0.0016768	0	0	0
0.00169046	0	0	0
0.00169114	0	0	0
0.00170851	0	0	0
0.0017106	0	0	0
0.0017194	0	0	0
0.00172191	0	0	0
0.00173182	0	0	0
0.00173323	0	0	0
0.00173402	0	0	0
0.00173684	0	0	0
0.00174217	0	0	0
0.00174349	0	0	0
0.00174656	0	0	0
0.00174742	0	0	0
0.00175803	0	0	0
0.00176259	0	0	0
0.0017642	0	0	0
0.00176895	0	0	0
0.00177049	0	0	0
0.00178529	0	0	0
0.00178755	0	0	0
0.00179675	0	0	0
0.0018019	0	0	0
0.0018108	0	0	0
0.00181281	0	0	0
0.00181763	0	0	0
0.00181978	0	0	0
0.00182811	0	0	0
0.00183004	0	0	0
0.00183065	0	0	0
0.00183303	0	0	0
0.00183692	0	0	0
0.00183963	0	0	0
0.00184107	0	0	0
0.00184457	0	0	0
0.0018452	0	0	0
0.00184859	0	0	0
0.00184892	0	0	0
0.00185222	0	0	0
0.00186124	0	0	0
0.00186459	0	0	0
0.00187087	0	0	0
0.0018731	0	0	0
0.00187883	0	0	0
0.00188384	0	0	0
0.00189132	0	0	0
0.00189658	0	0	0
0.00189674	0	0	0
0.00190084	0	0	0
0.00190106	0	0	0
0.00190409	0	0	0
0.00190684	0	0	0
0.00190715	0	0	0
0.00191329	0	0	0
0.0019156	0	0	0
0.00191763	0	0	0
0.00191967	0	0	0
0.00192382	0	0	0
0.00193279	0	0	0
0.00193384	0	0	0
0.00196938	0	0	0
0.00197364	0	0	0
0.00197973	0	0	0
0.00197983	0	0	0
0.00198032	0	0	0
0.00198234	0	0	0
0.00199282	0	0	0
0.00199636	0	0	0
0.001998	0	0	0
0.00200173	0	0	0
0.00200901	0	0	0
0.00201917	0	0	0
0.00202647	0	0	0
0.00202705	0	0	0
0.00203057	0	0	0
0.00203734	0	0	0
0.00203831	0	0	0
0.0020397	0	0	0
0.00204383	0	0	0
0.00205115	0	0	0
0.00205419	0	0	0
0.00205461	0	0	0
0.00205578	0	0	0
0.00206475	0	0	0
0.00206927	0	0	0
0.00207082	0	0	0
0.00207262	0	0	0
0.00207292	0	0	0
0.00207351	0	0	0
0.00207999	0	0	0
0.00208504	0	0	0
0.00210178	0	0	0
0.00210312	0	0	0
0.00211022	0	0	0
0.00211463	0	0	0
0.00212172	0	0	0
0.00213476	0	0	0
0.00213974	0	0	0
0.00214749	0	0	0
0.00215	0	0	0
0.00218298	0	0	0
0.00218622	0	0	0
0.00219154	0	0	0
0.002197	0	0	0
0.0022053	0	0	0
0.00220695	0	0	0
0.00220806	0	0	0
0.00221671	0	0	0
0.00222764	0	0	0
0.00223081	0	0	0
0.00223364	0	0	0
0.00224595	0	0	0
0.00224633	0	0	0
0.00225547	0	0	0
0.00226815	0	0	0
0.00227372	0	0	0
0.00230625	0	0	0
0.00231204	0	0	0
0.0023125	0	0	0
0.00231329	0	0	0
0.00231954	0	0	0
0.00232792	0	0	0
0.00232798	0	0	0
0.00235926	0	0	0
0.00236938	0	0	0
0.00237079	0	0	0
0.00237268	0	0	0
0.00237432	0	0	0
0.0023745	0	0	0
0.00238381	0	0	0
0.002384	0	0	0
0.00238928	0	0	0
0.00238982	0	0	0
0.00239428	0	0	0
0.00240598	0	0	0
0.0024124	0	0	0
0.00242061	0	0	0
0.00242131	0	0	0
0.0024291	0	0	0
0.00243031	0	0	0
0.00243237	0	0	0
0.00245438	0	0	0
0.00245702	0	0	0
0.00245758	0	0	0
0.00246636	0	0	0
0.00247055	0	0	0
0.00247565	0	0	0
0.00249067	0	0	0
0.00249531	0	0	0
0.00249798	0	0	0
0.00251801	0	0	0
0.0025203	0	0	0
0.00253155	0	0	0
0.00255962	0	0	0
0.00257236	0	0	0
0.00258534	0	0	0
0.00258567	0	0	0
0.0025882	0	0	0
0.00259557	0	0	0
0.00260677	0	0	0
0.00262154	0	0	0
0.00263465	0	0	0
0.00263751	0	0	0
0.00264993	0	0	0
0.00266769	0	0	0
0.00268049	0	0	0
0.00269042	0	0	0
0.00269957	0	0	0
0.00270743	0	0	0
0.00273248	0	0	0
0.00273697	0	0	0
0.00274511	0	0	0
0.00274552	0	0	0
0.00276399	0	0	0
0.00276655	0	0	0
0.00280502	0	0	0
0.00286447	0	0	0
0.00288414	0	0	0
0.00289133	0	0	0
0.00289147	0	0	0
0.00292827	0	0	0
0.00295325	0	0	0
0.00296145	0	0	0
0.00299347	0	0	0
0.00299686	0	0	0
0.00299753	0	0	0
0.003022	0	0	0
0.0030272	0	0	0
0.00303557	0	0	0
0.00303774	0	0	0
0.00304235	0	0	0
0.00304617	0	0	0
0.00308803	0	0	0
0.0031029	0	0	0
0.00311759	0	0	0
0.00313893	0	0	0
0.00314045	0	0	0
0.00314765	0	0	0
0.00315365	0	0	0
0.00318637	0	0	0
0.00319928	0	0	0
0.00323231	0	0	0
0.00324778	0	0	0
0.0032739	0	0	0
0.0032784	0	0	0
0.00329727	0	0	0
0.00330725	0	0	0
0.00331777	0	0	0
0.00333731	0	0	0
0.00335536	0	0	0
0.00340867	0	0	0
0.00341371	0	0	0
0.00342761	0	0	0
0.0034284	0	0	0
0.00346435	0	0	0
0.00347051	0	0	0
0.00347075	0	0	0
0.00347181	0	0	0
0.00351238	0	0	0
0.00353455	0	0	0
0.00361342	0	0	0
0.00362813	0	0	0
0.00366789	0	0	0
0.00370087	0	0	0
0.0038189	0	0	0
0.00386124	0	0	0
0.00387927	0	0	0
0.00391623	0	0	0
0.00393186	0	0	0
0.00404486	0	0	0
0.00408375	0	0	0
0.00412623	0	0	0
0.00416979	0	0	0
0.00417794	0	0	0
0.00423818	0	0	0
0.00423966	0	0	0
0.00441308	0	0	0
0.00452696	0	0	0
0.00457286	0	0	0
0.00461141	0	0	0
0.00467016	0	0	0
0.00467587	0	0	0
0.00468455	0	0	0
0.00477393	0	0	0
0.00481302	0	0	0
0.00483215	0	0	0
0.00484044	0	0	0
0.00484565	0	0	0
0.00484897	0	0	0
0.00490282	0	0	0
0.00504914	0	0	0
0.00508284	0	0	0
0.00545188	0	0	0
0.0055272	0	0	0
0.00563395	0	0	0
0.00566814	0	0	0
0.00582002	0	0	0
0.00631239	0	0	0
0.00638871	0	0	0
0.00694708	0	0	0
0.00861847	0	0	0
0.0145069	0	0	0
0.0177449	0	0	0
0.0226362	0	0	0
0.0280949	0.0412541	0.0825083	0
0.0381514	0.123762	0	0
0.0392665	0.123762	0	0.520833
0.0415368	0.123762	0.165017	0.520833
0.04464	0.206271	0.0825083	0.520833
0.0521088	0.288779	0	0.520833
0.0532841	0.330033	0.0825083	0.520833
0.0797332	0.412541	0	0.520833
0.0866184	0.453795	0.0825083	0.520833
0.0990893	0.536304	0	0.520833
0.100222	0.536304	0.165017	0.520833
0.101086	0.618812	0.0825083	0.520833
0.101124	0.660066	0.165017	0.520833
0.101712	0.742574	0.0825083	0.520833
0.104863	0.825082	0	0.520833
0.117351	0.825082	0	1.04167
0.117747	0.825082	0.165017	1.04167
0.120595	0.907591	0.0825083	1.04167
0.143197	0.990099	0	1.04167
0.145948	0.990099	0	1.04167
0.14702	0.990099	0.165017	1.04167
0.148415	1.07261	0.0825083	1.04167
0.159257	1.15512	0	1.04167
0.159646	1.19637	0.0825083	1.04167
0.16665	1.27888	0	1.04167
0.167615	1.27888	0.0825083	1.04167
0.167969	1.27888	0.0825083	1.5625
0.177565	1.36139	0	1.5625
0.177607	1.40264	0.0825083	1.5625
0.185823	1.48515	0	1.5625
0.190255	1.48515	0.0825083	1.5625
0.201202	1.56766	0	1.5625
0.201665	1.60891	0.0825083	1.5625
0.203989	1.69142	0	1.5625
0.205335	1.73267	0.0825083	1.5625
0.234907	1.81518	0	1.5625
0.235582	1.85644	0.0825083	1.5625
0.239242	1.93894	0	1.5625
0.24083	1.9802	0.0825083	1.5625
0.242122	2.06271	0	1.5625
0.24267	2.10396	0.0825083	1.5625
0.257069	2.18647	0	1.5625
0.260309	2.18647	0	1.5625
0.260699	2.18647	0.165017	1.5625
0.261165	2.18647	0.330033	1.5625
0.261727	2.26898	0.247525	1.5625
0.261962	2.31023	0.330033	1.5625
0.264476	2.39274	0.247525	1.5625
0.266167	2.47525	0.165017	1.5625
0.266698	2.55776	0.0825083	1.5625
0.2673	2.55776	0.165017	1.5625
0.269969	2.64026	0.0825083	1.5625
0.270151	2.64026	0.247525	1.5625
0.270433	2.72277	0.165017	1.5625
0.271444	2.80528	0.0825083	1.5625
0.27195	2.88779	0	1.5625
0.272981	2.88779	0.165017	1.5625
0.273411	2.9703	0.0825083	1.5625
0.292067	3.05281	0	1.5625
0.292357	3.09406	0.0825083	1.5625
0.309855	3.17657	0	1.5625
0.310046	3.17657	0.165017	1.5625
0.312236	3.25908	0.0825083	1.5625
0.313546	3.34158	0	1.5625
0.313559	3.34158	0.165017	1.5625
0.316663	3.42409	0.0825083	1.5625
0.324682	3.5066	0	1.5625
0.324834	3.5066	0	1.5625
0.325268	3.5066	0	1.5625
0.325823	3.54785	0.0825083	1.5625
0.348013	3.63036	0	1.5625
0.348018	3.67162	0.0825083	1.5625
0.35215	3.75413	0	1.5625
0.352297	3.75413	0.165017	1.5625
0.356328	3.83663	0.0825083	1.5625
0.356936	3.91914	0	1.5625
0.365123	3.91914	0	2.08333
0.365616	3.91914	0.165017	2.08333
0.366463	4.00165	0.0825083	2.08333
0.367946	4.08416	0	2.08333
0.369815	4.08416	0.0825083	2.08333
0.370682	4.16667	0	2.08333
0.375753	4.16667	0.0825083	2.08333
0.40208	4.24918	0	2.08333
0.404116	4.24918	0.165017	2.08333
0.404541	4.24918	0.165017	2.08333
0.406909	4.33168	0.0825083	2.08333
0.409701	4.41419	0	2.08333
0.41478	4.41419	0	2.60417
0.422901	4.41419	0	3.125
0.424115	4.41419	0.165017	3.125
0.425215	4.4967	0.0825083	3.125
0.443642	4.57921	0	3.125
0.447006	4.62046	0.0825083	3.125
0.462112	4.70297	0	3.125
0.480486	4.70297	0	3.64583
0.485655	4.70297	0	3.64583
0.486671	4.74422	0.0825083	3.64583
0.487158	4.78548	0.165017	3.64583
0.488358	4.86799	0.0825083	3.64583
0.493969	4.9505	0	3.64583
0.494883	4.99175	0.0825083	3.64583
0.495468	5.033	0.165017	3.64583
0.496642	5.11551	0.0825083	3.64583
0.516713	5.19802	0	3.64583
0.51888	5.23927	0.0825083	3.64583
0.520124	5.23927	0.0825083	4.6875
0.521514	5.28053	0.165017	4.6875
0.521994	5.36304	0.0825083	4.6875
0.533114	5.44554	0	4.6875
0.533363	5.44554	0.165017	4.6875
0.533645	5.52805	0.0825083	4.6875
0.534371	5.56931	0.165017	4.6875
0.535842	5.56931	0.247525	4.6875
0.536449	5.65182	0.165017	4.6875
0.539414	5.73432	0.0825083	4.6875
0.548706	5.81683	0	4.6875
0.548849	5.81683	0.165017	4.6875
0.552177	5.89934	0.0825083	4.6875
0.566715	5.98185	0	4.6875
0.57117	6.0231	0.0825083	4.6875
0.575838	6.10561	0	4.6875
0.577514	6.14686	0.0825083	4.6875
0.57785	6.22937	0	4.6875
0.578144	6.27063	0.0825083	4.6875
0.581276	6.35314	0	4.6875
0.582587	6.35314	0.165017	4.6875
0.587041	6.43564	0.0825083	4.6875
0.588317	6.4769	0.165017	4.6875
0.588901	6.55941	0.0825083	4.6875
0.592045	6.64191	0	4.6875
0.592654	6.64191	0.165017	4.6875
0.592714	6.72442	0.0825083	4.6875
0.627981	6.80693	0	4.6875
0.631639	6.84818	0.0825083	4.6875
0.636251	6.93069	0	4.6875
0.648686	6.93069	0	4.6875
0.668446	6.93069	0	5.72917
0.668916	6.93069	0.165017	5.72917
0.669626	7.0132	0.0825083	5.72917
0.669628	7.05446	0.165017	5.72917
0.669952	7.13696	0.0825083	5.72917
0.680792	7.21947	0	5.72917
0.682554	7.26073	0.0825083	5.72917
0.683087	7.30198	0.165017	5.72917
0.688885	7.38449	0.0825083	5.72917
0.694456	7.467	0	5.72917
0.694614	7.467	0.165017	5.72917
0.695792	7.5495	0.0825083	5.72917
0.73955	7.63201	0	5.72917
0.740981	7.63201	0.165017	5.72917
0.743567	7.71452	0.0825083	5.72917
0.748408	7.79703	0	5.72917
0.74854	7.83828	0.0825083	5.72917
0.75338	7.92079	0	5.72917
0.753618	7.92079	0.0825083	5.72917
0.760827	8.0033	0	5.72917
0.761683	8.04455	0.0825083	5.72917
0.777278	8.12706	0	5.72917
0.778717	8.16832	0.0825083	5.72917
0.779742	8.25082	0	5.72917
0.780363	8.25082	0.165017	5.72917
0.780833	8.33333	0.0825083	5.72917
0.818476	8.41584	0	5.72917
0.81908	8.41584	0.0825083	5.72917
0.819096	8.49835	0	5.72917
0.819195	8.49835	0.165017	5.72917
0.822434	8.58086	0.0825083	5.72917
0.827467	8.66337	0	5.72917
0.829862	8.66337	0.0825083	5.72917
0.829998	8.66337	0.0825083	5.72917
0.835665	8.74587	0	5.72917
0.837865	8.78713	0.0825083	5.72917
0.845882	8.86964	0	5.72917
0.846936	8.91089	0.0825083	5.72917
0.847131	8.91089	0.247525	5.72917
0.847881	8.9934	0.165017	5.72917
0.849398	9.07591	0.0825083	5.72917
0.857058	9.15842	0	5.72917
0.857177	9.19967	0.0825083	5.72917
0.861939	9.28218	0	5.72917
0.87674	9.28218	0	5.72917
0.878988	9.28218	0	6.25
0.879612	9.32343	0.0825083	6.25
0.897699	9.40594	0	6.25
0.900871	9.4472	0.0825083	6.25
0.909544	9.5297	0	6.25
0.910674	9.5297	0.165017	6.25
0.911892	9.61221	0.0825083	6.25
0.944414	9.69472	0	6.25
0.94531	9.69472	0.0825083	6.25
0.946226	9.77723	0	6.25
0.965584	9.77723	0	6.25
0.965858	9.77723	0.165017	6.25
0.968465	9.85974	0.0825083	6.25
0.972267	9.94224	0	6.25
0.972586	9.9835	0.0825083	6.25
0.973332	9.9835	0.247525	6.25
0.973837	10.066	0.165017	6.25
0.974099	10.1485	0.0825083	6.25
0.98138	10.231	0	6.25
1.00554	10.231	0	6.77083
1.00917	10.2723	0.0825083	6.77083
1.01043	10.3548	0	6.77083
1.01122	10.396	0.0825083	6.77083
1.02704	10.4785	0	6.77083
1.02971	10.4785	0	7.29167
1.02985	10.4785	0.165017	7.29167
1.02996	10.5611	0.0825083	7.29167
1.03201	10.6436	0	7.29167
1.03756	10.6436	0.0825083	7.29167
1.06821	10.7261	0	7.29167
1.06858	10.7673	0.0825083	7.29167
1.08484	10.8498	0	7.29167
1.08495	10.8911	0.0825083	7.29167
1.08728	10.9736	0	7.29167
1.08826	10.9736	0.0825083	7.29167
1.08946	10.9736	0.0825083	7.29167
1.12175	11.0561	0	7.29167
1.12178	11.0561	0.165017	7.29167
1.12338	11.1386	0.0825083	7.29167
1.12694	11.2211	0	7.29167
1.12715	11.2211	0.165017	7.29167
1.12783	11.3036	0.0825083	7.29167
1.1314	11.3861	0	7.29167
1.13512	11.3861	0.165017	7.29167
1.13576	11.4686	0.0825083	7.29167
1.15069	11.5512	0	7.29167
1.15436	11.5512	0	7.8125
1.15458	11.5924	0.0825083	7.8125
1.15694	11.6337	0.165017	7.8125
1.15765	11.7162	0.0825083	7.8125
1.16922	11.7987	0	7.8125
1.16981	11.7987	0.0825083	7.8125
1.16995	11.8812	0	7.8125
1.19076	11.8812	0	7.8125
1.197	11.8812	0	8.33333
1.19885	11.8812	0.0825083	8.33333
1.22219	11.9637	0	8.33333
1.22368	11.9637	0.165017	8.33333
1.22571	12.0462	0.0825083	8.33333
1.22588	12.0462	0.247525	8.33333
1.22609	12.1287	0.165017	8.33333
1.22909	12.2112	0.0825083	8.33333
1.23337	12.2937	0	8.33333
1.23756	12.335	0.0825083	8.33333
1.24136	12.4175	0	8.33333
1.24171	12.4587	0.0825083	8.33333
1.26835	12.5413	0	8.33333
1.26981	12.5825	0.0825083	8.33333
1.28707	12.665	0	8.33333
1.28778	12.7063	0.0825083	8.33333
1.30791	12.7888	0	8.33333
1.31034	12.7888	0	8.85417
1.31103	12.83	0.0825083	8.85417
1.31856	12.9125	0	8.85417
1.31904	12.9538	0.0825083	8.85417
1.36382	13.0363	0	8.85417
1.3701	13.0776	0.0825083	8.85417
1.41131	13.1601	0	8.85417
1.412	13.2013	0.0825083	8.85417
1.41604	13.2838	0	8.85417
1.42105	13.3251	0.0825083	8.85417
1.42522	13.4076	0	8.85417
1.4303	13.4076	0	9.375
1.43407	13.4488	0.0825083	9.375
1.43435	13.4901	0.165017	9.375
1.43498	13.5726	0.0825083	9.375
1.45129	13.6551	0	9.375
1.45173	13.6551	0	9.89583
1.46584	13.6551	0	9.89583
1.46916	13.6551	0.165017	9.89583
1.47196	13.7376	0.0825083	9.89583
1.47206	13.8201	0	9.89583
1.47243	13.8614	0.0825083	9.89583
1.49499	13.9439	0	9.89583
1.50349	13.9439	0	10.4167
1.50361	13.9439	0.165017	10.4167
1.50452	13.9439	0.165017	10.4167
1.50675	14.0264	0.0825083	10.4167
1.55341	14.1089	0	10.4167
1.55592	14.1502	0.0825083	10.4167
1.55645	14.1914	0.165017	10.4167
1.55871	14.2739	0.0825083	10.4167
1.58019	14.3564	0	10.4167
1.58109	14.3564	0.165017	10.4167
1.58165	14.4389	0.0825083	10.4167
1.59703	14.5215	0	10.4167
1.59709	14.5627	0.0825083	10.4167
1.60034	14.604	0.165017	10.4167
1.60605	14.6865	0.0825083	10.4167
1.61042	14.769	0	10.4167
1.61201	14.8102	0.0825083	10.4167
1.61764	14.8927	0	10.4167
1.61849	14.8927	0	10.4167
1.61916	14.934	0.0825083	10.4167
1.63064	15.0165	0	10.4167
1.63434	15.0165	0	10.9375
1.63535	15.0165	0.165017	10.9375
1.63859	15.099	0.0825083	10.9375
1.64677	15.1815	0	10.9375
1.6553	15.1815	0	11.4583
1.65785	15.2228	0.0825083	11.4583
1.66077	15.3053	0	11.4583
1.66223	15.3465	0.0825083	11.4583
1.68495	15.429	0	11.4583
1.68801	15.4703	0.0825083	11.4583
1.68905	15.5528	0	11.4583
1.69669	15.5528	0	11.9792
1.69884	15.5941	0.0825083	11.9792
1.727	15.6766	0	11.9792
1.72759	15.7178	0.0825083	11.9792
1.72765	15.7178	0.165017	11.9792
1.7284	15.8003	0.0825083	11.9792
1.73355	15.8828	0	11.9792
1.73427	15.9241	0.0825083	11.9792
1.74583	16.0066	0	11.9792
1.74842	16.0479	0.0825083	11.9792
1.75253	16.1304	0	11.9792
1.76849	16.1304	0	12.5
1.76892	16.1304	0.165017	12.5
1.76987	16.2129	0.0825083	12.5
1.78132	16.2954	0	12.5
1.78169	16.2954	0.165017	12.5
1.78579	16.3779	0.0825083	12.5
1.78676	16.4604	0	12.5
1.79025	16.4604	0.165017	12.5
1.79129	16.5429	0.0825083	12.5
1.79266	16.6254	0	12.5
1.79357	16.6254	0.165017	12.5
1.79373	16.7079	0.0825083	12.5
1.79379	16.7492	0.165017	12.5
1.79514	16.8317	0.0825083	12.5
1.79736	16.8317	0.165017	12.5
1.79789	16.9142	0.0825083	12.5
1.7986	16.9967	0	12.5
1.81095	16.9967	0	12.5
1.81495	16.9967	0	13.5417
1.83618	16.9967	0.165017	13.5417
1.83711	17.038	0.247525	13.5417
1.85006	17.1205	0.165017	13.5417
1.85927	17.1205	0.165017	14.0625
1.86073	17.1617	0.247525	14.0625
1.87837	17.2442	0.165017	14.0625
1.88111	17.2442	0.247525	14.0625
1.88423	17.3267	0.165017	14.0625
1.8845	17.3267	0.330033	14.0625
1.89033	17.4092	0.247525	14.0625
1.89129	17.4092	0.412541	14.0625
1.89162	17.4917	0.330033	14.0625
1.89263	17.5743	0.247525	14.0625
1.90921	17.6568	0.165017	14.0625
1.93753	17.6568	0.165017	14.0625
1.94651	17.6568	0.165017	14.0625
1.94682	17.698	0.247525	14.0625
1.94815	17.698	0.330033	14.0625
1.94952	17.7805	0.247525	14.0625
1.96363	17.863	0.165017	14.0625
1.96369	17.863	0.165017	14.5833
1.9645	17.863	0.330033	14.5833
1.96546	17.9455	0.247525	14.5833
1.97424	18.0281	0.165017	14.5833
1.97446	18.0693	0.247525	14.5833
1.98469	18.1518	0.165017	14.5833
2.00774	18.1518	0.165017	14.5833
2.00876	18.1518	0.165017	15.1042
2.01607	18.1518	0.165017	16.1458
2.01644	18.1931	0.247525	16.1458
2.02741	18.2756	0.165017	16.1458
2.02748	18.3168	0.247525	16.1458
2.0281	18.3581	0.330033	16.1458
2.0326	18.4406	0.247525	16.1458
2.03267	18.5231	0.165017	16.1458
2.05467	18.5231	0.165017	16.6667
2.05731	18.5231	0.165017	16.6667
2.0578	18.5644	0.247525	16.6667
2.06213	18.6469	0.165017	16.6667
2.06447	18.6881	0.247525	16.6667
2.07397	18.7706	0.165017	16.6667
2.07522	18.8119	0.247525	16.6667
2.09944	18.8944	0.165017	16.6667
2.09949	18.8944	0.165017	16.6667
2.11105	18.8944	0.165017	16.6667
2.11229	18.9356	0.247525	16.6667
2.12982	19.0182	0.165017	16.6667
2.16212	19.0182	0.165017	16.6667
2.16394	19.0594	0.247525	16.6667
2.17889	19.1419	0.165017	16.6667
2.19966	19.2244	0.0825083	16.6667
2.20046	19.2244	0.247525	16.6667
2.20178	19.3069	0.165017	16.6667
2.20656	19.3894	0.0825083	16.6667
2.20868	19.4307	0.165017	16.6667
2.22505	19.5132	0.0825083	16.6667
2.2258	19.5132	0.0825083	17.1875
2.22583	19.5545	0.165017	17.1875
2.2324	19.637	0.0825083	17.1875
2.23252	19.6782	0.165017	17.1875
2.23851	19.7607	0.0825083	17.1875
2.23864	19.7607	0.247525	17.1875
2.2392	19.8432	0.165017	17.1875
2.24046	19.8845	0.247525	17.1875
2.24086	19.967	0.165017	17.1875
2.24493	20.0495	0.0825083	17.1875
2.24573	20.0495	0.247525	17.1875
2.24716	20.0908	0.330033	17.1875
2.2482	20.1733	0.247525	17.1875
2.25485	20.2558	0.165017	17.1875
2.28533	20.3383	0.0825083	17.1875
2.28564	20.3383	0.247525	17.1875
2.28929	20.4208	0.165017	17.1875
2.29087	20.5033	0.0825083	17.1875
2.29108	20.5033	0.0825083	17.7083
2.29289	20.5446	0.165017	17.7083
2.33356	20.6271	0.0825083	17.7083
2.34049	20.6683	0.165017	17.7083
2.34113	20.7096	0.247525	17.7083
2.34161	20.7096	0.247525	18.2292
2.34572	20.7921	0.165017	18.2292
2.34822	20.7921	0.165017	18.75
2.35362	20.8746	0.0825083	18.75
2.36037	20.9158	0.165017	18.75
2.39454	20.9984	0.0825083	18.75
2.39527	20.9984	0.247525	18.75
2.39591	21.0809	0.165017	18.75
2.41941	21.1634	0.0825083	18.75
2.42251	21.2046	0.165017	18.75
2.43536	21.2871	0.0825083	18.75
2.4361	21.2871	0.0825083	19.2708
2.43974	21.2871	0.165017	19.2708
2.45015	21.3696	0.0825083	19.2708
2.47502	21.3696	0.0825083	19.2708
2.4986	21.3696	0.0825083	19.7917
2.49891	21.3696	0.0825083	19.7917
2.50008	21.3696	0.247525	19.7917
2.50167	21.4521	0.165017	19.7917
2.50962	21.5347	0.0825083	19.7917
2.5106	21.5759	0.165017	19.7917
2.51271	21.6584	0.0825083	19.7917
2.52809	21.6584	0.0825083	19.7917
2.54101	21.6584	0.0825083	19.7917
2.54293	21.6997	0.165017	19.7917
2.54724	21.7822	0.0825083	19.7917
2.54771	21.7822	0.165017	19.7917
2.59526	21.8647	0.0825083	19.7917
2.59755	21.9059	0.165017	19.7917
2.60987	21.9884	0.0825083	19.7917
2.61215	22.0297	0.165017	19.7917
2.61435	22.1122	0.0825083	19.7917
2.62003	22.1535	0.165017	19.7917
2.65991	22.236	0.0825083	19.7917
2.66	22.236	0.247525	19.7917
2.6606	22.3185	0.165017	19.7917
2.66078	22.3185	0.165017	20.3125
2.67167	22.401	0.0825083	20.3125
2.67334	22.401	0.247525	20.3125
2.67355	22.4835	0.165017	20.3125
2.67998	22.566	0.0825083	20.3125
2.68101	22.6073	0.165017	20.3125
2.68975	22.6898	0.0825083	20.3125
2.68995	22.6898	0.165017	20.3125
2.70268	22.7723	0.0825083	20.3125
2.7027	22.8135	0.165017	20.3125
2.74258	22.896	0.0825083	20.3125
2.74672	22.896	0.0825083	20.8333
2.74678	22.9373	0.165017	20.8333
2.78786	23.0198	0.0825083	20.8333
2.79384	23.0198	0.0825083	21.3542
2.83338	23.0198	0.0825083	21.875
2.83421	23.0198	0.247525	21.875
2.83685	23.1023	0.165017	21.875
2.85506	23.1848	0.0825083	21.875
2.85523	23.1848	0.247525	21.875
2.85543	23.2673	0.165017	21.875
2.85795	23.3498	0.0825083	21.875
2.85837	23.3911	0.165017	21.875
2.85996	23.4736	0.0825083	21.875
2.86005	23.4736	0.247525	21.875
2.86092	23.5561	0.165017	21.875
2.90913	23.6386	0.0825083	21.875
2.92854	23.6386	0.0825083	22.3958
2.93214	23.6386	0.247525	22.3958
2.93422	23.7211	0.165017	22.3958
2.96321	23.8036	0.0825083	22.3958
2.96332	23.8036	0.247525	22.3958
2.96343	23.8861	0.165017	22.3958
2.96586	23.9686	0.0825083	22.3958
2.9758	23.9686	0.0825083	22.9167
2.97663	23.9686	0.247525	22.9167
2.9794	24.0512	0.165017	22.9167
2.97983	24.0924	0.247525	22.9167
2.98098	24.1749	0.165017	22.9167
2.98139	24.1749	0.330033	22.9167
2.98185	24.2574	0.247525	22.9167
2.98359	24.3399	0.165017	22.9167
3.01274	24.4224	0.0825083	22.9167
3.01474	24.4224	0.0825083	23.9583
3.01489	24.4224	0.165017	23.9583
3.05619	24.5049	0.0825083	23.9583
3.0569	24.5049	0.165017	23.9583
3.05753	24.5049	0.165017	23.9583
3.09178	24.5875	0.0825083	23.9583
3.09192	24.6287	0.165017	23.9583
3.09214	24.6287	0.330033	23.9583
3.0923	24.7112	0.247525	23.9583
3.09272	24.7937	0.165017	23.9583
3.11525	24.8762	0.0825083	23.9583
3.11674	24.8762	0.247525	23.9583
3.12013	24.9587	0.165017	23.9583
3.12963	25.0413	0.0825083	23.9583
3.12987	25.0825	0.165017	23.9583
3.1479	25.165	0.0825083	23.9583
3.14966	25.2063	0.165017	23.9583
3.18504	25.2888	0.0825083	23.9583
3.19799	25.2888	0.0825083	24.4792
3.20007	25.2888	0.165017	24.4792
3.20248	25.3713	0.0825083	24.4792
3.2037	25.3713	0.247525	24.4792
3.20467	25.4538	0.165017	24.4792
3.21351	25.5363	0.0825083	24.4792
3.21473	25.5776	0.165017	24.4792
3.21705	25.6601	0.0825083	24.4792
3.22876	25.6601	0.0825083	25
3.2404	25.6601	0.0825083	25.5208
3.24263	25.7013	0.165017	25.5208
3.24279	25.7426	0.247525	25.5208
3.24388	25.8251	0.165017	25.5208
3.25477	25.9076	0.0825083	25.5208
3.25712	25.9488	0.165017	25.5208
3.26428	26.0314	0.0825083	25.5208
3.26764	26.0314	0.0825083	26.0417
3.2679	26.0726	0.165017	26.0417
3.2687	26.1551	0.0825083	26.0417
3.27341	26.1964	0.165017	26.0417
3.2784	26.2789	0.0825083	26.0417
3.28474	26.2789	0.165017	26.0417
3.29654	26.3614	0.0825083	26.0417
3.29746	26.4026	0.165017	26.0417
3.30046	26.4439	0.247525	26.0417
3.30099	26.5264	0.165017	26.0417
3.31012	26.6089	0.0825083	26.0417
3.31051	26.6089	0.0825083	26.5625
3.32577	26.6502	0.165017	26.5625
3.32879	26.7327	0.0825083	26.5625
3.33108	26.7739	0.165017	26.5625
3.35692	26.8564	0.0825083	26.5625
3.36499	26.8977	0.165017	26.5625
3.3659	26.8977	0.330033	26.5625
3.36931	26.9802	0.247525	26.5625
3.36949	27.0627	0.165017	26.5625
3.39376	27.1452	0.0825083	26.5625
3.42015	27.1452	0.0825083	27.0833
3.42186	27.1865	0.165017	27.0833
3.43694	27.269	0.0825083	27.0833
3.43724	27.3102	0.165017	27.0833
3.45206	27.3927	0.0825083	27.0833
3.45715	27.434	0.165017	27.0833
3.45939	27.434	0.330033	27.0833
3.46033	27.5165	0.247525	27.0833
3.46418	27.599	0.165017	27.0833
3.46442	27.6815	0.0825083	27.0833
3.47283	27.6815	0.0825083	28.125
3.47921	27.7228	0.165017	28.125
3.50507	27.8053	0.0825083	28.125
3.51211	27.8053	0.0825083	28.6458
3.51351	27.8053	0.165017	28.6458
3.51527	27.8878	0.0825083	28.6458
3.51586	27.8878	0.165017	28.6458
3.51849	27.9703	0.0825083	28.6458
3.52505	27.9703	0.0825083	29.1667
3.52904	28.0116	0.165017	29.1667
3.52944	28.0116	0.330033	29.1667
3.53062	28.0941	0.247525	29.1667
3.5332	28.1766	0.165017	29.1667
3.53417	28.2591	0.0825083	29.1667
3.53475	28.2591	0.247525	29.1667
3.5354	28.3416	0.165017	29.1667
3.5527	28.4241	0.0825083	29.1667
3.55341	28.4241	0.165017	29.1667
3.57461	28.5066	0.0825083	29.1667
3.58585	28.5066	0.0825083	29.6875
3.58818	28.5479	0.165017	29.6875
3.59893	28.6304	0.0825083	29.6875
3.59925	28.6304	0.247525	29.6875
3.60414	28.7129	0.165017	29.6875
3.62076	28.7954	0.0825083	29.6875
3.62123	28.8366	0.165017	29.6875
3.63443	28.9191	0.0825083	29.6875
3.635	28.9604	0.165017	29.6875
3.63867	29.0429	0.0825083	29.6875
3.63961	29.0842	0.165017	29.6875
3.64578	29.1667	0.0825083	29.6875
3.6471	29.2079	0.165017	29.6875
3.64945	29.2904	0.0825083	29.6875
3.65375	29.2904	0.0825083	30.7292
3.65825	29.3317	0.165017	30.7292
3.69014	29.4142	0.0825083	30.7292
3.69026	29.4554	0.165017	30.7292
3.70619	29.538	0.0825083	30.7292
3.70793	29.538	0.247525	30.7292
3.71309	29.6205	0.165017	30.7292
3.71326	29.703	0.0825083	30.7292
3.71447	29.7442	0.165017	30.7292
3.72326	29.8267	0.0825083	30.7292
3.72979	29.8267	0.0825083	31.25
3.73081	29.8267	0.165017	31.25
3.73713	29.9092	0.0825083	31.25
3.73766	29.9092	0.247525	31.25
3.73971	29.9917	0.165017	31.25
3.74647	30.0743	0.0825083	31.25
3.74806	30.0743	0.247525	31.25
3.74899	30.1568	0.165017	31.25
3.77771	30.2393	0.0825083	31.25
3.77894	30.2805	0.165017	31.25
3.85704	30.363	0.0825083	31.25
3.85743	30.4043	0.165017	31.25
3.86028	30.4043	0.165017	31.25
3.90495	30.4868	0.0825083	31.25
3.90697	30.4868	0.247525	31.25
3.90921	30.5693	0.165017	31.25
3.91004	30.6518	0.0825083	31.25
3.92243	30.6518	0.0825083	31.7708
3.92302	30.6931	0.165017	31.7708
3.93701	30.7756	0.0825083	31.7708
3.93886	30.8168	0.165017	31.7708
3.96829	30.8993	0.0825083	31.7708
3.96881	30.8993	0.247525	31.7708
3.97387	30.9818	0.165017	31.7708
3.98486	31.0644	0.0825083	31.7708
3.9853	31.1056	0.165017	31.7708
4.0001	31.1881	0.0825083	31.7708
4.00101	31.2294	0.165017	31.7708
4.00262	31.2294	0.247525	31.7708
4.00413	31.3119	0.165017	31.7708
4.01816	31.3944	0.0825083	31.7708
4.02144	31.4356	0.165017	31.7708
4.02157	31.4356	0.247525	31.7708
4.02279	31.5182	0.165017	31.7708
4.04107	31.6007	0.0825083	31.7708
4.04458	31.6007	0.165017	31.7708
4.05604	31.6832	0.0825083	31.7708
4.05704	31.7244	0.165017	31.7708
4.06004	31.8069	0.0825083	31.7708
4.06663	31.8482	0.165017	31.7708
4.06967	31.8482	0.165017	32.2917
4.08165	31.9307	0.0825083	32.2917
4.09132	31.9307	0.0825083	33.3333
4.0918	31.9307	0.247525	33.3333
4.0935	32.0132	0.165017	33.3333
4.09385	32.0132	0.165017	33.3333
4.10163	32.0957	0.0825083	33.3333
4.1043	32.0957	0.0825083	34.375
4.1043	32.0957	0.247525	34.375
4.10566	32.1782	0.165017	34.375
4.12655	32.2607	0.0825083	34.375
4.12732	32.2607	0.247525	34.375
4.12743	32.3432	0.165017	34.375
4.14987	32.4257	0.0825083	34.375
4.18461	32.4257	0.0825083	34.8958
4.1892	32.467	0.165017	34.8958
4.22342	32.5495	0.0825083	34.8958
4.22515	32.5495	0.165017	34.8958
4.24654	32.632	0.0825083	34.8958
4.248	32.632	0.165017	34.8958
4.25537	32.7145	0.0825083	34.8958
4.25842	32.7145	0.165017	34.8958
4.28682	32.797	0.0825083	34.8958
4.28732	32.8383	0.165017	34.8958
4.28952	32.8383	0.247525	34.8958
4.291	32.9208	0.165017	34.8958
4.30248	33.0033	0.0825083	34.8958
4.35957	33.0033	0.0825083	35.4167
4.41056	33.0033	0.0825083	35.9375
4.43067	33.0033	0.0825083	36.9792
4.43727	33.0446	0.165017	36.9792
4.44416	33.1271	0.0825083	36.9792
4.45383	33.1271	0.0825083	38.0208
4.45458	33.1271	0.247525	38.0208
4.45624	33.2096	0.165017	38.0208
4.48615	33.2921	0.0825083	38.0208
4.48744	33.3333	0.165017	38.0208
4.49867	33.4158	0.0825083	38.0208
4.54428	33.4983	0	38.0208
4.54798	33.5396	0.0825083	38.0208
4.59283	33.6221	0	38.0208
4.59301	33.6221	0.165017	38.0208
4.59481	33.7046	0.0825083	38.0208
4.63422	33.7871	0	38.0208
4.63653	33.8284	0.0825083	38.0208
4.6479	33.9109	0	38.0208
4.64818	33.9521	0.0825083	38.0208
4.65995	34.0347	0	38.0208
4.66083	34.0347	0.165017	38.0208
4.6612	34.1172	0.0825083	38.0208
4.67732	34.1997	0	38.0208
4.67773	34.1997	0.0825083	38.0208
4.68386	34.2822	0	38.0208
4.68597	34.3234	0.0825083	38.0208
4.69438	34.4059	0	38.0208
4.70187	34.4472	0.0825083	38.0208
4.70275	34.5297	0	38.0208
4.72746	34.5297	0	38.5417
4.72762	34.571	0.0825083	38.5417
4.76853	34.6535	0	38.5417
4.77026	34.6947	0.0825083	38.5417
4.77075	34.736	0.165017	38.5417
4.7733	34.8185	0.0825083	38.5417
4.80151	34.901	0	38.5417
4.80516	34.901	0.0825083	38.5417
4.80992	34.9835	0	38.5417
4.81143	34.9835	0.165017	38.5417
4.81582	35.066	0.0825083	38.5417
4.83278	35.1485	0	38.5417
4.83359	35.1485	0.165017	38.5417
4.83418	35.231	0.0825083	38.5417
4.84622	35.3135	0	38.5417
4.84665	35.3135	0.0825083	38.5417
4.93852	35.396	0	38.5417
4.96124	35.4373	0.0825083	38.5417
4.96153	35.4373	0.247525	38.5417
4.96261	35.5198	0.165017	38.5417
4.96283	35.5198	0.247525	38.5417
4.96793	35.6023	0.165017	38.5417
4.98406	35.6848	0.0825083	38.5417
4.98436	35.7261	0.165017	38.5417
4.99181	35.8086	0.0825083	38.5417
4.99234	35.8086	0.247525	38.5417
4.99546	35.8911	0.165017	38.5417
5.01544	35.9736	0.0825083	38.5417
5.02015	35.9736	0.0825083	39.0625
5.02098	35.9736	0.165017	39.0625
5.06163	36.0561	0.0825083	39.0625
5.06322	36.0561	0.0825083	39.5833
5.06452	36.0561	0.247525	39.5833
5.0676	36.1386	0.165017	39.5833
5.09916	36.2211	0.0825083	39.5833
5.20333	36.2211	0.0825083	40.1042
5.20372	36.2211	0.247525	40.1042
5.20656	36.3036	0.165017	40.1042
5.23819	36.3861	0.0825083	40.1042
5.23897	36.4274	0.165017	40.1042
5.24234	36.5099	0.0825083	40.1042
5.2434	36.5099	0.165017	40.1042
5.26169	36.5924	0.0825083	40.1042
5.26178	36.5924	0.247525	40.1042
5.26466	36.6749	0.165017	40.1042
5.30945	36.7574	0.0825083	40.1042
5.34829	36.7574	0.0825083	40.625
5.34872	36.7987	0.165017	40.625
5.34892	36.8812	0.0825083	40.625
5.35001	36.9224	0.165017	40.625
5.3579	37.005	0.0825083	40.625
5.35958	37.0462	0.165017	40.625
5.37341	37.1287	0.0825083	40.625
5.37676	37.17	0.165017	40.625
5.37765	37.2525	0.0825083	40.625
5.37976	37.2937	0.165017	40.625
5.40535	37.3762	0.0825083	40.625
5.4153	37.3762	0.0825083	41.1458
5.41571	37.3762	0.247525	41.1458
5.41663	37.4175	0.330033	41.1458
5.41735	37.5	0.247525	41.1458
5.42288	37.5825	0.165017	41.1458
5.44692	37.665	0.0825083	41.1458
5.44909	37.7063	0.165017	41.1458
5.46347	37.7888	0.0825083	41.1458
5.50783	37.7888	0.0825083	41.6667
5.55043	37.7888	0.0825083	42.1875
5.55062	37.83	0.165017	42.1875
5.56482	37.9125	0.0825083	42.1875
5.56649	37.9125	0.247525	42.1875
5.56745	37.995	0.165017	42.1875
5.59345	38.0776	0.0825083	42.1875
5.59494	38.0776	0.165017	42.1875
5.60399	38.1601	0.0825083	42.1875
5.60484	38.2013	0.165017	42.1875
5.71125	38.2838	0.0825083	42.1875
5.71419	38.3251	0.165017	42.1875
5.71841	38.4076	0.0825083	42.1875
5.73157	38.4076	0.0825083	42.1875
5.73194	38.4488	0.165017	42.1875
5.74141	38.5314	0.0825083	42.1875
5.77122	38.5314	0.0825083	42.7083
5.79329	38.5314	0.0825083	43.2292
5.7938	38.5726	0.165017	43.2292
5.79489	38.6551	0.0825083	43.2292
5.79779	38.6964	0.165017	43.2292
5.82826	38.7789	0.0825083	43.2292
5.82909	38.7789	0.165017	43.2292
5.91913	38.8614	0.0825083	43.2292
5.91921	38.9026	0.165017	43.2292
5.99873	38.9851	0.0825083	43.2292
6.00135	39.0264	0.165017	43.2292
6.00417	39.1089	0.0825083	43.2292
6.005	39.1502	0.165017	43.2292
6.01343	39.2327	0.0825083	43.2292
6.01533	39.2327	0.165017	43.2292
6.01647	39.3152	0.0825083	43.2292
6.01692	39.3564	0.165017	43.2292
6.06333	39.4389	0.0825083	43.2292
6.06408	39.4802	0.165017	43.2292
6.09978	39.5627	0.0825083	43.2292
6.10056	39.5627	0.165017	43.2292
6.1032	39.6452	0.0825083	43.2292
6.10784	39.6865	0.165017	43.2292
6.13114	39.769	0.0825083	43.2292
6.13687	39.769	0.165017	43.2292
6.15124	39.8515	0.0825083	43.2292
6.18578	39.8515	0.0825083	43.2292
6.26961	39.934	0	43.2292
6.26983	39.9752	0.0825083	43.2292
6.28012	40.0578	0	43.2292
6.28034	40.099	0.0825083	43.2292
6.32038	40.1815	0	43.2292
6.32316	40.1815	0.0825083	43.2292
6.32332	40.2228	0.165017	43.2292
6.32365	40.3053	0.0825083	43.2292
6.37948	40.3878	0	43.2292
6.38032	40.3878	0.0825083	43.2292
6.41481	40.4703	0	43.2292
6.41611	40.4703	0.165017	43.2292
6.42262	40.5528	0.0825083	43.2292
6.50883	40.6353	0	43.2292
6.51104	40.6766	0.0825083	43.2292
6.51664	40.7591	0	43.2292
6.51849	40.8003	0.0825083	43.2292
6.53144	40.8828	0	43.2292
6.53404	40.9241	0.0825083	43.2292
6.54797	41.0066	0	43.2292
6.54913	41.0479	0.0825083	43.2292
6.56418	41.1304	0	43.2292
6.56536	41.1304	0.165017	43.2292
6.5667	41.2129	0.0825083	43.2292
6.57081	41.2954	0	43.2292
6.59849	41.2954	0	43.75
6.60148	41.2954	0	44.2708
6.63459	41.2954	0	44.7917
6.64207	41.2954	0	45.3125
6.64551	41.3366	0.0825083	45.3125
6.68357	41.4191	0	45.3125
6.71477	41.4191	0	46.3542
6.71761	41.4604	0.0825083	46.3542
6.75297	41.5429	0	46.3542
6.7532	41.5842	0.0825083	46.3542
6.75892	41.6667	0	46.3542
6.76212	41.6667	0.165017	46.3542
6.76462	41.7492	0.0825083	46.3542
6.77343	41.8317	0	46.3542
6.77528	41.8729	0.0825083	46.3542
6.77677	41.8729	0.247525	46.3542
6.77799	41.9554	0.165017	46.3542
6.77803	42.038	0.0825083	46.3542
6.7968	42.1205	0	46.3542
6.857	42.1205	0	47.3958
6.89212	42.1205	0	47.9167
6.8928	42.1617	0.0825083	47.9167
6.90232	42.2442	0	47.9167
6.90352	42.2855	0.0825083	47.9167
6.91088	42.368	0	47.9167
6.91278	42.368	0.0825083	47.9167
7.00919	42.4505	0	47.9167
7.00939	42.4917	0.0825083	47.9167
7.0359	42.5743	0	47.9167
7.04365	42.5743	0	48.4375
7.04425	42.5743	0.165017	48.4375
7.04593	42.6568	0.0825083	48.4375
7.04605	42.698	0.165017	48.4375
7.04838	42.7805	0.0825083	48.4375
7.05409	42.863	0	48.4375
7.05469	42.863	0.165017	48.4375
7.05641	42.9455	0.0825083	48.4375
7.07403	43.0281	0	48.4375
7.11923	43.0281	0	48.9583
7.13318	43.0281	0	50
7.13847	43.0693	0.0825083	50
7.14283	43.1518	0	50
7.14321	43.1518	0.165017	50
7.1448	43.1931	0.247525	50
7.14519	43.2756	0.165017	50
7.14652	43.3581	0.0825083	50
7.1856	43.4406	0	50
7.18929	43.4406	0	50.5208
7.18998	43.4818	0.0825083	50.5208
7.19217	43.4818	0.0825083	51.0417
7.22174	43.5644	0	51.0417
7.22289	43.6056	0.0825083	51.0417
7.23462	43.6881	0	51.0417
7.23647	43.7294	0.0825083	51.0417
7.26519	43.8119	0	51.0417
7.2751	43.8531	0.0825083	51.0417
7.27751	43.9356	0	51.0417
7.28291	43.9356	0.0825083	51.0417
7.28751	44.0182	0	51.0417
7.28814	44.0182	0.165017	51.0417
7.29016	44.1007	0.0825083	51.0417
7.34243	44.1832	0	51.0417
7.34324	44.2244	0.0825083	51.0417
7.40038	44.3069	0	51.0417
7.40561	44.3482	0.0825083	51.0417
7.42839	44.4307	0	51.0417
7.43012	44.4307	0.0825083	51.0417
7.43768	44.5132	0	51.0417
7.43773	44.5545	0.0825083	51.0417
7.44262	44.637	0	51.0417
7.4441	44.637	0.165017	51.0417
7.44419	44.7195	0.0825083	51.0417
7.46788	44.802	0	51.0417
7.46854	44.802	0.165017	51.0417
7.4707	44.8845	0.0825083	51.0417
7.47817	44.967	0	51.0417
7.47845	44.967	0.0825083	51.0417
7.47933	44.967	0.0825083	51.0417
7.48524	45.0495	0	51.0417
7.48553	45.0495	0.0825083	51.0417
7.49833	45.132	0	51.0417
7.49943	45.132	0.165017	51.0417
7.50053	45.2145	0.0825083	51.0417
7.55321	45.297	0	51.0417
7.55379	45.3383	0.0825083	51.0417
7.55526	45.4208	0	51.0417
7.5554	45.4208	0.165017	51.0417
7.56135	45.5033	0.0825083	51.0417
7.57282	45.5858	0	51.0417
7.57285	45.5858	0.0825083	51.0417
7.57329	45.6271	0.165017	51.0417
7.57517	45.7096	0.0825083	51.0417
7.61777	45.7921	0	51.0417
7.61894	45.8333	0.0825083	51.0417
7.66875	45.9158	0	51.0417
7.66998	45.9571	0.0825083	51.0417
7.68027	46.0396	0	51.0417
7.68127	46.0809	0.0825083	51.0417
7.68329	46.1634	0	51.0417
7.68497	46.2046	0.0825083	51.0417
7.69219	46.2871	0	51.0417
7.69264	46.3284	0.0825083	51.0417
7.69296	46.3696	0.165017	51.0417
7.69473	46.4521	0.0825083	51.0417
7.70706	46.5347	0	51.0417
7.70774	46.5759	0.0825083	51.0417
7.78188	46.6584	0	51.0417
7.78315	46.6997	0.0825083	51.0417
7.88681	46.7822	0	51.0417
7.88812	46.7822	0.165017	51.0417
7.88938	46.8647	0.0825083	51.0417
7.89108	46.9059	0.165017	51.0417
7.8921	46.9884	0.0825083	51.0417
7.90901	47.071	0	51.0417
7.91094	47.1122	0.0825083	51.0417
7.9901	47.1947	0	51.0417
7.9909	47.236	0.0825083	51.0417
7.99609	47.3185	0	51.0417
8.00488	47.3185	0.0825083	51.0417
8.04506	47.401	0	51.0417
8.06209	47.401	0	52.0833
8.06366	47.4422	0.0825083	52.0833
8.09033	47.5248	0	52.0833
8.09118	47.5248	0.165017	52.0833
8.09432	47.6073	0.0825083	52.0833
8.09698	47.6898	0	52.0833
8.09723	47.731	0.0825083	52.0833
8.10148	47.8135	0	52.0833
8.10235	47.8548	0.0825083	52.0833
8.1031	47.9373	0	52.0833
8.10531	47.9373	0.165017	52.0833
8.11029	48.0198	0.0825083	52.0833
8.12975	48.1023	0	52.0833
8.13047	48.1436	0.0825083	52.0833
8.15903	48.2261	0	52.0833
8.16041	48.2673	0.0825083	52.0833
8.18087	48.3498	0	52.0833
8.18118	48.3911	0.0825083	52.0833
8.21139	48.4736	0	52.0833
8.21351	48.4736	0.165017	52.0833
8.21544	48.5561	0.0825083	52.0833
8.2414	48.6386	0	52.0833
8.24181	48.6799	0.0825083	52.0833
8.28536	48.7624	0	52.0833
8.2871	48.8036	0.0825083	52.0833
8.29076	48.8861	0	52.0833
8.29568	48.9274	0.0825083	52.0833
8.32283	49.0099	0	52.0833
8.32618	49.0512	0.0825083	52.0833
8.38488	49.1337	0	52.0833
8.38565	49.1337	0.165017	52.0833
8.38984	49.2162	0.0825083	52.0833
8.39245	49.2987	0	52.0833
8.39278	49.2987	0.165017	52.0833
8.39453	49.3812	0.0825083	52.0833
8.40292	49.4637	0	52.0833
8.40333	49.505	0.0825083	52.0833
8.41551	49.5875	0	52.0833
8.41877	49.5875	0	52.6042
8.4207	49.6287	0.0825083	52.6042
8.44314	49.7112	0	52.6042
8.47544	49.7112	0	53.6458
8.4813	49.7525	0.0825083	53.6458
8.48267	49.7937	0.165017	53.6458
8.48644	49.8762	0.0825083	53.6458
8.50748	49.9587	0	53.6458
8.5623	49.9587	0	54.1667
8.56347	50	0.0825083	54.1667
8.56539	50	0.0825083	55.2083
8.57623	50.0825	0	55.2083
8.59999	50.0825	0	56.25
8.60143	50.0825	0.165017	56.25
8.60214	50.165	0.0825083	56.25
8.62481	50.2475	0	56.25
8.62599	50.2475	0.0825083	56.25
8.62642	50.2475	0.247525	56.25
8.62649	50.33	0.165017	56.25
8.62741	50.4125	0.0825083	56.25
8.63558	50.495	0	56.25
8.63589	50.495	0.165017	56.25
8.6374	50.5776	0.0825083	56.25
8.65125	50.6601	0	56.25
8.65245	50.6601	0.165017	56.25
8.65272	50.7426	0.0825083	56.25
8.66114	50.8251	0	56.25
8.6622	50.8251	0.0825083	56.25
8.66268	50.9076	0	56.25
8.66421	50.9488	0.0825083	56.25
8.6985	51.0314	0	56.25
8.69868	51.0314	0.0825083	56.25
8.708	51.1139	0	56.25
8.71346	51.1551	0.0825083	56.25
8.80779	51.2376	0	56.25
8.80806	51.2376	0.165017	56.25
8.80995	51.3201	0.0825083	56.25
8.80997	51.3614	0.165017	56.25
8.81035	51.4439	0.0825083	56.25
8.81864	51.5264	0	56.25
8.81878	51.5264	0.0825083	56.25
8.82118	51.6089	0	56.25
8.8218	51.6089	0.0825083	56.25
8.83192	51.6914	0	56.25
8.83328	51.6914	0.0825083	56.25
8.84326	51.6914	0.0825083	57.2917
8.88031	51.7739	0	57.2917
8.8805	51.8152	0.0825083	57.2917
8.88209	51.8977	0	57.2917
8.88957	51.8977	0	58.3333
8.88996	51.9389	0.0825083	58.3333
8.89562	52.0215	0	58.3333
8.91328	52.0215	0	58.8542
8.9615	52.0215	0	58.8542
8.96704	52.0215	0	59.8958
8.97505	52.0627	0.0825083	59.8958
9.02593	52.1452	0	59.8958
9.02879	52.1865	0.0825083	59.8958
9.04937	52.269	0	59.8958
9.05146	52.269	0.165017	59.8958
9.05194	52.3515	0.0825083	59.8958
9.06671	52.434	0	59.8958
9.07011	52.4752	0.0825083	59.8958
9.14954	52.5578	0	59.8958
9.15126	52.599	0.0825083	59.8958
9.15591	52.6815	0	59.8958
9.15606	52.7228	0.0825083	59.8958
9.15626	52.8053	0	59.8958
9.15936	52.8053	0.165017	59.8958
9.16251	52.8878	0.0825083	59.8958
9.16359	52.929	0.165017	59.8958
9.1651	53.0116	0.0825083	59.8958
9.17848	53.0941	0	59.8958
9.17926	53.0941	0.165017	59.8958
9.17974	53.1766	0.0825083	59.8958
9.21172	53.2591	0	59.8958
9.2122	53.3003	0.0825083	59.8958
9.23028	53.3828	0	59.8958
9.23254	53.3828	0.165017	59.8958
9.23366	53.4653	0.0825083	59.8958
9.25409	53.5479	0	59.8958
9.25488	53.5891	0.0825083	59.8958
9.29314	53.6716	0	59.8958
9.33037	53.6716	0	60.4167
9.33143	53.7129	0.0825083	60.4167
9.36594	53.7954	0	60.4167
9.3666	53.8366	0.0825083	60.4167
9.38081	53.9191	0	60.4167
9.38136	53.9604	0.0825083	60.4167
9.40663	54.0429	0	60.4167
9.4077	54.0842	0.0825083	60.4167
9.41296	54.1667	0	60.4167
9.41412	54.2079	0.0825083	60.4167
9.44474	54.2904	0	60.4167
9.44996	54.3317	0.0825083	60.4167
9.45133	54.4142	0	60.4167
9.45932	54.4142	0	60.9375
9.46112	54.4142	0.0825083	60.9375
9.46741	54.4967	0	60.9375
9.46757	54.4967	0.0825083	60.9375
9.51953	54.5792	0	60.9375
9.52067	54.6205	0.0825083	60.9375
9.53235	54.703	0	60.9375
9.5343	54.7442	0.0825083	60.9375
9.54109	54.8267	0	60.9375
9.56329	54.8267	0	61.9792
9.5992	54.8267	0	62.5
9.59933	54.868	0.0825083	62.5
9.60099	54.9505	0	62.5
9.60136	54.9505	0.165017	62.5
9.60143	55.033	0.0825083	62.5
9.64904	55.1155	0	62.5
9.65075	55.1155	0.165017	62.5
9.65302	55.198	0.0825083	62.5
9.65422	55.2805	0	62.5
9.6564	55.2805	0	63.5417
9.6619	55.3218	0.0825083	63.5417
9.68298	55.4043	0	63.5417
9.68674	55.4455	0.0825083	63.5417
9.69303	55.5281	0	63.5417
9.69337	55.5693	0.0825083	63.5417
9.69587	55.6518	0	63.5417
9.78634	55.6518	0	64.5833
9.78671	55.6931	0.0825083	64.5833
9.80074	55.7756	0	64.5833
9.80306	55.8168	0.0825083	64.5833
9.84348	55.8993	0	64.5833
9.98812	55.8993	0	65.1042
9.98981	55.8993	0.0825083	65.1042
10.0446	55.9818	0	65.1042
10.0452	56.0231	0.0825083	65.1042
10.0785	56.1056	0	65.1042
10.082	56.1469	0.0825083	65.1042
10.1074	56.2294	0	65.1042
10.1618	56.2294	0	65.625
10.1645	56.2294	0	66.1458
10.165	56.2706	0.0825083	66.1458
10.1855	56.3531	0	66.1458
10.1893	56.3531	0.0825083	66.1458
10.2211	56.4356	0	66.1458
10.2213	56.4356	0.0825083	66.1458
10.2555	56.5182	0	66.1458
10.2618	56.5594	0.0825083	66.1458
10.2796	56.6419	0	66.1458
10.2834	56.6832	0.0825083	66.1458
10.3772	56.7657	0	66.1458
10.3786	56.8069	0.0825083	66.1458
10.4144	56.8894	0	66.1458
10.4483	56.8894	0	66.6667
10.4484	56.9307	0.0825083	66.6667
10.5127	57.0132	0	66.6667
10.5147	57.0132	0.0825083	66.6667
10.5166	57.0545	0.165017	66.6667
10.5171	57.137	0.0825083	66.6667
10.569	57.2195	0	66.6667
10.5897	57.2195	0	67.1875
10.5903	57.2607	0.0825083	67.1875
10.6072	57.3432	0	67.1875
10.6072	57.3432	0.165017	67.1875
10.6106	57.4257	0.0825083	67.1875
10.6108	57.467	0.165017	67.1875
10.6123	57.5495	0.0825083	67.1875
10.6284	57.632	0	67.1875
10.6303	57.6733	0.0825083	67.1875
10.6704	57.7558	0	67.1875
10.6746	57.7558	0.0825083	67.1875
10.7025	57.8383	0	67.1875
10.7034	57.8383	0.165017	67.1875
10.7038	57.9208	0.0825083	67.1875
10.7069	58.0033	0	67.1875
10.7365	58.0033	0	68.2292
10.738	58.0446	0.0825083	68.2292
10.7473	58.1271	0	68.2292
10.7492	58.1271	0.0825083	68.2292
10.7811	58.2096	0	68.2292
10.782	58.2508	0.0825083	68.2292
10.832	58.3333	0	68.2292
10.8323	58.3746	0.0825083	68.2292
10.8443	58.4571	0	68.2292
10.8472	58.4983	0.0825083	68.2292
10.8651	58.5809	0	68.2292
10.8652	58.6221	0.0825083	68.2292
10.8892	58.7046	0	68.2292
10.8898	58.7046	0.165017	68.2292
10.8904	58.7871	0.0825083	68.2292
10.8904	58.8696	0	68.2292
10.891	58.9109	0.0825083	68.2292
10.9291	58.9934	0	68.2292
10.9324	58.9934	0.0825083	68.2292
10.9887	59.0759	0	68.2292
10.9898	59.1172	0.0825083	68.2292
11.0221	59.1997	0	68.2292
11.0227	59.2409	0.0825083	68.2292
11.0856	59.3234	0	68.2292
11.0863	59.3234	0.0825083	68.2292
11.1039	59.4059	0	68.2292
11.1087	59.4472	0.0825083	68.2292
11.1341	59.5297	0	68.2292
11.1406	59.571	0.0825083	68.2292
11.1603	59.6535	0	68.2292
11.162	59.6947	0.0825083	68.2292
11.2229	59.7772	0	68.2292
11.225	59.8185	0.0825083	68.2292
11.2709	59.901	0	68.2292
11.277	59.9422	0.0825083	68.2292
11.292	60.0248	0	68.2292
11.2948	60.0248	0.0825083	68.2292
11.3585	60.1073	0	68.2292
11.362	60.1073	0.165017	68.2292
11.3647	60.1073	0.247525	68.2292
11.3654	60.1898	0.165017	68.2292
11.3657	60.2723	0.0825083	68.2292
11.3865	60.3548	0	68.2292
11.387	60.3548	0.0825083	68.2292
11.3898	60.4373	0	68.2292
11.3902	60.4785	0.0825083	68.2292
11.409	60.5611	0	68.2292
11.4162	60.6023	0.0825083	68.2292
11.4565	60.6848	0	68.2292
11.4571	60.6848	0.0825083	68.2292
11.522	60.7673	0	68.2292
11.5225	60.8086	0.0825083	68.2292
11.5231	60.8498	0.165017	68.2292
11.5232	60.9323	0.0825083	68.2292
11.5355	61.0149	0	68.2292
11.5376	61.0149	0.165017	68.2292
11.5385	61.0974	0.0825083	68.2292
11.5477	61.1799	0	68.2292
11.5707	61.1799	0	69.2708
11.5722	61.2211	0.0825083	69.2708
11.575	61.3036	0	69.2708
11.5754	61.3449	0.0825083	69.2708
11.6278	61.4274	0	69.2708
11.6283	61.4274	0.0825083	69.2708
11.7	61.5099	0	69.2708
11.7002	61.5099	0.165017	69.2708
11.7032	61.5924	0.0825083	69.2708
11.7338	61.6749	0	69.2708
11.8985	61.6749	0	70.3125
11.9036	61.6749	0.0825083	70.3125
11.9442	61.7574	0	70.3125
11.9444	61.7987	0.0825083	70.3125
12.0279	61.8812	0	70.3125
12.0283	61.9224	0.0825083	70.3125
12.0473	62.005	0	70.3125
12.0497	62.0462	0.0825083	70.3125
12.0865	62.1287	0	70.3125
12.0887	62.17	0.0825083	70.3125
12.1304	62.2525	0	70.3125
12.1306	62.2937	0.0825083	70.3125
12.1453	62.3762	0	70.3125
12.1456	62.3762	0.165017	70.3125
12.1488	62.4587	0.0825083	70.3125
12.1645	62.5413	0	70.3125
12.1646	62.5413	0.165017	70.3125
12.1657	62.6238	0.0825083	70.3125
12.1672	62.665	0.165017	70.3125
12.1685	62.7475	0.0825083	70.3125
12.1906	62.83	0	70.3125
12.2117	62.83	0	70.8333
12.2119	62.83	0.0825083	70.8333
12.2409	62.9125	0	70.8333
12.2591	62.9125	0	71.875
12.2751	62.9125	0	72.9167
12.2758	62.9538	0.0825083	72.9167
12.3169	63.0363	0	72.9167
12.3193	63.0776	0.0825083	72.9167
12.409	63.1601	0	72.9167
12.4114	63.2013	0.0825083	72.9167
12.424	63.2838	0	72.9167
12.424	63.3251	0.0825083	72.9167
12.4304	63.4076	0	72.9167
12.433	63.4076	0.0825083	72.9167
12.5014	63.4901	0	72.9167
12.5019	63.5314	0.0825083	72.9167
12.5077	63.6139	0	72.9167
12.5078	63.6551	0.0825083	72.9167
12.5093	63.6551	0.165017	72.9167
12.5112	63.7376	0.0825083	72.9167
12.5794	63.8201	0	72.9167
12.5813	63.8614	0.0825083	72.9167
12.6261	63.9439	0	72.9167
12.6264	63.9439	0.0825083	72.9167
12.7124	64.0264	0	72.9167
12.7146	64.0677	0.0825083	72.9167
12.7211	64.1502	0	72.9167
12.7228	64.1914	0.0825083	72.9167
12.7539	64.2739	0	72.9167
12.7551	64.3152	0.0825083	72.9167
12.7662	64.3977	0	72.9167
12.8118	64.3977	0	73.4375
12.8126	64.3977	0	74.4792
12.8137	64.4389	0.0825083	74.4792
12.8836	64.5215	0	74.4792
12.8837	64.5627	0.0825083	74.4792
12.9216	64.6452	0	74.4792
12.9223	64.6452	0.165017	74.4792
12.9231	64.7277	0.0825083	74.4792
12.9288	64.8102	0	74.4792
12.9312	64.8102	0.165017	74.4792
12.9314	64.8927	0.0825083	74.4792
12.9572	64.9753	0	74.4792
12.958	65.0165	0.0825083	74.4792
12.9958	65.099	0	74.4792
12.9965	65.099	0.165017	74.4792
12.9967	65.1815	0.0825083	74.4792
13.1953	65.264	0	74.4792
13.196	65.264	0.165017	74.4792
13.1982	65.3465	0.0825083	74.4792
13.2217	65.429	0	74.4792
13.2254	65.4703	0.0825083	74.4792
13.248	65.5528	0	74.4792
13.2492	65.5528	0.165017	74.4792
13.2492	65.6353	0.0825083	74.4792
13.3092	65.7178	0	74.4792
13.3098	65.7178	0.165017	74.4792
13.3101	65.8003	0.0825083	74.4792
13.3261	65.8828	0	74.4792
13.3666	65.8828	0	75
13.3685	65.9241	0.0825083	75
13.4298	66.0066	0	75
13.434	66.0479	0.0825083	75
13.4742	66.1304	0	75
13.4754	66.1304	0.165017	75
13.4782	66.2129	0.0825083	75
13.5131	66.2954	0	75
13.58	66.2954	0	76.0417
13.5803	66.2954	0.165017	76.0417
13.5804	66.3779	0.0825083	76.0417
13.6003	66.4604	0	76.0417
13.6018	66.5016	0.0825083	76.0417
13.6509	66.5842	0	76.0417
13.6526	66.6254	0.0825083	76.0417
13.6949	66.7079	0	76.0417
13.6965	66.7492	0.0825083	76.0417
13.7137	66.8317	0	76.0417
13.7144	66.8729	0.0825083	76.0417
13.7428	66.9554	0	76.0417
13.7435	66.9967	0.0825083	76.0417
13.8487	67.0792	0	76.0417
13.8498	67.1205	0.0825083	76.0417
13.9643	67.203	0	76.0417
14.0037	67.203	0	76.5625
14.0053	67.2442	0.0825083	76.5625
14.0566	67.3267	0	76.5625
14.0587	67.368	0.0825083	76.5625
14.0833	67.4505	0	76.5625
14.0845	67.4505	0.0825083	76.5625
14.0911	67.533	0	76.5625
14.1363	67.533	0	77.6042
14.1376	67.533	0.0825083	77.6042
14.1558	67.6155	0	77.6042
14.1569	67.6155	0.0825083	77.6042
14.1859	67.698	0	77.6042
14.1866	67.698	0.165017	77.6042
14.1902	67.7805	0.0825083	77.6042
14.2605	67.863	0	77.6042
14.2608	67.863	0.165017	77.6042
14.2611	67.9455	0.0825083	77.6042
14.2843	68.0281	0	77.6042
14.2849	68.0281	0.165017	77.6042
14.2862	68.1106	0.0825083	77.6042
14.2933	68.1931	0	77.6042
14.2946	68.1931	0.0825083	77.6042
14.3196	68.2756	0	77.6042
14.3235	68.3168	0.0825083	77.6042
14.4779	68.3993	0	77.6042
14.4799	68.4406	0.0825083	77.6042
14.5165	68.5231	0	77.6042
14.5177	68.5231	0.165017	77.6042
14.5189	68.6056	0.0825083	77.6042
14.5247	68.6881	0	77.6042
14.5248	68.6881	0.165017	77.6042
14.527	68.7706	0.0825083	77.6042
14.5459	68.8531	0	77.6042
14.5491	68.8531	0.0825083	77.6042
14.5524	68.9356	0	77.6042
14.5529	68.9356	0.165017	77.6042
14.5531	69.0182	0.0825083	77.6042
14.5709	69.1007	0	77.6042
14.5714	69.1419	0.0825083	77.6042
14.572	69.2244	0	77.6042
14.5732	69.2657	0.0825083	77.6042
14.593	69.3482	0	77.6042
14.5933	69.3482	0	78.6458
14.5958	69.3894	0.0825083	78.6458
14.5968	69.3894	0.247525	78.6458
14.5969	69.4719	0.165017	78.6458
14.6001	69.5545	0.0825083	78.6458
14.6226	69.637	0	78.6458
14.6247	69.6782	0.0825083	78.6458
14.6523	69.7607	0	78.6458
14.656	69.7607	0.165017	78.6458
14.657	69.8432	0.0825083	78.6458
14.6886	69.9257	0	78.6458
14.6901	69.9257	0.0825083	78.6458
14.692	70.0082	0	78.6458
14.6949	70.0495	0.0825083	78.6458
14.7217	70.132	0	78.6458
14.7218	70.132	0.165017	78.6458
14.7218	70.2145	0.0825083	78.6458
14.728	70.297	0	78.6458
14.8016	70.297	0	79.1667
14.8022	70.297	0.0825083	79.1667
14.8178	70.3795	0	79.1667
14.8258	70.3795	0	80.2083
14.8291	70.3795	0	80.7292
14.83	70.4208	0.0825083	80.7292
14.8773	70.5033	0	80.7292
14.8777	70.5033	0.165017	80.7292
14.8804	70.5858	0.0825083	80.7292
14.9692	70.6683	0	80.7292
14.9717	70.6683	0.0825083	80.7292
14.9845	70.7508	0	80.7292
14.9848	70.7508	0.165017	80.7292
14.9923	70.8333	0.0825083	80.7292
15.0389	70.9158	0	80.7292
15.0397	70.9571	0.0825083	80.7292
15.063	71.0396	0	80.7292
15.0639	71.0396	0.165017	80.7292
15.0685	71.1221	0.0825083	80.7292
15.1323	71.2046	0	80.7292
15.1328	71.2459	0.0825083	80.7292
15.1744	71.3284	0	80.7292
15.2041	71.3284	0	81.7708
15.2042	71.3696	0.0825083	81.7708
15.2227	71.4521	0	81.7708
15.2607	71.4521	0	82.2917
15.2635	71.4934	0.0825083	82.2917
15.2784	71.5759	0	82.2917
15.2785	71.6172	0.0825083	82.2917
15.3077	71.6997	0	82.2917
15.3087	71.7409	0.0825083	82.2917
15.415	71.8234	0	82.2917
15.4157	71.8647	0.0825083	82.2917
15.4281	71.9472	0	82.2917
15.4283	71.9884	0.0825083	82.2917
15.4993	72.071	0	82.2917
15.5001	72.071	0.165017	82.2917
15.5023	72.1535	0.0825083	82.2917
15.5272	72.236	0	82.2917
15.5277	72.2772	0.0825083	82.2917
15.5457	72.3597	0	82.2917
15.5462	72.3597	0.0825083	82.2917
15.5476	72.401	0.165017	82.2917
15.5496	72.4835	0.0825083	82.2917
15.5752	72.566	0	82.2917
15.5803	72.6073	0.0825083	82.2917
15.6564	72.6898	0	82.2917
15.6617	72.731	0.0825083	82.2917
15.6905	72.8135	0	82.2917
15.6921	72.8548	0.0825083	82.2917
15.7413	72.9373	0	82.2917
15.7603	72.9373	0	82.8125
15.7619	72.9373	0.0825083	82.8125
15.7999	73.0198	0	82.8125
15.8052	73.0611	0.0825083	82.8125
15.9017	73.1436	0	82.8125
15.9027	73.1848	0.0825083	82.8125
15.99	73.2673	0	82.8125
15.9931	73.3086	0.0825083	82.8125
16.1041	73.3911	0	82.8125
16.1063	73.3911	0.165017	82.8125
16.1063	73.4736	0.0825083	82.8125
16.1616	73.5561	0	82.8125
16.1658	73.5974	0.0825083	82.8125
16.2202	73.6799	0	82.8125
16.2223	73.6799	0.0825083	82.8125
16.2295	73.7624	0	82.8125
16.2332	73.8036	0.0825083	82.8125
16.2572	73.8861	0	82.8125
16.2607	73.9274	0.0825083	82.8125
16.4186	74.0099	0	82.8125
16.4186	74.0512	0.0825083	82.8125
16.419	74.0924	0.165017	82.8125
16.4195	74.1749	0.0825083	82.8125
16.4954	74.2574	0	82.8125
16.4959	74.2987	0.0825083	82.8125
16.5484	74.3812	0	82.8125
16.5511	74.4224	0.0825083	82.8125
16.5726	74.505	0	82.8125
16.5728	74.5462	0.0825083	82.8125
16.6269	74.6287	0	82.8125
16.6284	74.67	0.0825083	82.8125
16.7526	74.7525	0	82.8125
16.7567	74.7937	0.0825083	82.8125
16.7916	74.8762	0	82.8125
16.796	74.9175	0.0825083	82.8125
16.9141	75	0	82.8125
16.9167	75.0413	0.0825083	82.8125
16.9223	75.1238	0	82.8125
16.9249	75.1238	0.165017	82.8125
16.9272	75.2063	0.0825083	82.8125
17.3328	75.2888	0	82.8125
17.3372	75.33	0.0825083	82.8125
17.3422	75.4125	0	82.8125
17.4181	75.4125	0	83.8542
17.4183	75.4538	0.0825083	83.8542
17.4367	75.5363	0	83.8542
17.5074	75.5363	0	84.8958
17.5132	75.5776	0.0825083	84.8958
17.5151	75.6601	0	84.8958
17.5163	75.6601	0.0825083	84.8958
17.7446	75.7426	0	84.8958
17.7458	75.7426	0.165017	84.8958
17.7499	75.8251	0.0825083	84.8958
17.778	75.9076	0	84.8958
17.7799	75.9488	0.0825083	84.8958
17.9758	76.0314	0	84.8958
17.9758	76.0314	0.165017	84.8958
17.9759	76.1139	0.0825083	84.8958
18.112	76.1964	0	84.8958
18.1123	76.2376	0.0825083	84.8958
18.1536	76.3201	0	84.8958
18.1538	76.3614	0.0825083	84.8958
18.2082	76.4439	0	84.8958
18.2116	76.4439	0.165017	84.8958
18.216	76.5264	0.0825083	84.8958
18.3501	76.6089	0	84.8958
18.3508	76.6502	0.0825083	84.8958
18.3755	76.7327	0	84.8958
18.3763	76.7739	0.0825083	84.8958
18.4609	76.8564	0	84.8958
18.4877	76.8564	0	85.4167
18.4898	76.8977	0.0825083	85.4167
18.589	76.9802	0	85.4167
18.6122	76.9802	0	85.4167
18.6163	77.0215	0.0825083	85.4167
18.6165	77.104	0	85.4167
18.6669	77.104	0	86.4583
18.667	77.104	0.165017	86.4583
18.6685	77.1865	0.0825083	86.4583
18.6708	77.269	0	86.4583
18.671	77.3102	0.0825083	86.4583
18.7421	77.3927	0	86.4583
18.7423	77.3927	0.165017	86.4583
18.7453	77.4753	0.0825083	86.4583
18.8749	77.5578	0	86.4583
18.8754	77.599	0.0825083	86.4583
19.044	77.6815	0	86.4583
19.0457	77.7228	0.0825083	86.4583
19.0958	77.8053	0	86.4583
19.0962	77.8465	0.0825083	86.4583
19.2136	77.929	0	86.4583
19.2141	77.929	0.165017	86.4583
19.2158	78.0116	0.0825083	86.4583
19.4962	78.0941	0	86.4583
19.497	78.1353	0.0825083	86.4583
19.6656	78.2178	0	86.4583
19.6659	78.2178	0.165017	86.4583
19.6732	78.3003	0.0825083	86.4583
19.6814	78.3828	0	86.4583
19.6826	78.3828	0.165017	86.4583
19.6852	78.4653	0.0825083	86.4583
19.7396	78.5479	0	86.4583
19.8584	78.5891	0.0825083	86.4583
19.8599	78.6304	0.165017	86.4583
19.9841	78.7129	0.0825083	86.4583
19.9844	78.7129	0.247525	86.4583
19.9852	78.7954	0.165017	86.4583
20.0399	78.8779	0.0825083	86.4583
20.0427	78.9191	0.165017	86.4583
20.0562	79.0016	0.0825083	86.4583
20.1113	79.0842	0	86.4583
20.1118	79.0842	0.0825083	86.4583
20.1396	79.1667	0	86.4583
20.1441	79.1667	0.165017	86.4583
20.1441	79.2492	0.0825083	86.4583
20.223	79.3317	0	86.4583
20.3137	79.3729	0.0825083	86.4583
20.3164	79.4142	0.165017	86.4583
20.3497	79.4967	0.0825083	86.4583
20.3504	79.4967	0.247525	86.4583
20.3519	79.5792	0.165017	86.4583
20.3787	79.6617	0.0825083	86.4583
20.3799	79.703	0.165017	86.4583
20.5122	79.7855	0.0825083	86.4583
20.5123	79.7855	0.247525	86.4583
20.5157	79.868	0.165017	86.4583
20.5336	79.9505	0.0825083	86.4583
20.5337	79.9918	0.165017	86.4583
20.6138	80.0743	0.0825083	86.4583
20.6323	80.0743	0.0825083	87.5
20.6328	80.1155	0.165017	87.5
20.6444	80.198	0.0825083	87.5
20.6468	80.2393	0.165017	87.5
20.6907	80.3218	0.0825083	87.5
20.6912	80.3218	0.247525	87.5
20.6932	80.4043	0.165017	87.5
20.7682	80.4868	0.0825083	87.5
20.7683	80.4868	0.247525	87.5
20.7712	80.5693	0.165017	87.5
20.7822	80.6518	0.0825083	87.5
20.783	80.6931	0.165017	87.5
20.8358	80.7756	0.0825083	87.5
20.8808	80.7756	0.0825083	88.5417
20.8823	80.7756	0.247525	88.5417
20.8831	80.8581	0.165017	88.5417
20.9269	80.9406	0.0825083	88.5417
20.9275	80.9406	0.247525	88.5417
20.9305	81.0231	0.165017	88.5417
20.9445	81.1056	0.0825083	88.5417
21.0152	81.1056	0.0825083	89.5833
21.0232	81.1469	0.165017	89.5833
21.0499	81.2294	0.0825083	89.5833
21.0663	81.2294	0.0825083	90.625
21.0665	81.2706	0.165017	90.625
21.1531	81.3531	0.0825083	90.625
21.1544	81.3944	0.165017	90.625
21.2027	81.4769	0.0825083	90.625
21.2043	81.5182	0.165017	90.625
21.2454	81.6007	0.0825083	90.625
21.2524	81.6419	0.165017	90.625
21.271	81.7244	0.0825083	90.625
21.2714	81.7244	0.247525	90.625
21.2719	81.8069	0.165017	90.625
21.301	81.8894	0.0825083	90.625
21.3011	81.9307	0.165017	90.625
21.4063	82.0132	0.0825083	90.625
21.4066	82.0545	0.165017	90.625
21.4266	82.137	0.0825083	90.625
21.4291	82.137	0.165017	90.625
21.4325	82.2195	0.0825083	90.625
21.4387	82.2607	0.165017	90.625
21.7568	82.3432	0.0825083	90.625
21.769	82.3845	0.165017	90.625
21.8187	82.467	0.0825083	90.625
21.8227	82.467	0.247525	90.625
21.8245	82.5495	0.165017	90.625
21.9313	82.632	0.0825083	90.625
21.9343	82.6733	0.165017	90.625
22.0144	82.7558	0.0825083	90.625
22.0644	82.797	0.165017	90.625
22.0666	82.797	0.330033	90.625
22.069	82.8795	0.247525	90.625
22.0812	82.962	0.165017	90.625
22.0816	82.962	0.330033	90.625
22.0826	83.0446	0.247525	90.625
22.1805	83.1271	0.165017	90.625
22.1812	83.1271	0.330033	90.625
22.182	83.2096	0.247525	90.625
22.2958	83.2921	0.165017	90.625
22.2974	83.3333	0.247525	90.625
22.3267	83.4158	0.165017	90.625
22.3279	83.4571	0.247525	90.625
22.538	83.5396	0.165017	90.625
22.5394	83.5396	0.330033	90.625
22.5412	83.6221	0.247525	90.625
22.7274	83.7046	0.165017	90.625
22.7988	83.7871	0.0825083	90.625
22.7991	83.8284	0.165017	90.625
23.0047	83.9109	0.0825083	90.625
23.0065	83.9109	0.247525	90.625
23.0083	83.9934	0.165017	90.625
23.2159	84.0759	0.0825083	90.625
23.2164	84.0759	0.247525	90.625
23.2169	84.1584	0.165017	90.625
23.2178	84.1997	0.247525	90.625
23.2183	84.2822	0.165017	90.625
23.2672	84.3647	0.0825083	90.625
23.2684	84.3647	0.247525	90.625
23.2689	84.4472	0.165017	90.625
23.5154	84.5297	0.0825083	90.625
23.5218	84.571	0.165017	90.625
23.5328	84.6535	0.0825083	90.625
23.5334	84.6535	0.247525	90.625
23.534	84.736	0.165017	90.625
23.5489	84.8185	0.0825083	90.625
23.5489	84.8185	0.247525	90.625
23.5496	84.901	0.165017	90.625
23.6135	84.9835	0.0825083	90.625
23.6135	84.9835	0.247525	90.625
23.6161	85.066	0.165017	90.625
23.664	85.1485	0.0825083	90.625
23.664	85.1485	0.247525	90.625
23.6641	85.231	0.165017	90.625
23.9085	85.3135	0.0825083	90.625
23.9118	85.3548	0.165017	90.625
24.2547	85.4373	0.0825083	90.625
24.2562	85.4373	0.165017	90.625
24.4115	85.5198	0.0825083	90.625
24.545	85.5198	0.0825083	91.6667
24.5454	85.5198	0.165017	91.6667
24.6132	85.6023	0.0825083	91.6667
24.6138	85.6023	0.165017	91.6667
24.615	85.6848	0.0825083	91.6667
24.843	85.7673	0	91.6667
24.8471	85.7673	0.0825083	91.6667
24.8785	85.8498	0	91.6667
24.9544	85.8498	0	92.7083
24.9558	85.8911	0.0825083	92.7083
25.1218	85.9736	0	92.7083
25.1259	86.0149	0.0825083	92.7083
25.1622	86.0974	0	92.7083
25.2025	86.0974	0	93.75
25.2026	86.0974	0.165017	93.75
25.2055	86.1799	0.0825083	93.75
25.4054	86.2624	0	93.75
25.41	86.3036	0.0825083	93.75
25.4636	86.3861	0	93.75
25.4667	86.4274	0.0825083	93.75
25.8142	86.5099	0	93.75
25.8188	86.5512	0.0825083	93.75
26.2767	86.6337	0	93.75
26.2783	86.6749	0.0825083	93.75
26.4553	86.7574	0	93.75
26.4577	86.7987	0.0825083	93.75
26.6007	86.8812	0	93.75
26.6052	86.8812	0.165017	93.75
26.6058	86.9637	0.0825083	93.75
26.7697	87.0462	0	93.75
26.7717	87.0875	0.0825083	93.75
26.868	87.17	0	93.75
26.8682	87.17	0.165017	93.75
26.8707	87.2525	0.0825083	93.75
27.0786	87.335	0	93.75
27.0798	87.335	0.0825083	93.75
27.1867	87.4175	0	93.75
27.1871	87.4587	0.0825083	93.75
27.2175	87.5413	0	93.75
27.2192	87.5413	0.0825083	93.75
27.2802	87.6238	0	93.75
27.282	87.665	0.0825083	93.75
27.627	87.7475	0	93.75
27.6285	87.7475	0.165017	93.75
27.6291	87.83	0.0825083	93.75
27.7474	87.9125	0	93.75
27.7477	87.9538	0.0825083	93.75
27.8408	88.0363	0	93.75
27.8427	88.0363	0.165017	93.75
27.843	88.1188	0.0825083	93.75
27.8651	88.2013	0	93.75
27.867	88.2426	0.0825083	93.75
28.0032	88.3251	0	93.75
28.0046	88.3251	0.165017	93.75
28.0052	88.4076	0.0825083	93.75
28.4945	88.4901	0	93.75
28.4956	88.5314	0.0825083	93.75
28.5796	88.6139	0	93.75
28.8298	88.6139	0	94.7917
28.8309	88.6551	0.0825083	94.7917
28.8795	88.7376	0	94.7917
28.8816	88.7789	0.0825083	94.7917
28.89	88.8614	0	94.7917
28.8918	88.9026	0.0825083	94.7917
29.409	88.9851	0	94.7917
29.4104	89.0264	0.0825083	94.7917
29.559	89.1089	0	94.7917
29.5624	89.1502	0.0825083	94.7917
29.6639	89.2327	0	94.7917
29.6642	89.2327	0.165017	94.7917
29.6653	89.3152	0.0825083	94.7917
29.8641	89.3977	0	94.7917
29.8642	89.4389	0.0825083	94.7917
29.95	89.5215	0	94.7917
29.9507	89.5627	0.0825083	94.7917
30.3362	89.6452	0	94.7917
30.3392	89.6865	0.0825083	94.7917
30.4847	89.769	0	94.7917
30.4917	89.8102	0.0825083	94.7917
30.7088	89.8927	0	94.7917
30.7092	89.934	0.0825083	94.7917
31.0741	90.0165	0	94.7917
31.076	90.0578	0.0825083	94.7917
31.2071	90.1403	0	94.7917
31.2109	90.1815	0.0825083	94.7917
31.2793	90.264	0	94.7917
31.2793	90.3053	0.0825083	94.7917
31.3106	90.3878	0	94.7917
31.311	90.429	0.0825083	94.7917
31.4699	90.5116	0	94.7917
31.4706	90.5116	0.165017	94.7917
31.4762	90.5941	0.0825083	94.7917
31.6077	90.6766	0	94.7917
31.6077	90.7178	0.0825083	94.7917
32.0232	90.8003	0	94.7917
32.0246	90.8416	0.0825083	94.7917
32.102	90.9241	0	94.7917
32.1042	90.9241	0.0825083	94.7917
32.1365	91.0066	0	94.7917
32.1391	91.0479	0.0825083	94.7917
32.6547	91.1304	0	94.7917
32.6569	91.1716	0.0825083	94.7917
32.9736	91.2541	0	94.7917
32.9743	91.2541	0.165017	94.7917
32.9755	91.3366	0.0825083	94.7917
33.0171	91.4191	0	94.7917
33.018	91.4604	0.0825083	94.7917
33.1446	91.5429	0	94.7917
33.1457	91.5429	0.0825083	94.7917
33.3197	91.6254	0	94.7917
33.3199	91.6254	0.165017	94.7917
33.328	91.7079	0.0825083	94.7917
33.3818	91.7904	0	94.7917
33.3839	91.8317	0.0825083	94.7917
34.1205	91.9142	0	94.7917
34.1228	91.9142	0.0825083	94.7917
34.1923	91.9967	0	94.7917
34.1929	92.038	0.0825083	94.7917
34.4248	92.1205	0	94.7917
34.4267	92.1617	0.0825083	94.7917
34.9717	92.2442	0	94.7917
34.9722	92.2855	0.0825083	94.7917
35.1411	92.368	0	94.7917
35.1468	92.4092	0.0825083	94.7917
35.6342	92.4918	0	94.7917
35.6401	92.533	0.0825083	94.7917
35.9339	92.6155	0	94.7917
35.9358	92.6155	0.0825083	94.7917
36.1573	92.698	0	94.7917
36.4116	92.698	0	95.8333
36.4129	92.7393	0.0825083	95.8333
36.5868	92.8218	0	95.8333
36.5884	92.863	0.0825083	95.8333
36.6336	92.9455	0	95.8333
36.6353	92.9455	0.0825083	95.8333
37.017	93.0281	0	95.8333
37.0179	93.0693	0.0825083	95.8333
37.0331	93.1518	0	95.8333
37.0387	93.1931	0.0825083	95.8333
37.2913	93.2756	0	95.8333
37.2918	93.2756	0.165017	95.8333
37.2932	93.3581	0.0825083	95.8333
37.7591	93.4406	0	95.8333
37.7632	93.4818	0.0825083	95.8333
38.044	93.5644	0	95.8333
38.045	93.5644	0.165017	95.8333
38.4859	93.6469	0.0825083	95.8333
38.6709	93.7294	0	95.8333
38.6711	93.7706	0.0825083	95.8333
38.85	93.8531	0	95.8333
38.8503	93.8531	0.165017	95.8333
38.851	93.9356	0.0825083	95.8333
39.4444	94.0182	0	95.8333
39.4473	94.0182	0.0825083	95.8333
39.622	94.1007	0	95.8333
39.6234	94.1007	0.165017	95.8333
39.6239	94.1832	0.0825083	95.8333
39.9481	94.2657	0	95.8333
39.9488	94.3069	0.0825083	95.8333
40.403	94.3894	0	95.8333
40.4045	94.3894	0.0825083	95.8333
41.0045	94.4719	0	95.8333
41.2478	94.4719	0	96.875
41.2529	94.5132	0.0825083	96.875
41.3794	94.5957	0	96.875
41.3828	94.637	0.0825083	96.875
42.0995	94.7195	0	96.875
42.101	94.7607	0.0825083	96.875
42.7201	94.8432	0	96.875
42.7206	94.8845	0.0825083	96.875
42.7966	94.967	0	96.875
42.7992	95.0082	0.0825083	96.875
45.3395	95.0908	0	96.875
45.3397	95.132	0.0825083	96.875
46.2491	95.2145	0	96.875
46.2494	95.2558	0.0825083	96.875
46.7058	95.3383	0	96.875
46.7065	95.3795	0.0825083	96.875
49.0174	95.462	0	96.875
49.0198	95.5033	0.0825083	96.875
49.5622	95.5858	0	96.875
49.5654	95.6271	0.0825083	96.875
49.8255	95.7096	0	96.875
49.8272	95.7508	0.0825083	96.875
49.8373	95.8333	0	96.875
49.844	95.8746	0.0825083	96.875
50.529	95.9571	0	96.875
50.5316	95.9984	0.0825083	96.875
51.1858	96.0809	0	96.875
51.1886	96.1221	0.0825083	96.875
51.4731	96.2046	0	96.875
51.4735	96.2459	0.0825083	96.875
53.1334	96.3284	0	96.875
53.1342	96.3696	0.0825083	96.875
54.4396	96.4521	0	96.875
54.4404	96.4934	0.0825083	96.875
55.6343	96.5759	0	96.875
55.6362	96.6172	0.0825083	96.875
56.0004	96.6997	0	96.875
57.2114	96.7409	0.0825083	96.875
61.3661	96.8234	0	96.875
61.3692	96.8234	0.165017	96.875
61.3696	96.9059	0.0825083	96.875
65.6039	96.9884	0	96.875
65.6054	97.0297	0.0825083	96.875
68.7192	97.1122	0	96.875
69.2453	97.1535	0.0825083	96.875
71.7784	97.236	0	96.875
71.7784	97.236	0.165017	96.875
71.7786	97.3185	0.0825083	96.875
79.1584	97.401	0	96.875
80.5525	97.4422	0.0825083	96.875
254.281	97.5247	0	96.875
297.787	97.5247	0	97.9167
665.578	97.5247	0	98.9583
667.017	97.566	0.0825083	98.9583
874.76	97.6485	0	98.9583
875.78	97.6485	0.165017	98.9583
877.042	97.731	0.0825083	98.9583
910.866	97.8135	0	98.9583
1378.76	97.8135	0	100
1378.77	97.8135	0.165017	100
1379.82	97.896	0.0825083	100
1578.89	97.9785	0	100
1578.89	97.9785	0.0825083	100
1839.2	98.0611	0	100
1840.64	98.1023	0.0825083	100
2025.56	98.1848	0	100
2025.58	98.1848	0.165017	100
2025.98	98.2673	0.0825083	100
2374.09	98.3498	0	100
2374.1	98.3498	0.0825083	100
2376.16	98.4323	0	100
2376.17	98.4736	0.0825083	100
3730.47	98.5561	0	100
3730.62	98.5974	0.0825083	100
4008.54	98.6799	0	100
4008.88	98.7211	0.0825083	100
5605.12	98.8036	0	100
5608.45	98.8036	0.0825083	100
5608.45	98.8449	0.165017	100
5608.66	98.9274	0.0825083	100
5862.66	99.0099	0	100
5864.53	99.0512	0.0825083	100
6649.15	99.1337	0	100
6649.15	99.1337	0.165017	100
6651.19	99.2162	0.0825083	100
7054.59	99.2987	0	100
7056.45	99.3399	0.0825083	100
12583.5	99.4224	0	100
12583.5	99.4224	0.165017	100
12585	99.505	0.0825083	100
14055.6	99.5875	0	100
14056.3	99.5875	0.165017	100
14059.9	99.67	0.0825083	100
24865.8	99.7525	0	100
24867.8	99.7937	0.0825083	100
62198.5	99.8762	0	100
62198.6	99.9175	0.0825083	100
