1.3968e-06	0	0	0
1.9779e-06	0	0	0
2.07558e-05	0	0	0
2.9972e-05	0	0	0
3.52376e-05	0	0	0
4.88676e-05	0	0	0
4.90322e-05	0	0	0
4.98384e-05	0	0	0
4.99482e-05	0	0	0
5.64738e-05	0	0	0
5.64794e-05	0	0	0
5.89631e-05	0	0	0
6.37325e-05	0	0	0
8.04945e-05	0	0	0
9.13194e-05	0	0	0
9.90798e-05	0	0	0
0.000102508	0	0	0
0.000114144	0	0	0
0.000123524	0	0	0
0.000130053	0	0	0
0.000146921	0	0	0
0.000151592	0	0	0
0.000157862	0	0	0
0.000158542	0	0	0
0.000160566	0	0	0
0.000163045	0	0	0
0.000163696	0	0	0
0.000165745	0	0	0
0.000176797	0	0	0
0.000185667	0	0	0
0.000194371	0	0	0
0.000196028	0	0	0
0.000198175	0	0	0
0.000201022	0	0	0
0.000207461	0	0	0
0.000214182	0	0	0
0.000232938	0	0	0
0.000244847	0	0	0
0.000251926	0	0	0
0.000253392	0	0	0
0.000253417	0	0	0
0.000255631	0	0	0
0.000263155	0	0	0
0.000269887	0	0	0
0.000270878	0	0	0
0.000270886	0	0	0
0.000271475	0	0	0
0.000272371	0	0	0
0.000280312	0	0	0
0.000280541	0	0	0
0.00030609	0	0	0
0.00031479	0	0	0
0.000324768	0	0	0
0.000325933	0	0	0
0.000327406	0	0	0
0.000333835	0	0	0
0.000362499	0	0	0
0.000364078	0	0	0
0.000366741	0	0	0
0.000368589	0	0	0
0.000371939	0	0	0
0.00039086	0	0	0
0.000398025	0	0	0
0.000402284	0	0	0
0.000402826	0	0	0
0.000404206	0	0	0
0.000406687	0	0	0
0.00040913	0	0	0
0.000410267	0	0	0
0.000421761	0	0	0
0.000422961	0	0	0
0.0004419	0	0	0
0.000456379	0	0	0
0.000462582	0	0	0
0.000466091	0	0	0
0.000469321	0	0	0
0.000474915	0	0	0
0.000489625	0	0	0
0.000490023	0	0	0
0.000494797	0	0	0
0.000501665	0	0	0
0.00050489	0	0	0
0.000516123	0	0	0
0.000516426	0	0	0
0.000522804	0	0	0
0.000524924	0	0	0
0.000528893	0	0	0
0.000539615	0	0	0
0.000541224	0	0	0
0.000542291	0	0	0
0.000545491	0	0	0
0.000545917	0	0	0
0.000546486	0	0	0
0.00055534	0	0	0
0.000555835	0	0	0
0.000557399	0	0	0
0.000559738	0	0	0
0.000562486	0	0	0
0.000566158	0	0	0
0.000566537	0	0	0
0.000568516	0	0	0
0.000578497	0	0	0
0.000589401	0	0	0
0.00059289	0	0	0
0.000601661	0	0	0
0.000603732	0	0	0
0.000604145	0	0	0
0.000614115	0	0	0
0.000622488	0	0	0
0.000623498	0	0	0
0.000626234	0	0	0
0.000626926	0	0	0
0.000635029	0	0	0
0.000637274	0	0	0
0.000644787	0	0	0
0.000649447	0	0	0
0.000649546	0	0	0
0.00066085	0	0	0
0.000663906	0	0	0
0.000671698	0	0	0
0.0006789	0	0	0
0.000684789	0	0	0
0.000689781	0	0	0
0.000693711	0	0	0
0.000694689	0	0	0
0.000695194	0	0	0
0.000697034	0	0	0
0.000700874	0	0	0
0.000709495	0	0	0
0.000719282	0	0	0
0.000730573	0	0	0
0.000732078	0	0	0
0.000733403	0	0	0
0.000743452	0	0	0
0.000750458	0	0	0
0.000755033	0	0	0
0.000756334	0	0	0
0.000757347	0	0	0
0.000759235	0	0	0
0.000759688	0	0	0
0.000768077	0	0	0
0.000768504	0	0	0
0.000769803	0	0	0
0.00078447	0	0	0
0.00080359	0	0	0
0.000804842	0	0	0
0.000809278	0	0	0
0.000809998	0	0	0
0.000812162	0	0	0
0.000812889	0	0	0
0.000817437	0	0	0
0.000818417	0	0	0
0.000823387	0	0	0
0.000825625	0	0	0
0.000827905	0	0	0
0.000830619	0	0	0
0.000834847	0	0	0
0.000841161	0	0	0
0.000841362	0	0	0
0.0008467	0	0	0
0.000847668	0	0	0
0.000852254	0	0	0
0.000856633	0	0	0
0.00085871	0	0	0
0.000865244	0	0	0
0.000867168	0	0	0
0.000870669	0	0	0
0.000872035	0	0	0
0.000878013	0	0	0
0.000881285	0	0	0
0.000883063	0	0	0
0.000890526	0	0	0
0.000894597	0	0	0
0.000901361	0	0	0
0.000903501	0	0	0
0.000905682	0	0	0
0.000906768	0	0	0
0.000911419	0	0	0
0.000913027	0	0	0
0.000913525	0	0	0
0.000916463	0	0	0
0.000922051	0	0	0
0.000922929	0	0	0
0.000923378	0	0	0
0.000923704	0	0	0
0.000928217	0	0	0
0.000940126	0	0	0
0.000942384	0	0	0
0.000943778	0	0	0
0.00094462	0	0	0
0.000944645	0	0	0
0.000947988	0	0	0
0.000948825	0	0	0
0.000954376	0	0	0
0.000974878	0	0	0
0.000977124	0	0	0
0.000977246	0	0	0
0.000995312	0	0	0
0.000999599	0	0	0
0.00100029	0	0	0
0.00100169	0	0	0
0.0010022	0	0	0
0.00100308	0	0	0
0.00100509	0	0	0
0.00101428	0	0	0
0.00101728	0	0	0
0.00101837	0	0	0
0.00101877	0	0	0
0.0010215	0	0	0
0.00103943	0	0	0
0.00104058	0	0	0
0.00105231	0	0	0
0.00105758	0	0	0
0.00106646	0	0	0
0.00107092	0	0	0
0.00107402	0	0	0
0.00107837	0	0	0
0.00107868	0	0	0
0.00108583	0	0	0
0.00108585	0	0	0
0.0011062	0	0	0
0.00110703	0	0	0
0.00110715	0	0	0
0.00112389	0	0	0
0.00112486	0	0	0
0.00112506	0	0	0
0.00112786	0	0	0
0.00112805	0	0	0
0.00114266	0	0	0
0.00115232	0	0	0
0.001158	0	0	0
0.00115883	0	0	0
0.00116598	0	0	0
0.0011716	0	0	0
0.00117281	0	0	0
0.0011734	0	0	0
0.00117921	0	0	0
0.0011803	0	0	0
0.00118036	0	0	0
0.00119118	0	0	0
0.00119731	0	0	0
0.00120529	0	0	0
0.00121418	0	0	0
0.00121565	0	0	0
0.00122127	0	0	0
0.00122777	0	0	0
0.00122993	0	0	0
0.0012323	0	0	0
0.00123342	0	0	0
0.00123508	0	0	0
0.00123735	0	0	0
0.0012439	0	0	0
0.00124684	0	0	0
0.00124989	0	0	0
0.00125722	0	0	0
0.00126166	0	0	0
0.0012622	0	0	0
0.00126502	0	0	0
0.00127719	0	0	0
0.0012801	0	0	0
0.00128117	0	0	0
0.00128582	0	0	0
0.00128635	0	0	0
0.0012999	0	0	0
0.0013011	0	0	0
0.00130467	0	0	0
0.00130887	0	0	0
0.00130993	0	0	0
0.00131405	0	0	0
0.00131646	0	0	0
0.00131678	0	0	0
0.00132322	0	0	0
0.00132428	0	0	0
0.00132723	0	0	0
0.00133013	0	0	0
0.00133222	0	0	0
0.00133378	0	0	0
0.00133749	0	0	0
0.00133889	0	0	0
0.00134305	0	0	0
0.00134584	0	0	0
0.00134671	0	0	0
0.00134724	0	0	0
0.00135392	0	0	0
0.00135558	0	0	0
0.00135844	0	0	0
0.00136312	0	0	0
0.00136475	0	0	0
0.00136621	0	0	0
0.00136968	0	0	0
0.00137927	0	0	0
0.00138009	0	0	0
0.001385	0	0	0
0.00139218	0	0	0
0.00139231	0	0	0
0.00139769	0	0	0
0.00140684	0	0	0
0.00140706	0	0	0
0.00140728	0	0	0
0.0014119	0	0	0
0.00141221	0	0	0
0.00141248	0	0	0
0.00141819	0	0	0
0.00141849	0	0	0
0.0014228	0	0	0
0.00142679	0	0	0
0.00143096	0	0	0
0.00144072	0	0	0
0.00144695	0	0	0
0.00144842	0	0	0
0.00145076	0	0	0
0.00145216	0	0	0
0.00145488	0	0	0
0.00145629	0	0	0
0.00146099	0	0	0
0.00146238	0	0	0
0.00146487	0	0	0
0.00146828	0	0	0
0.00147094	0	0	0
0.00147295	0	0	0
0.00148146	0	0	0
0.00148424	0	0	0
0.00148501	0	0	0
0.00149239	0	0	0
0.00149391	0	0	0
0.00149875	0	0	0
0.00150213	0	0	0
0.00150571	0	0	0
0.00150859	0	0	0
0.00152288	0	0	0
0.00152831	0	0	0
0.00153164	0	0	0
0.00154177	0	0	0
0.00154223	0	0	0
0.00154272	0	0	0
0.00154935	0	0	0
0.00154985	0	0	0
0.0015551	0	0	0
0.00155621	0	0	0
0.00156219	0	0	0
0.00156496	0	0	0
0.00156732	0	0	0
0.00157008	0	0	0
0.00157351	0	0	0
0.00158127	0	0	0
0.00158264	0	0	0
0.00158485	0	0	0
0.00158576	0	0	0
0.00158714	0	0	0
0.00159047	0	0	0
0.0015922	0	0	0
0.00159223	0	0	0
0.00159224	0	0	0
0.00160192	0	0	0
0.0016049	0	0	0
0.00160526	0	0	0
0.00162108	0	0	0
0.00162603	0	0	0
0.00163105	0	0	0
0.00163435	0	0	0
0.0016389	0	0	0
0.00164005	0	0	0
0.00164061	0	0	0
0.00164781	0	0	0
0.0016495	0	0	0
0.00165436	0	0	0
0.0016552	0	0	0
0.00165694	0	0	0
0.00165722	0	0	0
0.00166024	0	0	0
0.00166352	0	0	0
0.001664	0	0	0
0.00166836	0	0	0
0.00166854	0	0	0
0.00166961	0	0	0
0.00167827	0	0	0
0.00167899	0	0	0
0.00167967	0	0	0
0.00168041	0	0	0
0.00168569	0	0	0
0.00170008	0	0	0
0.00170317	0	0	0
0.00170788	0	0	0
0.0017152	0	0	0
0.001723	0	0	0
0.00172893	0	0	0
0.00173165	0	0	0
0.00173175	0	0	0
0.00173275	0	0	0
0.00173334	0	0	0
0.00173873	0	0	0
0.00174098	0	0	0
0.00174639	0	0	0
0.00174674	0	0	0
0.00175207	0	0	0
0.00175771	0	0	0
0.00176133	0	0	0
0.00176372	0	0	0
0.00176581	0	0	0
0.00176624	0	0	0
0.00177844	0	0	0
0.00177967	0	0	0
0.00178431	0	0	0
0.00179641	0	0	0
0.00180196	0	0	0
0.00180617	0	0	0
0.00181348	0	0	0
0.00182081	0	0	0
0.00182133	0	0	0
0.00182204	0	0	0
0.00182358	0	0	0
0.00182379	0	0	0
0.00183003	0	0	0
0.00183946	0	0	0
0.00184367	0	0	0
0.00184476	0	0	0
0.00185177	0	0	0
0.00185759	0	0	0
0.00186317	0	0	0
0.00186628	0	0	0
0.00187132	0	0	0
0.00187949	0	0	0
0.00188114	0	0	0
0.00188117	0	0	0
0.00188851	0	0	0
0.00189249	0	0	0
0.00189558	0	0	0
0.00189875	0	0	0
0.00190775	0	0	0
0.00191079	0	0	0
0.00191223	0	0	0
0.00191308	0	0	0
0.00191367	0	0	0
0.00191438	0	0	0
0.00191484	0	0	0
0.00192489	0	0	0
0.00192831	0	0	0
0.00192845	0	0	0
0.00193443	0	0	0
0.00194082	0	0	0
0.00194126	0	0	0
0.00194242	0	0	0
0.00194438	0	0	0
0.00194959	0	0	0
0.00195589	0	0	0
0.00195708	0	0	0
0.00196322	0	0	0
0.00196818	0	0	0
0.00197155	0	0	0
0.0019771	0	0	0
0.00198208	0	0	0
0.00198427	0	0	0
0.00198534	0	0	0
0.00198862	0	0	0
0.00199041	0	0	0
0.00199575	0	0	0
0.00199895	0	0	0
0.00200033	0	0	0
0.00200467	0	0	0
0.00200727	0	0	0
0.00200892	0	0	0
0.00202007	0	0	0
0.0020298	0	0	0
0.00203004	0	0	0
0.00203032	0	0	0
0.00203272	0	0	0
0.00204513	0	0	0
0.0020455	0	0	0
0.00205147	0	0	0
0.00205315	0	0	0
0.00205937	0	0	0
0.00207169	0	0	0
0.00208135	0	0	0
0.00208633	0	0	0
0.00209614	0	0	0
0.00210104	0	0	0
0.00210248	0	0	0
0.00210287	0	0	0
0.00210335	0	0	0
0.0021035	0	0	0
0.00210532	0	0	0
0.00212302	0	0	0
0.00212627	0	0	0
0.00213924	0	0	0
0.0021395	0	0	0
0.00214056	0	0	0
0.00214182	0	0	0
0.00216627	0	0	0
0.00216918	0	0	0
0.00217375	0	0	0
0.00217408	0	0	0
0.00217617	0	0	0
0.00218071	0	0	0
0.00218181	0	0	0
0.0021828	0	0	0
0.00218925	0	0	0
0.00219611	0	0	0
0.00219739	0	0	0
0.00219955	0	0	0
0.00220604	0	0	0
0.00220943	0	0	0
0.00223372	0	0	0
0.0022363	0	0	0
0.00224958	0	0	0
0.00225097	0	0	0
0.00225865	0	0	0
0.00226123	0	0	0
0.00227844	0	0	0
0.00228267	0	0	0
0.00228948	0	0	0
0.00229825	0	0	0
0.00230675	0	0	0
0.00230797	0	0	0
0.002308	0	0	0
0.00231375	0	0	0
0.00231644	0	0	0
0.00234397	0	0	0
0.0023482	0	0	0
0.00235524	0	0	0
0.00236421	0	0	0
0.00236461	0	0	0
0.00238988	0	0	0
0.00239064	0	0	0
0.00240035	0	0	0
0.00240244	0	0	0
0.00240645	0	0	0
0.00241425	0	0	0
0.00243487	0	0	0
0.00243501	0	0	0
0.00244565	0	0	0
0.00246002	0	0	0
0.00246853	0	0	0
0.00249453	0	0	0
0.00249501	0	0	0
0.0024951	0	0	0
0.00249608	0	0	0
0.00250092	0	0	0
0.00251756	0	0	0
0.0025193	0	0	0
0.00251982	0	0	0
0.00252096	0	0	0
0.00253208	0	0	0
0.00253725	0	0	0
0.00254393	0	0	0
0.00255211	0	0	0
0.0025578	0	0	0
0.0025585	0	0	0
0.00256186	0	0	0
0.00256476	0	0	0
0.00256756	0	0	0
0.0025828	0	0	0
0.00258491	0	0	0
0.0025874	0	0	0
0.00259454	0	0	0
0.00260873	0	0	0
0.00260877	0	0	0
0.00261134	0	0	0
0.00261267	0	0	0
0.00261275	0	0	0
0.00261915	0	0	0
0.00261921	0	0	0
0.00262337	0	0	0
0.00262703	0	0	0
0.00263246	0	0	0
0.0026479	0	0	0
0.00265179	0	0	0
0.00266129	0	0	0
0.00268115	0	0	0
0.00268542	0	0	0
0.00269328	0	0	0
0.00272224	0	0	0
0.0027294	0	0	0
0.00273425	0	0	0
0.00273499	0	0	0
0.0027381	0	0	0
0.00274623	0	0	0
0.00275919	0	0	0
0.00275976	0	0	0
0.00276184	0	0	0
0.002764	0	0	0
0.0027653	0	0	0
0.00276714	0	0	0
0.00278528	0	0	0
0.00278785	0	0	0
0.00278852	0	0	0
0.00280415	0	0	0
0.00280463	0	0	0
0.00282028	0	0	0
0.00282201	0	0	0
0.00283537	0	0	0
0.00287288	0	0	0
0.00287366	0	0	0
0.00287639	0	0	0
0.00289537	0	0	0
0.00289681	0	0	0
0.00289946	0	0	0
0.00291595	0	0	0
0.00291687	0	0	0
0.00292585	0	0	0
0.00294314	0	0	0
0.0029497	0	0	0
0.00297899	0	0	0
0.0029859	0	0	0
0.00298819	0	0	0
0.00301066	0	0	0
0.00304657	0	0	0
0.00305383	0	0	0
0.00305408	0	0	0
0.00307201	0	0	0
0.00308286	0	0	0
0.00308888	0	0	0
0.00312834	0	0	0
0.00313456	0	0	0
0.00315784	0	0	0
0.00316332	0	0	0
0.00316989	0	0	0
0.00318426	0	0	0
0.00319231	0	0	0
0.00321175	0	0	0
0.00322401	0	0	0
0.0032407	0	0	0
0.00325673	0	0	0
0.00326455	0	0	0
0.0032663	0	0	0
0.00327495	0	0	0
0.003279	0	0	0
0.00329601	0	0	0
0.00330278	0	0	0
0.00331117	0	0	0
0.00334396	0	0	0
0.00334808	0	0	0
0.00335309	0	0	0
0.00336755	0	0	0
0.00341262	0	0	0
0.00343412	0	0	0
0.00345547	0	0	0
0.00346685	0	0	0
0.00346767	0	0	0
0.00347676	0	0	0
0.00349033	0	0	0
0.0034975	0	0	0
0.0035125	0	0	0
0.0035718	0	0	0
0.00359725	0	0	0
0.00362196	0	0	0
0.00362221	0	0	0
0.0036281	0	0	0
0.00364322	0	0	0
0.00364519	0	0	0
0.00365484	0	0	0
0.00366198	0	0	0
0.00366428	0	0	0
0.00367123	0	0	0
0.00367706	0	0	0
0.00369819	0	0	0
0.00370245	0	0	0
0.00371172	0	0	0
0.00374178	0	0	0
0.00377668	0	0	0
0.00381734	0	0	0
0.00383775	0	0	0
0.00386093	0	0	0
0.00387933	0	0	0
0.00388706	0	0	0
0.00390323	0	0	0
0.00390872	0	0	0
0.00391176	0	0	0
0.00396472	0	0	0
0.00398978	0	0	0
0.00399005	0	0	0
0.00403951	0	0	0
0.00410577	0	0	0
0.0041062	0	0	0
0.0041641	0	0	0
0.0042007	0	0	0
0.00427489	0	0	0
0.00429761	0	0	0
0.00431584	0	0	0
0.00432904	0	0	0
0.00436804	0	0	0
0.00444066	0	0	0
0.00447127	0	0	0
0.00448622	0	0	0
0.0045283	0	0	0
0.00461388	0	0	0
0.00461434	0	0	0
0.00464339	0	0	0
0.00468103	0	0	0
0.00469054	0	0	0
0.00470109	0	0	0
0.00472835	0	0	0
0.00476596	0	0	0
0.00480333	0	0	0
0.00480425	0	0	0
0.00482448	0	0	0
0.00485099	0	0	0
0.00486796	0	0	0
0.00505158	0	0	0
0.00505365	0	0	0
0.00505444	0	0	0
0.00571024	0	0	0
0.00571118	0	0	0
0.00572994	0	0	0
0.00587121	0	0	0
0.00589194	0	0	0
0.00590366	0	0	0
0.00621787	0	0	0
0.00628228	0	0	0
0.00630045	0	0	0
0.00639415	0	0	0
0.0064949	0	0	0
0.00655144	0	0	0
0.00687853	0	0	0
0.00700535	0	0	0
0.00709711	0	0	0
0.00720529	0	0	0
0.00729916	0	0	0
0.00730004	0	0	0
0.00756158	0	0	0
0.00769559	0	0	0
0.00786054	0	0	0
0.0081257	0	0	0
0.00865243	0	0	0
0.00923713	0	0	0
0.00927458	0	0	0
0.0110379	0	0	0
0.0314123	0	0	0
0.0322106	0.0412541	0.0825083	0
0.0677923	0.123762	0	0
0.0680027	0.123762	0.165017	0
0.0699209	0.206271	0.0825083	0
0.0753	0.288779	0	0
0.0756098	0.288779	0	0.515464
0.0769008	0.288779	0.165017	0.515464
0.0771476	0.371287	0.0825083	0.515464
0.0921938	0.453795	0	0.515464
0.107456	0.453795	0	1.03093
0.116897	0.453795	0	1.03093
0.122534	0.453795	0	1.03093
0.124104	0.453795	0.165017	1.03093
0.124599	0.536304	0.0825083	1.03093
0.125018	0.618812	0	1.03093
0.126104	0.618812	0.165017	1.03093
0.128221	0.70132	0.0825083	1.03093
0.12933	0.783828	0	1.03093
0.129446	0.783828	0	1.03093
0.154769	0.783828	0	1.54639
0.15511	0.783828	0	2.06186
0.163746	0.783828	0	2.57732
0.173556	0.783828	0	3.09278
0.176231	0.825082	0.0825083	3.09278
0.176376	0.866337	0.165017	3.09278
0.176581	0.948845	0.0825083	3.09278
0.192598	1.03135	0	3.09278
0.19345	1.03135	0	3.09278
0.202137	1.03135	0	3.09278
0.208103	1.03135	0	3.60825
0.211275	1.03135	0.0825083	3.60825
0.234956	1.11386	0	3.60825
0.235668	1.11386	0.165017	3.60825
0.237224	1.19637	0.0825083	3.60825
0.251598	1.27888	0	3.60825
0.251672	1.27888	0.0825083	3.60825
0.296542	1.36139	0	3.60825
0.297324	1.36139	0.165017	3.60825
0.298935	1.44389	0.0825083	3.60825
0.321363	1.5264	0	3.60825
0.331006	1.5264	0	3.60825
0.331378	1.56766	0.0825083	3.60825
0.331667	1.65016	0	3.60825
0.370976	1.65016	0	3.60825
0.372517	1.65016	0.0825083	3.60825
0.382705	1.73267	0	3.60825
0.383531	1.77393	0.0825083	3.60825
0.384159	1.85644	0	3.60825
0.387363	1.85644	0	4.12371
0.388751	1.85644	0.165017	4.12371
0.391182	1.93894	0.0825083	4.12371
0.405682	2.02145	0	4.12371
0.409572	2.02145	0.0825083	4.12371
0.430272	2.10396	0	4.12371
0.430347	2.10396	0.165017	4.12371
0.431631	2.18647	0.0825083	4.12371
0.452262	2.26898	0	4.12371
0.454633	2.26898	0.0825083	4.12371
0.470761	2.35149	0	4.12371
0.474561	2.35149	0.0825083	4.12371
0.47586	2.43399	0	4.12371
0.478371	2.43399	0	4.63918
0.479558	2.43399	0.0825083	4.63918
0.497607	2.5165	0	4.63918
0.497639	2.5165	0.165017	4.63918
0.499252	2.59901	0.0825083	4.63918
0.507267	2.68152	0	4.63918
0.521286	2.68152	0	5.15464
0.525174	2.68152	0	5.6701
0.527211	2.68152	0.165017	5.6701
0.53131	2.76403	0.0825083	5.6701
0.532764	2.84653	0	5.6701
0.532819	2.88779	0.0825083	5.6701
0.532863	2.88779	0.0825083	6.18557
0.556277	2.9703	0	6.18557
0.557541	2.9703	0.0825083	6.18557
0.558012	3.05281	0	6.18557
0.55842	3.09406	0.0825083	6.18557
0.558984	3.09406	0.247525	6.18557
0.565236	3.17657	0.165017	6.18557
0.566347	3.25908	0.0825083	6.18557
0.569947	3.34158	0	6.18557
0.572724	3.38284	0.0825083	6.18557
0.582653	3.46535	0	6.18557
0.588127	3.46535	0	6.18557
0.588863	3.46535	0.0825083	6.18557
0.59374	3.54785	0	6.18557
0.59955	3.54785	0	6.70103
0.607891	3.54785	0	6.70103
0.610022	3.58911	0.0825083	6.70103
0.61033	3.58911	0.247525	6.70103
0.610792	3.58911	0.247525	7.2165
0.613082	3.67162	0.165017	7.2165
0.614071	3.75413	0.0825083	7.2165
0.616535	3.83663	0	7.2165
0.618494	3.87789	0.0825083	7.2165
0.622712	3.9604	0	7.2165
0.626473	4.00165	0.0825083	7.2165
0.654943	4.08416	0	7.2165
0.65707	4.12541	0.0825083	7.2165
0.678211	4.20792	0	7.2165
0.679552	4.24918	0.0825083	7.2165
0.682747	4.24918	0.0825083	7.2165
0.684239	4.24918	0.247525	7.2165
0.6861	4.33168	0.165017	7.2165
0.686158	4.41419	0.0825083	7.2165
0.704224	4.4967	0	7.2165
0.704886	4.53795	0.0825083	7.2165
0.730679	4.62046	0	7.2165
0.732835	4.62046	0	7.73196
0.734819	4.66172	0.0825083	7.73196
0.737538	4.74422	0	7.73196
0.737633	4.78548	0.0825083	7.73196
0.737998	4.78548	0.165017	7.73196
0.739523	4.86799	0.0825083	7.73196
0.746739	4.9505	0	7.73196
0.748431	4.99175	0.0825083	7.73196
0.757633	5.07426	0	7.73196
0.759098	5.07426	0	7.73196
0.760302	5.07426	0.165017	7.73196
0.761654	5.07426	0.165017	8.24742
0.762331	5.15677	0.0825083	8.24742
0.770368	5.23927	0	8.24742
0.770926	5.28053	0.0825083	8.24742
0.787799	5.36304	0	8.24742
0.789174	5.36304	0.165017	8.24742
0.792212	5.44554	0.0825083	8.24742
0.807628	5.52805	0	8.24742
0.808114	5.56931	0.0825083	8.24742
0.808489	5.65182	0	8.24742
0.809978	5.69307	0.0825083	8.24742
0.820059	5.77558	0	8.24742
0.822068	5.81683	0.0825083	8.24742
0.838492	5.89934	0	8.24742
0.842751	5.89934	0	8.76289
0.88231	5.89934	0	8.76289
0.883995	5.94059	0.0825083	8.76289
0.886542	5.94059	0.0825083	9.27835
0.893224	6.0231	0	9.27835
0.893357	6.0231	0.0825083	9.27835
0.904162	6.10561	0	9.27835
0.907874	6.14686	0.0825083	9.27835
0.911359	6.22937	0	9.27835
0.915624	6.22937	0	9.79381
0.915957	6.27063	0.0825083	9.79381
0.94228	6.35314	0	9.79381
0.948207	6.35314	0	9.79381
0.953089	6.39439	0.0825083	9.79381
0.968751	6.4769	0	9.79381
0.971923	6.51815	0.0825083	9.79381
0.975878	6.60066	0	9.79381
0.977968	6.64191	0.0825083	9.79381
0.978454	6.72442	0	9.79381
0.979435	6.72442	0.165017	9.79381
0.981112	6.80693	0.0825083	9.79381
0.983074	6.80693	0.165017	9.79381
0.983483	6.88944	0.0825083	9.79381
0.988089	6.97195	0	9.79381
0.990217	6.97195	0.0825083	9.79381
0.991563	7.05446	0	9.79381
0.994703	7.05446	0	10.3093
0.995317	7.05446	0.0825083	10.3093
0.997607	7.13696	0	10.3093
0.999689	7.17822	0.0825083	10.3093
1.00058	7.17822	0.247525	10.3093
1.00096	7.26073	0.165017	10.3093
1.00164	7.34323	0.0825083	10.3093
1.04196	7.42574	0	10.3093
1.04227	7.42574	0.165017	10.3093
1.04437	7.50825	0.0825083	10.3093
1.04535	7.50825	0.247525	10.3093
1.04683	7.59076	0.165017	10.3093
1.04735	7.67327	0.0825083	10.3093
1.05734	7.75578	0	10.3093
1.05899	7.75578	0.0825083	10.3093
1.06339	7.83828	0	10.3093
1.1005	7.83828	0	10.8247
1.10095	7.87954	0.0825083	10.8247
1.10539	7.96205	0	10.8247
1.10593	7.96205	0.0825083	10.8247
1.10717	8.04455	0	10.8247
1.1116	8.04455	0	10.8247
1.11362	8.04455	0.0825083	10.8247
1.13484	8.12706	0	10.8247
1.13587	8.16832	0.0825083	10.8247
1.13624	8.25082	0	10.8247
1.13628	8.29208	0.0825083	10.8247
1.13682	8.37459	0	10.8247
1.13849	8.37459	0	11.3402
1.13893	8.41584	0.0825083	11.3402
1.13928	8.49835	0	11.3402
1.18243	8.49835	0	11.8557
1.1942	8.49835	0	12.3711
1.19497	8.5396	0.0825083	12.3711
1.21319	8.62211	0	12.3711
1.21327	8.62211	0.0825083	12.3711
1.22935	8.70462	0	12.3711
1.23065	8.70462	0.165017	12.3711
1.23203	8.78713	0.0825083	12.3711
1.24249	8.86964	0	12.3711
1.25494	8.86964	0	12.8866
1.25502	8.86964	0.165017	12.8866
1.25595	8.95215	0.0825083	12.8866
1.26242	9.03465	0	12.8866
1.2696	9.03465	0	12.8866
1.27611	9.03465	0.0825083	12.8866
1.31526	9.11716	0	12.8866
1.318	9.11716	0.0825083	12.8866
1.32428	9.19967	0	12.8866
1.32453	9.19967	0.165017	12.8866
1.32491	9.28218	0.0825083	12.8866
1.32529	9.36469	0	12.8866
1.32545	9.40594	0.0825083	12.8866
1.33534	9.48845	0	12.8866
1.37828	9.48845	0	12.8866
1.37874	9.5297	0.0825083	12.8866
1.39286	9.61221	0	12.8866
1.39348	9.65347	0.0825083	12.8866
1.43757	9.73597	0	12.8866
1.43804	9.73597	0.165017	12.8866
1.43921	9.81848	0.0825083	12.8866
1.44253	9.90099	0	12.8866
1.44308	9.94224	0.0825083	12.8866
1.46694	10.0248	0	12.8866
1.47003	10.0248	0	13.4021
1.47215	10.066	0.0825083	13.4021
1.47332	10.1485	0	13.4021
1.47333	10.1485	0.0825083	13.4021
1.49254	10.231	0	13.4021
1.49344	10.2723	0.0825083	13.4021
1.49558	10.3548	0	13.4021
1.49564	10.396	0.0825083	13.4021
1.49899	10.4785	0	13.4021
1.51308	10.4785	0	13.9175
1.51587	10.4785	0	14.433
1.52005	10.5198	0.0825083	14.433
1.52529	10.6023	0	14.433
1.53388	10.6023	0	14.433
1.53577	10.6023	0.165017	14.433
1.53912	10.6848	0.0825083	14.433
1.53947	10.6848	0.0825083	14.9485
1.54115	10.7673	0	14.9485
1.5414	10.7673	0.165017	14.9485
1.54347	10.8498	0.0825083	14.9485
1.59442	10.9323	0	14.9485
1.5975	10.9736	0.0825083	14.9485
1.61861	11.0561	0	14.9485
1.61864	11.0561	0.165017	14.9485
1.61907	11.1386	0.0825083	14.9485
1.65148	11.2211	0	14.9485
1.65169	11.2624	0.0825083	14.9485
1.65195	11.3036	0.165017	14.9485
1.65287	11.3861	0.0825083	14.9485
1.65335	11.3861	0.247525	14.9485
1.65356	11.3861	0.330033	14.9485
1.6555	11.4686	0.247525	14.9485
1.65621	11.5512	0.165017	14.9485
1.66035	11.6337	0.0825083	14.9485
1.67125	11.7162	0	14.9485
1.67955	11.7162	0	15.4639
1.68294	11.7162	0	15.9794
1.68423	11.7162	0	16.4948
1.68518	11.7162	0.165017	16.4948
1.68898	11.7987	0.0825083	16.4948
1.69791	11.8812	0	16.4948
1.70304	11.9224	0.0825083	16.4948
1.70307	11.9637	0.165017	16.4948
1.70533	12.0462	0.0825083	16.4948
1.70911	12.1287	0	16.4948
1.70954	12.17	0.0825083	16.4948
1.70998	12.2525	0	16.4948
1.71192	12.2937	0.0825083	16.4948
1.71753	12.3762	0	16.4948
1.71755	12.4175	0.0825083	16.4948
1.72032	12.5	0	16.4948
1.72473	12.5413	0.0825083	16.4948
1.75358	12.6238	0	16.4948
1.75626	12.665	0.0825083	16.4948
1.75889	12.7475	0	16.4948
1.76298	12.7888	0.0825083	16.4948
1.79994	12.8713	0	16.4948
1.80153	12.9125	0.0825083	16.4948
1.81216	12.995	0	16.4948
1.81486	12.995	0.165017	16.4948
1.81632	13.0776	0.0825083	16.4948
1.84866	13.1601	0	16.4948
1.84975	13.2013	0.0825083	16.4948
1.85563	13.2838	0	16.4948
1.85646	13.2838	0.165017	16.4948
1.85786	13.3663	0.0825083	16.4948
1.88281	13.4488	0	16.4948
1.88785	13.4488	0	17.0103
1.90386	13.4488	0	17.5258
1.90389	13.4901	0.0825083	17.5258
1.91369	13.5726	0	17.5258
1.91935	13.6139	0.0825083	17.5258
1.91982	13.6964	0	17.5258
1.92063	13.6964	0.165017	17.5258
1.92081	13.6964	0.330033	17.5258
1.92101	13.7789	0.247525	17.5258
1.92144	13.8614	0.165017	17.5258
1.9231	13.9439	0.0825083	17.5258
1.92822	14.0264	0	17.5258
1.92823	14.0677	0.0825083	17.5258
1.93293	14.1502	0	17.5258
1.93378	14.1914	0.0825083	17.5258
1.944	14.2739	0	17.5258
1.94521	14.3152	0.0825083	17.5258
1.95161	14.3977	0	17.5258
1.95366	14.3977	0.0825083	17.5258
1.95977	14.4802	0	17.5258
1.96301	14.5215	0.0825083	17.5258
1.97918	14.604	0	17.5258
1.9792	14.604	0.165017	17.5258
1.98014	14.6865	0.0825083	17.5258
1.98255	14.769	0	17.5258
1.98409	14.8102	0.0825083	17.5258
1.98562	14.8927	0	17.5258
1.98748	14.934	0.0825083	17.5258
1.99868	15.0165	0	17.5258
2.00015	15.0578	0.0825083	17.5258
2.00243	15.0578	0.247525	17.5258
2.00291	15.1403	0.165017	17.5258
2.00738	15.2228	0.0825083	17.5258
2.00807	15.3053	0	17.5258
2.02232	15.3053	0	18.5567
2.02315	15.3053	0.0825083	18.5567
2.03235	15.3878	0	18.5567
2.03281	15.429	0.0825083	18.5567
2.03351	15.5116	0	18.5567
2.04324	15.5116	0.0825083	18.5567
2.05855	15.5941	0	18.5567
2.05924	15.5941	0.165017	18.5567
2.05966	15.6766	0.0825083	18.5567
2.06059	15.6766	0.247525	18.5567
2.06097	15.7591	0.165017	18.5567
2.06108	15.8416	0.0825083	18.5567
2.062	15.9241	0	18.5567
2.06226	15.9241	0.165017	18.5567
2.06257	16.0066	0.0825083	18.5567
2.09229	16.0891	0	18.5567
2.09361	16.0891	0.165017	18.5567
2.09461	16.1716	0.0825083	18.5567
2.10399	16.2541	0	18.5567
2.10446	16.2541	0.0825083	18.5567
2.14666	16.3366	0	18.5567
2.14858	16.3366	0.0825083	18.5567
2.16901	16.4191	0	18.5567
2.16916	16.4191	0.0825083	18.5567
2.17637	16.5016	0	18.5567
2.17663	16.5016	0.165017	18.5567
2.17701	16.5842	0.0825083	18.5567
2.18179	16.6667	0	18.5567
2.18389	16.7079	0.0825083	18.5567
2.20332	16.7904	0	18.5567
2.20829	16.7904	0	19.0722
2.20864	16.7904	0.165017	19.0722
2.20889	16.8729	0.0825083	19.0722
2.21275	16.9554	0	19.0722
2.23132	16.9554	0	19.5876
2.23383	16.9554	0	20.1031
2.23471	16.9554	0.0825083	20.1031
2.24368	17.038	0	20.1031
2.24879	17.0792	0.0825083	20.1031
2.26161	17.1617	0	20.1031
2.26274	17.203	0.0825083	20.1031
2.26339	17.2442	0.165017	20.1031
2.26614	17.3267	0.0825083	20.1031
2.26691	17.4092	0	20.1031
2.26703	17.4092	0	20.1031
2.27803	17.4092	0	20.1031
2.27816	17.4505	0.0825083	20.1031
2.27919	17.4505	0.247525	20.1031
2.27923	17.533	0.165017	20.1031
2.28325	17.6155	0.0825083	20.1031
2.28565	17.698	0	20.1031
2.30554	17.698	0	20.6186
2.30587	17.698	0.165017	20.6186
2.30608	17.7805	0.0825083	20.6186
2.31817	17.863	0	20.6186
2.31931	17.9043	0.0825083	20.6186
2.3201	17.9455	0.165017	20.6186
2.32408	18.0281	0.0825083	20.6186
2.33021	18.1106	0	20.6186
2.33503	18.1106	0	21.134
2.33707	18.1518	0.0825083	21.134
2.33722	18.1518	0.247525	21.134
2.33879	18.2343	0.165017	21.134
2.33881	18.2343	0.165017	21.6495
2.34231	18.3168	0.0825083	21.6495
2.34236	18.3168	0.165017	21.6495
2.34388	18.3993	0.0825083	21.6495
2.34453	18.4406	0.165017	21.6495
2.3464	18.5231	0.0825083	21.6495
2.34996	18.6056	0	21.6495
2.35031	18.6056	0.165017	21.6495
2.35217	18.6881	0.0825083	21.6495
2.3572	18.7706	0	21.6495
2.36579	18.8119	0.0825083	21.6495
2.39116	18.8944	0	21.6495
2.40112	18.8944	0	22.1649
2.40173	18.9356	0.0825083	22.1649
2.44319	19.0182	0	22.1649
2.44326	19.0182	0.0825083	22.1649
2.44402	19.1007	0	22.1649
2.44616	19.1007	0	22.1649
2.46345	19.1007	0	22.6804
2.49057	19.1007	0	23.1959
2.51878	19.1007	0	24.2268
2.52836	19.1007	0.0825083	24.2268
2.54027	19.1832	0	24.2268
2.54271	19.2244	0.0825083	24.2268
2.54352	19.2657	0.165017	24.2268
2.5478	19.3482	0.0825083	24.2268
2.55867	19.4307	0	24.2268
2.5596	19.4719	0.0825083	24.2268
2.58406	19.5545	0	24.2268
2.58461	19.5545	0.0825083	24.2268
2.58677	19.5545	0.165017	24.2268
2.58686	19.637	0.0825083	24.2268
2.59881	19.7195	0	24.2268
2.59937	19.7607	0.0825083	24.2268
2.60933	19.8432	0	24.2268
2.61177	19.8845	0.0825083	24.2268
2.61469	19.967	0	24.2268
2.62027	20.0083	0.0825083	24.2268
2.62536	20.0908	0	24.2268
2.62679	20.0908	0.165017	24.2268
2.62691	20.1733	0.0825083	24.2268
2.62965	20.2558	0	24.2268
2.63062	20.2558	0.0825083	24.2268
2.64312	20.3383	0	24.2268
2.64439	20.3383	0.165017	24.2268
2.64652	20.4208	0.0825083	24.2268
2.6607	20.5033	0	24.2268
2.66325	20.5446	0.0825083	24.2268
2.67279	20.6271	0	24.2268
2.68559	20.6271	0	25.2577
2.68796	20.6271	0	26.2887
2.6895	20.6271	0	26.8041
2.71198	20.6271	0	26.8041
2.71281	20.6683	0.0825083	26.8041
2.7231	20.7508	0	26.8041
2.72321	20.7508	0.165017	26.8041
2.72708	20.8333	0.0825083	26.8041
2.74664	20.9158	0	26.8041
2.77154	20.9158	0	27.3196
2.77292	20.9158	0.0825083	27.3196
2.77384	20.9571	0.165017	27.3196
2.80649	21.0396	0.0825083	27.3196
2.81141	21.0809	0.165017	27.3196
2.81143	21.0809	0.330033	27.3196
2.81155	21.1634	0.247525	27.3196
2.83451	21.2459	0.165017	27.3196
2.83454	21.2459	0.330033	27.3196
2.83657	21.3284	0.247525	27.3196
2.85142	21.4109	0.165017	27.3196
2.85249	21.4521	0.247525	27.3196
2.85881	21.5347	0.165017	27.3196
2.86212	21.5759	0.247525	27.3196
2.86215	21.6584	0.165017	27.3196
2.86776	21.6584	0.165017	28.3505
2.86875	21.6584	0.330033	28.3505
2.86889	21.7409	0.247525	28.3505
2.87792	21.8234	0.165017	28.3505
2.88981	21.8234	0.165017	28.866
2.88982	21.8234	0.165017	29.8969
2.88991	21.8234	0.330033	29.8969
2.89056	21.8234	0.330033	29.8969
2.89058	21.9059	0.247525	29.8969
2.9132	21.9884	0.165017	29.8969
2.91402	22.0297	0.247525	29.8969
2.96714	22.1122	0.165017	29.8969
2.96854	22.1535	0.247525	29.8969
2.98845	22.236	0.165017	29.8969
3.03056	22.236	0.165017	30.4124
3.03153	22.236	0.330033	30.4124
3.03374	22.3185	0.247525	30.4124
3.05218	22.401	0.165017	30.4124
3.07671	22.401	0.165017	30.9278
3.07766	22.4422	0.247525	30.9278
3.07828	22.4835	0.330033	30.9278
3.08104	22.566	0.247525	30.9278
3.08879	22.6485	0.165017	30.9278
3.08921	22.6485	0.330033	30.9278
3.08982	22.731	0.247525	30.9278
3.09388	22.8135	0.165017	30.9278
3.10111	22.8135	0.165017	31.4433
3.10549	22.8548	0.247525	31.4433
3.16152	22.9373	0.165017	31.4433
3.1751	22.9373	0.165017	31.9588
3.19953	23.0198	0.0825083	31.9588
3.20306	23.0198	0.247525	31.9588
3.20362	23.1023	0.165017	31.9588
3.25347	23.1848	0.0825083	31.9588
3.25804	23.1848	0.0825083	32.9897
3.26004	23.1848	0.0825083	33.5052
3.26018	23.2261	0.165017	33.5052
3.26165	23.2261	0.165017	34.5361
3.266	23.3086	0.0825083	34.5361
3.26841	23.3086	0.0825083	35.0515
3.26891	23.3498	0.165017	35.0515
3.28126	23.4323	0.0825083	35.0515
3.2816	23.4323	0.247525	35.0515
3.28338	23.5149	0.165017	35.0515
3.28385	23.5149	0.247525	35.0515
3.28518	23.5974	0.165017	35.0515
3.28741	23.5974	0.165017	35.567
3.30623	23.6799	0.0825083	35.567
3.30664	23.7211	0.165017	35.567
3.31528	23.8036	0.0825083	35.567
3.32247	23.8036	0.165017	35.567
3.32296	23.8861	0.0825083	35.567
3.32656	23.8861	0.165017	35.567
3.32993	23.9686	0.0825083	35.567
3.33628	23.9686	0.0825083	36.5979
3.3424	23.9686	0.0825083	37.1134
3.3575	23.9686	0.0825083	37.6289
3.35819	23.9686	0.165017	37.6289
3.38104	24.0512	0.0825083	37.6289
3.38303	24.0512	0.165017	37.6289
3.39123	24.1337	0.0825083	37.6289
3.39206	24.1749	0.165017	37.6289
3.4116	24.2574	0.0825083	37.6289
3.41186	24.2574	0.0825083	38.1443
3.41326	24.2987	0.165017	38.1443
3.42392	24.3812	0.0825083	38.1443
3.4244	24.3812	0.247525	38.1443
3.42778	24.4637	0.165017	38.1443
3.43385	24.5462	0.0825083	38.1443
3.44362	24.5462	0.165017	38.1443
3.44902	24.6287	0.0825083	38.1443
3.45182	24.67	0.165017	38.1443
3.47689	24.7525	0.0825083	38.1443
3.47905	24.7525	0.0825083	38.6598
3.47977	24.7937	0.165017	38.6598
3.52112	24.8762	0.0825083	38.6598
3.52192	24.9175	0.165017	38.6598
3.54639	25	0.0825083	38.6598
3.5483	25.0413	0.165017	38.6598
3.5963	25.1238	0.0825083	38.6598
3.59845	25.1238	0.247525	38.6598
3.59921	25.2063	0.165017	38.6598
3.60416	25.2888	0.0825083	38.6598
3.60916	25.2888	0.0825083	39.1753
3.61047	25.2888	0.165017	39.1753
3.63912	25.3713	0.0825083	39.1753
3.63939	25.4125	0.165017	39.1753
3.6404	25.4951	0.0825083	39.1753
3.64072	25.4951	0.247525	39.1753
3.64517	25.5776	0.165017	39.1753
3.64518	25.6188	0.247525	39.1753
3.64665	25.7013	0.165017	39.1753
3.67551	25.7838	0.0825083	39.1753
3.67781	25.8251	0.165017	39.1753
3.68607	25.9076	0.0825083	39.1753
3.70169	25.9076	0.0825083	39.6907
3.72442	25.9076	0.0825083	40.7216
3.72562	25.9488	0.165017	40.7216
3.75268	26.0314	0.0825083	40.7216
3.75336	26.0314	0.247525	40.7216
3.75369	26.1139	0.165017	40.7216
3.76124	26.1964	0.0825083	40.7216
3.7638	26.1964	0.247525	40.7216
3.76414	26.1964	0.412541	40.7216
3.76446	26.2789	0.330033	40.7216
3.76789	26.3614	0.247525	40.7216
3.77856	26.4439	0.165017	40.7216
3.78031	26.4439	0.330033	40.7216
3.7821	26.4439	0.412541	40.7216
3.78283	26.5264	0.330033	40.7216
3.78581	26.6089	0.247525	40.7216
3.81881	26.6914	0.165017	40.7216
3.83231	26.6914	0.165017	40.7216
3.83446	26.7327	0.247525	40.7216
3.83507	26.8152	0.165017	40.7216
3.83585	26.8152	0.330033	40.7216
3.83673	26.8977	0.247525	40.7216
3.86487	26.9802	0.165017	40.7216
3.86711	27.0215	0.247525	40.7216
3.86998	27.104	0.165017	40.7216
3.87225	27.1452	0.247525	40.7216
3.87635	27.2277	0.165017	40.7216
3.87778	27.269	0.247525	40.7216
3.89889	27.3515	0.165017	40.7216
3.90004	27.3927	0.247525	40.7216
3.90646	27.4752	0.165017	40.7216
3.91062	27.5165	0.247525	40.7216
3.91751	27.599	0.165017	40.7216
3.91892	27.6403	0.247525	40.7216
3.92923	27.7228	0.165017	40.7216
3.93137	27.764	0.247525	40.7216
3.95981	27.8465	0.165017	40.7216
3.96105	27.8465	0.330033	40.7216
3.96467	27.929	0.247525	40.7216
3.96901	28.0116	0.165017	40.7216
3.97187	28.0528	0.247525	40.7216
4.0081	28.1353	0.165017	40.7216
4.00883	28.1353	0.247525	40.7216
4.01137	28.2178	0.165017	40.7216
4.01164	28.2591	0.247525	40.7216
4.01165	28.3416	0.165017	40.7216
4.01493	28.3828	0.247525	40.7216
4.01588	28.4653	0.165017	40.7216
4.02318	28.5066	0.247525	40.7216
4.02377	28.5479	0.330033	40.7216
4.05144	28.6304	0.247525	40.7216
4.05167	28.6304	0.412541	40.7216
4.05236	28.7129	0.330033	40.7216
4.05975	28.7954	0.247525	40.7216
4.062	28.7954	0.412541	40.7216
4.06354	28.8779	0.330033	40.7216
4.06743	28.9604	0.247525	40.7216
4.06844	29.0016	0.330033	40.7216
4.06953	29.0842	0.247525	40.7216
4.08997	29.0842	0.247525	41.7526
4.09227	29.1254	0.330033	41.7526
4.10095	29.2079	0.247525	41.7526
4.1019	29.2492	0.330033	41.7526
4.14029	29.3317	0.247525	41.7526
4.14122	29.3729	0.330033	41.7526
4.15853	29.4554	0.247525	41.7526
4.16009	29.4554	0.330033	41.7526
4.1699	29.538	0.247525	41.7526
4.1699	29.538	0.412541	41.7526
4.17635	29.6205	0.330033	41.7526
4.19143	29.703	0.247525	41.7526
4.19244	29.703	0.412541	41.7526
4.19486	29.7855	0.330033	41.7526
4.2352	29.868	0.247525	41.7526
4.23927	29.868	0.330033	41.7526
4.24827	29.9505	0.247525	41.7526
4.26498	30.033	0.165017	41.7526
4.26772	30.0743	0.247525	41.7526
4.29032	30.1568	0.165017	41.7526
4.29289	30.1568	0.247525	41.7526
4.31324	30.2393	0.165017	41.7526
4.31622	30.2805	0.247525	41.7526
4.32027	30.363	0.165017	41.7526
4.32115	30.4043	0.247525	41.7526
4.36635	30.4868	0.165017	41.7526
4.36715	30.4868	0.247525	41.7526
4.3795	30.5693	0.165017	41.7526
4.41035	30.5693	0.165017	42.268
4.41981	30.5693	0.165017	42.7835
4.42121	30.6106	0.247525	42.7835
4.45128	30.6931	0.165017	42.7835
4.4515	30.7343	0.247525	42.7835
4.47209	30.8168	0.165017	42.7835
4.49528	30.8168	0.165017	43.299
4.49618	30.8168	0.330033	43.299
4.49774	30.8993	0.247525	43.299
4.52984	30.9818	0.165017	43.299
4.53438	31.0231	0.247525	43.299
4.54853	31.1056	0.165017	43.299
4.55222	31.1469	0.247525	43.299
4.56883	31.2294	0.165017	43.299
4.57784	31.2294	0.165017	43.8144
4.57861	31.2294	0.330033	43.8144
4.58259	31.3119	0.247525	43.8144
4.63073	31.3944	0.165017	43.8144
4.65502	31.3944	0.165017	43.8144
4.65753	31.4356	0.247525	43.8144
4.68067	31.5182	0.165017	43.8144
4.6815	31.5594	0.247525	43.8144
4.70365	31.6419	0.165017	43.8144
4.70432	31.6419	0.247525	43.8144
4.71103	31.7244	0.165017	43.8144
4.71105	31.7657	0.247525	43.8144
4.71577	31.8482	0.165017	43.8144
4.71754	31.8894	0.247525	43.8144
4.76319	31.9719	0.165017	43.8144
4.76426	31.9719	0.330033	43.8144
4.76565	32.0545	0.247525	43.8144
4.76951	32.137	0.165017	43.8144
4.77169	32.137	0.247525	43.8144
4.77326	32.1782	0.330033	43.8144
4.77466	32.1782	0.330033	44.8454
4.77742	32.2607	0.247525	44.8454
4.78226	32.3432	0.165017	44.8454
4.783	32.3432	0.330033	44.8454
4.78887	32.4257	0.247525	44.8454
4.79147	32.5083	0.165017	44.8454
4.81729	32.5083	0.165017	45.3608
4.82277	32.5083	0.165017	45.8763
4.82286	32.5495	0.247525	45.8763
4.83556	32.632	0.165017	45.8763
4.83639	32.632	0.165017	46.9072
4.8374	32.6733	0.247525	46.9072
4.84461	32.7558	0.165017	46.9072
4.84475	32.7558	0.330033	46.9072
4.84609	32.8383	0.247525	46.9072
4.8601	32.9208	0.165017	46.9072
4.86025	32.9208	0.330033	46.9072
4.86567	33.0033	0.247525	46.9072
4.88209	33.0858	0.165017	46.9072
4.92791	33.0858	0.165017	47.9381
4.92942	33.0858	0.330033	47.9381
4.93158	33.1683	0.247525	47.9381
4.9353	33.2508	0.165017	47.9381
4.93658	33.2508	0.330033	47.9381
4.93827	33.3333	0.247525	47.9381
4.9524	33.4158	0.165017	47.9381
4.95449	33.4571	0.247525	47.9381
4.97006	33.5396	0.165017	47.9381
4.99867	33.5396	0.165017	48.4536
4.99955	33.5396	0.247525	48.4536
5.0019	33.6221	0.165017	48.4536
5.00262	33.6634	0.247525	48.4536
5.00859	33.7459	0.165017	48.4536
5.01058	33.7871	0.247525	48.4536
5.08146	33.8696	0.165017	48.4536
5.08248	33.8696	0.330033	48.4536
5.08604	33.9521	0.247525	48.4536
5.14598	34.0347	0.165017	48.4536
5.14624	34.0759	0.247525	48.4536
5.14764	34.1172	0.330033	48.4536
5.14808	34.1997	0.247525	48.4536
5.14822	34.1997	0.412541	48.4536
5.14837	34.2822	0.330033	48.4536
5.15214	34.3647	0.247525	48.4536
5.15331	34.4472	0.165017	48.4536
5.15414	34.4472	0.330033	48.4536
5.15639	34.5297	0.247525	48.4536
5.17343	34.6122	0.165017	48.4536
5.18892	34.6122	0.165017	49.4845
5.18894	34.6122	0.247525	49.4845
5.19262	34.6122	0.247525	49.4845
5.2151	34.6947	0.165017	49.4845
5.21838	34.6947	0.165017	50
5.22598	34.6947	0.165017	50
5.22599	34.6947	0.330033	50
5.2273	34.7772	0.247525	50
5.24049	34.8597	0.165017	50
5.24137	34.901	0.247525	50
5.26725	34.9835	0.165017	50
5.26841	35.0248	0.247525	50
5.26882	35.0248	0.247525	50.5155
5.28113	35.1073	0.165017	50.5155
5.30049	35.1073	0.165017	51.5464
5.30157	35.1073	0.247525	51.5464
5.30426	35.1898	0.165017	51.5464
5.30544	35.1898	0.247525	51.5464
5.32915	35.2723	0.165017	51.5464
5.33186	35.3135	0.247525	51.5464
5.33227	35.396	0.165017	51.5464
5.33507	35.396	0.247525	51.5464
5.38371	35.4785	0.165017	51.5464
5.38446	35.5198	0.247525	51.5464
5.46398	35.6023	0.165017	51.5464
5.4934	35.6848	0.0825083	51.5464
5.4948	35.7261	0.165017	51.5464
5.4955	35.7673	0.247525	51.5464
5.49766	35.8498	0.165017	51.5464
5.53357	35.9323	0.0825083	51.5464
5.55724	36.0149	0	51.5464
5.55757	36.0561	0.0825083	51.5464
5.59485	36.1386	0	51.5464
5.59594	36.1386	0.0825083	51.5464
5.60016	36.1799	0.165017	51.5464
5.60213	36.2624	0.0825083	51.5464
5.63351	36.3449	0	51.5464
5.63407	36.3861	0.0825083	51.5464
5.64011	36.4686	0	51.5464
5.64029	36.4686	0.0825083	51.5464
5.67856	36.5512	0	51.5464
5.68232	36.5512	0.165017	51.5464
5.68326	36.6337	0.0825083	51.5464
5.70218	36.7162	0	51.5464
5.70338	36.7574	0.0825083	51.5464
5.72614	36.8399	0	51.5464
5.73657	36.8399	0	52.0619
5.73933	36.8399	0.0825083	52.0619
5.76966	36.9224	0	52.0619
5.7809	36.9224	0	52.5773
5.79685	36.9224	0	53.6082
5.80111	36.9637	0.0825083	53.6082
5.80954	37.0462	0	53.6082
5.83367	37.0462	0	54.6392
5.85652	37.0462	0	55.6701
5.86075	37.0875	0.0825083	55.6701
5.89187	37.17	0	55.6701
5.8919	37.2112	0.0825083	55.6701
5.90323	37.2937	0	55.6701
5.90574	37.335	0.0825083	55.6701
5.90684	37.3762	0.165017	55.6701
5.90876	37.4587	0.0825083	55.6701
5.97317	37.5413	0	55.6701
5.97345	37.5413	0.165017	55.6701
5.97373	37.6238	0.0825083	55.6701
6.00671	37.7063	0	55.6701
6.02958	37.7063	0.0825083	55.6701
6.03109	37.7475	0.165017	55.6701
6.04394	37.83	0.0825083	55.6701
6.0536	37.83	0.0825083	56.1856
6.07201	37.83	0.0825083	56.701
6.07408	37.83	0.247525	56.701
6.07419	37.9125	0.165017	56.701
6.07656	37.995	0.0825083	56.701
6.07802	38.0363	0.165017	56.701
6.07994	38.1188	0.0825083	56.701
6.08222	38.1601	0.165017	56.701
6.12763	38.2426	0.0825083	56.701
6.13092	38.2426	0.165017	56.701
6.13815	38.3251	0.0825083	56.701
6.14222	38.3663	0.165017	56.701
6.15176	38.4488	0.0825083	56.701
6.17678	38.4488	0.0825083	57.732
6.17914	38.4488	0.247525	57.732
6.17931	38.5314	0.165017	57.732
6.18888	38.6139	0.0825083	57.732
6.18928	38.6551	0.165017	57.732
6.20111	38.7376	0.0825083	57.732
6.20257	38.7376	0.0825083	58.7629
6.20645	38.7789	0.165017	58.7629
6.20994	38.8614	0.0825083	58.7629
6.33728	38.8614	0.0825083	59.7938
6.34189	38.8614	0.0825083	60.3093
6.34613	38.8614	0.165017	60.3093
6.35812	38.9439	0.0825083	60.3093
6.3661	38.9439	0.0825083	60.8247
6.36671	38.9851	0.165017	60.8247
6.38596	39.0677	0.0825083	60.8247
6.38736	39.1089	0.165017	60.8247
6.42098	39.1914	0.0825083	60.8247
6.4215	39.2327	0.165017	60.8247
6.46246	39.3152	0.0825083	60.8247
6.46258	39.3152	0.247525	60.8247
6.46321	39.3977	0.165017	60.8247
6.48073	39.4802	0.0825083	60.8247
6.48099	39.4802	0.247525	60.8247
6.4814	39.5627	0.165017	60.8247
6.53661	39.6452	0.0825083	60.8247
6.5369	39.6865	0.165017	60.8247
6.53869	39.769	0.0825083	60.8247
6.53871	39.769	0.165017	60.8247
6.5458	39.8515	0.0825083	60.8247
6.55841	39.8515	0.0825083	61.8557
6.56465	39.934	0	61.8557
6.56513	39.934	0.165017	61.8557
6.5694	40.0165	0.0825083	61.8557
6.64871	40.099	0	61.8557
6.64983	40.1403	0.0825083	61.8557
6.65647	40.2228	0	61.8557
6.65765	40.264	0.0825083	61.8557
6.67391	40.3465	0	61.8557
6.67447	40.3878	0.0825083	61.8557
6.69417	40.4703	0	61.8557
6.69724	40.5116	0.0825083	61.8557
6.70124	40.5941	0	61.8557
6.70149	40.5941	0.165017	61.8557
6.70158	40.6766	0.0825083	61.8557
6.72698	40.7591	0	61.8557
6.73057	40.8003	0.0825083	61.8557
6.73352	40.8828	0	61.8557
6.73535	40.9241	0.0825083	61.8557
6.73762	41.0066	0	61.8557
6.77929	41.0066	0	62.3711
6.78402	41.0479	0.0825083	62.3711
6.78516	41.0479	0.0825083	62.8866
6.81723	41.1304	0	62.8866
6.81728	41.1304	0.0825083	62.8866
6.87621	41.2129	0	62.8866
6.8765	41.2541	0.0825083	62.8866
6.88078	41.3366	0	62.8866
6.88273	41.3779	0.0825083	62.8866
6.89986	41.4604	0	62.8866
6.90197	41.5017	0.0825083	62.8866
6.90661	41.5842	0	62.8866
6.90911	41.5842	0.165017	62.8866
6.90918	41.6667	0.0825083	62.8866
6.93753	41.7492	0	62.8866
6.93807	41.7904	0.0825083	62.8866
6.95997	41.8729	0	62.8866
6.96084	41.9142	0.0825083	62.8866
6.9849	41.9967	0	62.8866
6.98788	41.9967	0.0825083	62.8866
7.00497	42.0792	0	62.8866
7.00665	42.0792	0.165017	62.8866
7.00945	42.1617	0.0825083	62.8866
7.03406	42.2442	0	62.8866
7.03447	42.2855	0.0825083	62.8866
7.06439	42.368	0	62.8866
7.07827	42.368	0	63.9175
7.07946	42.368	0.165017	63.9175
7.08001	42.4505	0.0825083	63.9175
7.11981	42.533	0	63.9175
7.12988	42.533	0	64.433
7.13032	42.5743	0.0825083	64.433
7.1429	42.6568	0	64.433
7.14299	42.6568	0.165017	64.433
7.14348	42.7393	0.0825083	64.433
7.16151	42.8218	0	64.433
7.16429	42.863	0.0825083	64.433
7.20669	42.9455	0	64.433
7.20697	42.9455	0.165017	64.433
7.20747	43.0281	0.0825083	64.433
7.29211	43.1106	0	64.433
7.29404	43.1518	0.0825083	64.433
7.30325	43.2343	0	64.433
7.30335	43.2756	0.0825083	64.433
7.30371	43.3581	0	64.433
7.30539	43.3581	0.0825083	64.433
7.34581	43.4406	0	64.433
7.34715	43.4818	0.0825083	64.433
7.45448	43.5644	0	64.433
7.45906	43.6056	0.0825083	64.433
7.47254	43.6881	0	64.433
7.47351	43.7294	0.0825083	64.433
7.52148	43.8119	0	64.433
7.52275	43.8531	0.0825083	64.433
7.58086	43.9356	0	64.433
7.59019	43.9356	0	64.9485
7.59047	43.9769	0.0825083	64.9485
7.59463	44.0594	0	64.9485
7.59465	44.1007	0.0825083	64.9485
7.63034	44.1832	0	64.9485
7.6307	44.1832	0.165017	64.9485
7.63137	44.2657	0.0825083	64.9485
7.6406	44.3482	0	64.9485
7.71138	44.3482	0	65.4639
7.7129	44.3894	0.0825083	65.4639
7.71469	44.4719	0	65.4639
7.71566	44.4719	0.165017	65.4639
7.71642	44.5545	0.0825083	65.4639
7.72978	44.637	0	65.4639
7.73171	44.6782	0.0825083	65.4639
7.74736	44.7607	0	65.4639
7.78586	44.7607	0	65.9794
7.80976	44.7607	0	67.0103
7.88339	44.7607	0	68.0412
7.88502	44.802	0.0825083	68.0412
7.92989	44.8845	0	68.0412
7.93069	44.9257	0.0825083	68.0412
7.93623	45.0083	0	68.0412
7.93734	45.0495	0.0825083	68.0412
8.05623	45.132	0	68.0412
8.05846	45.1733	0.0825083	68.0412
8.0595	45.2145	0.165017	68.0412
8.06194	45.297	0.0825083	68.0412
8.08252	45.3795	0	68.0412
8.14063	45.3795	0	69.0722
8.14167	45.3795	0.165017	69.0722
8.14264	45.462	0.0825083	69.0722
8.15577	45.5446	0	69.0722
8.16892	45.5446	0	70.1031
8.16937	45.5858	0.0825083	70.1031
8.1727	45.6683	0	70.1031
8.17426	45.7096	0.0825083	70.1031
8.21031	45.7921	0	70.1031
8.21106	45.7921	0.165017	70.1031
8.21119	45.8746	0.0825083	70.1031
8.21529	45.9571	0	70.1031
8.26191	45.9571	0	71.134
8.26278	45.9571	0.165017	71.134
8.26458	46.0396	0.0825083	71.134
8.26562	46.0809	0.165017	71.134
8.26682	46.1634	0.0825083	71.134
8.30453	46.2459	0	71.134
8.30619	46.2871	0.0825083	71.134
8.31393	46.3696	0	71.134
8.33863	46.3696	0	72.1649
8.33903	46.4109	0.0825083	72.1649
8.40479	46.4934	0	72.1649
8.40534	46.5347	0.0825083	72.1649
8.42413	46.6172	0	72.1649
8.42553	46.6172	0.165017	72.1649
8.42881	46.6997	0.0825083	72.1649
8.43051	46.7822	0	72.1649
8.43297	46.8234	0.0825083	72.1649
8.43788	46.9059	0	72.1649
8.44984	46.9059	0	73.1959
8.45067	46.9059	0.0825083	73.1959
8.47207	46.9884	0	73.1959
8.47247	46.9884	0.0825083	73.1959
8.48556	47.071	0	73.1959
8.49074	47.071	0	74.2268
8.49753	47.1122	0.0825083	74.2268
8.50425	47.1947	0	74.2268
8.50654	47.1947	0.0825083	74.2268
8.56787	47.2772	0	74.2268
8.56822	47.2772	0.165017	74.2268
8.56891	47.3597	0.0825083	74.2268
8.58288	47.4422	0	74.2268
8.58418	47.4835	0.0825083	74.2268
8.63272	47.566	0	74.2268
8.64093	47.6073	0.0825083	74.2268
8.64209	47.6073	0.247525	74.2268
8.64339	47.6898	0.165017	74.2268
8.64897	47.7723	0.0825083	74.2268
8.6652	47.8548	0	74.2268
8.67057	47.8548	0.165017	74.2268
8.6874	47.9373	0.0825083	74.2268
8.69363	47.9785	0.165017	74.2268
8.74862	48.0611	0.0825083	74.2268
8.7497	48.0611	0.165017	74.2268
8.79353	48.1436	0.0825083	74.2268
8.79405	48.1436	0.247525	74.2268
8.7942	48.2261	0.165017	74.2268
8.8039	48.3086	0.0825083	74.2268
8.8046	48.3086	0.165017	74.2268
8.80983	48.3911	0.0825083	74.2268
8.81268	48.4323	0.165017	74.2268
8.90207	48.5149	0.0825083	74.2268
8.90308	48.5561	0.165017	74.2268
8.9039	48.6386	0.0825083	74.2268
8.90406	48.6386	0.247525	74.2268
8.90482	48.7211	0.165017	74.2268
8.92268	48.8036	0.0825083	74.2268
8.92381	48.8449	0.165017	74.2268
8.95681	48.9274	0.0825083	74.2268
8.95913	48.9274	0.247525	74.2268
8.96019	49.0099	0.165017	74.2268
9.00374	49.0924	0.0825083	74.2268
9.00617	49.1337	0.165017	74.2268
9.01843	49.2162	0.0825083	74.2268
9.02647	49.2574	0.165017	74.2268
9.02699	49.2987	0.247525	74.2268
9.0278	49.3812	0.165017	74.2268
9.03866	49.4637	0.0825083	74.2268
9.03924	49.4637	0.247525	74.2268
9.03972	49.5462	0.165017	74.2268
9.04404	49.6287	0.0825083	74.2268
9.0453	49.67	0.165017	74.2268
9.07319	49.7525	0.0825083	74.2268
9.0759	49.7525	0.247525	74.2268
9.08064	49.835	0.165017	74.2268
9.08258	49.9175	0.0825083	74.2268
9.08818	49.9587	0.165017	74.2268
9.14471	50.0413	0.0825083	74.2268
9.1457	50.0825	0.165017	74.2268
9.20223	50.165	0.0825083	74.2268
9.21647	50.165	0.0825083	74.7423
9.21729	50.165	0.247525	74.7423
9.21824	50.2475	0.165017	74.7423
9.22881	50.33	0.0825083	74.7423
9.27901	50.33	0.0825083	75.2577
9.27954	50.33	0.247525	75.2577
9.28018	50.4125	0.165017	75.2577
9.28029	50.495	0.0825083	75.2577
9.28523	50.495	0.0825083	76.2887
9.28637	50.5363	0.165017	76.2887
9.32909	50.6188	0.0825083	76.2887
9.32961	50.6601	0.165017	76.2887
9.39275	50.7426	0.0825083	76.2887
9.39459	50.7838	0.165017	76.2887
9.41046	50.8663	0.0825083	76.2887
9.4109	50.9076	0.165017	76.2887
9.41184	50.9901	0.0825083	76.2887
9.41296	51.0314	0.165017	76.2887
9.44467	51.1139	0.0825083	76.2887
9.44988	51.1139	0.165017	76.2887
9.50657	51.1964	0.0825083	76.2887
9.5067	51.2376	0.165017	76.2887
9.51604	51.3201	0.0825083	76.2887
9.52534	51.3614	0.165017	76.2887
9.53753	51.4439	0.0825083	76.2887
9.60553	51.4439	0.0825083	77.3196
9.60751	51.4851	0.165017	77.3196
9.7061	51.5677	0.0825083	77.3196
9.70814	51.5677	0.165017	77.3196
9.72092	51.6502	0.0825083	77.3196
9.7213	51.6914	0.165017	77.3196
9.7391	51.7739	0.0825083	77.3196
9.73981	51.7739	0.247525	77.3196
9.74017	51.8564	0.165017	77.3196
9.78162	51.9389	0.0825083	77.3196
9.78464	51.9389	0.247525	77.3196
9.78493	52.0215	0.165017	77.3196
9.83927	52.104	0.0825083	77.3196
9.83963	52.104	0.247525	77.3196
9.84145	52.1865	0.165017	77.3196
9.85947	52.269	0.0825083	77.3196
9.85951	52.269	0.247525	77.3196
9.85994	52.3515	0.165017	77.3196
9.89345	52.434	0.0825083	77.3196
9.89393	52.434	0.247525	77.3196
9.89488	52.5165	0.165017	77.3196
9.9099	52.599	0.0825083	77.3196
9.90998	52.6403	0.165017	77.3196
9.93513	52.7228	0.0825083	77.3196
9.93565	52.764	0.165017	77.3196
9.95291	52.8465	0.0825083	77.3196
9.98516	52.8465	0.0825083	77.3196
9.9858	52.8465	0.247525	77.3196
9.98615	52.929	0.165017	77.3196
10.0353	53.0116	0.0825083	77.3196
10.0379	53.0528	0.165017	77.3196
10.0444	53.1353	0.0825083	77.3196
10.0445	53.1353	0.165017	77.3196
10.046	53.2178	0.0825083	77.3196
10.0461	53.2591	0.165017	77.3196
10.0548	53.3416	0.0825083	77.3196
10.0548	53.3828	0.165017	77.3196
10.0624	53.4653	0.0825083	77.3196
10.0656	53.5066	0.165017	77.3196
10.2081	53.5891	0.0825083	77.3196
10.2093	53.5891	0.247525	77.3196
10.2107	53.6716	0.165017	77.3196
10.2969	53.7541	0.0825083	77.3196
10.2971	53.7541	0.247525	77.3196
10.298	53.8366	0.165017	77.3196
10.3526	53.9191	0.0825083	77.3196
10.3531	53.9604	0.165017	77.3196
10.4324	54.0429	0.0825083	77.3196
10.435	54.0842	0.165017	77.3196
10.446	54.1667	0.0825083	77.3196
10.4466	54.2079	0.165017	77.3196
10.4504	54.2904	0.0825083	77.3196
10.5531	54.3729	0	77.3196
10.5558	54.4142	0.0825083	77.3196
10.5559	54.4142	0.247525	77.3196
10.5569	54.4967	0.165017	77.3196
10.5611	54.5792	0.0825083	77.3196
10.5757	54.6617	0	77.3196
10.5764	54.703	0.0825083	77.3196
10.5994	54.7855	0	77.3196
10.63	54.7855	0	77.8351
10.6318	54.8267	0.0825083	77.8351
10.6388	54.9092	0	77.8351
10.6392	54.9505	0.0825083	77.8351
10.6406	55.033	0	77.8351
10.6406	55.033	0.165017	77.8351
10.6514	55.1155	0.0825083	77.8351
10.6515	55.1568	0.165017	77.8351
10.6518	55.2393	0.0825083	77.8351
10.7038	55.3218	0	77.8351
10.7048	55.3218	0.0825083	77.8351
10.7083	55.4043	0	77.8351
10.7084	55.4043	0.165017	77.8351
10.7097	55.4868	0.0825083	77.8351
10.8276	55.5693	0	77.8351
10.8285	55.5693	0.0825083	77.8351
10.8317	55.6518	0	77.8351
10.8318	55.6931	0.0825083	77.8351
10.8481	55.7756	0	77.8351
10.8615	55.7756	0	78.866
10.8628	55.8168	0.0825083	78.866
10.8764	55.8993	0	78.866
10.879	55.8993	0.165017	78.866
10.8793	55.9818	0.0825083	78.866
10.8954	56.0644	0	78.866
10.8958	56.1056	0.0825083	78.866
10.9306	56.1881	0	78.866
10.9308	56.2294	0.0825083	78.866
10.9444	56.3119	0	78.866
10.9451	56.3119	0.165017	78.866
10.9468	56.3944	0.0825083	78.866
10.9634	56.4769	0	78.866
10.9666	56.5182	0.0825083	78.866
11.0168	56.6007	0	78.866
11.0169	56.6007	0.165017	78.866
11.0263	56.6832	0.0825083	78.866
11.1399	56.7657	0	78.866
11.1407	56.8069	0.0825083	78.866
11.1562	56.8894	0	78.866
11.157	56.9307	0.0825083	78.866
11.1876	57.0132	0	78.866
11.1887	57.0132	0.0825083	78.866
11.2257	57.0957	0	78.866
11.2259	57.137	0.0825083	78.866
11.2282	57.2195	0	78.866
11.2313	57.2195	0.0825083	78.866
11.2675	57.302	0	78.866
11.2699	57.302	0.165017	78.866
11.2702	57.3845	0.0825083	78.866
11.2925	57.467	0	78.866
11.2927	57.467	0.0825083	78.866
11.2964	57.5495	0	78.866
11.2967	57.5495	0.0825083	78.866
11.2978	57.632	0	78.866
11.2982	57.632	0.165017	78.866
11.3	57.7145	0.0825083	78.866
11.336	57.797	0	78.866
11.3361	57.797	0.165017	78.866
11.337	57.8795	0.0825083	78.866
11.3627	57.962	0	78.866
11.5292	57.962	0	79.8969
11.5299	57.962	0.0825083	79.8969
11.5372	58.0446	0	79.8969
11.5388	58.0858	0.0825083	79.8969
11.5803	58.1683	0	79.8969
11.5804	58.2096	0.0825083	79.8969
11.6224	58.2921	0	79.8969
11.6244	58.3333	0.0825083	79.8969
11.6477	58.4158	0	79.8969
11.6491	58.4571	0.0825083	79.8969
11.7409	58.5396	0	79.8969
11.7469	58.5396	0.165017	79.8969
11.7484	58.5396	0.165017	80.4124
11.7761	58.6221	0.0825083	80.4124
11.7765	58.6221	0.247525	80.4124
11.7793	58.7046	0.165017	80.4124
11.8246	58.7871	0.0825083	80.4124
11.8256	58.7871	0.247525	80.4124
11.8259	58.8696	0.165017	80.4124
11.8916	58.9521	0.0825083	80.4124
11.9098	58.9521	0.0825083	80.9278
11.9127	58.9521	0.165017	80.9278
11.9162	59.0347	0.0825083	80.9278
11.9182	59.0759	0.165017	80.9278
11.9783	59.1584	0.0825083	80.9278
11.98	59.1997	0.165017	80.9278
11.9987	59.2822	0.0825083	80.9278
12.003	59.2822	0.0825083	81.9588
12.0032	59.3234	0.165017	81.9588
12.015	59.4059	0.0825083	81.9588
12.0164	59.4472	0.165017	81.9588
12.036	59.5297	0.0825083	81.9588
12.0366	59.5297	0.247525	81.9588
12.038	59.6122	0.165017	81.9588
12.0446	59.6947	0.0825083	81.9588
12.0478	59.6947	0.247525	81.9588
12.1386	59.7772	0.165017	81.9588
12.1455	59.8185	0.247525	81.9588
12.1661	59.901	0.165017	81.9588
12.1671	59.9422	0.247525	81.9588
12.1888	60.0248	0.165017	81.9588
12.1909	60.0248	0.330033	81.9588
12.1915	60.1073	0.247525	81.9588
12.248	60.1898	0.165017	81.9588
12.2507	60.1898	0.247525	81.9588
12.28	60.2723	0.165017	81.9588
12.2813	60.3135	0.247525	81.9588
12.3387	60.396	0.165017	81.9588
12.3388	60.396	0.330033	81.9588
12.3393	60.4785	0.247525	81.9588
12.4226	60.5611	0.165017	81.9588
12.4241	60.6023	0.247525	81.9588
12.4282	60.6848	0.165017	81.9588
12.4286	60.7261	0.247525	81.9588
12.5305	60.8086	0.165017	81.9588
12.5316	60.8086	0.247525	81.9588
12.6723	60.8911	0.165017	81.9588
12.6738	60.8911	0.247525	81.9588
12.6937	60.9736	0.165017	81.9588
12.7018	61.0561	0.0825083	81.9588
12.7026	61.0561	0.247525	81.9588
12.7027	61.1386	0.165017	81.9588
12.7032	61.1799	0.247525	81.9588
12.7067	61.2624	0.165017	81.9588
12.7718	61.3449	0.0825083	81.9588
12.7727	61.3861	0.165017	81.9588
12.8583	61.4686	0.0825083	81.9588
12.8585	61.4686	0.247525	81.9588
12.8602	61.5512	0.165017	81.9588
12.9233	61.6337	0.0825083	81.9588
12.9248	61.6749	0.165017	81.9588
12.9282	61.7574	0.0825083	81.9588
12.9293	61.7574	0.165017	81.9588
12.9384	61.8399	0.0825083	81.9588
12.943	61.8812	0.165017	81.9588
12.9591	61.9637	0.0825083	81.9588
12.9616	62.005	0.165017	81.9588
12.9658	62.0875	0.0825083	81.9588
12.9663	62.0875	0.165017	81.9588
13.0169	62.17	0.0825083	81.9588
13.0177	62.2112	0.165017	81.9588
13.1184	62.2937	0.0825083	81.9588
13.1222	62.335	0.165017	81.9588
13.144	62.4175	0.0825083	81.9588
13.1484	62.4587	0.165017	81.9588
13.2461	62.5413	0.0825083	81.9588
13.2462	62.5413	0.165017	81.9588
13.2903	62.6238	0.0825083	81.9588
13.2911	62.665	0.165017	81.9588
13.3035	62.7475	0.0825083	81.9588
13.3038	62.7888	0.165017	81.9588
13.3289	62.8713	0.0825083	81.9588
13.3294	62.8713	0.247525	81.9588
13.3304	62.9538	0.165017	81.9588
13.3543	63.0363	0.0825083	81.9588
13.3603	63.0363	0.165017	81.9588
13.3749	63.1188	0.0825083	81.9588
13.3754	63.1601	0.165017	81.9588
13.4234	63.2426	0.0825083	81.9588
13.4256	63.2838	0.165017	81.9588
13.4259	63.3251	0.247525	81.9588
13.4294	63.4076	0.165017	81.9588
13.4452	63.4901	0.0825083	81.9588
13.4456	63.5314	0.165017	81.9588
13.5947	63.6139	0.0825083	81.9588
13.5955	63.6139	0.165017	81.9588
13.598	63.6964	0.0825083	81.9588
13.5986	63.7376	0.165017	81.9588
13.6083	63.8201	0.0825083	81.9588
13.6113	63.8614	0.165017	81.9588
13.6188	63.9439	0.0825083	81.9588
13.6188	63.9851	0.165017	81.9588
13.6486	64.0677	0.0825083	81.9588
13.6499	64.1089	0.165017	81.9588
13.6909	64.1914	0.0825083	81.9588
13.6943	64.2327	0.165017	81.9588
13.7016	64.3152	0.0825083	81.9588
13.7032	64.3152	0.247525	81.9588
13.704	64.3977	0.165017	81.9588
13.7906	64.4802	0.0825083	81.9588
13.7918	64.5215	0.165017	81.9588
13.8101	64.604	0.0825083	81.9588
13.8115	64.604	0.247525	81.9588
13.8126	64.6865	0.165017	81.9588
13.9648	64.769	0.0825083	81.9588
13.9751	64.769	0.0825083	82.4742
13.9755	64.8102	0.165017	82.4742
13.9809	64.8927	0.0825083	82.4742
13.9823	64.934	0.165017	82.4742
14.0033	65.0165	0.0825083	82.4742
14.0041	65.0578	0.165017	82.4742
14.0272	65.1403	0.0825083	82.4742
14.0293	65.1815	0.165017	82.4742
14.0442	65.264	0.0825083	82.4742
14.0445	65.3053	0.165017	82.4742
14.1452	65.3878	0.0825083	82.4742
14.146	65.429	0.165017	82.4742
14.1568	65.5116	0.0825083	82.4742
14.1576	65.5528	0.165017	82.4742
14.2128	65.6353	0.0825083	82.4742
14.2133	65.6353	0.165017	82.4742
14.2713	65.7178	0.0825083	82.4742
14.2729	65.7591	0.165017	82.4742
14.2735	65.7591	0.247525	82.4742
14.2744	65.8416	0.165017	82.4742
14.3594	65.9241	0.0825083	82.4742
14.3675	65.9241	0.0825083	83.5052
14.3681	65.9241	0.165017	83.5052
14.3817	66.0066	0.0825083	83.5052
14.3831	66.0479	0.165017	83.5052
14.4219	66.1304	0.0825083	83.5052
14.4224	66.1716	0.165017	83.5052
14.5157	66.2541	0.0825083	83.5052
14.5181	66.2954	0.165017	83.5052
14.5184	66.3779	0.0825083	83.5052
14.5341	66.3779	0.0825083	84.5361
14.5351	66.4191	0.165017	84.5361
14.5392	66.5016	0.0825083	84.5361
14.5417	66.5016	0.165017	84.5361
14.6804	66.5842	0.0825083	84.5361
14.6831	66.6254	0.165017	84.5361
14.7728	66.7079	0.0825083	84.5361
14.7732	66.7079	0.165017	84.5361
14.7823	66.7904	0.0825083	84.5361
14.7831	66.7904	0.247525	84.5361
14.7861	66.8729	0.165017	84.5361
14.7974	66.9554	0.0825083	84.5361
14.7993	66.9967	0.165017	84.5361
14.8326	67.0792	0.0825083	84.5361
14.8355	67.0792	0.247525	84.5361
14.8362	67.1617	0.165017	84.5361
14.8402	67.2442	0.0825083	84.5361
14.8418	67.2442	0.247525	84.5361
14.845	67.3267	0.165017	84.5361
14.874	67.4092	0.0825083	84.5361
14.8767	67.4505	0.165017	84.5361
14.9073	67.533	0.0825083	84.5361
14.9075	67.5743	0.165017	84.5361
14.9413	67.6568	0.0825083	84.5361
14.9449	67.6568	0.247525	84.5361
14.9889	67.7393	0.165017	84.5361
14.9907	67.7393	0.247525	84.5361
15.0427	67.8218	0.165017	84.5361
15.0443	67.8218	0.247525	84.5361
15.0733	67.9043	0.165017	84.5361
15.0739	67.9043	0.330033	84.5361
15.0772	67.9868	0.247525	84.5361
15.3114	68.0693	0.165017	84.5361
15.3124	68.1106	0.247525	84.5361
15.3241	68.1931	0.165017	84.5361
15.3245	68.2343	0.247525	84.5361
15.3264	68.3168	0.165017	84.5361
15.327	68.3581	0.247525	84.5361
15.4891	68.4406	0.165017	84.5361
15.4894	68.4406	0.330033	84.5361
15.4894	68.5231	0.247525	84.5361
15.6588	68.6056	0.165017	84.5361
15.6607	68.6056	0.330033	84.5361
15.6615	68.6881	0.247525	84.5361
15.6971	68.7706	0.165017	84.5361
15.6981	68.8119	0.247525	84.5361
15.7189	68.8944	0.165017	84.5361
15.7193	68.9356	0.247525	84.5361
15.7212	69.0182	0.165017	84.5361
15.7235	69.0182	0.247525	84.5361
15.8078	69.1007	0.165017	84.5361
15.8085	69.1007	0.330033	84.5361
15.8229	69.1832	0.247525	84.5361
15.8244	69.1832	0.412541	84.5361
15.8252	69.2657	0.330033	84.5361
16.0575	69.3482	0.247525	84.5361
16.159	69.3482	0.247525	85.567
16.1595	69.3482	0.412541	85.567
16.1595	69.4307	0.330033	85.567
16.1905	69.5132	0.247525	85.567
16.1907	69.5545	0.330033	85.567
16.1982	69.637	0.247525	85.567
16.1985	69.637	0.412541	85.567
16.207	69.7195	0.330033	85.567
16.2608	69.802	0.247525	85.567
16.2621	69.8432	0.330033	85.567
16.3189	69.9257	0.247525	85.567
16.3214	69.967	0.330033	85.567
16.3466	70.0495	0.247525	85.567
16.3472	70.0908	0.330033	85.567
16.3879	70.1733	0.247525	85.567
16.3905	70.2145	0.330033	85.567
16.4653	70.297	0.247525	85.567
16.4841	70.3795	0.165017	85.567
16.4894	70.3795	0.247525	85.567
16.5871	70.462	0.165017	85.567
16.5887	70.5033	0.247525	85.567
16.6101	70.5858	0.165017	85.567
16.6127	70.6271	0.247525	85.567
16.63	70.7096	0.165017	85.567
16.6341	70.7096	0.247525	85.567
16.6749	70.7921	0.165017	85.567
16.6753	70.8333	0.247525	85.567
16.7074	70.9158	0.165017	85.567
16.7078	70.9571	0.247525	85.567
16.7116	71.0396	0.165017	85.567
16.7126	71.0396	0.247525	85.567
16.7358	71.1221	0.165017	85.567
16.7372	71.2046	0.0825083	85.567
16.7448	71.2459	0.165017	85.567
16.8616	71.3284	0.0825083	85.567
16.863	71.3696	0.165017	85.567
16.869	71.4521	0.0825083	85.567
16.8702	71.4521	0.165017	85.567
17.0212	71.5347	0.0825083	85.567
17.0218	71.5759	0.165017	85.567
17.0495	71.6584	0.0825083	85.567
17.082	71.6584	0.0825083	86.5979
17.0842	71.6997	0.165017	86.5979
17.1198	71.7822	0.0825083	86.5979
17.1223	71.7822	0.165017	86.5979
17.2396	71.8647	0.0825083	86.5979
17.2397	71.9059	0.165017	86.5979
17.2939	71.9884	0.0825083	86.5979
17.2985	72.0297	0.165017	86.5979
17.3187	72.1122	0.0825083	86.5979
17.3194	72.1535	0.165017	86.5979
17.3211	72.236	0.0825083	86.5979
17.3661	72.236	0.0825083	87.6289
17.3686	72.2772	0.165017	87.6289
17.4326	72.3597	0.0825083	87.6289
17.4456	72.4422	0	87.6289
17.4489	72.4835	0.0825083	87.6289
17.6931	72.566	0	87.6289
17.6947	72.6073	0.0825083	87.6289
17.7328	72.6898	0	87.6289
17.7366	72.731	0.0825083	87.6289
17.7401	72.8135	0	87.6289
17.7406	72.8135	0.0825083	87.6289
17.7955	72.896	0	87.6289
17.7959	72.9373	0.0825083	87.6289
17.8198	73.0198	0	87.6289
17.8213	73.0198	0.0825083	87.6289
17.8462	73.1023	0	87.6289
17.8546	73.1436	0.0825083	87.6289
18.0873	73.2261	0	87.6289
18.0879	73.2261	0.165017	87.6289
18.0893	73.3086	0.0825083	87.6289
18.1834	73.3911	0	87.6289
18.1886	73.3911	0.0825083	87.6289
18.2188	73.4736	0	87.6289
18.2189	73.4736	0.165017	87.6289
18.2196	73.5561	0.0825083	87.6289
18.2557	73.6386	0	87.6289
18.2561	73.6799	0.0825083	87.6289
18.3482	73.7624	0	87.6289
18.3496	73.8036	0.0825083	87.6289
18.4012	73.8861	0	87.6289
18.4029	73.9274	0.0825083	87.6289
18.4595	74.0099	0	87.6289
18.4613	74.0512	0.0825083	87.6289
18.6668	74.1337	0	87.6289
18.6678	74.1749	0.0825083	87.6289
18.7003	74.2574	0	87.6289
19.0154	74.2574	0	88.1443
19.0165	74.2987	0.0825083	88.1443
19.0252	74.3812	0	88.1443
19.031	74.4224	0.0825083	88.1443
19.0732	74.505	0	88.1443
19.074	74.505	0.0825083	88.1443
19.3441	74.5875	0	88.1443
19.3453	74.6287	0.0825083	88.1443
19.3701	74.7112	0	88.1443
19.3734	74.7112	0.0825083	88.1443
19.4373	74.7937	0	88.1443
19.5392	74.7937	0	89.1753
19.5399	74.7937	0.165017	89.1753
19.5406	74.8762	0.0825083	89.1753
19.6216	74.9587	0	89.1753
19.6225	74.9587	0.0825083	89.1753
19.6572	75.0413	0	89.1753
19.6588	75.0825	0.0825083	89.1753
19.7341	75.165	0	89.1753
19.7344	75.2063	0.0825083	89.1753
19.8322	75.2888	0	89.1753
19.8371	75.33	0.0825083	89.1753
19.8904	75.4125	0	89.1753
19.8957	75.4538	0.0825083	89.1753
19.9678	75.5363	0	89.1753
19.975	75.5776	0.0825083	89.1753
20.0066	75.6601	0	89.1753
20.0076	75.6601	0.0825083	89.1753
20.1122	75.7426	0	89.1753
20.1161	75.7426	0.0825083	89.1753
20.1244	75.8251	0	89.1753
20.1248	75.8251	0.165017	89.1753
20.1253	75.9076	0.0825083	89.1753
20.2013	75.9901	0	89.1753
20.2028	75.9901	0.0825083	89.1753
20.2385	76.0726	0	89.1753
20.2419	76.1139	0.0825083	89.1753
20.5021	76.1964	0	89.1753
20.5082	76.1964	0.0825083	89.1753
20.6432	76.2789	0	89.1753
20.6454	76.3201	0.0825083	89.1753
20.6552	76.4026	0	89.1753
20.6578	76.4439	0.0825083	89.1753
20.7829	76.5264	0	89.1753
20.7842	76.5264	0.0825083	89.1753
21.0309	76.6089	0	89.1753
21.0309	76.6089	0.165017	89.1753
21.0341	76.6914	0.0825083	89.1753
21.2216	76.7739	0	89.1753
21.2254	76.8152	0.0825083	89.1753
21.2823	76.8977	0	89.1753
21.2825	76.9389	0.0825083	89.1753
21.3484	77.0215	0	89.1753
21.3529	77.0215	0.0825083	89.1753
21.4613	77.104	0	89.1753
21.4624	77.1452	0.0825083	89.1753
21.6926	77.2277	0	89.1753
21.696	77.269	0.0825083	89.1753
21.9457	77.3515	0	89.1753
21.9483	77.3927	0.0825083	89.1753
21.9532	77.4753	0	89.1753
21.957	77.5165	0.0825083	89.1753
22.0731	77.599	0	89.1753
22.0739	77.6403	0.0825083	89.1753
22.1156	77.7228	0	89.1753
22.1158	77.7228	0.165017	89.1753
22.1205	77.8053	0.0825083	89.1753
22.202	77.8878	0	89.1753
22.2028	77.929	0.0825083	89.1753
22.2042	78.0116	0	89.1753
22.2044	78.0116	0.165017	89.1753
22.2084	78.0941	0.0825083	89.1753
22.2294	78.1766	0	89.1753
22.2313	78.1766	0.0825083	89.1753
22.2315	78.2591	0	89.1753
22.2318	78.2591	0.165017	89.1753
22.2327	78.3416	0.0825083	89.1753
22.2355	78.4241	0	89.1753
22.2395	78.4653	0.0825083	89.1753
22.278	78.5479	0	89.1753
22.2843	78.5479	0.0825083	89.1753
22.5816	78.6304	0	89.1753
22.5823	78.6716	0.0825083	89.1753
22.6383	78.7541	0	89.1753
22.6386	78.7541	0.165017	89.1753
22.6395	78.8366	0.0825083	89.1753
22.7407	78.9191	0	89.1753
22.7424	78.9604	0.0825083	89.1753
22.7765	79.0429	0	89.1753
22.7786	79.0842	0.0825083	89.1753
22.8413	79.1667	0	89.1753
22.8418	79.2079	0.0825083	89.1753
22.8787	79.2904	0	89.1753
22.884	79.3317	0.0825083	89.1753
22.8867	79.4142	0	89.1753
22.8872	79.4554	0.0825083	89.1753
22.8937	79.538	0	89.1753
22.894	79.5792	0.0825083	89.1753
22.9139	79.6617	0	89.1753
22.9141	79.703	0.0825083	89.1753
22.9868	79.7855	0	89.1753
22.9883	79.8267	0.0825083	89.1753
22.9945	79.9092	0	89.1753
22.9964	79.9505	0.0825083	89.1753
23.0458	80.033	0	89.1753
23.0479	80.0743	0.0825083	89.1753
23.0728	80.1568	0	89.1753
23.0731	80.198	0.0825083	89.1753
23.1222	80.2805	0	89.1753
23.1232	80.3218	0.0825083	89.1753
23.1577	80.4043	0	89.1753
23.1582	80.4455	0.0825083	89.1753
23.2641	80.5281	0	89.1753
23.2642	80.5693	0.0825083	89.1753
23.3116	80.6518	0	89.1753
23.3119	80.6931	0.0825083	89.1753
23.3587	80.7756	0	89.1753
23.3589	80.7756	0.165017	89.1753
23.3591	80.8581	0.0825083	89.1753
23.609	80.9406	0	89.1753
23.6093	80.9406	0.165017	89.1753
23.6137	81.0231	0.0825083	89.1753
23.7024	81.1056	0	89.1753
23.7067	81.1056	0.0825083	89.1753
23.7224	81.1881	0	89.1753
23.7234	81.2294	0.0825083	89.1753
23.7761	81.3119	0	89.1753
23.778	81.3531	0.0825083	89.1753
24.1698	81.4356	0	89.1753
24.1701	81.4769	0.0825083	89.1753
24.2649	81.5594	0	89.1753
24.2673	81.6007	0.0825083	89.1753
24.382	81.6832	0	89.1753
24.3828	81.6832	0.165017	89.1753
24.3828	81.7657	0.0825083	89.1753
24.5463	81.8482	0	89.1753
24.5463	81.8482	0.165017	89.1753
24.548	81.9307	0.0825083	89.1753
24.5525	82.0132	0	89.1753
24.5562	82.0132	0.0825083	89.1753
24.7983	82.0957	0	89.1753
24.8019	82.137	0.0825083	89.1753
24.8632	82.2195	0	89.1753
24.8682	82.2607	0.0825083	89.1753
24.9056	82.3432	0	89.1753
24.9072	82.3845	0.0825083	89.1753
24.9436	82.467	0	89.1753
24.9464	82.5082	0.0825083	89.1753
24.9646	82.5908	0	89.1753
24.9652	82.5908	0.165017	89.1753
24.9653	82.6733	0.0825083	89.1753
24.9871	82.7558	0	89.1753
24.9905	82.797	0.0825083	89.1753
25.0156	82.8795	0	89.1753
25.0169	82.9208	0.0825083	89.1753
25.0587	83.0033	0	89.1753
25.0628	83.0033	0.0825083	89.1753
25.1	83.0858	0	89.1753
25.1037	83.1271	0.0825083	89.1753
25.1382	83.2096	0	89.1753
25.1386	83.2096	0.0825083	89.1753
25.1614	83.2921	0	89.1753
25.1624	83.2921	0.165017	89.1753
25.1644	83.3746	0.0825083	89.1753
25.2281	83.4571	0	89.1753
25.2304	83.4571	0.0825083	89.1753
25.4507	83.5396	0	89.1753
25.4509	83.5809	0.0825083	89.1753
25.4875	83.6634	0	89.1753
25.4881	83.6634	0.165017	89.1753
25.489	83.7459	0.0825083	89.1753
25.5125	83.8284	0	89.1753
25.5154	83.8696	0.0825083	89.1753
25.9779	83.9521	0	89.1753
25.9802	83.9934	0.0825083	89.1753
26.1217	84.0759	0	89.1753
26.1217	84.0759	0.165017	89.1753
26.1276	84.1584	0.0825083	89.1753
26.2533	84.2409	0	89.1753
26.2578	84.2822	0.0825083	89.1753
26.2626	84.3647	0	89.1753
26.2642	84.3647	0.0825083	89.1753
26.3202	84.4472	0	89.1753
26.3252	84.4472	0.0825083	89.1753
26.3938	84.5297	0	89.1753
26.3961	84.571	0.0825083	89.1753
26.4225	84.6535	0	89.1753
26.4233	84.6947	0.0825083	89.1753
26.434	84.7772	0	89.1753
26.4351	84.7772	0.165017	89.1753
26.4358	84.8597	0.0825083	89.1753
26.6039	84.9422	0	89.1753
26.6043	84.9422	0.165017	89.1753
26.6051	85.0247	0.0825083	89.1753
26.7575	85.1073	0	89.1753
26.7619	85.1485	0.0825083	89.1753
26.7703	85.231	0	89.1753
26.7727	85.2723	0.0825083	89.1753
26.8075	85.3548	0	89.1753
26.8076	85.396	0.0825083	89.1753
26.9068	85.4785	0	89.1753
26.9082	85.5198	0.0825083	89.1753
26.9337	85.6023	0	89.1753
26.9387	85.6436	0.0825083	89.1753
26.9574	85.7261	0	89.1753
26.9604	85.7673	0.0825083	89.1753
26.9662	85.8498	0	89.1753
26.9667	85.8911	0.0825083	89.1753
26.988	85.9736	0	89.1753
26.9898	86.0149	0.0825083	89.1753
27.1582	86.0974	0	89.1753
27.165	86.1386	0.0825083	89.1753
27.4881	86.2211	0	89.1753
27.4905	86.2624	0.0825083	89.1753
27.6308	86.3449	0	89.1753
27.6389	86.3861	0.0825083	89.1753
27.7909	86.4686	0	89.1753
27.7927	86.5099	0.0825083	89.1753
27.9309	86.5924	0	89.1753
27.9336	86.6337	0.0825083	89.1753
28.0011	86.7162	0	89.1753
28.0017	86.7162	0.165017	89.1753
28.0036	86.7987	0.0825083	89.1753
28.0407	86.8812	0	89.1753
28.041	86.9224	0.0825083	89.1753
28.0837	87.005	0	89.1753
28.0838	87.0462	0.0825083	89.1753
28.1511	87.1287	0	89.1753
28.1529	87.1287	0.165017	89.1753
28.1538	87.2112	0.0825083	89.1753
28.1591	87.2937	0	89.1753
28.1593	87.335	0.0825083	89.1753
28.4645	87.4175	0	89.1753
28.4659	87.4175	0.0825083	89.1753
28.597	87.5	0	89.1753
28.5973	87.5413	0.0825083	89.1753
28.7962	87.6238	0	89.1753
28.8005	87.665	0.0825083	89.1753
28.8727	87.7475	0	89.1753
28.8779	87.7888	0.0825083	89.1753
28.957	87.8713	0	89.1753
28.9572	87.8713	0.165017	89.1753
28.9574	87.9538	0.0825083	89.1753
29.1436	88.0363	0	89.1753
29.1438	88.0776	0.0825083	89.1753
29.3982	88.1601	0	89.1753
29.6681	88.2013	0.0825083	89.1753
29.6708	88.2426	0.165017	89.1753
29.7204	88.3251	0.0825083	89.1753
29.7206	88.3251	0.165017	89.1753
29.7239	88.3663	0.247525	89.1753
29.7247	88.4488	0.165017	89.1753
29.7417	88.5314	0.0825083	89.1753
29.7426	88.5726	0.165017	89.1753
29.7643	88.6551	0.0825083	89.1753
29.767	88.6964	0.165017	89.1753
29.7944	88.7789	0.0825083	89.1753
29.7985	88.8201	0.165017	89.1753
29.9237	88.9026	0.0825083	89.1753
29.9238	88.9439	0.165017	89.1753
30.0151	89.0264	0.0825083	89.1753
30.017	89.0677	0.165017	89.1753
30.1116	89.1502	0.0825083	89.1753
30.1117	89.1914	0.165017	89.1753
30.3462	89.2739	0.0825083	89.1753
30.3483	89.3152	0.165017	89.1753
30.7109	89.3977	0.0825083	89.1753
30.9183	89.4802	0	89.1753
30.9221	89.5215	0.0825083	89.1753
31.1537	89.604	0	89.1753
31.1541	89.6452	0.0825083	89.1753
31.2653	89.7277	0	89.1753
31.2674	89.769	0.0825083	89.1753
31.4742	89.8515	0	89.1753
31.4754	89.8927	0.0825083	89.1753
31.6621	89.9753	0	89.1753
31.6761	90.0165	0.0825083	89.1753
31.8134	90.099	0	89.1753
31.8212	90.099	0.0825083	89.1753
31.8359	90.1815	0	89.1753
31.8365	90.1815	0.165017	89.1753
31.8384	90.264	0.0825083	89.1753
32.5471	90.3465	0	89.1753
32.5476	90.3878	0.0825083	89.1753
32.7461	90.4703	0	89.1753
32.7496	90.4703	0.165017	89.1753
32.7516	90.5528	0.0825083	89.1753
32.8528	90.6353	0	89.1753
32.8539	90.6353	0.165017	89.1753
32.8583	90.7178	0.0825083	89.1753
32.9413	90.8003	0	89.1753
32.9418	90.8003	0.165017	89.1753
32.9423	90.8828	0.0825083	89.1753
32.9657	90.9653	0	89.1753
32.991	90.9653	0	89.6907
32.9923	90.9653	0.0825083	89.6907
33.3024	91.0479	0	89.6907
33.303	91.0479	0.0825083	89.6907
33.3681	91.1304	0	89.6907
33.3704	91.1716	0.0825083	89.6907
33.3825	91.2541	0	89.6907
33.3835	91.2954	0.0825083	89.6907
33.4018	91.3779	0	89.6907
33.4043	91.4191	0.0825083	89.6907
33.6914	91.5016	0	89.6907
33.6933	91.5429	0.0825083	89.6907
33.6955	91.6254	0	89.6907
33.6956	91.6667	0.0825083	89.6907
33.916	91.7492	0	89.6907
33.9164	91.7492	0.165017	89.6907
33.917	91.8317	0.0825083	89.6907
34.5149	91.9142	0	89.6907
34.5164	91.9554	0.0825083	89.6907
35.0578	92.038	0	89.6907
35.0586	92.0792	0.0825083	89.6907
35.1948	92.1617	0	89.6907
35.1969	92.203	0.0825083	89.6907
35.3394	92.2855	0	89.6907
35.34	92.2855	0.165017	89.6907
35.3406	92.368	0.0825083	89.6907
35.3992	92.4505	0	89.6907
35.4461	92.4505	0	90.2062
35.4462	92.4918	0.0825083	90.2062
35.5781	92.5743	0	90.2062
35.579	92.5743	0.165017	90.2062
35.5806	92.6568	0.0825083	90.2062
35.7449	92.7393	0	90.2062
35.9906	92.7805	0.0825083	90.2062
35.9918	92.8218	0.165017	90.2062
36.1739	92.9043	0.0825083	90.2062
36.2629	92.9868	0	90.2062
36.2645	93.0281	0.0825083	90.2062
36.8036	93.1106	0	90.2062
36.8037	93.1106	0.165017	90.2062
36.8042	93.1931	0.0825083	90.2062
36.9314	93.2756	0	90.2062
36.9329	93.3168	0.0825083	90.2062
37.1679	93.3993	0	90.2062
37.1703	93.4406	0.0825083	90.2062
38.2641	93.5231	0	90.2062
38.2669	93.5644	0.0825083	90.2062
38.3388	93.6469	0	90.2062
38.3391	93.6469	0.165017	90.2062
38.3431	93.7294	0.0825083	90.2062
38.698	93.8119	0	90.2062
38.7019	93.8531	0.0825083	90.2062
38.8636	93.9356	0	90.2062
38.8652	93.9356	0.0825083	90.2062
41.8706	94.0182	0	90.2062
41.8933	94.0182	0	91.2371
41.8934	94.0594	0.0825083	91.2371
44.0106	94.1419	0	91.2371
44.0124	94.1832	0.0825083	91.2371
44.5691	94.2657	0	91.2371
44.5707	94.2657	0.165017	91.2371
44.5778	94.3482	0.0825083	91.2371
44.7162	94.4307	0	91.2371
44.7163	94.4307	0.0825083	91.2371
44.8257	94.5132	0	91.2371
44.8269	94.5545	0.0825083	91.2371
45.1617	94.637	0	91.2371
45.1622	94.637	0.165017	91.2371
45.1623	94.7195	0.0825083	91.2371
45.2907	94.802	0	91.2371
45.2922	94.802	0.165017	91.2371
45.2956	94.8845	0.0825083	91.2371
45.5154	94.967	0	91.2371
45.5169	95.0082	0.0825083	91.2371
45.984	95.0908	0	91.2371
45.9844	95.0908	0.165017	91.2371
45.9845	95.1733	0.0825083	91.2371
46.6762	95.2558	0	91.2371
46.6763	95.2558	0.165017	91.2371
46.6774	95.3383	0.0825083	91.2371
47.2038	95.4208	0	91.2371
47.2046	95.462	0.0825083	91.2371
48.7026	95.5446	0	91.2371
48.7035	95.5858	0.0825083	91.2371
49.3058	95.6683	0	91.2371
49.3082	95.6683	0.165017	91.2371
49.3091	95.7508	0.0825083	91.2371
49.4794	95.8333	0	91.2371
49.4812	95.8746	0.0825083	91.2371
49.634	95.9571	0	91.2371
49.6347	95.9984	0.0825083	91.2371
50.3533	96.0809	0	91.2371
50.3537	96.1221	0.0825083	91.2371
51.8406	96.2046	0	91.2371
51.8449	96.2046	0.165017	91.2371
51.8476	96.2871	0.0825083	91.2371
53.1134	96.3696	0	91.2371
53.1135	96.4109	0.0825083	91.2371
53.6477	96.4934	0	91.2371
53.6505	96.5347	0.0825083	91.2371
54.5131	96.6172	0	91.2371
54.5136	96.6172	0.165017	91.2371
54.5168	96.6997	0.0825083	91.2371
58.1145	96.7822	0	91.2371
58.1165	96.8234	0.0825083	91.2371
58.221	96.9059	0	91.2371
58.2216	96.9472	0.0825083	91.2371
61.084	97.0297	0	91.2371
61.0874	97.0297	0.0825083	91.2371
61.512	97.1122	0	91.2371
61.5138	97.1535	0.0825083	91.2371
64.242	97.236	0	91.2371
64.2428	97.236	0.0825083	91.2371
65.3989	97.3185	0	91.2371
65.4013	97.3597	0.0825083	91.2371
67.3044	97.4422	0	91.2371
67.305	97.4835	0.0825083	91.2371
75.9011	97.566	0	91.2371
75.9033	97.6073	0.0825083	91.2371
87.2142	97.6898	0	91.2371
87.2148	97.731	0.0825083	91.2371
144.598	97.8135	0	91.2371
146.032	97.8135	0.165017	91.2371
146.523	97.896	0.0825083	91.2371
221.819	97.9785	0	91.2371
281.506	97.9785	0	92.268
285.941	97.9785	0	92.7835
410.349	97.9785	0	93.8144
411.356	98.0198	0.0825083	93.8144
715.809	98.1023	0	93.8144
878.419	98.1023	0	94.8454
944.332	98.1023	0	95.8763
1169.87	98.1023	0	96.9072
1293.89	98.1023	0	97.9381
1295.26	98.1436	0.0825083	97.9381
1416.56	98.2261	0	97.9381
1557.45	98.2261	0	98.9691
2092.72	98.2261	0	100
2093.11	98.2261	0.0825083	100
2095.59	98.3086	0	100
2095.59	98.3498	0.0825083	100
2233.55	98.4323	0	100
2234.48	98.4736	0.0825083	100
4146.68	98.5561	0	100
4147.54	98.5974	0.0825083	100
4966.85	98.6799	0	100
4967.07	98.6799	0.165017	100
4967.81	98.7624	0.0825083	100
5375.04	98.8449	0	100
5375.1	98.8449	0.165017	100
5375.52	98.9274	0.0825083	100
5461.24	99.0099	0	100
5461.24	99.0099	0.165017	100
5463.04	99.0924	0.0825083	100
6910.58	99.1749	0	100
6910.58	99.1749	0.165017	100
6912.66	99.2574	0.0825083	100
7587.59	99.3399	0	100
7587.6	99.3399	0.165017	100
7587.84	99.4224	0.0825083	100
8479.3	99.505	0	100
8479.84	99.505	0.0825083	100
8497.71	99.5875	0	100
8497.71	99.6287	0.0825083	100
12531.9	99.7112	0	100
12536.1	99.7525	0.0825083	100
20476.9	99.835	0	100
20476.9	99.835	0.165017	100
20480.4	99.9175	0.0825083	100
