7.72583e-07	0	0	0
1.63739e-06	0	0	0
1.82964e-06	0	0	0
1.8677e-05	0	0	0
2.06591e-05	0	0	0
3.46953e-05	0	0	0
4.25865e-05	0	0	0
6.23737e-05	0	0	0
7.30293e-05	0	0	0
7.39951e-05	0	0	0
8.07615e-05	0	0	0
8.34236e-05	0	0	0
9.79612e-05	0	0	0
0.000123051	0	0	0
0.000129937	0	0	0
0.000130979	0	0	0
0.000130998	0	0	0
0.000132749	0	0	0
0.000147355	0	0	0
0.000150276	0	0	0
0.000154552	0	0	0
0.000162875	0	0	0
0.000170439	0	0	0
0.000178089	0	0	0
0.000189017	0	0	0
0.000190406	0	0	0
0.000192666	0	0	0
0.000194733	0	0	0
0.000213839	0	0	0
0.000256879	0	0	0
0.000259031	0	0	0
0.00026887	0	0	0
0.000278136	0	0	0
0.000279516	0	0	0
0.00029898	0	0	0
0.000311445	0	0	0
0.000314226	0	0	0
0.000323569	0	0	0
0.000328171	0	0	0
0.000329462	0	0	0
0.000332045	0	0	0
0.000332069	0	0	0
0.00033262	0	0	0
0.000334183	0	0	0
0.000339594	0	0	0
0.00034389	0	0	0
0.000345232	0	0	0
0.000350135	0	0	0
0.000350528	0	0	0
0.000351974	0	0	0
0.000358245	0	0	0
0.000360755	0	0	0
0.000365225	0	0	0
0.000367785	0	0	0
0.000370417	0	0	0
0.000376957	0	0	0
0.000386963	0	0	0
0.000388531	0	0	0
0.000402768	0	0	0
0.000405278	0	0	0
0.000405501	0	0	0
0.000408609	0	0	0
0.000413873	0	0	0
0.000416734	0	0	0
0.000419152	0	0	0
0.000422182	0	0	0
0.000426843	0	0	0
0.000430783	0	0	0
0.00045465	0	0	0
0.000455049	0	0	0
0.000458432	0	0	0
0.000468515	0	0	0
0.000471423	0	0	0
0.000474489	0	0	0
0.000477683	0	0	0
0.000502821	0	0	0
0.000510216	0	0	0
0.000512408	0	0	0
0.000518878	0	0	0
0.00052096	0	0	0
0.00056224	0	0	0
0.000569203	0	0	0
0.000576044	0	0	0
0.000613953	0	0	0
0.000615047	0	0	0
0.000631376	0	0	0
0.000634116	0	0	0
0.000645726	0	0	0
0.000647958	0	0	0
0.000658022	0	0	0
0.000664447	0	0	0
0.000675431	0	0	0
0.000680903	0	0	0
0.000682889	0	0	0
0.000686665	0	0	0
0.000700771	0	0	0
0.000721891	0	0	0
0.000724973	0	0	0
0.000742239	0	0	0
0.000745173	0	0	0
0.000746674	0	0	0
0.000748494	0	0	0
0.000751389	0	0	0
0.000752179	0	0	0
0.000758441	0	0	0
0.00076979	0	0	0
0.000782579	0	0	0
0.000801124	0	0	0
0.000801771	0	0	0
0.000802739	0	0	0
0.000803268	0	0	0
0.00080495	0	0	0
0.000808839	0	0	0
0.000815146	0	0	0
0.000819916	0	0	0
0.00083509	0	0	0
0.00085239	0	0	0
0.000859029	0	0	0
0.000864086	0	0	0
0.00086558	0	0	0
0.000865626	0	0	0
0.000882733	0	0	0
0.000888154	0	0	0
0.000899133	0	0	0
0.000904962	0	0	0
0.000920002	0	0	0
0.000926965	0	0	0
0.000935486	0	0	0
0.00094501	0	0	0
0.000948117	0	0	0
0.000950741	0	0	0
0.000950775	0	0	0
0.000954089	0	0	0
0.000959981	0	0	0
0.000964963	0	0	0
0.000972406	0	0	0
0.000974076	0	0	0
0.000980072	0	0	0
0.000987472	0	0	0
0.00099717	0	0	0
0.000998087	0	0	0
0.00100029	0	0	0
0.00100235	0	0	0
0.00100578	0	0	0
0.00101159	0	0	0
0.00101426	0	0	0
0.00101842	0	0	0
0.00102034	0	0	0
0.0010223	0	0	0
0.00102862	0	0	0
0.00102956	0	0	0
0.00103205	0	0	0
0.00103912	0	0	0
0.00104763	0	0	0
0.00105244	0	0	0
0.00105365	0	0	0
0.00105494	0	0	0
0.00106135	0	0	0
0.00106388	0	0	0
0.00106388	0	0	0
0.00107015	0	0	0
0.00107016	0	0	0
0.00107836	0	0	0
0.00108004	0	0	0
0.00108022	0	0	0
0.00108923	0	0	0
0.00109162	0	0	0
0.00110295	0	0	0
0.00111546	0	0	0
0.00112153	0	0	0
0.00112396	0	0	0
0.00113569	0	0	0
0.00114845	0	0	0
0.00115919	0	0	0
0.00116639	0	0	0
0.00116857	0	0	0
0.00117163	0	0	0
0.00117288	0	0	0
0.00118446	0	0	0
0.00119293	0	0	0
0.00119672	0	0	0
0.00119823	0	0	0
0.00120094	0	0	0
0.00120859	0	0	0
0.0012111	0	0	0
0.00121344	0	0	0
0.00122807	0	0	0
0.00123415	0	0	0
0.00125291	0	0	0
0.00126201	0	0	0
0.00126327	0	0	0
0.00126488	0	0	0
0.00128747	0	0	0
0.00128958	0	0	0
0.00129024	0	0	0
0.00130514	0	0	0
0.00131352	0	0	0
0.00131465	0	0	0
0.00131605	0	0	0
0.00132044	0	0	0
0.00132357	0	0	0
0.00132401	0	0	0
0.00132407	0	0	0
0.00135879	0	0	0
0.00136583	0	0	0
0.0013659	0	0	0
0.00140741	0	0	0
0.0014095	0	0	0
0.00141551	0	0	0
0.0014244	0	0	0
0.00142668	0	0	0
0.00143703	0	0	0
0.00143914	0	0	0
0.00144966	0	0	0
0.00145213	0	0	0
0.00145548	0	0	0
0.00145565	0	0	0
0.00145642	0	0	0
0.00145743	0	0	0
0.00145856	0	0	0
0.00146375	0	0	0
0.00147174	0	0	0
0.0014729	0	0	0
0.00147728	0	0	0
0.00148196	0	0	0
0.00148761	0	0	0
0.00148907	0	0	0
0.001496	0	0	0
0.00152594	0	0	0
0.00152651	0	0	0
0.0015383	0	0	0
0.00153839	0	0	0
0.00153876	0	0	0
0.00154603	0	0	0
0.00155276	0	0	0
0.00158484	0	0	0
0.00159893	0	0	0
0.00162272	0	0	0
0.00162356	0	0	0
0.00163207	0	0	0
0.00163672	0	0	0
0.00163837	0	0	0
0.00164779	0	0	0
0.00165637	0	0	0
0.00166597	0	0	0
0.00167212	0	0	0
0.00167686	0	0	0
0.00168346	0	0	0
0.00169518	0	0	0
0.00172727	0	0	0
0.00172788	0	0	0
0.00173128	0	0	0
0.00173787	0	0	0
0.00173805	0	0	0
0.00175262	0	0	0
0.00175382	0	0	0
0.00175754	0	0	0
0.00178377	0	0	0
0.00179193	0	0	0
0.00179671	0	0	0
0.00180696	0	0	0
0.0018083	0	0	0
0.0018098	0	0	0
0.00181322	0	0	0
0.00182909	0	0	0
0.00183967	0	0	0
0.00184409	0	0	0
0.00184846	0	0	0
0.00185753	0	0	0
0.00185893	0	0	0
0.00187355	0	0	0
0.00189072	0	0	0
0.00189623	0	0	0
0.00189679	0	0	0
0.00189771	0	0	0
0.00190123	0	0	0
0.00190891	0	0	0
0.0019237	0	0	0
0.00194068	0	0	0
0.0019411	0	0	0
0.0019564	0	0	0
0.00198107	0	0	0
0.00200533	0	0	0
0.00200929	0	0	0
0.00202943	0	0	0
0.00203442	0	0	0
0.00204057	0	0	0
0.00204722	0	0	0
0.00204971	0	0	0
0.0020642	0	0	0
0.00209201	0	0	0
0.00209342	0	0	0
0.00209589	0	0	0
0.00210898	0	0	0
0.00210938	0	0	0
0.00211412	0	0	0
0.00211635	0	0	0
0.00211832	0	0	0
0.0021559	0	0	0
0.00216013	0	0	0
0.00216482	0	0	0
0.00216957	0	0	0
0.00217089	0	0	0
0.00217942	0	0	0
0.00219144	0	0	0
0.00220676	0	0	0
0.00223582	0	0	0
0.00224477	0	0	0
0.00224825	0	0	0
0.00226593	0	0	0
0.00228084	0	0	0
0.00228402	0	0	0
0.00228418	0	0	0
0.00231916	0	0	0
0.00232207	0	0	0
0.00234768	0	0	0
0.00236876	0	0	0
0.00242173	0	0	0
0.00242178	0	0	0
0.00245439	0	0	0
0.00246624	0	0	0
0.00249739	0	0	0
0.00250563	0	0	0
0.00250861	0	0	0
0.00252246	0	0	0
0.002529	0	0	0
0.00253483	0	0	0
0.00253891	0	0	0
0.002567	0	0	0
0.00257076	0	0	0
0.00259305	0	0	0
0.0026101	0	0	0
0.00261858	0	0	0
0.00262871	0	0	0
0.00263489	0	0	0
0.00268707	0	0	0
0.00268739	0	0	0
0.00274795	0	0	0
0.0027529	0	0	0
0.0027756	0	0	0
0.00277903	0	0	0
0.00280942	0	0	0
0.00281916	0	0	0
0.00282955	0	0	0
0.00284131	0	0	0
0.00285662	0	0	0
0.00288718	0	0	0
0.00289752	0	0	0
0.00290721	0	0	0
0.00291577	0	0	0
0.00292373	0	0	0
0.00292758	0	0	0
0.00292871	0	0	0
0.00292988	0	0	0
0.00293079	0	0	0
0.00294867	0	0	0
0.00294887	0	0	0
0.00299714	0	0	0
0.00299758	0	0	0
0.00303053	0	0	0
0.00307791	0	0	0
0.00308586	0	0	0
0.00310883	0	0	0
0.00311412	0	0	0
0.0031395	0	0	0
0.00315746	0	0	0
0.00317418	0	0	0
0.00318519	0	0	0
0.00318614	0	0	0
0.00318807	0	0	0
0.00321387	0	0	0
0.0032189	0	0	0
0.00322998	0	0	0
0.003233	0	0	0
0.00324805	0	0	0
0.00328642	0	0	0
0.00330557	0	0	0
0.00330565	0	0	0
0.00335221	0	0	0
0.00336997	0	0	0
0.00337652	0	0	0
0.00337694	0	0	0
0.00340841	0	0	0
0.00345	0	0	0
0.00345725	0	0	0
0.00345763	0	0	0
0.00347498	0	0	0
0.00349931	0	0	0
0.00354375	0	0	0
0.00363853	0	0	0
0.00366175	0	0	0
0.00366509	0	0	0
0.00367306	0	0	0
0.00368478	0	0	0
0.00368551	0	0	0
0.00376034	0	0	0
0.00376462	0	0	0
0.00376503	0	0	0
0.00379367	0	0	0
0.00379461	0	0	0
0.0037968	0	0	0
0.00381653	0	0	0
0.00384016	0	0	0
0.00384391	0	0	0
0.0038855	0	0	0
0.00389363	0	0	0
0.00389888	0	0	0
0.0039044	0	0	0
0.0039474	0	0	0
0.00396212	0	0	0
0.0039825	0	0	0
0.00400302	0	0	0
0.0040154	0	0	0
0.0040231	0	0	0
0.00404046	0	0	0
0.0040559	0	0	0
0.00407378	0	0	0
0.00410985	0	0	0
0.00415403	0	0	0
0.00416696	0	0	0
0.00417333	0	0	0
0.00417789	0	0	0
0.00418075	0	0	0
0.00419036	0	0	0
0.00420826	0	0	0
0.00421488	0	0	0
0.00429831	0	0	0
0.0043069	0	0	0
0.00431198	0	0	0
0.00431985	0	0	0
0.00433489	0	0	0
0.00434149	0	0	0
0.00434781	0	0	0
0.00435464	0	0	0
0.00437088	0	0	0
0.00439032	0	0	0
0.00441601	0	0	0
0.00441652	0	0	0
0.00443944	0	0	0
0.00445676	0	0	0
0.00449117	0	0	0
0.00449982	0	0	0
0.00451502	0	0	0
0.0045323	0	0	0
0.00453809	0	0	0
0.00455765	0	0	0
0.00456814	0	0	0
0.00458058	0	0	0
0.00458205	0	0	0
0.00460709	0	0	0
0.00463051	0	0	0
0.00466586	0	0	0
0.00467161	0	0	0
0.00472069	0	0	0
0.00472603	0	0	0
0.00473107	0	0	0
0.00473173	0	0	0
0.00478708	0	0	0
0.00479178	0	0	0
0.00480828	0	0	0
0.00481115	0	0	0
0.00482548	0	0	0
0.00483047	0	0	0
0.00484141	0	0	0
0.004898	0	0	0
0.00491541	0	0	0
0.00491556	0	0	0
0.00496957	0	0	0
0.00498819	0	0	0
0.00498869	0	0	0
0.00499708	0	0	0
0.00501547	0	0	0
0.00503765	0	0	0
0.0050517	0	0	0
0.00506174	0	0	0
0.00506729	0	0	0
0.00508054	0	0	0
0.00511082	0	0	0
0.00512996	0	0	0
0.00513083	0	0	0
0.00516444	0	0	0
0.00517567	0	0	0
0.00519856	0	0	0
0.00523328	0	0	0
0.00523626	0	0	0
0.00524463	0	0	0
0.00525824	0	0	0
0.00530552	0	0	0
0.00531848	0	0	0
0.0053236	0	0	0
0.00532734	0	0	0
0.0054227	0	0	0
0.00542822	0	0	0
0.00543246	0	0	0
0.00544472	0	0	0
0.00548744	0	0	0
0.00549475	0	0	0
0.00554094	0	0	0
0.00560197	0	0	0
0.00560281	0	0	0
0.00561423	0	0	0
0.00565127	0	0	0
0.00568342	0	0	0
0.00569063	0	0	0
0.00569269	0	0	0
0.00570455	0	0	0
0.00574045	0	0	0
0.00574102	0	0	0
0.00581221	0	0	0
0.00582571	0	0	0
0.0058429	0	0	0
0.00588411	0	0	0
0.00589033	0	0	0
0.00590322	0	0	0
0.00592821	0	0	0
0.00596081	0	0	0
0.0059795	0	0	0
0.00598175	0	0	0
0.00598237	0	0	0
0.00598326	0	0	0
0.00604464	0	0	0
0.00605069	0	0	0
0.00607046	0	0	0
0.00607443	0	0	0
0.00609878	0	0	0
0.00611574	0	0	0
0.00613346	0	0	0
0.00613949	0	0	0
0.00615457	0	0	0
0.0062139	0	0	0
0.00623345	0	0	0
0.0062386	0	0	0
0.00637622	0	0	0
0.00642862	0	0	0
0.00649675	0	0	0
0.00652032	0	0	0
0.0065402	0	0	0
0.00663514	0	0	0
0.0066641	0	0	0
0.00666805	0	0	0
0.0067342	0	0	0
0.00674593	0	0	0
0.00674986	0	0	0
0.0067584	0	0	0
0.00694928	0	0	0
0.00696614	0	0	0
0.00707086	0	0	0
0.00707401	0	0	0
0.00708913	0	0	0
0.00711489	0	0	0
0.00713715	0	0	0
0.00714372	0	0	0
0.00714881	0	0	0
0.00715197	0	0	0
0.00719926	0	0	0
0.00724998	0	0	0
0.00726446	0	0	0
0.00728439	0	0	0
0.00731409	0	0	0
0.00735163	0	0	0
0.0073854	0	0	0
0.00747936	0	0	0
0.00748242	0	0	0
0.00765303	0	0	0
0.00765527	0	0	0
0.00768411	0	0	0
0.00771814	0	0	0
0.00775962	0	0	0
0.00780483	0	0	0
0.00782494	0	0	0
0.00785321	0	0	0
0.00785835	0	0	0
0.00787415	0	0	0
0.00794792	0	0	0
0.00796003	0	0	0
0.00800197	0	0	0
0.00806415	0	0	0
0.00810024	0	0	0
0.0081007	0	0	0
0.00814472	0	0	0
0.0081524	0	0	0
0.00827861	0	0	0
0.00828269	0	0	0
0.00837608	0	0	0
0.00837645	0	0	0
0.00838304	0	0	0
0.00842025	0	0	0
0.00843281	0	0	0
0.0084861	0	0	0
0.00850745	0	0	0
0.0085706	0	0	0
0.00857778	0	0	0
0.00859019	0	0	0
0.00860122	0	0	0
0.00865451	0	0	0
0.00867369	0	0	0
0.00867691	0	0	0
0.00869596	0	0	0
0.00889678	0	0	0
0.0089313	0	0	0
0.00893405	0	0	0
0.00893917	0	0	0
0.00895392	0	0	0
0.00898591	0	0	0
0.00908791	0	0	0
0.00913008	0	0	0
0.00914305	0	0	0
0.00915155	0	0	0
0.00928166	0	0	0
0.0092841	0	0	0
0.00928594	0	0	0
0.00938479	0	0	0
0.00941812	0	0	0
0.00942182	0	0	0
0.00949262	0	0	0
0.00953145	0	0	0
0.00964187	0	0	0
0.0098454	0	0	0
0.00988147	0	0	0
0.00992773	0	0	0
0.00993222	0	0	0
0.00996277	0	0	0
0.0100976	0	0	0
0.0101313	0	0	0
0.0104743	0	0	0
0.010584	0	0	0
0.0106214	0	0	0
0.0106634	0	0	0
0.0108216	0	0	0
0.0109797	0	0	0
0.0110374	0	0	0
0.0115092	0	0	0
0.0117044	0	0	0
0.0120101	0	0	0
0.0120235	0	0	0
0.0120264	0	0	0
0.0120738	0	0	0
0.0122465	0	0	0
0.0125424	0	0	0
0.0125556	0	0	0
0.012563	0	0	0
0.0127544	0	0	0
0.012791	0	0	0
0.0128605	0	0	0
0.0128744	0	0	0
0.012934	0	0	0
0.0131054	0	0	0
0.0131982	0	0	0
0.0132286	0	0	0
0.0132533	0	0	0
0.0133226	0	0	0
0.0134413	0	0	0
0.0135139	0	0	0
0.0137572	0	0	0
0.0139745	0	0	0
0.0140037	0	0	0
0.0140085	0	0	0
0.0140147	0	0	0
0.014134	0	0	0
0.0144977	0	0	0
0.0145193	0	0	0
0.0145669	0	0	0
0.0145981	0	0	0
0.0146198	0	0	0
0.0146678	0	0	0
0.0146921	0	0	0
0.0147503	0	0	0
0.014811	0	0	0
0.0148895	0	0	0
0.0153533	0	0	0
0.0153857	0	0	0
0.015397	0	0	0
0.0154575	0	0	0
0.0156282	0	0	0
0.0159526	0	0	0
0.0160338	0	0	0
0.0160523	0	0	0
0.0161558	0	0	0
0.0162565	0	0	0
0.0162743	0	0	0
0.0162861	0	0	0
0.0163237	0	0	0
0.0163308	0	0	0
0.0163368	0	0	0
0.0163817	0	0	0
0.01644	0	0	0
0.0165088	0	0	0
0.0165198	0	0	0
0.0165721	0	0	0
0.0165841	0	0	0
0.016589	0	0	0
0.0166622	0	0	0
0.0167586	0	0	0
0.0168421	0	0	0
0.0168539	0	0	0
0.0168632	0	0	0
0.0168984	0	0	0
0.0169069	0	0	0
0.0169073	0	0	0
0.0169191	0	0	0
0.0169734	0	0	0
0.0169995	0	0	0
0.0170418	0	0	0
0.017061	0	0	0
0.0170968	0	0	0
0.017104	0	0	0
0.0171469	0	0	0
0.017156	0	0	0
0.0171933	0	0	0
0.0171994	0	0	0
0.0172011	0	0	0
0.0172339	0	0	0
0.0172738	0	0	0
0.0174303	0	0	0
0.0174675	0	0	0
0.0175079	0	0	0
0.017513	0	0	0
0.0175765	0	0	0
0.0175807	0	0	0
0.0175882	0	0	0
0.0175983	0	0	0
0.017616	0	0	0
0.0177036	0	0	0
0.0177358	0	0	0
0.0177483	0	0	0
0.0177743	0	0	0
0.0178435	0	0	0
0.0178822	0	0	0
0.0180362	0	0	0
0.0180391	0	0	0
0.018061	0	0	0
0.0180654	0	0	0
0.0180762	0	0	0
0.0184877	0	0	0
0.0185141	0	0	0
0.0189308	0	0	0
0.0193594	0	0	0
0.0193951	0	0	0
0.0195374	0	0	0
0.0198049	0	0	0
0.0209941	0	0	0
0.0218576	0	0	0
0.0288231	0	0	0
0.0288764	0	0.165017	0
0.034104	0.0825083	0.0825083	0
0.0345676	0.0825083	0.247525	0
0.0402427	0.165017	0.165017	0
0.0407528	0.206271	0.247525	0
0.0428369	0.288779	0.165017	0
0.0624553	0.371287	0.0825083	0
0.0776317	0.371287	0.165017	0
0.0951599	0.371287	0.165017	0
0.0970581	0.412541	0.247525	0
0.103734	0.49505	0.165017	0
0.104551	0.49505	0.330033	0
0.10494	0.577558	0.247525	0
0.105651	0.618812	0.330033	0
0.106778	0.618812	0.330033	0.520833
0.106874	0.70132	0.247525	0.520833
0.107459	0.742574	0.330033	0.520833
0.111626	0.825082	0.247525	0.520833
0.112323	0.907591	0.165017	0.520833
0.112943	0.907591	0.330033	0.520833
0.113176	0.990099	0.247525	0.520833
0.113198	1.03135	0.330033	0.520833
0.114302	1.11386	0.247525	0.520833
0.119953	1.19637	0.165017	0.520833
0.120905	1.23762	0.247525	0.520833
0.125148	1.32013	0.165017	0.520833
0.127577	1.36139	0.247525	0.520833
0.149397	1.44389	0.165017	0.520833
0.149626	1.48515	0.247525	0.520833
0.153611	1.56766	0.165017	0.520833
0.15802	1.56766	0.247525	0.520833
0.166554	1.65016	0.165017	0.520833
0.167023	1.65016	0.330033	0.520833
0.167395	1.65016	0.330033	0.520833
0.167699	1.73267	0.247525	0.520833
0.17419	1.81518	0.165017	0.520833
0.175683	1.85644	0.247525	0.520833
0.210563	1.93894	0.165017	0.520833
0.212665	1.9802	0.247525	0.520833
0.227799	2.06271	0.165017	0.520833
0.228155	2.06271	0.330033	0.520833
0.228649	2.14521	0.247525	0.520833
0.229218	2.22772	0.165017	0.520833
0.2324	2.22772	0.165017	0.520833
0.234314	2.22772	0.247525	0.520833
0.236001	2.22772	0.247525	0.520833
0.23905	2.31023	0.165017	0.520833
0.240565	2.31023	0.165017	0.520833
0.27324	2.31023	0.165017	0.520833
0.27643	2.35149	0.247525	0.520833
0.278628	2.39274	0.330033	0.520833
0.281917	2.47525	0.247525	0.520833
0.285591	2.55776	0.165017	0.520833
0.29124	2.55776	0.165017	0.520833
0.293116	2.59901	0.247525	0.520833
0.316231	2.68152	0.165017	0.520833
0.316444	2.72277	0.247525	0.520833
0.316673	2.80528	0.165017	0.520833
0.31926	2.80528	0.330033	0.520833
0.319894	2.88779	0.247525	0.520833
0.32293	2.9703	0.165017	0.520833
0.325277	3.01155	0.247525	0.520833
0.334827	3.09406	0.165017	0.520833
0.336622	3.09406	0.330033	0.520833
0.338447	3.17657	0.247525	0.520833
0.347824	3.25908	0.165017	0.520833
0.348641	3.25908	0.330033	0.520833
0.34883	3.25908	0.49505	0.520833
0.348864	3.34158	0.412541	0.520833
0.349866	3.42409	0.330033	0.520833
0.349897	3.46535	0.412541	0.520833
0.350629	3.54785	0.330033	0.520833
0.353885	3.63036	0.247525	0.520833
0.358894	3.71287	0.165017	0.520833
0.360558	3.75413	0.247525	0.520833
0.36326	3.83663	0.165017	0.520833
0.382663	3.91914	0.0825083	0.520833
0.383291	3.91914	0.247525	0.520833
0.383537	4.00165	0.165017	0.520833
0.390274	4.08416	0.0825083	0.520833
0.390643	4.08416	0.247525	0.520833
0.391395	4.16667	0.165017	0.520833
0.392918	4.16667	0.165017	0.520833
0.393081	4.24918	0.0825083	0.520833
0.395243	4.24918	0.0825083	0.520833
0.395819	4.24918	0.165017	0.520833
0.397842	4.33168	0.0825083	0.520833
0.399788	4.33168	0.165017	0.520833
0.399909	4.41419	0.0825083	0.520833
0.411747	4.41419	0.0825083	1.04167
0.414929	4.41419	0.0825083	1.5625
0.423564	4.4967	0	1.5625
0.425011	4.53795	0.0825083	1.5625
0.453799	4.62046	0	1.5625
0.454153	4.62046	0.0825083	1.5625
0.457032	4.70297	0	1.5625
0.457319	4.70297	0.165017	1.5625
0.458381	4.78548	0.0825083	1.5625
0.460664	4.86799	0	1.5625
0.461321	4.86799	0.165017	1.5625
0.46763	4.9505	0.0825083	1.5625
0.472879	5.033	0	1.5625
0.478902	5.07426	0.0825083	1.5625
0.496684	5.15677	0	1.5625
0.49724	5.15677	0	2.08333
0.505773	5.19802	0.0825083	2.08333
0.517682	5.28053	0	2.08333
0.52047	5.32178	0.0825083	2.08333
0.520742	5.40429	0	2.08333
0.522739	5.40429	0	2.08333
0.524629	5.40429	0.165017	2.08333
0.52476	5.4868	0.0825083	2.08333
0.545983	5.56931	0	2.08333
0.546201	5.61056	0.0825083	2.08333
0.554622	5.69307	0	2.08333
0.556135	5.69307	0.0825083	2.08333
0.559892	5.77558	0	2.08333
0.56019	5.81683	0.0825083	2.08333
0.570746	5.89934	0	2.08333
0.571683	5.89934	0.165017	2.08333
0.572662	5.98185	0.0825083	2.08333
0.575949	6.06436	0	2.08333
0.579498	6.10561	0.0825083	2.08333
0.604796	6.18812	0	2.08333
0.607764	6.18812	0.0825083	2.08333
0.611534	6.27063	0	2.08333
0.611572	6.31188	0.0825083	2.08333
0.645524	6.39439	0	2.08333
0.647903	6.43564	0.0825083	2.08333
0.648639	6.43564	0.247525	2.08333
0.648892	6.51815	0.165017	2.08333
0.65106	6.60066	0.0825083	2.08333
0.651267	6.64191	0.165017	2.08333
0.653344	6.72442	0.0825083	2.08333
0.653648	6.76568	0.165017	2.08333
0.65436	6.84818	0.0825083	2.08333
0.65482	6.93069	0	2.08333
0.657232	6.97195	0.0825083	2.08333
0.659663	7.05446	0	2.08333
0.681284	7.05446	0	2.60417
0.688784	7.05446	0	3.125
0.689539	7.09571	0.0825083	3.125
0.690584	7.17822	0	3.125
0.693189	7.21947	0.0825083	3.125
0.7032	7.30198	0	3.125
0.703345	7.34323	0.0825083	3.125
0.706854	7.42574	0	3.125
0.707229	7.467	0.0825083	3.125
0.730966	7.5495	0	3.125
0.736513	7.5495	0	3.64583
0.740548	7.5495	0	4.16667
0.746902	7.5495	0	4.6875
0.747474	7.5495	0.165017	4.6875
0.749162	7.63201	0.0825083	4.6875
0.754207	7.71452	0	4.6875
0.758979	7.71452	0.0825083	4.6875
0.782806	7.79703	0	4.6875
0.784352	7.83828	0.0825083	4.6875
0.786186	7.92079	0	4.6875
0.788866	7.92079	0	4.6875
0.789919	7.92079	0.0825083	4.6875
0.809347	8.0033	0	4.6875
0.810897	8.04455	0.0825083	4.6875
0.832281	8.12706	0	4.6875
0.833669	8.16832	0.0825083	4.6875
0.841055	8.25082	0	4.6875
0.853568	8.25082	0	5.20833
0.853914	8.29208	0.0825083	5.20833
0.856624	8.37459	0	5.20833
0.861762	8.41584	0.0825083	5.20833
0.863094	8.41584	0.247525	5.20833
0.8632	8.49835	0.165017	5.20833
0.867124	8.58086	0.0825083	5.20833
0.876332	8.66337	0	5.20833
0.8787	8.66337	0.165017	5.20833
0.879249	8.74587	0.0825083	5.20833
0.896273	8.82838	0	5.20833
0.898283	8.82838	0.0825083	5.20833
0.915315	8.91089	0	5.20833
0.916861	8.95215	0.0825083	5.20833
0.926912	9.03465	0	5.20833
0.926995	9.03465	0.165017	5.20833
0.928116	9.07591	0.247525	5.20833
0.928558	9.15842	0.165017	5.20833
0.92889	9.24092	0.0825083	5.20833
0.929736	9.24092	0.247525	5.20833
0.930338	9.32343	0.165017	5.20833
0.930667	9.40594	0.0825083	5.20833
0.938804	9.48845	0	5.20833
0.950033	9.48845	0	5.72917
0.953673	9.48845	0.165017	5.72917
0.955664	9.57096	0.0825083	5.72917
0.955957	9.57096	0.0825083	6.25
0.959734	9.65347	0	6.25
0.960699	9.65347	0.165017	6.25
0.961479	9.73597	0.0825083	6.25
0.978984	9.81848	0	6.25
0.980095	9.85974	0.0825083	6.25
0.99333	9.94224	0	6.25
0.99797	9.9835	0.0825083	6.25
1.0187	10.066	0	6.25
1.02252	10.066	0	6.25
1.02255	10.1073	0.0825083	6.25
1.07192	10.1898	0	6.25
1.07249	10.1898	0.165017	6.25
1.07301	10.2723	0.0825083	6.25
1.10394	10.3548	0	6.25
1.10789	10.3548	0.165017	6.25
1.11174	10.4373	0.0825083	6.25
1.13968	10.5198	0	6.25
1.142	10.5611	0.0825083	6.25
1.1437	10.6436	0	6.25
1.14618	10.6848	0.0825083	6.25
1.16583	10.7673	0	6.25
1.16639	10.7673	0.0825083	6.25
1.1679	10.8086	0.165017	6.25
1.16968	10.8911	0.0825083	6.25
1.18889	10.9736	0	6.25
1.18965	11.0149	0.0825083	6.25
1.19622	11.0974	0	6.25
1.19816	11.0974	0.165017	6.25
1.20043	11.1799	0.0825083	6.25
1.21729	11.2624	0	6.25
1.21921	11.3036	0.0825083	6.25
1.2214	11.3861	0	6.25
1.22493	11.3861	0.165017	6.25
1.22802	11.4686	0.0825083	6.25
1.23071	11.5512	0	6.25
1.23115	11.5512	0.165017	6.25
1.23158	11.6337	0.0825083	6.25
1.23556	11.7162	0	6.25
1.23699	11.7574	0.0825083	6.25
1.24238	11.8399	0	6.25
1.24542	11.8399	0	6.25
1.2465	11.8812	0.0825083	6.25
1.25394	11.9637	0	6.25
1.25718	12.005	0.0825083	6.25
1.26837	12.0875	0	6.25
1.26858	12.1287	0.0825083	6.25
1.28084	12.2112	0	6.25
1.28145	12.2525	0.0825083	6.25
1.29832	12.335	0	6.25
1.29926	12.3762	0.0825083	6.25
1.30523	12.4587	0	6.25
1.30662	12.5	0.0825083	6.25
1.30808	12.5825	0	6.25
1.30866	12.5825	0	6.25
1.31534	12.5825	0	6.25
1.31655	12.6238	0.0825083	6.25
1.31846	12.7063	0	6.25
1.3364	12.7063	0	6.25
1.34156	12.7475	0.0825083	6.25
1.36251	12.83	0	6.25
1.38041	12.83	0	6.25
1.4016	12.83	0	6.25
1.40294	12.83	0	6.77083
1.40321	12.83	0.165017	6.77083
1.4072	12.9125	0.0825083	6.77083
1.44457	12.995	0	6.77083
1.46206	12.995	0	7.29167
1.46596	12.995	0.0825083	7.29167
1.46625	13.0776	0	7.29167
1.46696	13.0776	0.0825083	7.29167
1.46748	13.1601	0	7.29167
1.47707	13.1601	0	7.8125
1.48049	13.1601	0	8.33333
1.50521	13.1601	0	8.85417
1.5059	13.1601	0.165017	8.85417
1.51015	13.2426	0.0825083	8.85417
1.51041	13.3251	0	8.85417
1.51087	13.3251	0.165017	8.85417
1.51249	13.4076	0.0825083	8.85417
1.52107	13.4901	0	8.85417
1.52111	13.4901	0.165017	8.85417
1.52137	13.4901	0.330033	8.85417
1.5215	13.5726	0.247525	8.85417
1.52302	13.6551	0.165017	8.85417
1.5252	13.7376	0.0825083	8.85417
1.52644	13.8201	0	8.85417
1.52742	13.8201	0.0825083	8.85417
1.53583	13.9026	0	8.85417
1.54813	13.9026	0	8.85417
1.59978	13.9026	0	8.85417
1.6002	13.9026	0.0825083	8.85417
1.60065	13.9851	0	8.85417
1.60117	14.0264	0.0825083	8.85417
1.61029	14.1089	0	8.85417
1.61454	14.1089	0	9.375
1.6149	14.1502	0.0825083	9.375
1.61968	14.2327	0	9.375
1.61997	14.2327	0.165017	9.375
1.62064	14.3152	0.0825083	9.375
1.62561	14.3977	0	9.375
1.62692	14.3977	0.0825083	9.375
1.62789	14.4389	0.165017	9.375
1.63137	14.5215	0.0825083	9.375
1.63159	14.5627	0.165017	9.375
1.63396	14.6452	0.0825083	9.375
1.63414	14.6865	0.165017	9.375
1.63477	14.769	0.0825083	9.375
1.6353	14.8515	0	9.375
1.63625	14.8515	0.0825083	9.375
1.66796	14.934	0	9.375
1.66995	14.934	0.165017	9.375
1.67043	15.0165	0.0825083	9.375
1.67058	15.099	0	9.375
1.6706	15.099	0.165017	9.375
1.67201	15.1815	0.0825083	9.375
1.68436	15.264	0	9.375
1.68533	15.264	0.0825083	9.375
1.69121	15.3465	0	9.375
1.69128	15.3878	0.0825083	9.375
1.69245	15.3878	0.165017	9.375
1.69259	15.4703	0.0825083	9.375
1.69658	15.5528	0	9.375
1.69831	15.5941	0.0825083	9.375
1.71249	15.6766	0	9.375
1.71403	15.6766	0.165017	9.375
1.71905	15.7591	0.0825083	9.375
1.71934	15.8003	0.165017	9.375
1.71981	15.8828	0.0825083	9.375
1.74617	15.9653	0	9.375
1.74651	16.0066	0.0825083	9.375
1.75143	16.0891	0	9.375
1.75153	16.1304	0.0825083	9.375
1.79015	16.2129	0	9.375
1.79566	16.2129	0.0825083	9.375
1.80299	16.2129	0.0825083	9.89583
1.8229	16.2954	0	9.89583
1.825	16.3366	0.0825083	9.89583
1.83172	16.4191	0	9.89583
1.832	16.4191	0.165017	9.89583
1.83283	16.5016	0.0825083	9.89583
1.83624	16.5842	0	9.89583
1.83702	16.6254	0.0825083	9.89583
1.83795	16.7079	0	9.89583
1.83807	16.7079	0.0825083	9.89583
1.85994	16.7904	0	9.89583
1.86113	16.8317	0.0825083	9.89583
1.86807	16.9142	0	9.89583
1.86973	16.9142	0.165017	9.89583
1.8769	16.9967	0.0825083	9.89583
1.88021	17.0792	0	9.89583
1.88367	17.0792	0	10.4167
1.88445	17.1205	0.0825083	10.4167
1.88883	17.203	0	10.4167
1.88913	17.203	0.165017	10.4167
1.89038	17.2855	0.0825083	10.4167
1.89042	17.368	0	10.4167
1.89177	17.368	0	10.4167
1.89739	17.368	0	10.4167
1.89744	17.4092	0.0825083	10.4167
1.89762	17.4092	0.247525	10.4167
1.89788	17.4917	0.165017	10.4167
1.90254	17.5743	0.0825083	10.4167
1.91344	17.6568	0	10.4167
1.9218	17.6568	0	10.9375
1.92227	17.6568	0.165017	10.9375
1.92404	17.7393	0.0825083	10.9375
1.95401	17.8218	0	10.9375
1.9557	17.8218	0.165017	10.9375
1.95606	17.9043	0.0825083	10.9375
1.96693	17.9868	0	10.9375
1.96944	18.0281	0.0825083	10.9375
1.98209	18.1106	0	10.9375
1.98718	18.1106	0	11.4583
1.98776	18.1106	0.165017	11.4583
1.99212	18.1931	0.0825083	11.4583
1.99292	18.2756	0	11.4583
1.99374	18.2756	0.165017	11.4583
1.99722	18.3581	0.0825083	11.4583
1.99857	18.4406	0	11.4583
2.02182	18.4406	0	11.9792
2.02979	18.4406	0	11.9792
2.03335	18.4818	0.0825083	11.9792
2.06741	18.5644	0	11.9792
2.06932	18.6056	0.0825083	11.9792
2.09916	18.6881	0	11.9792
2.1012	18.7294	0.0825083	11.9792
2.11748	18.8119	0	11.9792
2.12003	18.8119	0.0825083	11.9792
2.1415	18.8944	0	11.9792
2.14278	18.9356	0.0825083	11.9792
2.1539	19.0182	0	11.9792
2.15521	19.0182	0.0825083	11.9792
2.16825	19.1007	0	11.9792
2.19159	19.1007	0	12.5
2.2198	19.1419	0.0825083	12.5
2.22167	19.1832	0.165017	12.5
2.22896	19.2657	0.0825083	12.5
2.23326	19.3069	0.165017	12.5
2.23624	19.3894	0.0825083	12.5
2.25725	19.3894	0.0825083	12.5
2.26718	19.3894	0.0825083	13.0208
2.26725	19.4307	0.165017	13.0208
2.27939	19.5132	0.0825083	13.0208
2.31013	19.5132	0.0825083	13.0208
2.31096	19.5545	0.165017	13.0208
2.33392	19.637	0.0825083	13.0208
2.34394	19.637	0.0825083	14.0625
2.38427	19.637	0.0825083	14.5833
2.38696	19.637	0.0825083	15.625
2.3893	19.6782	0.165017	15.625
2.39474	19.7607	0.0825083	15.625
2.39757	19.802	0.165017	15.625
2.4061	19.8845	0.0825083	15.625
2.41285	19.8845	0.0825083	16.1458
2.41928	19.9257	0.165017	16.1458
2.42176	20.0083	0.0825083	16.1458
2.45229	20.0083	0.0825083	16.1458
2.4782	20.0083	0.0825083	16.6667
2.47997	20.0495	0.165017	16.6667
2.51374	20.132	0.0825083	16.6667
2.56641	20.132	0.0825083	17.1875
2.57442	20.132	0.0825083	17.7083
2.57578	20.1733	0.165017	17.7083
2.58448	20.2558	0.0825083	17.7083
2.58463	20.2558	0.247525	17.7083
2.5855	20.3383	0.165017	17.7083
2.60167	20.4208	0.0825083	17.7083
2.60242	20.462	0.165017	17.7083
2.64388	20.5446	0.0825083	17.7083
2.6469	20.5446	0.0825083	18.2292
2.65348	20.5858	0.165017	18.2292
2.6558	20.6683	0.0825083	18.2292
2.65979	20.6683	0.0825083	19.2708
2.68427	20.6683	0.0825083	19.7917
2.68502	20.7096	0.165017	19.7917
2.74687	20.7921	0.0825083	19.7917
2.74724	20.8333	0.165017	19.7917
2.75108	20.9158	0.0825083	19.7917
2.75211	20.9158	0.247525	19.7917
2.75251	20.9984	0.165017	19.7917
2.75421	21.0809	0.0825083	19.7917
2.75609	21.1221	0.165017	19.7917
2.75649	21.1634	0.247525	19.7917
2.76188	21.2459	0.165017	19.7917
2.76208	21.2871	0.247525	19.7917
2.7633	21.3696	0.165017	19.7917
2.80643	21.4521	0.0825083	19.7917
2.80657	21.4934	0.165017	19.7917
2.86111	21.5759	0.0825083	19.7917
2.88153	21.6172	0.165017	19.7917
2.89182	21.6172	0.165017	19.7917
2.89523	21.6584	0.247525	19.7917
2.89766	21.7409	0.165017	19.7917
2.8986	21.7822	0.247525	19.7917
2.91052	21.8647	0.165017	19.7917
2.91062	21.9059	0.247525	19.7917
2.91255	21.9059	0.247525	20.3125
2.91605	21.9472	0.330033	20.3125
2.91692	22.0297	0.247525	20.3125
2.91726	22.1122	0.165017	20.3125
2.92304	22.1947	0.0825083	20.3125
2.92777	22.236	0.165017	20.3125
2.96593	22.3185	0.0825083	20.3125
2.98566	22.3185	0.0825083	20.8333
2.98811	22.3185	0.247525	20.8333
3.00335	22.401	0.165017	20.8333
3.00355	22.4422	0.247525	20.8333
3.00439	22.4835	0.330033	20.8333
3.00756	22.566	0.247525	20.8333
3.0236	22.6485	0.165017	20.8333
3.02425	22.6898	0.247525	20.8333
3.02542	22.731	0.330033	20.8333
3.02736	22.8135	0.247525	20.8333
3.0322	22.896	0.165017	20.8333
3.0385	22.896	0.165017	21.3542
3.04088	22.896	0.165017	21.875
3.04496	22.896	0.330033	21.875
3.04612	22.9785	0.247525	21.875
3.06484	23.0611	0.165017	21.875
3.06512	23.0611	0.165017	22.3958
3.066	23.0611	0.330033	22.3958
3.06812	23.1436	0.247525	22.3958
3.085	23.2261	0.165017	22.3958
3.08657	23.2673	0.247525	22.3958
3.08819	23.3498	0.165017	22.3958
3.0895	23.3498	0.165017	22.3958
3.09108	23.3498	0.330033	22.3958
3.09382	23.4323	0.247525	22.3958
3.10731	23.5149	0.165017	22.3958
3.11874	23.5149	0.165017	22.9167
3.12251	23.5149	0.165017	22.9167
3.12303	23.5561	0.247525	22.9167
3.13721	23.6386	0.165017	22.9167
3.13936	23.6386	0.165017	22.9167
3.14024	23.6386	0.247525	22.9167
3.14446	23.7211	0.165017	22.9167
3.16033	23.8036	0.0825083	22.9167
3.16214	23.8449	0.165017	22.9167
3.17211	23.9274	0.0825083	22.9167
3.1724	23.9274	0.165017	22.9167
3.17718	24.0099	0.0825083	22.9167
3.17761	24.0512	0.165017	22.9167
3.18686	24.1337	0.0825083	22.9167
3.18727	24.1337	0.247525	22.9167
3.18731	24.1749	0.330033	22.9167
3.18791	24.2574	0.247525	22.9167
3.18845	24.3399	0.165017	22.9167
3.224	24.4224	0.0825083	22.9167
3.22423	24.4224	0.0825083	23.4375
3.22546	24.4637	0.165017	23.4375
3.24194	24.5462	0.0825083	23.4375
3.27778	24.5462	0.0825083	23.9583
3.28031	24.5875	0.165017	23.9583
3.28671	24.67	0.0825083	23.9583
3.28881	24.7112	0.165017	23.9583
3.2923	24.7937	0.0825083	23.9583
3.29348	24.835	0.165017	23.9583
3.29407	24.9175	0.0825083	23.9583
3.29519	24.9175	0.165017	23.9583
3.31248	25	0.0825083	23.9583
3.3142	25	0.165017	23.9583
3.34678	25.0825	0.0825083	23.9583
3.34764	25.1238	0.165017	23.9583
3.36344	25.2063	0.0825083	23.9583
3.37005	25.2063	0.0825083	24.4792
3.37006	25.2063	0.247525	24.4792
3.37266	25.2888	0.165017	24.4792
3.3752	25.3713	0.0825083	24.4792
3.37555	25.3713	0.247525	24.4792
3.37758	25.4538	0.165017	24.4792
3.37764	25.5363	0.0825083	24.4792
3.39488	25.5363	0.0825083	25.5208
3.39505	25.5776	0.165017	25.5208
3.39581	25.6188	0.247525	25.5208
3.39697	25.7013	0.165017	25.5208
3.40165	25.7838	0.0825083	25.5208
3.40281	25.8251	0.165017	25.5208
3.40381	25.8663	0.247525	25.5208
3.40509	25.9488	0.165017	25.5208
3.40891	26.0314	0.0825083	25.5208
3.40935	26.0314	0.247525	25.5208
3.40962	26.0314	0.330033	25.5208
3.41177	26.1139	0.247525	25.5208
3.4176	26.1964	0.165017	25.5208
3.41928	26.1964	0.247525	25.5208
3.41934	26.1964	0.247525	26.0417
3.4221	26.2789	0.165017	26.0417
3.42569	26.2789	0.330033	26.0417
3.42789	26.3614	0.247525	26.0417
3.43828	26.4439	0.165017	26.0417
3.46348	26.4439	0.165017	26.5625
3.46393	26.4439	0.165017	27.6042
3.47369	26.4439	0.165017	28.6458
3.47466	26.4439	0.330033	28.6458
3.47504	26.5264	0.247525	28.6458
3.49489	26.6089	0.165017	28.6458
3.49505	26.6089	0.330033	28.6458
3.499	26.6914	0.247525	28.6458
3.4991	26.6914	0.330033	28.6458
3.50104	26.7739	0.247525	28.6458
3.50161	26.7739	0.247525	29.6875
3.53755	26.8564	0.165017	29.6875
3.54132	26.8564	0.165017	30.2083
3.54258	26.8564	0.165017	30.7292
3.55467	26.8564	0.165017	31.25
3.55556	26.8977	0.247525	31.25
3.58781	26.9802	0.165017	31.25
3.59155	27.0215	0.247525	31.25
3.60232	27.104	0.165017	31.25
3.6031	27.104	0.330033	31.25
3.60359	27.1865	0.247525	31.25
3.60726	27.269	0.165017	31.25
3.60729	27.3102	0.247525	31.25
3.61733	27.3927	0.165017	31.25
3.66395	27.3927	0.165017	32.2917
3.66618	27.434	0.247525	32.2917
3.68759	27.5165	0.165017	32.2917
3.73254	27.599	0.0825083	32.2917
3.73475	27.6403	0.165017	32.2917
3.77576	27.7228	0.0825083	32.2917
3.7948	27.7228	0.0825083	32.8125
3.79522	27.764	0.165017	32.8125
3.80918	27.8465	0.0825083	32.8125
3.80991	27.8465	0.247525	32.8125
3.81112	27.929	0.165017	32.8125
3.81208	28.0116	0.0825083	32.8125
3.81436	28.0528	0.165017	32.8125
3.88305	28.1353	0.0825083	32.8125
3.88415	28.2178	0	32.8125
3.88444	28.2178	0.165017	32.8125
3.88457	28.2178	0.247525	32.8125
3.88473	28.3003	0.165017	32.8125
3.88568	28.3828	0.0825083	32.8125
3.90016	28.4653	0	32.8125
3.93498	28.4653	0	33.8542
3.93943	28.4653	0	34.375
3.94254	28.5066	0.0825083	34.375
3.95507	28.5891	0	34.375
3.96745	28.5891	0.165017	34.375
3.96879	28.6304	0.247525	34.375
3.98698	28.7129	0.165017	34.375
3.99165	28.7129	0.165017	34.8958
3.99566	28.7541	0.247525	34.8958
4.00563	28.8366	0.165017	34.8958
4.00663	28.8366	0.330033	34.8958
4.00744	28.9191	0.247525	34.8958
4.01907	29.0016	0.165017	34.8958
4.01966	29.0429	0.247525	34.8958
4.02646	29.1254	0.165017	34.8958
4.0293	29.1667	0.247525	34.8958
4.06262	29.2492	0.165017	34.8958
4.06353	29.2492	0.330033	34.8958
4.06426	29.3317	0.247525	34.8958
4.06671	29.3729	0.330033	34.8958
4.06851	29.4554	0.247525	34.8958
4.08172	29.4554	0.247525	34.8958
4.11624	29.4554	0.247525	35.4167
4.11777	29.4554	0.412541	35.4167
4.11955	29.538	0.330033	35.4167
4.1502	29.6205	0.247525	35.4167
4.15139	29.6205	0.412541	35.4167
4.15229	29.703	0.330033	35.4167
4.15902	29.7855	0.247525	35.4167
4.1611	29.8267	0.330033	35.4167
4.16265	29.9092	0.247525	35.4167
4.16634	29.9505	0.330033	35.4167
4.1806	30.033	0.247525	35.4167
4.18079	30.0743	0.330033	35.4167
4.19549	30.1568	0.247525	35.4167
4.1984	30.198	0.330033	35.4167
4.19921	30.2805	0.247525	35.4167
4.19944	30.3218	0.330033	35.4167
4.21033	30.4043	0.247525	35.4167
4.21335	30.4043	0.247525	35.9375
4.21504	30.4043	0.330033	35.9375
4.21796	30.4868	0.247525	35.9375
4.26719	30.4868	0.247525	36.9792
4.2737	30.4868	0.247525	36.9792
4.28553	30.4868	0.247525	37.5
4.31345	30.4868	0.247525	38.0208
4.3435	30.4868	0.247525	38.5417
4.34588	30.5281	0.330033	38.5417
4.36255	30.6106	0.247525	38.5417
4.36624	30.6106	0.247525	39.0625
4.36707	30.6106	0.330033	39.0625
4.39829	30.6931	0.247525	39.0625
4.40356	30.6931	0.247525	39.0625
4.40391	30.6931	0.330033	39.0625
4.41982	30.7756	0.247525	39.0625
4.4244	30.8168	0.330033	39.0625
4.42542	30.8993	0.247525	39.0625
4.42586	30.9406	0.330033	39.0625
4.42593	31.0231	0.247525	39.0625
4.44564	31.0231	0.247525	39.5833
4.44622	31.0644	0.330033	39.5833
4.47848	31.1469	0.247525	39.5833
4.49045	31.2294	0.165017	39.5833
4.49064	31.2294	0.330033	39.5833
4.49125	31.3119	0.247525	39.5833
4.49479	31.3944	0.165017	39.5833
4.49836	31.4356	0.247525	39.5833
4.50534	31.5182	0.165017	39.5833
4.5064	31.5182	0.165017	40.1042
4.50728	31.5594	0.247525	40.1042
4.51326	31.6419	0.165017	40.1042
4.51528	31.6832	0.247525	40.1042
4.51581	31.7244	0.330033	40.1042
4.51738	31.7244	0.412541	40.1042
4.51746	31.8069	0.330033	40.1042
4.51765	31.8894	0.247525	40.1042
4.52106	31.9719	0.165017	40.1042
4.52277	31.9719	0.165017	41.1458
4.53793	31.9719	0.165017	41.6667
4.53877	32.0132	0.247525	41.6667
4.53892	32.0957	0.165017	41.6667
4.54147	32.137	0.247525	41.6667
4.55689	32.2195	0.165017	41.6667
4.55744	32.2195	0.330033	41.6667
4.55816	32.302	0.247525	41.6667
4.56876	32.3845	0.165017	41.6667
4.56982	32.4257	0.247525	41.6667
4.57002	32.467	0.330033	41.6667
4.57049	32.5495	0.247525	41.6667
4.57123	32.5908	0.330033	41.6667
4.57693	32.6733	0.247525	41.6667
4.64128	32.7558	0.165017	41.6667
4.64169	32.797	0.247525	41.6667
4.67317	32.8795	0.165017	41.6667
4.67397	32.8795	0.330033	41.6667
4.67586	32.962	0.247525	41.6667
4.6858	33.0446	0.165017	41.6667
4.68611	33.0858	0.247525	41.6667
4.71924	33.1683	0.165017	41.6667
4.72001	33.2096	0.247525	41.6667
4.7301	33.2921	0.165017	41.6667
4.73291	33.2921	0.247525	41.6667
4.79546	33.3746	0.165017	41.6667
4.79675	33.3746	0.247525	41.6667
4.80054	33.4571	0.165017	41.6667
4.80121	33.4571	0.247525	41.6667
4.80986	33.5396	0.165017	41.6667
4.81327	33.5396	0.330033	41.6667
4.81514	33.6221	0.247525	41.6667
4.88278	33.7046	0.165017	41.6667
4.88315	33.7459	0.247525	41.6667
4.88387	33.7459	0.247525	41.6667
4.90632	33.8284	0.165017	41.6667
4.92988	33.8284	0.165017	42.1875
4.93986	33.8284	0.165017	42.7083
4.93999	33.8696	0.247525	42.7083
4.94381	33.9521	0.165017	42.7083
4.94808	33.9521	0.165017	43.2292
4.95232	33.9934	0.247525	43.2292
4.97453	34.0759	0.165017	43.2292
4.97613	34.1172	0.247525	43.2292
5.01876	34.1997	0.165017	43.2292
5.02186	34.2409	0.247525	43.2292
5.02561	34.3234	0.165017	43.2292
5.03003	34.3234	0.165017	43.75
5.0329	34.3647	0.247525	43.75
5.04417	34.4472	0.165017	43.75
5.04759	34.4472	0.330033	43.75
5.04798	34.5297	0.247525	43.75
5.07845	34.6122	0.165017	43.75
5.07901	34.6122	0.330033	43.75
5.08209	34.6947	0.247525	43.75
5.08356	34.7772	0.165017	43.75
5.08438	34.8185	0.247525	43.75
5.08993	34.901	0.165017	43.75
5.09009	34.9422	0.247525	43.75
5.09697	35.0248	0.165017	43.75
5.09746	35.0248	0.330033	43.75
5.09824	35.1073	0.247525	43.75
5.10334	35.1898	0.165017	43.75
5.11138	35.1898	0.165017	43.75
5.11265	35.231	0.247525	43.75
5.12305	35.3135	0.165017	43.75
5.12474	35.3548	0.247525	43.75
5.14335	35.4373	0.165017	43.75
5.17717	35.4373	0.165017	44.2708
5.17774	35.4785	0.247525	44.2708
5.20039	35.5611	0.165017	44.2708
5.20383	35.6023	0.247525	44.2708
5.24126	35.6848	0.165017	44.2708
5.2415	35.6848	0.330033	44.2708
5.24359	35.7673	0.247525	44.2708
5.29768	35.8498	0.165017	44.2708
5.29951	35.8498	0.330033	44.2708
5.30007	35.9323	0.247525	44.2708
5.30052	35.9323	0.247525	45.3125
5.30274	36.0149	0.165017	45.3125
5.30661	36.0149	0.165017	45.8333
5.31643	36.0149	0.165017	46.3542
5.31697	36.0561	0.247525	46.3542
5.35789	36.1386	0.165017	46.3542
5.3583	36.1386	0.247525	46.3542
5.37507	36.2211	0.165017	46.3542
5.37597	36.2211	0.330033	46.3542
5.37703	36.3036	0.247525	46.3542
5.38116	36.3861	0.165017	46.3542
5.43443	36.3861	0.165017	47.3958
5.43525	36.4274	0.247525	47.3958
5.43625	36.5099	0.165017	47.3958
5.45661	36.5099	0.165017	47.9167
5.45984	36.5512	0.247525	47.9167
5.46457	36.6337	0.165017	47.9167
5.4662	36.6749	0.247525	47.9167
5.47656	36.7574	0.165017	47.9167
5.47735	36.7987	0.247525	47.9167
5.49944	36.8812	0.165017	47.9167
5.50276	36.8812	0.247525	47.9167
5.50426	36.9637	0.165017	47.9167
5.50528	36.9637	0.330033	47.9167
5.50808	37.0462	0.247525	47.9167
5.50949	37.1287	0.165017	47.9167
5.51018	37.1287	0.330033	47.9167
5.51235	37.2112	0.247525	47.9167
5.5226	37.2937	0.165017	47.9167
5.52351	37.335	0.247525	47.9167
5.5396	37.4175	0.165017	47.9167
5.54547	37.5	0.0825083	47.9167
5.54567	37.5	0.247525	47.9167
5.55272	37.5825	0.165017	47.9167
5.55368	37.665	0.0825083	47.9167
5.55518	37.7063	0.165017	47.9167
5.56474	37.7888	0.0825083	47.9167
5.56548	37.7888	0.165017	47.9167
5.56565	37.7888	0.165017	47.9167
5.5658	37.7888	0.330033	47.9167
5.5682	37.8713	0.247525	47.9167
5.57207	37.9538	0.165017	47.9167
5.59916	38.0363	0.0825083	47.9167
5.60119	38.0363	0.165017	47.9167
5.61216	38.1188	0.0825083	47.9167
5.61502	38.1601	0.165017	47.9167
5.61518	38.2426	0.0825083	47.9167
5.62765	38.2426	0.0825083	48.4375
5.63302	38.2838	0.165017	48.4375
5.63569	38.3663	0.0825083	48.4375
5.63971	38.4076	0.165017	48.4375
5.65248	38.4901	0.0825083	48.4375
5.65392	38.5314	0.165017	48.4375
5.66335	38.6139	0.0825083	48.4375
5.66746	38.6551	0.165017	48.4375
5.67219	38.7376	0.0825083	48.4375
5.67235	38.7789	0.165017	48.4375
5.67281	38.8201	0.247525	48.4375
5.67374	38.9026	0.165017	48.4375
5.73405	38.9851	0.0825083	48.4375
5.73537	38.9851	0.247525	48.4375
5.73702	39.0677	0.165017	48.4375
5.74936	39.1502	0.0825083	48.4375
5.7514	39.1502	0.165017	48.4375
5.77305	39.2327	0.0825083	48.4375
5.79236	39.2327	0.0825083	48.9583
5.79405	39.2739	0.165017	48.9583
5.88466	39.3564	0.0825083	48.9583
5.88573	39.3977	0.165017	48.9583
5.96125	39.4802	0.0825083	48.9583
5.96201	39.4802	0.247525	48.9583
5.96222	39.5627	0.165017	48.9583
5.96299	39.5627	0.330033	48.9583
5.96463	39.6452	0.247525	48.9583
5.96753	39.7277	0.165017	48.9583
5.98343	39.8102	0.0825083	48.9583
5.98359	39.8102	0.247525	48.9583
5.98771	39.8927	0.165017	48.9583
5.98796	39.934	0.247525	48.9583
5.99004	40.0165	0.165017	48.9583
6.01551	40.099	0.0825083	48.9583
6.02409	40.099	0.0825083	49.4792
6.02455	40.099	0.247525	49.4792
6.02574	40.1815	0.165017	49.4792
6.10207	40.264	0.0825083	49.4792
6.10236	40.3053	0.165017	49.4792
6.15554	40.3878	0.0825083	49.4792
6.16548	40.3878	0.0825083	50
6.16754	40.429	0.165017	50
6.17342	40.5116	0.0825083	50
6.17458	40.5528	0.165017	50
6.17573	40.6353	0.0825083	50
6.18872	40.6353	0.0825083	50.5208
6.18936	40.6353	0.165017	50.5208
6.23377	40.7178	0.0825083	50.5208
6.24568	40.7591	0.165017	50.5208
6.24744	40.8003	0.247525	50.5208
6.27663	40.8828	0.165017	50.5208
6.31575	40.9653	0.0825083	50.5208
6.31735	40.9653	0.165017	50.5208
6.32963	41.0479	0.0825083	50.5208
6.33133	41.0479	0.247525	50.5208
6.33748	41.1304	0.165017	50.5208
6.33787	41.1716	0.247525	50.5208
6.33968	41.2541	0.165017	50.5208
6.35191	41.3366	0.0825083	50.5208
6.35216	41.3779	0.165017	50.5208
6.37695	41.4604	0.0825083	50.5208
6.37706	41.4604	0.247525	50.5208
6.37827	41.5429	0.165017	50.5208
6.38956	41.6254	0.0825083	50.5208
6.39208	41.7079	0	50.5208
6.39333	41.7079	0.0825083	50.5208
6.40912	41.7904	0	50.5208
6.41248	41.8317	0.0825083	50.5208
6.4602	41.9142	0	50.5208
6.46094	41.9554	0.0825083	50.5208
6.51641	42.038	0	50.5208
6.5175	42.038	0.165017	50.5208
6.51986	42.1205	0.0825083	50.5208
6.52291	42.203	0	50.5208
6.52446	42.203	0.0825083	50.5208
6.53402	42.2855	0	50.5208
6.53414	42.2855	0.165017	50.5208
6.53474	42.368	0.0825083	50.5208
6.542	42.4505	0	50.5208
6.54965	42.4917	0.0825083	50.5208
6.54965	42.5743	0	50.5208
6.5891	42.5743	0	51.0417
6.59297	42.6155	0.0825083	51.0417
6.59316	42.6155	0.0825083	52.0833
6.59353	42.6155	0.0825083	52.6042
6.60549	42.698	0	52.6042
6.60602	42.698	0.0825083	52.6042
6.60612	42.698	0.247525	52.6042
6.60741	42.7805	0.165017	52.6042
6.60755	42.863	0.0825083	52.6042
6.62102	42.9455	0	52.6042
6.62716	42.9455	0	52.6042
6.62756	42.9868	0.0825083	52.6042
6.65217	43.0693	0	52.6042
6.68097	43.0693	0	53.125
6.68128	43.0693	0.0825083	53.125
6.69515	43.1518	0	53.125
6.71986	43.1518	0	53.6458
6.72011	43.1518	0.165017	53.6458
6.72076	43.2343	0.0825083	53.6458
6.72807	43.3168	0	53.6458
6.72843	43.3168	0.165017	53.6458
6.73129	43.3993	0.0825083	53.6458
6.73282	43.3993	0.0825083	54.1667
6.85497	43.4818	0	54.1667
6.85497	43.4818	0.165017	54.1667
6.85569	43.5644	0.0825083	54.1667
6.86911	43.6469	0	54.1667
6.87292	43.6469	0.0825083	54.1667
6.8753	43.6469	0.0825083	54.6875
6.88258	43.7294	0	54.6875
6.88282	43.7706	0.0825083	54.6875
6.91656	43.8531	0	54.6875
6.94311	43.8531	0	55.2083
6.97512	43.8944	0.0825083	55.2083
6.97654	43.8944	0.247525	55.2083
6.97657	43.9769	0.165017	55.2083
6.9776	44.0182	0.247525	55.2083
6.97895	44.1007	0.165017	55.2083
7.011	44.1832	0.0825083	55.2083
7.0308	44.1832	0.0825083	55.7292
7.05355	44.1832	0.0825083	56.7708
7.0541	44.2244	0.165017	56.7708
7.06917	44.3069	0.0825083	56.7708
7.07268	44.3069	0.247525	56.7708
7.07542	44.3894	0.165017	56.7708
7.08061	44.4719	0.0825083	56.7708
7.08101	44.5132	0.165017	56.7708
7.09601	44.5957	0.0825083	56.7708
7.09646	44.637	0.165017	56.7708
7.10116	44.7195	0.0825083	56.7708
7.10157	44.7195	0.247525	56.7708
7.10306	44.802	0.165017	56.7708
7.10367	44.8845	0.0825083	56.7708
7.10483	44.8845	0.247525	56.7708
7.10521	44.967	0.165017	56.7708
7.10563	45.0083	0.247525	56.7708
7.10711	45.0908	0.165017	56.7708
7.12367	45.1733	0.0825083	56.7708
7.12444	45.2145	0.165017	56.7708
7.17952	45.297	0.0825083	56.7708
7.18017	45.297	0.247525	56.7708
7.18095	45.3795	0.165017	56.7708
7.18499	45.462	0.0825083	56.7708
7.18511	45.5033	0.165017	56.7708
7.26756	45.5858	0.0825083	56.7708
7.26792	45.5858	0.247525	56.7708
7.27691	45.6683	0.165017	56.7708
7.27843	45.7096	0.247525	56.7708
7.33339	45.7921	0.165017	56.7708
7.33411	45.8333	0.247525	56.7708
7.33413	45.8333	0.330033	56.7708
7.34041	45.9158	0.247525	56.7708
7.35536	45.9983	0.165017	56.7708
7.36458	46.0396	0.247525	56.7708
7.36627	46.1221	0.165017	56.7708
7.36784	46.1634	0.247525	56.7708
7.36835	46.2459	0.165017	56.7708
7.38888	46.2459	0.165017	57.2917
7.38932	46.2871	0.247525	57.2917
7.49503	46.3696	0.165017	57.2917
7.52897	46.3696	0.165017	57.8125
7.52963	46.3696	0.247525	57.8125
7.53753	46.4521	0.165017	57.8125
7.53818	46.4521	0.247525	57.8125
7.55935	46.5347	0.165017	57.8125
7.56007	46.5759	0.247525	57.8125
7.5601	46.6172	0.330033	57.8125
7.56228	46.6997	0.247525	57.8125
7.57884	46.7822	0.165017	57.8125
7.58067	46.8234	0.247525	57.8125
7.58634	46.9059	0.165017	57.8125
7.58919	46.9472	0.247525	57.8125
7.59222	47.0297	0.165017	57.8125
7.59247	47.0297	0.330033	57.8125
7.59357	47.1122	0.247525	57.8125
7.59373	47.1535	0.330033	57.8125
7.59625	47.1535	0.330033	58.8542
7.59835	47.236	0.247525	58.8542
7.70504	47.3185	0.165017	58.8542
7.70528	47.3597	0.247525	58.8542
7.73361	47.4422	0.165017	58.8542
7.7355	47.4422	0.330033	58.8542
7.73711	47.5248	0.247525	58.8542
7.75489	47.6073	0.165017	58.8542
7.75593	47.6073	0.247525	58.8542
7.77642	47.6898	0.165017	58.8542
7.8163	47.6898	0.165017	59.375
7.82608	47.6898	0.165017	59.8958
7.83356	47.7723	0.0825083	59.8958
7.83435	47.7723	0.247525	59.8958
7.83452	47.8548	0.165017	59.8958
7.85546	47.9373	0.0825083	59.8958
7.85626	47.9785	0.165017	59.8958
7.85766	47.9785	0.330033	59.8958
7.8579	48.0611	0.247525	59.8958
7.86688	48.1436	0.165017	59.8958
7.88305	48.2261	0.0825083	59.8958
7.88377	48.2673	0.165017	59.8958
7.98357	48.3498	0.0825083	59.8958
7.98408	48.3911	0.165017	59.8958
8.0172	48.4736	0.0825083	59.8958
8.01878	48.5149	0.165017	59.8958
8.02451	48.5974	0.0825083	59.8958
8.04212	48.5974	0.0825083	60.9375
8.06779	48.5974	0.0825083	61.9792
8.06852	48.5974	0.247525	61.9792
8.06954	48.6799	0.165017	61.9792
8.07015	48.6799	0.330033	61.9792
8.07219	48.7624	0.247525	61.9792
8.07451	48.8449	0.165017	61.9792
8.11383	48.9274	0.0825083	61.9792
8.12939	48.9274	0.0825083	62.5
8.13221	48.9686	0.165017	62.5
8.14871	49.0512	0.0825083	62.5
8.16997	49.0512	0.0825083	63.0208
8.19248	49.0512	0.0825083	63.5417
8.19494	49.0924	0.165017	63.5417
8.19942	49.1749	0.0825083	63.5417
8.20215	49.2162	0.165017	63.5417
8.24008	49.2987	0.0825083	63.5417
8.24074	49.3399	0.165017	63.5417
8.31557	49.4224	0.0825083	63.5417
8.31562	49.4224	0.247525	63.5417
8.31604	49.505	0.165017	63.5417
8.41034	49.5875	0.0825083	63.5417
8.41369	49.5875	0.0825083	64.5833
8.41502	49.6287	0.165017	64.5833
8.44658	49.7112	0.0825083	64.5833
8.44837	49.7112	0.165017	64.5833
8.46211	49.7937	0.0825083	64.5833
8.46439	49.7937	0.165017	64.5833
8.49282	49.8762	0.0825083	64.5833
8.49325	49.8762	0.165017	64.5833
8.49508	49.8762	0.330033	64.5833
8.49514	49.9587	0.247525	64.5833
8.49551	50	0.330033	64.5833
8.49718	50.0825	0.247525	64.5833
8.49792	50.165	0.165017	64.5833
8.49821	50.2063	0.247525	64.5833
8.50401	50.2888	0.165017	64.5833
8.53054	50.3713	0.0825083	64.5833
8.53077	50.3713	0.247525	64.5833
8.53519	50.4538	0.165017	64.5833
8.53769	50.495	0.247525	64.5833
8.53962	50.5776	0.165017	64.5833
8.5502	50.6601	0.0825083	64.5833
8.55123	50.7013	0.165017	64.5833
8.56674	50.7838	0.0825083	64.5833
8.56972	50.8251	0.165017	64.5833
8.58296	50.9076	0.0825083	64.5833
8.58327	50.9076	0.247525	64.5833
8.58376	50.9901	0.165017	64.5833
8.60226	51.0726	0.0825083	64.5833
8.61065	51.0726	0.0825083	65.1042
8.61199	51.1139	0.165017	65.1042
8.61727	51.1964	0.0825083	65.1042
8.62044	51.2376	0.165017	65.1042
8.62263	51.3201	0.0825083	65.1042
8.62364	51.3614	0.165017	65.1042
8.6569	51.4439	0.0825083	65.1042
8.65727	51.4851	0.165017	65.1042
8.66968	51.5677	0.0825083	65.1042
8.67109	51.6089	0.165017	65.1042
8.67115	51.6502	0.247525	65.1042
8.68022	51.7327	0.165017	65.1042
8.70232	51.8152	0.0825083	65.1042
8.70553	51.8564	0.165017	65.1042
8.70715	51.9389	0.0825083	65.1042
8.70737	51.9802	0.165017	65.1042
8.75969	52.0627	0.0825083	65.1042
8.77243	52.0627	0.165017	65.1042
8.78741	52.1452	0.0825083	65.1042
8.78886	52.1452	0.247525	65.1042
8.79726	52.2277	0.165017	65.1042
8.80381	52.3102	0.0825083	65.1042
8.80431	52.3515	0.165017	65.1042
8.86931	52.434	0.0825083	65.1042
8.88273	52.434	0.0825083	66.1458
8.95166	52.434	0.0825083	67.1875
8.95458	52.4752	0.165017	67.1875
8.96889	52.5578	0.0825083	67.1875
8.99743	52.5578	0.0825083	67.7083
9.00277	52.5578	0.0825083	68.75
9.02377	52.6403	0	68.75
9.0253	52.6815	0.0825083	68.75
9.03816	52.764	0	68.75
9.03913	52.764	0.165017	68.75
9.04027	52.8465	0.0825083	68.75
9.04076	52.8878	0.165017	68.75
9.04165	52.9703	0.0825083	68.75
9.04964	53.0528	0	68.75
9.05113	53.0528	0.165017	68.75
9.05231	53.1353	0.0825083	68.75
9.07018	53.2178	0	68.75
9.08436	53.2178	0	69.2708
9.09908	53.2178	0	70.3125
9.09937	53.2178	0.0825083	70.3125
9.10077	53.3003	0	70.3125
9.10883	53.3003	0	71.3542
9.11006	53.3416	0.0825083	71.3542
9.14396	53.4241	0	71.3542
9.14567	53.4241	0.165017	71.3542
9.14741	53.5066	0.0825083	71.3542
9.15544	53.5891	0	71.3542
9.15586	53.6304	0.0825083	71.3542
9.21389	53.7129	0	71.3542
9.21427	53.7541	0.0825083	71.3542
9.22807	53.8366	0	71.3542
9.2288	53.8779	0.0825083	71.3542
9.25412	53.9604	0	71.3542
9.25706	53.9604	0.0825083	71.3542
9.28097	54.0429	0	71.3542
9.28683	54.0842	0.0825083	71.3542
9.32582	54.1667	0	71.3542
9.32732	54.2079	0.0825083	71.3542
9.34924	54.2904	0	71.3542
9.3497	54.3317	0.0825083	71.3542
9.3554	54.4142	0	71.3542
9.35677	54.4142	0.165017	71.3542
9.36561	54.4967	0.0825083	71.3542
9.36827	54.5792	0	71.3542
9.37068	54.6205	0.0825083	71.3542
9.38258	54.703	0	71.3542
9.38292	54.7442	0.0825083	71.3542
9.48209	54.8267	0	71.3542
9.488	54.868	0.0825083	71.3542
9.50279	54.9505	0	71.3542
9.50322	54.9917	0.0825083	71.3542
9.60853	55.0743	0	71.3542
9.61045	55.0743	0.165017	71.3542
9.61048	55.1568	0.0825083	71.3542
9.65156	55.2393	0	71.3542
9.65402	55.2393	0.165017	71.3542
9.65459	55.3218	0.0825083	71.3542
9.65534	55.3218	0.165017	71.3542
9.65744	55.4043	0.0825083	71.3542
9.66278	55.4868	0	71.3542
9.66458	55.5281	0.0825083	71.3542
9.72762	55.6106	0	71.3542
9.72763	55.6106	0.165017	71.3542
9.72823	55.6931	0.0825083	71.3542
9.74837	55.7756	0	71.3542
9.74887	55.8168	0.0825083	71.3542
9.75024	55.8993	0	71.3542
9.75032	55.8993	0.0825083	71.3542
9.77483	55.9818	0	71.3542
9.77485	56.0231	0.0825083	71.3542
9.77683	56.1056	0	71.3542
9.77781	56.1056	0.165017	71.3542
9.77816	56.1881	0.0825083	71.3542
9.79534	56.2706	0	71.3542
9.79693	56.3119	0.0825083	71.3542
9.79945	56.3944	0	71.3542
9.8	56.4356	0.0825083	71.3542
9.83072	56.5182	0	71.3542
9.83253	56.5594	0.0825083	71.3542
9.87279	56.6419	0	71.3542
9.87289	56.6419	0.165017	71.3542
9.87846	56.7244	0.0825083	71.3542
9.89745	56.8069	0	71.3542
9.89847	56.8482	0.0825083	71.3542
9.91079	56.9307	0	71.3542
9.91199	56.9719	0.0825083	71.3542
9.95013	57.0545	0	71.3542
9.95155	57.0957	0.0825083	71.3542
9.97528	57.1782	0	71.3542
9.97631	57.2195	0.0825083	71.3542
10.0324	57.302	0	71.3542
10.0338	57.3432	0.0825083	71.3542
10.0514	57.4257	0	71.3542
10.0521	57.467	0.0825083	71.3542
10.0753	57.5495	0	71.3542
10.0768	57.5908	0.0825083	71.3542
10.1332	57.6733	0	71.3542
10.1372	57.7145	0.0825083	71.3542
10.1373	57.7558	0.165017	71.3542
10.138	57.8383	0.0825083	71.3542
10.1539	57.9208	0	71.3542
10.1543	57.9208	0.165017	71.3542
10.1587	58.0033	0.0825083	71.3542
10.2024	58.0858	0	71.3542
10.2037	58.1271	0.0825083	71.3542
10.2198	58.2096	0	71.3542
10.2222	58.2508	0.0825083	71.3542
10.2255	58.3333	0	71.3542
10.227	58.3333	0.0825083	71.3542
10.2375	58.4158	0	71.3542
10.2401	58.4571	0.0825083	71.3542
10.243	58.5396	0	71.3542
10.2433	58.5396	0.0825083	71.3542
10.3092	58.6221	0	71.3542
10.3107	58.6221	0.165017	71.3542
10.3141	58.7046	0.0825083	71.3542
10.3148	58.7459	0.165017	71.3542
10.3155	58.8284	0.0825083	71.3542
10.3159	58.9109	0	71.3542
10.3194	58.9521	0.0825083	71.3542
10.3861	59.0347	0	71.3542
10.3911	59.0347	0	72.3958
10.392	59.0347	0.165017	72.3958
10.3946	59.1172	0.0825083	72.3958
10.4279	59.1997	0	72.3958
10.4279	59.1997	0	73.4375
10.4282	59.2409	0.0825083	73.4375
10.4458	59.3234	0	73.4375
10.4484	59.3647	0.0825083	73.4375
10.4496	59.4472	0	73.4375
10.4749	59.4472	0	74.4792
10.4768	59.4884	0.0825083	74.4792
10.4777	59.571	0	74.4792
10.4839	59.6122	0.0825083	74.4792
10.4971	59.6947	0	74.4792
10.6131	59.6947	0	75
10.6175	59.736	0.0825083	75
10.618	59.8185	0	75
10.6225	59.8597	0.0825083	75
10.6274	59.901	0.165017	75
10.6281	59.9835	0.0825083	75
10.6697	60.066	0	75
10.6907	60.066	0	76.0417
10.6913	60.1073	0.0825083	76.0417
10.7391	60.1898	0	76.0417
10.7399	60.231	0.0825083	76.0417
10.7907	60.3135	0	76.0417
10.7948	60.3135	0.0825083	76.0417
10.8088	60.396	0	76.0417
10.8148	60.4373	0.0825083	76.0417
10.8226	60.5198	0	76.0417
10.824	60.5611	0.0825083	76.0417
10.8504	60.6436	0	76.0417
10.8564	60.6848	0.0825083	76.0417
10.8708	60.7673	0	76.0417
10.8731	60.7673	0	77.0833
10.8747	60.7673	0.0825083	77.0833
10.8764	60.7673	0.165017	77.0833
10.8777	60.8498	0.0825083	77.0833
10.9258	60.9323	0	77.0833
10.9278	60.9736	0.0825083	77.0833
10.9301	60.9736	0.247525	77.0833
10.9305	61.0561	0.165017	77.0833
10.931	61.1386	0.0825083	77.0833
10.9553	61.2211	0	77.0833
10.9563	61.2211	0.0825083	77.0833
10.9909	61.3036	0	77.0833
10.9911	61.3449	0.0825083	77.0833
11.0134	61.4274	0	77.0833
11.0147	61.4274	0.165017	77.0833
11.0148	61.4686	0.247525	77.0833
11.0188	61.5512	0.165017	77.0833
11.0236	61.6337	0.0825083	77.0833
11.0623	61.7162	0	77.0833
11.0624	61.7162	0.0825083	77.0833
11.1383	61.7987	0	77.0833
11.1756	61.7987	0	77.6042
11.1758	61.8399	0.0825083	77.6042
11.2258	61.9224	0	77.6042
11.2279	61.9224	0.165017	77.6042
11.2281	61.9224	0.165017	78.6458
11.2317	62.005	0.0825083	78.6458
11.2566	62.0875	0	78.6458
11.2568	62.1287	0.0825083	78.6458
11.2614	62.17	0.165017	78.6458
11.2614	62.2112	0.247525	78.6458
11.2631	62.2937	0.165017	78.6458
11.2632	62.3762	0.0825083	78.6458
11.2853	62.4587	0	78.6458
11.2853	62.5	0.0825083	78.6458
11.2869	62.5825	0	78.6458
11.289	62.5825	0.0825083	78.6458
11.2924	62.665	0	78.6458
11.2936	62.665	0.165017	78.6458
11.2936	62.7475	0.0825083	78.6458
11.3256	62.83	0	78.6458
11.329	62.83	0.0825083	78.6458
11.3357	62.9125	0	78.6458
11.3359	62.9538	0.0825083	78.6458
11.3621	63.0363	0	78.6458
11.3621	63.0363	0.0825083	78.6458
11.3663	63.1188	0	78.6458
11.3677	63.1601	0.0825083	78.6458
11.4102	63.2426	0	78.6458
11.4118	63.2426	0.165017	78.6458
11.416	63.3251	0.0825083	78.6458
11.4802	63.4076	0	78.6458
11.483	63.4076	0.165017	78.6458
11.4842	63.4901	0.0825083	78.6458
11.4883	63.5726	0	78.6458
11.4906	63.6139	0.0825083	78.6458
11.493	63.6964	0	78.6458
11.4935	63.6964	0.165017	78.6458
11.4936	63.7789	0.0825083	78.6458
11.5057	63.8614	0	78.6458
11.5062	63.8614	0.165017	78.6458
11.5082	63.9439	0.0825083	78.6458
11.5118	64.0264	0	78.6458
11.5125	64.0677	0.0825083	78.6458
11.5694	64.1502	0	78.6458
11.5702	64.1914	0.0825083	78.6458
11.6108	64.2739	0	78.6458
11.6357	64.2739	0	79.1667
11.643	64.3152	0.0825083	79.1667
11.6563	64.3977	0	79.1667
11.6593	64.4389	0.0825083	79.1667
11.7034	64.5215	0	79.1667
11.7112	64.5627	0.0825083	79.1667
11.716	64.6452	0	79.1667
11.7169	64.6865	0.0825083	79.1667
11.8467	64.769	0	79.1667
11.8845	64.769	0	79.6875
11.885	64.8102	0.0825083	79.6875
11.9529	64.8927	0	79.6875
11.9536	64.8927	0.0825083	79.6875
12.0759	64.9753	0	79.6875
12.0766	65.0165	0.0825083	79.6875
12.0999	65.099	0	79.6875
12.105	65.1403	0.0825083	79.6875
12.1526	65.2228	0	79.6875
12.1545	65.264	0.0825083	79.6875
12.1738	65.3465	0	79.6875
12.1794	65.3465	0	80.7292
12.181	65.3465	0.0825083	80.7292
12.2074	65.429	0	80.7292
12.2078	65.4703	0.0825083	80.7292
12.2212	65.5528	0	80.7292
12.2364	65.5528	0	81.7708
12.2368	65.5528	0.165017	81.7708
12.2373	65.5528	0.330033	81.7708
12.238	65.6353	0.247525	81.7708
12.2386	65.7178	0.165017	81.7708
12.2389	65.8003	0.0825083	81.7708
12.242	65.8828	0	81.7708
12.2432	65.9241	0.0825083	81.7708
12.282	66.0066	0	81.7708
12.2825	66.0479	0.0825083	81.7708
12.3209	66.1304	0	81.7708
12.4392	66.1304	0	82.8125
12.442	66.1716	0.0825083	82.8125
12.5408	66.2541	0	82.8125
12.5425	66.2954	0.0825083	82.8125
12.5437	66.3779	0	82.8125
12.5706	66.3779	0	83.3333
12.6001	66.3779	0	83.8542
12.6004	66.4191	0.0825083	83.8542
12.6055	66.5016	0	83.8542
12.6199	66.5016	0	84.375
12.6207	66.5016	0.165017	84.375
12.6211	66.5842	0.0825083	84.375
12.6429	66.6667	0	84.375
12.6442	66.7079	0.0825083	84.375
12.6444	66.7079	0.165017	84.375
12.6484	66.7904	0.0825083	84.375
12.6487	66.8729	0	84.375
12.6487	66.9142	0.0825083	84.375
12.6586	66.9967	0	84.375
12.6599	67.038	0.0825083	84.375
12.7115	67.1205	0	84.375
12.7116	67.1617	0.0825083	84.375
12.8546	67.2442	0	84.375
12.8569	67.2855	0.0825083	84.375
12.87	67.368	0	84.375
12.8731	67.368	0.0825083	84.375
13.0739	67.4505	0	84.375
13.075	67.4505	0.165017	84.375
13.0756	67.533	0.0825083	84.375
13.107	67.6155	0	84.375
13.1084	67.6155	0.165017	84.375
13.1112	67.698	0.0825083	84.375
13.1127	67.7805	0	84.375
13.1143	67.8218	0.0825083	84.375
13.1855	67.9043	0	84.375
13.1877	67.9455	0.0825083	84.375
13.1886	68.0281	0	84.375
13.1926	68.0693	0.0825083	84.375
13.3159	68.1518	0	84.375
13.3162	68.1518	0.165017	84.375
13.3175	68.2343	0.0825083	84.375
13.328	68.3168	0	84.375
13.3302	68.3168	0.165017	84.375
13.3314	68.3993	0.0825083	84.375
13.3617	68.4818	0	84.375
13.3644	68.5231	0.0825083	84.375
13.4515	68.6056	0	84.375
13.455	68.6469	0.0825083	84.375
13.5466	68.7294	0	84.375
13.547	68.7706	0.0825083	84.375
13.6486	68.8531	0	84.375
13.6576	68.8531	0.165017	84.375
13.6618	68.8944	0.247525	84.375
13.676	68.9769	0.165017	84.375
13.676	69.0182	0.247525	84.375
13.7932	69.1007	0.165017	84.375
13.7944	69.1007	0.330033	84.375
13.7944	69.1832	0.247525	84.375
13.7946	69.2244	0.330033	84.375
13.7948	69.3069	0.247525	84.375
13.8161	69.3894	0.165017	84.375
13.8169	69.4307	0.247525	84.375
13.8218	69.5132	0.165017	84.375
13.8683	69.5957	0.0825083	84.375
13.9136	69.5957	0.0825083	85.4167
14.0715	69.5957	0.0825083	86.4583
14.0787	69.6782	0	86.4583
14.0792	69.7195	0.0825083	86.4583
14.1416	69.802	0	86.4583
14.1538	69.802	0	86.9792
14.1548	69.8432	0.0825083	86.9792
14.1865	69.9257	0	86.9792
14.1874	69.967	0.0825083	86.9792
14.2006	70.0495	0	86.9792
14.2012	70.0908	0.0825083	86.9792
14.2819	70.1733	0	86.9792
14.2826	70.2145	0.0825083	86.9792
14.3097	70.297	0	86.9792
14.3105	70.297	0.165017	86.9792
14.3114	70.3795	0.0825083	86.9792
14.3212	70.462	0	86.9792
14.3213	70.5033	0.0825083	86.9792
14.3499	70.5858	0	86.9792
14.3512	70.6271	0.0825083	86.9792
14.4195	70.7096	0	86.9792
14.4218	70.7508	0.0825083	86.9792
14.487	70.8333	0	86.9792
14.4912	70.8746	0.0825083	86.9792
14.6	70.9571	0	86.9792
14.6005	70.9984	0.0825083	86.9792
14.6237	71.0809	0	86.9792
14.6257	71.1221	0.0825083	86.9792
14.691	71.2046	0	86.9792
14.7024	71.2046	0.0825083	86.9792
14.7761	71.2871	0	86.9792
14.7768	71.2871	0.165017	86.9792
14.778	71.3696	0.0825083	86.9792
14.8022	71.4521	0	86.9792
14.8029	71.4521	0.0825083	86.9792
14.805	71.4521	0.247525	86.9792
14.8083	71.5347	0.165017	86.9792
14.8094	71.6172	0.0825083	86.9792
14.9002	71.6997	0	86.9792
14.9057	71.6997	0.165017	86.9792
14.9065	71.7409	0.247525	86.9792
14.9622	71.8234	0.165017	86.9792
14.9702	71.9059	0.0825083	86.9792
14.9725	71.9472	0.165017	86.9792
14.9944	72.0297	0.0825083	86.9792
14.9978	72.071	0.165017	86.9792
15.0628	72.1535	0.0825083	86.9792
15.0635	72.1947	0.165017	86.9792
15.0705	72.2772	0.0825083	86.9792
15.0725	72.2772	0.247525	86.9792
15.0832	72.3597	0.165017	86.9792
15.085	72.401	0.247525	86.9792
15.0857	72.4835	0.165017	86.9792
15.168	72.566	0.0825083	86.9792
15.1701	72.6073	0.165017	86.9792
15.1771	72.6898	0.0825083	86.9792
15.1779	72.731	0.165017	86.9792
15.1958	72.8135	0.0825083	86.9792
15.1992	72.8548	0.165017	86.9792
15.2335	72.9373	0.0825083	86.9792
15.2346	72.9785	0.165017	86.9792
15.356	73.0611	0.0825083	86.9792
15.3572	73.1023	0.165017	86.9792
15.3867	73.1848	0.0825083	86.9792
15.3875	73.2261	0.165017	86.9792
15.3925	73.3086	0.0825083	86.9792
15.3952	73.3498	0.165017	86.9792
15.4381	73.4323	0.0825083	86.9792
15.4419	73.4323	0.247525	86.9792
15.4421	73.5149	0.165017	86.9792
15.4619	73.5974	0.0825083	86.9792
15.4666	73.6386	0.165017	86.9792
15.5307	73.7211	0.0825083	86.9792
15.5312	73.7624	0.165017	86.9792
15.5317	73.7624	0.247525	86.9792
15.5322	73.8449	0.165017	86.9792
15.5354	73.9274	0.0825083	86.9792
15.707	74.0099	0	86.9792
15.7084	74.0099	0.0825083	86.9792
15.7084	74.0512	0.165017	86.9792
15.7093	74.1337	0.0825083	86.9792
15.7826	74.2162	0	86.9792
15.7831	74.2162	0.165017	86.9792
15.7848	74.2987	0.0825083	86.9792
15.8051	74.3812	0	86.9792
15.8055	74.3812	0.0825083	86.9792
15.8675	74.4637	0	86.9792
15.9037	74.4637	0	88.0208
15.9038	74.505	0.0825083	88.0208
15.9136	74.5875	0	88.0208
15.9157	74.6287	0.0825083	88.0208
16.0484	74.7112	0	88.0208
16.0498	74.7112	0.0825083	88.0208
16.0503	74.7937	0	88.0208
16.0543	74.7937	0.165017	88.0208
16.0645	74.8762	0.0825083	88.0208
16.1037	74.9587	0	88.0208
16.1049	75	0.0825083	88.0208
16.254	75.0825	0	88.0208
16.2559	75.1238	0.0825083	88.0208
16.2598	75.2063	0	88.0208
16.2649	75.2475	0.0825083	88.0208
16.3068	75.33	0	88.0208
16.3084	75.33	0.0825083	88.0208
16.3112	75.4125	0	88.0208
16.3203	75.4538	0.0825083	88.0208
16.3639	75.5363	0	88.0208
16.3662	75.5776	0.0825083	88.0208
16.4163	75.6601	0	88.0208
16.417	75.7013	0.0825083	88.0208
16.4707	75.7838	0	88.0208
16.4708	75.8251	0.0825083	88.0208
16.4898	75.9076	0	88.0208
16.4905	75.9488	0.0825083	88.0208
16.5076	76.0314	0	88.0208
16.5077	76.0726	0.0825083	88.0208
16.5287	76.1551	0	88.0208
16.5803	76.1551	0	89.0625
16.5814	76.1964	0.0825083	89.0625
16.6315	76.2789	0	89.0625
16.6347	76.3201	0.0825083	89.0625
16.6437	76.4026	0	89.0625
16.644	76.4026	0.165017	89.0625
16.6443	76.4851	0.0825083	89.0625
16.6842	76.5677	0	89.0625
16.6854	76.6089	0.0825083	89.0625
16.7148	76.6914	0	89.0625
16.7162	76.6914	0.165017	89.0625
16.7168	76.7739	0.0825083	89.0625
16.8124	76.8564	0	89.0625
16.8169	76.8977	0.0825083	89.0625
16.9961	76.9802	0	89.0625
16.998	77.0215	0.0825083	89.0625
17.025	77.104	0	89.0625
17.0256	77.1452	0.0825083	89.0625
17.1049	77.2277	0	89.0625
17.1079	77.269	0.0825083	89.0625
17.2402	77.3515	0	89.0625
17.2408	77.3515	0.165017	89.0625
17.243	77.434	0.0825083	89.0625
17.3473	77.5165	0	89.0625
17.3492	77.5578	0.0825083	89.0625
17.4434	77.6403	0	89.0625
17.4439	77.6815	0.0825083	89.0625
17.4753	77.764	0	89.0625
17.4774	77.8053	0.0825083	89.0625
17.4996	77.8878	0	89.0625
17.5011	77.929	0.0825083	89.0625
17.6796	78.0116	0	89.0625
17.6809	78.0528	0.0825083	89.0625
17.7535	78.1353	0	89.0625
17.7543	78.1766	0.0825083	89.0625
17.9092	78.2591	0	89.0625
17.9106	78.3003	0.0825083	89.0625
17.9941	78.3828	0	89.0625
17.9963	78.4241	0.0825083	89.0625
18.0481	78.5066	0	89.0625
18.0484	78.5479	0.0825083	89.0625
18.0536	78.6304	0	89.0625
18.0607	78.6304	0	90.1042
18.0617	78.6716	0.0825083	90.1042
18.2084	78.7541	0	90.1042
18.2091	78.7541	0.165017	90.1042
18.2185	78.8366	0.0825083	90.1042
18.3552	78.9191	0	90.1042
18.357	78.9604	0.0825083	90.1042
18.4332	79.0429	0	90.1042
18.4446	79.0842	0.0825083	90.1042
18.4698	79.1667	0	90.1042
18.47	79.1667	0.0825083	90.1042
18.6533	79.2492	0	90.1042
18.6582	79.2492	0.0825083	90.1042
18.7852	79.3317	0	90.1042
18.7882	79.3317	0.165017	90.1042
18.7895	79.4142	0.0825083	90.1042
18.9421	79.4967	0	90.1042
18.9421	79.4967	0.0825083	90.1042
19.0055	79.5792	0	90.1042
19.0075	79.6205	0.0825083	90.1042
19.0709	79.703	0	90.1042
19.0717	79.7442	0.0825083	90.1042
19.072	79.8267	0	90.1042
19.0724	79.8267	0.165017	90.1042
19.0732	79.9092	0.0825083	90.1042
19.2873	79.9918	0	90.1042
19.2891	80.033	0.0825083	90.1042
19.3327	80.1155	0	90.1042
19.3394	80.1568	0.0825083	90.1042
19.3668	80.2393	0	90.1042
19.3707	80.2805	0.0825083	90.1042
19.3878	80.363	0	90.1042
19.3907	80.363	0.0825083	90.1042
19.4779	80.4455	0	90.1042
19.4789	80.4868	0.0825083	90.1042
19.5236	80.5693	0	90.1042
19.5268	80.6106	0.0825083	90.1042
19.6354	80.6931	0	90.1042
19.6388	80.7343	0.0825083	90.1042
19.6419	80.8168	0	90.1042
19.6428	80.8581	0.0825083	90.1042
19.6547	80.9406	0	90.1042
19.6568	80.9406	0.165017	90.1042
19.6604	81.0231	0.0825083	90.1042
19.6938	81.1056	0	90.1042
19.6946	81.1056	0.165017	90.1042
19.7136	81.1881	0.0825083	90.1042
19.7151	81.2294	0.165017	90.1042
19.784	81.3119	0.0825083	90.1042
19.7842	81.3531	0.165017	90.1042
19.7994	81.4356	0.0825083	90.1042
19.8005	81.4769	0.165017	90.1042
19.9452	81.5594	0.0825083	90.1042
19.9554	81.6007	0.165017	90.1042
20.1545	81.6832	0.0825083	90.1042
20.1874	81.6832	0.0825083	91.1458
20.2551	81.7244	0.165017	91.1458
20.2659	81.7657	0.247525	91.1458
20.3426	81.8482	0.165017	91.1458
20.3427	81.8482	0.330033	91.1458
20.343	81.9307	0.247525	91.1458
20.4311	82.0132	0.165017	91.1458
20.4328	82.0545	0.247525	91.1458
20.5112	82.137	0.165017	91.1458
20.5128	82.137	0.330033	91.1458
20.5169	82.2195	0.247525	91.1458
20.6721	82.302	0.165017	91.1458
20.6734	82.302	0.247525	91.1458
20.7624	82.3845	0.165017	91.1458
20.7628	82.4257	0.247525	91.1458
20.7982	82.5082	0.165017	91.1458
20.8001	82.5082	0.247525	91.1458
20.8773	82.5908	0.165017	91.1458
20.8787	82.632	0.247525	91.1458
20.9227	82.7145	0.165017	91.1458
20.9533	82.7145	0.165017	91.6667
20.9535	82.7145	0.247525	91.6667
21.0085	82.797	0.165017	91.6667
21.0097	82.797	0.330033	91.6667
21.0113	82.8795	0.247525	91.6667
21.1042	82.962	0.165017	91.6667
21.1057	83.0033	0.247525	91.6667
21.1259	83.0858	0.165017	91.6667
21.126	83.0858	0.330033	91.6667
21.1308	83.1683	0.247525	91.6667
21.2129	83.2508	0.165017	91.6667
21.2168	83.2508	0.165017	92.7083
21.2202	83.2508	0.165017	93.75
21.2218	83.2921	0.247525	93.75
21.3274	83.3746	0.165017	93.75
21.3297	83.4158	0.247525	93.75
21.3698	83.4984	0.165017	93.75
21.37	83.4984	0.330033	93.75
21.3707	83.5809	0.247525	93.75
21.3721	83.6221	0.330033	93.75
21.375	83.7046	0.247525	93.75
21.4377	83.7871	0.165017	93.75
21.4383	83.8284	0.247525	93.75
21.5386	83.9109	0.165017	93.75
21.5392	83.9109	0.330033	93.75
21.5392	83.9934	0.247525	93.75
21.5403	84.0759	0.165017	93.75
21.5424	84.0759	0.330033	93.75
21.5469	84.1584	0.247525	93.75
21.6179	84.2409	0.165017	93.75
21.6208	84.2822	0.247525	93.75
21.672	84.3647	0.165017	93.75
21.7052	84.3647	0.247525	93.75
21.7086	84.4472	0.165017	93.75
21.7088	84.4884	0.247525	93.75
21.8566	84.571	0.165017	93.75
21.8597	84.571	0.330033	93.75
21.8614	84.6535	0.247525	93.75
21.8843	84.736	0.165017	93.75
21.9436	84.7772	0.247525	93.75
21.944	84.7772	0.412541	93.75
21.9609	84.8597	0.330033	93.75
22.0664	84.9422	0.247525	93.75
22.0681	84.9835	0.330033	93.75
22.1724	85.066	0.247525	93.75
22.1727	85.1073	0.330033	93.75
22.2088	85.1898	0.247525	93.75
22.2095	85.1898	0.412541	93.75
22.2099	85.2723	0.330033	93.75
22.224	85.3548	0.247525	93.75
22.2247	85.3548	0.412541	93.75
22.2252	85.4373	0.330033	93.75
22.3343	85.5198	0.247525	93.75
22.3355	85.5611	0.330033	93.75
22.3926	85.6436	0.247525	93.75
22.4725	85.7261	0.165017	93.75
22.4726	85.7673	0.247525	93.75
22.478	85.8498	0.165017	93.75
22.4782	85.8498	0.330033	93.75
22.4803	85.9323	0.247525	93.75
22.6943	86.0149	0.165017	93.75
22.6965	86.0561	0.247525	93.75
22.8237	86.1386	0.165017	93.75
22.825	86.1799	0.247525	93.75
22.8811	86.2624	0.165017	93.75
22.8818	86.2624	0.330033	93.75
22.8852	86.3449	0.247525	93.75
22.9498	86.4274	0.165017	93.75
22.9544	86.4686	0.247525	93.75
23.0525	86.5512	0.165017	93.75
23.0534	86.5512	0.247525	93.75
23.1925	86.6337	0.165017	93.75
23.193	86.6749	0.247525	93.75
23.3342	86.7574	0.165017	93.75
23.3358	86.7987	0.247525	93.75
23.3458	86.8812	0.165017	93.75
23.3466	86.8812	0.247525	93.75
23.3475	86.9224	0.330033	93.75
23.3477	87.005	0.247525	93.75
23.3881	87.0875	0.165017	93.75
23.3887	87.1287	0.247525	93.75
23.5447	87.2112	0.165017	93.75
23.6324	87.2112	0.165017	94.7917
23.6575	87.2937	0.0825083	94.7917
23.6576	87.335	0.165017	94.7917
23.6944	87.4175	0.0825083	94.7917
23.8487	87.5	0	94.7917
23.8515	87.5	0.165017	94.7917
23.8539	87.5825	0.0825083	94.7917
23.9117	87.665	0	94.7917
23.9121	87.665	0.165017	94.7917
23.9124	87.7063	0.247525	94.7917
23.9125	87.7888	0.165017	94.7917
23.9158	87.8713	0.0825083	94.7917
24.078	87.9538	0	94.7917
24.0799	87.995	0.0825083	94.7917
24.2445	88.0776	0	94.7917
24.2448	88.1188	0.0825083	94.7917
24.3492	88.2013	0	94.7917
24.3501	88.2426	0.0825083	94.7917
24.5856	88.3251	0	94.7917
24.5866	88.3663	0.0825083	94.7917
24.711	88.4488	0	94.7917
24.7119	88.4901	0.0825083	94.7917
24.7121	88.5726	0	94.7917
24.7138	88.6139	0.0825083	94.7917
24.7736	88.6964	0	94.7917
24.7755	88.7376	0.0825083	94.7917
24.9378	88.8201	0	94.7917
24.9399	88.8201	0.165017	94.7917
24.9417	88.9026	0.0825083	94.7917
24.9864	88.9851	0	94.7917
24.9926	88.9851	0	95.8333
24.993	88.9851	0.165017	95.8333
24.9937	89.0677	0.0825083	95.8333
25.0689	89.1502	0	95.8333
25.0696	89.1914	0.0825083	95.8333
25.1462	89.2739	0	95.8333
25.1485	89.2739	0.0825083	95.8333
25.528	89.3564	0	95.8333
25.529	89.3564	0.0825083	95.8333
25.5965	89.4389	0	95.8333
25.5993	89.4802	0.0825083	95.8333
26.3134	89.5627	0	95.8333
26.3222	89.604	0.0825083	95.8333
26.4606	89.6865	0	95.8333
26.4608	89.7277	0.0825083	95.8333
26.6497	89.8102	0	95.8333
26.6946	89.8102	0	96.875
26.6952	89.8515	0.0825083	96.875
26.9187	89.934	0	96.875
26.9195	89.9753	0.0825083	96.875
27.4445	90.0578	0	96.875
27.446	90.0578	0.0825083	96.875
27.7652	90.1403	0	96.875
27.7681	90.1815	0.0825083	96.875
28.169	90.264	0	96.875
28.1699	90.264	0.165017	96.875
28.1704	90.3465	0.0825083	96.875
28.419	90.429	0	96.875
28.4213	90.4703	0.0825083	96.875
28.6228	90.5528	0	96.875
28.6229	90.5941	0.0825083	96.875
28.6689	90.6766	0	96.875
28.6693	90.7178	0.0825083	96.875
28.8403	90.8003	0	96.875
28.8408	90.8003	0.165017	96.875
28.8434	90.8828	0.0825083	96.875
28.844	90.9653	0	96.875
28.8464	91.0066	0.0825083	96.875
28.9178	91.0891	0	96.875
28.9189	91.1304	0.0825083	96.875
28.9958	91.2129	0	96.875
28.9978	91.2129	0.165017	96.875
28.9981	91.2954	0.0825083	96.875
29.0234	91.3779	0	96.875
29.0254	91.4191	0.0825083	96.875
29.1695	91.5016	0	96.875
29.1707	91.5016	0.165017	96.875
29.1724	91.5842	0.0825083	96.875
29.2513	91.6667	0	96.875
29.2518	91.7079	0.0825083	96.875
29.8129	91.7904	0	96.875
29.8147	91.8317	0.0825083	96.875
29.8641	91.9142	0	96.875
29.8664	91.9554	0.0825083	96.875
29.9174	92.038	0	96.875
29.9189	92.038	0.165017	96.875
29.9226	92.1205	0.0825083	96.875
30.2011	92.203	0	96.875
30.2015	92.2442	0.0825083	96.875
30.3526	92.3267	0	96.875
30.3556	92.368	0.0825083	96.875
30.3562	92.4505	0	96.875
30.3653	92.4505	0.0825083	96.875
30.3655	92.4918	0.165017	96.875
30.3658	92.5743	0.0825083	96.875
30.4872	92.6568	0	96.875
30.4886	92.698	0.0825083	96.875
30.7775	92.7805	0	96.875
30.7775	92.7805	0.0825083	96.875
30.8019	92.863	0	96.875
30.8042	92.9043	0.0825083	96.875
30.9332	92.9868	0	96.875
30.934	93.0281	0.0825083	96.875
31.0209	93.1106	0	96.875
31.021	93.1518	0.0825083	96.875
31.0883	93.2343	0	96.875
31.0908	93.2756	0.0825083	96.875
31.4221	93.3581	0	96.875
31.4226	93.3581	0.165017	96.875
31.4241	93.4406	0.0825083	96.875
31.6555	93.5231	0	96.875
31.6604	93.5644	0.0825083	96.875
31.8093	93.6469	0	96.875
31.8105	93.6469	0.165017	96.875
31.8111	93.7294	0.0825083	96.875
31.8448	93.8119	0	96.875
31.8531	93.8531	0.0825083	96.875
32.0716	93.9356	0	96.875
32.0755	93.9356	0.0825083	96.875
32.3266	94.0182	0	96.875
32.3356	94.0594	0.0825083	96.875
32.826	94.1419	0	96.875
32.8304	94.1419	0.0825083	96.875
32.852	94.2244	0	96.875
32.8569	94.2244	0.0825083	96.875
33.0977	94.3069	0	96.875
33.1007	94.3482	0.0825083	96.875
34.2728	94.4307	0	96.875
34.2751	94.4719	0.0825083	96.875
35.1242	94.5545	0	96.875
35.1265	94.5545	0.165017	96.875
35.1272	94.637	0.0825083	96.875
35.5924	94.7195	0	96.875
35.5941	94.7607	0.0825083	96.875
35.8985	94.8432	0	96.875
35.9031	94.8845	0.0825083	96.875
36.3032	94.967	0	96.875
36.4217	95.0082	0.0825083	96.875
36.4236	95.0495	0.165017	96.875
36.7245	95.132	0.0825083	96.875
36.7255	95.132	0.247525	96.875
36.7346	95.2145	0.165017	96.875
37.0617	95.297	0.0825083	96.875
37.0618	95.297	0.247525	96.875
37.0637	95.3795	0.165017	96.875
37.9235	95.462	0.0825083	96.875
37.9259	95.462	0.247525	96.875
37.9291	95.5446	0.165017	96.875
38.0316	95.6271	0.0825083	96.875
38.0319	95.6683	0.165017	96.875
38.4409	95.7508	0.0825083	96.875
38.4429	95.7921	0.165017	96.875
38.813	95.8746	0.0825083	96.875
38.8158	95.8746	0.247525	96.875
39.0014	95.9571	0.165017	96.875
39.3002	96.0396	0.0825083	96.875
39.3012	96.0396	0.247525	96.875
39.3035	96.1221	0.165017	96.875
39.5212	96.2046	0.0825083	96.875
39.5245	96.2459	0.165017	96.875
39.762	96.3284	0.0825083	96.875
39.7657	96.3696	0.165017	96.875
40.2497	96.4521	0.0825083	96.875
40.5191	96.4521	0.0825083	97.9167
41.0408	96.4521	0.247525	97.9167
41.0552	96.5347	0.165017	97.9167
42.2719	96.6172	0.0825083	97.9167
42.2724	96.6584	0.165017	97.9167
42.3544	96.7409	0.0825083	97.9167
42.4351	96.8234	0	97.9167
42.4405	96.8647	0.0825083	97.9167
42.7451	96.9472	0	97.9167
42.747	96.9472	0.0825083	97.9167
44.2872	97.0297	0	97.9167
44.2904	97.071	0.0825083	97.9167
44.7731	97.1535	0	97.9167
44.7759	97.1535	0.165017	97.9167
44.7804	97.236	0.0825083	97.9167
45.8975	97.3185	0	97.9167
45.8997	97.3597	0.0825083	97.9167
46.4572	97.4422	0	97.9167
46.4576	97.4835	0.0825083	97.9167
46.5432	97.566	0	97.9167
46.5443	97.6073	0.0825083	97.9167
47.2724	97.6898	0	97.9167
47.2765	97.731	0.0825083	97.9167
48.734	97.8135	0	97.9167
48.7348	97.8135	0.165017	97.9167
48.9046	97.896	0.0825083	97.9167
48.9067	97.896	0.247525	97.9167
48.911	97.9785	0.165017	97.9167
50.0243	98.0611	0.0825083	97.9167
51.9608	98.1436	0	97.9167
51.9625	98.1848	0.0825083	97.9167
58.0617	98.2673	0	97.9167
58.0646	98.3086	0.0825083	97.9167
58.6008	98.3911	0	97.9167
58.6029	98.4323	0.0825083	97.9167
58.94	98.5149	0	97.9167
58.9417	98.5149	0.165017	97.9167
58.9454	98.5974	0.0825083	97.9167
64.7443	98.6799	0	97.9167
64.7443	98.6799	0.0825083	97.9167
68.3351	98.7624	0	97.9167
68.3354	98.7624	0.165017	97.9167
68.337	98.8449	0.0825083	97.9167
90.5768	98.9274	0	97.9167
90.5803	98.9686	0.0825083	97.9167
107.615	99.0512	0	97.9167
107.616	99.0512	0.165017	97.9167
107.616	99.1337	0.0825083	97.9167
108.65	99.2162	0	97.9167
108.651	99.2574	0.0825083	97.9167
778.676	99.3399	0	97.9167
1050.65	99.3399	0	98.9583
1050.65	99.3399	0.165017	98.9583
1051.62	99.4224	0.0825083	98.9583
1540.03	99.505	0	98.9583
1921.55	99.505	0	100
1922.98	99.5462	0.0825083	100
2625.59	99.6287	0	100
2627.1	99.67	0.0825083	100
6254.45	99.7525	0	100
6255.75	99.7937	0.0825083	100
16154.1	99.8762	0	100
16154.8	99.9175	0.0825083	100
