2.54958e-06	0	0	0
1.51985e-05	0	0	0
2.44615e-05	0	0	0
3.08839e-05	0	0	0
3.13925e-05	0	0	0
3.51021e-05	0	0	0
4.36236e-05	0	0	0
6.81579e-05	0	0	0
7.59931e-05	0	0	0
8.6643e-05	0	0	0
0.000117978	0	0	0
0.000119725	0	0	0
0.000139228	0	0	0
0.000142014	0	0	0
0.000157027	0	0	0
0.000167886	0	0	0
0.000174229	0	0	0
0.000182863	0	0	0
0.000185958	0	0	0
0.000193748	0	0	0
0.0002191	0	0	0
0.000235159	0	0	0
0.000246111	0	0	0
0.000247351	0	0	0
0.000266057	0	0	0
0.000266296	0	0	0
0.000273094	0	0	0
0.000303546	0	0	0
0.000318122	0	0	0
0.000334437	0	0	0
0.000343369	0	0	0
0.000379878	0	0	0
0.000402754	0	0	0
0.00040637	0	0	0
0.000417752	0	0	0
0.00043132	0	0	0
0.000432141	0	0	0
0.000457621	0	0	0
0.000460585	0	0	0
0.000464218	0	0	0
0.000484439	0	0	0
0.000494049	0	0	0
0.000503704	0	0	0
0.000507588	0	0	0
0.000519708	0	0	0
0.000535521	0	0	0
0.000580587	0	0	0
0.000599068	0	0	0
0.000616368	0	0	0
0.000662262	0	0	0
0.000665861	0	0	0
0.000685975	0	0	0
0.000695321	0	0	0
0.00071517	0	0	0
0.000757991	0	0	0
0.000760499	0	0	0
0.000770275	0	0	0
0.000779962	0	0	0
0.000791588	0	0	0
0.000814509	0	0	0
0.000836595	0	0	0
0.000844745	0	0	0
0.000857174	0	0	0
0.000861161	0	0	0
0.000863916	0	0	0
0.00087361	0	0	0
0.00087812	0	0	0
0.000880192	0	0	0
0.000882539	0	0	0
0.000919785	0	0	0
0.000920288	0	0	0
0.000927911	0	0	0
0.000934114	0	0	0
0.000936568	0	0	0
0.00095849	0	0	0
0.00095933	0	0	0
0.000970013	0	0	0
0.000974155	0	0	0
0.000974581	0	0	0
0.000984814	0	0	0
0.000997963	0	0	0
0.00101836	0	0	0
0.00101867	0	0	0
0.00104285	0	0	0
0.00105042	0	0	0
0.00106528	0	0	0
0.00108311	0	0	0
0.00112605	0	0	0
0.00116599	0	0	0
0.00116854	0	0	0
0.00117471	0	0	0
0.00119457	0	0	0
0.00120738	0	0	0
0.00122153	0	0	0
0.00123303	0	0	0
0.00126924	0	0	0
0.00127016	0	0	0
0.00127028	0	0	0
0.00127401	0	0	0
0.00128875	0	0	0
0.00129382	0	0	0
0.0013144	0	0	0
0.00133417	0	0	0
0.00134261	0	0	0
0.00134539	0	0	0
0.00137054	0	0	0
0.00137359	0	0	0
0.00139021	0	0	0
0.00140962	0	0	0
0.00144756	0	0	0
0.00147688	0	0	0
0.00149152	0	0	0
0.00151971	0	0	0
0.00152797	0	0	0
0.00153471	0	0	0
0.00155319	0	0	0
0.0015799	0	0	0
0.00160567	0	0	0
0.0016775	0	0	0
0.00167872	0	0	0
0.00168387	0	0	0
0.00169213	0	0	0
0.00171628	0	0	0
0.00177334	0	0	0
0.00179377	0	0	0
0.00179821	0	0	0
0.00180312	0	0	0
0.00180664	0	0	0
0.0018112	0	0	0
0.00181425	0	0	0
0.00181441	0	0	0
0.00181743	0	0	0
0.0018398	0	0	0
0.00185488	0	0	0
0.00185762	0	0	0
0.00188894	0	0	0
0.00189383	0	0	0
0.00190351	0	0	0
0.00190935	0	0	0
0.00196615	0	0	0
0.00197463	0	0	0
0.00197917	0	0	0
0.00197946	0	0	0
0.00201844	0	0	0
0.00207389	0	0	0
0.00210836	0	0	0
0.00211737	0	0	0
0.00212107	0	0	0
0.0021247	0	0	0
0.00217378	0	0	0
0.00219059	0	0	0
0.00220504	0	0	0
0.00223396	0	0	0
0.00224512	0	0	0
0.0022725	0	0	0
0.00228176	0	0	0
0.00228259	0	0	0
0.00231373	0	0	0
0.00233671	0	0	0
0.00234404	0	0	0
0.00236496	0	0	0
0.00237816	0	0	0
0.00238769	0	0	0
0.00239	0	0	0
0.00239567	0	0	0
0.00240319	0	0	0
0.00241604	0	0	0
0.00244343	0	0	0
0.00244997	0	0	0
0.00246473	0	0	0
0.00246967	0	0	0
0.00247464	0	0	0
0.00252505	0	0	0
0.00256782	0	0	0
0.00265883	0	0	0
0.00266124	0	0	0
0.00269531	0	0	0
0.00272105	0	0	0
0.00272471	0	0	0
0.00272796	0	0	0
0.00272935	0	0	0
0.00273616	0	0	0
0.00275789	0	0	0
0.00276033	0	0	0
0.00280331	0	0	0
0.00280749	0	0	0
0.00284877	0	0	0
0.00286536	0	0	0
0.00290764	0	0	0
0.0029088	0	0	0
0.00291198	0	0	0
0.00300193	0	0	0
0.00301223	0	0	0
0.00304144	0	0	0
0.00305862	0	0	0
0.00306436	0	0	0
0.00309784	0	0	0
0.00310128	0	0	0
0.0031077	0	0	0
0.00312214	0	0	0
0.00313727	0	0	0
0.00315155	0	0	0
0.00317443	0	0	0
0.00318286	0	0	0
0.00330329	0	0	0
0.0033224	0	0	0
0.00334567	0	0	0
0.0033688	0	0	0
0.00337205	0	0	0
0.0034331	0	0	0
0.00343709	0	0	0
0.00344664	0	0	0
0.00347351	0	0	0
0.00348041	0	0	0
0.00351846	0	0	0
0.00353712	0	0	0
0.00354087	0	0	0
0.00355993	0	0	0
0.00357089	0	0	0
0.00362917	0	0	0
0.00363231	0	0	0
0.00363415	0	0	0
0.00364472	0	0	0
0.00364784	0	0	0
0.0036936	0	0	0
0.00371773	0	0	0
0.0037627	0	0	0
0.00377894	0	0	0
0.00383222	0	0	0
0.00383506	0	0	0
0.00386567	0	0	0
0.00388049	0	0	0
0.00388066	0	0	0
0.00389391	0	0	0
0.00389791	0	0	0
0.00390535	0	0	0
0.00390831	0	0	0
0.00392418	0	0	0
0.00394772	0	0	0
0.00395857	0	0	0
0.00396365	0	0	0
0.00396539	0	0	0
0.00397068	0	0	0
0.00399012	0	0	0
0.00399522	0	0	0
0.00400014	0	0	0
0.00400288	0	0	0
0.00401579	0	0	0
0.00402213	0	0	0
0.00403571	0	0	0
0.00405061	0	0	0
0.0040516	0	0	0
0.00407491	0	0	0
0.0040845	0	0	0
0.00409739	0	0	0
0.00411645	0	0	0
0.004129	0	0	0
0.00413344	0	0	0
0.00413352	0	0	0
0.00414175	0	0	0
0.00415223	0	0	0
0.00423637	0	0	0
0.00423898	0	0	0
0.00425406	0	0	0
0.00429255	0	0	0
0.00430366	0	0	0
0.00437134	0	0	0
0.0043739	0	0	0
0.00437717	0	0	0
0.00443429	0	0	0
0.00446348	0	0	0
0.00448227	0	0	0
0.00453505	0	0	0
0.00454576	0	0	0
0.00455757	0	0	0
0.00460897	0	0	0
0.00461995	0	0	0
0.00464923	0	0	0
0.00465107	0	0	0
0.00465236	0	0	0
0.00471729	0	0	0
0.00473114	0	0	0
0.00473409	0	0	0
0.00476093	0	0	0
0.0047745	0	0	0
0.00479666	0	0	0
0.00483826	0	0	0
0.00484484	0	0	0
0.00487305	0	0	0
0.00489467	0	0	0
0.00495014	0	0	0
0.00502833	0	0	0
0.00506735	0	0	0
0.00506958	0	0	0
0.00508934	0	0	0
0.00512951	0	0	0
0.00513334	0	0	0
0.00515161	0	0	0
0.00519591	0	0	0
0.00521332	0	0	0
0.00523424	0	0	0
0.00524458	0	0	0
0.00528341	0	0	0
0.00532915	0	0	0
0.00533239	0	0	0
0.00536856	0	0	0
0.00537245	0	0	0
0.00542044	0	0	0
0.00543235	0	0	0
0.005486	0	0	0
0.00549859	0	0	0
0.00552947	0	0	0
0.00557661	0	0	0
0.00560738	0	0	0
0.00567238	0	0	0
0.00570305	0	0	0
0.00577197	0	0	0
0.00578702	0	0	0
0.00583569	0	0	0
0.00583637	0	0	0
0.00584571	0	0	0
0.00585368	0	0	0
0.00591515	0	0	0
0.00592007	0	0	0
0.00593619	0	0	0
0.00595642	0	0	0
0.00596418	0	0	0
0.00597561	0	0	0
0.00599498	0	0	0
0.00600708	0	0	0
0.00601228	0	0	0
0.00604379	0	0	0
0.00608683	0	0	0
0.00611706	0	0	0
0.00612028	0	0	0
0.00612175	0	0	0
0.00614512	0	0	0
0.00623055	0	0	0
0.0062643	0	0	0
0.00627182	0	0	0
0.00628505	0	0	0
0.00632563	0	0	0
0.00634512	0	0	0
0.00637442	0	0	0
0.00639562	0	0	0
0.00644304	0	0	0
0.00645661	0	0	0
0.00648505	0	0	0
0.00652362	0	0	0
0.00653138	0	0	0
0.00654366	0	0	0
0.00659385	0	0	0
0.00659763	0	0	0
0.00660742	0	0	0
0.00663442	0	0	0
0.00664723	0	0	0
0.00666094	0	0	0
0.00667921	0	0	0
0.00668205	0	0	0
0.00669657	0	0	0
0.0066996	0	0	0
0.00669999	0	0	0
0.00670529	0	0	0
0.00670945	0	0	0
0.00672213	0	0	0
0.00673106	0	0	0
0.00676606	0	0	0
0.00678319	0	0	0
0.00679797	0	0	0
0.00681278	0	0	0
0.00684831	0	0	0
0.00685499	0	0	0
0.00685823	0	0	0
0.00688704	0	0	0
0.00688845	0	0	0
0.00688855	0	0	0
0.00689006	0	0	0
0.00689606	0	0	0
0.00690847	0	0	0
0.00691028	0	0	0
0.00691503	0	0	0
0.00691849	0	0	0
0.00693636	0	0	0
0.00696064	0	0	0
0.00698095	0	0	0
0.00700823	0	0	0
0.0070871	0	0	0
0.00710626	0	0	0
0.00711924	0	0	0
0.00713635	0	0	0
0.00713684	0	0	0
0.00714286	0	0	0
0.00715747	0	0	0
0.00718045	0	0	0
0.00719769	0	0	0
0.00719777	0	0	0
0.00721118	0	0	0
0.00722867	0	0	0
0.00724223	0	0	0
0.00724716	0	0	0
0.00724949	0	0	0
0.00726455	0	0	0
0.00727668	0	0	0
0.00727683	0	0	0
0.00729871	0	0	0
0.00730049	0	0	0
0.00730278	0	0	0
0.00730792	0	0	0
0.00732089	0	0	0
0.00733729	0	0	0
0.00734038	0	0	0
0.0073468	0	0	0
0.00735032	0	0	0
0.00736491	0	0	0
0.00738016	0	0	0
0.0073832	0	0	0
0.0073896	0	0	0
0.0074285	0	0	0
0.00743221	0	0	0
0.00745106	0	0	0
0.00747394	0	0	0
0.0074856	0	0	0
0.00750246	0	0	0
0.00752973	0	0	0
0.00754725	0	0	0
0.00754746	0	0	0
0.00756466	0	0	0
0.00756503	0	0	0
0.00756598	0	0	0
0.0075997	0	0	0
0.00765783	0	0	0
0.00765951	0	0	0
0.00771229	0	0	0
0.00771751	0	0	0
0.00771956	0	0	0
0.00773723	0	0	0
0.00774257	0	0	0
0.00774641	0	0	0
0.00774804	0	0	0
0.00775594	0	0	0
0.00775703	0	0	0
0.00777954	0	0	0
0.00779757	0	0	0
0.00781295	0	0	0
0.0078252	0	0	0
0.00786619	0	0	0
0.00791225	0	0	0
0.00793661	0	0	0
0.00798814	0	0	0
0.00800967	0	0	0
0.00801026	0	0	0
0.00808085	0	0	0
0.00808695	0	0	0
0.00809567	0	0	0
0.00810708	0	0	0
0.00812861	0	0	0
0.00813405	0	0	0
0.00814067	0	0	0
0.00815524	0	0	0
0.00815692	0	0	0
0.00819918	0	0	0
0.00823115	0	0	0
0.00823387	0	0	0
0.00823416	0	0	0
0.00836984	0	0	0
0.008428	0	0	0
0.00843756	0	0	0
0.00847515	0	0	0
0.00852978	0	0	0
0.00853818	0	0	0
0.00854025	0	0	0
0.00859647	0	0	0
0.0086044	0	0	0
0.00861292	0	0	0
0.00863482	0	0	0
0.00867308	0	0	0
0.00873831	0	0	0
0.00874394	0	0	0
0.00879395	0	0	0
0.00879997	0	0	0
0.00886123	0	0	0
0.00890584	0	0	0
0.00891394	0	0	0
0.00896462	0	0	0
0.0089914	0	0	0
0.00910144	0	0	0
0.00910161	0	0	0
0.00916758	0	0	0
0.00928822	0	0	0
0.00929245	0	0	0
0.0092965	0	0	0
0.00930957	0	0	0
0.00934482	0	0	0
0.0093631	0	0	0
0.00940009	0	0	0
0.00940058	0	0	0
0.00941178	0	0	0
0.00942128	0	0	0
0.00942459	0	0	0
0.0094262	0	0	0
0.00946681	0	0	0
0.00947356	0	0	0
0.00950208	0	0	0
0.00950349	0	0	0
0.009528	0	0	0
0.00956045	0	0	0
0.00956613	0	0	0
0.00957243	0	0	0
0.00958244	0	0	0
0.00958541	0	0	0
0.00958545	0	0	0
0.00960199	0	0	0
0.00960215	0	0	0
0.009614	0	0	0
0.00963595	0	0	0
0.00963597	0	0	0
0.00966994	0	0	0
0.00967338	0	0	0
0.00968352	0	0	0
0.00976093	0	0	0
0.00976597	0	0	0
0.00979704	0	0	0
0.00982548	0	0	0
0.00984455	0	0	0
0.0098656	0	0	0
0.00987718	0	0	0
0.00989411	0	0	0
0.00998582	0	0	0
0.0100238	0	0	0
0.0100671	0	0	0
0.0100924	0	0	0
0.0101111	0	0	0
0.0102289	0	0	0
0.0102483	0	0	0
0.010271	0	0	0
0.0102728	0	0	0
0.0103088	0	0	0
0.0103292	0	0	0
0.0103539	0	0	0
0.0103591	0	0	0
0.01036	0	0	0
0.0103892	0	0	0
0.0103976	0	0	0
0.0104159	0	0	0
0.0104825	0	0	0
0.010509	0	0	0
0.0105165	0	0	0
0.0105208	0	0	0
0.0105686	0	0	0
0.0105877	0	0	0
0.010599	0	0	0
0.0106033	0	0	0
0.0106111	0	0	0
0.0106377	0	0	0
0.0106694	0	0	0
0.0107375	0	0	0
0.0107858	0	0	0
0.0108149	0	0	0
0.0108373	0	0	0
0.0108457	0	0	0
0.0108468	0	0	0
0.0108919	0	0	0
0.0109352	0	0	0
0.0109462	0	0	0
0.0109901	0	0	0
0.0109914	0	0	0
0.0110159	0	0	0
0.0110483	0	0	0
0.0110745	0	0	0
0.0111148	0	0	0
0.011124	0	0	0
0.0111642	0	0	0
0.0111754	0	0	0
0.0112134	0	0	0
0.0112412	0	0	0
0.011259	0	0	0
0.011279	0	0	0
0.0112828	0	0	0
0.0112955	0	0	0
0.0113191	0	0	0
0.0113339	0	0	0
0.0114347	0	0	0
0.0114583	0	0	0
0.0115024	0	0	0
0.0115029	0	0	0
0.0115072	0	0	0
0.0115867	0	0	0
0.0115904	0	0	0
0.0115919	0	0	0
0.0115988	0	0	0
0.0116004	0	0	0
0.0116123	0	0	0
0.0116352	0	0	0
0.0116375	0	0	0
0.0116452	0	0	0
0.0116556	0	0	0
0.0117639	0	0	0
0.0117686	0	0	0
0.0118245	0	0	0
0.0118857	0	0	0
0.0118968	0	0	0
0.0119646	0	0	0
0.0120062	0	0	0
0.0120292	0	0	0
0.0121106	0	0	0
0.0121929	0	0	0
0.0122454	0	0	0
0.0122691	0	0	0
0.0122697	0	0	0
0.0122778	0	0	0
0.0122925	0	0	0
0.012346	0	0	0
0.0123542	0	0	0
0.0123847	0	0	0
0.0124269	0	0	0
0.0124364	0	0	0
0.0124563	0	0	0
0.012464	0	0	0
0.0124772	0	0	0
0.0125099	0	0	0
0.0125166	0	0	0
0.0125235	0	0	0
0.0125522	0	0	0
0.0125919	0	0	0
0.0125925	0	0	0
0.0125967	0	0	0
0.0126216	0	0	0
0.0126241	0	0	0
0.0126861	0	0	0
0.0126936	0	0	0
0.0127109	0	0	0
0.0127444	0	0	0
0.0127597	0	0	0
0.0127815	0	0	0
0.0128258	0	0	0
0.0128363	0	0	0
0.0128455	0	0	0
0.012868	0	0	0
0.0128821	0	0	0
0.0128873	0	0	0
0.0129271	0	0	0
0.0129531	0	0	0
0.0129742	0	0	0
0.0130561	0	0	0
0.0130635	0	0	0
0.0130973	0	0	0
0.0131252	0	0	0
0.0131384	0	0	0
0.0131485	0	0	0
0.0131692	0	0	0
0.0132263	0	0	0
0.0132438	0	0	0
0.0132959	0	0	0
0.0133631	0	0	0
0.0134099	0	0	0
0.013414	0	0	0
0.0134166	0	0	0
0.013432	0	0	0
0.0134542	0	0	0
0.0134944	0	0	0
0.0135227	0	0	0
0.0135561	0	0	0
0.0135638	0	0	0
0.0135726	0	0	0
0.0136575	0	0	0
0.0137217	0	0	0
0.0137288	0	0	0
0.0139894	0	0	0
0.0140262	0	0	0
0.0140492	0	0	0
0.0141724	0	0	0
0.0142265	0	0	0
0.01424	0	0	0
0.0145211	0	0	0
0.0145441	0	0	0
0.0145668	0	0	0
0.0146013	0	0	0
0.0147113	0	0	0
0.0147553	0	0	0
0.0147953	0	0	0
0.0148423	0	0	0
0.0148472	0	0	0
0.0150287	0	0	0
0.0150667	0	0	0
0.0151	0	0	0
0.0151941	0	0	0
0.015264	0	0	0
0.0153281	0	0	0
0.0153382	0	0	0
0.0153538	0	0	0
0.015373	0	0	0
0.01539	0	0	0
0.0153978	0	0	0
0.0154251	0	0	0
0.0154355	0	0	0
0.0155688	0	0	0
0.015585	0	0	0
0.0157145	0	0	0
0.0158493	0	0	0
0.0158779	0	0	0
0.0158827	0	0	0
0.0159477	0	0	0
0.0159925	0	0	0
0.0160224	0	0	0
0.0161738	0	0	0
0.0161834	0	0	0
0.0161967	0	0	0
0.0162171	0	0	0
0.016222	0	0	0
0.0162475	0	0	0
0.01628	0	0	0
0.0164283	0	0	0
0.0165423	0	0	0
0.0165433	0	0	0
0.0165443	0	0	0
0.0165579	0	0	0
0.0167545	0	0	0
0.0168128	0	0	0
0.0168487	0	0	0
0.0169698	0	0	0
0.0169715	0	0	0
0.0171015	0	0	0
0.0171077	0	0	0
0.0171987	0	0	0
0.0172264	0	0	0
0.0172565	0	0	0
0.0172954	0	0	0
0.0174649	0	0	0
0.0174696	0	0	0
0.0175169	0	0	0
0.0175251	0	0	0
0.0176439	0	0	0
0.0177951	0	0	0
0.0178553	0	0	0
0.0178766	0	0	0
0.0181006	0	0	0
0.018108	0	0	0
0.0181382	0	0	0
0.0182706	0	0	0
0.0187787	0	0	0
0.0192215	0	0	0
0.0198031	0	0	0
0.0202979	0	0	0
0.0228571	0	0	0
0.0272521	0	0	0
0.0277963	0	0.165017	0
0.0322498	0.0825083	0.0825083	0
0.0476601	0.165017	0	0
0.055801	0.165017	0	0
0.0622931	0.165017	0	0
0.0644238	0.206271	0.0825083	0
0.0728545	0.288779	0	0
0.0756167	0.288779	0	0
0.0758931	0.330033	0.0825083	0
0.0795666	0.412541	0	0
0.0803302	0.412541	0.165017	0
0.0813992	0.49505	0.0825083	0
0.103954	0.577558	0	0
0.105004	0.577558	0.165017	0
0.105837	0.660066	0.0825083	0
0.115618	0.742574	0	0
0.11637	0.783828	0.0825083	0
0.117053	0.866337	0	0
0.12322	0.866337	0	0
0.123847	0.866337	0.165017	0
0.124267	0.948845	0.0825083	0
0.125187	0.948845	0.0825083	0.515464
0.12532	0.948845	0.247525	0.515464
0.127093	1.03135	0.165017	0.515464
0.129401	1.11386	0.0825083	0.515464
0.132202	1.19637	0	0.515464
0.132451	1.23762	0.0825083	0.515464
0.132806	1.23762	0.247525	0.515464
0.134743	1.32013	0.165017	0.515464
0.135906	1.32013	0.165017	1.03093
0.136426	1.40264	0.0825083	1.03093
0.153715	1.48515	0	1.03093
0.155446	1.5264	0.0825083	1.03093
0.161498	1.60891	0	1.03093
0.163204	1.65016	0.0825083	1.03093
0.169804	1.73267	0	1.03093
0.181653	1.73267	0	1.03093
0.183699	1.73267	0.165017	1.03093
0.187732	1.81518	0.0825083	1.03093
0.188222	1.89769	0	1.03093
0.188326	1.89769	0.165017	1.03093
0.190393	1.9802	0.0825083	1.03093
0.210954	2.06271	0	1.03093
0.211665	2.10396	0.0825083	1.03093
0.225194	2.18647	0	1.03093
0.228933	2.22772	0.0825083	1.03093
0.230334	2.31023	0	1.03093
0.243073	2.31023	0	1.54639
0.245243	2.35149	0.0825083	1.54639
0.274565	2.43399	0	1.54639
0.27497	2.43399	0.165017	1.54639
0.275635	2.5165	0.0825083	1.54639
0.278898	2.59901	0	1.54639
0.279529	2.59901	0.165017	1.54639
0.281913	2.68152	0.0825083	1.54639
0.290767	2.76403	0	1.54639
0.290812	2.80528	0.0825083	1.54639
0.293131	2.88779	0	1.54639
0.296046	2.88779	0.165017	1.54639
0.298068	2.9703	0.0825083	1.54639
0.314088	3.05281	0	1.54639
0.315288	3.05281	0.0825083	1.54639
0.337584	3.13531	0	1.54639
0.338972	3.13531	0.0825083	1.54639
0.341287	3.21782	0	1.54639
0.345097	3.25908	0.0825083	1.54639
0.367711	3.34158	0	1.54639
0.36845	3.38284	0.0825083	1.54639
0.432588	3.46535	0	1.54639
0.433296	3.5066	0.0825083	1.54639
0.449967	3.58911	0	1.54639
0.450491	3.63036	0.0825083	1.54639
0.480714	3.71287	0	1.54639
0.493534	3.71287	0	2.06186
0.499441	3.71287	0	2.06186
0.501063	3.71287	0.0825083	2.06186
0.513693	3.79538	0	2.06186
0.516055	3.79538	0	2.06186
0.516683	3.79538	0.165017	2.06186
0.518074	3.87789	0.0825083	2.06186
0.535237	3.9604	0	2.06186
0.535372	4.00165	0.0825083	2.06186
0.53545	4.08416	0	2.06186
0.536699	4.08416	0.0825083	2.06186
0.540419	4.16667	0	2.06186
0.543601	4.16667	0.0825083	2.06186
0.550132	4.24918	0	2.06186
0.55062	4.29043	0.0825083	2.06186
0.551246	4.29043	0.247525	2.06186
0.55146	4.37294	0.165017	2.06186
0.553717	4.45545	0.0825083	2.06186
0.554905	4.53795	0	2.06186
0.558336	4.57921	0.0825083	2.06186
0.567993	4.66172	0	2.06186
0.579055	4.66172	0	2.57732
0.58484	4.66172	0	3.09278
0.592577	4.66172	0	3.60825
0.627089	4.66172	0	3.60825
0.627165	4.66172	0.165017	3.60825
0.62874	4.74422	0.0825083	3.60825
0.652276	4.82673	0	3.60825
0.652612	4.86799	0.0825083	3.60825
0.657217	4.9505	0	3.60825
0.659036	4.9505	0.165017	3.60825
0.661862	5.033	0.0825083	3.60825
0.662157	5.033	0.247525	3.60825
0.662162	5.11551	0.165017	3.60825
0.6624	5.19802	0.0825083	3.60825
0.665256	5.19802	0.0825083	3.60825
0.672936	5.28053	0	3.60825
0.675367	5.32178	0.0825083	3.60825
0.676376	5.36304	0.165017	3.60825
0.678206	5.44554	0.0825083	3.60825
0.68432	5.52805	0	3.60825
0.684554	5.52805	0.165017	3.60825
0.689593	5.61056	0.0825083	3.60825
0.690241	5.61056	0.165017	3.60825
0.690904	5.69307	0.0825083	3.60825
0.694082	5.77558	0	3.60825
0.694217	5.81683	0.0825083	3.60825
0.694774	5.81683	0.165017	3.60825
0.695578	5.89934	0.0825083	3.60825
0.699146	5.98185	0	3.60825
0.702447	6.0231	0.0825083	3.60825
0.725682	6.10561	0	3.60825
0.727269	6.14686	0.0825083	3.60825
0.743145	6.22937	0	3.60825
0.743507	6.22937	0	4.12371
0.7436	6.22937	0.165017	4.12371
0.745923	6.31188	0.0825083	4.12371
0.750025	6.39439	0	4.12371
0.750667	6.43564	0.0825083	4.12371
0.759452	6.51815	0	4.12371
0.766566	6.55941	0.0825083	4.12371
0.779939	6.64191	0	4.12371
0.785194	6.68317	0.0825083	4.12371
0.809217	6.76568	0	4.12371
0.824716	6.76568	0	4.63918
0.863066	6.76568	0	5.15464
0.866179	6.80693	0.0825083	5.15464
0.897836	6.88944	0	5.15464
0.898783	6.88944	0.165017	5.15464
0.899436	6.97195	0.0825083	5.15464
0.914964	7.05446	0	5.15464
0.915756	7.09571	0.0825083	5.15464
0.916215	7.17822	0	5.15464
0.916505	7.21947	0.0825083	5.15464
0.918189	7.30198	0	5.15464
0.919807	7.34323	0.0825083	5.15464
0.922245	7.42574	0	5.15464
0.923748	7.467	0.0825083	5.15464
0.928187	7.5495	0	5.15464
0.929134	7.5495	0.165017	5.15464
0.93051	7.63201	0.0825083	5.15464
0.941029	7.71452	0	5.15464
0.948835	7.71452	0	6.18557
0.954752	7.71452	0	6.70103
0.955099	7.71452	0	7.2165
0.970502	7.71452	0	7.73196
0.971626	7.71452	0.165017	7.73196
0.975415	7.79703	0.0825083	7.73196
0.976533	7.87954	0	7.73196
0.976973	7.87954	0.165017	7.73196
0.977123	7.96205	0.0825083	7.73196
1.00432	8.04455	0	7.73196
1.00646	8.08581	0.0825083	7.73196
1.01199	8.16832	0	7.73196
1.01368	8.20957	0.0825083	7.73196
1.01376	8.25082	0.165017	7.73196
1.01442	8.33333	0.0825083	7.73196
1.03264	8.41584	0	7.73196
1.0335	8.4571	0.0825083	7.73196
1.03568	8.5396	0	7.73196
1.03611	8.58086	0.0825083	7.73196
1.04269	8.66337	0	7.73196
1.04399	8.70462	0.0825083	7.73196
1.04577	8.78713	0	7.73196
1.05301	8.78713	0	8.24742
1.05413	8.78713	0.0825083	8.24742
1.08176	8.86964	0	8.24742
1.09361	8.86964	0	8.24742
1.14159	8.86964	0	8.76289
1.14312	8.91089	0.0825083	8.76289
1.17811	8.9934	0	8.76289
1.18262	8.9934	0.0825083	8.76289
1.19235	9.07591	0	8.76289
1.19269	9.07591	0.165017	8.76289
1.1935	9.11716	0.247525	8.76289
1.19352	9.19967	0.165017	8.76289
1.19365	9.28218	0.0825083	8.76289
1.19371	9.36469	0	8.76289
1.19688	9.40594	0.0825083	8.76289
1.19751	9.48845	0	8.76289
1.2038	9.5297	0.0825083	8.76289
1.21755	9.61221	0	8.76289
1.21836	9.61221	0.165017	8.76289
1.21884	9.69472	0.0825083	8.76289
1.22256	9.77723	0	8.76289
1.22362	9.81848	0.0825083	8.76289
1.22812	9.90099	0	8.76289
1.22885	9.90099	0.0825083	8.76289
1.22915	9.9835	0	8.76289
1.23679	9.9835	0	8.76289
1.23929	10.0248	0.0825083	8.76289
1.24048	10.0248	0.247525	8.76289
1.24083	10.1073	0.165017	8.76289
1.24406	10.1898	0.0825083	8.76289
1.24461	10.2723	0	8.76289
1.24479	10.3135	0.0825083	8.76289
1.26014	10.396	0	8.76289
1.26019	10.4373	0.0825083	8.76289
1.27861	10.5198	0	8.76289
1.28565	10.5198	0	8.76289
1.29117	10.5611	0.0825083	8.76289
1.29325	10.6436	0	8.76289
1.29328	10.6436	0.165017	8.76289
1.29481	10.6436	0.330033	8.76289
1.29503	10.7261	0.247525	8.76289
1.29647	10.8086	0.165017	8.76289
1.29793	10.8911	0.0825083	8.76289
1.29849	10.8911	0.0825083	9.27835
1.33707	10.9736	0	9.27835
1.33797	11.0149	0.0825083	9.27835
1.34574	11.0974	0	9.27835
1.34715	11.0974	0.165017	9.27835
1.34764	11.1799	0.0825083	9.27835
1.39488	11.2624	0	9.27835
1.411	11.2624	0	9.79381
1.41943	11.2624	0	9.79381
1.41962	11.2624	0.0825083	9.79381
1.4245	11.3449	0	9.79381
1.42507	11.3861	0.0825083	9.79381
1.43952	11.4686	0	9.79381
1.43987	11.4686	0.165017	9.79381
1.44155	11.5512	0.0825083	9.79381
1.44781	11.6337	0	9.79381
1.44856	11.6749	0.0825083	9.79381
1.46296	11.7574	0	9.79381
1.51254	11.7574	0	10.3093
1.51263	11.7987	0.0825083	10.3093
1.53043	11.8812	0	10.3093
1.53337	11.8812	0	10.8247
1.5346	11.8812	0.0825083	10.8247
1.53772	11.9637	0	10.8247
1.54256	12.005	0.0825083	10.8247
1.54924	12.0875	0	10.8247
1.55152	12.0875	0.0825083	10.8247
1.55318	12.0875	0.247525	10.8247
1.5534	12.17	0.165017	10.8247
1.55406	12.2525	0.0825083	10.8247
1.55763	12.335	0	10.8247
1.57043	12.335	0	10.8247
1.57123	12.335	0.0825083	10.8247
1.57572	12.4175	0	10.8247
1.5763	12.4587	0.0825083	10.8247
1.58012	12.5413	0	10.8247
1.58148	12.5825	0.0825083	10.8247
1.58835	12.665	0	10.8247
1.60114	12.665	0	11.3402
1.60897	12.7063	0.0825083	11.3402
1.61896	12.7888	0	11.3402
1.62167	12.7888	0	11.3402
1.62289	12.7888	0.0825083	11.3402
1.62965	12.8713	0	11.3402
1.63015	12.9125	0.0825083	11.3402
1.64041	12.995	0	11.3402
1.64082	13.0363	0.0825083	11.3402
1.64538	13.1188	0	11.3402
1.64696	13.1188	0.165017	11.3402
1.647	13.2013	0.0825083	11.3402
1.64713	13.2013	0.247525	11.3402
1.64872	13.2838	0.165017	11.3402
1.64978	13.3663	0.0825083	11.3402
1.65025	13.3663	0.0825083	11.8557
1.65998	13.4488	0	11.8557
1.66128	13.4488	0.0825083	11.8557
1.66251	13.5314	0	11.8557
1.66403	13.5314	0.165017	11.8557
1.66574	13.6139	0.0825083	11.8557
1.66668	13.6964	0	11.8557
1.66906	13.7376	0.0825083	11.8557
1.67746	13.8201	0	11.8557
1.6853	13.8201	0	12.3711
1.68531	13.8201	0	13.4021
1.69691	13.8201	0	13.9175
1.69703	13.8201	0	13.9175
1.70738	13.8201	0	13.9175
1.70774	13.8201	0.165017	13.9175
1.70871	13.9026	0.0825083	13.9175
1.71115	13.9851	0	13.9175
1.74177	13.9851	0	14.433
1.74423	13.9851	0.165017	14.433
1.75174	14.0677	0.0825083	14.433
1.75253	14.1502	0	14.433
1.75518	14.1914	0.0825083	14.433
1.75801	14.2739	0	14.433
1.76	14.3152	0.0825083	14.433
1.77396	14.3977	0	14.433
1.77468	14.4389	0.0825083	14.433
1.78915	14.5215	0	14.433
1.78961	14.5215	0	14.433
1.80274	14.5215	0	14.433
1.80789	14.5215	0	14.433
1.81182	14.5627	0.0825083	14.433
1.81452	14.6452	0	14.433
1.8189	14.6452	0	14.9485
1.82386	14.6452	0.0825083	14.9485
1.83119	14.7277	0	14.9485
1.85094	14.7277	0	15.4639
1.85641	14.7277	0	15.9794
1.85698	14.7277	0.165017	15.9794
1.85989	14.8102	0.0825083	15.9794
1.86199	14.8102	0.0825083	17.0103
1.86512	14.8927	0	17.0103
1.86524	14.8927	0.165017	17.0103
1.86719	14.9752	0.0825083	17.0103
1.86821	15.0165	0.165017	17.0103
1.86823	15.099	0.0825083	17.0103
1.87345	15.1815	0	17.0103
1.87601	15.2228	0.0825083	17.0103
1.91518	15.3053	0	17.0103
1.91617	15.3465	0.0825083	17.0103
1.93498	15.429	0	17.0103
1.96301	15.429	0	17.5258
1.9658	15.4703	0.0825083	17.5258
1.97222	15.5528	0	17.5258
1.97354	15.5528	0.0825083	17.5258
1.97483	15.6353	0	17.5258
1.97653	15.6353	0.0825083	17.5258
1.97692	15.7178	0	17.5258
1.97782	15.7591	0.0825083	17.5258
1.98605	15.8416	0	17.5258
1.98609	15.8828	0.0825083	17.5258
1.98911	15.9653	0	17.5258
1.99066	16.0066	0.0825083	17.5258
1.99158	16.0479	0.165017	17.5258
1.99269	16.0479	0.165017	18.0412
1.99316	16.1304	0.0825083	18.0412
1.99766	16.2129	0	18.0412
2.0002	16.2541	0.0825083	18.0412
2.00349	16.3366	0	18.0412
2.00638	16.3779	0.0825083	18.0412
2.00681	16.4604	0	18.0412
2.00836	16.5016	0.0825083	18.0412
2.0176	16.5842	0	18.0412
2.02437	16.5842	0	18.5567
2.02449	16.5842	0.165017	18.5567
2.02454	16.6667	0.0825083	18.5567
2.03114	16.7492	0	18.5567
2.03389	16.7904	0.0825083	18.5567
2.03884	16.8729	0	18.5567
2.03911	16.9142	0.0825083	18.5567
2.06136	16.9967	0	18.5567
2.06207	17.038	0.0825083	18.5567
2.07386	17.1205	0	18.5567
2.07454	17.1205	0.0825083	18.5567
2.09108	17.203	0	18.5567
2.09221	17.2442	0.0825083	18.5567
2.10094	17.3267	0	18.5567
2.10486	17.3267	0.0825083	18.5567
2.12662	17.4092	0	18.5567
2.12731	17.4092	0.165017	18.5567
2.12753	17.4505	0.247525	18.5567
2.12843	17.533	0.165017	18.5567
2.12848	17.6155	0.0825083	18.5567
2.1285	17.6568	0.165017	18.5567
2.1298	17.7393	0.0825083	18.5567
2.13361	17.8218	0	18.5567
2.13574	17.863	0.0825083	18.5567
2.18513	17.9455	0	18.5567
2.19776	17.9455	0	19.0722
2.19845	17.9455	0.0825083	19.0722
2.20243	18.0281	0	19.0722
2.21256	18.0281	0	19.5876
2.21299	18.0693	0.0825083	19.5876
2.21647	18.1518	0	19.5876
2.25165	18.1518	0	20.1031
2.25216	18.1931	0.0825083	20.1031
2.2622	18.2756	0	20.1031
2.26224	18.2756	0.165017	20.1031
2.26466	18.3581	0.0825083	20.1031
2.27341	18.4406	0	20.1031
2.27348	18.4818	0.0825083	20.1031
2.28193	18.5644	0	20.1031
2.28536	18.5644	0	20.6186
2.35027	18.5644	0	20.6186
2.35183	18.6056	0.0825083	20.6186
2.36964	18.6881	0	20.6186
2.37026	18.6881	0.165017	20.6186
2.37094	18.7706	0.0825083	20.6186
2.37842	18.8531	0	20.6186
2.38045	18.8531	0.0825083	20.6186
2.41664	18.9356	0	20.6186
2.42728	18.9769	0.0825083	20.6186
2.43004	19.0594	0	20.6186
2.43588	19.1007	0.0825083	20.6186
2.46487	19.1832	0	20.6186
2.46708	19.1832	0	21.134
2.46782	19.2244	0.0825083	21.134
2.46783	19.3069	0	21.134
2.46886	19.3482	0.0825083	21.134
2.47145	19.4307	0	21.134
2.47226	19.4307	0.165017	21.134
2.47234	19.5132	0.0825083	21.134
2.4791	19.5957	0	21.134
2.4962	19.5957	0	21.134
2.50046	19.5957	0	21.6495
2.50388	19.637	0.0825083	21.6495
2.52131	19.7195	0	21.6495
2.53941	19.7195	0	22.1649
2.54011	19.7607	0.0825083	22.1649
2.54016	19.8432	0	22.1649
2.54334	19.8432	0.165017	22.1649
2.54337	19.9257	0.0825083	22.1649
2.5463	19.9257	0.0825083	22.6804
2.54694	20.0083	0	22.6804
2.54907	20.0495	0.0825083	22.6804
2.55369	20.0908	0.165017	22.6804
2.58187	20.1733	0.0825083	22.6804
2.58361	20.2145	0.165017	22.6804
2.5946	20.297	0.0825083	22.6804
2.59647	20.3383	0.165017	22.6804
2.60571	20.4208	0.0825083	22.6804
2.60677	20.4208	0.247525	22.6804
2.60717	20.5033	0.165017	22.6804
2.6386	20.5858	0.0825083	22.6804
2.63881	20.5858	0.247525	22.6804
2.63912	20.6683	0.165017	22.6804
2.6767	20.7508	0.0825083	22.6804
2.677	20.7508	0.247525	22.6804
2.67792	20.7508	0.247525	23.1959
2.68008	20.8333	0.165017	23.1959
2.69257	20.9158	0.0825083	23.1959
2.69368	20.9571	0.165017	23.1959
2.70366	21.0396	0.0825083	23.1959
2.70528	21.0809	0.165017	23.1959
2.71605	21.1634	0.0825083	23.1959
2.72344	21.2046	0.165017	23.1959
2.72671	21.2871	0.0825083	23.1959
2.72758	21.2871	0.165017	23.1959
2.72769	21.3284	0.247525	23.1959
2.73154	21.4109	0.165017	23.1959
2.73308	21.4521	0.247525	23.1959
2.73344	21.5347	0.165017	23.1959
2.73365	21.6172	0.0825083	23.1959
2.75303	21.6172	0.0825083	23.7113
2.7534	21.6172	0.247525	23.7113
2.75354	21.6997	0.165017	23.7113
2.75618	21.7822	0.0825083	23.7113
2.75649	21.8234	0.165017	23.7113
2.75715	21.8647	0.247525	23.7113
2.76112	21.9472	0.165017	23.7113
2.79243	22.0297	0.0825083	23.7113
2.79362	22.0297	0.165017	23.7113
2.79874	22.1122	0.0825083	23.7113
2.80083	22.1535	0.165017	23.7113
2.81895	22.236	0.0825083	23.7113
2.82095	22.236	0.0825083	24.2268
2.82199	22.236	0.247525	24.2268
2.82919	22.3185	0.165017	24.2268
2.83713	22.401	0.0825083	24.2268
2.83761	22.401	0.165017	24.2268
2.86329	22.4835	0.0825083	24.2268
2.86374	22.5248	0.165017	24.2268
2.86522	22.6073	0.0825083	24.2268
2.86662	22.6485	0.165017	24.2268
2.87129	22.731	0.0825083	24.2268
2.89083	22.731	0.0825083	24.7423
2.90135	22.731	0.0825083	25.2577
2.90309	22.731	0.0825083	26.2887
2.906	22.7723	0.165017	26.2887
2.90733	22.8548	0.0825083	26.2887
2.90928	22.9373	0	26.2887
2.93273	22.9373	0	26.8041
2.93446	22.9373	0.165017	26.8041
2.93488	23.0198	0.0825083	26.8041
2.94268	23.1023	0	26.8041
2.97522	23.1023	0	27.8351
2.97563	23.1436	0.0825083	27.8351
3.031	23.2261	0	27.8351
3.03149	23.2673	0.0825083	27.8351
3.03181	23.3086	0.165017	27.8351
3.03851	23.3911	0.0825083	27.8351
3.04316	23.4736	0	27.8351
3.0435	23.4736	0.165017	27.8351
3.04518	23.5561	0.0825083	27.8351
3.0826	23.6386	0	27.8351
3.09129	23.6386	0	27.8351
3.09308	23.6799	0.0825083	27.8351
3.09318	23.6799	0.247525	27.8351
3.0934	23.7624	0.165017	27.8351
3.09554	23.8449	0.0825083	27.8351
3.1011	23.9274	0	27.8351
3.10176	23.9274	0.165017	27.8351
3.10441	24.0099	0.0825083	27.8351
3.12766	24.0924	0	27.8351
3.14789	24.0924	0	28.3505
3.1479	24.1337	0.0825083	28.3505
3.16735	24.2162	0	28.3505
3.18321	24.2162	0	28.866
3.18366	24.2162	0.165017	28.866
3.18405	24.2987	0.0825083	28.866
3.18832	24.3812	0	28.866
3.19034	24.4224	0.0825083	28.866
3.20043	24.5049	0	28.866
3.20131	24.5462	0.0825083	28.866
3.22914	24.6287	0	28.866
3.23208	24.6287	0	29.8969
3.23689	24.67	0.0825083	29.8969
3.26627	24.7525	0	29.8969
3.2665	24.7525	0.0825083	29.8969
3.27646	24.835	0	29.8969
3.27646	24.8762	0.0825083	29.8969
3.27753	24.9587	0	29.8969
3.28054	24.9587	0.0825083	29.8969
3.2862	25.0413	0	29.8969
3.29802	25.0413	0	29.8969
3.30011	25.0825	0.0825083	29.8969
3.30743	25.165	0	29.8969
3.30906	25.165	0.0825083	29.8969
3.34528	25.2475	0	29.8969
3.34626	25.2888	0.0825083	29.8969
3.36543	25.3713	0	29.8969
3.37031	25.4125	0.0825083	29.8969
3.39816	25.4951	0	29.8969
3.39838	25.4951	0.0825083	29.8969
3.40789	25.5776	0	29.8969
3.43848	25.5776	0	30.4124
3.44551	25.5776	0	30.9278
3.452	25.5776	0.0825083	30.9278
3.50748	25.6601	0	30.9278
3.52722	25.6601	0	31.4433
3.52796	25.7013	0.0825083	31.4433
3.54695	25.7838	0	31.4433
3.54967	25.7838	0.0825083	31.4433
3.55164	25.8663	0	31.4433
3.55208	25.8663	0.165017	31.4433
3.55553	25.9488	0.0825083	31.4433
3.56631	26.0314	0	31.4433
3.5677	26.0726	0.0825083	31.4433
3.56921	26.1551	0	31.4433
3.56948	26.1964	0.0825083	31.4433
3.59003	26.2789	0	31.4433
3.59939	26.2789	0	32.4742
3.6003	26.2789	0	32.9897
3.60706	26.2789	0.0825083	32.9897
3.61853	26.3614	0	32.9897
3.61892	26.4026	0.0825083	32.9897
3.62338	26.4851	0	32.9897
3.62383	26.4851	0.0825083	32.9897
3.62546	26.5677	0	32.9897
3.62601	26.5677	0.165017	32.9897
3.62611	26.6502	0.0825083	32.9897
3.67355	26.7327	0	32.9897
3.67633	26.7739	0.0825083	32.9897
3.68962	26.8564	0	32.9897
3.69322	26.8977	0.0825083	32.9897
3.71373	26.9802	0	32.9897
3.71395	26.9802	0.0825083	32.9897
3.74644	27.0627	0	32.9897
3.754	27.0627	0.165017	32.9897
3.75459	27.1452	0.0825083	32.9897
3.76494	27.2277	0	32.9897
3.76529	27.2277	0.165017	32.9897
3.76703	27.3102	0.0825083	32.9897
3.77322	27.3927	0	32.9897
3.77608	27.434	0.0825083	32.9897
3.78607	27.5165	0	32.9897
3.78993	27.5578	0.0825083	32.9897
3.85652	27.6403	0	32.9897
3.85996	27.6403	0	33.5052
3.86186	27.6815	0.0825083	33.5052
3.86933	27.764	0	33.5052
3.87069	27.764	0	34.0206
3.8787	27.764	0	34.5361
3.8896	27.764	0	35.0515
3.91691	27.764	0	36.0825
3.91754	27.764	0.0825083	36.0825
3.93492	27.8465	0	36.0825
3.93556	27.8878	0.0825083	36.0825
3.94962	27.9703	0	36.0825
3.95002	28.0116	0.0825083	36.0825
3.95019	28.0941	0	36.0825
3.95089	28.0941	0.165017	36.0825
3.95178	28.1766	0.0825083	36.0825
3.95222	28.1766	0.165017	36.0825
3.95247	28.2591	0.0825083	36.0825
3.95427	28.3416	0	36.0825
3.95676	28.3416	0.165017	36.0825
3.95678	28.4241	0.0825083	36.0825
3.97184	28.5066	0	36.0825
3.97393	28.5479	0.0825083	36.0825
3.99012	28.6304	0	36.0825
3.99108	28.6304	0.165017	36.0825
3.99391	28.7129	0.0825083	36.0825
3.99589	28.7954	0	36.0825
3.99982	28.8366	0.0825083	36.0825
4.0094	28.9191	0	36.0825
4.05615	28.9191	0	36.5979
4.05623	28.9191	0.165017	36.5979
4.05693	29.0016	0.0825083	36.5979
4.05713	29.0429	0.165017	36.5979
4.0577	29.1254	0.0825083	36.5979
4.06158	29.2079	0	36.5979
4.06169	29.2079	0.165017	36.5979
4.0625	29.2904	0.0825083	36.5979
4.07667	29.3729	0	36.5979
4.07724	29.4142	0.0825083	36.5979
4.08061	29.4967	0	36.5979
4.08079	29.538	0.0825083	36.5979
4.08942	29.6205	0	36.5979
4.09063	29.6617	0.0825083	36.5979
4.1049	29.7442	0	36.5979
4.11616	29.7442	0	37.6289
4.11721	29.7855	0.0825083	37.6289
4.14703	29.868	0	37.6289
4.14952	29.868	0	37.6289
4.15192	29.9092	0.0825083	37.6289
4.17199	29.9917	0	37.6289
4.17818	30.033	0.0825083	37.6289
4.17983	30.1155	0	37.6289
4.18013	30.1568	0.0825083	37.6289
4.20622	30.2393	0	37.6289
4.20762	30.2393	0.165017	37.6289
4.20991	30.3218	0.0825083	37.6289
4.21044	30.363	0.165017	37.6289
4.21052	30.4455	0.0825083	37.6289
4.22049	30.5281	0	37.6289
4.22217	30.5693	0.0825083	37.6289
4.23262	30.6518	0	37.6289
4.23464	30.6518	0.165017	37.6289
4.23834	30.7343	0.0825083	37.6289
4.24049	30.8168	0	37.6289
4.24324	30.8168	0	37.6289
4.24868	30.8168	0.0825083	37.6289
4.25665	30.8993	0	37.6289
4.25691	30.8993	0.165017	37.6289
4.25717	30.9818	0.0825083	37.6289
4.25723	31.0231	0.165017	37.6289
4.2589	31.1056	0.0825083	37.6289
4.25914	31.1881	0	37.6289
4.26541	31.2294	0.0825083	37.6289
4.345	31.3119	0	37.6289
4.34792	31.3119	0	38.6598
4.35466	31.3119	0	39.1753
4.35472	31.3531	0.0825083	39.1753
4.3729	31.4356	0	39.1753
4.37779	31.4769	0.0825083	39.1753
4.38666	31.5594	0	39.1753
4.38695	31.5594	0.165017	39.1753
4.38814	31.6419	0.0825083	39.1753
4.38855	31.6419	0.247525	39.1753
4.38935	31.7244	0.165017	39.1753
4.393	31.8069	0.0825083	39.1753
4.40892	31.8894	0	39.1753
4.40936	31.9307	0.0825083	39.1753
4.42126	32.0132	0	39.1753
4.42182	32.0132	0.0825083	39.1753
4.42963	32.0957	0	39.1753
4.4303	32.0957	0	39.6907
4.48109	32.0957	0	40.2062
4.4821	32.0957	0.165017	40.2062
4.48296	32.1782	0.0825083	40.2062
4.48325	32.1782	0.0825083	40.2062
4.50095	32.2607	0	40.2062
4.50206	32.302	0.0825083	40.2062
4.50217	32.3432	0.165017	40.2062
4.50372	32.4257	0.0825083	40.2062
4.52642	32.5083	0	40.2062
4.52672	32.5495	0.0825083	40.2062
4.56321	32.632	0	40.2062
4.5683	32.632	0	41.2371
4.56884	32.6733	0.0825083	41.2371
4.57842	32.7558	0	41.2371
4.58207	32.797	0.0825083	41.2371
4.58406	32.8795	0	41.2371
4.58587	32.8795	0.165017	41.2371
4.58835	32.962	0.0825083	41.2371
4.59666	33.0446	0	41.2371
4.59834	33.0858	0.0825083	41.2371
4.61647	33.1683	0	41.2371
4.61762	33.1683	0.165017	41.2371
4.61772	33.2508	0.0825083	41.2371
4.63094	33.3333	0	41.2371
4.66793	33.3333	0	41.7526
4.66852	33.3746	0.0825083	41.7526
4.66975	33.3746	0.247525	41.7526
4.67032	33.4571	0.165017	41.7526
4.67051	33.5396	0.0825083	41.7526
4.67861	33.6221	0	41.7526
4.68117	33.6634	0.0825083	41.7526
4.712	33.7459	0	41.7526
4.73251	33.7459	0	42.268
4.73564	33.7871	0.0825083	42.268
4.73781	33.8696	0	42.268
4.73821	33.8696	0.165017	42.268
4.73978	33.9521	0.0825083	42.268
4.76376	34.0347	0	42.268
4.76501	34.0347	0.165017	42.268
4.76522	34.1172	0.0825083	42.268
4.79517	34.1997	0	42.268
4.79599	34.2409	0.0825083	42.268
4.86252	34.3234	0	42.268
4.86436	34.3647	0.0825083	42.268
4.89705	34.4472	0	42.268
4.89864	34.4472	0	43.299
4.9001	34.4472	0.0825083	43.299
4.99138	34.5297	0	43.299
4.99365	34.571	0.0825083	43.299
4.99587	34.6535	0	43.299
4.99742	34.6535	0.165017	43.299
4.99844	34.736	0.0825083	43.299
5.00031	34.8185	0	43.299
5.00114	34.8597	0.0825083	43.299
5.0024	34.9422	0	43.299
5.00295	34.9422	0.0825083	43.299
5.006	35.0248	0	43.299
5.02032	35.0248	0	43.8144
5.02278	35.066	0.0825083	43.8144
5.02446	35.066	0.0825083	44.3299
5.02962	35.1485	0	44.3299
5.0304	35.1485	0.165017	44.3299
5.03512	35.231	0.0825083	44.3299
5.04135	35.3135	0	44.3299
5.04293	35.3548	0.0825083	44.3299
5.0442	35.4373	0	44.3299
5.04575	35.4373	0.165017	44.3299
5.04636	35.5198	0.0825083	44.3299
5.05085	35.6023	0	44.3299
5.05377	35.6436	0.0825083	44.3299
5.0538	35.6848	0.165017	44.3299
5.0558	35.7673	0.0825083	44.3299
5.09819	35.8498	0	44.3299
5.09873	35.8498	0.165017	44.3299
5.10097	35.9323	0.0825083	44.3299
5.15943	36.0149	0	44.3299
5.16047	36.0149	0.0825083	44.3299
5.18168	36.0974	0	44.3299
5.1821	36.0974	0.165017	44.3299
5.18441	36.1799	0.0825083	44.3299
5.19529	36.2624	0	44.3299
5.19819	36.3036	0.0825083	44.3299
5.20978	36.3861	0	44.3299
5.21119	36.3861	0	44.8454
5.21572	36.4274	0.0825083	44.8454
5.21886	36.5099	0	44.8454
5.21925	36.5512	0.0825083	44.8454
5.22119	36.6337	0	44.8454
5.22436	36.6749	0.0825083	44.8454
5.22449	36.6749	0.247525	44.8454
5.22476	36.7574	0.165017	44.8454
5.22798	36.8399	0.0825083	44.8454
5.26335	36.9224	0	44.8454
5.26348	36.9637	0.0825083	44.8454
5.30317	37.0462	0	44.8454
5.32683	37.0462	0	45.8763
5.32799	37.0462	0.165017	45.8763
5.3327	37.1287	0.0825083	45.8763
5.35408	37.2112	0	45.8763
5.35529	37.2525	0.0825083	45.8763
5.36847	37.335	0	45.8763
5.369	37.3762	0.0825083	45.8763
5.38716	37.4587	0	45.8763
5.3876	37.5	0.0825083	45.8763
5.39463	37.5825	0	45.8763
5.39806	37.5825	0.165017	45.8763
5.40243	37.665	0.0825083	45.8763
5.41663	37.7475	0	45.8763
5.41932	37.7888	0.0825083	45.8763
5.4407	37.8713	0	45.8763
5.44336	37.9125	0.0825083	45.8763
5.45232	37.995	0	45.8763
5.47583	37.995	0	46.3918
5.47724	38.0363	0.0825083	46.3918
5.53649	38.1188	0	46.3918
5.53691	38.1188	0.165017	46.3918
5.54193	38.2013	0.0825083	46.3918
5.54408	38.2838	0	46.3918
5.54412	38.2838	0.0825083	46.3918
5.58357	38.3663	0	46.3918
5.58711	38.3663	0	47.4227
5.58738	38.3663	0.0825083	47.4227
5.59045	38.4488	0	47.4227
5.59085	38.4901	0.0825083	47.4227
5.59746	38.5726	0	47.4227
5.59794	38.6139	0.0825083	47.4227
5.60058	38.6964	0	47.4227
5.60165	38.6964	0	47.9381
5.60225	38.6964	0.165017	47.9381
5.6031	38.7789	0.0825083	47.9381
5.62998	38.8614	0	47.9381
5.63451	38.9026	0.0825083	47.9381
5.65435	38.9851	0	47.9381
5.65456	39.0264	0.0825083	47.9381
5.65464	39.1089	0	47.9381
5.65477	39.1089	0.0825083	47.9381
5.67869	39.1914	0	47.9381
5.69402	39.1914	0	48.9691
5.76527	39.1914	0	48.9691
5.76619	39.2327	0.0825083	48.9691
5.80814	39.3152	0	48.9691
5.83561	39.3152	0	49.4845
5.83723	39.3564	0.0825083	49.4845
5.84188	39.4389	0	49.4845
5.84399	39.4389	0	50.5155
5.84429	39.4389	0.165017	50.5155
5.84474	39.5215	0.0825083	50.5155
5.88173	39.604	0	50.5155
5.89115	39.604	0	51.0309
5.92127	39.604	0	52.0619
5.92341	39.6452	0.0825083	52.0619
5.93665	39.7277	0	52.0619
5.93954	39.769	0.0825083	52.0619
5.96549	39.8515	0	52.0619
5.96905	39.8927	0.0825083	52.0619
5.98099	39.9752	0	52.0619
5.98224	40.0165	0.0825083	52.0619
6.00372	40.099	0	52.0619
6.00508	40.099	0.165017	52.0619
6.00718	40.1815	0.0825083	52.0619
6.01619	40.264	0	52.0619
6.02059	40.3053	0.0825083	52.0619
6.02484	40.3878	0	52.0619
6.02742	40.429	0.0825083	52.0619
6.0494	40.5116	0	52.0619
6.05003	40.5116	0	52.5773
6.05029	40.5116	0.165017	52.5773
6.05124	40.5941	0.0825083	52.5773
6.05848	40.6766	0	52.5773
6.05917	40.7178	0.0825083	52.5773
6.07215	40.8003	0	52.5773
6.07218	40.8003	0.165017	52.5773
6.0722	40.8828	0.0825083	52.5773
6.17652	40.9653	0	52.5773
6.21328	40.9653	0	53.0928
6.21336	40.9653	0.0825083	53.0928
6.25953	41.0479	0	53.0928
6.28443	41.0479	0	53.6082
6.28554	41.0479	0.165017	53.6082
6.2873	41.1304	0.0825083	53.6082
6.2906	41.2129	0	53.6082
6.29149	41.2129	0.0825083	53.6082
6.29397	41.2954	0	53.6082
6.29506	41.3366	0.0825083	53.6082
6.31018	41.4191	0	53.6082
6.3104	41.4604	0.0825083	53.6082
6.31268	41.5017	0.165017	53.6082
6.31363	41.5842	0.0825083	53.6082
6.33558	41.6667	0	53.6082
6.33648	41.7079	0.0825083	53.6082
6.33942	41.7904	0	53.6082
6.34161	41.8317	0.0825083	53.6082
6.35623	41.9142	0	53.6082
6.35633	41.9554	0.0825083	53.6082
6.36767	42.038	0	53.6082
6.36986	42.038	0.0825083	53.6082
6.37054	42.038	0.247525	53.6082
6.37088	42.1205	0.165017	53.6082
6.37833	42.203	0.0825083	53.6082
6.39784	42.2855	0	53.6082
6.40104	42.3267	0.0825083	53.6082
6.41893	42.4092	0	53.6082
6.41969	42.4092	0.165017	53.6082
6.42201	42.4917	0.0825083	53.6082
6.42883	42.5743	0	53.6082
6.47194	42.5743	0	54.1237
6.47253	42.5743	0.165017	54.1237
6.47444	42.6568	0.0825083	54.1237
6.48306	42.7393	0	54.1237
6.48441	42.7393	0.165017	54.1237
6.48468	42.8218	0.0825083	54.1237
6.49261	42.9043	0	54.1237
6.49999	42.9455	0.0825083	54.1237
6.52485	43.0281	0	54.1237
6.53144	43.0281	0	55.1546
6.5316	43.0693	0.0825083	55.1546
6.54151	43.1518	0	55.1546
6.54305	43.1518	0.165017	55.1546
6.54391	43.2343	0.0825083	55.1546
6.54856	43.3168	0	55.1546
6.5525	43.3168	0.0825083	55.1546
6.55463	43.3168	0.0825083	55.6701
6.57332	43.3993	0	55.6701
6.57357	43.3993	0.165017	55.6701
6.57708	43.4818	0.0825083	55.6701
6.60046	43.5644	0	55.6701
6.63435	43.5644	0	56.701
6.63463	43.6056	0.0825083	56.701
6.65874	43.6881	0	56.701
6.66029	43.6881	0.0825083	56.701
6.6808	43.7706	0	56.701
6.68198	43.8119	0.0825083	56.701
6.68626	43.8944	0	56.701
6.68979	43.8944	0.165017	56.701
6.69007	43.9769	0.0825083	56.701
6.69065	44.0182	0.165017	56.701
6.69073	44.1007	0.0825083	56.701
6.7305	44.1832	0	56.701
6.73241	44.2244	0.0825083	56.701
6.75882	44.3069	0	56.701
6.76232	44.3482	0.0825083	56.701
6.76441	44.3482	0.0825083	57.2165
6.77643	44.4307	0	57.2165
6.77684	44.4307	0.165017	57.2165
6.77745	44.5132	0.0825083	57.2165
6.80082	44.5957	0	57.2165
6.80417	44.5957	0.0825083	57.2165
6.82482	44.6782	0	57.2165
6.82493	44.7195	0.0825083	57.2165
6.84299	44.802	0	57.2165
6.84486	44.802	0.165017	57.2165
6.84545	44.8845	0.0825083	57.2165
6.85738	44.967	0	57.2165
6.87801	44.967	0	57.732
6.87933	45.0083	0.0825083	57.732
6.87974	45.0495	0.165017	57.732
6.88023	45.132	0.0825083	57.732
6.92968	45.2145	0	57.732
6.93302	45.2145	0	58.2474
6.93332	45.2558	0.0825083	58.2474
6.95417	45.3383	0	58.2474
6.95467	45.3383	0.165017	58.2474
6.95789	45.4208	0.0825083	58.2474
7.04131	45.5033	0	58.2474
7.04853	45.5446	0.0825083	58.2474
7.06421	45.6271	0	58.2474
7.06879	45.6271	0.165017	58.2474
7.07481	45.7096	0.0825083	58.2474
7.07496	45.7096	0.247525	58.2474
7.07702	45.7921	0.165017	58.2474
7.07709	45.8746	0.0825083	58.2474
7.10887	45.9571	0	58.2474
7.11058	45.9571	0.0825083	58.2474
7.11059	45.9571	0.0825083	58.2474
7.13713	46.0396	0	58.2474
7.1385	46.0809	0.0825083	58.2474
7.16602	46.1634	0	58.2474
7.20059	46.1634	0	58.7629
7.25174	46.1634	0	59.2784
7.28146	46.1634	0	59.2784
7.28228	46.2046	0.0825083	59.2784
7.29668	46.2871	0	59.2784
7.29705	46.2871	0.165017	59.2784
7.29709	46.3696	0.0825083	59.2784
7.3263	46.4521	0	59.2784
7.32708	46.4521	0.0825083	59.2784
7.34366	46.5347	0	59.2784
7.34559	46.5759	0.0825083	59.2784
7.34953	46.6584	0	59.2784
7.35124	46.6584	0	60.3093
7.35126	46.6584	0.165017	60.3093
7.3578	46.7409	0.0825083	60.3093
7.37532	46.8234	0	60.3093
7.37681	46.8647	0.0825083	60.3093
7.38075	46.9472	0	60.3093
7.51179	46.9472	0	60.8247
7.51391	46.9884	0.0825083	60.8247
7.51405	47.0297	0.165017	60.8247
7.51452	47.1122	0.0825083	60.8247
7.52095	47.1947	0	60.8247
7.60471	47.1947	0	61.3402
7.60573	47.1947	0.165017	61.3402
7.60791	47.2772	0.0825083	61.3402
7.63204	47.3597	0	61.3402
7.63384	47.401	0.0825083	61.3402
7.64129	47.4835	0	61.3402
7.64311	47.5248	0.0825083	61.3402
7.66788	47.6073	0	61.3402
7.66949	47.6485	0.0825083	61.3402
7.67704	47.731	0	61.3402
7.67766	47.7723	0.0825083	61.3402
7.68423	47.8548	0	61.3402
7.68434	47.8548	0.165017	61.3402
7.68521	47.9373	0.0825083	61.3402
7.7114	48.0198	0	61.3402
7.71215	48.0611	0.0825083	61.3402
7.71836	48.1436	0	61.3402
7.7189	48.1848	0.0825083	61.3402
7.72357	48.2673	0	61.3402
7.72631	48.3086	0.0825083	61.3402
7.73426	48.3911	0	61.3402
7.74019	48.3911	0	61.8557
7.74248	48.4323	0.0825083	61.8557
7.76071	48.5149	0	61.8557
7.76071	48.5561	0.0825083	61.8557
7.81254	48.6386	0	61.8557
7.81308	48.6799	0.0825083	61.8557
7.83521	48.7624	0	61.8557
7.83652	48.8036	0.0825083	61.8557
7.85127	48.8861	0	61.8557
7.89079	48.8861	0	62.3711
7.89253	48.8861	0.165017	62.3711
7.89465	48.9686	0.0825083	62.3711
7.90771	49.0512	0	62.3711
7.92796	49.0924	0.0825083	62.3711
7.93143	49.0924	0.165017	62.3711
7.93796	49.1749	0.0825083	62.3711
7.93857	49.2162	0.165017	62.3711
7.94488	49.2987	0.0825083	62.3711
7.94791	49.3399	0.165017	62.3711
8.01593	49.4224	0.0825083	62.3711
8.02043	49.4637	0.165017	62.3711
8.04427	49.5462	0.0825083	62.3711
8.04485	49.5462	0.165017	62.3711
8.04898	49.6287	0.0825083	62.3711
8.04963	49.67	0.165017	62.3711
8.04965	49.7525	0.0825083	62.3711
8.0518	49.7525	0.165017	62.3711
8.12871	49.835	0.0825083	62.3711
8.12994	49.835	0.247525	62.3711
8.13155	49.9175	0.165017	62.3711
8.15151	50	0.0825083	62.3711
8.17934	50	0.0825083	63.4021
8.17996	50.0413	0.165017	63.4021
8.2312	50.1238	0.0825083	63.4021
8.2326	50.165	0.165017	63.4021
8.23267	50.2063	0.247525	63.4021
8.23317	50.2888	0.165017	63.4021
8.26362	50.3713	0.0825083	63.4021
8.26387	50.4125	0.165017	63.4021
8.27062	50.495	0.0825083	63.4021
8.27295	50.5363	0.165017	63.4021
8.30901	50.6188	0.0825083	63.4021
8.31401	50.6601	0.165017	63.4021
8.31405	50.7013	0.247525	63.4021
8.31702	50.7838	0.165017	63.4021
8.31995	50.8663	0.0825083	63.4021
8.32071	50.8663	0.247525	63.4021
8.32116	50.9488	0.165017	63.4021
8.3329	51.0314	0.0825083	63.4021
8.33453	51.0726	0.165017	63.4021
8.3435	51.1551	0.0825083	63.4021
8.34478	51.1964	0.165017	63.4021
8.3724	51.2789	0.0825083	63.4021
8.37285	51.3201	0.165017	63.4021
8.37744	51.4026	0.0825083	63.4021
8.38099	51.4026	0.247525	63.4021
8.39949	51.4851	0.165017	63.4021
8.40102	51.4851	0.330033	63.4021
8.40145	51.5677	0.247525	63.4021
8.43641	51.6502	0.165017	63.4021
8.43748	51.6502	0.330033	63.4021
8.43883	51.7327	0.247525	63.4021
8.52689	51.8152	0.165017	63.4021
8.53056	51.8564	0.247525	63.4021
8.53697	51.9389	0.165017	63.4021
8.53724	51.9389	0.330033	63.4021
8.53809	52.0215	0.247525	63.4021
8.60196	52.104	0.165017	63.4021
8.60547	52.1452	0.247525	63.4021
8.66171	52.2277	0.165017	63.4021
8.66212	52.269	0.247525	63.4021
8.68853	52.3515	0.165017	63.4021
8.6909	52.3515	0.330033	63.4021
8.69115	52.434	0.247525	63.4021
8.69928	52.5165	0.165017	63.4021
8.70085	52.5578	0.247525	63.4021
8.70099	52.599	0.330033	63.4021
8.70176	52.6815	0.247525	63.4021
8.71418	52.764	0.165017	63.4021
8.71424	52.764	0.330033	63.4021
8.71506	52.8465	0.247525	63.4021
8.71553	52.929	0.165017	63.4021
8.73597	52.929	0.165017	64.433
8.73612	52.9703	0.247525	64.433
8.73867	53.0528	0.165017	64.433
8.73961	53.0528	0.330033	64.433
8.74055	53.1353	0.247525	64.433
8.75183	53.2178	0.165017	64.433
8.75246	53.2178	0.330033	64.433
8.75385	53.3003	0.247525	64.433
8.75432	53.3416	0.330033	64.433
8.75508	53.4241	0.247525	64.433
8.82393	53.5066	0.165017	64.433
8.84955	53.5066	0.165017	65.4639
8.89142	53.5066	0.165017	65.4639
8.89221	53.5066	0.330033	65.4639
8.89551	53.5891	0.247525	65.4639
8.92581	53.6716	0.165017	65.4639
8.92881	53.7129	0.247525	65.4639
8.94449	53.7954	0.165017	65.4639
8.97082	53.7954	0.165017	66.4948
8.97176	53.7954	0.247525	66.4948
8.97669	53.8779	0.165017	66.4948
8.97766	53.8779	0.330033	66.4948
8.97841	53.9191	0.412541	66.4948
8.98009	54.0017	0.330033	66.4948
9.00924	54.0842	0.247525	66.4948
9.01377	54.0842	0.247525	67.0103
9.01678	54.1254	0.330033	67.0103
9.04662	54.2079	0.247525	67.0103
9.04685	54.2492	0.330033	67.0103
9.04925	54.3317	0.247525	67.0103
9.0511	54.4142	0.165017	67.0103
9.05176	54.4142	0.330033	67.0103
9.05303	54.4967	0.247525	67.0103
9.05785	54.5792	0.165017	67.0103
9.05925	54.6205	0.247525	67.0103
9.14041	54.703	0.165017	67.0103
9.14423	54.7442	0.247525	67.0103
9.18921	54.8267	0.165017	67.0103
9.19714	54.9092	0.0825083	67.0103
9.19766	54.9092	0.247525	67.0103
9.19872	54.9917	0.165017	67.0103
9.20167	55.0743	0.0825083	67.0103
9.20246	55.0743	0.165017	67.0103
9.20614	55.1568	0.0825083	67.0103
9.22215	55.198	0.165017	67.0103
9.22802	55.2805	0.0825083	67.0103
9.22831	55.3218	0.165017	67.0103
9.23804	55.4043	0.0825083	67.0103
9.24777	55.4043	0.0825083	68.0412
9.24886	55.4455	0.165017	68.0412
9.25528	55.5281	0.0825083	68.0412
9.25567	55.5693	0.165017	68.0412
9.28436	55.6518	0.0825083	68.0412
9.28477	55.6931	0.165017	68.0412
9.36053	55.7756	0.0825083	68.0412
9.36519	55.8168	0.165017	68.0412
9.37706	55.8993	0.0825083	68.0412
9.37716	55.8993	0.247525	68.0412
9.38389	55.9818	0.165017	68.0412
9.42236	56.0644	0.0825083	68.0412
9.42554	56.1056	0.165017	68.0412
9.46074	56.1881	0.0825083	68.0412
9.46565	56.1881	0.247525	68.0412
9.47121	56.2706	0.165017	68.0412
9.47584	56.3119	0.247525	68.0412
9.53601	56.3944	0.165017	68.0412
9.53901	56.3944	0.247525	68.0412
9.54148	56.4769	0.165017	68.0412
9.54184	56.4769	0.330033	68.0412
9.54198	56.5594	0.247525	68.0412
9.54379	56.6419	0.165017	68.0412
9.54569	56.6832	0.247525	68.0412
9.57133	56.7657	0.165017	68.0412
9.60968	56.7657	0.165017	69.0722
9.61085	56.7657	0.247525	69.0722
9.62332	56.8482	0.165017	69.0722
9.62336	56.8894	0.247525	69.0722
9.63048	56.9719	0.165017	69.0722
9.69824	56.9719	0.165017	69.5876
9.69838	56.9719	0.330033	69.5876
9.6989	57.0545	0.247525	69.5876
9.72285	57.137	0.165017	69.5876
9.75332	57.137	0.165017	70.6186
9.75556	57.1782	0.247525	70.6186
9.77181	57.2607	0.165017	70.6186
9.77982	57.3432	0.0825083	70.6186
9.78194	57.3845	0.165017	70.6186
9.78878	57.467	0.0825083	70.6186
9.78882	57.5083	0.165017	70.6186
9.79777	57.5908	0.0825083	70.6186
9.82028	57.6733	0	70.6186
9.85237	57.6733	0	71.134
9.85499	57.6733	0.165017	71.134
9.85674	57.7558	0.0825083	71.134
9.94314	57.8383	0	71.134
9.94403	57.8795	0.0825083	71.134
9.96486	57.962	0	71.134
9.96911	58.0033	0.0825083	71.134
9.97012	58.0858	0	71.134
9.98545	58.0858	0	71.6495
9.98582	58.1271	0.0825083	71.6495
10.0004	58.2096	0	71.6495
10.001	58.2508	0.0825083	71.6495
10.0174	58.3333	0	71.6495
10.0176	58.3746	0.0825083	71.6495
10.033	58.4571	0	71.6495
10.0335	58.4983	0.0825083	71.6495
10.0336	58.5809	0	71.6495
10.0354	58.6221	0.0825083	71.6495
10.0371	58.7046	0	71.6495
10.0573	58.7046	0	72.1649
10.0598	58.7459	0.0825083	72.1649
10.1061	58.8284	0	72.1649
10.1064	58.8696	0.0825083	72.1649
10.216	58.9521	0	72.1649
10.2169	58.9934	0.0825083	72.1649
10.2443	59.0759	0	72.1649
10.2464	59.0759	0.165017	72.1649
10.2473	59.1584	0.0825083	72.1649
10.2966	59.2409	0	72.1649
10.2998	59.2822	0.0825083	72.1649
10.3142	59.3647	0	72.1649
10.3145	59.3647	0.165017	72.1649
10.315	59.4472	0.0825083	72.1649
10.3211	59.5297	0	72.1649
10.3229	59.5297	0.0825083	72.1649
10.3244	59.571	0.165017	72.1649
10.3251	59.6122	0.247525	72.1649
10.3258	59.6947	0.165017	72.1649
10.3356	59.7772	0.0825083	72.1649
10.3356	59.8597	0	72.1649
10.3494	59.8597	0	73.1959
10.3506	59.901	0.0825083	73.1959
10.3769	59.9835	0	73.1959
10.3773	59.9835	0.165017	73.1959
10.3784	60.0248	0.247525	73.1959
10.3798	60.1073	0.165017	73.1959
10.383	60.1898	0.0825083	73.1959
10.3918	60.2723	0	73.1959
10.3923	60.3135	0.0825083	73.1959
10.416	60.396	0	73.1959
10.4204	60.4373	0.0825083	73.1959
10.454	60.5198	0	73.1959
10.4545	60.5611	0.0825083	73.1959
10.4752	60.6436	0	73.1959
10.4761	60.6436	0.165017	73.1959
10.4771	60.7261	0.0825083	73.1959
10.4907	60.8086	0	73.1959
10.4944	60.8498	0.0825083	73.1959
10.5369	60.9323	0	73.1959
10.5386	60.9736	0.0825083	73.1959
10.606	61.0561	0	73.1959
10.6083	61.0974	0.0825083	73.1959
10.6759	61.1799	0	73.1959
10.6769	61.2211	0.0825083	73.1959
10.7416	61.3036	0	73.1959
10.7524	61.3449	0.0825083	73.1959
10.7701	61.4274	0	73.1959
10.7706	61.4686	0.0825083	73.1959
10.7725	61.5512	0	73.1959
10.7737	61.5512	0.0825083	73.1959
10.8004	61.6337	0	73.1959
10.8007	61.6749	0.0825083	73.1959
10.887	61.7574	0	73.1959
10.8872	61.7574	0.0825083	73.1959
10.8951	61.8399	0	73.1959
10.8952	61.8812	0.0825083	73.1959
10.911	61.9637	0	73.1959
10.9126	62.005	0.0825083	73.1959
10.916	62.0875	0	73.1959
10.9179	62.0875	0.165017	73.1959
10.9189	62.17	0.0825083	73.1959
11.022	62.2525	0	73.1959
11.0294	62.2525	0	74.2268
11.0298	62.2937	0.0825083	74.2268
11.0681	62.3762	0	74.2268
11.0706	62.4175	0.0825083	74.2268
11.1069	62.5	0	74.2268
11.1079	62.5413	0.0825083	74.2268
11.1286	62.6238	0	74.2268
11.1291	62.665	0.0825083	74.2268
11.1867	62.7475	0	74.2268
11.1868	62.7888	0.0825083	74.2268
11.1878	62.8713	0	74.2268
11.1909	62.8713	0.165017	74.2268
11.193	62.9538	0.0825083	74.2268
11.1991	63.0363	0	74.2268
11.1995	63.0776	0.0825083	74.2268
11.2952	63.1601	0	74.2268
11.2987	63.2013	0.0825083	74.2268
11.3766	63.2838	0	74.2268
11.3768	63.3251	0.0825083	74.2268
11.3835	63.4076	0	74.2268
11.3846	63.4488	0.0825083	74.2268
11.4226	63.5314	0	74.2268
11.4247	63.5726	0.0825083	74.2268
11.4347	63.6551	0	74.2268
11.4361	63.6964	0.0825083	74.2268
11.4686	63.7789	0	74.2268
11.4689	63.7789	0.165017	74.2268
11.4727	63.8614	0.0825083	74.2268
11.4855	63.9439	0	74.2268
11.4931	63.9851	0.0825083	74.2268
11.4938	64.0264	0.165017	74.2268
11.4968	64.1089	0.0825083	74.2268
11.6184	64.1914	0	74.2268
11.6186	64.1914	0.165017	74.2268
11.6194	64.2739	0.0825083	74.2268
11.7227	64.3564	0	74.2268
11.7409	64.3564	0	74.7423
11.742	64.3977	0.0825083	74.7423
11.7574	64.4802	0	74.7423
11.7605	64.5215	0.0825083	74.7423
11.7743	64.604	0	74.7423
11.775	64.6452	0.0825083	74.7423
11.7956	64.7277	0	74.7423
11.7961	64.769	0.0825083	74.7423
11.8229	64.8515	0	74.7423
11.8253	64.8927	0.0825083	74.7423
11.8609	64.9753	0	74.7423
11.8628	65.0165	0.0825083	74.7423
11.8651	65.099	0	74.7423
11.8652	65.1403	0.0825083	74.7423
11.8723	65.2228	0	74.7423
11.8724	65.264	0.0825083	74.7423
11.8755	65.3465	0	74.7423
11.8786	65.3878	0.0825083	74.7423
11.9021	65.4703	0	74.7423
11.903	65.5116	0.0825083	74.7423
11.9572	65.5941	0	74.7423
11.9597	65.5941	0.165017	74.7423
11.9611	65.6766	0.0825083	74.7423
11.9733	65.7591	0	74.7423
11.9743	65.7591	0.165017	74.7423
11.9764	65.8416	0.0825083	74.7423
12.0237	65.9241	0	74.7423
12.0246	65.9653	0.0825083	74.7423
12.0848	66.0479	0	74.7423
12.0917	66.0891	0.0825083	74.7423
12.1233	66.1716	0	74.7423
12.1242	66.2129	0.0825083	74.7423
12.241	66.2954	0	74.7423
12.2414	66.2954	0.165017	74.7423
12.2417	66.3779	0.0825083	74.7423
12.3586	66.4604	0	74.7423
12.3665	66.5016	0.0825083	74.7423
12.3741	66.5842	0	74.7423
12.3759	66.6254	0.0825083	74.7423
12.3869	66.7079	0	74.7423
12.3871	66.7079	0.0825083	74.7423
12.3879	66.7492	0.165017	74.7423
12.3882	66.8317	0.0825083	74.7423
12.4255	66.9142	0	74.7423
12.4269	66.9554	0.0825083	74.7423
12.5091	67.038	0	74.7423
12.5092	67.0792	0.0825083	74.7423
12.5487	67.1617	0	74.7423
12.5524	67.1617	0.165017	74.7423
12.5544	67.2442	0.0825083	74.7423
12.5667	67.3267	0	74.7423
12.5694	67.368	0.0825083	74.7423
12.6186	67.4505	0	74.7423
12.6187	67.4918	0.0825083	74.7423
12.6707	67.5743	0	74.7423
12.6717	67.6155	0.0825083	74.7423
12.7097	67.698	0	74.7423
12.7105	67.7393	0.0825083	74.7423
12.7143	67.8218	0	74.7423
12.7154	67.863	0.0825083	74.7423
12.7467	67.9455	0	74.7423
12.7467	67.9868	0.0825083	74.7423
12.7482	67.9868	0.247525	74.7423
12.7496	68.0693	0.165017	74.7423
12.7496	68.1518	0.0825083	74.7423
12.8082	68.2343	0	74.7423
12.8106	68.2343	0.165017	74.7423
12.8131	68.3168	0.0825083	74.7423
12.8341	68.3993	0	74.7423
12.8359	68.3993	0.165017	74.7423
12.8368	68.4818	0.0825083	74.7423
12.88	68.5644	0	74.7423
12.8804	68.6056	0.0825083	74.7423
12.9235	68.6881	0	74.7423
12.9258	68.7294	0.0825083	74.7423
13.0592	68.8119	0	74.7423
13.0597	68.8119	0.165017	74.7423
13.0625	68.8944	0.0825083	74.7423
13.0644	68.9769	0	74.7423
13.0646	68.9769	0.165017	74.7423
13.0647	69.0594	0.0825083	74.7423
13.1841	69.1419	0	74.7423
13.185	69.1832	0.0825083	74.7423
13.1989	69.2657	0	74.7423
13.2011	69.3069	0.0825083	74.7423
13.2226	69.3894	0	74.7423
13.2247	69.3894	0.0825083	74.7423
13.2458	69.4719	0	74.7423
13.2485	69.5132	0.0825083	74.7423
13.2518	69.5957	0	74.7423
13.2539	69.637	0.0825083	74.7423
13.2604	69.7195	0	74.7423
13.3746	69.7195	0	75.2577
13.3758	69.7195	0.0825083	75.2577
13.3771	69.802	0	75.2577
13.3788	69.802	0.165017	75.2577
13.3788	69.8845	0.0825083	75.2577
13.3851	69.967	0	75.2577
13.487	69.967	0	76.2887
13.4988	69.967	0	77.3196
13.5721	69.967	0	77.8351
13.5724	70.0082	0.0825083	77.8351
13.5725	70.0082	0.165017	77.8351
13.5726	70.0908	0.0825083	77.8351
13.5742	70.1733	0	77.8351
13.5755	70.2145	0.0825083	77.8351
13.6004	70.297	0	77.8351
13.6018	70.3383	0.0825083	77.8351
13.6166	70.4208	0	77.8351
13.7995	70.4208	0	78.3505
13.8022	70.462	0.0825083	78.3505
13.8134	70.5446	0	78.3505
13.8161	70.5858	0.0825083	78.3505
13.8244	70.6683	0	78.3505
13.8254	70.7096	0.0825083	78.3505
13.8533	70.7921	0	78.3505
13.872	70.7921	0	79.3814
13.8725	70.7921	0.165017	79.3814
13.8741	70.8746	0.0825083	79.3814
14.0085	70.9571	0	79.3814
14.0089	70.9984	0.0825083	79.3814
14.018	71.0809	0	79.3814
14.0698	71.0809	0	80.4124
14.0723	71.0809	0.0825083	80.4124
14.1533	71.1634	0	80.4124
14.1538	71.2046	0.0825083	80.4124
14.2132	71.2871	0	80.4124
14.229	71.2871	0	80.9278
14.2292	71.2871	0.165017	80.9278
14.2301	71.3696	0.0825083	80.9278
14.2609	71.4521	0	80.9278
14.263	71.4521	0.165017	80.9278
14.2683	71.5347	0.0825083	80.9278
14.2723	71.6172	0	80.9278
14.2739	71.6172	0.165017	80.9278
14.2748	71.6997	0.0825083	80.9278
14.4183	71.7822	0	80.9278
14.4206	71.8234	0.0825083	80.9278
14.4396	71.9059	0	80.9278
14.445	71.9472	0.0825083	80.9278
14.4455	72.0297	0	80.9278
14.5394	72.0297	0	81.4433
14.5423	72.071	0.0825083	81.4433
14.7039	72.1535	0	81.4433
14.7095	72.1947	0.0825083	81.4433
14.7109	72.2772	0	81.4433
14.7119	72.3185	0.0825083	81.4433
14.7427	72.401	0	81.4433
14.7435	72.4422	0.0825083	81.4433
14.7641	72.5247	0	81.4433
14.7646	72.5247	0.0825083	81.4433
14.8001	72.6073	0	81.4433
14.8044	72.6073	0.165017	81.4433
14.8087	72.6898	0.0825083	81.4433
14.8117	72.7723	0	81.4433
14.8117	72.7723	0.0825083	81.4433
14.8179	72.8548	0	81.4433
14.8188	72.8548	0.0825083	81.4433
15.0379	72.9373	0	81.4433
15.0421	72.9785	0.0825083	81.4433
15.0522	73.0611	0	81.4433
15.053	73.1023	0.0825083	81.4433
15.147	73.1848	0	81.4433
15.1472	73.1848	0.0825083	81.4433
15.1748	73.2673	0	81.4433
15.1755	73.3086	0.0825083	81.4433
15.2095	73.3911	0	81.4433
15.2106	73.4323	0.0825083	81.4433
15.241	73.5149	0	81.4433
15.2421	73.5561	0.0825083	81.4433
15.261	73.6386	0	81.4433
15.2625	73.6799	0.0825083	81.4433
15.3515	73.7624	0	81.4433
15.3852	73.7624	0	82.4742
15.3878	73.7624	0	82.9897
15.389	73.7624	0.165017	82.9897
15.3906	73.8449	0.0825083	82.9897
15.5483	73.9274	0	82.9897
15.5487	73.9274	0.0825083	82.9897
15.6899	74.0099	0	82.9897
15.6915	74.0512	0.0825083	82.9897
15.7204	74.1337	0	82.9897
15.7219	74.1337	0.165017	82.9897
15.7251	74.2162	0.0825083	82.9897
15.7315	74.2987	0	82.9897
15.7338	74.3399	0.0825083	82.9897
15.7705	74.4224	0	82.9897
15.7711	74.4224	0.165017	82.9897
15.7734	74.505	0.0825083	82.9897
15.82	74.5875	0	82.9897
15.8226	74.6287	0.0825083	82.9897
15.9725	74.7112	0	82.9897
15.9749	74.7112	0.0825083	82.9897
15.9889	74.7937	0	82.9897
16.0349	74.7937	0	84.0206
16.0351	74.7937	0.165017	84.0206
16.0407	74.8762	0.0825083	84.0206
16.0639	74.9587	0	84.0206
16.0643	74.9587	0.165017	84.0206
16.067	75.0413	0.0825083	84.0206
16.0755	75.1238	0	84.0206
16.0769	75.1238	0.165017	84.0206
16.0772	75.2063	0.0825083	84.0206
16.1723	75.2888	0	84.0206
16.1751	75.33	0.0825083	84.0206
16.2193	75.4125	0	84.0206
16.2223	75.4125	0	84.5361
16.3609	75.4125	0	85.567
16.3643	75.4538	0.0825083	85.567
16.3704	75.5363	0	85.567
16.3733	75.5776	0.0825083	85.567
16.4056	75.6601	0	85.567
16.4062	75.7013	0.0825083	85.567
16.4193	75.7838	0	85.567
16.4198	75.7838	0.0825083	85.567
16.4507	75.8663	0	85.567
16.4514	75.9076	0.0825083	85.567
16.4747	75.9901	0	85.567
16.6602	75.9901	0	86.0825
16.6707	75.9901	0	87.1134
16.6732	76.0314	0.0825083	87.1134
16.7841	76.1139	0	87.1134
16.822	76.1139	0	88.1443
16.825	76.1551	0.0825083	88.1443
16.8852	76.2376	0	88.1443
16.8865	76.2376	0.0825083	88.1443
16.9634	76.3201	0	88.1443
16.9637	76.3614	0.0825083	88.1443
16.9858	76.4439	0	88.1443
17.0623	76.4439	0	89.1753
17.0632	76.4439	0.165017	89.1753
17.0658	76.5264	0.0825083	89.1753
17.1088	76.6089	0	89.1753
17.1391	76.6089	0	90.2062
17.1468	76.6502	0.0825083	90.2062
17.2405	76.7327	0	90.2062
17.2411	76.7739	0.0825083	90.2062
17.3204	76.8564	0	90.2062
17.3761	76.8564	0	91.2371
17.3793	76.8977	0.0825083	91.2371
17.4228	76.9802	0	91.2371
17.4237	77.0215	0.0825083	91.2371
17.4798	77.104	0	91.2371
17.5473	77.104	0	92.268
17.5517	77.1452	0.0825083	92.268
17.5557	77.2277	0	92.268
17.559	77.2277	0.0825083	92.268
17.7027	77.3102	0	92.268
17.7038	77.3515	0.0825083	92.268
17.7873	77.434	0	92.268
17.7888	77.4753	0.0825083	92.268
17.8385	77.5578	0	92.268
17.8386	77.599	0.0825083	92.268
17.9401	77.6815	0	92.268
17.9403	77.7228	0.0825083	92.268
18.095	77.8053	0	92.268
18.1028	77.8465	0.0825083	92.268
18.1653	77.929	0	92.268
18.1693	77.9703	0.0825083	92.268
18.2303	78.0528	0	92.268
18.2337	78.0528	0.165017	92.268
18.2345	78.1353	0.0825083	92.268
18.2528	78.2178	0	92.268
18.2547	78.2178	0.165017	92.268
18.2548	78.3003	0.0825083	92.268
18.2993	78.3828	0	92.268
18.2994	78.4241	0.0825083	92.268
18.5	78.5066	0	92.268
18.5003	78.5479	0.0825083	92.268
18.5994	78.6304	0	92.268
18.6002	78.6304	0.0825083	92.268
18.6113	78.7129	0	92.268
18.6132	78.7541	0.0825083	92.268
18.9056	78.8366	0	92.268
18.9057	78.8779	0.0825083	92.268
18.9448	78.9604	0	92.268
18.947	79.0016	0.0825083	92.268
18.9683	79.0842	0	92.268
18.9685	79.1254	0.0825083	92.268
19.0823	79.2079	0	92.268
19.0987	79.2079	0	93.299
19.0996	79.2079	0.0825083	93.299
19.1438	79.2904	0	93.299
19.1451	79.2904	0.165017	93.299
19.146	79.3729	0.0825083	93.299
19.2069	79.4554	0	93.299
19.2088	79.4967	0.0825083	93.299
19.3392	79.5792	0	93.299
19.3426	79.6205	0.0825083	93.299
19.4036	79.703	0	93.299
19.4076	79.703	0.0825083	93.299
19.5781	79.7855	0	93.299
19.5804	79.8267	0.0825083	93.299
19.6378	79.9092	0	93.299
19.6391	79.9505	0.0825083	93.299
19.6821	80.033	0	93.299
19.6859	80.033	0.165017	93.299
19.686	80.1155	0.0825083	93.299
19.7452	80.198	0	93.299
19.7458	80.2393	0.0825083	93.299
19.8317	80.3218	0	93.299
19.8329	80.363	0.0825083	93.299
19.8881	80.4455	0	93.299
19.8882	80.4455	0.165017	93.299
19.8888	80.5281	0.0825083	93.299
20.0275	80.6106	0	93.299
20.0287	80.6518	0.0825083	93.299
20.0887	80.7343	0	93.299
20.0904	80.7343	0.165017	93.299
20.0929	80.8168	0.0825083	93.299
20.1857	80.8993	0	93.299
20.1865	80.9406	0.0825083	93.299
20.2987	81.0231	0	93.299
20.3033	81.0644	0.0825083	93.299
20.3308	81.1469	0	93.299
20.3337	81.1881	0.0825083	93.299
20.3997	81.2706	0	93.299
20.4026	81.3119	0.0825083	93.299
20.4051	81.3944	0	93.299
20.4081	81.4356	0.0825083	93.299
20.4717	81.5182	0	93.299
20.4719	81.5182	0.165017	93.299
20.4723	81.6007	0.0825083	93.299
20.4964	81.6832	0	93.299
20.4972	81.6832	0.165017	93.299
20.4988	81.7657	0.0825083	93.299
20.5053	81.8482	0	93.299
20.5057	81.8894	0.0825083	93.299
20.5647	81.9719	0	93.299
20.565	81.9719	0.165017	93.299
20.5663	82.0545	0.0825083	93.299
20.6349	82.137	0	93.299
20.6398	82.1782	0.0825083	93.299
20.6838	82.2607	0	93.299
20.6847	82.2607	0.165017	93.299
20.6897	82.3432	0.0825083	93.299
20.8222	82.4257	0	93.299
20.8231	82.4257	0.165017	93.299
20.8233	82.5082	0.0825083	93.299
20.8283	82.5908	0	93.299
20.83	82.5908	0.165017	93.299
20.8328	82.6733	0.0825083	93.299
21.0006	82.7558	0	93.299
21.0029	82.7558	0.165017	93.299
21.005	82.8383	0.0825083	93.299
21.2636	82.9208	0	93.299
21.2658	82.962	0.0825083	93.299
21.3628	83.0446	0	93.299
21.3644	83.0858	0.0825083	93.299
21.6876	83.1683	0	93.299
21.6902	83.2096	0.0825083	93.299
21.701	83.2921	0	93.299
21.7012	83.2921	0.0825083	93.299
21.704	83.3746	0	93.299
21.7046	83.4158	0.0825083	93.299
21.8734	83.4984	0	93.299
21.8734	83.4984	0.0825083	93.299
21.9086	83.5809	0	93.299
21.9131	83.6221	0.0825083	93.299
22.0458	83.7046	0	93.299
22.0477	83.7046	0.165017	93.299
22.0481	83.7871	0.0825083	93.299
22.1892	83.8696	0	93.299
22.1906	83.8696	0.165017	93.299
22.192	83.9521	0.0825083	93.299
22.2043	84.0347	0	93.299
22.2063	84.0759	0.0825083	93.299
22.3764	84.1584	0	93.299
22.3799	84.1997	0.0825083	93.299
22.5091	84.2822	0	93.299
22.5098	84.2822	0.165017	93.299
22.5133	84.3647	0.0825083	93.299
22.5194	84.4472	0	93.299
22.5202	84.4884	0.0825083	93.299
22.7026	84.571	0	93.299
22.7029	84.571	0.165017	93.299
22.7043	84.6535	0.0825083	93.299
23.2649	84.736	0	93.299
23.2688	84.7772	0.0825083	93.299
23.3791	84.8597	0	93.299
23.3799	84.8597	0.165017	93.299
23.3848	84.9422	0.0825083	93.299
23.6242	85.0247	0	93.299
23.6253	85.0247	0.0825083	93.299
23.6568	85.1073	0	93.299
23.6577	85.1485	0.0825083	93.299
23.7084	85.231	0	93.299
23.7136	85.231	0.0825083	93.299
23.8344	85.3135	0	93.299
23.8353	85.3548	0.0825083	93.299
23.8411	85.4373	0	93.299
23.8422	85.4785	0.0825083	93.299
24.0194	85.5611	0	93.299
24.0219	85.6023	0.0825083	93.299
24.0253	85.6848	0	93.299
24.026	85.7261	0.0825083	93.299
24.094	85.8086	0	93.299
24.0949	85.8086	0.165017	93.299
24.0963	85.8911	0.0825083	93.299
24.1457	85.9736	0	93.299
24.1471	86.0149	0.0825083	93.299
24.5776	86.0974	0	93.299
24.5777	86.0974	0.165017	93.299
24.5781	86.1799	0.0825083	93.299
24.6874	86.2624	0	93.299
24.6879	86.3036	0.0825083	93.299
24.9623	86.3861	0	93.299
24.9634	86.4274	0.0825083	93.299
24.9855	86.5099	0	93.299
24.9981	86.5099	0	93.8144
25.0034	86.5099	0.0825083	93.8144
25.0389	86.5924	0	93.8144
25.0449	86.6337	0.0825083	93.8144
25.1757	86.7162	0	93.8144
25.2035	86.7162	0	94.8454
25.2045	86.7574	0.0825083	94.8454
25.7361	86.8399	0	94.8454
25.7365	86.8399	0.165017	94.8454
25.7375	86.9224	0.0825083	94.8454
26.1138	87.005	0	94.8454
26.1151	87.0462	0.0825083	94.8454
26.1337	87.1287	0	94.8454
26.1389	87.17	0.0825083	94.8454
26.2167	87.2525	0	94.8454
26.2182	87.2937	0.0825083	94.8454
26.4364	87.3762	0	94.8454
26.4368	87.3762	0.165017	94.8454
26.438	87.4587	0.0825083	94.8454
26.462	87.5413	0	94.8454
26.4664	87.5825	0.0825083	94.8454
26.542	87.665	0	94.8454
26.5421	87.665	0.165017	94.8454
26.5445	87.7475	0.0825083	94.8454
26.8889	87.83	0	94.8454
26.8891	87.83	0.165017	94.8454
26.8926	87.9125	0.0825083	94.8454
26.9328	87.995	0	94.8454
26.9359	88.0363	0.0825083	94.8454
26.9621	88.1188	0	94.8454
26.9634	88.1601	0.0825083	94.8454
27.1828	88.2426	0	94.8454
27.1875	88.2426	0.165017	94.8454
27.1921	88.3251	0.0825083	94.8454
27.5126	88.4076	0	94.8454
27.513	88.4488	0.0825083	94.8454
27.5461	88.5314	0	94.8454
27.5462	88.5726	0.0825083	94.8454
27.6686	88.6551	0	94.8454
27.6691	88.6964	0.0825083	94.8454
27.8138	88.7789	0	94.8454
27.8144	88.7789	0.0825083	94.8454
28.1111	88.8614	0	94.8454
28.1113	88.8614	0.165017	94.8454
28.1123	88.9439	0.0825083	94.8454
28.349	89.0264	0	94.8454
28.3492	89.0677	0.0825083	94.8454
28.6421	89.1502	0	94.8454
28.6448	89.1914	0.0825083	94.8454
28.8218	89.2739	0	94.8454
28.8224	89.3152	0.0825083	94.8454
28.853	89.3977	0	94.8454
28.856	89.3977	0.165017	94.8454
28.8563	89.4802	0.0825083	94.8454
28.8702	89.5627	0	94.8454
28.871	89.5627	0.165017	94.8454
28.8746	89.6452	0.0825083	94.8454
29.0904	89.7277	0	94.8454
29.0913	89.769	0.0825083	94.8454
29.5111	89.8515	0	94.8454
29.5131	89.8927	0.0825083	94.8454
29.5415	89.9753	0	94.8454
29.5486	90.0165	0.0825083	94.8454
29.6917	90.099	0	94.8454
29.6925	90.1403	0.0825083	94.8454
29.8203	90.2228	0	94.8454
29.8206	90.264	0.0825083	94.8454
29.8349	90.3465	0	94.8454
29.9009	90.3465	0	95.8763
29.9015	90.3465	0.165017	95.8763
29.9031	90.429	0.0825083	95.8763
30.251	90.5116	0	95.8763
30.2554	90.5528	0.0825083	95.8763
30.3099	90.6353	0	95.8763
30.3116	90.6353	0.0825083	95.8763
30.3952	90.7178	0	95.8763
30.3992	90.7178	0.0825083	95.8763
30.4238	90.8003	0	95.8763
30.4245	90.8003	0.165017	95.8763
30.4261	90.8828	0.0825083	95.8763
30.4783	90.9653	0	95.8763
30.4807	90.9653	0.0825083	95.8763
30.6667	91.0479	0	95.8763
30.6675	91.0891	0.0825083	95.8763
31.7502	91.1716	0	95.8763
31.7527	91.2129	0.0825083	95.8763
31.8121	91.2954	0	95.8763
31.8135	91.3366	0.0825083	95.8763
32.297	91.4191	0	95.8763
32.2998	91.4604	0.0825083	95.8763
32.4542	91.5429	0	95.8763
32.4544	91.5429	0.165017	95.8763
32.4604	91.6254	0.0825083	95.8763
32.4691	91.7079	0	95.8763
32.5175	91.7492	0.0825083	95.8763
32.5183	91.7904	0.165017	95.8763
32.6203	91.8729	0.0825083	95.8763
32.6219	91.9142	0.165017	95.8763
32.7062	91.9967	0.0825083	95.8763
32.7072	92.038	0.165017	95.8763
32.8298	92.1205	0.0825083	95.8763
33.5657	92.203	0	95.8763
33.567	92.2442	0.0825083	95.8763
34.0324	92.3267	0	95.8763
34.0331	92.3267	0.0825083	95.8763
34.4485	92.4092	0	95.8763
34.4491	92.4505	0.0825083	95.8763
34.695	92.533	0	95.8763
34.6963	92.5743	0.0825083	95.8763
34.7377	92.6568	0	95.8763
34.7385	92.698	0.0825083	95.8763
34.7939	92.7805	0	95.8763
34.7971	92.8218	0.0825083	95.8763
34.9842	92.9043	0	95.8763
34.9849	92.9455	0.0825083	95.8763
35.0502	93.0281	0	95.8763
35.0525	93.0693	0.0825083	95.8763
35.1424	93.1518	0	95.8763
35.1426	93.1518	0.165017	95.8763
35.1434	93.2343	0.0825083	95.8763
35.3644	93.3168	0	95.8763
35.3653	93.3581	0.0825083	95.8763
36.0797	93.4406	0	95.8763
36.0801	93.4818	0.0825083	95.8763
36.4917	93.5644	0	95.8763
36.4957	93.6056	0.0825083	95.8763
36.5127	93.6881	0	95.8763
36.5128	93.7294	0.0825083	95.8763
36.9894	93.8119	0	95.8763
36.9901	93.8119	0.165017	95.8763
36.9942	93.8944	0.0825083	95.8763
37.3662	93.9769	0	95.8763
37.3664	94.0182	0.0825083	95.8763
38.4999	94.1007	0	95.8763
38.5016	94.1419	0.0825083	95.8763
40.2061	94.2244	0	95.8763
40.2067	94.2657	0.0825083	95.8763
40.3826	94.3482	0	95.8763
40.3935	94.3894	0.0825083	95.8763
40.8134	94.4719	0	95.8763
40.8137	94.4719	0.165017	95.8763
40.8147	94.5545	0.0825083	95.8763
42.0694	94.637	0	95.8763
42.074	94.637	0.0825083	95.8763
42.5123	94.7195	0	95.8763
42.5163	94.7195	0.165017	95.8763
42.5167	94.802	0.0825083	95.8763
43.0463	94.8845	0	95.8763
45.1217	94.8845	0	96.9072
45.1217	94.9257	0.0825083	96.9072
45.2499	95.0082	0	96.9072
45.2511	95.0495	0.0825083	96.9072
46.5504	95.132	0	96.9072
46.5506	95.1733	0.0825083	96.9072
46.6176	95.2558	0	96.9072
46.6192	95.2558	0.0825083	96.9072
46.657	95.3383	0	96.9072
46.6573	95.3795	0.0825083	96.9072
48.2516	95.462	0	96.9072
48.253	95.5033	0.0825083	96.9072
48.593	95.5858	0	96.9072
48.5939	95.6271	0.0825083	96.9072
49.5171	95.7096	0	96.9072
49.5191	95.7508	0.0825083	96.9072
50.3181	95.8333	0	96.9072
50.3276	95.8746	0.0825083	96.9072
55.2959	95.9571	0	96.9072
55.2969	95.9984	0.0825083	96.9072
55.979	96.0809	0	96.9072
55.9815	96.1221	0.0825083	96.9072
57.5721	96.2046	0	96.9072
57.5759	96.2046	0.0825083	96.9072
58.1885	96.2871	0	96.9072
58.1902	96.3284	0.0825083	96.9072
61.0799	96.4109	0	96.9072
61.0819	96.4521	0.0825083	96.9072
61.3618	96.5347	0	96.9072
61.365	96.5759	0.0825083	96.9072
65.241	96.6584	0	96.9072
65.2419	96.6584	0.165017	96.9072
65.2457	96.7409	0.0825083	96.9072
478.348	96.8234	0	96.9072
629.237	96.8234	0	97.9381
630.498	96.8647	0.0825083	97.9381
632.093	96.9472	0	97.9381
632.322	96.9884	0.0825083	97.9381
643.556	97.071	0	97.9381
645.764	97.1122	0.0825083	97.9381
907.235	97.1947	0	97.9381
1172.36	97.1947	0	98.9691
1465.2	97.1947	0	100
1465.39	97.1947	0.165017	100
1469	97.2772	0.0825083	100
1612.05	97.3597	0	100
1612.81	97.3597	0.0825083	100
1634.16	97.4422	0	100
1634.16	97.4835	0.0825083	100
4287.54	97.566	0	100
4287.58	97.566	0.165017	100
4289.08	97.6485	0.0825083	100
4678.05	97.731	0	100
4678.05	97.731	0.165017	100
4678.43	97.8135	0.0825083	100
4733.63	97.896	0	100
4733.64	97.896	0.0825083	100
6685.85	97.9785	0	100
6685.85	97.9785	0.0825083	100
7103.18	98.0611	0	100
7104.49	98.1023	0.0825083	100
7129.34	98.1848	0	100
7129.37	98.2261	0.0825083	100
7726.26	98.3086	0	100
7727.12	98.3086	0.165017	100
7727.46	98.3911	0.0825083	100
7858.66	98.4736	0	100
7860.55	98.5149	0.0825083	100
10232.5	98.5974	0	100
10235.2	98.6386	0.0825083	100
10437.6	98.7211	0	100
10437.8	98.7211	0.0825083	100
10465.2	98.8036	0	100
10465.2	98.8449	0.0825083	100
11001.5	98.9274	0	100
11001.5	98.9274	0.0825083	100
12514.1	99.0099	0	100
12514.9	99.0512	0.0825083	100
13400.1	99.1337	0	100
13400.4	99.1337	0.0825083	100
13410.7	99.2162	0	100
13410.7	99.2574	0.0825083	100
14978.4	99.3399	0	100
14980.8	99.3812	0.0825083	100
15048.7	99.4637	0	100
15051.3	99.505	0.0825083	100
15310.8	99.5875	0	100
15312	99.6287	0.0825083	100
21867.3	99.7112	0	100
21868.2	99.7112	0.165017	100
21868.5	99.7937	0.0825083	100
30400.9	99.8762	0	100
30402.7	99.9175	0.0825083	100
