3.84166e-06	0	0	0
3.91162e-06	0	0	0
3.90926e-05	0	0	0
5.39099e-05	0	0	0
5.62211e-05	0	0	0
5.72821e-05	0	0	0
8.19121e-05	0	0	0
0.000151106	0	0	0
0.000158639	0	0	0
0.000163883	0	0	0
0.000168047	0	0	0
0.000182885	0	0	0
0.000195472	0	0	0
0.000208382	0	0	0
0.000228186	0	0	0
0.000230585	0	0	0
0.000261364	0	0	0
0.000262673	0	0	0
0.000268408	0	0	0
0.000270269	0	0	0
0.000278718	0	0	0
0.000295115	0	0	0
0.000303004	0	0	0
0.000306388	0	0	0
0.000308249	0	0	0
0.000312768	0	0	0
0.000325467	0	0	0
0.000330777	0	0	0
0.000335247	0	0	0
0.000335948	0	0	0
0.000384448	0	0	0
0.000385727	0	0	0
0.000386919	0	0	0
0.000387846	0	0	0
0.000392554	0	0	0
0.000392751	0	0	0
0.000392855	0	0	0
0.000407961	0	0	0
0.000421822	0	0	0
0.000423278	0	0	0
0.000434718	0	0	0
0.000521164	0	0	0
0.000531445	0	0	0
0.000563073	0	0	0
0.000567823	0	0	0
0.000573188	0	0	0
0.000584404	0	0	0
0.000597362	0	0	0
0.000620445	0	0	0
0.000639611	0	0	0
0.000649173	0	0	0
0.00067029	0	0	0
0.000677835	0	0	0
0.000699156	0	0	0
0.000706731	0	0	0
0.000717103	0	0	0
0.000720902	0	0	0
0.000722418	0	0	0
0.000735938	0	0	0
0.000799796	0	0	0
0.000805861	0	0	0
0.000821471	0	0	0
0.000842925	0	0	0
0.000857212	0	0	0
0.000876309	0	0	0
0.000897763	0	0	0
0.000907545	0	0	0
0.000973728	0	0	0
0.00103197	0	0	0
0.00112735	0	0	0
0.0011648	0	0	0
0.00117843	0	0	0
0.00118885	0	0	0
0.00123397	0	0	0
0.00129356	0	0	0
0.00140077	0	0	0
0.00142111	0	0	0
0.00143499	0	0	0
0.00151229	0	0	0
0.00153838	0	0	0
0.00171127	0	0	0
0.00171461	0	0	0
0.00172882	0	0	0
0.00178666	0	0	0
0.00180069	0	0	0
0.0018664	0	0	0
0.00187492	0	0	0
0.00188624	0	0	0
0.00194322	0	0	0
0.00194328	0	0	0
0.00195511	0	0	0
0.00197409	0	0	0
0.00199062	0	0	0
0.00199293	0	0	0
0.0020427	0	0	0
0.00206355	0	0	0
0.00207047	0	0	0
0.00207459	0	0	0
0.00211117	0	0	0
0.0021329	0	0	0
0.00216141	0	0	0
0.0022265	0	0	0
0.00228754	0	0	0
0.00232633	0	0	0
0.00237957	0	0	0
0.00239224	0	0	0
0.00239744	0	0	0
0.00242227	0	0	0
0.00253054	0	0	0
0.00256183	0	0	0
0.00257475	0	0	0
0.00260511	0	0	0
0.00261911	0	0	0
0.00262917	0	0	0
0.0026577	0	0	0
0.00269417	0	0	0
0.00270534	0	0	0
0.00273952	0	0	0
0.00277396	0	0	0
0.00288268	0	0	0
0.0029642	0	0	0
0.00298273	0	0	0
0.0029932	0	0	0
0.00304183	0	0	0
0.00311617	0	0	0
0.00312017	0	0	0
0.00314348	0	0	0
0.00315574	0	0	0
0.00322857	0	0	0
0.00324111	0	0	0
0.00326308	0	0	0
0.00330501	0	0	0
0.00336426	0	0	0
0.00341569	0	0	0
0.00351276	0	0	0
0.00353692	0	0	0
0.00354091	0	0	0
0.00356746	0	0	0
0.00358244	0	0	0
0.00360808	0	0	0
0.00362708	0	0	0
0.0037331	0	0	0
0.00374622	0	0	0
0.00375108	0	0	0
0.00375674	0	0	0
0.00377597	0	0	0
0.00379304	0	0	0
0.00395705	0	0	0
0.00396003	0	0	0
0.00402932	0	0	0
0.00403727	0	0	0
0.00403798	0	0	0
0.00408882	0	0	0
0.0041069	0	0	0
0.00415654	0	0	0
0.00416569	0	0	0
0.0041905	0	0	0
0.00419436	0	0	0
0.004227	0	0	0
0.0043254	0	0	0
0.00435188	0	0	0
0.0043787	0	0	0
0.00444705	0	0	0
0.0045235	0	0	0
0.00454802	0	0	0
0.00457347	0	0	0
0.00460974	0	0	0
0.00463023	0	0	0
0.00463536	0	0	0
0.00467213	0	0	0
0.0047168	0	0	0
0.0047463	0	0	0
0.00476561	0	0	0
0.00478296	0	0	0
0.00479854	0	0	0
0.00480249	0	0	0
0.00480727	0	0	0
0.00481441	0	0	0
0.00486643	0	0	0
0.00491134	0	0	0
0.00491474	0	0	0
0.00491721	0	0	0
0.00493805	0	0	0
0.00499586	0	0	0
0.00499588	0	0	0
0.00499973	0	0	0
0.00500005	0	0	0
0.00501274	0	0	0
0.00506825	0	0	0
0.00507507	0	0	0
0.00508901	0	0	0
0.00509761	0	0	0
0.00513511	0	0	0
0.00516257	0	0	0
0.0051765	0	0	0
0.00518713	0	0	0
0.00520309	0	0	0
0.00522921	0	0	0
0.00523611	0	0	0
0.00524125	0	0	0
0.00529303	0	0	0
0.00534325	0	0	0
0.00538499	0	0	0
0.00539216	0	0	0
0.00546353	0	0	0
0.0054638	0	0	0
0.00547754	0	0	0
0.00550438	0	0	0
0.00550717	0	0	0
0.00551037	0	0	0
0.00554394	0	0	0
0.00554841	0	0	0
0.00554917	0	0	0
0.00559998	0	0	0
0.00560692	0	0	0
0.00562852	0	0	0
0.00567119	0	0	0
0.00567718	0	0	0
0.00568228	0	0	0
0.00568743	0	0	0
0.00570486	0	0	0
0.00570845	0	0	0
0.00571475	0	0	0
0.00572235	0	0	0
0.00578026	0	0	0
0.00579947	0	0	0
0.0058064	0	0	0
0.0058359	0	0	0
0.00584702	0	0	0
0.00588897	0	0	0
0.00589689	0	0	0
0.00590076	0	0	0
0.00591996	0	0	0
0.00598911	0	0	0
0.00602215	0	0	0
0.00607757	0	0	0
0.00608643	0	0	0
0.00609149	0	0	0
0.00609394	0	0	0
0.00610703	0	0	0
0.00617364	0	0	0
0.00618572	0	0	0
0.00620677	0	0	0
0.00627204	0	0	0
0.00630166	0	0	0
0.00635593	0	0	0
0.00637731	0	0	0
0.00639765	0	0	0
0.00640375	0	0	0
0.00641922	0	0	0
0.00647507	0	0	0
0.00648246	0	0	0
0.00650007	0	0	0
0.00650138	0	0	0
0.00650228	0	0	0
0.00652707	0	0	0
0.00662848	0	0	0
0.006629	0	0	0
0.00664063	0	0	0
0.00667321	0	0	0
0.00668919	0	0	0
0.00669019	0	0	0
0.00671744	0	0	0
0.00673096	0	0	0
0.00683049	0	0	0
0.00687462	0	0	0
0.00688017	0	0	0
0.0068861	0	0	0
0.0068993	0	0	0
0.00690462	0	0	0
0.00691328	0	0	0
0.00692502	0	0	0
0.00692931	0	0	0
0.00697639	0	0	0
0.00700856	0	0	0
0.00701034	0	0	0
0.00705582	0	0	0
0.00706316	0	0	0
0.00706733	0	0	0
0.00708668	0	0	0
0.00710558	0	0	0
0.00711143	0	0	0
0.007123	0	0	0
0.00715254	0	0	0
0.00715432	0	0	0
0.00716065	0	0	0
0.00717407	0	0	0
0.00718672	0	0	0
0.0071899	0	0	0
0.0072108	0	0	0
0.00724364	0	0	0
0.00726409	0	0	0
0.00728464	0	0	0
0.00729855	0	0	0
0.0073114	0	0	0
0.00731278	0	0	0
0.00731873	0	0	0
0.00732074	0	0	0
0.00736959	0	0	0
0.00738067	0	0	0
0.00740154	0	0	0
0.0074491	0	0	0
0.00754154	0	0	0
0.00757108	0	0	0
0.00758721	0	0	0
0.00764545	0	0	0
0.00764665	0	0	0
0.0076744	0	0	0
0.00767451	0	0	0
0.00768486	0	0	0
0.0076897	0	0	0
0.00780838	0	0	0
0.00781632	0	0	0
0.00782069	0	0	0
0.00783675	0	0	0
0.00787396	0	0	0
0.00787844	0	0	0
0.00790853	0	0	0
0.00790946	0	0	0
0.00792369	0	0	0
0.00804831	0	0	0
0.00807823	0	0	0
0.00808998	0	0	0
0.00809318	0	0	0
0.00809647	0	0	0
0.00809672	0	0	0
0.00812288	0	0	0
0.00813672	0	0	0
0.00821324	0	0	0
0.00823951	0	0	0
0.00827607	0	0	0
0.00829266	0	0	0
0.00831876	0	0	0
0.00832682	0	0	0
0.00833905	0	0	0
0.00836059	0	0	0
0.00838177	0	0	0
0.008518	0	0	0
0.0085212	0	0	0
0.00853757	0	0	0
0.00854624	0	0	0
0.00855454	0	0	0
0.00857079	0	0	0
0.00866972	0	0	0
0.00867247	0	0	0
0.00867433	0	0	0
0.00868718	0	0	0
0.00868967	0	0	0
0.00871236	0	0	0
0.00873777	0	0	0
0.00874562	0	0	0
0.00879901	0	0	0
0.00883039	0	0	0
0.00885111	0	0	0
0.00888336	0	0	0
0.00891914	0	0	0
0.00894679	0	0	0
0.00897177	0	0	0
0.00898741	0	0	0
0.00903223	0	0	0
0.00905324	0	0	0
0.0091018	0	0	0
0.00911161	0	0	0
0.00911469	0	0	0
0.00914199	0	0	0
0.00914239	0	0	0
0.00917233	0	0	0
0.0091864	0	0	0
0.00919051	0	0	0
0.00921493	0	0	0
0.00925489	0	0	0
0.00926356	0	0	0
0.00926706	0	0	0
0.00930414	0	0	0
0.0093271	0	0	0
0.00936304	0	0	0
0.00937674	0	0	0
0.00938713	0	0	0
0.00940156	0	0	0
0.00943904	0	0	0
0.00944145	0	0	0
0.00950487	0	0	0
0.00952031	0	0	0
0.00953393	0	0	0
0.00957432	0	0	0
0.00957462	0	0	0
0.00958454	0	0	0
0.00960467	0	0	0
0.00960964	0	0	0
0.00964107	0	0	0
0.00968038	0	0	0
0.00978092	0	0	0
0.00982775	0	0	0
0.00989725	0	0	0
0.00993527	0	0	0
0.00997822	0	0	0
0.00999429	0	0	0
0.0100084	0	0	0
0.0100501	0	0	0
0.0100552	0	0	0
0.0100679	0	0	0
0.0101753	0	0	0
0.0102211	0	0	0
0.0102518	0	0	0
0.0103343	0	0	0
0.010384	0	0	0
0.0104208	0	0	0
0.0104467	0	0	0
0.0104562	0	0	0
0.0105097	0	0	0
0.0105255	0	0	0
0.0105503	0	0	0
0.0105729	0	0	0
0.0105916	0	0	0
0.0105929	0	0	0
0.0106254	0	0	0
0.0106708	0	0	0
0.0107061	0	0	0
0.01072	0	0	0
0.010801	0	0	0
0.0108487	0	0	0
0.0110188	0	0	0
0.0110215	0	0	0
0.0110297	0	0	0
0.0111441	0	0	0
0.0111443	0	0	0
0.0112286	0	0	0
0.0112616	0	0	0
0.0112925	0	0	0
0.0113258	0	0	0
0.0113483	0	0	0
0.0113526	0	0	0
0.0113864	0	0	0
0.0114629	0	0	0
0.0114752	0	0	0
0.0114966	0	0	0
0.0115041	0	0	0
0.0115058	0	0	0
0.0115225	0	0	0
0.0115693	0	0	0
0.0115829	0	0	0
0.011594	0	0	0
0.0115975	0	0	0
0.0115988	0	0	0
0.0116124	0	0	0
0.0116313	0	0	0
0.0116478	0	0	0
0.0116606	0	0	0
0.0116887	0	0	0
0.0117735	0.0412541	0.0825083	0
0.0117768	0.0412541	0.0825083	0
0.0117805	0.0412541	0.0825083	0
0.0117945	0.0412541	0.0825083	0
0.0118463	0.0412541	0.0825083	0
0.0118705	0.0412541	0.0825083	0
0.0118759	0.0412541	0.0825083	0
0.0118772	0.0412541	0.0825083	0
0.0119241	0.0412541	0.0825083	0
0.0119561	0.0412541	0.0825083	0
0.0119575	0.0412541	0.0825083	0
0.011984	0.0412541	0.0825083	0
0.0120272	0.123762	0	0
0.0121485	0.123762	0	0
0.0121572	0.123762	0	0
0.0122096	0.123762	0	0
0.0122157	0.123762	0	0
0.0122262	0.123762	0	0
0.0122288	0.123762	0	0
0.0122334	0.123762	0	0
0.0122441	0.123762	0	0
0.0122538	0.123762	0	0
0.0122539	0.123762	0	0
0.0122552	0.123762	0	0
0.012269	0.123762	0	0
0.0122824	0.123762	0	0
0.0122854	0.123762	0	0
0.0123006	0.123762	0	0
0.0123018	0.123762	0	0
0.0123131	0.123762	0	0
0.0123319	0.123762	0	0
0.0123534	0.123762	0	0
0.0123803	0.123762	0	0
0.0123841	0.123762	0	0
0.012387	0.123762	0	0
0.0124082	0.123762	0	0
0.012426	0.123762	0	0
0.0124489	0.123762	0	0
0.012559	0.123762	0	0
0.0125607	0.123762	0	0
0.012567	0.123762	0	0
0.0125799	0.123762	0	0
0.01258	0.123762	0	0
0.0125928	0.123762	0	0
0.0126154	0.123762	0	0
0.0126318	0.123762	0	0
0.0126495	0.123762	0	0
0.012664	0.123762	0	0
0.012681	0.123762	0	0
0.0127241	0.123762	0	0
0.0127454	0.123762	0	0
0.0127475	0.123762	0	0
0.0127494	0.123762	0	0
0.0127625	0.123762	0	0
0.012772	0.123762	0	0
0.0127832	0.123762	0	0
0.0128587	0.123762	0	0
0.012866	0.123762	0	0
0.0129447	0.123762	0	0
0.0129569	0.123762	0	0
0.0129653	0.123762	0	0
0.0129906	0.123762	0	0
0.0130247	0.123762	0	0
0.0130324	0.123762	0	0
0.013141	0.123762	0	0
0.0131561	0.123762	0	0
0.0131681	0.123762	0	0
0.0131882	0.123762	0	0
0.0132331	0.123762	0	0
0.0132513	0.123762	0	0
0.0132571	0.123762	0	0
0.0132592	0.123762	0	0
0.0132795	0.123762	0	0
0.0132869	0.123762	0	0
0.0133217	0.123762	0	0
0.0133768	0.123762	0	0
0.0134045	0.123762	0	0
0.0134225	0.123762	0	0
0.0134467	0.123762	0	0
0.0134891	0.123762	0	0
0.0134916	0.123762	0	0
0.0135018	0.123762	0	0
0.0135193	0.123762	0	0
0.0135371	0.123762	0	0
0.0135849	0.123762	0	0
0.0136165	0.123762	0	0
0.013632	0.123762	0	0
0.0136331	0.123762	0	0
0.0136575	0.123762	0	0
0.0136624	0.123762	0	0
0.0136714	0.123762	0	0
0.0136873	0.123762	0	0
0.0137378	0.123762	0	0
0.0137973	0.123762	0	0
0.0138657	0.123762	0	0
0.0138719	0.123762	0	0
0.0138769	0.123762	0	0
0.0138914	0.123762	0	0
0.0139159	0.123762	0	0
0.0139183	0.123762	0	0
0.0139351	0.123762	0	0
0.0139669	0.123762	0	0
0.0139857	0.123762	0	0
0.0139951	0.123762	0	0
0.0139995	0.123762	0	0
0.0140018	0.123762	0	0
0.0140126	0.123762	0	0
0.0140477	0.123762	0	0
0.0140751	0.123762	0	0
0.014081	0.123762	0	0
0.0141544	0.123762	0	0
0.0141611	0.123762	0	0
0.0141625	0.123762	0	0
0.0142286	0.123762	0	0
0.0142359	0.123762	0	0
0.0142363	0.123762	0	0
0.0142802	0.123762	0	0
0.014309	0.123762	0	0
0.0143279	0.123762	0	0
0.0143285	0.123762	0	0
0.0143521	0.123762	0	0
0.0143543	0.123762	0	0
0.0143743	0.123762	0	0
0.0143975	0.123762	0	0
0.0144184	0.123762	0	0
0.0144478	0.123762	0	0
0.0144558	0.123762	0	0
0.0144595	0.123762	0	0
0.0144753	0.123762	0	0
0.0144802	0.123762	0	0
0.0145066	0.123762	0	0
0.014521	0.123762	0	0
0.0145496	0.123762	0	0
0.0145659	0.123762	0	0
0.0145807	0.123762	0	0
0.014641	0.123762	0	0
0.0146491	0.123762	0	0
0.014669	0.123762	0	0
0.0146805	0.123762	0	0
0.0147009	0.123762	0	0
0.0147979	0.123762	0	0
0.0148049	0.123762	0	0
0.0148428	0.123762	0	0
0.014884	0.123762	0	0
0.0148946	0.123762	0	0
0.0149343	0.123762	0	0
0.0149438	0.123762	0	0
0.0149505	0.123762	0	0
0.0150005	0.123762	0	0
0.0150033	0.123762	0	0
0.0150363	0.123762	0	0
0.0150395	0.123762	0	0
0.0150452	0.123762	0	0
0.0150534	0.123762	0	0
0.015083	0.123762	0	0
0.015111	0.123762	0	0
0.0151266	0.123762	0	0
0.0151367	0.123762	0	0
0.0151376	0.123762	0	0
0.0151651	0.123762	0	0
0.0151753	0.123762	0	0
0.0151819	0.123762	0	0
0.0152303	0.123762	0	0
0.0152741	0.123762	0	0
0.0153072	0.123762	0	0
0.01532	0.123762	0	0
0.015385	0.123762	0	0
0.0153946	0.123762	0	0
0.0154453	0.123762	0	0
0.0154491	0.123762	0	0
0.015477	0.123762	0	0
0.0155748	0.123762	0	0
0.0155804	0.123762	0	0
0.0156002	0.123762	0	0
0.0156072	0.123762	0	0
0.0156147	0.123762	0	0
0.0156194	0.123762	0	0
0.0156454	0.123762	0	0
0.0156512	0.123762	0	0
0.0156675	0.123762	0	0
0.0156868	0.123762	0	0
0.0156928	0.123762	0	0
0.015694	0.123762	0	0
0.0157225	0.123762	0	0
0.0157306	0.123762	0	0
0.0157402	0.123762	0	0
0.0157737	0.123762	0	0
0.0157804	0.123762	0	0
0.0157874	0.123762	0	0
0.0157944	0.123762	0	0
0.0158328	0.123762	0	0
0.0158543	0.123762	0	0
0.0158595	0.123762	0	0
0.0158928	0.123762	0	0
0.0159299	0.123762	0	0
0.0159401	0.123762	0	0
0.0159981	0.123762	0	0
0.0161771	0.123762	0	0
0.0162058	0.123762	0	0
0.0162339	0.123762	0	0
0.0163469	0.123762	0	0
0.0164008	0.123762	0	0
0.016412	0.123762	0	0
0.0164548	0.123762	0	0
0.0166031	0.123762	0	0
0.0166371	0.123762	0	0
0.0166512	0.123762	0	0
0.0167184	0.123762	0	0
0.0168173	0.123762	0	0
0.0168903	0.123762	0	0
0.0169335	0.123762	0	0
0.0170833	0.123762	0	0
0.0172112	0.123762	0	0
0.0172566	0.123762	0	0
0.0172614	0.123762	0	0
0.0173049	0.123762	0	0
0.0173577	0.123762	0	0
0.0174727	0.123762	0	0
0.0175205	0.123762	0	0
0.0175252	0.123762	0	0
0.0175367	0.123762	0	0
0.0178304	0.123762	0	0
0.0178324	0.123762	0	0
0.0178361	0.123762	0	0
0.0178576	0.123762	0	0
0.0179077	0.123762	0	0
0.0179157	0.123762	0	0
0.0179159	0.123762	0	0
0.0179713	0.123762	0	0
0.0182991	0.123762	0	0
0.0183655	0.123762	0	0
0.0184275	0.123762	0	0
0.0184935	0.123762	0	0
0.0185432	0.123762	0	0
0.018545	0.123762	0	0
0.0185982	0.123762	0	0
0.0187848	0.123762	0	0
0.0188074	0.123762	0	0
0.0189544	0.123762	0	0
0.0191298	0.123762	0	0
0.0191379	0.123762	0	0
0.0191996	0.123762	0	0
0.0194082	0.123762	0	0
0.019409	0.123762	0	0
0.0194713	0.123762	0	0
0.0195542	0.123762	0	0
0.0196499	0.123762	0	0
0.0197385	0.123762	0	0
0.0197565	0.123762	0	0
0.0197731	0.123762	0	0
0.0199846	0.123762	0	0
0.0203207	0.123762	0	0
0.0203715	0.123762	0	0
0.0204218	0.123762	0	0
0.02043	0.123762	0	0
0.0204765	0.123762	0	0
0.0208685	0.123762	0	0
0.0210382	0.123762	0	0
0.0212374	0.123762	0	0
0.0212817	0.123762	0	0
0.0212994	0.123762	0	0
0.0214399	0.123762	0	0
0.021492	0.123762	0	0
0.0215038	0.123762	0	0
0.021563	0.123762	0	0
0.0215925	0.123762	0	0
0.0216603	0.123762	0	0
0.0217505	0.123762	0	0
0.0221052	0.123762	0	0
0.0221279	0.123762	0	0
0.0221622	0.123762	0	0
0.022171	0.123762	0	0
0.0222679	0.123762	0	0
0.0224661	0.123762	0	0
0.0225954	0.123762	0	0
0.0226497	0.123762	0	0
0.0226931	0.123762	0	0
0.0226987	0.123762	0	0
0.0227519	0.123762	0	0
0.0227899	0.123762	0	0
0.022872	0.123762	0	0
0.0230057	0.123762	0	0
0.0230441	0.123762	0	0
0.0232411	0.123762	0	0
0.0233613	0.123762	0	0
0.0234213	0.123762	0	0
0.0236583	0.123762	0	0
0.0239587	0.123762	0	0
0.0240433	0.123762	0	0
0.024218	0.123762	0	0
0.0247102	0.123762	0	0
0.0270581	0.123762	0	0
0.0307764	0.123762	0	0
0.0310422	0.123762	0.165017	0
0.0324128	0.206271	0.0825083	0
0.0327206	0.206271	0.0825083	0
0.0403069	0.288779	0	0
0.0412062	0.330033	0.0825083	0
0.068901	0.412541	0	0
0.0732818	0.412541	0.0825083	0
0.120844	0.49505	0	0
0.125273	0.49505	0	0
0.125542	0.536304	0.0825083	0
0.135625	0.618812	0	0
0.135957	0.618812	0.165017	0
0.138375	0.70132	0.0825083	0
0.139747	0.742574	0.165017	0
0.142796	0.825082	0.0825083	0
0.143019	0.825082	0.0825083	0.512821
0.145502	0.907591	0	0.512821
0.145916	0.907591	0.165017	0.512821
0.148063	0.990099	0.0825083	0.512821
0.174288	1.07261	0	0.512821
0.18034	1.11386	0.0825083	0.512821
0.183367	1.19637	0	0.512821
0.183798	1.19637	0.0825083	0.512821
0.184312	1.19637	0.165017	0.512821
0.185151	1.27888	0.0825083	0.512821
0.195691	1.36139	0	0.512821
0.198783	1.40264	0.0825083	0.512821
0.200384	1.48515	0	0.512821
0.202063	1.5264	0.0825083	0.512821
0.215832	1.60891	0	0.512821
0.220239	1.60891	0	0.512821
0.220422	1.60891	0.165017	0.512821
0.221199	1.69142	0.0825083	0.512821
0.231638	1.77393	0	0.512821
0.232604	1.77393	0.165017	0.512821
0.233359	1.85644	0.0825083	0.512821
0.2407	1.93894	0	0.512821
0.241448	1.93894	0.165017	0.512821
0.243151	2.02145	0.0825083	0.512821
0.246259	2.02145	0.0825083	0.512821
0.249665	2.10396	0	0.512821
0.25076	2.14521	0.0825083	0.512821
0.268457	2.22772	0	0.512821
0.271545	2.22772	0	0.512821
0.272631	2.22772	0	0.512821
0.272728	2.22772	0.165017	0.512821
0.27276	2.31023	0.0825083	0.512821
0.273995	2.31023	0.247525	0.512821
0.274184	2.39274	0.165017	0.512821
0.275253	2.47525	0.0825083	0.512821
0.285528	2.55776	0	0.512821
0.286777	2.59901	0.0825083	0.512821
0.287268	2.59901	0.247525	0.512821
0.287841	2.68152	0.165017	0.512821
0.289575	2.76403	0.0825083	0.512821
0.289742	2.84653	0	0.512821
0.293875	2.84653	0.0825083	0.512821
0.294375	2.88779	0.165017	0.512821
0.296412	2.9703	0.0825083	0.512821
0.299191	3.05281	0	0.512821
0.29964	3.09406	0.0825083	0.512821
0.303985	3.17657	0	0.512821
0.304476	3.21782	0.0825083	0.512821
0.318284	3.30033	0	0.512821
0.335557	3.30033	0	0.512821
0.365057	3.30033	0	1.02564
0.36584	3.30033	0.165017	1.02564
0.366974	3.34158	0.247525	1.02564
0.3676	3.42409	0.165017	1.02564
0.371802	3.5066	0.0825083	1.02564
0.382473	3.58911	0	1.02564
0.387437	3.58911	0	1.53846
0.397108	3.58911	0	2.05128
0.398554	3.63036	0.0825083	2.05128
0.399789	3.67162	0.165017	2.05128
0.404761	3.75413	0.0825083	2.05128
0.410025	3.83663	0	2.05128
0.418088	3.83663	0.0825083	2.05128
0.437776	3.91914	0	2.05128
0.438142	3.91914	0.165017	2.05128
0.438733	4.00165	0.0825083	2.05128
0.450765	4.08416	0	2.05128
0.458781	4.08416	0	2.5641
0.463985	4.08416	0	3.07692
0.468165	4.08416	0	3.58974
0.478543	4.08416	0	3.58974
0.481552	4.08416	0	3.58974
0.482088	4.08416	0.165017	3.58974
0.484117	4.16667	0.0825083	3.58974
0.487459	4.24918	0	3.58974
0.489189	4.24918	0.165017	3.58974
0.489272	4.33168	0.0825083	3.58974
0.489405	4.33168	0.0825083	4.10256
0.513206	4.41419	0	4.10256
0.520195	4.41419	0	4.10256
0.520405	4.45545	0.0825083	4.10256
0.575924	4.53795	0	4.10256
0.58244	4.53795	0	4.61538
0.598595	4.53795	0	4.61538
0.601134	4.57921	0.0825083	4.61538
0.608925	4.66172	0	4.61538
0.610676	4.66172	0.165017	4.61538
0.615041	4.74422	0.0825083	4.61538
0.616489	4.82673	0	4.61538
0.61775	4.86799	0.0825083	4.61538
0.618894	4.9505	0	4.61538
0.619221	4.9505	0.165017	4.61538
0.619387	5.033	0.0825083	4.61538
0.646613	5.11551	0	4.61538
0.647715	5.15677	0.0825083	4.61538
0.651392	5.23927	0	4.61538
0.688315	5.23927	0	5.12821
0.703606	5.23927	0	5.64103
0.704738	5.23927	0.165017	5.64103
0.706783	5.28053	0.247525	5.64103
0.707446	5.36304	0.165017	5.64103
0.71115	5.44554	0.0825083	5.64103
0.711337	5.44554	0.247525	5.64103
0.711674	5.52805	0.165017	5.64103
0.712276	5.61056	0.0825083	5.64103
0.733688	5.69307	0	5.64103
0.737395	5.69307	0.0825083	5.64103
0.737935	5.77558	0	5.64103
0.740801	5.77558	0.165017	5.64103
0.741102	5.85809	0.0825083	5.64103
0.762731	5.94059	0	5.64103
0.765884	5.98185	0.0825083	5.64103
0.782892	6.06436	0	5.64103
0.794326	6.06436	0	5.64103
0.807019	6.06436	0	6.15385
0.808287	6.10561	0.0825083	6.15385
0.811601	6.18812	0	6.15385
0.813819	6.22937	0.0825083	6.15385
0.841777	6.31188	0	6.15385
0.844093	6.35314	0.0825083	6.15385
0.848703	6.43564	0	6.15385
0.850527	6.4769	0.0825083	6.15385
0.851962	6.51815	0.165017	6.15385
0.852219	6.60066	0.0825083	6.15385
0.856287	6.60066	0.0825083	6.66667
0.859889	6.68317	0	6.66667
0.861788	6.68317	0.165017	6.66667
0.862158	6.76568	0.0825083	6.66667
0.876239	6.84818	0	6.66667
0.877792	6.88944	0.0825083	6.66667
0.884284	6.97195	0	6.66667
0.892148	6.97195	0.0825083	6.66667
0.902263	7.05446	0	6.66667
0.904039	7.05446	0.0825083	6.66667
0.910221	7.13696	0	6.66667
0.922042	7.13696	0	7.17949
0.925333	7.17822	0.0825083	7.17949
0.926044	7.21947	0.165017	7.17949
0.926526	7.30198	0.0825083	7.17949
0.944889	7.38449	0	7.17949
0.977058	7.38449	0	7.17949
0.977099	7.42574	0.0825083	7.17949
1.02098	7.50825	0	7.17949
1.02558	7.50825	0	7.69231
1.03162	7.50825	0	8.20513
1.03272	7.50825	0.0825083	8.20513
1.04282	7.59076	0	8.20513
1.04448	7.63201	0.0825083	8.20513
1.06237	7.71452	0	8.20513
1.06399	7.71452	0.165017	8.20513
1.06462	7.79703	0.0825083	8.20513
1.06518	7.87954	0	8.20513
1.06605	7.92079	0.0825083	8.20513
1.07006	8.0033	0	8.20513
1.07042	8.0033	0.0825083	8.20513
1.08086	8.08581	0	8.20513
1.09846	8.08581	0	8.71795
1.10053	8.12706	0.0825083	8.71795
1.10067	8.12706	0.165017	8.71795
1.10282	8.20957	0.0825083	8.71795
1.13431	8.29208	0	8.71795
1.13438	8.29208	0.0825083	8.71795
1.16312	8.37459	0	8.71795
1.16363	8.37459	0	9.23077
1.16763	8.37459	0.165017	9.23077
1.16772	8.4571	0.0825083	9.23077
1.17407	8.5396	0	9.23077
1.17819	8.58086	0.0825083	9.23077
1.18443	8.66337	0	9.23077
1.18725	8.66337	0	9.74359
1.18734	8.70462	0.0825083	9.74359
1.18754	8.74587	0.165017	9.74359
1.18776	8.82838	0.0825083	9.74359
1.21223	8.91089	0	9.74359
1.22048	8.91089	0	10.2564
1.22106	8.91089	0.0825083	10.2564
1.23456	8.9934	0	10.2564
1.24073	8.9934	0	10.7692
1.2421	9.03465	0.0825083	10.7692
1.24294	9.11716	0	10.7692
1.24363	9.11716	0.0825083	10.7692
1.24406	9.19967	0	10.7692
1.24488	9.19967	0.165017	10.7692
1.24695	9.28218	0.0825083	10.7692
1.24729	9.36469	0	10.7692
1.24853	9.40594	0.0825083	10.7692
1.24853	9.4472	0.165017	10.7692
1.24929	9.5297	0.0825083	10.7692
1.26143	9.61221	0	10.7692
1.26157	9.61221	0.165017	10.7692
1.26167	9.69472	0.0825083	10.7692
1.26854	9.77723	0	10.7692
1.272	9.77723	0.165017	10.7692
1.27285	9.85974	0.0825083	10.7692
1.27647	9.94224	0	10.7692
1.27789	9.9835	0.0825083	10.7692
1.29049	10.066	0	10.7692
1.30091	10.066	0	11.2821
1.30178	10.1073	0.0825083	11.2821
1.31621	10.1898	0	11.2821
1.31683	10.231	0.0825083	11.2821
1.31755	10.2723	0.165017	11.2821
1.31765	10.3548	0.0825083	11.2821
1.32442	10.4373	0	11.2821
1.32447	10.4373	0.165017	11.2821
1.32579	10.5198	0.0825083	11.2821
1.32827	10.6023	0	11.2821
1.33683	10.6023	0	11.7949
1.33905	10.6436	0.0825083	11.7949
1.34459	10.7261	0	11.7949
1.34478	10.7673	0.0825083	11.7949
1.35555	10.8498	0	11.7949
1.36178	10.8911	0.0825083	11.7949
1.36194	10.9736	0	11.7949
1.36358	10.9736	0	12.3077
1.36422	10.9736	0.165017	12.3077
1.36456	11.0561	0.0825083	12.3077
1.36495	11.1386	0	12.3077
1.36531	11.1386	0.165017	12.3077
1.36905	11.1386	0.165017	12.8205
1.36931	11.2211	0.0825083	12.8205
1.41585	11.3036	0	12.8205
1.41594	11.3036	0.165017	12.8205
1.41625	11.3036	0.165017	13.3333
1.41789	11.3861	0.0825083	13.3333
1.44737	11.4686	0	13.3333
1.44796	11.5099	0.0825083	13.3333
1.45428	11.5924	0	13.3333
1.45617	11.6337	0.0825083	13.3333
1.46435	11.7162	0	13.3333
1.4656	11.7162	0.165017	13.3333
1.46646	11.7987	0.0825083	13.3333
1.48722	11.8812	0	13.3333
1.48738	11.8812	0.165017	13.3333
1.48753	11.8812	0.165017	14.359
1.48762	11.8812	0.330033	14.359
1.48845	11.9637	0.247525	14.359
1.48861	12.0462	0.165017	14.359
1.48882	12.1287	0.0825083	14.359
1.55356	12.2112	0	14.359
1.55414	12.2112	0.165017	14.359
1.55419	12.2937	0.0825083	14.359
1.56097	12.3762	0	14.359
1.56505	12.4175	0.0825083	14.359
1.57164	12.5	0	14.359
1.57225	12.5	0.165017	14.359
1.57282	12.5825	0.0825083	14.359
1.59707	12.665	0	14.359
1.59846	12.665	0.165017	14.359
1.60089	12.7475	0.0825083	14.359
1.60153	12.7888	0.165017	14.359
1.60155	12.8713	0.0825083	14.359
1.60236	12.9125	0.165017	14.359
1.6044	12.995	0.0825083	14.359
1.60487	13.0776	0	14.359
1.60847	13.0776	0	14.359
1.60872	13.0776	0.0825083	14.359
1.61269	13.1601	0	14.359
1.63657	13.1601	0	14.359
1.6408	13.2013	0.0825083	14.359
1.65472	13.2838	0	14.359
1.65533	13.3251	0.0825083	14.359
1.65625	13.4076	0	14.359
1.67873	13.4076	0	14.8718
1.69084	13.4076	0	15.3846
1.69107	13.4488	0.0825083	15.3846
1.69231	13.5314	0	15.3846
1.69339	13.5314	0	15.8974
1.69987	13.5314	0	15.8974
1.71237	13.5314	0	15.8974
1.71457	13.5314	0	16.4103
1.71591	13.5314	0.0825083	16.4103
1.72555	13.6139	0	16.4103
1.72574	13.6139	0.165017	16.4103
1.72704	13.6964	0.0825083	16.4103
1.74621	13.7789	0	16.4103
1.74651	13.8201	0.0825083	16.4103
1.75898	13.9026	0	16.4103
1.76563	13.9026	0	17.4359
1.7701	13.9026	0	17.4359
1.77184	13.9026	0	17.9487
1.772	13.9026	0.165017	17.9487
1.77318	13.9439	0.247525	17.9487
1.7762	14.0264	0.165017	17.9487
1.77752	14.1089	0.0825083	17.9487
1.779	14.1914	0	17.9487
1.78614	14.1914	0	18.4615
1.78839	14.1914	0.0825083	18.4615
1.78876	14.1914	0.0825083	18.9744
1.81766	14.2739	0	18.9744
1.82189	14.2739	0.0825083	18.9744
1.85209	14.3564	0	18.9744
1.85498	14.3564	0.0825083	18.9744
1.85608	14.4389	0	18.9744
1.85617	14.4389	0.165017	18.9744
1.85747	14.5215	0.0825083	18.9744
1.85975	14.604	0	18.9744
1.86078	14.604	0	19.4872
1.86095	14.6452	0.0825083	19.4872
1.86375	14.7277	0	19.4872
1.86381	14.769	0.0825083	19.4872
1.87872	14.8515	0	19.4872
1.87926	14.8927	0.0825083	19.4872
1.93083	14.9752	0	19.4872
1.93099	14.9752	0	20.5128
1.93442	15.0165	0.0825083	20.5128
1.94005	15.099	0	20.5128
1.94192	15.1403	0.0825083	20.5128
1.9531	15.2228	0	20.5128
1.95323	15.264	0.0825083	20.5128
1.96202	15.3465	0	20.5128
1.96391	15.3878	0.0825083	20.5128
1.96399	15.429	0.165017	20.5128
1.96468	15.5116	0.0825083	20.5128
1.96546	15.5941	0	20.5128
1.96547	15.5941	0.0825083	20.5128
1.96558	15.5941	0.247525	20.5128
1.96589	15.6766	0.165017	20.5128
1.96665	15.7591	0.0825083	20.5128
1.96899	15.7591	0.0825083	20.5128
1.97772	15.8416	0	20.5128
1.98148	15.8828	0.0825083	20.5128
1.99057	15.9653	0	20.5128
1.99087	16.0066	0.0825083	20.5128
2.00991	16.0891	0	20.5128
2.01032	16.0891	0.165017	20.5128
2.01074	16.1716	0.0825083	20.5128
2.04534	16.2541	0	20.5128
2.04755	16.2541	0.0825083	20.5128
2.05137	16.3366	0	20.5128
2.05306	16.3366	0	21.5385
2.05359	16.3366	0.165017	21.5385
2.05565	16.4191	0.0825083	21.5385
2.05801	16.4604	0.165017	21.5385
2.05919	16.5429	0.0825083	21.5385
2.0626	16.6254	0	21.5385
2.06265	16.6667	0.0825083	21.5385
2.06641	16.7492	0	21.5385
2.06678	16.7492	0.165017	21.5385
2.06746	16.8317	0.0825083	21.5385
2.07531	16.9142	0	21.5385
2.08073	16.9554	0.0825083	21.5385
2.09428	17.038	0	21.5385
2.09456	17.0792	0.0825083	21.5385
2.09509	17.1617	0	21.5385
2.09796	17.203	0.0825083	21.5385
2.09838	17.2442	0.165017	21.5385
2.0993	17.3267	0.0825083	21.5385
2.12041	17.4092	0	21.5385
2.12052	17.4505	0.0825083	21.5385
2.14206	17.533	0	21.5385
2.16514	17.533	0	22.5641
2.16594	17.533	0	23.0769
2.17041	17.533	0.0825083	23.0769
2.17291	17.6155	0	23.0769
2.17806	17.6568	0.0825083	23.0769
2.17819	17.698	0.165017	23.0769
2.18267	17.7805	0.0825083	23.0769
2.20635	17.863	0	23.0769
2.20655	17.9043	0.0825083	23.0769
2.20992	17.9868	0	23.0769
2.21007	17.9868	0.165017	23.0769
2.21151	18.0281	0.247525	23.0769
2.21571	18.1106	0.165017	23.0769
2.2169	18.1931	0.0825083	23.0769
2.22678	18.2756	0	23.0769
2.24499	18.2756	0	23.5897
2.2451	18.3168	0.0825083	23.5897
2.24727	18.3581	0.165017	23.5897
2.24791	18.4406	0.0825083	23.5897
2.24895	18.5231	0	23.5897
2.24899	18.5231	0.165017	23.5897
2.25056	18.6056	0.0825083	23.5897
2.25709	18.6881	0	23.5897
2.25765	18.7294	0.0825083	23.5897
2.29908	18.8119	0	23.5897
2.29982	18.8119	0.165017	23.5897
2.30024	18.8944	0.0825083	23.5897
2.30898	18.9769	0	23.5897
2.32886	18.9769	0	24.1026
2.32887	18.9769	0.165017	24.1026
2.32928	19.0594	0.0825083	24.1026
2.33759	19.1419	0	24.1026
2.33853	19.1419	0.165017	24.1026
2.33983	19.2244	0.0825083	24.1026
2.34086	19.2244	0.165017	24.1026
2.34213	19.3069	0.0825083	24.1026
2.34312	19.3894	0	24.1026
2.35077	19.4307	0.0825083	24.1026
2.35598	19.5132	0	24.1026
2.36237	19.5132	0	25.1282
2.36358	19.5545	0.0825083	25.1282
2.38211	19.637	0	25.1282
2.38225	19.6782	0.0825083	25.1282
2.40322	19.7607	0	25.1282
2.42614	19.7607	0	25.1282
2.42706	19.802	0.0825083	25.1282
2.43653	19.8845	0	25.1282
2.43697	19.9257	0.0825083	25.1282
2.45543	20.0083	0	25.1282
2.45873	20.0083	0	25.641
2.45899	20.0083	0.165017	25.641
2.45991	20.0908	0.0825083	25.641
2.47303	20.1733	0	25.641
2.47315	20.2145	0.0825083	25.641
2.47469	20.2558	0.165017	25.641
2.47496	20.3383	0.0825083	25.641
2.49619	20.4208	0	25.641
2.49933	20.462	0.0825083	25.641
2.51011	20.5446	0	25.641
2.51031	20.5446	0.165017	25.641
2.51345	20.6271	0.0825083	25.641
2.516	20.7096	0	25.641
2.51772	20.7096	0	26.1538
2.52168	20.7508	0.0825083	26.1538
2.53214	20.8333	0	26.1538
2.53397	20.8333	0.165017	26.1538
2.53417	20.9158	0.0825083	26.1538
2.53748	20.9984	0	26.1538
2.5399	21.0396	0.0825083	26.1538
2.56367	21.1221	0	26.1538
2.57478	21.1634	0.0825083	26.1538
2.57835	21.2459	0	26.1538
2.58118	21.2459	0	26.6667
2.61012	21.2459	0	27.1795
2.61059	21.2871	0.0825083	27.1795
2.6135	21.3696	0	27.1795
2.61614	21.3696	0.165017	27.1795
2.61887	21.4521	0.0825083	27.1795
2.61952	21.5347	0	27.1795
2.62326	21.5759	0.0825083	27.1795
2.62497	21.6584	0	27.1795
2.63449	21.6584	0	27.1795
2.63605	21.6997	0.0825083	27.1795
2.63672	21.7409	0.165017	27.1795
2.63687	21.8234	0.0825083	27.1795
2.637	21.9059	0	27.1795
2.6373	21.9059	0.165017	27.1795
2.64104	21.9884	0.0825083	27.1795
2.64208	22.071	0	27.1795
2.64419	22.071	0.165017	27.1795
2.64456	22.1535	0.0825083	27.1795
2.69096	22.236	0	27.1795
2.69186	22.2772	0.0825083	27.1795
2.69677	22.3597	0	27.1795
2.69702	22.401	0.0825083	27.1795
2.70439	22.4835	0	27.1795
2.70554	22.5248	0.0825083	27.1795
2.7062	22.6073	0	27.1795
2.70758	22.6485	0.0825083	27.1795
2.73201	22.731	0	27.1795
2.73264	22.7723	0.0825083	27.1795
2.73976	22.8548	0	27.1795
2.74087	22.896	0.0825083	27.1795
2.74477	22.9785	0	27.1795
2.75012	23.0198	0.0825083	27.1795
2.77329	23.1023	0	27.1795
2.77586	23.1436	0.0825083	27.1795
2.77599	23.2261	0	27.1795
2.77636	23.2261	0.0825083	27.1795
2.79293	23.3086	0	27.1795
2.7939	23.3498	0.0825083	27.1795
2.79822	23.4323	0	27.1795
2.80194	23.4736	0.0825083	27.1795
2.82159	23.5561	0	27.1795
2.82344	23.5561	0	27.6923
2.8248	23.5974	0.0825083	27.6923
2.83199	23.6799	0	27.6923
2.83319	23.7211	0.0825083	27.6923
2.83567	23.8036	0	27.6923
2.85001	23.8036	0	28.2051
2.85001	23.8036	0.0825083	28.2051
2.861	23.8861	0	28.2051
2.86795	23.9274	0.0825083	28.2051
2.89907	24.0099	0	28.2051
2.90056	24.0512	0.0825083	28.2051
2.90763	24.1337	0	28.2051
2.90904	24.1749	0.0825083	28.2051
2.9546	24.2574	0	28.2051
2.95514	24.2574	0.0825083	28.2051
2.96428	24.3399	0	28.2051
2.96512	24.3399	0.0825083	28.2051
2.97418	24.4224	0	28.2051
2.97532	24.4224	0.0825083	28.2051
2.98317	24.5049	0	28.2051
3.01787	24.5049	0	28.7179
3.01794	24.5049	0.0825083	28.7179
3.02275	24.5875	0	28.7179
3.02278	24.5875	0.165017	28.7179
3.02383	24.67	0.0825083	28.7179
3.03846	24.7525	0	28.7179
3.03882	24.7525	0.165017	28.7179
3.04117	24.835	0.0825083	28.7179
3.0557	24.9175	0	28.7179
3.05624	24.9587	0.0825083	28.7179
3.06016	25.0413	0	28.7179
3.0798	25.0413	0	28.7179
3.08095	25.0825	0.0825083	28.7179
3.08403	25.165	0	28.7179
3.08488	25.2063	0.0825083	28.7179
3.08756	25.2475	0.165017	28.7179
3.09009	25.33	0.0825083	28.7179
3.09056	25.4125	0	28.7179
3.09089	25.4125	0.0825083	28.7179
3.12399	25.4951	0	28.7179
3.1247	25.4951	0.165017	28.7179
3.12683	25.5776	0.0825083	28.7179
3.12756	25.6601	0	28.7179
3.1279	25.6601	0.165017	28.7179
3.12816	25.7426	0.0825083	28.7179
3.12942	25.8251	0	28.7179
3.16521	25.8251	0	29.7436
3.17036	25.8663	0.0825083	29.7436
3.171	25.8663	0.247525	29.7436
3.17117	25.9488	0.165017	29.7436
3.17288	26.0314	0.0825083	29.7436
3.19918	26.1139	0	29.7436
3.20098	26.1551	0.0825083	29.7436
3.20112	26.1551	0.247525	29.7436
3.2024	26.2376	0.165017	29.7436
3.20258	26.3201	0.0825083	29.7436
3.20492	26.4026	0	29.7436
3.20649	26.4439	0.0825083	29.7436
3.2096	26.5264	0	29.7436
3.21003	26.5677	0.0825083	29.7436
3.21116	26.5677	0.165017	29.7436
3.21418	26.6502	0.0825083	29.7436
3.22197	26.7327	0	29.7436
3.26334	26.7327	0	30.2564
3.26514	26.7739	0.0825083	30.2564
3.26687	26.7739	0.165017	30.2564
3.26704	26.8564	0.0825083	30.2564
3.27349	26.9389	0	30.2564
3.30259	26.9389	0	30.2564
3.31264	26.9389	0	30.7692
3.31417	26.9389	0	31.2821
3.31569	26.9389	0	31.2821
3.31792	26.9802	0.0825083	31.2821
3.31937	26.9802	0.0825083	32.3077
3.31938	26.9802	0.247525	32.3077
3.31999	27.0627	0.165017	32.3077
3.32097	27.1452	0.0825083	32.3077
3.32284	27.2277	0	32.3077
3.32316	27.269	0.0825083	32.3077
3.35081	27.3515	0	32.3077
3.35129	27.3927	0.0825083	32.3077
3.35153	27.4752	0	32.3077
3.35286	27.5165	0.0825083	32.3077
3.3878	27.599	0	32.3077
3.38823	27.599	0.165017	32.3077
3.3911	27.599	0.165017	32.3077
3.39269	27.6815	0.0825083	32.3077
3.41323	27.764	0	32.3077
3.41998	27.8053	0.0825083	32.3077
3.42805	27.8878	0	32.3077
3.43977	27.8878	0	32.8205
3.4456	27.8878	0	33.3333
3.44596	27.929	0.0825083	33.3333
3.51608	28.0116	0	33.3333
3.52284	28.0528	0.0825083	33.3333
3.52319	28.0941	0.165017	33.3333
3.53031	28.1766	0.0825083	33.3333
3.54913	28.2591	0	33.3333
3.54958	28.2591	0	33.3333
3.54983	28.2591	0	33.8462
3.56255	28.2591	0	33.8462
3.56317	28.2591	0.165017	33.8462
3.5641	28.3416	0.0825083	33.8462
3.56986	28.4241	0	33.8462
3.57209	28.4653	0.0825083	33.8462
3.57741	28.5479	0	33.8462
3.58248	28.5891	0.0825083	33.8462
3.5867	28.6716	0	33.8462
3.58946	28.7129	0.0825083	33.8462
3.59681	28.7954	0	33.8462
3.59932	28.8366	0.0825083	33.8462
3.60582	28.9191	0	33.8462
3.60583	28.9191	0.165017	33.8462
3.61008	29.0016	0.0825083	33.8462
3.61191	29.0842	0	33.8462
3.61202	29.0842	0.0825083	33.8462
3.64006	29.1667	0	33.8462
3.66999	29.1667	0	34.359
3.67186	29.2079	0.0825083	34.359
3.71464	29.2904	0	34.359
3.71552	29.3317	0.0825083	34.359
3.72843	29.4142	0	34.359
3.72975	29.4554	0.0825083	34.359
3.74035	29.538	0	34.359
3.74305	29.5792	0.0825083	34.359
3.74366	29.6617	0	34.359
3.74366	29.703	0.0825083	34.359
3.74468	29.703	0.247525	34.359
3.74492	29.7855	0.165017	34.359
3.74549	29.868	0.0825083	34.359
3.74699	29.9505	0	34.359
3.74752	29.9917	0.0825083	34.359
3.75528	30.0743	0	34.359
3.76465	30.0743	0	34.8718
3.76849	30.1155	0.0825083	34.8718
3.76912	30.1155	0.247525	34.8718
3.77087	30.198	0.165017	34.8718
3.77245	30.2805	0.0825083	34.8718
3.80783	30.363	0	34.8718
3.81274	30.4043	0.0825083	34.8718
3.81744	30.4868	0	34.8718
3.82705	30.5281	0.0825083	34.8718
3.8307	30.6106	0	34.8718
3.83081	30.6106	0.165017	34.8718
3.83196	30.6931	0.0825083	34.8718
3.83683	30.7756	0	34.8718
3.83802	30.7756	0.165017	34.8718
3.83952	30.8581	0.0825083	34.8718
3.87891	30.9406	0	34.8718
3.88251	30.9406	0.165017	34.8718
3.88311	31.0231	0.0825083	34.8718
3.92107	31.1056	0	34.8718
3.9235	31.1469	0.0825083	34.8718
3.94548	31.2294	0	34.8718
3.94987	31.2294	0	35.3846
3.96268	31.2294	0	35.8974
3.96301	31.2294	0.0825083	35.8974
3.96729	31.3119	0	35.8974
3.9855	31.3119	0	36.9231
3.99954	31.3119	0	37.4359
3.99969	31.3531	0.0825083	37.4359
4.00298	31.4356	0	37.4359
4.00326	31.4769	0.0825083	37.4359
4.00463	31.5594	0	37.4359
4.00607	31.5594	0.165017	37.4359
4.00735	31.6419	0.0825083	37.4359
4.00983	31.7244	0	37.4359
4.01469	31.7657	0.0825083	37.4359
4.01774	31.8482	0	37.4359
4.01791	31.8894	0.0825083	37.4359
4.02032	31.8894	0.0825083	37.9487
4.02066	31.9719	0	37.9487
4.02677	32.0132	0.0825083	37.9487
4.04971	32.0957	0	37.9487
4.05077	32.137	0.0825083	37.9487
4.05872	32.2195	0	37.9487
4.05915	32.2195	0.165017	37.9487
4.05967	32.302	0.0825083	37.9487
4.06766	32.3845	0	37.9487
4.07007	32.4257	0.0825083	37.9487
4.10735	32.5083	0	37.9487
4.10785	32.5495	0.0825083	37.9487
4.16737	32.632	0	37.9487
4.1685	32.6733	0.0825083	37.9487
4.20293	32.7558	0	37.9487
4.20448	32.7558	0.0825083	37.9487
4.21522	32.8383	0	37.9487
4.21602	32.8795	0.0825083	37.9487
4.22513	32.962	0	37.9487
4.23066	32.962	0	38.9744
4.26037	32.962	0	39.4872
4.26551	33.0033	0.0825083	39.4872
4.28269	33.0858	0	39.4872
4.28282	33.1271	0.0825083	39.4872
4.28411	33.1683	0.165017	39.4872
4.28422	33.2508	0.0825083	39.4872
4.29957	33.3333	0	39.4872
4.30182	33.3333	0.165017	39.4872
4.30193	33.4158	0.0825083	39.4872
4.30512	33.4983	0	39.4872
4.33164	33.4983	0	40
4.33518	33.5396	0.0825083	40
4.33548	33.5809	0.165017	40
4.33674	33.6634	0.0825083	40
4.33778	33.7046	0.165017	40
4.33803	33.7871	0.0825083	40
4.34823	33.8696	0	40
4.34907	33.8696	0.165017	40
4.35319	33.9521	0.0825083	40
4.3554	34.0347	0	40
4.35608	34.0347	0.165017	40
4.35628	34.1172	0.0825083	40
4.38095	34.1997	0	40
4.38907	34.2409	0.0825083	40
4.40639	34.3234	0	40
4.41979	34.3234	0	40.5128
4.42009	34.3647	0.0825083	40.5128
4.42572	34.4472	0	40.5128
4.42806	34.4884	0.0825083	40.5128
4.44193	34.571	0	40.5128
4.44315	34.571	0	41.0256
4.44507	34.6122	0.0825083	41.0256
4.45455	34.6947	0	41.0256
4.46211	34.6947	0	41.5385
4.46265	34.6947	0.165017	41.5385
4.46597	34.7772	0.0825083	41.5385
4.47833	34.8597	0	41.5385
4.49418	34.8597	0	42.0513
4.49879	34.901	0.0825083	42.0513
4.50639	34.9835	0	42.0513
4.50666	35.0248	0.0825083	42.0513
4.52258	35.1073	0	42.0513
4.52735	35.1485	0.0825083	42.0513
4.57439	35.231	0	42.0513
4.57549	35.231	0.165017	42.0513
4.57667	35.3135	0.0825083	42.0513
4.59352	35.396	0	42.0513
4.62894	35.396	0	42.5641
4.629	35.396	0.165017	42.5641
4.62978	35.4785	0.0825083	42.5641
4.65966	35.5611	0	42.5641
4.6612	35.5611	0.165017	42.5641
4.66383	35.6436	0.0825083	42.5641
4.66402	35.6436	0.247525	42.5641
4.66446	35.7261	0.165017	42.5641
4.66645	35.8086	0.0825083	42.5641
4.69009	35.8911	0	42.5641
4.7422	35.8911	0	43.0769
4.74427	35.8911	0.0825083	43.0769
4.74502	35.8911	0.247525	43.0769
4.74667	35.9736	0.165017	43.0769
4.7477	36.0561	0.0825083	43.0769
4.74797	36.0561	0.165017	43.0769
4.74984	36.1386	0.0825083	43.0769
4.75892	36.2211	0	43.0769
4.76032	36.2624	0.0825083	43.0769
4.77678	36.3449	0	43.0769
4.77727	36.3449	0.0825083	43.0769
4.80863	36.4274	0	43.0769
4.81014	36.4686	0.0825083	43.0769
4.81842	36.5512	0	43.0769
4.83402	36.5512	0	43.5897
4.84201	36.5512	0	44.1026
4.84399	36.5924	0.0825083	44.1026
4.8877	36.6749	0	44.1026
4.88812	36.6749	0.165017	44.1026
4.88837	36.7574	0.0825083	44.1026
4.89367	36.8399	0	44.1026
4.89434	36.8812	0.0825083	44.1026
4.90495	36.9637	0	44.1026
4.90553	37.005	0.0825083	44.1026
4.92187	37.0875	0	44.1026
4.92191	37.0875	0.165017	44.1026
4.92423	37.17	0.0825083	44.1026
4.92972	37.2525	0	44.1026
4.93023	37.2525	0.165017	44.1026
4.93086	37.335	0.0825083	44.1026
4.93455	37.4175	0	44.1026
4.93472	37.4175	0.165017	44.1026
4.93597	37.5	0.0825083	44.1026
4.96721	37.5825	0	44.1026
4.96897	37.6238	0.0825083	44.1026
4.97034	37.7063	0	44.1026
4.97094	37.7063	0.165017	44.1026
4.97132	37.7888	0.0825083	44.1026
4.97141	37.8713	0	44.1026
4.97278	37.9125	0.0825083	44.1026
4.97514	37.995	0	44.1026
4.97538	37.995	0.0825083	44.1026
4.98482	38.0776	0	44.1026
4.9851	38.0776	0.165017	44.1026
4.98534	38.1601	0.0825083	44.1026
4.99146	38.2426	0	44.1026
4.99229	38.2426	0.165017	44.1026
4.99606	38.3251	0.0825083	44.1026
5.04065	38.4076	0	44.1026
5.04179	38.4488	0.0825083	44.1026
5.04248	38.4488	0.0825083	45.1282
5.08258	38.5314	0	45.1282
5.08293	38.5726	0.0825083	45.1282
5.09111	38.6551	0	45.1282
5.09806	38.6964	0.0825083	45.1282
5.09897	38.7376	0.165017	45.1282
5.10084	38.8201	0.0825083	45.1282
5.11253	38.9026	0	45.1282
5.1133	38.9026	0	45.641
5.11534	38.9439	0.0825083	45.641
5.14711	39.0264	0	45.641
5.14746	39.0677	0.0825083	45.641
5.1893	39.1502	0	45.641
5.1913	39.1502	0.165017	45.641
5.1923	39.2327	0.0825083	45.641
5.2106	39.3152	0	45.641
5.21175	39.3564	0.0825083	45.641
5.22236	39.4389	0	45.641
5.22466	39.4802	0.0825083	45.641
5.25058	39.5627	0	45.641
5.25202	39.604	0.0825083	45.641
5.2527	39.6865	0	45.641
5.25305	39.6865	0.165017	45.641
5.25499	39.769	0.0825083	45.641
5.4003	39.8515	0	45.641
5.40158	39.8927	0.0825083	45.641
5.4212	39.9752	0	45.641
5.4308	39.9752	0	46.1538
5.43177	39.9752	0.165017	46.1538
5.4339	40.0578	0.0825083	46.1538
5.43506	40.1403	0	46.1538
5.4359	40.1815	0.0825083	46.1538
5.45485	40.264	0	46.1538
5.45512	40.264	0.165017	46.1538
5.45621	40.3465	0.0825083	46.1538
5.4656	40.429	0	46.1538
5.46728	40.4703	0.0825083	46.1538
5.49101	40.5528	0	46.1538
5.50152	40.5528	0	46.6667
5.54363	40.5528	0	47.1795
5.57573	40.5528	0	47.6923
5.58427	40.5528	0	48.2051
5.6081	40.5528	0	48.7179
5.60814	40.5941	0.0825083	48.7179
5.60936	40.5941	0.0825083	49.2308
5.61221	40.6766	0	49.2308
5.61418	40.7178	0.0825083	49.2308
5.61818	40.8003	0	49.2308
5.62116	40.8416	0.0825083	49.2308
5.62737	40.9241	0	49.2308
5.6287	40.9653	0.0825083	49.2308
5.64069	41.0479	0	49.2308
5.65202	41.0479	0	49.7436
5.65315	41.0479	0.165017	49.7436
5.657	41.1304	0.0825083	49.7436
5.66617	41.2129	0	49.7436
5.66715	41.2129	0.0825083	49.7436
5.66883	41.2954	0	49.7436
5.67102	41.3366	0.0825083	49.7436
5.70243	41.4191	0	49.7436
5.74019	41.4191	0	50.7692
5.74218	41.4191	0.0825083	50.7692
5.75753	41.5017	0	50.7692
5.75788	41.5017	0.165017	50.7692
5.75813	41.5842	0.0825083	50.7692
5.76846	41.6667	0	50.7692
5.76896	41.6667	0.165017	50.7692
5.76979	41.7492	0.0825083	50.7692
5.78372	41.8317	0	50.7692
5.78432	41.8729	0.0825083	50.7692
5.80464	41.9554	0	50.7692
5.80525	41.9967	0.0825083	50.7692
5.83509	42.0792	0	50.7692
5.85653	42.0792	0	51.7949
5.86356	42.0792	0	52.3077
5.8694	42.0792	0	52.8205
5.87122	42.1205	0.0825083	52.8205
5.89351	42.203	0	52.8205
5.89956	42.2442	0.0825083	52.8205
5.9174	42.3267	0	52.8205
5.9195	42.3267	0.0825083	52.8205
5.92031	42.4092	0	52.8205
5.92273	42.4505	0.0825083	52.8205
5.94368	42.533	0	52.8205
5.94376	42.5743	0.0825083	52.8205
5.94483	42.6568	0	52.8205
5.94614	42.698	0.0825083	52.8205
5.99562	42.7805	0	52.8205
5.99621	42.8218	0.0825083	52.8205
6.03978	42.9043	0	52.8205
6.03981	42.9043	0.165017	52.8205
6.04287	42.9868	0.0825083	52.8205
6.06316	43.0693	0	52.8205
6.06401	43.0693	0.165017	52.8205
6.06423	43.1518	0.0825083	52.8205
6.10028	43.2343	0	52.8205
6.10039	43.2343	0.165017	52.8205
6.10202	43.3168	0.0825083	52.8205
6.10423	43.3168	0.0825083	53.3333
6.11469	43.3993	0	53.3333
6.11724	43.3993	0.0825083	53.3333
6.11752	43.3993	0.247525	53.3333
6.11809	43.4818	0.165017	53.3333
6.11943	43.5644	0.0825083	53.3333
6.12067	43.6469	0	53.3333
6.12194	43.6881	0.0825083	53.3333
6.13019	43.7706	0	53.3333
6.13806	43.7706	0	54.359
6.13837	43.8119	0.0825083	54.359
6.15225	43.8944	0	54.359
6.15444	43.9356	0.0825083	54.359
6.16666	44.0182	0	54.359
6.16878	44.0594	0.0825083	54.359
6.18546	44.1419	0	54.359
6.18839	44.1832	0.0825083	54.359
6.24921	44.2657	0	54.359
6.33274	44.2657	0	55.3846
6.33499	44.2657	0	55.8974
6.33525	44.2657	0.0825083	55.8974
6.3354	44.3069	0.165017	55.8974
6.33546	44.3894	0.0825083	55.8974
6.34677	44.4719	0	55.8974
6.34918	44.5132	0.0825083	55.8974
6.38127	44.5957	0	55.8974
6.38734	44.5957	0.0825083	55.8974
6.44459	44.6782	0	55.8974
6.44869	44.7195	0.0825083	55.8974
6.48427	44.802	0	55.8974
6.54364	44.802	0	56.4103
6.54536	44.8432	0.0825083	56.4103
6.55111	44.9257	0	56.4103
6.55118	44.967	0.0825083	56.4103
6.55735	45.0495	0	56.4103
6.559	45.0908	0.0825083	56.4103
6.58064	45.1733	0	56.4103
6.58363	45.2145	0.0825083	56.4103
6.6016	45.297	0	56.4103
6.6024	45.297	0.165017	56.4103
6.60317	45.3795	0.0825083	56.4103
6.61114	45.462	0	56.4103
6.61159	45.5033	0.0825083	56.4103
6.6302	45.5858	0	56.4103
6.63119	45.6271	0.0825083	56.4103
6.64923	45.7096	0	56.4103
6.65038	45.7096	0.165017	56.4103
6.65422	45.7921	0.0825083	56.4103
6.66933	45.8746	0	56.4103
6.67279	45.9158	0.0825083	56.4103
6.68311	45.9983	0	56.4103
6.68679	46.0396	0.0825083	56.4103
6.68874	46.0396	0.165017	56.4103
6.69005	46.1221	0.0825083	56.4103
6.69449	46.2046	0	56.4103
6.69767	46.2459	0.0825083	56.4103
6.71962	46.3284	0	56.4103
6.72117	46.3284	0	56.9231
6.72223	46.3696	0.0825083	56.9231
6.72753	46.4521	0	56.9231
6.72878	46.4934	0.0825083	56.9231
6.79512	46.5759	0	56.9231
6.84277	46.5759	0	57.9487
6.84408	46.6172	0.0825083	57.9487
6.87601	46.6997	0	57.9487
6.88098	46.7409	0.0825083	57.9487
6.91154	46.8234	0	57.9487
6.91693	46.8647	0.0825083	57.9487
6.91928	46.9472	0	57.9487
6.91932	46.9884	0.0825083	57.9487
6.96308	47.071	0	57.9487
6.96777	47.071	0.165017	57.9487
6.97217	47.1535	0.0825083	57.9487
6.97565	47.236	0	57.9487
6.97576	47.236	0.165017	57.9487
6.97601	47.3185	0.0825083	57.9487
6.98022	47.401	0	57.9487
6.98022	47.401	0.165017	57.9487
6.98143	47.4835	0.0825083	57.9487
6.9819	47.4835	0.247525	57.9487
6.98236	47.566	0.165017	57.9487
6.9855	47.6485	0.0825083	57.9487
6.99048	47.731	0	57.9487
6.99277	47.7723	0.0825083	57.9487
7.03696	47.8548	0	57.9487
7.03718	47.896	0.0825083	57.9487
7.04273	47.9785	0	57.9487
7.04398	47.9785	0.165017	57.9487
7.04415	48.0611	0.0825083	57.9487
7.04583	48.0611	0.0825083	58.9744
7.08012	48.1436	0	58.9744
7.09074	48.1436	0	59.4872
7.1022	48.1436	0	60
7.10483	48.1848	0.0825083	60
7.1214	48.2673	0	60
7.12238	48.3086	0.0825083	60
7.12262	48.3086	0.247525	60
7.12354	48.3911	0.165017	60
7.12387	48.4736	0.0825083	60
7.1531	48.5561	0	60
7.2331	48.5561	0	60
7.2356	48.5561	0.0825083	60
7.24341	48.6386	0	60
7.2436	48.6799	0.0825083	60
7.2533	48.7624	0	60
7.25487	48.8036	0.0825083	60
7.30272	48.8861	0	60
7.34142	48.8861	0	60.5128
7.35947	48.8861	0	61.0256
7.35988	48.9274	0.0825083	61.0256
7.43819	49.0099	0	61.0256
7.43914	49.0099	0.165017	61.0256
7.43988	49.0924	0.0825083	61.0256
7.44565	49.1749	0	61.0256
7.45705	49.1749	0	61.5385
7.45778	49.2162	0.0825083	61.5385
7.48025	49.2987	0	61.5385
7.50937	49.2987	0	62.0513
7.51029	49.3399	0.0825083	62.0513
7.53185	49.4224	0	62.0513
7.53188	49.4637	0.0825083	62.0513
7.54721	49.5462	0	62.0513
7.55528	49.5462	0	63.0769
7.55613	49.5462	0.165017	63.0769
7.55824	49.6287	0.0825083	63.0769
7.57308	49.7112	0	63.0769
7.61786	49.7112	0	63.5897
7.6204	49.7112	0.165017	63.5897
7.62153	49.7937	0.0825083	63.5897
7.63626	49.8762	0	63.5897
7.63791	49.9175	0.0825083	63.5897
7.65	50	0	63.5897
7.65089	50	0.165017	63.5897
7.66144	50.0825	0.0825083	63.5897
7.67617	50.165	0	63.5897
7.67766	50.165	0.165017	63.5897
7.67822	50.2475	0.0825083	63.5897
7.74949	50.33	0	63.5897
7.75066	50.3713	0.0825083	63.5897
7.76079	50.4538	0	63.5897
7.76129	50.4538	0.165017	63.5897
7.76251	50.5363	0.0825083	63.5897
7.76939	50.6188	0	63.5897
7.77082	50.6601	0.0825083	63.5897
7.77933	50.7426	0	63.5897
7.78442	50.7838	0.0825083	63.5897
7.79845	50.8663	0	63.5897
7.79991	50.9076	0.0825083	63.5897
7.81315	50.9901	0	63.5897
7.81757	50.9901	0	64.1026
7.81812	51.0314	0.0825083	64.1026
7.89167	51.1139	0	64.1026
7.89171	51.1139	0.165017	64.1026
7.89301	51.1964	0.0825083	64.1026
7.90016	51.2789	0	64.1026
7.90649	51.2789	0	64.6154
7.90654	51.2789	0.165017	64.6154
7.90734	51.3614	0.0825083	64.6154
7.91601	51.4439	0	64.6154
7.9168	51.4851	0.0825083	64.6154
7.91811	51.5677	0	64.6154
7.91865	51.5677	0	65.1282
7.91974	51.5677	0.165017	65.1282
7.92095	51.6502	0.0825083	65.1282
7.92267	51.6502	0.247525	65.1282
7.92416	51.7327	0.165017	65.1282
7.92559	51.8152	0.0825083	65.1282
7.95527	51.8977	0	65.1282
7.95559	51.9389	0.0825083	65.1282
7.9791	52.0215	0	65.1282
7.97941	52.0215	0.0825083	65.1282
7.99133	52.104	0	65.1282
7.99377	52.1452	0.0825083	65.1282
8.02406	52.2277	0	65.1282
8.02507	52.269	0.0825083	65.1282
8.06371	52.3515	0	65.1282
8.06384	52.3515	0.165017	65.1282
8.07439	52.434	0.0825083	65.1282
8.07444	52.434	0.0825083	65.641
8.13548	52.5165	0	65.641
8.13575	52.5165	0.165017	65.641
8.13608	52.599	0.0825083	65.641
8.17939	52.6815	0	65.641
8.18119	52.7228	0.0825083	65.641
8.24348	52.8053	0	65.641
8.24835	52.8465	0.0825083	65.641
8.24903	52.8465	0.165017	65.641
8.25324	52.8465	0.165017	65.641
8.25854	52.929	0.0825083	65.641
8.28028	53.0116	0	65.641
8.28097	53.0528	0.0825083	65.641
8.306	53.1353	0	65.641
8.31117	53.1766	0.0825083	65.641
8.34689	53.2591	0	65.641
8.34711	53.2591	0.165017	65.641
8.35108	53.3416	0.0825083	65.641
8.35774	53.4241	0	65.641
8.35863	53.4653	0.0825083	65.641
8.38446	53.5479	0	65.641
8.38789	53.5891	0.0825083	65.641
8.39664	53.6716	0	65.641
8.40158	53.6716	0	66.6667
8.4016	53.7129	0.0825083	66.6667
8.43294	53.7954	0	66.6667
8.4338	53.7954	0.165017	66.6667
8.43418	53.8779	0.0825083	66.6667
8.44132	53.9604	0	66.6667
8.48214	53.9604	0	67.1795
8.48283	53.9604	0.0825083	67.1795
8.50582	54.0429	0	67.1795
8.50621	54.0429	0.165017	67.1795
8.50925	54.1254	0.0825083	67.1795
8.53647	54.2079	0	67.1795
8.53673	54.2079	0.0825083	67.1795
8.55138	54.2904	0	67.1795
8.55178	54.2904	0.165017	67.1795
8.55234	54.3729	0.0825083	67.1795
8.55775	54.4554	0	67.1795
8.55824	54.4554	0.0825083	67.1795
8.57795	54.538	0	67.1795
8.58166	54.538	0.0825083	67.1795
8.61135	54.6205	0	67.1795
8.61343	54.6205	0.165017	67.1795
8.61444	54.6205	0.330033	67.1795
8.61479	54.703	0.247525	67.1795
8.61544	54.7855	0.165017	67.1795
8.61573	54.868	0.0825083	67.1795
8.69811	54.9505	0	67.1795
8.70026	54.9917	0.0825083	67.1795
8.71149	55.0743	0	67.1795
8.71182	55.1155	0.0825083	67.1795
8.75118	55.198	0	67.1795
8.76982	55.198	0	67.6923
8.77185	55.2393	0.0825083	67.6923
8.8055	55.3218	0	67.6923
8.80617	55.3218	0.0825083	67.6923
8.82129	55.4043	0	67.6923
8.82158	55.4455	0.0825083	67.6923
8.82522	55.5281	0	67.6923
8.82711	55.5693	0.0825083	67.6923
8.82751	55.6518	0	67.6923
8.83113	55.6931	0.0825083	67.6923
8.90323	55.7756	0	67.6923
8.90623	55.8168	0.0825083	67.6923
8.96937	55.8993	0	67.6923
8.97427	55.8993	0	68.2051
8.97666	55.9406	0.0825083	68.2051
8.97687	55.9818	0.165017	68.2051
8.97882	56.0644	0.0825083	68.2051
9.04327	56.1469	0	68.2051
9.05792	56.1469	0	69.2308
9.06121	56.1469	0.165017	69.2308
9.06192	56.2294	0.0825083	69.2308
9.11621	56.3119	0	69.2308
9.11705	56.3119	0.165017	69.2308
9.11753	56.3944	0.0825083	69.2308
9.13009	56.4769	0	69.2308
9.13396	56.5182	0.0825083	69.2308
9.16076	56.6007	0	69.2308
9.16181	56.6419	0.0825083	69.2308
9.34769	56.7244	0	69.2308
9.34802	56.7657	0.0825083	69.2308
9.34953	56.8482	0	69.2308
9.35012	56.8894	0.0825083	69.2308
9.43016	56.9719	0	69.2308
9.43025	56.9719	0.165017	69.2308
9.43209	57.0545	0.0825083	69.2308
9.45103	57.137	0	69.2308
9.45201	57.137	0.165017	69.2308
9.4572	57.2195	0.0825083	69.2308
9.48013	57.302	0	69.2308
9.48104	57.3432	0.0825083	69.2308
9.48902	57.4257	0	69.2308
9.48909	57.467	0.0825083	69.2308
9.51109	57.5495	0	69.2308
9.51123	57.5495	0.165017	69.2308
9.51333	57.632	0.0825083	69.2308
9.54816	57.7145	0	69.2308
9.55084	57.7145	0	69.7436
9.55089	57.7558	0.0825083	69.7436
9.59282	57.8383	0	69.7436
9.59417	57.8795	0.0825083	69.7436
9.59531	57.8795	0.247525	69.7436
9.59547	57.962	0.165017	69.7436
9.59662	58.0446	0.0825083	69.7436
9.61136	58.1271	0	69.7436
9.61214	58.1271	0.165017	69.7436
9.61387	58.2096	0.0825083	69.7436
9.8297	58.2921	0	69.7436
9.84582	58.2921	0	70.2564
9.84621	58.2921	0.165017	70.2564
9.84675	58.3746	0.0825083	70.2564
9.85638	58.4571	0	70.2564
9.85655	58.4983	0.0825083	70.2564
9.85832	58.4983	0.0825083	70.7692
9.85846	58.5396	0.165017	70.7692
9.85939	58.6221	0.0825083	70.7692
9.95784	58.7046	0	70.7692
9.95817	58.7046	0.165017	70.7692
9.96588	58.7871	0.0825083	70.7692
9.99007	58.8696	0	70.7692
9.99276	58.9109	0.0825083	70.7692
10.0161	58.9934	0	70.7692
10.1052	58.9934	0	71.2821
10.1065	59.0347	0.0825083	71.2821
10.124	59.1172	0	71.2821
10.1257	59.1172	0.0825083	71.2821
10.1437	59.1997	0	71.2821
10.1471	59.2409	0.0825083	71.2821
10.2124	59.3234	0	71.2821
10.2134	59.3234	0.165017	71.2821
10.2141	59.4059	0.0825083	71.2821
10.245	59.4884	0	71.2821
10.2462	59.4884	0.165017	71.2821
10.2472	59.571	0.0825083	71.2821
10.2864	59.6535	0	71.2821
10.2872	59.6535	0.165017	71.2821
10.2921	59.736	0.0825083	71.2821
10.3001	59.8185	0	71.2821
10.3021	59.8185	0.165017	71.2821
10.3059	59.901	0.0825083	71.2821
10.3983	59.9835	0	71.2821
10.3992	60.0248	0.0825083	71.2821
10.4002	60.0248	0.247525	71.2821
10.4028	60.1073	0.165017	71.2821
10.4029	60.1898	0.0825083	71.2821
10.4858	60.2723	0	71.2821
10.4875	60.3135	0.0825083	71.2821
10.5008	60.396	0	71.2821
10.5022	60.4373	0.0825083	71.2821
10.5623	60.5198	0	71.2821
10.566	60.5198	0.0825083	71.2821
10.5728	60.6023	0	71.2821
10.6303	60.6023	0	72.3077
10.6313	60.6023	0.0825083	72.3077
10.7829	60.6848	0	72.3077
10.7844	60.7261	0.0825083	72.3077
10.8256	60.8086	0	72.3077
10.8277	60.8498	0.0825083	72.3077
10.8941	60.9323	0	72.3077
10.8996	60.9323	0	72.8205
10.9025	60.9736	0.0825083	72.8205
10.9341	61.0561	0	72.8205
10.9341	61.0974	0.0825083	72.8205
10.984	61.1799	0	72.8205
10.985	61.2211	0.0825083	72.8205
11.0418	61.3036	0	72.8205
11.0426	61.3036	0.0825083	72.8205
11.0513	61.3861	0	72.8205
11.0535	61.4274	0.0825083	72.8205
11.0857	61.5099	0	72.8205
11.087	61.5512	0.0825083	72.8205
11.1814	61.6337	0	72.8205
11.1845	61.6337	0.0825083	72.8205
11.1871	61.6337	0.165017	72.8205
11.1872	61.7162	0.0825083	72.8205
11.2124	61.7987	0	72.8205
11.2271	61.7987	0.0825083	72.8205
11.2534	61.8812	0	72.8205
11.2537	61.9224	0.0825083	72.8205
11.2947	62.005	0	72.8205
11.2984	62.0462	0.0825083	72.8205
11.345	62.1287	0	72.8205
11.3454	62.17	0.0825083	72.8205
11.4105	62.2525	0	72.8205
11.4109	62.2525	0.0825083	72.8205
11.4114	62.335	0	72.8205
11.4133	62.3762	0.0825083	72.8205
11.4316	62.4587	0	72.8205
11.4381	62.4587	0.0825083	72.8205
11.4459	62.5413	0	72.8205
11.4466	62.5825	0.0825083	72.8205
11.5132	62.665	0	72.8205
11.5139	62.7063	0.0825083	72.8205
11.5443	62.7888	0	72.8205
11.5444	62.83	0.0825083	72.8205
11.6043	62.9125	0	72.8205
11.654	62.9125	0	73.8462
11.6579	62.9538	0.0825083	73.8462
11.6607	63.0363	0	73.8462
11.6609	63.0363	0.165017	73.8462
11.6613	63.1188	0.0825083	73.8462
11.6944	63.2013	0	73.8462
11.879	63.2013	0	74.8718
11.9478	63.2013	0	75.8974
11.9778	63.2013	0	76.9231
11.9783	63.2013	0.165017	76.9231
11.9813	63.2838	0.0825083	76.9231
12.0403	63.3663	0	76.9231
12.0407	63.3663	0.165017	76.9231
12.0411	63.4488	0.0825083	76.9231
12.1627	63.5314	0	76.9231
12.1643	63.5726	0.0825083	76.9231
12.1914	63.6551	0	76.9231
12.1917	63.6964	0.0825083	76.9231
12.1919	63.7376	0.165017	76.9231
12.1933	63.8201	0.0825083	76.9231
12.2527	63.9026	0	76.9231
12.2556	63.9026	0.0825083	76.9231
12.2926	63.9851	0	76.9231
12.2941	64.0264	0.0825083	76.9231
12.3104	64.1089	0	76.9231
12.3113	64.1502	0.0825083	76.9231
12.3161	64.2327	0	76.9231
12.318	64.2327	0.165017	76.9231
12.3202	64.3152	0.0825083	76.9231
12.3415	64.3977	0	76.9231
12.3429	64.3977	0.0825083	76.9231
12.4456	64.4802	0	76.9231
12.4468	64.5215	0.0825083	76.9231
12.4501	64.604	0	76.9231
12.4889	64.604	0	77.9487
12.4893	64.6452	0.0825083	77.9487
12.6042	64.7277	0	77.9487
12.6076	64.769	0.0825083	77.9487
12.6116	64.8515	0	77.9487
12.6153	64.8927	0.0825083	77.9487
12.6361	64.9753	0	77.9487
12.6438	64.9753	0.0825083	77.9487
12.7068	65.0578	0	77.9487
12.707	65.099	0.0825083	77.9487
12.7676	65.1815	0	77.9487
12.7677	65.1815	0.165017	77.9487
12.7712	65.264	0.0825083	77.9487
12.8051	65.3465	0	77.9487
12.8115	65.3878	0.0825083	77.9487
12.9666	65.4703	0	77.9487
12.9679	65.5116	0.0825083	77.9487
13.026	65.5941	0	77.9487
13.0272	65.6353	0.0825083	77.9487
13.056	65.7178	0	77.9487
13.0773	65.7178	0	78.4615
13.08	65.7591	0.0825083	78.4615
13.0971	65.8416	0	78.4615
13.1	65.8828	0.0825083	78.4615
13.1344	65.9653	0	78.4615
13.1363	65.9653	0.165017	78.4615
13.1364	66.0479	0.0825083	78.4615
13.1529	66.1304	0	78.4615
13.1558	66.1716	0.0825083	78.4615
13.1606	66.2541	0	78.4615
13.2091	66.2541	0	79.4872
13.2096	66.2541	0.0825083	79.4872
13.2137	66.3366	0	79.4872
13.2144	66.3779	0.0825083	79.4872
13.2512	66.4604	0	79.4872
13.2521	66.5016	0.0825083	79.4872
13.3088	66.5842	0	79.4872
13.3102	66.6254	0.0825083	79.4872
13.3677	66.7079	0	79.4872
13.3678	66.7079	0.165017	79.4872
13.3695	66.7904	0.0825083	79.4872
13.3751	66.8729	0	79.4872
13.3955	66.8729	0	80.5128
13.3958	66.9142	0.0825083	80.5128
13.4129	66.9967	0	80.5128
13.4159	67.038	0.0825083	80.5128
13.4166	67.1205	0	80.5128
13.4188	67.1617	0.0825083	80.5128
13.5482	67.2442	0	80.5128
13.5505	67.2855	0.0825083	80.5128
13.5833	67.368	0	80.5128
13.5868	67.4092	0.0825083	80.5128
13.5891	67.4918	0	80.5128
13.5896	67.4918	0.165017	80.5128
13.5899	67.5743	0.0825083	80.5128
13.6131	67.6568	0	80.5128
13.6241	67.6568	0	81.5385
13.627	67.6568	0.165017	81.5385
13.6282	67.7393	0.0825083	81.5385
13.6969	67.8218	0	81.5385
13.6972	67.863	0.0825083	81.5385
13.7017	67.9455	0	81.5385
13.7034	67.9455	0.0825083	81.5385
13.7194	68.0281	0	81.5385
13.7197	68.0693	0.0825083	81.5385
13.724	68.1518	0	81.5385
13.7244	68.1931	0.0825083	81.5385
13.7327	68.2756	0	81.5385
13.7351	68.3168	0.0825083	81.5385
13.8882	68.3993	0	81.5385
13.8883	68.4406	0.0825083	81.5385
13.9092	68.5231	0	81.5385
13.9505	68.5231	0	82.5641
13.9518	68.5644	0.0825083	82.5641
14.0064	68.6469	0	82.5641
14.0085	68.6469	0.0825083	82.5641
14.0162	68.7294	0	82.5641
14.0193	68.7706	0.0825083	82.5641
14.0656	68.8531	0	82.5641
14.0691	68.8944	0.0825083	82.5641
14.0869	68.9769	0	82.5641
14.0874	68.9769	0.165017	82.5641
14.0888	69.0594	0.0825083	82.5641
14.1465	69.1419	0	82.5641
14.149	69.1832	0.0825083	82.5641
14.2567	69.2657	0	82.5641
14.2578	69.2657	0.0825083	82.5641
14.3608	69.3482	0	82.5641
14.3667	69.3894	0.0825083	82.5641
14.3762	69.4719	0	82.5641
14.3804	69.5132	0.0825083	82.5641
14.4003	69.5957	0	82.5641
14.4012	69.637	0.0825083	82.5641
14.4065	69.7195	0	82.5641
14.4082	69.7607	0.0825083	82.5641
14.4948	69.8432	0	82.5641
14.5001	69.8845	0.0825083	82.5641
14.5544	69.967	0	82.5641
14.5545	70.0082	0.0825083	82.5641
14.5581	70.0908	0	82.5641
14.5584	70.132	0.0825083	82.5641
14.5684	70.2145	0	82.5641
14.5703	70.2558	0.0825083	82.5641
14.6569	70.3383	0	82.5641
14.6587	70.3383	0.165017	82.5641
14.6593	70.4208	0.0825083	82.5641
14.6928	70.5033	0	82.5641
14.6928	70.5033	0.165017	82.5641
14.6953	70.5858	0.0825083	82.5641
14.7009	70.6683	0	82.5641
14.7023	70.6683	0.165017	82.5641
14.7036	70.7508	0.0825083	82.5641
14.7241	70.8333	0	82.5641
14.7247	70.8746	0.0825083	82.5641
14.7285	70.9571	0	82.5641
14.729	70.9984	0.0825083	82.5641
14.7324	71.0809	0	82.5641
14.7338	71.0809	0.165017	82.5641
14.7343	71.1634	0.0825083	82.5641
14.7424	71.2459	0	82.5641
14.745	71.2871	0.0825083	82.5641
14.8307	71.3696	0	82.5641
14.8322	71.3696	0.165017	82.5641
14.8323	71.4521	0.0825083	82.5641
14.8351	71.5347	0	82.5641
14.8358	71.5759	0.0825083	82.5641
14.925	71.6584	0	82.5641
14.9346	71.6584	0	83.0769
14.9394	71.6584	0.0825083	83.0769
14.9396	71.6584	0.247525	83.0769
14.9398	71.7409	0.165017	83.0769
14.9459	71.8234	0.0825083	83.0769
15.0083	71.9059	0	83.0769
15.0121	71.9472	0.0825083	83.0769
15.0463	72.0297	0	83.0769
15.0468	72.071	0.0825083	83.0769
15.1466	72.1535	0	83.0769
15.1514	72.1947	0.0825083	83.0769
15.1701	72.2772	0	83.0769
15.1703	72.3185	0.0825083	83.0769
15.1835	72.401	0	83.0769
15.1852	72.4422	0.0825083	83.0769
15.2603	72.5247	0	83.0769
15.261	72.5247	0.0825083	83.0769
15.2768	72.6073	0	83.0769
15.2965	72.6073	0	84.1026
15.2969	72.6485	0.0825083	84.1026
15.365	72.731	0	84.1026
15.3652	72.731	0.165017	84.1026
15.366	72.8135	0.0825083	84.1026
15.3721	72.896	0	84.1026
15.3782	72.9373	0.0825083	84.1026
15.3901	73.0198	0	84.1026
15.3907	73.0611	0.0825083	84.1026
15.433	73.1436	0	84.1026
15.4372	73.1848	0.0825083	84.1026
15.4683	73.2673	0	84.1026
15.4685	73.3086	0.0825083	84.1026
15.5059	73.3911	0	84.1026
15.5064	73.3911	0.165017	84.1026
15.5069	73.4736	0.0825083	84.1026
15.5793	73.5561	0	84.1026
15.5812	73.5974	0.0825083	84.1026
15.6004	73.6799	0	84.1026
15.6015	73.7211	0.0825083	84.1026
15.6049	73.8036	0	84.1026
15.6053	73.8449	0.0825083	84.1026
15.6723	73.9274	0	84.1026
15.6766	73.9686	0.0825083	84.1026
15.697	74.0512	0	84.1026
15.699	74.0924	0.0825083	84.1026
15.7153	74.1749	0	84.1026
15.7159	74.1749	0.165017	84.1026
15.7174	74.2574	0.0825083	84.1026
15.7979	74.3399	0	84.1026
15.7983	74.3812	0.0825083	84.1026
15.7988	74.3812	0.0825083	85.1282
15.8492	74.4637	0	85.1282
15.85	74.4637	0.165017	85.1282
15.8539	74.5462	0.0825083	85.1282
15.9045	74.6287	0	85.1282
15.9051	74.67	0.0825083	85.1282
15.9505	74.7525	0	85.1282
15.9509	74.7937	0.0825083	85.1282
16.0557	74.8762	0	85.1282
16.0558	74.9175	0.0825083	85.1282
16.111	75	0	85.1282
16.1118	75.0413	0.0825083	85.1282
16.1121	75.0413	0.247525	85.1282
16.1138	75.1238	0.165017	85.1282
16.1139	75.2063	0.0825083	85.1282
16.4094	75.2888	0	85.1282
16.4095	75.33	0.0825083	85.1282
16.4751	75.4125	0	85.1282
16.4778	75.4125	0.0825083	85.1282
16.5257	75.495	0	85.1282
16.5275	75.5363	0.0825083	85.1282
16.5867	75.6188	0	85.1282
16.5873	75.6601	0.0825083	85.1282
16.6421	75.7426	0	85.1282
16.6427	75.7838	0.0825083	85.1282
16.6602	75.8663	0	85.1282
16.6697	75.8663	0	86.1538
16.6703	75.8663	0.0825083	86.1538
16.7232	75.9488	0	86.1538
16.7248	75.9901	0.0825083	86.1538
16.7697	76.0726	0	86.1538
16.7699	76.1139	0.0825083	86.1538
16.7911	76.1964	0	86.1538
16.7931	76.1964	0.165017	86.1538
16.7947	76.2789	0.0825083	86.1538
16.8333	76.3614	0	86.1538
16.835	76.4026	0.0825083	86.1538
16.9338	76.4851	0	86.1538
16.9363	76.5264	0.0825083	86.1538
17.0581	76.6089	0	86.1538
17.0665	76.6089	0	87.1795
17.0713	76.6502	0.0825083	87.1795
17.1039	76.7327	0	87.1795
17.1059	76.7739	0.0825083	87.1795
17.1447	76.8564	0	87.1795
17.1508	76.8977	0.0825083	87.1795
17.1522	76.9802	0	87.1795
17.1532	77.0215	0.0825083	87.1795
17.1804	77.104	0	87.1795
17.1814	77.1452	0.0825083	87.1795
17.3486	77.2277	0	87.1795
17.3495	77.269	0.0825083	87.1795
17.3542	77.3515	0	87.1795
17.3548	77.3927	0.0825083	87.1795
17.4689	77.4753	0	87.1795
17.4709	77.5165	0.0825083	87.1795
17.4773	77.599	0	87.1795
17.4828	77.6403	0.0825083	87.1795
17.4956	77.7228	0	87.1795
17.5015	77.7228	0.0825083	87.1795
17.5018	77.7228	0.247525	87.1795
17.5018	77.8053	0.165017	87.1795
17.5023	77.8878	0.0825083	87.1795
17.5226	77.9703	0	87.1795
17.5236	78.0116	0.0825083	87.1795
17.5481	78.0941	0	87.1795
17.5534	78.0941	0.0825083	87.1795
17.5584	78.1766	0	87.1795
17.5626	78.2178	0.0825083	87.1795
17.7381	78.3003	0	87.1795
17.7732	78.3003	0	88.2051
17.7759	78.3003	0.0825083	88.2051
17.8041	78.3828	0	88.2051
17.848	78.4241	0.0825083	88.2051
18.0285	78.4241	0.0825083	89.2308
18.0316	78.4241	0.165017	89.2308
18.2129	78.5066	0.0825083	89.2308
18.213	78.5479	0.165017	89.2308
18.2925	78.6304	0.0825083	89.2308
18.2926	78.6304	0.247525	89.2308
18.296	78.7129	0.165017	89.2308
18.3901	78.7954	0.0825083	89.2308
18.399	78.8366	0.165017	89.2308
18.4748	78.9191	0.0825083	89.2308
18.476	78.9604	0.165017	89.2308
18.558	79.0429	0.0825083	89.2308
18.5584	79.0842	0.165017	89.2308
18.6155	79.1667	0.0825083	89.2308
18.6215	79.1667	0.0825083	90.2564
18.6217	79.2079	0.165017	90.2564
18.6697	79.2904	0.0825083	90.2564
18.6711	79.3317	0.165017	90.2564
18.6976	79.4142	0.0825083	90.2564
18.7003	79.4142	0.165017	90.2564
18.7013	79.4967	0.0825083	90.2564
18.7016	79.538	0.165017	90.2564
18.9106	79.6205	0.0825083	90.2564
19.0573	79.6205	0.0825083	91.2821
19.0575	79.6205	0.247525	91.2821
19.0577	79.703	0.165017	91.2821
19.0893	79.7855	0.0825083	91.2821
19.0894	79.8267	0.165017	91.2821
19.0921	79.9092	0.0825083	91.2821
19.0925	79.9505	0.165017	91.2821
19.3096	80.033	0.0825083	91.2821
19.3148	80.0743	0.165017	91.2821
19.3368	80.1568	0.0825083	91.2821
19.337	80.198	0.165017	91.2821
19.3442	80.2805	0.0825083	91.2821
19.3451	80.3218	0.165017	91.2821
19.3736	80.4043	0.0825083	91.2821
19.3761	80.4043	0.165017	91.2821
19.4132	80.4868	0.0825083	91.2821
19.4137	80.4868	0.165017	91.2821
19.5896	80.5693	0.0825083	91.2821
19.789	80.6518	0	91.2821
19.7892	80.6518	0.165017	91.2821
19.7932	80.7343	0.0825083	91.2821
19.8133	80.8168	0	91.2821
19.8135	80.8168	0.165017	91.2821
19.8179	80.8993	0.0825083	91.2821
19.9064	80.9818	0	91.2821
19.9075	81.0231	0.0825083	91.2821
19.9844	81.1056	0	91.2821
19.9874	81.1469	0.0825083	91.2821
20.061	81.2294	0	91.2821
20.0783	81.2294	0	92.3077
20.0797	81.2706	0.0825083	92.3077
20.5058	81.3531	0	92.3077
20.5073	81.3531	0.165017	92.3077
20.5096	81.4356	0.0825083	92.3077
20.5367	81.5182	0	92.3077
20.5426	81.5594	0.0825083	92.3077
20.6204	81.6419	0	92.3077
20.6207	81.6419	0.165017	92.3077
20.621	81.7244	0.0825083	92.3077
20.628	81.8069	0	92.3077
20.628	81.8482	0.0825083	92.3077
20.6995	81.9307	0	92.3077
20.6997	81.9719	0.0825083	92.3077
20.7326	82.0545	0	92.3077
20.7334	82.0545	0.165017	92.3077
20.7343	82.137	0.0825083	92.3077
20.7978	82.2195	0	92.3077
20.798	82.2195	0.165017	92.3077
20.7994	82.302	0.0825083	92.3077
20.8675	82.3845	0	92.3077
20.8731	82.4257	0.0825083	92.3077
21.1315	82.5082	0	92.3077
21.1357	82.5495	0.0825083	92.3077
21.1648	82.632	0	92.3077
21.1649	82.6733	0.0825083	92.3077
21.2052	82.7558	0	92.3077
21.2072	82.797	0.0825083	92.3077
21.6106	82.8795	0	92.3077
21.611	82.9208	0.0825083	92.3077
21.6572	83.0033	0	92.3077
21.6588	83.0446	0.0825083	92.3077
21.6726	83.1271	0	92.3077
21.6769	83.1683	0.0825083	92.3077
21.7674	83.2508	0	92.3077
21.8666	83.2508	0	93.3333
21.8667	83.2508	0.165017	93.3333
21.869	83.3333	0.0825083	93.3333
21.9343	83.4158	0	93.3333
21.9345	83.4571	0.0825083	93.3333
22.1043	83.5396	0	93.3333
22.1045	83.5809	0.0825083	93.3333
22.1675	83.6634	0	93.3333
22.1683	83.7046	0.0825083	93.3333
22.1696	83.7871	0	93.3333
22.17	83.7871	0.0825083	93.3333
22.234	83.8696	0	93.3333
22.2354	83.9109	0.0825083	93.3333
22.3198	83.9934	0	93.3333
22.3242	84.0347	0.0825083	93.3333
22.4545	84.1172	0	93.3333
22.455	84.1584	0.0825083	93.3333
22.5618	84.2409	0	93.3333
22.5682	84.2822	0.0825083	93.3333
22.6492	84.3647	0	93.3333
22.6518	84.3647	0.0825083	93.3333
22.6578	84.4472	0	93.3333
22.6604	84.4884	0.0825083	93.3333
22.6866	84.571	0	93.3333
22.6872	84.571	0.165017	93.3333
22.6888	84.6535	0.0825083	93.3333
22.7175	84.736	0	93.3333
22.7623	84.736	0	94.359
22.7634	84.736	0.165017	94.359
22.7638	84.8185	0.0825083	94.359
22.975	84.901	0	94.359
22.9756	84.901	0.165017	94.359
22.98	84.9835	0.0825083	94.359
23.0834	85.066	0	94.359
23.0842	85.1073	0.0825083	94.359
23.1805	85.1898	0	94.359
23.1822	85.231	0.0825083	94.359
23.3528	85.3135	0	94.359
23.3531	85.3548	0.0825083	94.359
23.37	85.4373	0	94.359
23.3729	85.4785	0.0825083	94.359
23.5078	85.5611	0	94.359
23.5082	85.5611	0.0825083	94.359
23.5392	85.6436	0	94.359
23.5432	85.6848	0.0825083	94.359
23.8365	85.7673	0	94.359
23.8388	85.7673	0.165017	94.359
23.8403	85.8498	0.0825083	94.359
23.9536	85.9323	0	94.359
23.9546	85.9736	0.0825083	94.359
24.0357	86.0561	0	94.359
24.0374	86.0561	0.165017	94.359
24.1049	86.1386	0.0825083	94.359
24.1054	86.1799	0.165017	94.359
24.1147	86.2624	0.0825083	94.359
24.1147	86.2624	0.247525	94.359
24.118	86.3449	0.165017	94.359
24.207	86.4274	0.0825083	94.359
24.666	86.4274	0.0825083	95.3846
24.6672	86.4274	0.247525	95.3846
24.67	86.5099	0.165017	95.3846
24.6796	86.5924	0.0825083	95.3846
24.6826	86.6749	0	95.3846
24.6842	86.7162	0.0825083	95.3846
25.1141	86.7987	0	95.3846
25.115	86.8399	0.0825083	95.3846
25.1993	86.9224	0	95.3846
25.2025	86.9224	0.165017	95.3846
25.2095	87.005	0.0825083	95.3846
25.3136	87.0875	0	95.3846
25.3142	87.1287	0.0825083	95.3846
25.3465	87.2112	0	95.3846
25.3473	87.2525	0.0825083	95.3846
25.4365	87.335	0	95.3846
25.4379	87.3762	0.0825083	95.3846
25.4572	87.4587	0	95.3846
25.4575	87.5	0.0825083	95.3846
25.6837	87.5825	0	95.3846
25.6863	87.6238	0.0825083	95.3846
26.0345	87.7063	0	95.3846
26.0388	87.7475	0.0825083	95.3846
26.4047	87.83	0	95.3846
26.4081	87.8713	0.0825083	95.3846
27.0334	87.9538	0	95.3846
27.0341	87.9538	0.165017	95.3846
27.0363	88.0363	0.0825083	95.3846
27.0551	88.1188	0	95.3846
27.0563	88.1601	0.0825083	95.3846
27.7358	88.2426	0	95.3846
27.7362	88.2426	0.165017	95.3846
27.7364	88.3251	0.0825083	95.3846
27.8449	88.4076	0	95.3846
27.8503	88.4488	0.0825083	95.3846
27.8704	88.5314	0	95.3846
27.8707	88.5314	0.165017	95.3846
27.8734	88.6139	0.0825083	95.3846
28.4314	88.6964	0	95.3846
28.4319	88.7376	0.0825083	95.3846
28.4755	88.8201	0	95.3846
28.476	88.8201	0.165017	95.3846
28.4802	88.9026	0.0825083	95.3846
28.7032	88.9851	0	95.3846
28.9363	88.9851	0	96.4103
28.9408	89.0264	0.0825083	96.4103
29.5175	89.1089	0	96.4103
29.5196	89.1502	0.0825083	96.4103
29.5843	89.2327	0	96.4103
29.5847	89.2739	0.0825083	96.4103
29.8794	89.3564	0	96.4103
29.8801	89.3564	0.165017	96.4103
29.8827	89.4389	0.0825083	96.4103
30.0447	89.5215	0	96.4103
30.0481	89.5627	0.0825083	96.4103
30.6153	89.6452	0	96.4103
30.6192	89.6452	0.165017	96.4103
30.6194	89.7277	0.0825083	96.4103
30.9275	89.8102	0	96.4103
30.9288	89.8515	0.0825083	96.4103
31.0504	89.934	0	96.4103
31.0514	89.9753	0.0825083	96.4103
31.0633	90.0578	0	96.4103
31.0646	90.0578	0.165017	96.4103
31.0662	90.1403	0.0825083	96.4103
31.3024	90.2228	0	96.4103
31.3032	90.264	0.0825083	96.4103
31.3669	90.3465	0	96.4103
31.3695	90.3465	0.0825083	96.4103
31.5425	90.429	0	96.4103
31.5429	90.4703	0.0825083	96.4103
31.5924	90.5528	0	96.4103
31.5928	90.5941	0.0825083	96.4103
31.6019	90.6766	0	96.4103
31.6032	90.6766	0.165017	96.4103
31.6035	90.7591	0.0825083	96.4103
32.0914	90.8416	0	96.4103
32.0946	90.8828	0.0825083	96.4103
32.1103	90.9653	0	96.4103
32.1132	90.9653	0.0825083	96.4103
32.7986	91.0479	0	96.4103
32.8003	91.0479	0.0825083	96.4103
33.0915	91.1304	0	96.4103
33.0932	91.1716	0.0825083	96.4103
33.4444	91.2541	0	96.4103
33.4447	91.2954	0.0825083	96.4103
33.5064	91.3779	0	96.4103
33.5066	91.4191	0.0825083	96.4103
33.6161	91.5016	0	96.4103
33.6181	91.5429	0.0825083	96.4103
34.1506	91.6254	0	96.4103
34.154	91.6667	0.0825083	96.4103
35.7706	91.7492	0	96.4103
35.7775	91.7904	0.0825083	96.4103
36.0186	91.8729	0	96.4103
36.02	91.9142	0.0825083	96.4103
36.0709	91.9967	0	96.4103
36.0712	92.038	0.0825083	96.4103
36.4587	92.1205	0	96.4103
36.4615	92.1617	0.0825083	96.4103
36.898	92.2442	0	96.4103
36.9042	92.2855	0.0825083	96.4103
37.3302	92.368	0	96.4103
37.3306	92.4092	0.0825083	96.4103
37.3944	92.4918	0	96.4103
37.3969	92.533	0.0825083	96.4103
38.6858	92.6155	0	96.4103
38.6872	92.6568	0.0825083	96.4103
38.7579	92.7393	0	96.4103
38.7585	92.7393	0.165017	96.4103
38.7613	92.8218	0.0825083	96.4103
39.9783	92.9043	0	96.4103
39.9809	92.9455	0.0825083	96.4103
40.5506	93.0281	0	96.4103
40.5529	93.0281	0.165017	96.4103
40.553	93.1106	0.0825083	96.4103
40.6847	93.1931	0	96.4103
40.6861	93.1931	0.165017	96.4103
40.6887	93.2756	0.0825083	96.4103
40.8219	93.3581	0	96.4103
40.8243	93.3993	0.0825083	96.4103
41.194	93.4818	0	96.4103
41.196	93.4818	0.0825083	96.4103
41.615	93.5644	0	96.4103
41.6189	93.6056	0.0825083	96.4103
41.6916	93.6881	0	96.4103
41.6925	93.7294	0.0825083	96.4103
43.4334	93.8119	0	96.4103
43.4383	93.8531	0.0825083	96.4103
44.3974	93.9356	0	96.4103
44.3994	93.9769	0.0825083	96.4103
45.6089	94.0594	0	96.4103
45.6095	94.1007	0.0825083	96.4103
46.0943	94.1832	0	96.4103
46.098	94.1832	0.165017	96.4103
46.1009	94.2657	0.0825083	96.4103
46.134	94.3482	0	96.4103
46.1345	94.3894	0.0825083	96.4103
46.8342	94.4719	0	96.4103
46.838	94.4719	0.0825083	96.4103
47.6092	94.5545	0	96.4103
47.6094	94.5957	0.0825083	96.4103
49.305	94.6782	0	96.4103
49.3067	94.7195	0.0825083	96.4103
49.3913	94.802	0	96.4103
49.3921	94.8432	0.0825083	96.4103
51.7045	94.9257	0	96.4103
51.7095	94.967	0.0825083	96.4103
52.673	95.0495	0	96.4103
52.6735	95.0495	0.165017	96.4103
52.6749	95.132	0.0825083	96.4103
55.349	95.2145	0	96.4103
55.3496	95.2558	0.0825083	96.4103
61.4848	95.3383	0	96.4103
61.4883	95.3795	0.0825083	96.4103
62.5426	95.462	0	96.4103
62.5438	95.5033	0.0825083	96.4103
62.7503	95.5858	0	96.4103
62.7539	95.5858	0.0825083	96.4103
62.9295	95.6683	0	96.4103
63.8721	95.6683	0	97.4359
63.8752	95.6683	0.165017	97.4359
63.8805	95.7508	0.0825083	97.4359
68.2558	95.8333	0	97.4359
68.2569	95.8746	0.0825083	97.4359
68.3589	95.9571	0	97.4359
68.3595	95.9984	0.0825083	97.4359
71.3352	96.0809	0	97.4359
71.3357	96.0809	0.165017	97.4359
71.3433	96.1634	0.0825083	97.4359
319.162	96.2459	0	97.4359
319.164	96.2459	0.0825083	97.4359
623.217	96.3284	0	97.4359
890.758	96.3284	0	98.4615
1060.79	96.3284	0	98.9744
1061.42	96.3696	0.0825083	98.9744
1178.83	96.4521	0	98.9744
1179.06	96.4521	0.165017	98.9744
1179.14	96.5347	0.0825083	98.9744
1325.46	96.6172	0	98.9744
1325.46	96.6172	0.165017	98.9744
1325.79	96.6997	0.0825083	98.9744
1363.56	96.7822	0	98.9744
1363.57	96.7822	0.165017	98.9744
1364.61	96.8647	0.0825083	98.9744
1458.21	96.9472	0	98.9744
1458.21	96.9472	0.165017	98.9744
1464.84	97.0297	0.0825083	98.9744
2012.49	97.1122	0	98.9744
2012.49	97.1122	0.0825083	98.9744
2102.34	97.1947	0	98.9744
2793.47	97.1947	0	100
2794.77	97.1947	0.165017	100
2795.8	97.2772	0.0825083	100
2912.19	97.3597	0	100
2912.85	97.3597	0.165017	100
2913.61	97.4422	0.0825083	100
3043.18	97.5247	0	100
3043.19	97.5247	0.0825083	100
3163.08	97.6073	0	100
3163.09	97.6073	0.0825083	100
3752.39	97.6898	0	100
3753.13	97.731	0.0825083	100
4644.57	97.8135	0	100
4644.99	97.8135	0.165017	100
4645.61	97.896	0.0825083	100
6159.49	97.9785	0	100
6159.5	97.9785	0.0825083	100
7113.41	98.0611	0	100
7113.46	98.0611	0.165017	100
7113.56	98.1436	0.0825083	100
7792.04	98.2261	0	100
7792.04	98.2261	0.0825083	100
8317.29	98.3086	0	100
8318.5	98.3498	0.0825083	100
8899.16	98.4323	0	100
8899.19	98.4736	0.0825083	100
8975.59	98.5561	0	100
8976.1	98.5561	0.165017	100
8980.33	98.6386	0.0825083	100
9373.67	98.7211	0	100
9374.22	98.7624	0.0825083	100
9574.07	98.8449	0	100
9574.83	98.8861	0.0825083	100
9676.35	98.9686	0	100
9676.59	99.0099	0.0825083	100
10603	99.0924	0	100
10605.4	99.1337	0.0825083	100
11335.2	99.2162	0	100
11335.5	99.2574	0.0825083	100
11922.4	99.3399	0	100
11922.4	99.3399	0.165017	100
11923.4	99.4224	0.0825083	100
14017.9	99.505	0	100
14017.9	99.505	0.165017	100
14018.3	99.5875	0.0825083	100
19273.6	99.67	0	100
19274.3	99.67	0.165017	100
19275	99.7525	0.0825083	100
24459.4	99.835	0	100
24460.7	99.835	0.165017	100
24464.6	99.9175	0.0825083	100
