2.11498e-05	0	0	0
3.13472e-05	0	0	0
3.33431e-05	0	0	0
3.41998e-05	0	0	0
4.4537e-05	0	0	0
7.24518e-05	0	0	0
7.26964e-05	0	0	0
7.95108e-05	0	0	0
8.54708e-05	0	0	0
8.96906e-05	0	0	0
9.79495e-05	0	0	0
0.00011082	0	0	0
0.000127338	0	0	0
0.000160011	0	0	0
0.000166703	0	0	0
0.000170823	0	0	0
0.000173446	0	0	0
0.000180615	0	0	0
0.000194569	0	0	0
0.000210602	0	0	0
0.000236751	0	0	0
0.000240919	0	0	0
0.000251008	0	0	0
0.000261379	0	0	0
0.000267474	0	0	0
0.000280507	0	0	0
0.000297516	0	0	0
0.00030021	0	0	0
0.000305174	0	0	0
0.000311939	0	0	0
0.000314117	0	0	0
0.000340448	0	0	0
0.000340976	0	0	0
0.000347837	0	0	0
0.000362704	0	0	0
0.000369699	0	0	0
0.000406534	0	0	0
0.000410047	0	0	0
0.00042952	0	0	0
0.000445457	0	0	0
0.000460856	0	0	0
0.000461316	0	0	0
0.000490146	0	0	0
0.000556697	0	0	0
0.000573217	0	0	0
0.000575787	0	0	0
0.000582137	0	0	0
0.000586418	0	0	0
0.000603081	0	0	0
0.000611462	0	0	0
0.000613758	0	0	0
0.000682199	0	0	0
0.000721607	0	0	0
0.000732015	0	0	0
0.000748411	0	0	0
0.000755785	0	0	0
0.00077296	0	0	0
0.00079594	0	0	0
0.000821689	0	0	0
0.000832388	0	0	0
0.000846064	0	0	0
0.000853071	0	0	0
0.000855099	0	0	0
0.000875057	0	0	0
0.000911291	0	0	0
0.000916786	0	0	0
0.000942572	0	0	0
0.000949996	0	0	0
0.00096398	0	0	0
0.000997618	0	0	0
0.00103294	0	0	0
0.00104584	0	0	0
0.00110753	0	0	0
0.00117659	0	0	0
0.00119562	0	0	0
0.00120176	0	0	0
0.00120176	0	0	0
0.00124009	0	0	0
0.00125346	0	0	0
0.00125723	0	0	0
0.001278	0	0	0
0.0012861	0	0	0
0.00129123	0	0	0
0.00130178	0	0	0
0.00130449	0	0	0
0.0013139	0	0	0
0.00133156	0	0	0
0.00133361	0	0	0
0.00135162	0	0	0
0.00136514	0	0	0
0.0013669	0	0	0
0.00140848	0	0	0
0.00141765	0	0	0
0.00143515	0	0	0
0.00146874	0	0	0
0.00149968	0	0	0
0.00151464	0	0	0
0.0015268	0	0	0
0.00154031	0	0	0
0.00155737	0	0	0
0.00156706	0	0	0
0.00156812	0	0	0
0.00160141	0	0	0
0.00161502	0	0	0
0.00168712	0	0	0
0.00169787	0	0	0
0.00171053	0	0	0
0.00171558	0	0	0
0.00172	0	0	0
0.0017718	0	0	0
0.00181733	0	0	0
0.00182874	0	0	0
0.0018884	0	0	0
0.00192261	0	0	0
0.00196879	0	0	0
0.0019997	0	0	0
0.00202559	0	0	0
0.00208601	0	0	0
0.00209288	0	0	0
0.00210086	0	0	0
0.00214652	0	0	0
0.00214781	0	0	0
0.00216777	0	0	0
0.00218629	0	0	0
0.00224078	0	0	0
0.00225138	0	0	0
0.00225711	0	0	0
0.00227517	0	0	0
0.00237799	0	0	0
0.00238645	0	0	0
0.00243524	0	0	0
0.0024362	0	0	0
0.00247371	0	0	0
0.00251324	0	0	0
0.0025454	0	0	0
0.00254915	0	0	0
0.00255655	0	0	0
0.00256838	0	0	0
0.00258435	0	0	0
0.0026293	0	0	0
0.00264501	0	0	0
0.00265758	0	0	0
0.00267653	0	0	0
0.00269838	0	0	0
0.0027142	0	0	0
0.00271755	0	0	0
0.00274887	0	0	0
0.00275066	0	0	0
0.00276338	0	0	0
0.0027748	0	0	0
0.00278074	0	0	0
0.00278635	0	0	0
0.00280484	0	0	0
0.00280933	0	0	0
0.0028276	0	0	0
0.00286303	0	0	0
0.00290512	0	0	0
0.00291521	0	0	0
0.00291658	0	0	0
0.00292555	0	0	0
0.00293423	0	0	0
0.00293564	0	0	0
0.00294454	0	0	0
0.00294802	0	0	0
0.00295591	0	0	0
0.00296258	0	0	0
0.00297747	0	0	0
0.00299228	0	0	0
0.00301797	0	0	0
0.00302193	0	0	0
0.00302432	0	0	0
0.00302743	0	0	0
0.0030335	0	0	0
0.00303866	0	0	0
0.00304561	0	0	0
0.00305049	0	0	0
0.00306293	0	0	0
0.00306938	0	0	0
0.0030891	0	0	0
0.00313278	0	0	0
0.00313533	0	0	0
0.00315403	0	0	0
0.00320879	0	0	0
0.00321799	0	0	0
0.00322567	0	0	0
0.00323044	0	0	0
0.00323133	0	0	0
0.00325058	0	0	0
0.00325832	0	0	0
0.00326046	0	0	0
0.00327158	0	0	0
0.0032716	0	0	0
0.00328588	0	0	0
0.00331923	0	0	0
0.00331962	0	0	0
0.00333363	0	0	0
0.00334614	0	0	0
0.00335032	0	0	0
0.0033649	0	0	0
0.00340254	0	0	0
0.00340722	0	0	0
0.00345334	0	0	0
0.00345427	0	0	0
0.00346031	0	0	0
0.00346638	0	0	0
0.00347352	0	0	0
0.0035529	0	0	0
0.00357658	0	0	0
0.00358281	0	0	0
0.0035919	0	0	0
0.00364614	0	0	0
0.0036501	0	0	0
0.00367749	0	0	0
0.00368984	0	0	0
0.00369331	0	0	0
0.00369392	0	0	0
0.00378375	0	0	0
0.00378796	0	0	0
0.00379466	0	0	0
0.00380271	0	0	0
0.00380844	0	0	0
0.0038148	0	0	0
0.00383088	0	0	0
0.00383207	0	0	0
0.00385257	0	0	0
0.00385394	0	0	0
0.00385717	0	0	0
0.00386212	0	0	0
0.00386447	0	0	0
0.00387093	0	0	0
0.00387608	0	0	0
0.00388103	0	0	0
0.00388257	0	0	0
0.00388287	0	0	0
0.00388566	0	0	0
0.00389629	0	0	0
0.00390904	0	0	0
0.00391373	0	0	0
0.00393046	0	0	0
0.00394032	0	0	0
0.00394195	0	0	0
0.00396398	0	0	0
0.0039776	0	0	0
0.00398024	0	0	0
0.00398348	0	0	0
0.0039937	0	0	0
0.00400766	0	0	0
0.00401473	0	0	0
0.00404739	0	0	0
0.00407006	0	0	0
0.0040796	0	0	0
0.00410886	0	0	0
0.00412791	0	0	0
0.00413749	0	0	0
0.00420615	0	0	0
0.00421045	0	0	0
0.00424779	0	0	0
0.0042586	0	0	0
0.00427138	0	0	0
0.00427378	0	0	0
0.00428408	0	0	0
0.00429686	0	0	0
0.00429811	0	0	0
0.00432798	0	0	0
0.0043286	0	0	0
0.00434965	0	0	0
0.00435114	0	0	0
0.00437679	0	0	0
0.00440504	0	0	0
0.00440697	0	0	0
0.0044151	0	0	0
0.0044458	0	0	0
0.00444899	0	0	0
0.00445881	0	0	0
0.00448768	0	0	0
0.00451329	0	0	0
0.00454524	0	0	0
0.00463283	0	0	0
0.00467579	0	0	0
0.00473101	0	0	0
0.00473331	0	0	0
0.00476137	0	0	0
0.00476688	0	0	0
0.00477164	0	0	0
0.00478201	0	0	0
0.00480853	0	0	0
0.00491286	0	0	0
0.00496418	0	0	0
0.00503821	0	0	0
0.0050652	0	0	0
0.00506723	0	0	0
0.00508896	0	0	0
0.00509518	0	0	0
0.00512898	0	0	0
0.00515179	0	0	0
0.00516871	0	0	0
0.0051708	0	0	0
0.00519016	0	0	0
0.00520577	0	0	0
0.00523439	0	0	0
0.00525085	0	0	0
0.00526032	0	0	0
0.00543315	0	0	0
0.00545406	0	0	0
0.0055219	0	0	0
0.00553343	0	0	0
0.00554842	0	0	0
0.00556712	0	0	0
0.00558456	0	0	0
0.00562302	0	0	0
0.00562529	0	0	0
0.0056602	0	0	0
0.00567366	0	0	0
0.00570337	0	0	0
0.00571785	0	0	0
0.00576301	0	0	0
0.00576306	0	0	0
0.00576915	0	0	0
0.00577398	0	0	0
0.00578723	0	0	0
0.00580253	0	0	0
0.00580377	0	0	0
0.00583056	0	0	0
0.00586781	0	0	0
0.00588738	0	0	0
0.00594501	0	0	0
0.00595087	0	0	0
0.00596756	0	0	0
0.00605615	0	0	0
0.00611818	0	0	0
0.00613657	0	0	0
0.00615412	0	0	0
0.00622104	0	0	0
0.00624877	0	0	0
0.00625181	0	0	0
0.006259	0	0	0
0.0062654	0	0	0
0.00629517	0	0	0
0.0063031	0	0	0
0.00633926	0	0	0
0.00634598	0	0	0
0.00635754	0	0	0
0.00638932	0	0	0
0.00639094	0	0	0
0.00642329	0	0	0
0.00645988	0	0	0
0.00650243	0	0	0
0.00650754	0	0	0
0.00651658	0	0	0
0.00652803	0	0	0
0.00653382	0	0	0
0.00658257	0	0	0
0.0065873	0	0	0
0.00662657	0	0	0
0.0066287	0	0	0
0.00663033	0	0	0
0.00664393	0	0	0
0.00664418	0	0	0
0.00667921	0	0	0
0.00671652	0	0	0
0.00671887	0	0	0
0.00672236	0	0	0
0.00673283	0	0	0
0.00678894	0	0	0
0.00682399	0	0	0
0.00682758	0	0	0
0.00684601	0	0	0
0.0068507	0	0	0
0.00685881	0	0	0
0.00687728	0	0	0
0.00691858	0	0	0
0.00691915	0	0	0
0.00692204	0	0	0
0.00693284	0	0	0
0.00695496	0	0	0
0.00696061	0	0	0
0.00697713	0	0	0
0.00698658	0	0	0
0.00699116	0	0	0
0.00701571	0	0	0
0.00706304	0	0	0
0.00707471	0	0	0
0.00708482	0	0	0
0.00711112	0	0	0
0.00712175	0	0	0
0.00715478	0	0	0
0.00716043	0	0	0
0.0071714	0	0	0
0.00718073	0	0	0
0.00719121	0	0	0
0.00723981	0	0	0
0.0072809	0	0	0
0.00730156	0	0	0
0.00731182	0	0	0
0.00731832	0	0	0
0.00733884	0	0	0
0.00734517	0	0	0
0.00738869	0	0	0
0.00740001	0	0	0
0.00743353	0	0	0
0.00745431	0	0	0
0.00745747	0	0	0
0.00746959	0	0	0
0.0074745	0	0	0
0.00752106	0	0	0
0.00754772	0	0	0
0.00762973	0	0	0
0.00763698	0	0	0
0.00764668	0	0	0
0.00766742	0	0	0
0.00766749	0	0	0
0.00773306	0	0	0
0.00773798	0	0	0
0.0078367	0	0	0
0.0078542	0	0	0
0.00787063	0	0	0
0.00787068	0	0	0
0.0079041	0	0	0
0.00791842	0	0	0
0.00791967	0	0	0
0.00800132	0	0	0
0.0080257	0	0	0
0.00802839	0	0	0
0.00808721	0	0	0
0.00814046	0	0	0
0.00815658	0	0	0
0.00819832	0	0	0
0.00819841	0	0	0
0.00821128	0	0	0
0.00824097	0	0	0
0.00824975	0	0	0
0.00825578	0	0	0
0.00827639	0	0	0
0.00829363	0	0	0
0.00829859	0	0	0
0.0083318	0	0	0
0.00833275	0	0	0
0.00835128	0	0	0
0.00846104	0	0	0
0.00846388	0	0	0
0.00846683	0	0	0
0.00847051	0	0	0
0.00848293	0	0	0
0.00850612	0	0	0
0.00851336	0	0	0
0.00856637	0	0	0
0.00858855	0	0	0
0.00863748	0	0	0
0.00868194	0	0	0
0.00868577	0	0	0
0.00868955	0	0	0
0.00871893	0	0	0
0.00876229	0	0	0
0.00876575	0	0	0
0.00879232	0	0	0
0.00881705	0	0	0
0.00885186	0	0	0
0.00887883	0	0	0
0.00889149	0	0	0
0.00891364	0	0	0
0.00892059	0	0	0
0.00892732	0	0	0
0.00892891	0	0	0
0.00894814	0	0	0
0.00895383	0	0	0
0.00895821	0	0	0
0.00896868	0	0	0
0.00899047	0	0	0
0.00900187	0	0	0
0.00901654	0	0	0
0.00902298	0	0	0
0.00905683	0	0	0
0.00908361	0	0	0
0.00910943	0	0	0
0.00914003	0	0	0
0.00915747	0	0	0
0.00916052	0	0	0
0.00919491	0	0	0
0.00919682	0	0	0
0.00921404	0	0	0
0.00922451	0	0	0
0.0092417	0	0	0
0.00925552	0	0	0
0.00925916	0	0	0
0.00926139	0	0	0
0.00926261	0	0	0
0.00928575	0	0	0
0.0093205	0	0	0
0.0093207	0	0	0
0.00932682	0	0	0
0.00935216	0	0	0
0.00935483	0	0	0
0.00940633	0	0	0
0.00946444	0	0	0
0.00946565	0	0	0
0.00947035	0	0	0
0.00947548	0	0	0
0.00949035	0	0	0
0.00950004	0	0	0
0.00953345	0	0	0
0.00953443	0	0	0
0.00953879	0	0	0
0.00954587	0	0	0
0.00955608	0	0	0
0.0096053	0	0	0
0.0096116	0	0	0
0.00965265	0	0	0
0.0096562	0	0	0
0.00969437	0	0	0
0.00970748	0	0	0
0.00973826	0	0	0
0.00974642	0	0	0
0.00975321	0	0	0
0.00977259	0	0	0
0.00980513	0	0	0
0.00987914	0	0	0
0.00989373	0	0	0
0.00989395	0	0	0
0.00991561	0	0	0
0.00995186	0	0	0
0.00999353	0	0	0
0.0100025	0	0	0
0.0100252	0	0	0
0.0100553	0	0	0
0.0100708	0	0	0
0.0100818	0	0	0
0.0100983	0	0	0
0.0101033	0	0	0
0.0101237	0	0	0
0.0101297	0	0	0
0.0101489	0	0	0
0.0101547	0	0	0
0.0101626	0	0	0
0.010176	0	0	0
0.0102106	0	0	0
0.0102254	0	0	0
0.0102427	0	0	0
0.0102794	0	0	0
0.0102891	0	0	0
0.0103259	0	0	0
0.010401	0	0	0
0.0104116	0	0	0
0.0104244	0	0	0
0.0104476	0	0	0
0.0104607	0	0	0
0.0104625	0	0	0
0.010469	0	0	0
0.0105682	0	0	0
0.0106132	0	0	0
0.0106334	0	0	0
0.0106365	0	0	0
0.0106601	0	0	0
0.0106966	0	0	0
0.0106981	0	0	0
0.0106986	0	0	0
0.0107216	0	0	0
0.0107699	0	0	0
0.0108033	0	0	0
0.0108236	0	0	0
0.0108666	0	0	0
0.0108734	0	0	0
0.0109125	0	0	0
0.0109326	0	0	0
0.011004	0	0	0
0.0110277	0	0	0
0.0111342	0	0	0
0.0111797	0	0	0
0.011336	0	0	0
0.0113405	0	0	0
0.0113897	0	0	0
0.0114154	0	0	0
0.0115659	0	0	0
0.0116123	0	0	0
0.0117289	0	0	0
0.0117372	0	0	0
0.0117604	0	0	0
0.0118258	0	0	0
0.0118491	0	0	0
0.0120169	0	0	0
0.0120483	0	0	0
0.0121279	0	0	0
0.0121376	0	0	0
0.0121462	0	0	0
0.012216	0	0	0
0.012219	0	0	0
0.0122236	0	0	0
0.0122474	0	0	0
0.0123221	0	0	0
0.0124489	0	0	0
0.012511	0	0	0
0.0125123	0	0	0
0.0125207	0	0	0
0.0125618	0	0	0
0.012631	0	0	0
0.0127214	0	0	0
0.0127835	0	0	0
0.012854	0	0	0
0.012947	0	0	0
0.0129706	0	0	0
0.0130187	0	0	0
0.0130423	0	0	0
0.0131079	0	0	0
0.0131316	0	0	0
0.0131395	0	0	0
0.0131546	0	0	0
0.0132548	0	0	0
0.0134252	0	0	0
0.013515	0	0	0
0.0135644	0	0	0
0.0136077	0	0	0
0.0136537	0	0	0
0.0136717	0	0	0
0.013743	0	0	0
0.0137585	0	0	0
0.0137969	0	0	0
0.0138444	0	0	0
0.0139248	0	0	0
0.0139453	0	0	0
0.0140621	0	0	0
0.0141108	0	0	0
0.0141162	0	0	0
0.0141661	0	0	0
0.0143023	0	0	0
0.0143893	0	0	0
0.0144424	0	0	0
0.0145013	0	0	0
0.0145449	0	0	0
0.0145664	0	0	0
0.0146038	0	0	0
0.0146965	0	0	0
0.01474	0	0	0
0.014772	0	0	0
0.0147871	0	0	0
0.0148075	0	0	0
0.0148775	0	0	0
0.0149524	0	0	0
0.0150294	0	0	0
0.0150759	0	0	0
0.0152141	0	0	0
0.0152288	0	0	0
0.0153141	0	0	0
0.0153513	0	0	0
0.0153783	0	0	0
0.0154862	0	0	0
0.0155372	0	0	0
0.0157604	0	0	0
0.0157848	0	0	0
0.0159772	0	0	0
0.0161136	0	0	0
0.0161186	0	0	0
0.0162107	0	0	0
0.0162863	0	0	0
0.0163064	0	0	0
0.016384	0	0	0
0.0165124	0	0	0
0.0165294	0	0	0
0.0167135	0	0	0
0.01682	0	0	0
0.0168962	0	0	0
0.017103	0	0	0
0.0173147	0	0	0
0.0173851	0	0	0
0.0173909	0	0	0
0.0174737	0	0	0
0.0175903	0	0	0
0.0176255	0	0	0
0.0176539	0	0	0
0.0178072	0	0	0
0.0178937	0	0	0
0.0179574	0	0	0
0.0180185	0	0	0
0.018029	0	0	0
0.0181098	0	0	0
0.0182774	0	0	0
0.0183989	0	0	0
0.0184306	0	0	0
0.0184988	0	0	0
0.0185269	0	0	0
0.0185342	0	0	0
0.0185394	0	0	0
0.018657	0	0	0
0.0187399	0	0	0
0.01876	0	0	0
0.018981	0	0	0
0.018986	0	0	0
0.019105	0	0	0
0.0191811	0	0	0
0.0193997	0	0	0
0.019484	0	0	0
0.019558	0	0	0
0.0196236	0	0	0
0.0196737	0	0	0
0.0198247	0	0	0
0.0198436	0	0	0
0.0198692	0	0	0
0.019871	0	0	0
0.0198832	0	0	0
0.0199219	0	0	0
0.0199991	0	0	0
0.0200252	0	0	0
0.0200276	0	0	0
0.0203031	0	0	0
0.0203508	0	0	0
0.0203859	0	0	0
0.0203882	0	0	0
0.0204082	0	0	0
0.0206527	0	0.165017	0
0.0206647	0	0.165017	0
0.020754	0	0.165017	0
0.0207609	0	0.165017	0
0.0208019	0	0.165017	0
0.0208249	0	0.165017	0
0.0208781	0	0.165017	0
0.0208916	0.0825083	0.0825083	0
0.0209189	0.0825083	0.0825083	0
0.0210591	0.0825083	0.0825083	0
0.0211255	0.0825083	0.0825083	0
0.0212994	0.0825083	0.0825083	0
0.0214339	0.0825083	0.0825083	0
0.0217296	0.0825083	0.0825083	0
0.0219451	0.0825083	0.0825083	0
0.0232096	0.0825083	0.0825083	0
0.023361	0.0825083	0.0825083	0
0.0240511	0.0825083	0.0825083	0
0.0240523	0.165017	0	0
0.0243598	0.165017	0	0
0.0243891	0.165017	0	0
0.0263533	0.165017	0	0
0.0279152	0.165017	0	0
0.0314646	0.165017	0	0
0.0459427	0.165017	0	1.03093
0.0500243	0.165017	0	1.03093
0.0515372	0.165017	0.0825083	1.03093
0.0523602	0.247525	0	1.03093
0.0556978	0.247525	0	1.03093
0.0592608	0.247525	0.0825083	1.03093
0.0614095	0.330033	0	1.03093
0.0634334	0.371287	0.0825083	1.03093
0.0649349	0.371287	0.0825083	1.03093
0.0662412	0.453795	0	1.03093
0.0662648	0.453795	0.165017	1.03093
0.0733192	0.536304	0.0825083	1.03093
0.0860055	0.618812	0	1.03093
0.0873044	0.660066	0.0825083	1.03093
0.088336	0.742574	0	1.03093
0.0893528	0.742574	0.0825083	1.03093
0.0903137	0.825082	0	1.03093
0.0924663	0.825082	0.165017	1.03093
0.0933425	0.866337	0.247525	1.03093
0.0956027	0.948845	0.165017	1.03093
0.105505	1.03135	0.0825083	1.03093
0.107938	1.11386	0	1.03093
0.10829	1.15512	0.0825083	1.03093
0.111164	1.23762	0	1.03093
0.11144	1.23762	0.0825083	1.03093
0.113202	1.23762	0.0825083	1.03093
0.113393	1.32013	0	1.03093
0.113698	1.32013	0.165017	1.03093
0.113835	1.40264	0.0825083	1.03093
0.116167	1.48515	0	1.03093
0.120818	1.48515	0	1.54639
0.123148	1.48515	0	1.54639
0.124774	1.5264	0.0825083	1.54639
0.129929	1.60891	0	1.54639
0.132717	1.65016	0.0825083	1.54639
0.140064	1.73267	0	1.54639
0.141049	1.73267	0.165017	1.54639
0.145813	1.81518	0.0825083	1.54639
0.16563	1.89769	0	1.54639
0.17338	1.89769	0	2.06186
0.174373	1.89769	0.165017	2.06186
0.174749	1.9802	0.0825083	2.06186
0.174791	2.06271	0	2.06186
0.175227	2.10396	0.0825083	2.06186
0.177027	2.10396	0.0825083	2.57732
0.177421	2.14521	0.165017	2.57732
0.182379	2.22772	0.0825083	2.57732
0.198826	2.31023	0	2.57732
0.206082	2.31023	0	2.57732
0.211878	2.31023	0	2.57732
0.213248	2.31023	0.0825083	2.57732
0.220378	2.39274	0	2.57732
0.221368	2.39274	0.0825083	2.57732
0.221879	2.39274	0.0825083	3.09278
0.230238	2.47525	0	3.09278
0.237641	2.47525	0	3.60825
0.239193	2.5165	0.0825083	3.60825
0.242963	2.59901	0	3.60825
0.248936	2.59901	0	4.12371
0.256002	2.59901	0	4.63918
0.256692	2.64026	0.0825083	4.63918
0.290693	2.72277	0	4.63918
0.291677	2.72277	0.165017	4.63918
0.293479	2.80528	0.0825083	4.63918
0.324037	2.88779	0	4.63918
0.324575	2.88779	0	4.63918
0.338724	2.88779	0	4.63918
0.339045	2.88779	0	5.6701
0.342324	2.88779	0	5.6701
0.343962	2.88779	0	5.6701
0.344619	2.92904	0.0825083	5.6701
0.345503	2.92904	0.0825083	5.6701
0.361515	3.01155	0	5.6701
0.363156	3.01155	0	5.6701
0.368785	3.05281	0.0825083	5.6701
0.36916	3.13531	0	5.6701
0.370523	3.17657	0.0825083	5.6701
0.37083	3.25908	0	5.6701
0.374689	3.30033	0.0825083	5.6701
0.399886	3.38284	0	5.6701
0.400636	3.42409	0.0825083	5.6701
0.400966	3.5066	0	5.6701
0.419695	3.5066	0	5.6701
0.428498	3.5066	0	5.6701
0.42949	3.54785	0.0825083	5.6701
0.430925	3.63036	0	5.6701
0.446435	3.63036	0	6.18557
0.446758	3.63036	0	6.18557
0.450997	3.63036	0	6.70103
0.454235	3.67162	0.0825083	6.70103
0.463873	3.75413	0	6.70103
0.46594	3.79538	0.0825083	6.70103
0.47609	3.87789	0	6.70103
0.477848	3.87789	0	6.70103
0.479125	3.91914	0.0825083	6.70103
0.48957	4.00165	0	6.70103
0.491191	4.0429	0.0825083	6.70103
0.496578	4.12541	0	6.70103
0.496843	4.16667	0.0825083	6.70103
0.497238	4.24918	0	6.70103
0.519921	4.24918	0	6.70103
0.553433	4.24918	0	7.2165
0.554927	4.29043	0.0825083	7.2165
0.555562	4.29043	0.0825083	7.73196
0.564579	4.37294	0	7.73196
0.566071	4.37294	0	8.24742
0.566276	4.41419	0.0825083	8.24742
0.567684	4.41419	0.247525	8.24742
0.571502	4.4967	0.165017	8.24742
0.572659	4.57921	0.0825083	8.24742
0.580008	4.66172	0	8.24742
0.580516	4.70297	0.0825083	8.24742
0.602621	4.78548	0	8.24742
0.603068	4.82673	0.0825083	8.24742
0.624557	4.90924	0	8.24742
0.624566	4.90924	0.165017	8.24742
0.62458	4.99175	0.0825083	8.24742
0.629469	5.07426	0	8.24742
0.630345	5.11551	0.0825083	8.24742
0.631001	5.19802	0	8.24742
0.631369	5.23927	0.0825083	8.24742
0.633648	5.32178	0	8.24742
0.633678	5.36304	0.0825083	8.24742
0.635607	5.44554	0	8.24742
0.637229	5.4868	0.0825083	8.24742
0.661907	5.56931	0	8.24742
0.662496	5.56931	0	8.24742
0.665801	5.61056	0.0825083	8.24742
0.666177	5.61056	0.247525	8.24742
0.668359	5.69307	0.165017	8.24742
0.66865	5.77558	0.0825083	8.24742
0.673803	5.85809	0	8.24742
0.674728	5.85809	0.165017	8.24742
0.676294	5.94059	0.0825083	8.24742
0.678281	6.0231	0	8.24742
0.680521	6.06436	0.0825083	8.24742
0.689405	6.14686	0	8.24742
0.689598	6.14686	0.0825083	8.24742
0.696466	6.22937	0	8.24742
0.720531	6.22937	0	8.24742
0.725815	6.22937	0	8.24742
0.726023	6.22937	0.0825083	8.24742
0.751031	6.31188	0	8.24742
0.753096	6.31188	0	8.24742
0.754296	6.31188	0.165017	8.24742
0.755574	6.39439	0.0825083	8.24742
0.763188	6.4769	0	8.24742
0.764176	6.51815	0.0825083	8.24742
0.77239	6.60066	0	8.24742
0.773081	6.64191	0.0825083	8.24742
0.790592	6.72442	0	8.24742
0.80094	6.72442	0	8.76289
0.804437	6.76568	0.0825083	8.76289
0.80599	6.76568	0.0825083	8.76289
0.807506	6.80693	0.165017	8.76289
0.807729	6.88944	0.0825083	8.76289
0.808977	6.97195	0	8.76289
0.810287	7.0132	0.0825083	8.76289
0.825904	7.09571	0	8.76289
0.836471	7.09571	0	9.27835
0.838262	7.13696	0.0825083	9.27835
0.853762	7.21947	0	9.27835
0.871945	7.21947	0	10.3093
0.872353	7.26073	0.0825083	10.3093
0.877477	7.34323	0	10.3093
0.882827	7.38449	0.0825083	10.3093
0.892662	7.467	0	10.3093
0.894987	7.467	0.0825083	10.3093
0.943799	7.5495	0	10.3093
0.946319	7.5495	0.165017	10.3093
0.947226	7.63201	0.0825083	10.3093
0.952555	7.71452	0	10.3093
0.957389	7.71452	0	10.8247
1.00078	7.71452	0	11.3402
1.01754	7.71452	0	11.3402
1.01832	7.75578	0.0825083	11.3402
1.02189	7.83828	0	11.3402
1.02199	7.83828	0.165017	11.3402
1.02577	7.92079	0.0825083	11.3402
1.04607	8.0033	0	11.3402
1.04649	8.04455	0.0825083	11.3402
1.05397	8.12706	0	11.3402
1.05618	8.16832	0.0825083	11.3402
1.05821	8.16832	0.0825083	11.3402
1.0794	8.25082	0	11.3402
1.07992	8.25082	0.165017	11.3402
1.08172	8.33333	0.0825083	11.3402
1.08635	8.41584	0	11.3402
1.08707	8.4571	0.0825083	11.3402
1.09663	8.5396	0	11.3402
1.09771	8.5396	0.165017	11.3402
1.09835	8.62211	0.0825083	11.3402
1.10037	8.70462	0	11.3402
1.10084	8.74587	0.0825083	11.3402
1.10155	8.82838	0	11.3402
1.10202	8.86964	0.0825083	11.3402
1.1036	8.95215	0	11.3402
1.1275	8.95215	0	11.3402
1.12953	8.9934	0.0825083	11.3402
1.14862	9.07591	0	11.3402
1.15262	9.07591	0	11.8557
1.15294	9.11716	0.0825083	11.8557
1.15831	9.19967	0	11.8557
1.16111	9.24092	0.0825083	11.8557
1.18035	9.32343	0	11.8557
1.18065	9.36469	0.0825083	11.8557
1.19394	9.4472	0	11.8557
1.20899	9.4472	0	12.3711
1.21029	9.4472	0.165017	12.3711
1.21049	9.4472	0.330033	12.3711
1.21068	9.5297	0.247525	12.3711
1.21156	9.61221	0.165017	12.3711
1.2132	9.69472	0.0825083	12.3711
1.24169	9.77723	0	12.3711
1.24224	9.77723	0.0825083	12.3711
1.24473	9.85974	0	12.3711
1.24697	9.85974	0	12.3711
1.24724	9.90099	0.0825083	12.3711
1.25736	9.9835	0	12.3711
1.25998	10.0248	0.0825083	12.3711
1.28119	10.1073	0	12.3711
1.28485	10.1485	0.0825083	12.3711
1.28621	10.1485	0.0825083	12.8866
1.31468	10.231	0	12.8866
1.31624	10.2723	0.0825083	12.8866
1.32338	10.3548	0	12.8866
1.32428	10.3548	0	12.8866
1.32516	10.3548	0.0825083	12.8866
1.32786	10.4373	0	12.8866
1.32845	10.4373	0.165017	12.8866
1.33287	10.5198	0.0825083	12.8866
1.33549	10.6023	0	12.8866
1.33586	10.6436	0.0825083	12.8866
1.35046	10.7261	0	12.8866
1.36079	10.7261	0	13.4021
1.36103	10.7673	0.0825083	13.4021
1.36318	10.7673	0.0825083	13.9175
1.37996	10.8498	0	13.9175
1.38068	10.8911	0.0825083	13.9175
1.38278	10.9736	0	13.9175
1.38319	11.0149	0.0825083	13.9175
1.38617	11.0974	0	13.9175
1.38653	11.0974	0	14.433
1.38683	11.1386	0.0825083	14.433
1.39149	11.2211	0	14.433
1.39656	11.2211	0	14.433
1.44151	11.2211	0	14.9485
1.45287	11.2211	0	15.4639
1.4535	11.2624	0.0825083	15.4639
1.45899	11.3449	0	15.4639
1.45973	11.3861	0.0825083	15.4639
1.48025	11.4686	0	15.4639
1.4806	11.4686	0.0825083	15.4639
1.4908	11.5512	0	15.4639
1.49589	11.5924	0.0825083	15.4639
1.49617	11.6749	0	15.4639
1.5002	11.6749	0	15.9794
1.50121	11.7162	0.0825083	15.9794
1.5143	11.7987	0	15.9794
1.51483	11.7987	0.165017	15.9794
1.51529	11.8812	0.0825083	15.9794
1.51566	11.9224	0.165017	15.9794
1.51818	12.005	0.0825083	15.9794
1.52781	12.0875	0	15.9794
1.5565	12.0875	0	15.9794
1.55651	12.0875	0.165017	15.9794
1.55705	12.17	0.0825083	15.9794
1.57574	12.2525	0	15.9794
1.57842	12.2937	0.0825083	15.9794
1.58339	12.3762	0	15.9794
1.58568	12.4175	0.0825083	15.9794
1.59144	12.4175	0.0825083	16.4948
1.59556	12.5	0	16.4948
1.59584	12.5413	0.0825083	16.4948
1.65314	12.6238	0	16.4948
1.65595	12.6238	0	17.0103
1.67643	12.6238	0	18.0412
1.67693	12.665	0.0825083	18.0412
1.72817	12.7475	0	18.0412
1.72927	12.7888	0.0825083	18.0412
1.72994	12.7888	0.0825083	18.5567
1.73951	12.8713	0	18.5567
1.73968	12.9125	0.0825083	18.5567
1.73991	12.9538	0.165017	18.5567
1.74077	13.0363	0.0825083	18.5567
1.74901	13.1188	0	18.5567
1.81121	13.1188	0	19.0722
1.81296	13.1188	0.0825083	19.0722
1.82079	13.2013	0	19.0722
1.82089	13.2013	0.0825083	19.0722
1.84116	13.2838	0	19.0722
1.84125	13.2838	0.165017	19.0722
1.84248	13.3663	0.0825083	19.0722
1.84632	13.3663	0.165017	19.0722
1.84781	13.4488	0.0825083	19.0722
1.86103	13.5314	0	19.0722
1.86181	13.5314	0.165017	19.0722
1.86278	13.6139	0.0825083	19.0722
1.86311	13.6551	0.165017	19.0722
1.86476	13.7376	0.0825083	19.0722
1.86651	13.7376	0.0825083	19.5876
1.87947	13.8201	0	19.5876
1.88134	13.8614	0.0825083	19.5876
1.88173	13.9026	0.165017	19.5876
1.88214	13.9851	0.0825083	19.5876
1.88244	14.0677	0	19.5876
1.88511	14.0677	0	20.1031
1.88677	14.1089	0.0825083	20.1031
1.88681	14.1089	0.165017	20.1031
1.88714	14.1914	0.0825083	20.1031
1.89007	14.2739	0	20.1031
1.89049	14.2739	0.165017	20.1031
1.8991	14.3564	0.0825083	20.1031
1.90782	14.4389	0	20.1031
1.91244	14.4802	0.0825083	20.1031
1.95004	14.5627	0	20.1031
1.95071	14.604	0.0825083	20.1031
1.95751	14.6865	0	20.1031
1.95823	14.7277	0.0825083	20.1031
1.9596	14.8102	0	20.1031
1.98473	14.8102	0	20.6186
1.98605	14.8102	0.165017	20.6186
1.99096	14.8927	0.0825083	20.6186
1.99097	14.8927	0.247525	20.6186
1.99227	14.9752	0.165017	20.6186
1.99361	15.0578	0.0825083	20.6186
2.01462	15.1403	0	20.6186
2.01509	15.1403	0.165017	20.6186
2.01523	15.2228	0.0825083	20.6186
2.04502	15.3053	0	20.6186
2.04589	15.3465	0.0825083	20.6186
2.06562	15.429	0	20.6186
2.11408	15.429	0	20.6186
2.11562	15.4703	0.0825083	20.6186
2.12207	15.5528	0	20.6186
2.12677	15.5941	0.0825083	20.6186
2.14229	15.6766	0	20.6186
2.14345	15.6766	0.0825083	20.6186
2.15154	15.7591	0	20.6186
2.15313	15.7591	0.165017	20.6186
2.15525	15.8416	0.0825083	20.6186
2.1628	15.9241	0	20.6186
2.16564	15.9241	0.0825083	20.6186
2.17817	16.0066	0	20.6186
2.19409	16.0066	0	20.6186
2.19569	16.0479	0.0825083	20.6186
2.19587	16.1304	0	20.6186
2.19708	16.1304	0.165017	20.6186
2.19745	16.2129	0.0825083	20.6186
2.20647	16.2954	0	20.6186
2.20662	16.2954	0.165017	20.6186
2.208	16.3366	0.247525	20.6186
2.20879	16.4191	0.165017	20.6186
2.21142	16.5016	0.0825083	20.6186
2.25282	16.5842	0	20.6186
2.25351	16.5842	0.165017	20.6186
2.25635	16.6667	0.0825083	20.6186
2.31762	16.7492	0	20.6186
2.32247	16.7904	0.0825083	20.6186
2.32882	16.8729	0	20.6186
2.33459	16.8729	0.165017	20.6186
2.3356	16.9554	0.0825083	20.6186
2.34385	17.038	0	20.6186
2.34591	17.0792	0.0825083	20.6186
2.35194	17.1617	0	20.6186
2.3528	17.203	0.0825083	20.6186
2.3718	17.2855	0	20.6186
2.37192	17.3267	0.0825083	20.6186
2.37586	17.368	0.165017	20.6186
2.37685	17.4505	0.0825083	20.6186
2.39723	17.533	0	20.6186
2.41364	17.533	0	20.6186
2.41657	17.533	0	21.134
2.41937	17.5743	0.0825083	21.134
2.42389	17.6155	0.165017	21.134
2.42818	17.698	0.0825083	21.134
2.4913	17.7805	0	21.134
2.49443	17.8218	0.0825083	21.134
2.52992	17.9043	0	21.134
2.5301	17.9043	0.165017	21.134
2.53322	17.9868	0.0825083	21.134
2.54427	18.0693	0	21.134
2.54563	18.1106	0.0825083	21.134
2.55333	18.1931	0	21.134
2.55337	18.2343	0.0825083	21.134
2.55427	18.2756	0.165017	21.134
2.55634	18.3581	0.0825083	21.134
2.55744	18.4406	0	21.134
2.57211	18.4406	0.0825083	21.134
2.57217	18.4818	0.165017	21.134
2.57368	18.5644	0.0825083	21.134
2.57867	18.5644	0.0825083	21.6495
2.59663	18.6469	0	21.6495
2.59802	18.6469	0.165017	21.6495
2.59867	18.7294	0.0825083	21.6495
2.61329	18.8119	0	21.6495
2.61628	18.8119	0.0825083	21.6495
2.61698	18.8944	0	21.6495
2.61764	18.8944	0.0825083	21.6495
2.63657	18.9769	0	21.6495
2.63737	18.9769	0.0825083	21.6495
2.67076	19.0594	0	21.6495
2.67116	19.0594	0.165017	21.6495
2.67219	19.1419	0.0825083	21.6495
2.67689	19.2244	0	21.6495
2.6769	19.2244	0.165017	21.6495
2.67694	19.3069	0.0825083	21.6495
2.68025	19.3894	0	21.6495
2.68031	19.3894	0.0825083	21.6495
2.68615	19.4719	0	21.6495
2.68616	19.5132	0.0825083	21.6495
2.68708	19.5957	0	21.6495
2.68862	19.637	0.0825083	21.6495
2.69123	19.7195	0	21.6495
2.69406	19.7195	0	22.1649
2.69451	19.7607	0.0825083	22.1649
2.69852	19.8432	0	22.1649
2.71043	19.8432	0	22.1649
2.71246	19.8845	0.0825083	22.1649
2.71873	19.967	0	22.1649
2.71902	19.967	0.165017	22.1649
2.71931	20.0495	0.0825083	22.1649
2.74068	20.132	0	22.1649
2.74139	20.132	0.165017	22.1649
2.74165	20.2145	0.0825083	22.1649
2.74492	20.297	0	22.1649
2.75777	20.297	0	22.1649
2.75835	20.3383	0.0825083	22.1649
2.76214	20.4208	0	22.1649
2.76574	20.462	0.0825083	22.1649
2.7667	20.5446	0	22.1649
2.76743	20.5858	0.0825083	22.1649
2.79971	20.6683	0	22.1649
2.80349	20.7096	0.0825083	22.1649
2.8141	20.7921	0	22.1649
2.81993	20.7921	0	22.6804
2.8227	20.7921	0.0825083	22.6804
2.8402	20.8746	0	22.6804
2.84488	20.8746	0	23.1959
2.84796	20.9158	0.0825083	23.1959
2.86146	20.9984	0	23.1959
2.86865	21.0396	0.0825083	23.1959
2.87578	21.1221	0	23.1959
2.89288	21.1221	0	24.2268
2.89293	21.1634	0.0825083	24.2268
2.90329	21.2459	0	24.2268
2.90346	21.2459	0.165017	24.2268
2.90385	21.3284	0.0825083	24.2268
2.90472	21.3284	0.0825083	24.7423
2.92461	21.4109	0	24.7423
2.92744	21.4109	0	25.2577
2.93434	21.4109	0	25.7732
2.93635	21.4109	0	25.7732
2.93829	21.4521	0.0825083	25.7732
2.94477	21.5347	0	25.7732
2.94543	21.5759	0.0825083	25.7732
2.94806	21.6584	0	25.7732
2.94919	21.6997	0.0825083	25.7732
2.97968	21.7822	0	25.7732
2.98108	21.7822	0.0825083	25.7732
2.9848	21.8647	0	25.7732
2.98723	21.9059	0.0825083	25.7732
3.01031	21.9884	0	25.7732
3.01071	22.0297	0.0825083	25.7732
3.01144	22.1122	0	25.7732
3.01629	22.1535	0.0825083	25.7732
3.01935	22.236	0	25.7732
3.02188	22.2772	0.0825083	25.7732
3.04727	22.3597	0	25.7732
3.0477	22.3597	0.165017	25.7732
3.04954	22.3597	0.165017	26.2887
3.05341	22.4422	0.0825083	26.2887
3.05346	22.5248	0	26.2887
3.06876	22.5248	0	26.8041
3.07101	22.566	0.0825083	26.8041
3.10812	22.6485	0	26.8041
3.10892	22.6898	0.0825083	26.8041
3.13793	22.7723	0	26.8041
3.13811	22.8135	0.0825083	26.8041
3.1384	22.8135	0.247525	26.8041
3.13965	22.896	0.165017	26.8041
3.13989	22.9785	0.0825083	26.8041
3.14174	23.0611	0	26.8041
3.14183	23.0611	0.165017	26.8041
3.14215	23.1436	0.0825083	26.8041
3.15025	23.2261	0	26.8041
3.15032	23.2261	0.165017	26.8041
3.1528	23.3086	0.0825083	26.8041
3.18597	23.3911	0	26.8041
3.18724	23.4323	0.0825083	26.8041
3.18747	23.5149	0	26.8041
3.1924	23.5561	0.0825083	26.8041
3.19255	23.5561	0.165017	26.8041
3.20142	23.6386	0.0825083	26.8041
3.21088	23.7211	0	26.8041
3.21329	23.7624	0.0825083	26.8041
3.21356	23.8036	0.165017	26.8041
3.21436	23.8861	0.0825083	26.8041
3.22013	23.9686	0	26.8041
3.2218	24.0099	0.0825083	26.8041
3.23601	24.0924	0	26.8041
3.23615	24.0924	0.0825083	26.8041
3.2383	24.1749	0	26.8041
3.23846	24.2162	0.0825083	26.8041
3.25462	24.2987	0	26.8041
3.25467	24.2987	0.165017	26.8041
3.25738	24.3812	0.0825083	26.8041
3.29236	24.4637	0	26.8041
3.29467	24.5049	0.0825083	26.8041
3.34138	24.5875	0	26.8041
3.34216	24.5875	0.165017	26.8041
3.34269	24.6287	0.247525	26.8041
3.34316	24.7112	0.165017	26.8041
3.34349	24.7937	0.0825083	26.8041
3.39314	24.8762	0	26.8041
3.43389	24.8762	0	26.8041
3.43531	24.9175	0.0825083	26.8041
3.44468	25	0	26.8041
3.44547	25.0413	0.0825083	26.8041
3.4999	25.1238	0	26.8041
3.50156	25.1238	0.0825083	26.8041
3.51765	25.2063	0	26.8041
3.52148	25.2063	0.0825083	26.8041
3.52294	25.2888	0	26.8041
3.5383	25.2888	0	26.8041
3.53876	25.2888	0	27.3196
3.54196	25.2888	0	27.8351
3.54331	25.33	0.0825083	27.8351
3.54343	25.4125	0	27.8351
3.55002	25.4125	0	28.3505
3.55488	25.4538	0.0825083	28.3505
3.5905	25.5363	0	28.3505
3.60073	25.5363	0	28.3505
3.60263	25.5776	0.0825083	28.3505
3.62373	25.6601	0	28.3505
3.63221	25.6601	0	28.866
3.63316	25.7013	0.0825083	28.866
3.64906	25.7838	0	28.866
3.65099	25.8251	0.0825083	28.866
3.66628	25.9076	0	28.866
3.66637	25.9076	0.0825083	28.866
3.66643	25.9488	0.165017	28.866
3.66812	26.0314	0.0825083	28.866
3.69272	26.1139	0	28.866
3.69713	26.1551	0.0825083	28.866
3.70041	26.2376	0	28.866
3.7014	26.2376	0	29.3814
3.70336	26.2376	0.165017	29.3814
3.70364	26.3201	0.0825083	29.3814
3.79656	26.4026	0	29.3814
3.83607	26.4026	0	29.8969
3.83805	26.4439	0.0825083	29.8969
3.85362	26.5264	0	29.8969
3.85562	26.5264	0.0825083	29.8969
3.86807	26.6089	0	29.8969
3.8692	26.6502	0.0825083	29.8969
3.89626	26.7327	0	29.8969
3.89831	26.7327	0.165017	29.8969
3.90289	26.8152	0.0825083	29.8969
3.98087	26.8977	0	29.8969
3.98317	26.9389	0.0825083	29.8969
3.99821	27.0215	0	29.8969
3.99828	27.0627	0.0825083	29.8969
4.00557	27.1452	0	29.8969
4.0061	27.1452	0.0825083	29.8969
4.00691	27.2277	0	29.8969
4.00885	27.269	0.0825083	29.8969
4.0234	27.3515	0	29.8969
4.04918	27.3515	0	30.4124
4.05308	27.3927	0.0825083	30.4124
4.08432	27.4752	0	30.4124
4.087	27.4752	0	30.4124
4.08934	27.4752	0.0825083	30.4124
4.11522	27.5578	0	30.4124
4.14123	27.5578	0	31.4433
4.14165	27.5578	0.0825083	31.4433
4.15579	27.6403	0	31.4433
4.15699	27.6815	0.0825083	31.4433
4.15903	27.7228	0.165017	31.4433
4.16058	27.8053	0.0825083	31.4433
4.16678	27.8878	0	31.4433
4.16984	27.8878	0.0825083	31.4433
4.21392	27.9703	0	31.4433
4.21407	27.9703	0.165017	31.4433
4.2153	28.0528	0.0825083	31.4433
4.25396	28.1353	0	31.4433
4.25541	28.1766	0.0825083	31.4433
4.25589	28.1766	0.247525	31.4433
4.25657	28.2591	0.165017	31.4433
4.25745	28.3416	0.0825083	31.4433
4.25823	28.4241	0	31.4433
4.28952	28.4241	0	31.9588
4.29092	28.4653	0.0825083	31.9588
4.29218	28.5479	0	31.9588
4.29227	28.5479	0.165017	31.9588
4.29635	28.6304	0.0825083	31.9588
4.29714	28.6716	0.165017	31.9588
4.30256	28.7541	0.0825083	31.9588
4.34838	28.8366	0	31.9588
4.34885	28.8779	0.0825083	31.9588
4.35064	28.8779	0.0825083	32.4742
4.37077	28.9604	0	32.4742
4.37374	28.9604	0.165017	32.4742
4.37428	28.9604	0.330033	32.4742
4.37443	29.0429	0.247525	32.4742
4.37534	29.1254	0.165017	32.4742
4.37537	29.1254	0.165017	32.9897
4.37581	29.2079	0.0825083	32.9897
4.38438	29.2904	0	32.9897
4.38532	29.3317	0.0825083	32.9897
4.38605	29.4142	0	32.9897
4.39181	29.4142	0.0825083	32.9897
4.40894	29.4967	0	32.9897
4.41048	29.538	0.0825083	32.9897
4.41554	29.6205	0	32.9897
4.41637	29.6205	0.165017	32.9897
4.41793	29.703	0.0825083	32.9897
4.42946	29.7855	0	32.9897
4.42982	29.7855	0.165017	32.9897
4.43122	29.868	0.0825083	32.9897
4.43241	29.9505	0	32.9897
4.43252	29.9917	0.0825083	32.9897
4.44384	30.0743	0	32.9897
4.4449	30.0743	0.0825083	32.9897
4.46171	30.1568	0	32.9897
4.46186	30.198	0.0825083	32.9897
4.47156	30.2805	0	32.9897
4.47311	30.3218	0.0825083	32.9897
4.50304	30.4043	0	32.9897
4.50489	30.4455	0.0825083	32.9897
4.54483	30.5281	0	32.9897
4.54761	30.5693	0.0825083	32.9897
4.58824	30.6518	0	32.9897
4.58861	30.6931	0.0825083	32.9897
4.58928	30.6931	0.0825083	34.0206
4.59496	30.7756	0	34.0206
4.5959	30.7756	0	34.5361
4.5965	30.8168	0.0825083	34.5361
4.60288	30.8993	0	34.5361
4.60667	30.8993	0.0825083	34.5361
4.66755	30.9818	0	34.5361
4.67071	31.0231	0.0825083	34.5361
4.70665	31.1056	0	34.5361
4.70764	31.1056	0.165017	34.5361
4.70822	31.1881	0.0825083	34.5361
4.73264	31.2706	0	34.5361
4.73278	31.2706	0.165017	34.5361
4.73433	31.3531	0.0825083	34.5361
4.75953	31.4356	0	34.5361
4.76422	31.4356	0.165017	34.5361
4.7648	31.5182	0.0825083	34.5361
4.76576	31.6007	0	34.5361
4.76816	31.6419	0.0825083	34.5361
4.79631	31.7244	0	34.5361
4.79931	31.7657	0.0825083	34.5361
4.82234	31.8482	0	34.5361
4.82952	31.8482	0	35.0515
4.83053	31.8894	0.0825083	35.0515
4.83819	31.9719	0	35.0515
4.85012	31.9719	0	35.567
4.85296	31.9719	0.165017	35.567
4.85356	32.0545	0.0825083	35.567
4.86881	32.137	0	35.567
4.86921	32.1782	0.0825083	35.567
4.90758	32.2607	0	35.567
4.90902	32.302	0.0825083	35.567
4.91336	32.3845	0	35.567
4.92262	32.3845	0	36.5979
4.92673	32.4257	0.0825083	36.5979
4.95255	32.5083	0	36.5979
5.02415	32.5083	0	37.1134
5.02498	32.5495	0.0825083	37.1134
5.08816	32.632	0	37.1134
5.10761	32.632	0	37.6289
5.10765	32.632	0.165017	37.6289
5.1083	32.7145	0.0825083	37.6289
5.10839	32.7145	0.165017	37.6289
5.10881	32.797	0.0825083	37.6289
5.11133	32.8795	0	37.6289
5.11218	32.8795	0	37.6289
5.11274	32.9208	0.0825083	37.6289
5.12064	33.0033	0	37.6289
5.12327	33.0446	0.0825083	37.6289
5.12839	33.1271	0	37.6289
5.12897	33.1683	0.0825083	37.6289
5.13758	33.2508	0	37.6289
5.22009	33.2508	0	38.1443
5.22385	33.2921	0.0825083	38.1443
5.2284	33.3746	0	38.1443
5.22879	33.4158	0.0825083	38.1443
5.27385	33.4983	0	38.1443
5.27414	33.4983	0.165017	38.1443
5.28194	33.5809	0.0825083	38.1443
5.28223	33.6634	0	38.1443
5.28342	33.7046	0.0825083	38.1443
5.28376	33.7459	0.165017	38.1443
5.28462	33.8284	0.0825083	38.1443
5.29715	33.9109	0	38.1443
5.34017	33.9109	0	38.6598
5.3441	33.9109	0	39.6907
5.34996	33.9109	0	40.7216
5.35271	33.9109	0	40.7216
5.3571	33.9109	0.0825083	40.7216
5.35878	33.9934	0	40.7216
5.35986	33.9934	0.0825083	40.7216
5.42498	34.0759	0	40.7216
5.42697	34.1172	0.0825083	40.7216
5.4381	34.1997	0	40.7216
5.43994	34.1997	0.0825083	40.7216
5.46358	34.2822	0	40.7216
5.46507	34.2822	0.165017	40.7216
5.46515	34.3647	0.0825083	40.7216
5.4692	34.4472	0	40.7216
5.47202	34.4472	0.0825083	40.7216
5.48277	34.5297	0	40.7216
5.50463	34.5297	0	41.2371
5.50605	34.5297	0.165017	41.2371
5.50661	34.571	0.247525	41.2371
5.5079	34.6535	0.165017	41.2371
5.5125	34.736	0.0825083	41.2371
5.53138	34.8185	0	41.2371
5.53176	34.8185	0.0825083	41.2371
5.54714	34.901	0	41.2371
5.54837	34.901	0.0825083	41.2371
5.55417	34.9835	0	41.2371
5.58959	34.9835	0	41.7526
5.59942	34.9835	0	42.268
5.59955	35.0248	0.0825083	42.268
5.61562	35.1073	0	42.268
5.61608	35.1073	0.165017	42.268
5.617	35.1898	0.0825083	42.268
5.62844	35.2723	0	42.268
5.67002	35.2723	0	42.7835
5.67017	35.2723	0.165017	42.7835
5.67099	35.3548	0.0825083	42.7835
5.68221	35.4373	0	42.7835
5.68722	35.4785	0.0825083	42.7835
5.73598	35.5611	0	42.7835
5.74483	35.5611	0	43.8144
5.75004	35.5611	0	44.8454
5.75149	35.6023	0.0825083	44.8454
5.75707	35.6848	0	44.8454
5.76181	35.7261	0.0825083	44.8454
5.77118	35.8086	0	44.8454
5.79205	35.8086	0	45.3608
5.793	35.8498	0.0825083	45.3608
5.80048	35.9323	0	45.3608
5.80237	35.9323	0.0825083	45.3608
5.80339	35.9736	0.165017	45.3608
5.80386	36.0561	0.0825083	45.3608
5.80395	36.1386	0	45.3608
5.80608	36.1386	0.165017	45.3608
5.80619	36.1799	0.247525	45.3608
5.80655	36.2624	0.165017	45.3608
5.80757	36.3449	0.0825083	45.3608
5.83878	36.4274	0	45.3608
5.8399	36.4686	0.0825083	45.3608
5.84017	36.4686	0.247525	45.3608
5.8413	36.5512	0.165017	45.3608
5.84235	36.6337	0.0825083	45.3608
5.85758	36.7162	0	45.3608
5.85836	36.7162	0.0825083	45.3608
5.8594	36.7987	0	45.3608
5.8605	36.7987	0.0825083	45.3608
5.92096	36.8812	0	45.3608
5.92234	36.9224	0.0825083	45.3608
5.93999	37.005	0	45.3608
5.95783	37.005	0	45.8763
5.95806	37.0462	0.0825083	45.8763
5.96889	37.1287	0	45.8763
5.97065	37.1287	0.165017	45.8763
5.97475	37.2112	0.0825083	45.8763
5.97496	37.2525	0.165017	45.8763
5.97895	37.335	0.0825083	45.8763
5.98353	37.4175	0	45.8763
5.98734	37.4587	0.0825083	45.8763
6.02376	37.5413	0	45.8763
6.02495	37.5413	0.0825083	45.8763
6.058	37.6238	0	45.8763
6.05863	37.665	0.0825083	45.8763
6.06229	37.7475	0	45.8763
6.06348	37.7475	0.165017	45.8763
6.06555	37.83	0.0825083	45.8763
6.10552	37.9125	0	45.8763
6.1069	37.9125	0.165017	45.8763
6.10851	37.995	0.0825083	45.8763
6.12252	38.0776	0	45.8763
6.12402	38.1188	0.0825083	45.8763
6.13358	38.2013	0	45.8763
6.20046	38.2013	0	46.3918
6.20225	38.2426	0.0825083	46.3918
6.20482	38.3251	0	46.3918
6.20594	38.3251	0.165017	46.3918
6.21003	38.4076	0.0825083	46.3918
6.23409	38.4901	0	46.3918
6.24691	38.4901	0	46.9072
6.24698	38.4901	0.165017	46.9072
6.24711	38.5726	0.0825083	46.9072
6.25168	38.6551	0	46.9072
6.25282	38.6551	0.165017	46.9072
6.25395	38.7376	0.0825083	46.9072
6.26896	38.8201	0	46.9072
6.27017	38.8614	0.0825083	46.9072
6.27327	38.9026	0.165017	46.9072
6.27517	38.9851	0.0825083	46.9072
6.29774	39.0677	0	46.9072
6.30583	39.0677	0	47.9381
6.30633	39.0677	0.165017	47.9381
6.30825	39.1502	0.0825083	47.9381
6.32845	39.2327	0	47.9381
6.32876	39.2327	0.165017	47.9381
6.33008	39.3152	0.0825083	47.9381
6.35219	39.3977	0	47.9381
6.3539	39.3977	0.0825083	47.9381
6.37444	39.4802	0	47.9381
6.37623	39.5215	0.0825083	47.9381
6.40717	39.604	0	47.9381
6.40931	39.604	0.165017	47.9381
6.41005	39.6865	0.0825083	47.9381
6.43325	39.769	0	47.9381
6.43407	39.769	0.0825083	47.9381
6.4374	39.8515	0	47.9381
6.43778	39.8927	0.0825083	47.9381
6.47861	39.9752	0	47.9381
6.48244	40.0165	0.0825083	47.9381
6.49368	40.099	0	47.9381
6.49677	40.1403	0.0825083	47.9381
6.49962	40.1815	0.165017	47.9381
6.50429	40.264	0.0825083	47.9381
6.5134	40.3465	0	47.9381
6.51403	40.3465	0.0825083	47.9381
6.51674	40.429	0	47.9381
6.51806	40.4703	0.0825083	47.9381
6.53629	40.5528	0	47.9381
6.53695	40.5528	0.165017	47.9381
6.53729	40.6353	0.0825083	47.9381
6.56047	40.7178	0	47.9381
6.56533	40.7178	0	48.9691
6.56536	40.7591	0.0825083	48.9691
6.59213	40.8416	0	48.9691
6.59247	40.8416	0.165017	48.9691
6.59399	40.9241	0.0825083	48.9691
6.6086	41.0066	0	48.9691
6.60955	41.0066	0.165017	48.9691
6.61221	41.0891	0.0825083	48.9691
6.64214	41.1716	0	48.9691
6.64784	41.2129	0.0825083	48.9691
6.65463	41.2954	0	48.9691
6.65565	41.3366	0.0825083	48.9691
6.67212	41.4191	0	48.9691
6.67474	41.4604	0.0825083	48.9691
6.6998	41.5429	0	48.9691
6.70192	41.5842	0.0825083	48.9691
6.70852	41.6667	0	48.9691
6.74472	41.6667	0	50
6.74555	41.6667	0.165017	50
6.74571	41.7492	0.0825083	50
6.74651	41.8317	0	50
6.75314	41.8317	0	50
6.77611	41.8317	0	50.5155
6.77887	41.8729	0.0825083	50.5155
6.7915	41.9554	0	50.5155
6.79193	41.9554	0.165017	50.5155
6.79226	42.038	0.0825083	50.5155
6.84395	42.1205	0	50.5155
6.8443	42.1205	0.0825083	50.5155
6.89511	42.203	0	50.5155
6.89557	42.2442	0.0825083	50.5155
6.90189	42.3267	0	50.5155
6.90189	42.3267	0.165017	50.5155
6.90197	42.4092	0.0825083	50.5155
6.96801	42.4917	0	50.5155
6.96898	42.533	0.0825083	50.5155
6.97069	42.533	0.165017	50.5155
6.97198	42.533	0.165017	51.0309
6.97464	42.6155	0.0825083	51.0309
6.97484	42.6568	0.165017	51.0309
6.97528	42.7393	0.0825083	51.0309
6.98565	42.8218	0	51.0309
6.98632	42.863	0.0825083	51.0309
6.99852	42.9455	0	51.0309
6.99922	42.9455	0.165017	51.0309
6.99958	43.0281	0.0825083	51.0309
7.00068	43.1106	0	51.0309
7.00185	43.1518	0.0825083	51.0309
7.00699	43.2343	0	51.0309
7.04675	43.2343	0	51.5464
7.04686	43.2343	0.165017	51.5464
7.04815	43.3168	0.0825083	51.5464
7.04857	43.3168	0.247525	51.5464
7.04984	43.3993	0.165017	51.5464
7.05064	43.4818	0.0825083	51.5464
7.07394	43.5644	0	51.5464
7.07418	43.6056	0.0825083	51.5464
7.11775	43.6881	0	51.5464
7.12095	43.7294	0.0825083	51.5464
7.12108	43.7294	0.165017	51.5464
7.12369	43.8119	0.0825083	51.5464
7.12888	43.8944	0	51.5464
7.13479	43.8944	0	52.5773
7.13682	43.8944	0	53.0928
7.1378	43.8944	0.0825083	53.0928
7.13984	43.9769	0	53.0928
7.14321	43.9769	0.165017	53.0928
7.14342	44.0594	0.0825083	53.0928
7.14409	44.1419	0	53.0928
7.14668	44.1832	0.0825083	53.0928
7.24539	44.2657	0	53.0928
7.24563	44.2657	0.165017	53.0928
7.24563	44.2657	0.330033	53.0928
7.24576	44.3482	0.247525	53.0928
7.24711	44.4307	0.165017	53.0928
7.25604	44.5132	0.0825083	53.0928
7.27788	44.5957	0	53.0928
7.29833	44.5957	0	53.6082
7.33613	44.5957	0	54.6392
7.35178	44.5957	0	55.1546
7.35434	44.5957	0.0825083	55.1546
7.37748	44.6782	0	55.1546
7.37759	44.6782	0.165017	55.1546
7.3778	44.7607	0.0825083	55.1546
7.37781	44.7607	0.247525	55.1546
7.37799	44.8432	0.165017	55.1546
7.37884	44.9257	0.0825083	55.1546
7.38425	45.0083	0	55.1546
7.39156	45.0495	0.0825083	55.1546
7.41076	45.132	0	55.1546
7.41093	45.1733	0.0825083	55.1546
7.41443	45.2558	0	55.1546
7.41462	45.297	0.0825083	55.1546
7.47555	45.3795	0	55.1546
7.47754	45.3795	0.165017	55.1546
7.47939	45.462	0.0825083	55.1546
7.47998	45.5033	0.165017	55.1546
7.48015	45.5446	0.247525	55.1546
7.48065	45.6271	0.165017	55.1546
7.48253	45.7096	0.0825083	55.1546
7.54068	45.7921	0	55.1546
7.54151	45.8333	0.0825083	55.1546
7.5457	45.9158	0	55.1546
7.54583	45.9158	0.165017	55.1546
7.54702	45.9983	0.0825083	55.1546
7.62366	46.0809	0	55.1546
7.6254	46.0809	0.165017	55.1546
7.62871	46.1634	0.0825083	55.1546
7.63088	46.2459	0	55.1546
7.65018	46.2459	0	56.1856
7.65052	46.2459	0.165017	56.1856
7.65242	46.3284	0.0825083	56.1856
7.68581	46.4109	0	56.1856
7.6875	46.4521	0.0825083	56.1856
7.69541	46.5347	0	56.1856
7.69648	46.5347	0.0825083	56.1856
7.72181	46.6172	0	56.1856
7.72273	46.6172	0.165017	56.1856
7.72616	46.6997	0.0825083	56.1856
7.74511	46.7822	0	56.1856
7.751	46.7822	0	56.701
7.78613	46.7822	0	57.2165
7.78648	46.7822	0	57.732
7.78809	46.8234	0.0825083	57.732
7.798	46.9059	0	57.732
7.80063	46.9472	0.0825083	57.732
7.81498	47.0297	0	57.732
7.81518	47.071	0.0825083	57.732
7.82303	47.1535	0	57.732
7.82341	47.1535	0.165017	57.732
7.82452	47.236	0.0825083	57.732
7.82477	47.3185	0	57.732
7.82554	47.3185	0.0825083	57.732
7.87645	47.401	0	57.732
7.87755	47.401	0.165017	57.732
7.87789	47.4835	0.0825083	57.732
7.90016	47.566	0	57.732
7.9003	47.566	0.165017	57.732
7.90138	47.6485	0.0825083	57.732
7.94905	47.731	0	57.732
7.94931	47.731	0.165017	57.732
7.95141	47.8135	0.0825083	57.732
7.96514	47.896	0	57.732
7.97337	47.896	0	58.7629
8.03857	47.896	0	59.7938
8.04163	47.9373	0.0825083	59.7938
8.06546	48.0198	0	59.7938
8.06596	48.0611	0.0825083	59.7938
8.0869	48.1436	0	59.7938
8.09206	48.1436	0	60.8247
8.12646	48.1436	0	61.8557
8.12816	48.1848	0.0825083	61.8557
8.13471	48.2673	0	61.8557
8.13487	48.3086	0.0825083	61.8557
8.16017	48.3911	0	61.8557
8.16508	48.3911	0.0825083	61.8557
8.1663	48.4736	0	61.8557
8.18919	48.4736	0	62.8866
8.19033	48.5149	0.0825083	62.8866
8.26936	48.5974	0	62.8866
8.27008	48.6386	0.0825083	62.8866
8.27012	48.6799	0.165017	62.8866
8.27113	48.7624	0.0825083	62.8866
8.2714	48.8449	0	62.8866
8.31159	48.8449	0	63.4021
8.31208	48.8861	0.0825083	63.4021
8.35659	48.9686	0	63.4021
8.37475	48.9686	0	63.9175
8.37745	49.0099	0.0825083	63.9175
8.38252	49.0924	0	63.9175
8.39674	49.0924	0	64.433
8.39734	49.0924	0.165017	64.433
8.4001	49.1749	0.0825083	64.433
8.40075	49.2574	0	64.433
8.40304	49.2574	0.0825083	64.433
8.40681	49.3399	0	64.433
8.40754	49.3399	0.165017	64.433
8.40855	49.4224	0.0825083	64.433
8.42943	49.505	0	64.433
8.43546	49.5462	0.0825083	64.433
8.44782	49.6287	0	64.433
8.46171	49.6287	0	65.4639
8.48862	49.6287	0	65.9794
8.48904	49.6287	0.165017	65.9794
8.49329	49.7112	0.0825083	65.9794
8.49565	49.7937	0	65.9794
8.51941	49.7937	0	65.9794
8.51967	49.835	0.0825083	65.9794
8.55812	49.9175	0	65.9794
8.55842	49.9587	0.0825083	65.9794
8.5643	50.0413	0	65.9794
8.56518	50.0825	0.0825083	65.9794
8.58488	50.165	0	65.9794
8.5864	50.2063	0.0825083	65.9794
8.58737	50.2888	0	65.9794
8.58779	50.2888	0.165017	65.9794
8.58998	50.3713	0.0825083	65.9794
8.67006	50.4538	0	65.9794
8.71854	50.4538	0	66.4948
8.72059	50.495	0.0825083	66.4948
8.74732	50.5776	0	66.4948
8.74819	50.5776	0.165017	66.4948
8.74947	50.6601	0.0825083	66.4948
8.80236	50.7426	0	66.4948
8.80476	50.7838	0.0825083	66.4948
8.80779	50.8663	0	66.4948
8.8082	50.9076	0.0825083	66.4948
8.81208	50.9901	0	66.4948
8.81357	50.9901	0.165017	66.4948
8.81814	51.0726	0.0825083	66.4948
8.84326	51.1551	0	66.4948
8.84375	51.1964	0.0825083	66.4948
8.84511	51.1964	0.247525	66.4948
8.84609	51.2789	0.165017	66.4948
8.84656	51.3614	0.0825083	66.4948
8.88806	51.4439	0	66.4948
8.89021	51.4851	0.0825083	66.4948
8.92089	51.5677	0	66.4948
8.92196	51.6089	0.0825083	66.4948
8.93134	51.6914	0	66.4948
8.93196	51.6914	0.165017	66.4948
8.93319	51.7739	0.0825083	66.4948
8.98173	51.8564	0	66.4948
8.9828	51.8977	0.0825083	66.4948
9.04183	51.9802	0	66.4948
9.04267	51.9802	0.0825083	66.4948
9.05884	52.0627	0	66.4948
9.05931	52.0627	0.165017	66.4948
9.06101	52.1452	0.0825083	66.4948
9.09455	52.2277	0	66.4948
9.09883	52.269	0.0825083	66.4948
9.23385	52.3515	0	66.4948
9.23434	52.3515	0.165017	66.4948
9.23682	52.434	0.0825083	66.4948
9.24024	52.5165	0	66.4948
9.24347	52.5578	0.0825083	66.4948
9.2536	52.6403	0	66.4948
9.25686	52.6815	0.0825083	66.4948
9.36219	52.764	0	66.4948
9.36637	52.8053	0.0825083	66.4948
9.43784	52.8878	0	66.4948
9.44463	52.929	0.0825083	66.4948
9.49095	53.0116	0	66.4948
9.49583	53.0528	0.0825083	66.4948
9.51916	53.1353	0	66.4948
9.51924	53.1353	0.0825083	66.4948
9.54415	53.2178	0	66.4948
9.5454	53.2591	0.0825083	66.4948
9.54595	53.3003	0.165017	66.4948
9.5464	53.3828	0.0825083	66.4948
9.59376	53.4653	0	66.4948
9.59736	53.5066	0.0825083	66.4948
9.63823	53.5891	0	66.4948
9.64679	53.5891	0	67.5258
9.64783	53.6304	0.0825083	67.5258
9.64997	53.6716	0.165017	67.5258
9.65009	53.7541	0.0825083	67.5258
9.66145	53.8366	0	67.5258
9.66165	53.8779	0.0825083	67.5258
9.68122	53.9604	0	67.5258
9.78811	53.9604	0	68.0412
9.79092	53.9604	0.0825083	68.0412
9.83376	54.0429	0	68.0412
9.8352	54.0842	0.0825083	68.0412
9.84095	54.1667	0	68.0412
9.84118	54.1667	0.165017	68.0412
9.84394	54.2492	0.0825083	68.0412
9.8662	54.3317	0	68.0412
9.86665	54.3317	0.165017	68.0412
9.86676	54.4142	0.0825083	68.0412
9.888	54.4967	0	68.0412
9.88804	54.4967	0.0825083	68.0412
9.8881	54.538	0.165017	68.0412
9.8885	54.6205	0.0825083	68.0412
9.9542	54.703	0	68.0412
9.95422	54.703	0.165017	68.0412
9.95678	54.7855	0.0825083	68.0412
9.96729	54.868	0	68.0412
9.97433	54.868	0	69.0722
9.97469	54.868	0.165017	69.0722
9.97962	54.9505	0.0825083	69.0722
9.99419	55.033	0	69.0722
9.99465	55.0743	0.0825083	69.0722
10.0378	55.1568	0	69.0722
10.0388	55.1568	0.165017	69.0722
10.0403	55.2393	0.0825083	69.0722
10.0752	55.3218	0	69.0722
10.0791	55.3218	0.0825083	69.0722
10.1082	55.4043	0	69.0722
10.1116	55.4455	0.0825083	69.0722
10.1211	55.5281	0	69.0722
10.1219	55.5693	0.0825083	69.0722
10.1664	55.6518	0	69.0722
10.1669	55.6931	0.0825083	69.0722
10.171	55.7756	0	69.0722
10.1749	55.7756	0	70.1031
10.2189	55.7756	0	70.6186
10.2192	55.8168	0.0825083	70.6186
10.2372	55.8993	0	70.6186
10.2405	55.9406	0.0825083	70.6186
10.298	56.0231	0	70.6186
10.3019	56.0231	0.0825083	70.6186
10.3034	56.0644	0.165017	70.6186
10.3034	56.1469	0.0825083	70.6186
10.3905	56.2294	0	70.6186
10.3919	56.2706	0.0825083	70.6186
10.3994	56.3531	0	70.6186
10.3995	56.3531	0.165017	70.6186
10.4016	56.4356	0.0825083	70.6186
10.4109	56.5182	0	70.6186
10.4136	56.5182	0.0825083	70.6186
10.4267	56.6007	0	70.6186
10.4271	56.6419	0.0825083	70.6186
10.4792	56.7244	0	70.6186
10.4817	56.7244	0.0825083	70.6186
10.4861	56.8069	0	70.6186
10.4868	56.8482	0.0825083	70.6186
10.5381	56.9307	0	70.6186
10.5498	56.9307	0	71.6495
10.5504	56.9719	0.0825083	71.6495
10.551	57.0545	0	71.6495
10.5532	57.0545	0.0825083	71.6495
10.5646	57.137	0	71.6495
10.5712	57.1782	0.0825083	71.6495
10.6348	57.2607	0	71.6495
10.6373	57.302	0.0825083	71.6495
10.6805	57.3845	0	71.6495
10.6825	57.4257	0.0825083	71.6495
10.6828	57.4257	0.247525	71.6495
10.6831	57.5083	0.165017	71.6495
10.684	57.5908	0.0825083	71.6495
10.7067	57.6733	0	71.6495
10.7083	57.7145	0.0825083	71.6495
10.7577	57.797	0	71.6495
10.7579	57.8383	0.0825083	71.6495
10.7645	57.9208	0	71.6495
10.7646	57.9208	0.165017	71.6495
10.7657	58.0033	0.0825083	71.6495
10.7825	58.0858	0	71.6495
10.7828	58.1271	0.0825083	71.6495
10.7859	58.2096	0	71.6495
10.7861	58.2508	0.0825083	71.6495
10.7868	58.2508	0.247525	71.6495
10.7925	58.3333	0.165017	71.6495
10.7943	58.4158	0.0825083	71.6495
10.8122	58.4983	0	71.6495
10.813	58.4983	0.0825083	71.6495
10.8147	58.4983	0.165017	71.6495
10.8164	58.5809	0.0825083	71.6495
10.8172	58.6634	0	71.6495
10.8178	58.7046	0.0825083	71.6495
10.8197	58.7459	0.165017	71.6495
10.8205	58.8284	0.0825083	71.6495
10.8212	58.8696	0.165017	71.6495
10.8236	58.9521	0.0825083	71.6495
10.8379	59.0347	0	71.6495
10.8381	59.0759	0.0825083	71.6495
10.849	59.1584	0	71.6495
10.8499	59.1997	0.0825083	71.6495
10.8901	59.2822	0	71.6495
10.891	59.3234	0.0825083	71.6495
10.9117	59.4059	0	71.6495
10.9117	59.4059	0.165017	71.6495
10.912	59.4884	0.0825083	71.6495
10.9223	59.571	0	71.6495
10.9433	59.571	0	72.1649
10.9448	59.6122	0.0825083	72.1649
10.9449	59.6947	0	72.1649
10.9461	59.736	0.0825083	72.1649
11.0155	59.8185	0	72.1649
11.0188	59.8597	0.0825083	72.1649
11.0814	59.9422	0	72.1649
11.1403	59.9422	0	72.6804
11.1416	59.9835	0.0825083	72.6804
11.146	60.066	0	72.6804
11.1811	60.066	0	73.7113
11.1833	60.1073	0.0825083	73.7113
11.2135	60.1898	0	73.7113
11.2163	60.1898	0.165017	73.7113
11.2201	60.2723	0.0825083	73.7113
11.3091	60.3548	0	73.7113
11.3095	60.396	0.0825083	73.7113
11.3566	60.4785	0	73.7113
11.357	60.5198	0.0825083	73.7113
11.4166	60.6023	0	73.7113
11.4169	60.6023	0.165017	73.7113
11.417	60.6848	0.0825083	73.7113
11.4177	60.7673	0	73.7113
11.4177	60.8086	0.0825083	73.7113
11.4449	60.8911	0	73.7113
11.446	60.9323	0.0825083	73.7113
11.4614	61.0149	0	73.7113
11.465	61.0561	0.0825083	73.7113
11.4923	61.1386	0	73.7113
11.493	61.1386	0.0825083	73.7113
11.5557	61.2211	0	73.7113
11.558	61.2211	0.165017	73.7113
11.5585	61.2211	0.165017	74.7423
11.5601	61.3036	0.0825083	74.7423
11.5821	61.3861	0	74.7423
11.5826	61.3861	0.165017	74.7423
11.5863	61.4686	0.0825083	74.7423
11.6346	61.5512	0	74.7423
11.6349	61.5924	0.0825083	74.7423
11.7794	61.6749	0	74.7423
11.7798	61.7162	0.0825083	74.7423
11.8079	61.7987	0	74.7423
11.808	61.7987	0.165017	74.7423
11.8101	61.8812	0.0825083	74.7423
11.944	61.9637	0	74.7423
11.9627	61.9637	0	75.2577
11.9632	62.005	0.0825083	75.2577
11.9821	62.0875	0	75.2577
11.9822	62.0875	0.165017	75.2577
11.9857	62.17	0.0825083	75.2577
11.9938	62.2525	0	75.2577
11.9941	62.2937	0.0825083	75.2577
12.1019	62.3762	0	75.2577
12.1021	62.3762	0.165017	75.2577
12.1025	62.4587	0.0825083	75.2577
12.1544	62.5413	0	75.2577
12.1546	62.5825	0.0825083	75.2577
12.1733	62.665	0	75.2577
12.1804	62.665	0	76.2887
12.1806	62.7063	0.0825083	76.2887
12.1905	62.7888	0	76.2887
12.1907	62.83	0.0825083	76.2887
12.2193	62.9125	0	76.2887
12.2196	62.9538	0.0825083	76.2887
12.2279	63.0363	0	76.2887
12.2297	63.0363	0.165017	76.2887
12.2299	63.1188	0.0825083	76.2887
12.2396	63.2013	0	76.2887
12.2397	63.2426	0.0825083	76.2887
12.2487	63.3251	0	76.2887
12.2507	63.3251	0.0825083	76.2887
12.3293	63.4076	0	76.2887
12.3317	63.4488	0.0825083	76.2887
12.4792	63.5314	0	76.2887
12.4825	63.5726	0.0825083	76.2887
12.4839	63.6139	0.165017	76.2887
12.4842	63.6964	0.0825083	76.2887
12.4851	63.7789	0	76.2887
12.4918	63.8201	0.0825083	76.2887
12.5146	63.9026	0	76.2887
12.515	63.9439	0.0825083	76.2887
12.517	64.0264	0	76.2887
12.518	64.0264	0.165017	76.2887
12.5188	64.1089	0.0825083	76.2887
12.5794	64.1914	0	76.2887
12.5796	64.2327	0.0825083	76.2887
12.6453	64.3152	0	76.2887
12.6454	64.3152	0.165017	76.2887
12.6457	64.3977	0.0825083	76.2887
12.7003	64.4802	0	76.2887
12.7015	64.4802	0.165017	76.2887
12.7017	64.5627	0.0825083	76.2887
12.7158	64.6452	0	76.2887
12.87	64.6452	0	76.8041
12.8707	64.6865	0.0825083	76.8041
12.8806	64.769	0	76.8041
12.8828	64.8102	0.0825083	76.8041
12.8901	64.8927	0	76.8041
12.892	64.934	0.0825083	76.8041
12.8929	65.0165	0	76.8041
12.8963	65.0578	0.0825083	76.8041
12.9583	65.1403	0	76.8041
12.9621	65.1815	0.0825083	76.8041
13.0286	65.264	0	76.8041
13.0294	65.264	0.165017	76.8041
13.0319	65.3465	0.0825083	76.8041
13.1025	65.429	0	76.8041
13.1033	65.4703	0.0825083	76.8041
13.1055	65.5528	0	76.8041
13.1102	65.5941	0.0825083	76.8041
13.1284	65.6766	0	76.8041
13.135	65.6766	0	77.8351
13.1438	65.7178	0.0825083	77.8351
13.1447	65.7178	0.0825083	78.3505
13.1534	65.8003	0	78.3505
13.1554	65.8416	0.0825083	78.3505
13.1962	65.9241	0	78.3505
13.1969	65.9241	0.0825083	78.3505
13.2106	66.0066	0	78.3505
13.2116	66.0066	0.165017	78.3505
13.2128	66.0891	0.0825083	78.3505
13.2215	66.1716	0	78.3505
13.2255	66.1716	0.0825083	78.3505
13.227	66.2541	0	78.3505
13.2273	66.2541	0.165017	78.3505
13.2276	66.3366	0.0825083	78.3505
13.2366	66.4191	0	78.3505
13.2403	66.4604	0.0825083	78.3505
13.3065	66.5429	0	78.3505
13.3067	66.5842	0.0825083	78.3505
13.3538	66.6667	0	78.3505
13.3608	66.7079	0.0825083	78.3505
13.3611	66.7492	0.165017	78.3505
13.3672	66.8317	0.0825083	78.3505
13.3878	66.9142	0	78.3505
13.3891	66.9554	0.0825083	78.3505
13.3992	67.038	0	78.3505
13.4004	67.038	0.165017	78.3505
13.4013	67.1205	0.0825083	78.3505
13.4406	67.203	0	78.3505
13.4452	67.2442	0.0825083	78.3505
13.4554	67.3267	0	78.3505
13.4569	67.3267	0.0825083	78.3505
13.4819	67.4092	0	78.3505
13.4822	67.4505	0.0825083	78.3505
13.5093	67.533	0	78.3505
13.5097	67.533	0.165017	78.3505
13.5158	67.6155	0.0825083	78.3505
13.526	67.698	0	78.3505
13.5262	67.698	0.165017	78.3505
13.5302	67.7805	0.0825083	78.3505
13.6028	67.863	0	78.3505
13.6036	67.863	0.165017	78.3505
13.6036	67.863	0.330033	78.3505
13.6057	67.9455	0.247525	78.3505
13.6061	68.0281	0.165017	78.3505
13.6114	68.1106	0.0825083	78.3505
13.6955	68.1931	0	78.3505
13.7843	68.1931	0	78.866
13.7868	68.2343	0.0825083	78.866
13.7888	68.3168	0	78.866
13.789	68.3581	0.0825083	78.866
13.8566	68.4406	0	78.866
13.8569	68.4406	0.165017	78.866
13.8605	68.5231	0.0825083	78.866
13.8757	68.6056	0	78.866
13.8783	68.6469	0.0825083	78.866
13.8978	68.7294	0	78.866
13.9053	68.7706	0.0825083	78.866
13.9212	68.8531	0	78.866
13.9225	68.8531	0.0825083	78.866
13.9372	68.9356	0	78.866
13.938	68.9769	0.0825083	78.866
14.0104	69.0594	0	78.866
14.0114	69.1007	0.0825083	78.866
14.0142	69.1832	0	78.866
14.0159	69.2244	0.0825083	78.866
14.0216	69.3069	0	78.866
14.0216	69.3069	0.165017	78.866
14.0217	69.3894	0.0825083	78.866
14.0365	69.4719	0	78.866
14.0372	69.5132	0.0825083	78.866
14.04	69.5957	0	78.866
14.0402	69.5957	0.165017	78.866
14.0441	69.6782	0.0825083	78.866
14.1128	69.7607	0	78.866
14.1433	69.7607	0	79.3814
14.2137	69.7607	0	79.8969
14.2145	69.7607	0.165017	79.8969
14.2161	69.8432	0.0825083	79.8969
14.2208	69.9257	0	79.8969
14.2234	69.967	0.0825083	79.8969
14.3783	70.0495	0	79.8969
14.3784	70.0908	0.0825083	79.8969
14.3789	70.0908	0.247525	79.8969
14.3796	70.1733	0.165017	79.8969
14.3825	70.2558	0.0825083	79.8969
14.4039	70.3383	0	79.8969
14.4041	70.3795	0.0825083	79.8969
14.4245	70.462	0	79.8969
14.4257	70.5033	0.0825083	79.8969
14.4411	70.5858	0	79.8969
14.4412	70.5858	0.165017	79.8969
14.4447	70.6683	0.0825083	79.8969
14.527	70.7508	0	79.8969
14.5283	70.7508	0	80.9278
14.5288	70.7508	0.165017	80.9278
14.529	70.8333	0.0825083	80.9278
14.548	70.9158	0	80.9278
14.5498	70.9158	0.165017	80.9278
14.5499	70.9984	0.0825083	80.9278
14.598	71.0809	0	80.9278
14.5989	71.1221	0.0825083	80.9278
14.6632	71.2046	0	80.9278
14.6641	71.2459	0.0825083	80.9278
14.6731	71.3284	0	80.9278
14.6756	71.3284	0.165017	80.9278
14.6789	71.4109	0.0825083	80.9278
14.6802	71.4109	0.247525	80.9278
14.6805	71.4934	0.165017	80.9278
14.8082	71.5759	0.0825083	80.9278
14.8083	71.5759	0.247525	80.9278
14.8121	71.6584	0.165017	80.9278
14.8191	71.7409	0.0825083	80.9278
14.8283	71.7409	0.0825083	81.9588
14.8294	71.7822	0.165017	81.9588
14.8721	71.8647	0.0825083	81.9588
14.8732	71.9059	0.165017	81.9588
14.8915	71.9884	0.0825083	81.9588
14.8926	71.9884	0.165017	81.9588
14.91	72.071	0.0825083	81.9588
14.9134	72.1122	0.165017	81.9588
15.0214	72.1947	0.0825083	81.9588
15.0218	72.236	0.165017	81.9588
15.024	72.3185	0.0825083	81.9588
15.026	72.3597	0.165017	81.9588
15.0304	72.4422	0.0825083	81.9588
15.0304	72.4835	0.165017	81.9588
15.2664	72.566	0.0825083	81.9588
15.2673	72.566	0.247525	81.9588
15.2687	72.6485	0.165017	81.9588
15.2739	72.731	0.0825083	81.9588
15.2742	72.7723	0.165017	81.9588
15.2793	72.8548	0.0825083	81.9588
15.3076	72.9373	0	81.9588
15.3076	72.9785	0.0825083	81.9588
15.3229	73.0611	0	81.9588
15.325	73.1023	0.0825083	81.9588
15.5318	73.1848	0	81.9588
15.533	73.1848	0.165017	81.9588
15.5336	73.2673	0.0825083	81.9588
15.5678	73.3498	0	81.9588
15.5679	73.3911	0.0825083	81.9588
15.5742	73.4736	0	81.9588
15.5746	73.4736	0.165017	81.9588
15.5749	73.5561	0.0825083	81.9588
15.5868	73.6386	0	81.9588
15.5883	73.6799	0.0825083	81.9588
15.6259	73.7624	0	81.9588
15.629	73.8036	0.0825083	81.9588
15.6296	73.8036	0.247525	81.9588
15.6327	73.8861	0.165017	81.9588
15.6337	73.9686	0.0825083	81.9588
15.6353	74.0512	0	81.9588
15.6353	74.0512	0.165017	81.9588
15.639	74.1337	0.0825083	81.9588
15.6927	74.2162	0	81.9588
15.7638	74.2162	0	82.9897
15.7826	74.2162	0	83.5052
15.7854	74.2574	0.0825083	83.5052
15.7959	74.3399	0	83.5052
15.8329	74.3399	0	84.5361
15.8333	74.3812	0.0825083	84.5361
15.8427	74.4637	0	84.5361
15.8472	74.4637	0.0825083	84.5361
15.8478	74.5462	0	84.5361
15.8537	74.5875	0.0825083	84.5361
15.8617	74.67	0	84.5361
15.8628	74.7112	0.0825083	84.5361
15.8914	74.7937	0	84.5361
15.8922	74.835	0.0825083	84.5361
15.9199	74.9175	0	84.5361
15.9216	74.9175	0.0825083	84.5361
15.9786	75	0	84.5361
15.9805	75	0.0825083	84.5361
16.1608	75.0825	0	84.5361
16.162	75.1238	0.0825083	84.5361
16.2254	75.2063	0	84.5361
16.2256	75.2475	0.0825083	84.5361
16.2588	75.33	0	84.5361
16.261	75.3713	0.0825083	84.5361
16.2809	75.4538	0	84.5361
16.2813	75.4538	0.165017	84.5361
16.2828	75.5363	0.0825083	84.5361
16.3044	75.6188	0	84.5361
16.3046	75.6601	0.0825083	84.5361
16.3154	75.7426	0	84.5361
16.3154	75.7426	0.0825083	84.5361
16.3321	75.8251	0	84.5361
16.3324	75.8251	0.165017	84.5361
16.3357	75.9076	0.0825083	84.5361
16.3444	75.9901	0	84.5361
16.345	76.0314	0.0825083	84.5361
16.4006	76.1139	0	84.5361
16.403	76.1551	0.0825083	84.5361
16.5254	76.2376	0	84.5361
16.526	76.2376	0.165017	84.5361
16.5269	76.3201	0.0825083	84.5361
16.5272	76.3614	0.165017	84.5361
16.5347	76.4439	0.0825083	84.5361
16.5553	76.5264	0	84.5361
16.5555	76.5677	0.0825083	84.5361
16.6235	76.6502	0	84.5361
16.6262	76.6914	0.0825083	84.5361
16.6676	76.7739	0	84.5361
16.6695	76.7739	0.165017	84.5361
16.6707	76.8564	0.0825083	84.5361
16.7263	76.9389	0	84.5361
16.7276	76.9802	0.0825083	84.5361
16.7662	77.0627	0	84.5361
16.7682	77.104	0.0825083	84.5361
16.7733	77.1865	0	84.5361
16.7736	77.2277	0.0825083	84.5361
16.7836	77.3102	0	84.5361
16.784	77.3102	0.165017	84.5361
16.7843	77.3927	0.0825083	84.5361
16.8	77.4753	0	84.5361
16.8233	77.4753	0	85.567
16.8544	77.4753	0	86.0825
16.8555	77.5165	0.0825083	86.0825
16.9015	77.599	0	86.0825
16.9017	77.599	0.0825083	86.0825
16.9029	77.6815	0	86.0825
16.9034	77.7228	0.0825083	86.0825
17.0938	77.8053	0	86.0825
17.0943	77.8053	0.165017	86.0825
17.1012	77.8878	0.0825083	86.0825
17.1092	77.9703	0	86.0825
17.1122	78.0116	0.0825083	86.0825
17.1689	78.0941	0	86.0825
17.1692	78.0941	0.165017	86.0825
17.1711	78.1766	0.0825083	86.0825
17.2379	78.2591	0	86.0825
17.2381	78.3003	0.0825083	86.0825
17.3206	78.3828	0	86.0825
17.3206	78.3828	0.0825083	86.0825
17.3304	78.4653	0	86.0825
17.3329	78.5066	0.0825083	86.0825
17.3491	78.5891	0	86.0825
17.3503	78.5891	0.165017	86.0825
17.3503	78.6716	0.0825083	86.0825
17.3668	78.7541	0	86.0825
17.3699	78.7954	0.0825083	86.0825
17.393	78.8779	0	86.0825
17.3933	78.9191	0.0825083	86.0825
17.4652	79.0016	0	86.0825
17.4675	79.0016	0.0825083	86.0825
17.521	79.0842	0	86.0825
17.5213	79.0842	0.165017	86.0825
17.5229	79.1667	0.0825083	86.0825
17.5236	79.2492	0	86.0825
17.5243	79.2904	0.0825083	86.0825
17.5354	79.3729	0	86.0825
17.537	79.4142	0.0825083	86.0825
17.5717	79.4967	0	86.0825
18.075	79.4967	0	87.1134
18.0757	79.4967	0.165017	87.1134
18.0762	79.5792	0.0825083	87.1134
18.1226	79.6617	0	87.1134
18.1322	79.703	0.0825083	87.1134
18.2953	79.7855	0	87.1134
18.2958	79.8267	0.0825083	87.1134
18.3971	79.9092	0	87.1134
18.4457	79.9092	0	88.1443
18.4474	79.9092	0.0825083	88.1443
18.4939	79.9918	0	88.1443
18.4973	80.033	0.0825083	88.1443
18.533	80.1155	0	88.1443
18.5354	80.1568	0.0825083	88.1443
18.5807	80.2393	0	88.1443
18.5813	80.2805	0.0825083	88.1443
18.6268	80.363	0	88.1443
18.6326	80.363	0.0825083	88.1443
18.6626	80.4455	0	88.1443
18.6627	80.4455	0.0825083	88.1443
18.6797	80.5281	0	88.1443
18.8228	80.5281	0	88.6598
18.823	80.5693	0.0825083	88.6598
18.873	80.6518	0	88.6598
18.8759	80.6931	0.0825083	88.6598
18.9327	80.7756	0	88.6598
18.933	80.8168	0.0825083	88.6598
19.011	80.8993	0	88.6598
19.0115	80.8993	0.165017	88.6598
19.0144	80.9818	0.0825083	88.6598
19.0783	81.0644	0	88.6598
19.0818	81.1056	0.0825083	88.6598
19.0976	81.1881	0	88.6598
19.098	81.1881	0.165017	88.6598
19.1004	81.2706	0.0825083	88.6598
19.2024	81.3531	0	88.6598
19.3338	81.3531	0	89.6907
19.4224	81.3531	0	90.7216
19.5079	81.3531	0	91.7526
19.508	81.3944	0.0825083	91.7526
19.6787	81.4769	0	91.7526
19.6788	81.4769	0.165017	91.7526
19.6801	81.5594	0.0825083	91.7526
19.7417	81.6419	0	91.7526
19.7417	81.6832	0.0825083	91.7526
19.7936	81.7657	0	91.7526
19.7937	81.8069	0.0825083	91.7526
19.8296	81.8894	0	91.7526
19.8339	81.9307	0.0825083	91.7526
19.8599	82.0132	0	91.7526
19.8609	82.0545	0.0825083	91.7526
19.9037	82.137	0	91.7526
19.9048	82.137	0.165017	91.7526
19.9062	82.2195	0.0825083	91.7526
20.0691	82.302	0	91.7526
20.0709	82.3432	0.0825083	91.7526
20.1395	82.4257	0	91.7526
20.142	82.467	0.0825083	91.7526
20.2127	82.5495	0	91.7526
20.2154	82.5908	0.0825083	91.7526
20.2492	82.6733	0	91.7526
20.25	82.6733	0.0825083	91.7526
20.4243	82.7558	0	91.7526
20.4251	82.7558	0.165017	91.7526
20.4256	82.8383	0.0825083	91.7526
20.4345	82.9208	0	91.7526
20.4353	82.962	0.0825083	91.7526
20.4532	83.0446	0	91.7526
20.4554	83.0858	0.0825083	91.7526
20.527	83.1683	0	91.7526
20.527	83.2096	0.0825083	91.7526
20.8567	83.2921	0	91.7526
20.86	83.3333	0.0825083	91.7526
20.8601	83.4158	0	91.7526
20.8631	83.4571	0.0825083	91.7526
20.896	83.5396	0	91.7526
20.9356	83.5396	0	92.7835
20.9361	83.5809	0.0825083	92.7835
21.0073	83.6634	0	92.7835
21.0084	83.7046	0.0825083	92.7835
21.0506	83.7871	0	92.7835
21.0795	83.7871	0	93.8144
21.1942	83.7871	0	94.8454
21.1952	83.8284	0.0825083	94.8454
21.2372	83.9109	0	94.8454
21.2393	83.9521	0.0825083	94.8454
21.389	84.0347	0	94.8454
21.39	84.0347	0.0825083	94.8454
21.5443	84.1172	0	94.8454
21.5445	84.1584	0.0825083	94.8454
21.7191	84.2409	0	94.8454
21.7205	84.2822	0.0825083	94.8454
21.7264	84.3647	0	94.8454
21.7634	84.3647	0	95.8763
21.765	84.4059	0.0825083	95.8763
21.8618	84.4884	0	95.8763
21.8618	84.4884	0.165017	95.8763
21.862	84.571	0.0825083	95.8763
21.9163	84.6535	0	95.8763
21.9189	84.6535	0.165017	95.8763
21.9194	84.736	0.0825083	95.8763
22.1526	84.8185	0	95.8763
22.154	84.8597	0.0825083	95.8763
22.2332	84.9422	0	95.8763
22.2338	84.9835	0.0825083	95.8763
22.2501	85.066	0	95.8763
22.2506	85.066	0.0825083	95.8763
22.451	85.1485	0	95.8763
22.4512	85.1898	0.0825083	95.8763
22.5428	85.2723	0	95.8763
22.5431	85.2723	0.0825083	95.8763
22.566	85.3548	0	95.8763
22.5663	85.396	0.0825083	95.8763
22.781	85.4785	0	95.8763
22.7836	85.5198	0.0825083	95.8763
22.8787	85.6023	0	95.8763
22.8795	85.6436	0.0825083	95.8763
22.9832	85.7261	0	95.8763
22.9844	85.7261	0.165017	95.8763
22.9859	85.8086	0.0825083	95.8763
23.0953	85.8911	0	95.8763
23.0968	85.9323	0.0825083	95.8763
23.1003	86.0149	0	95.8763
23.1034	86.0561	0.0825083	95.8763
23.2421	86.1386	0	95.8763
23.2431	86.1799	0.0825083	95.8763
23.2826	86.2624	0	95.8763
23.2828	86.3036	0.0825083	95.8763
23.6445	86.3861	0	95.8763
23.6451	86.4274	0.0825083	95.8763
23.6737	86.5099	0	95.8763
23.6742	86.5512	0.0825083	95.8763
23.749	86.6337	0	95.8763
23.7491	86.6749	0.0825083	95.8763
23.7573	86.7574	0	95.8763
23.7584	86.7987	0.0825083	95.8763
23.7835	86.8812	0	95.8763
23.7888	86.8812	0.165017	95.8763
23.7894	86.9637	0.0825083	95.8763
23.8815	87.0462	0	95.8763
23.8823	87.0462	0.0825083	95.8763
23.9399	87.1287	0	95.8763
23.9405	87.17	0.0825083	95.8763
23.9843	87.2525	0	95.8763
23.9868	87.2937	0.0825083	95.8763
24.0629	87.3762	0	95.8763
24.0657	87.4175	0.0825083	95.8763
24.3606	87.5	0	95.8763
24.3611	87.5	0.0825083	95.8763
24.7699	87.5825	0	95.8763
24.7721	87.5825	0.0825083	95.8763
24.7841	87.665	0	95.8763
24.7857	87.7063	0.0825083	95.8763
25.0924	87.7888	0	95.8763
25.0951	87.7888	0.165017	95.8763
25.0958	87.8713	0.0825083	95.8763
25.169	87.9538	0	95.8763
25.1724	87.995	0.0825083	95.8763
25.3069	88.0776	0	95.8763
25.31	88.1188	0.0825083	95.8763
25.3734	88.2013	0	95.8763
25.3737	88.2426	0.0825083	95.8763
25.4656	88.3251	0	95.8763
25.4664	88.3251	0.165017	95.8763
25.4704	88.4076	0.0825083	95.8763
25.6085	88.4901	0	95.8763
25.6105	88.4901	0.0825083	95.8763
25.9096	88.5726	0	95.8763
25.9096	88.5726	0.165017	95.8763
25.9103	88.6551	0.0825083	95.8763
26.1158	88.7376	0	95.8763
26.1183	88.7789	0.0825083	95.8763
26.1474	88.8614	0	95.8763
26.1487	88.9026	0.0825083	95.8763
26.2244	88.9851	0	95.8763
26.2247	89.0264	0.0825083	95.8763
26.476	89.1089	0	95.8763
26.4767	89.1089	0.165017	95.8763
26.4786	89.1914	0.0825083	95.8763
26.6698	89.2739	0	95.8763
26.6731	89.3152	0.0825083	95.8763
26.7139	89.3977	0	95.8763
26.716	89.4389	0.0825083	95.8763
26.7409	89.5215	0	95.8763
26.741	89.5215	0.0825083	95.8763
26.8446	89.604	0	95.8763
26.8448	89.6452	0.0825083	95.8763
26.9165	89.7277	0	95.8763
26.9192	89.7277	0.0825083	95.8763
26.9524	89.8102	0	95.8763
26.9575	89.8515	0.0825083	95.8763
27.1012	89.934	0	95.8763
27.1015	89.9753	0.0825083	95.8763
27.1306	90.0578	0	95.8763
27.1344	90.099	0.0825083	95.8763
27.5804	90.1815	0	95.8763
27.5814	90.2228	0.0825083	95.8763
27.6325	90.3053	0	95.8763
27.6357	90.3053	0.0825083	95.8763
27.9455	90.3878	0	95.8763
27.9494	90.429	0.0825083	95.8763
27.9854	90.5116	0	95.8763
27.9859	90.5116	0.0825083	95.8763
28.1123	90.5941	0	95.8763
28.115	90.5941	0.0825083	95.8763
28.2934	90.6766	0	95.8763
28.2977	90.7178	0.0825083	95.8763
28.3534	90.8003	0	95.8763
28.3548	90.8416	0.0825083	95.8763
28.4374	90.9241	0	95.8763
28.563	90.9653	0.0825083	95.8763
28.8497	91.0479	0	95.8763
28.8519	91.0891	0.0825083	95.8763
28.8524	91.1304	0.165017	95.8763
28.8528	91.2129	0.0825083	95.8763
28.9453	91.2954	0	95.8763
28.9453	91.2954	0.165017	95.8763
28.951	91.3779	0.0825083	95.8763
29.3252	91.4604	0	95.8763
29.4196	91.4604	0	96.9072
29.4207	91.5016	0.0825083	96.9072
29.8724	91.5842	0	96.9072
29.8767	91.6254	0.0825083	96.9072
30.4357	91.7079	0	96.9072
30.4371	91.7492	0.0825083	96.9072
30.488	91.8317	0	96.9072
30.4884	91.8729	0.0825083	96.9072
31.1714	91.9554	0	96.9072
31.1726	91.9967	0.0825083	96.9072
32.1831	92.0792	0	96.9072
32.1845	92.1205	0.0825083	96.9072
32.3406	92.203	0	96.9072
32.3409	92.203	0.165017	96.9072
32.3484	92.2855	0.0825083	96.9072
33.7412	92.368	0	96.9072
33.7417	92.368	0.165017	96.9072
33.7471	92.4505	0.0825083	96.9072
33.7681	92.533	0	96.9072
33.7685	92.5743	0.0825083	96.9072
34.3449	92.6568	0	96.9072
34.3449	92.6568	0.165017	96.9072
34.3467	92.7393	0.0825083	96.9072
34.6234	92.8218	0	96.9072
34.9119	92.8218	0	97.9381
34.9133	92.8218	0.165017	97.9381
34.9136	92.9043	0.0825083	97.9381
35.6716	92.9868	0	97.9381
35.6763	93.0281	0.0825083	97.9381
36.0578	93.1106	0	97.9381
36.0619	93.1518	0.0825083	97.9381
36.757	93.2343	0	97.9381
36.7573	93.2343	0.0825083	97.9381
37.1412	93.3168	0	97.9381
37.1466	93.3581	0.0825083	97.9381
37.2016	93.4406	0	97.9381
37.2044	93.4818	0.0825083	97.9381
37.5155	93.5644	0	97.9381
37.516	93.5644	0.0825083	97.9381
37.6623	93.6469	0	97.9381
37.6682	93.6881	0.0825083	97.9381
37.9382	93.7706	0	97.9381
37.9413	93.8119	0.0825083	97.9381
39.7295	93.8944	0	97.9381
39.73	93.8944	0.165017	97.9381
39.7307	93.9769	0.0825083	97.9381
40.0473	94.0594	0	97.9381
40.0482	94.1007	0.0825083	97.9381
40.6359	94.1832	0	97.9381
40.6396	94.2244	0.0825083	97.9381
40.8096	94.3069	0	97.9381
40.811	94.3069	0.165017	97.9381
40.8147	94.3894	0.0825083	97.9381
41.4303	94.4719	0	97.9381
41.4395	94.5132	0.0825083	97.9381
41.4934	94.5957	0	97.9381
41.4934	94.637	0.0825083	97.9381
41.5069	94.7195	0	97.9381
41.51	94.7607	0.0825083	97.9381
41.7936	94.8432	0	97.9381
41.7976	94.8845	0.0825083	97.9381
43.0681	94.967	0	97.9381
43.0685	94.967	0.165017	97.9381
43.074	95.0495	0.0825083	97.9381
43.1896	95.132	0	97.9381
43.1899	95.132	0.0825083	97.9381
43.5427	95.2145	0	97.9381
43.543	95.2558	0.0825083	97.9381
44.5168	95.3383	0	97.9381
44.5174	95.3383	0.165017	97.9381
44.521	95.4208	0.0825083	97.9381
45.3013	95.5033	0	97.9381
45.3015	95.5446	0.0825083	97.9381
46.2696	95.6271	0	97.9381
46.2724	95.6683	0.0825083	97.9381
58.336	95.7508	0	97.9381
58.3363	95.7508	0.165017	97.9381
58.3395	95.8333	0.0825083	97.9381
61.34	95.9158	0	97.9381
61.3403	95.9571	0.0825083	97.9381
72.8055	96.0396	0	97.9381
72.8065	96.0396	0.165017	97.9381
72.8089	96.1221	0.0825083	97.9381
77.4218	96.2046	0	97.9381
77.4236	96.2459	0.0825083	97.9381
123.565	96.3284	0	97.9381
123.566	96.3284	0.165017	97.9381
126.402	96.4109	0.0825083	97.9381
180.56	96.4934	0	97.9381
180.563	96.4934	0.0825083	97.9381
202.578	96.5759	0	97.9381
202.68	96.6172	0.0825083	97.9381
286.246	96.6997	0	97.9381
309.564	96.6997	0	98.9691
309.622	96.6997	0.165017	98.9691
310.023	96.7822	0.0825083	98.9691
581.449	96.8647	0	98.9691
581.48	96.9059	0.0825083	98.9691
629.227	96.9884	0	98.9691
629.228	96.9884	0.0825083	98.9691
750.507	97.071	0	98.9691
1321.82	97.071	0	100
1323.93	97.1122	0.0825083	100
1351.67	97.1947	0	100
1351.68	97.1947	0.0825083	100
1365.92	97.2772	0	100
1366.64	97.3185	0.0825083	100
1601.14	97.401	0	100
1601.14	97.401	0.165017	100
1601.73	97.4835	0.0825083	100
1847.29	97.566	0	100
1849.15	97.6073	0.0825083	100
2286.95	97.6898	0	100
2288.79	97.731	0.0825083	100
2858.5	97.8135	0	100
2859.01	97.8548	0.0825083	100
3408.71	97.9373	0	100
3409.15	97.9785	0.0825083	100
3471.58	98.0611	0	100
3471.58	98.0611	0.0825083	100
4127.73	98.1436	0	100
4128.45	98.1436	0.165017	100
4132.93	98.2261	0.0825083	100
4779.13	98.3086	0	100
4779.6	98.3498	0.0825083	100
5267.69	98.4323	0	100
5267.69	98.4323	0.0825083	100
7424.08	98.5149	0	100
7424.08	98.5149	0.0825083	100
8298.2	98.5974	0	100
8298.8	98.6386	0.0825083	100
8344.68	98.7211	0	100
8346.62	98.7624	0.0825083	100
10693.7	98.8449	0	100
10693.9	98.8449	0.165017	100
10693.9	98.9274	0.0825083	100
11193.5	99.0099	0	100
11193.6	99.0099	0.165017	100
11194.4	99.0924	0.0825083	100
11407.1	99.1749	0	100
11407.1	99.1749	0.165017	100
11407.1	99.2574	0.0825083	100
13896.3	99.3399	0	100
13896.4	99.3812	0.0825083	100
15364.2	99.4637	0	100
15364.7	99.505	0.0825083	100
15994.6	99.5875	0	100
15996.5	99.6287	0.0825083	100
29064.9	99.7112	0	100
29064.9	99.7112	0.165017	100
29068	99.7937	0.0825083	100
34644.5	99.8762	0	100
34644.8	99.9175	0.0825083	100
