4.46819e-06	0	0	0
5.10521e-06	0	0	0
5.43567e-06	0	0	0
8.24858e-06	0	0	0
1.60455e-05	0	0	0
1.90396e-05	0	0	0
2.07074e-05	0	0	0
2.39667e-05	0	0	0
2.80641e-05	0	0	0
4.27204e-05	0	0	0
4.50076e-05	0	0	0
5.28763e-05	0	0	0
5.45069e-05	0	0	0
5.50529e-05	0	0	0
5.69894e-05	0	0	0
5.84689e-05	0	0	0
5.98036e-05	0	0	0
6.00174e-05	0	0	0
6.24008e-05	0	0	0
6.41288e-05	0	0	0
6.9178e-05	0	0	0
7.1933e-05	0	0	0
7.98516e-05	0	0	0
8.09658e-05	0	0	0
8.40721e-05	0	0	0
8.57392e-05	0	0	0
8.76138e-05	0	0	0
9.72125e-05	0	0	0
0.000119026	0	0	0
0.000126403	0	0	0
0.000143357	0	0	0
0.000145801	0	0	0
0.000152251	0	0	0
0.00015278	0	0	0
0.000153575	0	0	0
0.00015667	0	0	0
0.000157476	0	0	0
0.000159181	0	0	0
0.000161494	0	0	0
0.0001628	0	0	0
0.000163638	0	0	0
0.000163663	0	0	0
0.000164105	0	0	0
0.000166888	0	0	0
0.000168193	0	0	0
0.00017445	0	0	0
0.000182311	0	0	0
0.000183289	0	0	0
0.000183306	0	0	0
0.000184598	0	0	0
0.000189301	0	0	0
0.000192498	0	0	0
0.000192693	0	0	0
0.000204862	0	0	0
0.000205064	0	0	0
0.00020807	0	0	0
0.000208573	0	0	0
0.000215041	0	0	0
0.000217308	0	0	0
0.000218001	0	0	0
0.0002188	0	0	0
0.000225489	0	0	0
0.000231357	0	0	0
0.000231423	0	0	0
0.000233878	0	0	0
0.000248247	0	0	0
0.000255885	0	0	0
0.00026026	0	0	0
0.000261724	0	0	0
0.000265705	0	0	0
0.000267658	0	0	0
0.000268316	0	0	0
0.000275521	0	0	0
0.000275574	0	0	0
0.00027626	0	0	0
0.000281349	0	0	0
0.00028522	0	0	0
0.000289232	0	0	0
0.000289553	0	0	0
0.000303028	0	0	0
0.000313258	0	0	0
0.000319048	0	0	0
0.000320152	0	0	0
0.000320364	0	0	0
0.000322945	0	0	0
0.000324034	0	0	0
0.000333436	0	0	0
0.000333488	0	0	0
0.000335584	0	0	0
0.000335761	0	0	0
0.000337402	0	0	0
0.000338132	0	0	0
0.000340022	0	0	0
0.000342041	0	0	0
0.000344553	0	0	0
0.000347674	0	0	0
0.000353961	0	0	0
0.000358523	0	0	0
0.000358556	0	0	0
0.000362999	0	0	0
0.000363331	0	0	0
0.000370014	0	0	0
0.000372286	0	0	0
0.0003724	0	0	0
0.00037627	0	0	0
0.000379777	0	0	0
0.000380154	0	0	0
0.000384291	0	0	0
0.000385721	0	0	0
0.000387774	0	0	0
0.000392393	0	0	0
0.000395485	0	0	0
0.000398131	0	0	0
0.000402372	0	0	0
0.000403806	0	0	0
0.000426064	0	0	0
0.000426805	0	0	0
0.000431122	0	0	0
0.000435644	0	0	0
0.000436949	0	0	0
0.000438574	0	0	0
0.000442055	0	0	0
0.00044211	0	0	0
0.000448007	0	0	0
0.00044926	0	0	0
0.000453432	0	0	0
0.000453682	0	0	0
0.000454593	0	0	0
0.000455701	0	0	0
0.000466826	0	0	0
0.000468502	0	0	0
0.000470445	0	0	0
0.000471051	0	0	0
0.000471757	0	0	0
0.000484386	0	0	0
0.000484446	0	0	0
0.00048599	0	0	0
0.000486802	0	0	0
0.000489552	0	0	0
0.0004933	0	0	0
0.000494394	0	0	0
0.000496	0	0	0
0.000498646	0	0	0
0.000500405	0	0	0
0.000503205	0	0	0
0.000507153	0	0	0
0.000512944	0	0	0
0.000514749	0	0	0
0.000523195	0	0	0
0.00052415	0	0	0
0.000525173	0	0	0
0.000526267	0	0	0
0.000540373	0	0	0
0.000540896	0	0	0
0.000542701	0	0	0
0.000543369	0	0	0
0.000544737	0	0	0
0.000545685	0	0	0
0.000546736	0	0	0
0.000547251	0	0	0
0.000549442	0	0	0
0.000553744	0	0	0
0.000556643	0	0	0
0.000557505	0	0	0
0.000559066	0	0	0
0.000560141	0	0	0
0.000560871	0	0	0
0.000563611	0	0	0
0.000564699	0	0	0
0.000566221	0	0	0
0.00057765	0	0	0
0.00057802	0	0	0
0.000578623	0	0	0
0.000580619	0	0	0
0.000580932	0	0	0
0.000581846	0	0	0
0.000590725	0	0	0
0.00060275	0	0	0
0.000604253	0	0	0
0.000613648	0	0	0
0.000614712	0	0	0
0.000616025	0	0	0
0.000619084	0	0	0
0.000620753	0	0	0
0.000621357	0	0	0
0.000621578	0	0	0
0.000623225	0	0	0
0.000623569	0	0	0
0.000624381	0	0	0
0.000624458	0	0	0
0.000633437	0	0	0
0.000641907	0	0	0
0.000645862	0	0	0
0.000646944	0	0	0
0.000650075	0	0	0
0.000653141	0	0	0
0.000661544	0	0	0
0.000666347	0	0	0
0.000669421	0	0	0
0.000672026	0	0	0
0.000672462	0	0	0
0.000676054	0	0	0
0.00067613	0	0	0
0.000676704	0	0	0
0.000680828	0	0	0
0.000681185	0	0	0
0.000690506	0	0	0
0.000692113	0	0	0
0.000695481	0	0	0
0.000700756	0	0	0
0.00070113	0	0	0
0.000701937	0	0	0
0.00070254	0	0	0
0.000711356	0	0	0
0.000711701	0	0	0
0.000718482	0	0	0
0.000723108	0	0	0
0.000727329	0	0	0
0.000728215	0	0	0
0.000728315	0	0	0
0.000732614	0	0	0
0.000736021	0	0	0
0.000744721	0	0	0
0.00074636	0	0	0
0.000753076	0	0	0
0.00075443	0	0	0
0.000757838	0	0	0
0.000765937	0	0	0
0.000766559	0	0	0
0.000774922	0	0	0
0.00077862	0	0	0
0.000780749	0	0	0
0.000783911	0	0	0
0.000788405	0	0	0
0.000789685	0	0	0
0.00079083	0	0	0
0.000791215	0	0	0
0.000794304	0	0	0
0.000802348	0	0	0
0.000802391	0	0	0
0.000804574	0	0	0
0.000824919	0	0	0
0.000828314	0	0	0
0.000830438	0	0	0
0.000831275	0	0	0
0.000840875	0	0	0
0.000843864	0	0	0
0.000850282	0	0	0
0.000852449	0	0	0
0.000854368	0	0	0
0.000854789	0	0	0
0.000855597	0	0	0
0.000856456	0	0	0
0.000856903	0	0	0
0.000866937	0	0	0
0.000874716	0	0	0
0.000879514	0	0	0
0.000884179	0	0	0
0.000884938	0	0	0
0.00088856	0	0	0
0.000890652	0	0	0
0.000891406	0	0	0
0.000892002	0	0	0
0.000894919	0	0	0
0.000898777	0	0	0
0.000900051	0	0	0
0.000900561	0	0	0
0.000901386	0	0	0
0.00090299	0	0	0
0.000904251	0	0	0
0.000909889	0	0	0
0.000925551	0	0	0
0.000925906	0	0	0
0.000930209	0	0	0
0.000934754	0	0	0
0.000940327	0	0	0
0.000948223	0	0	0
0.000950033	0	0	0
0.000952386	0	0	0
0.000953819	0	0	0
0.000958024	0	0	0
0.000961421	0	0	0
0.000969971	0	0	0
0.000970182	0	0	0
0.000971505	0	0	0
0.000972198	0	0	0
0.00097484	0	0	0
0.000989456	0	0	0
0.000999861	0	0	0
0.00100064	0	0	0
0.0010027	0	0	0
0.00100851	0	0	0
0.00100898	0	0	0
0.0010112	0	0	0
0.00101587	0	0	0
0.00101719	0	0	0
0.00101728	0	0	0
0.0010204	0	0	0
0.00102078	0	0	0
0.00102436	0	0	0
0.00102692	0	0	0
0.00102698	0	0	0
0.00103786	0	0	0
0.00104152	0	0	0
0.00104776	0	0	0
0.00105909	0	0	0
0.0010597	0	0	0
0.00106001	0	0	0
0.00106386	0	0	0
0.00106538	0	0	0
0.00106714	0	0	0
0.0010729	0	0	0
0.00107464	0	0	0
0.00107905	0	0	0
0.00108063	0	0	0
0.0010922	0	0	0
0.00109302	0	0	0
0.00109537	0	0	0
0.00111165	0	0	0
0.00111235	0	0	0
0.00111661	0	0	0
0.00112257	0	0	0
0.00112292	0	0	0
0.00112301	0	0	0
0.00112481	0	0	0
0.00112492	0	0	0
0.00112903	0	0	0
0.00113031	0	0	0
0.00113215	0	0	0
0.00113279	0	0	0
0.00113282	0	0	0
0.00114426	0	0	0
0.00114528	0	0	0
0.00114863	0	0	0
0.00115165	0	0	0
0.00115218	0	0	0
0.00115933	0	0	0
0.00116445	0	0	0
0.00117011	0	0	0
0.0011741	0	0	0
0.0011743	0	0	0
0.00118589	0	0	0
0.0011959	0	0	0
0.00119753	0	0	0
0.00120001	0	0	0
0.00120203	0	0	0
0.00120685	0	0	0
0.00121534	0	0	0
0.00122275	0	0	0
0.0012245	0	0	0
0.00122525	0	0	0
0.00122798	0	0	0
0.00123442	0	0	0
0.00123639	0	0	0
0.00123983	0	0	0
0.00124451	0	0	0
0.00125148	0	0	0
0.00125492	0	0	0
0.00126087	0	0	0
0.00126137	0	0	0
0.00126356	0	0	0
0.00126488	0	0	0
0.00126589	0	0	0
0.0012777	0	0	0
0.0012793	0	0	0
0.00128787	0	0	0
0.00128996	0	0	0
0.00129161	0	0	0
0.00129359	0	0	0
0.00129395	0	0	0
0.00129532	0	0	0
0.00129946	0	0	0
0.0013021	0	0	0
0.00130531	0	0	0
0.00130629	0	0	0
0.00130708	0	0	0
0.00132171	0	0	0
0.00132282	0	0	0
0.00132298	0	0	0
0.00132745	0	0	0
0.00133019	0	0	0
0.00133504	0	0	0
0.00133578	0	0	0
0.00134291	0	0	0
0.00134526	0	0	0
0.00135331	0	0	0
0.00135362	0	0	0
0.00135422	0	0	0
0.00135522	0	0	0
0.00136688	0	0	0
0.00137106	0	0	0
0.00137609	0	0	0
0.00137997	0	0	0
0.0013932	0	0	0
0.00139451	0	0	0
0.00140234	0	0	0
0.00140709	0	0	0
0.00140777	0	0	0
0.00140948	0	0	0
0.00141011	0	0	0
0.00142406	0	0	0
0.00143119	0	0	0
0.00143603	0	0	0
0.00144061	0	0	0
0.00144228	0	0	0
0.00144229	0	0	0
0.00145188	0	0	0
0.00146592	0	0	0
0.00147014	0	0	0
0.00147345	0	0	0
0.00147666	0	0	0
0.00148631	0	0	0
0.00149449	0	0	0
0.00149782	0	0	0
0.00150358	0	0	0
0.00150851	0	0	0
0.00151158	0	0	0
0.00151769	0	0	0
0.0015248	0	0	0
0.00153209	0	0	0
0.00153284	0	0	0
0.00153538	0	0	0
0.00153821	0	0	0
0.00153846	0	0	0
0.00154166	0	0	0
0.00154432	0	0	0
0.00154546	0	0	0
0.00154679	0	0	0
0.00154921	0	0	0
0.00155264	0	0	0
0.00155328	0	0	0
0.0015597	0	0	0
0.00156039	0	0	0
0.00156319	0	0	0
0.00156687	0	0	0
0.00156731	0	0	0
0.00157605	0	0	0
0.00157779	0	0	0
0.00158985	0	0	0
0.00159251	0	0	0
0.00159583	0	0	0
0.00159794	0	0	0
0.00159808	0	0	0
0.00159845	0	0	0
0.0015985	0	0	0
0.00160811	0	0	0
0.00160839	0	0	0
0.0016148	0	0	0
0.00161669	0	0	0
0.00161682	0	0	0
0.00162297	0	0	0
0.00162486	0	0	0
0.0016285	0	0	0
0.00162933	0	0	0
0.00165506	0	0	0
0.00165866	0	0	0
0.00165963	0	0	0
0.00166067	0	0	0
0.00166248	0	0	0
0.00166263	0	0	0
0.0016696	0	0	0
0.00167112	0	0	0
0.00167464	0	0	0
0.00167515	0	0	0
0.00167569	0	0	0
0.00168396	0	0	0
0.00168602	0	0	0
0.00168738	0	0	0
0.0016934	0	0	0
0.00169517	0	0	0
0.0016964	0	0	0
0.00170284	0	0	0
0.00170652	0	0	0
0.00171867	0	0	0
0.00172064	0	0	0
0.00172215	0	0	0
0.00172463	0	0	0
0.00172764	0	0	0
0.00173216	0	0	0
0.00173526	0	0	0
0.00174034	0	0	0
0.00174102	0	0	0
0.00174113	0	0	0
0.00174142	0	0	0
0.0017431	0	0	0
0.00174571	0	0	0
0.00174638	0	0	0
0.00175991	0	0	0
0.00176093	0	0	0
0.00176424	0	0	0
0.00176867	0	0	0
0.00176898	0	0	0
0.00177049	0	0	0
0.00177197	0	0	0
0.00177947	0	0	0
0.00178013	0	0	0
0.00178017	0	0	0
0.00178623	0	0	0
0.00178807	0	0	0
0.00180355	0	0	0
0.00180782	0	0	0
0.00181113	0	0	0
0.00182095	0	0	0
0.0018276	0	0	0
0.00183666	0	0	0
0.00184025	0	0	0
0.00184325	0	0	0
0.00184335	0	0	0
0.00184635	0	0	0
0.00186201	0	0	0
0.00187081	0	0	0
0.00187189	0	0	0
0.001873	0	0	0
0.00187353	0	0	0
0.00187393	0	0	0
0.00187515	0	0	0
0.00187762	0	0	0
0.00188187	0	0	0
0.00188552	0	0	0
0.00188709	0	0	0
0.00188849	0	0	0
0.00189722	0	0	0
0.00190055	0	0	0
0.00190127	0	0	0
0.00190311	0	0	0
0.00190508	0	0	0
0.00191029	0	0	0
0.00194207	0	0	0
0.00194551	0	0	0
0.00194842	0	0	0
0.00196232	0	0	0
0.00196506	0	0	0
0.00197103	0	0	0
0.00197199	0	0	0
0.00197371	0	0	0
0.00197798	0	0	0
0.00198133	0	0	0
0.00198336	0	0	0
0.00199394	0	0	0
0.00200433	0	0	0
0.00200768	0	0	0
0.00201753	0	0	0
0.00202453	0	0	0
0.00203408	0	0	0
0.00203495	0	0	0
0.00203702	0	0	0
0.00204503	0	0	0
0.00204539	0	0	0
0.00204592	0	0	0
0.00204751	0	0	0
0.00205905	0	0	0
0.0020785	0	0	0
0.00207925	0	0	0
0.00208497	0	0	0
0.00208818	0	0	0
0.00210156	0	0	0
0.00211484	0	0	0
0.002135	0	0	0
0.00215012	0	0	0
0.00215369	0	0	0
0.00215717	0	0	0
0.00215939	0	0	0
0.00216553	0	0	0
0.00216753	0	0	0
0.00217067	0	0	0
0.0021869	0	0	0
0.00219398	0	0	0
0.00220471	0	0	0
0.00221089	0	0	0
0.00221125	0	0	0
0.00221827	0	0	0
0.00222059	0	0	0
0.00222348	0	0	0
0.002225	0	0	0
0.00224366	0	0	0
0.00224537	0	0	0
0.00224758	0	0	0
0.00224868	0	0	0
0.00225972	0	0	0
0.00226663	0	0	0
0.00229367	0	0	0
0.00229487	0	0	0
0.00230471	0	0	0
0.00231505	0	0	0
0.00232941	0	0	0
0.0023366	0	0	0
0.0023388	0	0	0
0.00234238	0	0	0
0.00235518	0	0	0
0.00236294	0	0	0
0.00236303	0	0	0
0.00236419	0	0	0
0.00237056	0	0	0
0.00237637	0	0	0
0.00240166	0	0	0
0.00240514	0	0	0
0.00241265	0	0	0
0.0024134	0	0	0
0.00241709	0	0	0
0.0024208	0	0	0
0.00242267	0	0	0
0.00242399	0	0	0
0.00242503	0	0	0
0.00242733	0	0	0
0.00243714	0	0	0
0.00244321	0	0	0
0.0024641	0	0	0
0.00247369	0	0	0
0.00248824	0	0	0
0.00248904	0	0	0
0.00249527	0	0	0
0.00252324	0	0	0
0.00254087	0	0	0
0.00255272	0	0	0
0.00255962	0	0	0
0.00258065	0	0	0
0.00258224	0	0	0
0.0025973	0	0	0
0.00260608	0	0	0
0.00262794	0	0	0
0.00262931	0	0	0
0.00263114	0	0	0
0.00263268	0	0	0
0.00263761	0	0	0
0.00263987	0	0	0
0.0026465	0	0	0
0.00264908	0	0	0
0.00265411	0	0	0
0.00265577	0	0	0
0.00265944	0	0	0
0.00266643	0	0	0
0.00267522	0	0	0
0.00267625	0	0	0
0.00270952	0	0	0
0.00270971	0	0	0
0.00273152	0	0	0
0.00273886	0	0	0
0.0027551	0	0	0
0.0027749	0	0	0
0.00278982	0	0	0
0.00279591	0	0	0
0.00280498	0	0	0
0.00284878	0	0	0
0.00286477	0	0	0
0.00287084	0	0	0
0.00287943	0	0	0
0.00288607	0	0	0
0.00289276	0	0	0
0.00290106	0	0	0
0.00290566	0	0	0
0.0029298	0	0	0
0.00296223	0	0	0
0.00299803	0	0	0
0.00300575	0	0	0
0.00300763	0	0	0
0.00304286	0	0	0
0.00308085	0	0	0
0.00309844	0	0	0
0.00311241	0	0	0
0.00311444	0	0	0
0.00312675	0	0	0
0.00314165	0	0	0
0.00315823	0	0	0
0.00317552	0	0	0
0.00317765	0	0	0
0.00319167	0	0	0
0.0031971	0	0	0
0.00321736	0	0	0
0.00324596	0	0	0
0.00324786	0	0	0
0.00330923	0	0	0
0.00332257	0	0	0
0.00332516	0	0	0
0.00334875	0	0	0
0.0033753	0	0	0
0.0033812	0	0	0
0.00341235	0	0	0
0.00342165	0	0	0
0.00343433	0	0	0
0.00344873	0	0	0
0.0034561	0	0	0
0.00350188	0	0	0
0.00352191	0	0	0
0.00353689	0	0	0
0.0035398	0	0	0
0.00354195	0	0	0
0.0035522	0	0	0
0.00358075	0	0	0
0.00360293	0	0	0
0.00360368	0	0	0
0.00360485	0	0	0
0.0036271	0	0	0
0.00367627	0	0	0
0.00370892	0	0	0
0.00372529	0	0	0
0.00374438	0	0	0
0.00375759	0	0	0
0.00376308	0	0	0
0.00381265	0	0	0
0.00385318	0	0	0
0.0038835	0	0	0
0.00389397	0	0	0
0.00391317	0	0	0
0.00392268	0	0	0
0.00393523	0	0	0
0.00395479	0	0	0
0.00401713	0	0	0
0.0041225	0	0	0
0.0042344	0	0	0
0.00427951	0	0	0
0.00428	0	0	0
0.0043398	0	0	0
0.00434593	0	0	0
0.00437634	0	0	0
0.00454513	0	0	0
0.00464529	0	0	0
0.00474172	0	0	0
0.00486322	0	0	0
0.00487914	0	0	0
0.00497144	0	0	0
0.00520838	0	0	0
0.00537244	0	0	0
0.00546839	0	0	0
0.00548348	0	0	0
0.00551327	0	0	0
0.00574021	0	0	0
0.00577373	0	0	0
0.00606452	0	0	0
0.00626318	0	0	0
0.00629653	0	0	0
0.00642207	0	0	0
0.00648032	0	0	0
0.00655037	0	0.0825083	0
0.0066	0	0.0825083	0
0.00663084	0	0.0825083	0
0.00670331	0	0.0825083	0
0.00694777	0	0.0825083	0
0.00738131	0	0.0825083	0
0.00748315	0.0825083	0	0
0.00748366	0.0825083	0	0
0.00760683	0.0825083	0	0
0.00822047	0.0825083	0	0
0.0127629	0.0825083	0	0
0.0185495	0.0825083	0.0825083	0
0.0206076	0.165017	0	0
0.0245887	0.206271	0.0825083	0
0.0252839	0.206271	0.0825083	0
0.0376994	0.288779	0	0
0.0396557	0.288779	0	0
0.0398888	0.330033	0.0825083	0
0.061442	0.412541	0	0
0.0629528	0.453795	0.0825083	0
0.0640961	0.49505	0.165017	0
0.0649833	0.577558	0.0825083	0
0.0657357	0.660066	0	0
0.0661362	0.70132	0.0825083	0
0.0811382	0.783828	0	0
0.091079	0.783828	0	0.515464
0.119296	0.783828	0	1.03093
0.120795	0.825082	0.0825083	1.03093
0.130512	0.907591	0	1.03093
0.131735	0.948845	0.0825083	1.03093
0.148578	1.03135	0	1.03093
0.151201	1.03135	0	1.54639
0.154877	1.03135	0	1.54639
0.157269	1.03135	0.0825083	1.54639
0.18024	1.11386	0	1.54639
0.180264	1.11386	0.165017	1.54639
0.180972	1.19637	0.0825083	1.54639
0.191069	1.27888	0	1.54639
0.203284	1.27888	0	1.54639
0.207446	1.27888	0.0825083	1.54639
0.22116	1.36139	0	1.54639
0.221689	1.36139	0.165017	1.54639
0.222866	1.44389	0.0825083	1.54639
0.232029	1.5264	0	1.54639
0.234652	1.56766	0.0825083	1.54639
0.245366	1.65016	0	1.54639
0.245419	1.65016	0.165017	1.54639
0.245476	1.73267	0.0825083	1.54639
0.248367	1.73267	0.0825083	1.54639
0.248559	1.73267	0.0825083	2.06186
0.24927	1.73267	0.0825083	2.57732
0.254642	1.81518	0	2.57732
0.254718	1.85644	0.0825083	2.57732
0.255036	1.85644	0.0825083	2.57732
0.256251	1.93894	0	2.57732
0.257479	1.9802	0.0825083	2.57732
0.284746	2.06271	0	2.57732
0.284869	2.06271	0.0825083	2.57732
0.294266	2.14521	0	2.57732
0.301456	2.14521	0	2.57732
0.33646	2.14521	0	2.57732
0.355094	2.14521	0	2.57732
0.357799	2.18647	0.0825083	2.57732
0.363359	2.26898	0	2.57732
0.364648	2.31023	0.0825083	2.57732
0.365505	2.39274	0	2.57732
0.365713	2.43399	0.0825083	2.57732
0.365887	2.47525	0.165017	2.57732
0.368227	2.55776	0.0825083	2.57732
0.382136	2.64026	0	2.57732
0.393302	2.64026	0	3.09278
0.418282	2.64026	0	3.60825
0.419275	2.64026	0.165017	3.60825
0.422763	2.72277	0.0825083	3.60825
0.443287	2.80528	0	3.60825
0.444779	2.84653	0.0825083	3.60825
0.448933	2.92904	0	3.60825
0.449682	2.9703	0.0825083	3.60825
0.452917	3.05281	0	3.60825
0.4538	3.05281	0	4.12371
0.456027	3.05281	0.165017	4.12371
0.459152	3.13531	0.0825083	4.12371
0.466175	3.21782	0	4.12371
0.473331	3.21782	0	4.63918
0.480438	3.21782	0	4.63918
0.480556	3.21782	0.165017	4.63918
0.480854	3.30033	0.0825083	4.63918
0.481057	3.38284	0	4.63918
0.483226	3.38284	0.0825083	4.63918
0.485129	3.42409	0.165017	4.63918
0.485416	3.5066	0.0825083	4.63918
0.500744	3.58911	0	4.63918
0.503119	3.63036	0.0825083	4.63918
0.503318	3.63036	0.0825083	4.63918
0.506656	3.71287	0	4.63918
0.508307	3.75413	0.0825083	4.63918
0.568472	3.83663	0	4.63918
0.568647	3.87789	0.0825083	4.63918
0.606422	3.9604	0	4.63918
0.611994	3.9604	0	5.15464
0.613132	3.9604	0.165017	5.15464
0.613555	4.0429	0.0825083	5.15464
0.619272	4.12541	0	5.15464
0.620213	4.16667	0.0825083	5.15464
0.626677	4.24918	0	5.15464
0.62686	4.29043	0.0825083	5.15464
0.645465	4.37294	0	5.15464
0.647976	4.37294	0.0825083	5.15464
0.648003	4.41419	0.165017	5.15464
0.64862	4.41419	0.165017	5.6701
0.648792	4.4967	0.0825083	5.6701
0.661474	4.57921	0	5.6701
0.666804	4.62046	0.0825083	5.6701
0.684502	4.70297	0	5.6701
0.685318	4.74422	0.0825083	5.6701
0.693595	4.82673	0	5.6701
0.69551	4.86799	0.0825083	5.6701
0.699288	4.9505	0	5.6701
0.699889	4.99175	0.0825083	5.6701
0.702541	5.07426	0	5.6701
0.704423	5.07426	0	6.18557
0.714093	5.07426	0.0825083	6.18557
0.719288	5.15677	0	6.18557
0.725527	5.15677	0	6.70103
0.726872	5.15677	0.165017	6.70103
0.729687	5.23927	0.0825083	6.70103
0.743933	5.32178	0	6.70103
0.748538	5.36304	0.0825083	6.70103
0.767867	5.44554	0	6.70103
0.778233	5.44554	0	7.73196
0.78164	5.4868	0.0825083	7.73196
0.782127	5.56931	0	7.73196
0.782437	5.56931	0.165017	7.73196
0.785512	5.65182	0.0825083	7.73196
0.788417	5.73432	0	7.73196
0.788609	5.77558	0.0825083	7.73196
0.790379	5.77558	0.0825083	8.24742
0.798086	5.85809	0	8.24742
0.811061	5.85809	0	8.24742
0.817089	5.89934	0.0825083	8.24742
0.818626	5.89934	0.0825083	8.76289
0.843011	5.98185	0	8.76289
0.843661	5.98185	0.0825083	8.76289
0.854651	6.06436	0	8.76289
0.889519	6.06436	0	8.76289
0.892634	6.06436	0.165017	8.76289
0.892864	6.14686	0.0825083	8.76289
0.940722	6.22937	0	8.76289
0.940861	6.22937	0.165017	8.76289
0.941209	6.31188	0.0825083	8.76289
0.948145	6.39439	0	8.76289
0.951898	6.43564	0.0825083	8.76289
0.986841	6.51815	0	8.76289
0.987105	6.51815	0.165017	8.76289
0.988205	6.60066	0.0825083	8.76289
0.995947	6.68317	0	8.76289
0.99668	6.72442	0.0825083	8.76289
0.996703	6.80693	0	8.76289
0.996773	6.84818	0.0825083	8.76289
1.00009	6.93069	0	8.76289
1.01638	6.93069	0	8.76289
1.01644	6.97195	0.0825083	8.76289
1.04728	7.05446	0	8.76289
1.05087	7.05446	0.165017	8.76289
1.05101	7.13696	0.0825083	8.76289
1.05633	7.21947	0	8.76289
1.06077	7.21947	0	8.76289
1.06382	7.26073	0.0825083	8.76289
1.06789	7.34323	0	8.76289
1.06891	7.34323	0.165017	8.76289
1.06919	7.42574	0.0825083	8.76289
1.0775	7.50825	0	8.76289
1.08481	7.50825	0	9.27835
1.08493	7.5495	0.0825083	9.27835
1.08654	7.63201	0	9.27835
1.08694	7.67327	0.0825083	9.27835
1.1207	7.75578	0	9.27835
1.12537	7.79703	0.0825083	9.27835
1.13271	7.87954	0	9.27835
1.1357	7.87954	0	9.79381
1.13895	7.92079	0.0825083	9.79381
1.15511	8.0033	0	9.79381
1.17189	8.0033	0	9.79381
1.18487	8.0033	0	10.3093
1.18514	8.0033	0.165017	10.3093
1.18899	8.08581	0.0825083	10.3093
1.19158	8.16832	0	10.3093
1.19246	8.16832	0.165017	10.3093
1.19283	8.25082	0.0825083	10.3093
1.19466	8.33333	0	10.3093
1.1947	8.33333	0.165017	10.3093
1.19566	8.41584	0.0825083	10.3093
1.19824	8.49835	0	10.3093
1.19857	8.49835	0	10.8247
1.1987	8.49835	0.165017	10.8247
1.2064	8.58086	0.0825083	10.8247
1.21016	8.66337	0	10.8247
1.29172	8.66337	0	10.8247
1.30019	8.66337	0	11.3402
1.30134	8.70462	0.0825083	11.3402
1.30157	8.78713	0	11.3402
1.30352	8.82838	0.0825083	11.3402
1.31702	8.91089	0	11.3402
1.31762	8.91089	0.0825083	11.3402
1.32043	8.9934	0	11.3402
1.32299	8.9934	0	11.8557
1.3234	8.9934	0.0825083	11.8557
1.34584	9.07591	0	11.8557
1.34656	9.11716	0.0825083	11.8557
1.35842	9.19967	0	11.8557
1.35871	9.19967	0.165017	11.8557
1.35929	9.28218	0.0825083	11.8557
1.37043	9.36469	0	11.8557
1.3746	9.36469	0.0825083	11.8557
1.38616	9.4472	0	11.8557
1.38629	9.4472	0.165017	11.8557
1.3865	9.5297	0.0825083	11.8557
1.38949	9.61221	0	11.8557
1.39628	9.61221	0	12.3711
1.39843	9.65347	0.0825083	12.3711
1.43681	9.73597	0	12.3711
1.44041	9.73597	0	12.8866
1.45367	9.73597	0	12.8866
1.45382	9.73597	0.165017	12.8866
1.45705	9.81848	0.0825083	12.8866
1.46511	9.90099	0	12.8866
1.46531	9.94224	0.0825083	12.8866
1.46584	10.0248	0	12.8866
1.47101	10.0248	0	12.8866
1.4717	10.066	0.0825083	12.8866
1.4869	10.1485	0	12.8866
1.49833	10.1485	0	13.4021
1.50256	10.1898	0.0825083	13.4021
1.52622	10.2723	0	13.4021
1.52671	10.2723	0.165017	13.4021
1.52945	10.3548	0.0825083	13.4021
1.53604	10.4373	0	13.4021
1.53722	10.4373	0.165017	13.4021
1.53778	10.5198	0.0825083	13.4021
1.54036	10.6023	0	13.4021
1.54599	10.6023	0.0825083	13.4021
1.57221	10.6848	0	13.4021
1.57527	10.6848	0.0825083	13.4021
1.58489	10.7673	0	13.4021
1.58532	10.8086	0.0825083	13.4021
1.58621	10.8911	0	13.4021
1.58747	10.9323	0.0825083	13.4021
1.61024	11.0149	0	13.4021
1.61173	11.0149	0.165017	13.4021
1.61417	11.0974	0.0825083	13.4021
1.62536	11.1799	0	13.4021
1.62822	11.1799	0	13.9175
1.63906	11.1799	0	14.433
1.63922	11.1799	0.0825083	14.433
1.6882	11.2624	0	14.433
1.70008	11.2624	0	14.9485
1.70026	11.3036	0.0825083	14.9485
1.7092	11.3861	0	14.9485
1.71184	11.4274	0.0825083	14.9485
1.71566	11.5099	0	14.9485
1.71764	11.5512	0.0825083	14.9485
1.71833	11.6337	0	14.9485
1.71857	11.6749	0.0825083	14.9485
1.73159	11.7574	0	14.9485
1.7318	11.7987	0.0825083	14.9485
1.7385	11.8812	0	14.9485
1.73858	11.8812	0.165017	14.9485
1.74052	11.9637	0.0825083	14.9485
1.74677	12.0462	0	14.9485
1.77395	12.0462	0	14.9485
1.77516	12.0875	0.0825083	14.9485
1.77543	12.1287	0.165017	14.9485
1.77898	12.2112	0.0825083	14.9485
1.79829	12.2937	0	14.9485
1.80092	12.335	0.0825083	14.9485
1.80119	12.4175	0	14.9485
1.80224	12.4587	0.0825083	14.9485
1.80492	12.5413	0	14.9485
1.80656	12.5413	0.0825083	14.9485
1.83842	12.6238	0	14.9485
1.84058	12.665	0.0825083	14.9485
1.84102	12.665	0.0825083	15.9794
1.84438	12.665	0.0825083	15.9794
1.84447	12.665	0.165017	15.9794
1.84527	12.7475	0.0825083	15.9794
1.8812	12.83	0	15.9794
1.88177	12.83	0	16.4948
1.88455	12.83	0.0825083	16.4948
1.88932	12.9125	0	16.4948
1.89099	12.9125	0	16.4948
1.89297	12.9538	0.0825083	16.4948
1.90551	13.0363	0	16.4948
1.92493	13.0363	0	17.0103
1.92658	13.0776	0.0825083	17.0103
1.92962	13.1601	0	17.0103
1.93006	13.1601	0	17.5258
1.93032	13.1601	0.165017	17.5258
1.9331	13.2426	0.0825083	17.5258
1.93384	13.2838	0.165017	17.5258
1.93396	13.2838	0.247525	17.5258
1.93497	13.3663	0.165017	17.5258
1.93655	13.4076	0.247525	17.5258
1.93752	13.4901	0.165017	17.5258
1.93766	13.5726	0.0825083	17.5258
1.9663	13.6551	0	17.5258
1.96763	13.6551	0	18.0412
1.99261	13.6551	0	18.0412
1.994	13.6964	0.0825083	18.0412
2.00544	13.7789	0	18.0412
2.00747	13.7789	0.0825083	18.0412
2.00783	13.8614	0	18.0412
2.00934	13.8614	0.0825083	18.0412
2.01187	13.9439	0	18.0412
2.01226	13.9439	0.165017	18.0412
2.01226	14.0264	0.0825083	18.0412
2.02815	14.1089	0	18.0412
2.05346	14.1089	0	18.5567
2.05387	14.1089	0.0825083	18.5567
2.05892	14.1914	0	18.5567
2.06007	14.1914	0.165017	18.5567
2.0618	14.2739	0.0825083	18.5567
2.07727	14.3564	0	18.5567
2.07736	14.3564	0.165017	18.5567
2.07837	14.4389	0.0825083	18.5567
2.0835	14.5215	0	18.5567
2.08419	14.5627	0.0825083	18.5567
2.08903	14.6452	0	18.5567
2.08914	14.6452	0.0825083	18.5567
2.09782	14.7277	0	18.5567
2.12088	14.7277	0	19.0722
2.16213	14.7277	0	19.5876
2.16758	14.7277	0	20.1031
2.16788	14.7277	0.0825083	20.1031
2.22503	14.8102	0	20.1031
2.22979	14.8102	0.0825083	20.1031
2.23014	14.8515	0.165017	20.1031
2.23524	14.934	0.0825083	20.1031
2.26357	15.0165	0	20.1031
2.26399	15.0165	0.165017	20.1031
2.26519	15.099	0.0825083	20.1031
2.29226	15.1815	0	20.1031
2.2924	15.2228	0.0825083	20.1031
2.35545	15.3053	0	20.1031
2.35573	15.3053	0.165017	20.1031
2.36098	15.3878	0.0825083	20.1031
2.36457	15.4703	0	20.1031
2.36475	15.4703	0.165017	20.1031
2.3649	15.5116	0.247525	20.1031
2.36535	15.5941	0.165017	20.1031
2.36786	15.6766	0.0825083	20.1031
2.40725	15.7591	0	20.1031
2.40966	15.7591	0	20.6186
2.42833	15.7591	0	21.134
2.42839	15.8003	0.0825083	21.134
2.43068	15.8416	0.165017	21.134
2.4323	15.9241	0.0825083	21.134
2.47141	16.0066	0	21.134
2.47274	16.0479	0.0825083	21.134
2.4729	16.0891	0.165017	21.134
2.47366	16.1716	0.0825083	21.134
2.48125	16.2541	0	21.134
2.48198	16.2541	0.165017	21.134
2.48802	16.3366	0.0825083	21.134
2.51339	16.4191	0	21.134
2.51382	16.4604	0.0825083	21.134
2.54882	16.5429	0	21.134
2.56621	16.5429	0	21.134
2.56668	16.5429	0.165017	21.134
2.56691	16.6254	0.0825083	21.134
2.57658	16.7079	0	21.134
2.57748	16.7079	0.0825083	21.134
2.5779	16.7079	0.247525	21.134
2.57902	16.7904	0.165017	21.134
2.58002	16.8729	0.0825083	21.134
2.59196	16.9554	0	21.134
2.59373	16.9967	0.0825083	21.134
2.60132	17.0792	0	21.134
2.60379	17.1205	0.0825083	21.134
2.60667	17.203	0	21.134
2.61327	17.203	0.0825083	21.134
2.61427	17.203	0.0825083	21.6495
2.66299	17.2855	0	21.6495
2.66592	17.3267	0.0825083	21.6495
2.67573	17.4092	0	21.6495
2.67644	17.4505	0.0825083	21.6495
2.68435	17.533	0	21.6495
2.68769	17.533	0	21.6495
2.68902	17.5743	0.0825083	21.6495
2.70808	17.6568	0	21.6495
2.70859	17.698	0.0825083	21.6495
2.71001	17.7805	0	21.6495
2.71044	17.7805	0.0825083	21.6495
2.73067	17.863	0	21.6495
2.73217	17.863	0.165017	21.6495
2.73314	17.9455	0.0825083	21.6495
2.75108	18.0281	0	21.6495
2.75159	18.0693	0.0825083	21.6495
2.76579	18.1518	0	21.6495
2.76884	18.1931	0.0825083	21.6495
2.77053	18.1931	0.0825083	22.1649
2.77869	18.2756	0	22.1649
2.78708	18.2756	0	22.6804
2.79067	18.3168	0.0825083	22.6804
2.80606	18.3993	0	22.6804
2.80661	18.3993	0.165017	22.6804
2.80753	18.4818	0.0825083	22.6804
2.81296	18.5644	0	22.6804
2.81335	18.5644	0.0825083	22.6804
2.82772	18.6469	0	22.6804
2.82857	18.6881	0.0825083	22.6804
2.85033	18.7706	0	22.6804
2.8518	18.8119	0.0825083	22.6804
2.8697	18.8944	0	22.6804
2.88327	18.8944	0	23.1959
2.88372	18.8944	0.165017	23.1959
2.91549	18.9769	0.0825083	23.1959
2.91582	19.0182	0.165017	23.1959
2.91975	19.1007	0.0825083	23.1959
2.92154	19.1419	0.165017	23.1959
2.95173	19.2244	0.0825083	23.1959
2.9532	19.2244	0.247525	23.1959
2.97588	19.3069	0.165017	23.1959
2.98148	19.3482	0.247525	23.1959
3.0014	19.4307	0.165017	23.1959
3.01422	19.4307	0.165017	23.1959
3.01617	19.4719	0.247525	23.1959
3.04944	19.5545	0.165017	23.1959
3.05179	19.5957	0.247525	23.1959
3.0555	19.6782	0.165017	23.1959
3.05628	19.7195	0.247525	23.1959
3.05744	19.7607	0.330033	23.1959
3.05853	19.802	0.412541	23.1959
3.05909	19.8845	0.330033	23.1959
3.06078	19.967	0.247525	23.1959
3.06328	20.0495	0.165017	23.1959
3.06655	20.0908	0.247525	23.1959
3.06688	20.0908	0.247525	23.7113
3.07059	20.1733	0.165017	23.7113
3.07199	20.2145	0.247525	23.7113
3.09599	20.297	0.165017	23.7113
3.09642	20.297	0.165017	24.2268
3.09646	20.3383	0.247525	24.2268
3.09691	20.3383	0.412541	24.2268
3.09751	20.4208	0.330033	24.2268
3.09756	20.5033	0.247525	24.2268
3.1042	20.5858	0.165017	24.2268
3.10488	20.5858	0.330033	24.2268
3.10611	20.6683	0.247525	24.2268
3.10817	20.7508	0.165017	24.2268
3.10896	20.7508	0.247525	24.2268
3.11759	20.8333	0.165017	24.2268
3.11854	20.8333	0.165017	25.2577
3.11856	20.8746	0.247525	25.2577
3.17871	20.9571	0.165017	25.2577
3.18166	20.9984	0.247525	25.2577
3.1956	21.0809	0.165017	25.2577
3.20805	21.0809	0.165017	25.7732
3.20876	21.0809	0.330033	25.7732
3.20891	21.1634	0.247525	25.7732
3.2094	21.1634	0.412541	25.7732
3.21172	21.2459	0.330033	25.7732
3.21329	21.3284	0.247525	25.7732
3.21929	21.4109	0.165017	25.7732
3.2578	21.4109	0.165017	26.8041
3.25907	21.4521	0.247525	26.8041
3.27467	21.5347	0.165017	26.8041
3.27672	21.5759	0.247525	26.8041
3.28205	21.6584	0.165017	26.8041
3.28207	21.6584	0.247525	26.8041
3.28771	21.7409	0.165017	26.8041
3.29553	21.7409	0.165017	27.8351
3.29725	21.7409	0.330033	27.8351
3.30245	21.8234	0.247525	27.8351
3.31268	21.9059	0.165017	27.8351
3.31347	21.9472	0.247525	27.8351
3.31578	21.9472	0.247525	28.3505
3.34151	22.0297	0.165017	28.3505
3.34195	22.071	0.247525	28.3505
3.34541	22.1535	0.165017	28.3505
3.35126	22.1535	0.165017	28.866
3.3531	22.1535	0.330033	28.866
3.35385	22.236	0.247525	28.866
3.36334	22.3185	0.165017	28.866
3.36433	22.3597	0.247525	28.866
3.36922	22.4422	0.165017	28.866
3.37184	22.4422	0.165017	29.3814
3.3723	22.4422	0.330033	29.3814
3.37393	22.5248	0.247525	29.3814
3.39603	22.6073	0.165017	29.3814
3.43183	22.6073	0.165017	29.8969
3.43393	22.6485	0.247525	29.8969
3.44754	22.731	0.165017	29.8969
3.47003	22.731	0.165017	30.4124
3.47273	22.7723	0.247525	30.4124
3.50188	22.8548	0.165017	30.4124
3.50237	22.896	0.247525	30.4124
3.53218	22.9785	0.165017	30.4124
3.53298	22.9785	0.330033	30.4124
3.53302	23.0611	0.247525	30.4124
3.54203	23.1436	0.165017	30.4124
3.54751	23.1436	0.165017	30.9278
3.54947	23.1848	0.247525	30.9278
3.57307	23.2673	0.165017	30.9278
3.57318	23.3086	0.247525	30.9278
3.60098	23.3911	0.165017	30.9278
3.6214	23.3911	0.165017	31.9588
3.62195	23.4323	0.247525	31.9588
3.62457	23.5149	0.165017	31.9588
3.63685	23.5974	0.0825083	31.9588
3.64703	23.5974	0.0825083	32.9897
3.64716	23.5974	0.247525	32.9897
3.65145	23.6799	0.165017	32.9897
3.65154	23.6799	0.330033	32.9897
3.65206	23.7624	0.247525	32.9897
3.65378	23.8449	0.165017	32.9897
3.65401	23.8861	0.247525	32.9897
3.65569	23.9686	0.165017	32.9897
3.71827	24.0512	0.0825083	32.9897
3.71887	24.0924	0.165017	32.9897
3.72142	24.1337	0.247525	32.9897
3.72206	24.2162	0.165017	32.9897
3.72462	24.2987	0.0825083	32.9897
3.72541	24.3399	0.165017	32.9897
3.75564	24.4224	0.0825083	32.9897
3.75824	24.4637	0.165017	32.9897
3.78658	24.5462	0.0825083	32.9897
3.79104	24.5875	0.165017	32.9897
3.79751	24.67	0.0825083	32.9897
3.80679	24.67	0.0825083	33.5052
3.81169	24.7112	0.165017	33.5052
3.81169	24.7112	0.330033	33.5052
3.81178	24.7937	0.247525	33.5052
3.81313	24.8762	0.165017	33.5052
3.86136	24.9587	0.0825083	33.5052
3.88431	24.9587	0.0825083	34.0206
3.8937	24.9587	0.0825083	34.5361
3.89406	24.9587	0.247525	34.5361
3.89693	25.0413	0.165017	34.5361
3.90055	25.1238	0.0825083	34.5361
3.90156	25.165	0.165017	34.5361
3.92292	25.2475	0.0825083	34.5361
3.92498	25.2888	0.165017	34.5361
3.92607	25.3713	0.0825083	34.5361
3.927	25.3713	0.247525	34.5361
3.92733	25.4538	0.165017	34.5361
3.9274	25.4951	0.247525	34.5361
3.92794	25.5776	0.165017	34.5361
3.93459	25.6601	0.0825083	34.5361
3.94856	25.6601	0.0825083	35.0515
3.95347	25.7013	0.165017	35.0515
3.95529	25.7013	0.330033	35.0515
3.95577	25.7838	0.247525	35.0515
3.95782	25.8663	0.165017	35.0515
3.97844	25.9488	0.0825083	35.0515
3.97869	25.9901	0.165017	35.0515
3.98079	26.0726	0.0825083	35.0515
3.98202	26.0726	0.247525	35.0515
3.98266	26.1551	0.165017	35.0515
3.98389	26.1551	0.330033	35.0515
3.98641	26.2376	0.247525	35.0515
3.98745	26.3201	0.165017	35.0515
3.98747	26.3201	0.247525	35.0515
3.9883	26.4026	0.165017	35.0515
4.00234	26.4851	0.0825083	35.0515
4.00659	26.5264	0.165017	35.0515
4.01875	26.6089	0.0825083	35.0515
4.01877	26.6089	0.165017	35.0515
4.03086	26.6914	0.0825083	35.0515
4.03421	26.7327	0.165017	35.0515
4.04817	26.8152	0.0825083	35.0515
4.0483	26.8152	0.247525	35.0515
4.05112	26.8977	0.165017	35.0515
4.08366	26.9802	0.0825083	35.0515
4.08374	26.9802	0.247525	35.0515
4.08456	27.0627	0.165017	35.0515
4.11406	27.1452	0.0825083	35.0515
4.12366	27.1452	0.0825083	35.0515
4.12439	27.1452	0.247525	35.0515
4.12469	27.1865	0.330033	35.0515
4.12638	27.269	0.247525	35.0515
4.12679	27.3515	0.165017	35.0515
4.14111	27.434	0.0825083	35.0515
4.14173	27.4752	0.165017	35.0515
4.14289	27.5578	0.0825083	35.0515
4.19072	27.5578	0.0825083	35.567
4.19774	27.5578	0.0825083	36.0825
4.20056	27.599	0.165017	36.0825
4.20524	27.6815	0.0825083	36.0825
4.20707	27.7228	0.165017	36.0825
4.21205	27.8053	0.0825083	36.0825
4.21348	27.8053	0.165017	36.0825
4.2191	27.8878	0.0825083	36.0825
4.21987	27.8878	0.247525	36.0825
4.22137	27.9703	0.165017	36.0825
4.22609	28.0528	0.0825083	36.0825
4.2439	28.0528	0.0825083	36.5979
4.24582	28.0528	0.247525	36.5979
4.25175	28.1353	0.165017	36.5979
4.28449	28.2178	0.0825083	36.5979
4.28618	28.2591	0.165017	36.5979
4.29119	28.3416	0.0825083	36.5979
4.29161	28.3416	0.247525	36.5979
4.29351	28.4241	0.165017	36.5979
4.31069	28.5066	0.0825083	36.5979
4.35121	28.5066	0.0825083	37.1134
4.35137	28.5479	0.165017	37.1134
4.35336	28.6304	0.0825083	37.1134
4.35658	28.6716	0.165017	37.1134
4.3663	28.7541	0.0825083	37.1134
4.37076	28.7954	0.165017	37.1134
4.37745	28.8779	0.0825083	37.1134
4.37761	28.8779	0.0825083	37.6289
4.37927	28.9191	0.165017	37.6289
4.39569	29.0016	0.0825083	37.6289
4.39618	29.0429	0.165017	37.6289
4.45431	29.1254	0.0825083	37.6289
4.45514	29.1254	0.247525	37.6289
4.45895	29.2079	0.165017	37.6289
4.49201	29.2904	0.0825083	37.6289
4.49204	29.3317	0.165017	37.6289
4.50623	29.4142	0.0825083	37.6289
4.50654	29.4554	0.165017	37.6289
4.50798	29.538	0.0825083	37.6289
4.50877	29.538	0.247525	37.6289
4.50902	29.6205	0.165017	37.6289
4.51455	29.703	0.0825083	37.6289
4.51512	29.703	0.247525	37.6289
4.51518	29.7855	0.165017	37.6289
4.51771	29.868	0.0825083	37.6289
4.52916	29.868	0.0825083	38.1443
4.53062	29.868	0.0825083	38.6598
4.53277	29.9092	0.165017	38.6598
4.53342	29.9917	0.0825083	38.6598
4.58746	29.9917	0.0825083	39.1753
4.5962	30.033	0.165017	39.1753
4.59798	30.033	0.330033	39.1753
4.60032	30.1155	0.247525	39.1753
4.6005	30.1155	0.412541	39.1753
4.60075	30.198	0.330033	39.1753
4.60152	30.2805	0.247525	39.1753
4.60234	30.363	0.165017	39.1753
4.60526	30.363	0.165017	39.6907
4.60684	30.4043	0.247525	39.6907
4.60764	30.4455	0.330033	39.6907
4.60925	30.5281	0.247525	39.6907
4.62558	30.6106	0.165017	39.6907
4.62897	30.6106	0.247525	39.6907
4.63502	30.6931	0.165017	39.6907
4.63503	30.7343	0.247525	39.6907
4.67191	30.8168	0.165017	39.6907
4.67295	30.8581	0.247525	39.6907
4.70369	30.9406	0.165017	39.6907
4.71275	30.9406	0.165017	40.2062
4.7154	30.9406	0.165017	40.2062
4.71554	30.9406	0.330033	40.2062
4.71784	31.0231	0.247525	40.2062
4.76203	31.1056	0.165017	40.2062
4.76254	31.1469	0.247525	40.2062
4.76296	31.1469	0.330033	40.2062
4.76541	31.2294	0.247525	40.2062
4.78659	31.3119	0.165017	40.2062
4.78685	31.3531	0.247525	40.2062
4.79949	31.4356	0.165017	40.2062
4.79992	31.4769	0.247525	40.2062
4.8048	31.5594	0.165017	40.2062
4.80779	31.6007	0.247525	40.2062
4.81396	31.6832	0.165017	40.2062
4.81607	31.7244	0.247525	40.2062
4.81722	31.8069	0.165017	40.2062
4.81735	31.8069	0.330033	40.2062
4.81769	31.8894	0.247525	40.2062
4.81806	31.9719	0.165017	40.2062
4.82079	32.0132	0.247525	40.2062
4.84197	32.0957	0.165017	40.2062
4.88498	32.0957	0.165017	40.7216
4.88529	32.137	0.247525	40.7216
4.93521	32.2195	0.165017	40.7216
4.93657	32.2607	0.247525	40.7216
4.94251	32.3432	0.165017	40.7216
4.94397	32.3845	0.247525	40.7216
4.94633	32.467	0.165017	40.7216
4.94642	32.5083	0.247525	40.7216
4.94753	32.5495	0.330033	40.7216
4.9476	32.5495	0.412541	40.7216
4.94795	32.632	0.330033	40.7216
4.94836	32.632	0.330033	41.2371
4.94849	32.7145	0.247525	41.2371
4.94924	32.7145	0.247525	42.268
4.96867	32.797	0.165017	42.268
5.00525	32.797	0.165017	43.299
5.02785	32.797	0.165017	43.8144
5.02831	32.8383	0.247525	43.8144
5.02926	32.8383	0.247525	43.8144
5.04668	32.9208	0.165017	43.8144
5.04711	32.9208	0.330033	43.8144
5.04815	33.0033	0.247525	43.8144
5.0547	33.0858	0.165017	43.8144
5.05641	33.1271	0.247525	43.8144
5.06476	33.2096	0.165017	43.8144
5.06599	33.2096	0.330033	43.8144
5.06737	33.2921	0.247525	43.8144
5.10784	33.3746	0.165017	43.8144
5.10893	33.4158	0.247525	43.8144
5.12223	33.4983	0.165017	43.8144
5.12323	33.4983	0.330033	43.8144
5.12738	33.5809	0.247525	43.8144
5.14659	33.6634	0.165017	43.8144
5.15456	33.6634	0.247525	43.8144
5.16508	33.7459	0.165017	43.8144
5.16878	33.7459	0.330033	43.8144
5.17027	33.8284	0.247525	43.8144
5.17671	33.9109	0.165017	43.8144
5.17735	33.9521	0.247525	43.8144
5.18252	34.0347	0.165017	43.8144
5.18596	34.0347	0.165017	44.3299
5.18687	34.0347	0.247525	44.3299
5.22612	34.1172	0.165017	44.3299
5.22911	34.1584	0.247525	44.3299
5.26594	34.2409	0.165017	44.3299
5.26605	34.2409	0.330033	44.3299
5.26687	34.3234	0.247525	44.3299
5.29199	34.4059	0.165017	44.3299
5.29222	34.4472	0.247525	44.3299
5.29661	34.5297	0.165017	44.3299
5.29741	34.571	0.247525	44.3299
5.38164	34.6535	0.165017	44.3299
5.3819	34.6535	0.330033	44.3299
5.38384	34.736	0.247525	44.3299
5.39657	34.8185	0.165017	44.3299
5.4341	34.8185	0.165017	44.8454
5.43472	34.8185	0.330033	44.8454
5.43533	34.901	0.247525	44.8454
5.43592	34.9835	0.165017	44.8454
5.43693	34.9835	0.330033	44.8454
5.4413	35.066	0.247525	44.8454
5.44971	35.1485	0.165017	44.8454
5.45201	35.1485	0.330033	44.8454
5.4524	35.231	0.247525	44.8454
5.46325	35.3135	0.165017	44.8454
5.46623	35.3135	0.330033	44.8454
5.46793	35.396	0.247525	44.8454
5.47465	35.4785	0.165017	44.8454
5.47856	35.4785	0.247525	44.8454
5.50922	35.5611	0.165017	44.8454
5.51451	35.5611	0.165017	45.3608
5.51557	35.6023	0.247525	45.3608
5.51779	35.6023	0.330033	45.3608
5.51866	35.6848	0.247525	45.3608
5.52357	35.7673	0.165017	45.3608
5.5239	35.8086	0.247525	45.3608
5.5492	35.8911	0.165017	45.3608
5.54928	35.8911	0.330033	45.3608
5.55009	35.9736	0.247525	45.3608
5.55345	36.0561	0.165017	45.3608
5.55741	36.0561	0.165017	45.8763
5.55805	36.0974	0.247525	45.8763
5.56038	36.1799	0.165017	45.8763
5.56043	36.2211	0.247525	45.8763
5.5612	36.3036	0.165017	45.8763
5.56148	36.3449	0.247525	45.8763
5.56567	36.4274	0.165017	45.8763
5.5685	36.4686	0.247525	45.8763
5.5696	36.4686	0.412541	45.8763
5.5724	36.5512	0.330033	45.8763
5.57267	36.5924	0.412541	45.8763
5.57382	36.6749	0.330033	45.8763
5.59835	36.7574	0.247525	45.8763
5.6001	36.7987	0.330033	45.8763
5.61203	36.8812	0.247525	45.8763
5.61214	36.9224	0.330033	45.8763
5.65343	37.005	0.247525	45.8763
5.65541	37.0462	0.330033	45.8763
5.66033	37.1287	0.247525	45.8763
5.6609	37.1287	0.330033	45.8763
5.7237	37.2112	0.247525	45.8763
5.73027	37.2112	0.247525	46.3918
5.73285	37.2525	0.330033	46.3918
5.73792	37.335	0.247525	46.3918
5.73805	37.3762	0.330033	46.3918
5.7494	37.4587	0.247525	46.3918
5.75106	37.5	0.330033	46.3918
5.75468	37.5825	0.247525	46.3918
5.75606	37.5825	0.330033	46.3918
5.77579	37.665	0.247525	46.3918
5.77609	37.7063	0.330033	46.3918
5.78727	37.7888	0.247525	46.3918
5.78816	37.7888	0.412541	46.3918
5.7887	37.8713	0.330033	46.3918
5.8056	37.9538	0.247525	46.3918
5.81479	38.0363	0.165017	46.3918
5.81539	38.0363	0.247525	46.3918
5.81791	38.1188	0.165017	46.3918
5.8582	38.1188	0.165017	46.3918
5.862	38.1188	0.330033	46.3918
5.8632	38.2013	0.247525	46.3918
5.88732	38.2838	0.165017	46.3918
5.90544	38.2838	0.165017	46.9072
5.90575	38.2838	0.330033	46.9072
5.90613	38.3663	0.247525	46.9072
5.91034	38.4488	0.165017	46.9072
5.91045	38.4488	0.247525	46.9072
5.93223	38.5314	0.165017	46.9072
5.93656	38.5314	0.247525	46.9072
5.93863	38.6139	0.165017	46.9072
5.94097	38.6139	0.247525	46.9072
5.95919	38.6964	0.165017	46.9072
5.96367	38.7376	0.247525	46.9072
5.96407	38.8201	0.165017	46.9072
6.01284	38.8201	0.165017	47.4227
6.01358	38.8201	0.247525	47.4227
6.035	38.9026	0.165017	47.4227
6.03857	38.9439	0.247525	47.4227
6.04183	38.9851	0.330033	47.4227
6.07759	39.0677	0.247525	47.4227
6.11057	39.1502	0.165017	47.4227
6.11095	39.1502	0.330033	47.4227
6.11648	39.2327	0.247525	47.4227
6.1767	39.3152	0.165017	47.4227
6.20554	39.3564	0.247525	47.4227
6.20574	39.3564	0.412541	47.4227
6.20759	39.4389	0.330033	47.4227
6.21906	39.5215	0.247525	47.4227
6.23558	39.5215	0.247525	48.4536
6.26888	39.604	0.165017	48.4536
6.27062	39.604	0.330033	48.4536
6.2729	39.6865	0.247525	48.4536
6.29402	39.769	0.165017	48.4536
6.30645	39.8102	0.247525	48.4536
6.30688	39.8515	0.330033	48.4536
6.31781	39.934	0.247525	48.4536
6.31799	39.934	0.412541	48.4536
6.31815	40.0165	0.330033	48.4536
6.31834	40.0578	0.412541	48.4536
6.31903	40.1403	0.330033	48.4536
6.32065	40.1815	0.412541	48.4536
6.32105	40.264	0.330033	48.4536
6.32134	40.3465	0.247525	48.4536
6.32171	40.3465	0.412541	48.4536
6.32629	40.429	0.330033	48.4536
6.32637	40.429	0.49505	48.4536
6.32681	40.5116	0.412541	48.4536
6.32824	40.5941	0.330033	48.4536
6.35275	40.6766	0.247525	48.4536
6.35369	40.6766	0.330033	48.4536
6.37451	40.7591	0.247525	48.4536
6.37554	40.8003	0.330033	48.4536
6.41209	40.8828	0.247525	48.4536
6.41761	40.8828	0.247525	48.9691
6.48445	40.8828	0.247525	49.4845
6.48717	40.8828	0.412541	49.4845
6.48809	40.9653	0.330033	49.4845
6.49715	41.0479	0.247525	49.4845
6.51131	41.0479	0.247525	50.5155
6.51139	41.0891	0.330033	50.5155
6.51849	41.1716	0.247525	50.5155
6.51938	41.1716	0.330033	50.5155
6.54353	41.2541	0.247525	50.5155
6.54552	41.2541	0.412541	50.5155
6.5534	41.3366	0.330033	50.5155
6.59292	41.4191	0.247525	50.5155
6.60218	41.4191	0.247525	51.0309
6.60226	41.4191	0.247525	52.0619
6.60325	41.4604	0.330033	52.0619
6.60641	41.5429	0.247525	52.0619
6.60923	41.5842	0.330033	52.0619
6.62561	41.6667	0.247525	52.0619
6.626	41.7079	0.330033	52.0619
6.68448	41.7904	0.247525	52.0619
6.68569	41.8317	0.330033	52.0619
6.70646	41.9142	0.247525	52.0619
6.70891	41.9554	0.330033	52.0619
6.71175	42.038	0.247525	52.0619
6.71183	42.0792	0.330033	52.0619
6.73759	42.1617	0.247525	52.0619
6.73833	42.203	0.330033	52.0619
6.74298	42.2855	0.247525	52.0619
6.74456	42.2855	0.330033	52.0619
6.74697	42.368	0.247525	52.0619
6.74967	42.368	0.247525	52.0619
6.75064	42.4092	0.330033	52.0619
6.76444	42.4917	0.247525	52.0619
6.76453	42.533	0.330033	52.0619
6.76543	42.5743	0.412541	52.0619
6.76821	42.6568	0.330033	52.0619
6.76825	42.7393	0.247525	52.0619
6.76983	42.7393	0.412541	52.0619
6.77392	42.8218	0.330033	52.0619
6.77656	42.9043	0.247525	52.0619
6.80115	42.9043	0.247525	53.0928
6.81645	42.9043	0.247525	54.1237
6.81844	42.9043	0.330033	54.1237
6.82899	42.9868	0.247525	54.1237
6.8999	42.9868	0.247525	55.1546
6.90506	42.9868	0.330033	55.1546
6.92236	43.0693	0.247525	55.1546
6.92502	43.1106	0.330033	55.1546
6.94875	43.1931	0.247525	55.1546
6.94916	43.2343	0.330033	55.1546
6.96427	43.3168	0.247525	55.1546
6.97625	43.3168	0.247525	56.1856
6.98447	43.3168	0.247525	57.2165
6.98792	43.3581	0.330033	57.2165
7.02942	43.4406	0.247525	57.2165
7.03019	43.4406	0.330033	57.2165
7.08856	43.5231	0.247525	57.2165
7.09728	43.5231	0.247525	57.732
7.09872	43.5644	0.330033	57.732
7.11588	43.6469	0.247525	57.732
7.11682	43.6469	0.412541	57.732
7.11816	43.7294	0.330033	57.732
7.15827	43.8119	0.247525	57.732
7.16041	43.8531	0.330033	57.732
7.18432	43.9356	0.247525	57.732
7.18631	43.9769	0.330033	57.732
7.18635	44.0594	0.247525	57.732
7.18706	44.0594	0.412541	57.732
7.18792	44.1419	0.330033	57.732
7.19469	44.2244	0.247525	57.732
7.19499	44.2657	0.330033	57.732
7.21241	44.3482	0.247525	57.732
7.21409	44.3482	0.330033	57.732
7.21757	44.4307	0.247525	57.732
7.21849	44.4719	0.330033	57.732
7.22705	44.5545	0.247525	57.732
7.22854	44.5957	0.330033	57.732
7.26333	44.6782	0.247525	57.732
7.30746	44.6782	0.247525	58.2474
7.30771	44.6782	0.412541	58.2474
7.31037	44.7607	0.330033	58.2474
7.37524	44.8432	0.247525	58.2474
7.37634	44.8845	0.330033	58.2474
7.39367	44.967	0.247525	58.2474
7.39902	44.967	0.412541	58.2474
7.4296	45.0495	0.330033	58.2474
7.44427	45.0495	0.330033	58.7629
7.44757	45.0908	0.412541	58.7629
7.45613	45.1733	0.330033	58.7629
7.45995	45.2145	0.412541	58.7629
7.49321	45.297	0.330033	58.7629
7.4953	45.3383	0.412541	58.7629
7.53012	45.4208	0.330033	58.7629
7.53339	45.462	0.412541	58.7629
7.61642	45.5446	0.330033	58.7629
7.61724	45.5446	0.49505	58.7629
7.61746	45.6271	0.412541	58.7629
7.66413	45.7096	0.330033	58.7629
7.66507	45.7096	0.412541	58.7629
7.71434	45.7921	0.330033	58.7629
7.71877	45.8333	0.412541	58.7629
7.76034	45.9158	0.330033	58.7629
7.76212	45.9158	0.49505	58.7629
7.76357	45.9983	0.412541	58.7629
7.77915	46.0809	0.330033	58.7629
7.7804	46.1221	0.412541	58.7629
7.79224	46.2046	0.330033	58.7629
7.79328	46.2459	0.412541	58.7629
7.79343	46.2871	0.49505	58.7629
7.79439	46.3696	0.412541	58.7629
7.82569	46.4521	0.330033	58.7629
7.82756	46.4521	0.49505	58.7629
7.83217	46.5347	0.412541	58.7629
7.8698	46.6172	0.330033	58.7629
7.88257	46.6584	0.412541	58.7629
7.89564	46.7409	0.330033	58.7629
7.90102	46.7822	0.412541	58.7629
7.90108	46.8647	0.330033	58.7629
7.90153	46.8647	0.412541	58.7629
7.90979	46.9472	0.330033	58.7629
7.91726	46.9884	0.412541	58.7629
7.91948	47.0297	0.49505	58.7629
7.91994	47.1122	0.412541	58.7629
7.92673	47.1947	0.330033	58.7629
7.92743	47.236	0.412541	58.7629
7.96595	47.3185	0.330033	58.7629
7.96637	47.3597	0.412541	58.7629
7.99246	47.4422	0.330033	58.7629
7.99644	47.4835	0.412541	58.7629
7.99745	47.5248	0.49505	58.7629
8.00278	47.6073	0.412541	58.7629
8.00327	47.6485	0.49505	58.7629
8.01631	47.731	0.412541	58.7629
8.02837	47.731	0.412541	59.7938
8.03091	47.7723	0.49505	59.7938
8.04703	47.8548	0.412541	59.7938
8.04744	47.8548	0.577558	59.7938
8.05223	47.9373	0.49505	59.7938
8.05444	48.0198	0.412541	59.7938
8.05582	48.0611	0.49505	59.7938
8.10215	48.1436	0.412541	59.7938
8.10243	48.1848	0.49505	59.7938
8.1034	48.2673	0.412541	59.7938
8.15366	48.2673	0.412541	60.8247
8.18257	48.3498	0.330033	60.8247
8.18324	48.3911	0.412541	60.8247
8.19454	48.4736	0.330033	60.8247
8.22998	48.4736	0.330033	61.8557
8.23412	48.4736	0.412541	61.8557
8.2358	48.5561	0.330033	61.8557
8.23701	48.5974	0.412541	61.8557
8.26292	48.6799	0.330033	61.8557
8.26298	48.7211	0.412541	61.8557
8.33568	48.8036	0.330033	61.8557
8.33719	48.8036	0.49505	61.8557
8.33802	48.8861	0.412541	61.8557
8.35608	48.9686	0.330033	61.8557
8.35748	48.9686	0.412541	61.8557
8.37346	49.0512	0.330033	61.8557
8.37351	49.0512	0.412541	61.8557
8.45004	49.1337	0.330033	61.8557
8.45017	49.1749	0.412541	61.8557
8.45176	49.2162	0.49505	61.8557
8.45306	49.2987	0.412541	61.8557
8.46587	49.3812	0.330033	61.8557
8.4683	49.3812	0.412541	61.8557
8.48413	49.4637	0.330033	61.8557
8.48509	49.505	0.412541	61.8557
8.48669	49.5875	0.330033	61.8557
8.48975	49.6287	0.412541	61.8557
8.50103	49.7112	0.330033	61.8557
8.50387	49.7525	0.412541	61.8557
8.51117	49.835	0.330033	61.8557
8.51128	49.8762	0.412541	61.8557
8.62031	49.9587	0.330033	61.8557
8.62052	50	0.412541	61.8557
8.66118	50.0825	0.330033	61.8557
8.66194	50.1238	0.412541	61.8557
8.66276	50.165	0.49505	61.8557
8.66492	50.2475	0.412541	61.8557
8.70956	50.33	0.330033	61.8557
8.7096	50.3713	0.412541	61.8557
8.74147	50.4538	0.330033	61.8557
8.74214	50.495	0.412541	61.8557
8.76143	50.5776	0.330033	61.8557
8.76598	50.5776	0.330033	62.8866
8.77222	50.5776	0.412541	62.8866
8.77244	50.6601	0.330033	62.8866
8.77469	50.7013	0.412541	62.8866
8.80445	50.7838	0.330033	62.8866
8.80598	50.7838	0.412541	62.8866
8.80602	50.8663	0.330033	62.8866
8.80659	50.8663	0.412541	62.8866
8.80795	50.9488	0.330033	62.8866
8.80883	50.9901	0.412541	62.8866
8.83443	51.0726	0.330033	62.8866
8.83789	51.1139	0.412541	62.8866
8.85739	51.1964	0.330033	62.8866
8.86065	51.1964	0.412541	62.8866
8.86138	51.2376	0.49505	62.8866
8.89121	51.3201	0.412541	62.8866
8.90213	51.3201	0.412541	63.9175
8.90702	51.3614	0.49505	63.9175
8.9397	51.4439	0.412541	63.9175
8.95098	51.4439	0.412541	64.433
8.95321	51.4439	0.49505	64.433
8.95373	51.5264	0.412541	64.433
8.95394	51.5264	0.577558	64.433
8.95436	51.6089	0.49505	64.433
9.01721	51.6914	0.412541	64.433
9.04425	51.6914	0.412541	65.4639
9.04539	51.6914	0.577558	65.4639
9.07014	51.7739	0.49505	65.4639
9.0702	51.7739	0.660066	65.4639
9.07136	51.8564	0.577558	65.4639
9.07529	51.9389	0.49505	65.4639
9.07795	51.9389	0.660066	65.4639
9.07974	52.0215	0.577558	65.4639
9.08969	52.104	0.49505	65.4639
9.09204	52.1452	0.577558	65.4639
9.10285	52.2277	0.49505	65.4639
9.104	52.3102	0.412541	65.4639
9.10892	52.3515	0.49505	65.4639
9.11208	52.434	0.412541	65.4639
9.11874	52.434	0.49505	65.4639
9.12007	52.5165	0.412541	65.4639
9.15334	52.599	0.330033	65.4639
9.18514	52.6815	0.247525	65.4639
9.18735	52.6815	0.412541	65.4639
9.18896	52.764	0.330033	65.4639
9.20517	52.8465	0.247525	65.4639
9.20522	52.8878	0.330033	65.4639
9.20533	52.929	0.412541	65.4639
9.20678	53.0116	0.330033	65.4639
9.20834	53.0941	0.247525	65.4639
9.20847	53.0941	0.412541	65.4639
9.21025	53.1766	0.330033	65.4639
9.23504	53.2591	0.247525	65.4639
9.23562	53.2591	0.330033	65.4639
9.29003	53.3416	0.247525	65.4639
9.29014	53.3828	0.330033	65.4639
9.3159	53.4653	0.247525	65.4639
9.31605	53.5066	0.330033	65.4639
9.31764	53.5891	0.247525	65.4639
9.32318	53.5891	0.330033	65.4639
9.35865	53.6716	0.247525	65.4639
9.40092	53.6716	0.247525	66.4948
9.42314	53.6716	0.247525	67.0103
9.42323	53.7129	0.330033	67.0103
9.43583	53.7954	0.247525	67.0103
9.44005	53.7954	0.330033	67.0103
9.45866	53.8779	0.247525	67.0103
9.46077	53.9191	0.330033	67.0103
9.46455	54.0017	0.247525	67.0103
9.52008	54.0017	0.247525	67.5258
9.52161	54.0429	0.330033	67.5258
9.53938	54.1254	0.247525	67.5258
9.53951	54.1254	0.247525	67.5258
9.5425	54.1667	0.330033	67.5258
9.5718	54.2492	0.247525	67.5258
9.57269	54.2904	0.330033	67.5258
9.57342	54.3729	0.247525	67.5258
9.57695	54.4142	0.330033	67.5258
9.57938	54.4967	0.247525	67.5258
9.58019	54.538	0.330033	67.5258
9.59154	54.6205	0.247525	67.5258
9.59209	54.6205	0.412541	67.5258
9.59282	54.703	0.330033	67.5258
9.59316	54.7442	0.412541	67.5258
9.59664	54.8267	0.330033	67.5258
9.63944	54.9092	0.247525	67.5258
9.68764	54.9092	0.247525	68.5567
9.68892	54.9092	0.330033	68.5567
9.71978	54.9917	0.247525	68.5567
9.72007	54.9917	0.412541	68.5567
9.72093	55.0743	0.330033	68.5567
9.80981	55.1568	0.247525	68.5567
9.81	55.198	0.330033	68.5567
9.81153	55.2805	0.247525	68.5567
9.81503	55.3218	0.330033	68.5567
9.81718	55.4043	0.247525	68.5567
9.83849	55.4043	0.247525	69.0722
9.83852	55.4455	0.330033	69.0722
9.92937	55.5281	0.247525	69.0722
9.92991	55.5693	0.330033	69.0722
9.93391	55.6518	0.247525	69.0722
9.934	55.6931	0.330033	69.0722
9.94568	55.7756	0.247525	69.0722
9.98365	55.7756	0.247525	70.1031
9.98575	55.8168	0.330033	70.1031
10.0232	55.8993	0.247525	70.1031
10.1168	55.8993	0.247525	71.134
10.1649	55.8993	0.247525	72.1649
10.1651	55.8993	0.330033	72.1649
10.1655	55.9406	0.412541	72.1649
10.1688	56.0231	0.330033	72.1649
10.1689	56.0644	0.412541	72.1649
10.1694	56.1469	0.330033	72.1649
10.1834	56.2294	0.247525	72.1649
10.1857	56.2706	0.330033	72.1649
10.1869	56.3531	0.247525	72.1649
10.1901	56.3944	0.330033	72.1649
10.2196	56.4769	0.247525	72.1649
10.2199	56.4769	0.412541	72.1649
10.2251	56.5594	0.330033	72.1649
10.2909	56.6419	0.247525	72.1649
10.2917	56.6832	0.330033	72.1649
10.2933	56.7657	0.247525	72.1649
10.2933	56.7657	0.412541	72.1649
10.2939	56.8482	0.330033	72.1649
10.3465	56.9307	0.247525	72.1649
10.3478	56.9719	0.330033	72.1649
10.3521	57.0545	0.247525	72.1649
10.3539	57.0957	0.330033	72.1649
10.3666	57.1782	0.247525	72.1649
10.3695	57.1782	0.330033	72.1649
10.4617	57.2607	0.247525	72.1649
10.4623	57.302	0.330033	72.1649
10.5134	57.3845	0.247525	72.1649
10.514	57.3845	0.412541	72.1649
10.5207	57.467	0.330033	72.1649
10.5861	57.5495	0.247525	72.1649
10.5862	57.5908	0.330033	72.1649
10.59	57.632	0.412541	72.1649
10.591	57.7145	0.330033	72.1649
10.5942	57.797	0.247525	72.1649
10.6227	57.797	0.247525	72.6804
10.6227	57.797	0.330033	72.6804
10.6447	57.8795	0.247525	72.6804
10.6506	57.9208	0.330033	72.6804
10.6578	58.0033	0.247525	72.6804
10.6597	58.0446	0.330033	72.6804
10.717	58.1271	0.247525	72.6804
10.7177	58.1683	0.330033	72.6804
10.7435	58.2508	0.247525	72.6804
10.744	58.2921	0.330033	72.6804
10.7577	58.3746	0.247525	72.6804
10.7589	58.4158	0.330033	72.6804
10.7926	58.4983	0.247525	72.6804
10.809	58.4983	0.247525	73.7113
10.8123	58.5396	0.330033	73.7113
10.8165	58.6221	0.247525	73.7113
10.8165	58.6221	0.412541	73.7113
10.8175	58.7046	0.330033	73.7113
10.8507	58.7871	0.247525	73.7113
10.8509	58.8284	0.330033	73.7113
10.8613	58.9109	0.247525	73.7113
10.8617	58.9521	0.330033	73.7113
10.8757	59.0347	0.247525	73.7113
10.8841	59.0759	0.330033	73.7113
10.9036	59.1584	0.247525	73.7113
10.9225	59.2409	0.165017	73.7113
10.9364	59.2409	0.165017	74.7423
10.9376	59.2409	0.330033	74.7423
10.9382	59.3234	0.247525	74.7423
10.939	59.4059	0.165017	74.7423
10.9408	59.4472	0.247525	74.7423
10.9506	59.5297	0.165017	74.7423
11.0363	59.5297	0.165017	75.2577
11.0367	59.5297	0.330033	75.2577
11.0369	59.6122	0.247525	75.2577
11.056	59.6947	0.165017	75.2577
11.056	59.736	0.247525	75.2577
11.0676	59.8185	0.165017	75.2577
11.072	59.8597	0.247525	75.2577
11.2089	59.9422	0.165017	75.2577
11.2107	59.9835	0.247525	75.2577
11.211	60.066	0.165017	75.2577
11.2114	60.1073	0.247525	75.2577
11.2178	60.1898	0.165017	75.2577
11.2187	60.1898	0.330033	75.2577
11.2215	60.2723	0.247525	75.2577
11.2429	60.3548	0.165017	75.2577
11.2443	60.3548	0.247525	75.2577
11.2715	60.4373	0.165017	75.2577
11.2732	60.4785	0.247525	75.2577
11.2972	60.5611	0.165017	75.2577
11.2982	60.6023	0.247525	75.2577
11.2986	60.6436	0.330033	75.2577
11.299	60.7261	0.247525	75.2577
11.3856	60.8086	0.165017	75.2577
11.3856	60.8086	0.330033	75.2577
11.3857	60.8911	0.247525	75.2577
11.3897	60.9736	0.165017	75.2577
11.3989	60.9736	0.165017	76.2887
11.3991	61.0149	0.247525	76.2887
11.415	61.0974	0.165017	76.2887
11.4242	61.0974	0.165017	77.3196
11.4261	61.1386	0.247525	77.3196
11.4489	61.2211	0.165017	77.3196
11.4538	61.2624	0.247525	77.3196
11.4767	61.3449	0.165017	77.3196
11.4769	61.3861	0.247525	77.3196
11.4836	61.4686	0.165017	77.3196
11.4841	61.4686	0.330033	77.3196
11.4846	61.5512	0.247525	77.3196
11.4905	61.6337	0.165017	77.3196
11.537	61.6337	0.165017	78.3505
11.5375	61.6749	0.247525	78.3505
11.5383	61.6749	0.412541	78.3505
11.5383	61.7574	0.330033	78.3505
11.542	61.8399	0.247525	78.3505
11.563	61.9224	0.165017	78.3505
11.5653	61.9637	0.247525	78.3505
11.5776	62.0462	0.165017	78.3505
11.578	62.0875	0.247525	78.3505
11.6212	62.17	0.165017	78.3505
11.6227	62.17	0.330033	78.3505
11.6267	62.2525	0.247525	78.3505
11.7188	62.335	0.165017	78.3505
11.7231	62.335	0.247525	78.3505
11.7443	62.4175	0.165017	78.3505
11.7518	62.4587	0.247525	78.3505
11.8335	62.5413	0.165017	78.3505
11.8403	62.5413	0.247525	78.3505
11.8719	62.6238	0.165017	78.3505
11.8725	62.665	0.247525	78.3505
11.9038	62.7475	0.165017	78.3505
11.9084	62.7475	0.165017	78.866
11.9088	62.7888	0.247525	78.866
11.9337	62.8713	0.165017	78.866
11.936	62.8713	0.247525	78.866
11.9718	62.9538	0.165017	78.866
11.9725	62.995	0.247525	78.866
12.0146	63.0776	0.165017	78.866
12.0383	63.1601	0.0825083	78.866
12.0407	63.2013	0.165017	78.866
12.0698	63.2838	0.0825083	78.866
12.0726	63.3251	0.165017	78.866
12.1233	63.4076	0.0825083	78.866
12.1244	63.4488	0.165017	78.866
12.2499	63.5314	0.0825083	78.866
12.2527	63.5314	0.247525	78.866
12.2527	63.6139	0.165017	78.866
12.2719	63.6964	0.0825083	78.866
12.274	63.6964	0.0825083	79.8969
12.2746	63.6964	0.165017	79.8969
12.3377	63.7789	0.0825083	79.8969
12.3387	63.8201	0.165017	79.8969
12.341	63.9026	0.0825083	79.8969
12.4062	63.9851	0	79.8969
12.4073	64.0264	0.0825083	79.8969
12.4386	64.1089	0	79.8969
12.4416	64.1502	0.0825083	79.8969
12.4645	64.2327	0	79.8969
12.4656	64.2327	0.165017	79.8969
12.467	64.3152	0.0825083	79.8969
12.4897	64.3977	0	79.8969
12.4899	64.3977	0.0825083	79.8969
12.5134	64.4802	0	79.8969
12.5192	64.5215	0.0825083	79.8969
12.5227	64.604	0	79.8969
12.5228	64.6452	0.0825083	79.8969
12.6716	64.7277	0	79.8969
12.6718	64.7277	0.165017	79.8969
12.6719	64.7277	0.330033	79.8969
12.6721	64.8102	0.247525	79.8969
12.6727	64.8927	0.165017	79.8969
12.6746	64.9753	0.0825083	79.8969
12.6748	65.0578	0	79.8969
12.6748	65.099	0.0825083	79.8969
12.69	65.1815	0	79.8969
12.6914	65.2228	0.0825083	79.8969
12.7153	65.3053	0	79.8969
12.7173	65.3053	0.165017	79.8969
12.7201	65.3878	0.0825083	79.8969
12.7425	65.4703	0	79.8969
12.7444	65.5116	0.0825083	79.8969
12.766	65.5941	0	79.8969
12.7663	65.6353	0.0825083	79.8969
12.7761	65.7178	0	79.8969
12.7762	65.7178	0.165017	79.8969
12.7788	65.8003	0.0825083	79.8969
12.8076	65.8828	0	79.8969
12.8079	65.8828	0.0825083	79.8969
12.879	65.9653	0	79.8969
12.8793	65.9653	0.165017	79.8969
12.8828	66.0479	0.0825083	79.8969
12.9681	66.1304	0	79.8969
12.969	66.1716	0.0825083	79.8969
12.9724	66.2541	0	79.8969
13.0563	66.2541	0	80.4124
13.059	66.2954	0.0825083	80.4124
13.067	66.3779	0	80.4124
13.0877	66.3779	0	80.9278
13.0889	66.4191	0.0825083	80.9278
13.1601	66.5016	0	80.9278
13.1633	66.5016	0.165017	80.9278
13.1655	66.5842	0.0825083	80.9278
13.2348	66.6667	0	80.9278
13.2369	66.7079	0.0825083	80.9278
13.3101	66.7904	0	80.9278
13.3109	66.7904	0.0825083	80.9278
13.3391	66.8729	0	80.9278
13.3404	66.8729	0.0825083	80.9278
13.4162	66.9554	0	80.9278
13.417	66.9967	0.0825083	80.9278
13.4187	67.0792	0	80.9278
13.462	67.0792	0	81.9588
13.4639	67.1205	0.0825083	81.9588
13.5177	67.203	0	81.9588
13.5192	67.2442	0.0825083	81.9588
13.61	67.3267	0	81.9588
13.6135	67.3267	0.165017	81.9588
13.6145	67.4092	0.0825083	81.9588
13.6885	67.4918	0	81.9588
13.6892	67.533	0.0825083	81.9588
13.6893	67.6155	0	81.9588
13.6917	67.6568	0.0825083	81.9588
13.722	67.7393	0	81.9588
13.722	67.7805	0.0825083	81.9588
13.7877	67.863	0	81.9588
13.789	67.9043	0.0825083	81.9588
13.8381	67.9868	0	81.9588
13.8388	68.0281	0.0825083	81.9588
13.8533	68.1106	0	81.9588
13.8552	68.1518	0.0825083	81.9588
13.8565	68.2343	0	81.9588
13.8855	68.2343	0	82.9897
13.8865	68.2756	0.0825083	82.9897
13.9054	68.3581	0	82.9897
13.9184	68.3581	0	84.0206
13.9219	68.3581	0.165017	84.0206
13.9222	68.4406	0.0825083	84.0206
13.994	68.5231	0	84.0206
13.9948	68.5231	0.0825083	84.0206
14.0252	68.6056	0	84.0206
14.0279	68.6056	0.0825083	84.0206
14.0475	68.6881	0	84.0206
14.0528	68.6881	0.0825083	84.0206
14.056	68.7706	0	84.0206
14.0609	68.8119	0.0825083	84.0206
14.2145	68.8944	0	84.0206
14.3698	68.8944	0	85.0515
14.3747	68.8944	0.0825083	85.0515
14.39	68.9769	0	85.0515
14.395	69.0182	0.0825083	85.0515
14.4601	69.1007	0	85.0515
14.4605	69.1007	0.165017	85.0515
14.4621	69.1832	0.0825083	85.0515
14.4711	69.2657	0	85.0515
14.4804	69.3069	0.0825083	85.0515
14.5024	69.3894	0	85.0515
14.5081	69.3894	0.0825083	85.0515
14.5391	69.4719	0	85.0515
14.5435	69.4719	0.0825083	85.0515
14.5772	69.5545	0	85.0515
14.578	69.5545	0.165017	85.0515
14.58	69.637	0.0825083	85.0515
14.6235	69.7195	0	85.0515
14.6238	69.7607	0.0825083	85.0515
14.7164	69.8432	0	85.0515
14.7164	69.8845	0.0825083	85.0515
14.7899	69.967	0	85.0515
14.7935	69.967	0.0825083	85.0515
14.8218	70.0495	0	85.0515
14.8227	70.0908	0.0825083	85.0515
14.8238	70.1733	0	85.0515
14.8258	70.2145	0.0825083	85.0515
14.8517	70.297	0	85.0515
14.8537	70.3383	0.0825083	85.0515
14.8892	70.4208	0	85.0515
14.89	70.462	0.0825083	85.0515
14.892	70.5446	0	85.0515
14.8927	70.5858	0.0825083	85.0515
14.9463	70.6683	0	85.0515
14.9492	70.7096	0.0825083	85.0515
14.954	70.7921	0	85.0515
14.9546	70.8333	0.0825083	85.0515
14.9624	70.9158	0	85.0515
14.9628	70.9158	0.165017	85.0515
14.963	70.9984	0.0825083	85.0515
14.9674	71.0809	0	85.0515
14.9683	71.1221	0.0825083	85.0515
14.9823	71.2046	0	85.0515
14.9872	71.2046	0	86.0825
14.9876	71.2459	0.0825083	86.0825
14.9923	71.3284	0	86.0825
14.9938	71.3284	0.0825083	86.0825
15.069	71.4109	0	86.0825
15.0697	71.4109	0.0825083	86.0825
15.0929	71.4934	0	86.0825
15.0948	71.5347	0.0825083	86.0825
15.1355	71.6172	0	86.0825
15.1383	71.6172	0.165017	86.0825
15.1406	71.6997	0.0825083	86.0825
15.2123	71.7822	0	86.0825
15.2133	71.7822	0.0825083	86.0825
15.2257	71.8647	0	86.0825
15.2285	71.8647	0.0825083	86.0825
15.3324	71.9472	0	86.0825
15.3404	71.9884	0.0825083	86.0825
15.4551	72.071	0	86.0825
15.4568	72.1122	0.0825083	86.0825
15.5584	72.1947	0	86.0825
15.5621	72.236	0.0825083	86.0825
15.5862	72.3185	0	86.0825
15.5888	72.3597	0.0825083	86.0825
15.6574	72.4422	0	86.0825
15.6577	72.4422	0.165017	86.0825
15.6599	72.5247	0.0825083	86.0825
15.7121	72.6073	0	86.0825
15.7123	72.6485	0.0825083	86.0825
15.717	72.731	0	86.0825
15.7175	72.7723	0.0825083	86.0825
15.7512	72.8548	0	86.0825
15.8624	72.8548	0	87.1134
15.8626	72.896	0.0825083	87.1134
16.1073	72.9785	0	87.1134
16.1312	72.9785	0.0825083	87.1134
16.1315	72.9785	0.247525	87.1134
16.1328	73.0611	0.165017	87.1134
16.1359	73.1023	0.247525	87.1134
16.138	73.1848	0.165017	87.1134
16.2453	73.2673	0.0825083	87.1134
16.2454	73.2673	0.247525	87.1134
16.2475	73.3498	0.165017	87.1134
16.2589	73.4323	0.0825083	87.1134
16.2598	73.4323	0.165017	87.1134
16.3315	73.5149	0.0825083	87.1134
16.3528	73.5149	0.165017	87.1134
16.353	73.5149	0.330033	87.1134
16.3543	73.5974	0.247525	87.1134
16.4157	73.6799	0.165017	87.1134
16.419	73.7211	0.247525	87.1134
16.6732	73.8036	0.165017	87.1134
16.6835	73.8861	0.0825083	87.1134
16.6943	73.9274	0.165017	87.1134
16.7365	74.0099	0.0825083	87.1134
16.7607	74.0099	0.0825083	88.1443
16.7628	74.0512	0.165017	88.1443
16.7805	74.1337	0.0825083	88.1443
16.7837	74.1749	0.165017	88.1443
16.8547	74.2574	0.0825083	88.1443
16.855	74.2574	0.247525	88.1443
16.855	74.3399	0.165017	88.1443
16.8556	74.4224	0.0825083	88.1443
16.8557	74.4224	0.247525	88.1443
16.8567	74.505	0.165017	88.1443
16.86	74.5875	0.0825083	88.1443
16.866	74.5875	0.165017	88.1443
16.8662	74.6287	0.247525	88.1443
16.8698	74.7112	0.165017	88.1443
16.9649	74.7937	0.0825083	88.1443
16.9684	74.835	0.165017	88.1443
17.0137	74.9175	0.0825083	88.1443
17.0138	74.9587	0.165017	88.1443
17.1239	75.0413	0.0825083	88.1443
17.1248	75.0825	0.165017	88.1443
17.1302	75.165	0.0825083	88.1443
17.1305	75.2063	0.165017	88.1443
17.2669	75.2888	0.0825083	88.1443
17.2675	75.33	0.165017	88.1443
17.3987	75.4125	0.0825083	88.1443
17.4212	75.4125	0.0825083	89.1753
17.424	75.4538	0.165017	89.1753
17.4836	75.5363	0.0825083	89.1753
17.49	75.5363	0.165017	89.1753
17.5449	75.6188	0.0825083	89.1753
17.5453	75.6601	0.165017	89.1753
17.5877	75.7426	0.0825083	89.1753
17.5901	75.7426	0.247525	89.1753
17.5913	75.8251	0.165017	89.1753
17.7207	75.9076	0.0825083	89.1753
17.7223	75.9488	0.165017	89.1753
17.8001	76.0314	0.0825083	89.1753
17.8009	76.0314	0.247525	89.1753
17.8015	76.1139	0.165017	89.1753
17.8344	76.1964	0.0825083	89.1753
17.9197	76.1964	0.247525	89.1753
17.9205	76.2376	0.330033	89.1753
17.9514	76.3201	0.247525	89.1753
17.9534	76.3201	0.412541	89.1753
17.9594	76.4026	0.330033	89.1753
17.9736	76.4851	0.247525	89.1753
17.9738	76.5264	0.330033	89.1753
17.988	76.6089	0.247525	89.1753
17.9888	76.6502	0.330033	89.1753
18.0082	76.7327	0.247525	89.1753
18.0098	76.7739	0.330033	89.1753
18.035	76.8564	0.247525	89.1753
18.0369	76.8564	0.412541	89.1753
18.04	76.9389	0.330033	89.1753
18.0488	77.0215	0.247525	89.1753
18.0499	77.0215	0.330033	89.1753
18.0783	77.104	0.247525	89.1753
18.0819	77.1452	0.330033	89.1753
18.0838	77.1452	0.49505	89.1753
18.0848	77.2277	0.412541	89.1753
18.0889	77.3102	0.330033	89.1753
18.2606	77.3927	0.247525	89.1753
18.2609	77.3927	0.412541	89.1753
18.2659	77.4753	0.330033	89.1753
18.3199	77.5578	0.247525	89.1753
18.3317	77.6403	0.165017	89.1753
18.3326	77.6815	0.247525	89.1753
18.4097	77.764	0.165017	89.1753
18.4334	77.8465	0.0825083	89.1753
18.4337	77.8878	0.165017	89.1753
18.5109	77.9703	0.0825083	89.1753
18.5137	77.9703	0.165017	89.1753
18.5922	78.0528	0.0825083	89.1753
18.6112	78.0528	0.165017	89.1753
18.6115	78.0941	0.247525	89.1753
18.6143	78.1766	0.165017	89.1753
18.6148	78.2178	0.247525	89.1753
18.7001	78.3003	0.165017	89.1753
18.7038	78.3003	0.165017	90.2062
18.7417	78.3828	0.0825083	90.2062
18.7427	78.3828	0.247525	90.2062
18.7437	78.4653	0.165017	90.2062
18.7578	78.5479	0.0825083	90.2062
18.761	78.5479	0.165017	90.2062
18.834	78.6304	0.0825083	90.2062
18.8351	78.6304	0.165017	90.2062
18.9026	78.7129	0.0825083	90.2062
18.9027	78.7541	0.165017	90.2062
19.1197	78.8366	0.0825083	90.2062
19.1215	78.8366	0.247525	90.2062
19.1288	78.9191	0.165017	90.2062
19.1567	79.0016	0.0825083	90.2062
19.1567	79.0429	0.165017	90.2062
19.2709	79.1254	0.0825083	90.2062
19.2716	79.1254	0.247525	90.2062
19.2734	79.2079	0.165017	90.2062
19.2815	79.2904	0.0825083	90.2062
19.2816	79.2904	0.247525	90.2062
19.2837	79.3729	0.165017	90.2062
19.3127	79.4554	0.0825083	90.2062
19.4635	79.538	0	90.2062
19.4679	79.5792	0.0825083	90.2062
19.4901	79.6617	0	90.2062
19.4901	79.6617	0.165017	90.2062
19.4916	79.7442	0.0825083	90.2062
19.5679	79.8267	0	90.2062
19.5685	79.868	0.0825083	90.2062
19.7481	79.9505	0	90.2062
19.7519	79.9918	0.0825083	90.2062
19.7538	80.0743	0	90.2062
19.7544	80.1155	0.0825083	90.2062
19.7869	80.198	0	90.2062
19.7872	80.2393	0.0825083	90.2062
20.0939	80.3218	0	90.2062
20.0955	80.363	0.0825083	90.2062
20.1619	80.4455	0	90.2062
20.1623	80.4868	0.0825083	90.2062
20.2173	80.5693	0	90.2062
20.218	80.6106	0.0825083	90.2062
20.2426	80.6931	0	90.2062
20.2432	80.7343	0.0825083	90.2062
20.5062	80.8168	0	90.2062
20.5088	80.8581	0.0825083	90.2062
20.5438	80.9406	0	90.2062
20.5537	80.9818	0.0825083	90.2062
20.6574	81.0644	0	90.2062
20.6598	81.1056	0.0825083	90.2062
20.7301	81.1881	0	90.2062
20.733	81.2294	0.0825083	90.2062
20.7674	81.3119	0	90.2062
20.7689	81.3119	0	91.2371
20.7727	81.3119	0.0825083	91.2371
20.867	81.3944	0	91.2371
20.8694	81.4356	0.0825083	91.2371
21.144	81.5182	0	91.2371
21.1447	81.5594	0.0825083	91.2371
21.1463	81.6419	0	91.2371
21.1485	81.6419	0.165017	91.2371
21.1505	81.7244	0.0825083	91.2371
21.1762	81.8069	0	91.2371
21.1791	81.8482	0.0825083	91.2371
21.2303	81.9307	0	91.2371
21.2313	81.9307	0.165017	91.2371
21.2356	82.0132	0.0825083	91.2371
21.3129	82.0957	0	91.2371
21.3144	82.0957	0.165017	91.2371
21.3148	82.1782	0.0825083	91.2371
21.4922	82.2607	0	91.2371
21.5069	82.302	0.0825083	91.2371
21.5567	82.3845	0	91.2371
21.5572	82.4257	0.0825083	91.2371
21.6206	82.5082	0	91.2371
21.6226	82.5495	0.0825083	91.2371
21.6262	82.632	0	91.2371
21.6336	82.6733	0.0825083	91.2371
21.652	82.7558	0	91.2371
21.6567	82.797	0.0825083	91.2371
22.2246	82.8795	0	91.2371
22.2298	82.9208	0.0825083	91.2371
22.5076	83.0033	0	91.2371
22.5086	83.0033	0.165017	91.2371
22.5094	83.0858	0.0825083	91.2371
22.661	83.1683	0	91.2371
22.6655	83.2096	0.0825083	91.2371
22.7787	83.2921	0	91.2371
22.8689	83.2921	0	91.7526
22.873	83.3333	0.0825083	91.7526
22.9348	83.4158	0	91.7526
23.1376	83.4158	0	92.7835
23.1424	83.4571	0.0825083	92.7835
23.4738	83.5396	0	92.7835
23.4742	83.5396	0.165017	92.7835
23.4754	83.6221	0.0825083	92.7835
23.5257	83.7046	0	92.7835
23.526	83.7459	0.0825083	92.7835
23.5371	83.8284	0	92.7835
23.5411	83.8696	0.0825083	92.7835
23.5628	83.9521	0	92.7835
23.5641	83.9934	0.0825083	92.7835
23.5944	84.0759	0	92.7835
23.5965	84.0759	0.165017	92.7835
23.5966	84.1584	0.0825083	92.7835
23.6036	84.2409	0	92.7835
23.6089	84.2822	0.0825083	92.7835
23.6293	84.3647	0	92.7835
23.6373	84.4059	0.0825083	92.7835
23.6523	84.4884	0	92.7835
23.654	84.5297	0.0825083	92.7835
23.6847	84.6122	0	92.7835
23.6854	84.6122	0.165017	92.7835
23.7952	84.6947	0.0825083	92.7835
23.7958	84.6947	0.165017	92.7835
23.8182	84.7772	0.0825083	92.7835
23.8245	84.8185	0.165017	92.7835
23.928	84.901	0.0825083	92.7835
23.9399	84.901	0.165017	92.7835
23.9676	84.9835	0.0825083	92.7835
23.9693	85.0247	0.165017	92.7835
24.1014	85.1073	0.0825083	92.7835
24.1018	85.1485	0.165017	92.7835
24.1145	85.231	0.0825083	92.7835
24.1154	85.231	0.247525	92.7835
24.1204	85.3135	0.165017	92.7835
24.2503	85.396	0.0825083	92.7835
24.2511	85.4373	0.165017	92.7835
24.2512	85.4373	0.330033	92.7835
24.2515	85.5198	0.247525	92.7835
24.2519	85.6023	0.165017	92.7835
24.2758	85.6848	0.0825083	92.7835
24.2762	85.6848	0.165017	92.7835
24.3153	85.7673	0.0825083	92.7835
24.3169	85.7673	0.247525	92.7835
24.3195	85.8498	0.165017	92.7835
24.4682	85.9323	0.0825083	92.7835
24.4683	85.9323	0.247525	92.7835
24.4694	86.0149	0.165017	92.7835
24.5813	86.0974	0.0825083	92.7835
24.69	86.1799	0	92.7835
24.6918	86.2211	0.0825083	92.7835
24.823	86.3036	0	92.7835
24.825	86.3449	0.0825083	92.7835
24.8321	86.4274	0	92.7835
24.833	86.4274	0.165017	92.7835
24.8392	86.5099	0.0825083	92.7835
24.8414	86.5924	0	92.7835
24.8425	86.5924	0.165017	92.7835
24.844	86.6749	0.0825083	92.7835
25.1538	86.7574	0	92.7835
25.1544	86.7987	0.0825083	92.7835
25.4363	86.8812	0	92.7835
25.4374	86.9224	0.0825083	92.7835
25.4574	87.005	0	92.7835
25.4581	87.0462	0.0825083	92.7835
25.6796	87.1287	0	92.7835
25.9164	87.1287	0	93.299
25.9188	87.1287	0.165017	93.299
26.0944	87.2112	0.0825083	93.299
26.0985	87.2525	0.165017	93.299
26.2881	87.335	0.0825083	93.299
26.2954	87.3762	0.165017	93.299
26.3235	87.4587	0.0825083	93.299
26.3237	87.4587	0.247525	93.299
26.3252	87.5413	0.165017	93.299
26.4712	87.6238	0.0825083	93.299
26.4721	87.665	0.165017	93.299
26.545	87.7475	0.0825083	93.299
26.5485	87.7888	0.165017	93.299
26.6567	87.8713	0.0825083	93.299
26.6626	87.9125	0.165017	93.299
26.6849	87.995	0.0825083	93.299
26.6864	87.995	0.247525	93.299
26.6866	88.0776	0.165017	93.299
26.7113	88.1601	0.0825083	93.299
26.7128	88.1601	0.165017	93.299
26.9328	88.2426	0.0825083	93.299
26.9332	88.2838	0.165017	93.299
27.1713	88.3663	0.0825083	93.299
27.1757	88.3663	0.165017	93.299
27.313	88.4488	0.0825083	93.299
27.511	88.4488	0.0825083	93.8144
27.5129	88.4901	0.165017	93.8144
27.683	88.5726	0.0825083	93.8144
27.6831	88.6139	0.165017	93.8144
27.75	88.6964	0.0825083	93.8144
27.7516	88.7376	0.165017	93.8144
27.8479	88.8201	0.0825083	93.8144
27.8487	88.8614	0.165017	93.8144
28.0171	88.9439	0.0825083	93.8144
28.0206	88.9439	0.247525	93.8144
28.0224	89.0264	0.165017	93.8144
28.053	89.1089	0.0825083	93.8144
28.0543	89.1502	0.165017	93.8144
28.1176	89.2327	0.0825083	93.8144
28.1187	89.2327	0.247525	93.8144
28.1188	89.3152	0.165017	93.8144
28.5529	89.3977	0.0825083	93.8144
28.553	89.3977	0.165017	93.8144
28.5824	89.4802	0.0825083	93.8144
28.5848	89.5215	0.165017	93.8144
28.6103	89.604	0.0825083	93.8144
28.6117	89.6452	0.165017	93.8144
28.726	89.7277	0.0825083	93.8144
28.7264	89.7277	0.165017	93.8144
28.8062	89.8102	0.0825083	93.8144
28.8085	89.8102	0.165017	93.8144
28.943	89.8927	0.0825083	93.8144
28.9443	89.934	0.165017	93.8144
29.1679	90.0165	0.0825083	93.8144
29.1707	90.0578	0.165017	93.8144
29.4466	90.1403	0.0825083	93.8144
29.4534	90.1403	0.165017	93.8144
29.8097	90.2228	0.0825083	93.8144
29.8119	90.264	0.165017	93.8144
30.1626	90.3465	0.0825083	93.8144
30.1751	90.3878	0.165017	93.8144
30.2217	90.4703	0.0825083	93.8144
30.2218	90.4703	0.165017	93.8144
30.2314	90.5528	0.0825083	93.8144
30.2324	90.5941	0.165017	93.8144
30.3241	90.6766	0.0825083	93.8144
30.3249	90.7178	0.165017	93.8144
30.9052	90.8003	0.0825083	93.8144
30.9063	90.8003	0.247525	93.8144
30.9146	90.8828	0.165017	93.8144
31.0163	90.9653	0.0825083	93.8144
31.018	91.0066	0.165017	93.8144
31.394	91.0891	0.0825083	93.8144
31.3946	91.0891	0.247525	93.8144
31.3961	91.1716	0.165017	93.8144
31.5446	91.2541	0.0825083	93.8144
31.545	91.2541	0.247525	93.8144
31.5463	91.3366	0.165017	93.8144
31.6095	91.4191	0.0825083	93.8144
31.6103	91.4604	0.165017	93.8144
32.0239	91.5429	0.0825083	93.8144
32.3425	91.6254	0	93.8144
32.344	91.6667	0.0825083	93.8144
32.5128	91.7492	0	93.8144
32.5131	91.7492	0.165017	93.8144
32.5156	91.8317	0.0825083	93.8144
32.8446	91.9142	0	93.8144
32.8458	91.9554	0.0825083	93.8144
32.9765	92.038	0	93.8144
32.9779	92.0792	0.0825083	93.8144
33.0166	92.1617	0	93.8144
33.0206	92.203	0.0825083	93.8144
33.1057	92.2855	0	93.8144
33.1058	92.2855	0.165017	93.8144
33.1109	92.368	0.0825083	93.8144
33.6074	92.4505	0	93.8144
33.608	92.4505	0.165017	93.8144
33.6095	92.533	0.0825083	93.8144
34.1143	92.6155	0	93.8144
34.1181	92.6155	0.165017	93.8144
34.1207	92.698	0.0825083	93.8144
34.6919	92.7805	0	93.8144
34.6936	92.7805	0.165017	93.8144
34.6936	92.863	0.0825083	93.8144
35.1617	92.9455	0	93.8144
35.1667	92.9455	0.0825083	93.8144
35.2661	93.0281	0	93.8144
35.2662	93.0281	0.165017	93.8144
35.2674	93.1106	0.0825083	93.8144
35.4502	93.1931	0	93.8144
35.4542	93.2343	0.0825083	93.8144
35.6372	93.3168	0	93.8144
35.6436	93.3581	0.0825083	93.8144
35.6477	93.4406	0	93.8144
35.6489	93.4818	0.0825083	93.8144
35.7367	93.5644	0	93.8144
35.739	93.6056	0.0825083	93.8144
35.8349	93.6881	0	93.8144
35.8362	93.6881	0.165017	93.8144
35.8371	93.7706	0.0825083	93.8144
35.9367	93.8531	0	93.8144
35.939	93.8531	0.165017	93.8144
35.9404	93.9356	0.0825083	93.8144
35.9786	94.0182	0	93.8144
35.9793	94.0182	0.165017	93.8144
35.9817	94.1007	0.0825083	93.8144
36.5782	94.1832	0	93.8144
36.5797	94.2244	0.0825083	93.8144
36.6496	94.3069	0	93.8144
36.6499	94.3482	0.0825083	93.8144
36.8051	94.4307	0	93.8144
36.8074	94.4719	0.0825083	93.8144
36.9426	94.5545	0	93.8144
36.9444	94.5957	0.0825083	93.8144
39.2052	94.6782	0	93.8144
39.2074	94.7195	0.0825083	93.8144
40.0369	94.802	0	93.8144
40.0427	94.8432	0.0825083	93.8144
40.1476	94.9257	0	93.8144
40.1492	94.967	0.0825083	93.8144
40.9683	95.0495	0	93.8144
40.9698	95.0495	0.165017	93.8144
40.9716	95.132	0.0825083	93.8144
41.019	95.2145	0	93.8144
41.0204	95.2558	0.0825083	93.8144
41.2592	95.3383	0	93.8144
41.2634	95.3795	0.0825083	93.8144
41.4664	95.462	0	93.8144
41.4704	95.5033	0.0825083	93.8144
41.6608	95.5858	0	93.8144
41.6666	95.6271	0.0825083	93.8144
42.2026	95.7096	0	93.8144
42.2046	95.7508	0.0825083	93.8144
43.083	95.8333	0	93.8144
43.0859	95.8746	0.0825083	93.8144
43.5619	95.9571	0	93.8144
43.5623	95.9984	0.0825083	93.8144
43.9416	96.0809	0	93.8144
43.9437	96.1221	0.0825083	93.8144
44.2208	96.2046	0	93.8144
44.221	96.2459	0.0825083	93.8144
44.4305	96.3284	0	93.8144
44.4305	96.3696	0.0825083	93.8144
45.1805	96.4521	0	93.8144
45.1835	96.4521	0.0825083	93.8144
45.4865	96.5347	0	93.8144
45.4889	96.5759	0.0825083	93.8144
46.2038	96.6584	0	93.8144
46.2049	96.6997	0.0825083	93.8144
46.3224	96.7822	0	93.8144
46.3277	96.8234	0.0825083	93.8144
46.7025	96.9059	0	93.8144
46.708	96.9472	0.0825083	93.8144
47.4707	97.0297	0	93.8144
47.4715	97.071	0.0825083	93.8144
47.7328	97.1535	0	93.8144
47.7355	97.1947	0.0825083	93.8144
49.4578	97.2772	0	93.8144
49.458	97.3185	0.0825083	93.8144
49.643	97.401	0	93.8144
49.644	97.4422	0.0825083	93.8144
52.3254	97.5247	0	93.8144
52.3298	97.5247	0.0825083	93.8144
53.1224	97.6073	0	93.8144
53.1257	97.6073	0.165017	93.8144
53.1266	97.6898	0.0825083	93.8144
54.2639	97.7723	0	93.8144
54.2673	97.8135	0.0825083	93.8144
55.1396	97.896	0	93.8144
55.1433	97.9373	0.0825083	93.8144
55.8422	98.0198	0	93.8144
55.8451	98.0611	0.0825083	93.8144
56.4823	98.1436	0	93.8144
56.4824	98.1848	0.0825083	93.8144
60.6428	98.2673	0	93.8144
60.6451	98.3086	0.0825083	93.8144
77.7579	98.3911	0	93.8144
77.759	98.4323	0.0825083	93.8144
84.2588	98.5149	0	93.8144
84.2621	98.5561	0.0825083	93.8144
84.6217	98.6386	0	93.8144
84.6243	98.6799	0.0825083	93.8144
84.765	98.7624	0	93.8144
84.7691	98.8036	0.0825083	93.8144
93.8368	98.8861	0	93.8144
93.837	98.8861	0.165017	93.8144
93.8378	98.9686	0.0825083	93.8144
104.069	99.0512	0	93.8144
104.07	99.0512	0.165017	93.8144
104.072	99.1337	0.0825083	93.8144
132.532	99.2162	0	93.8144
144.415	99.2162	0	94.8454
522.606	99.2162	0	95.8763
786.801	99.2162	0	96.9072
987.382	99.2162	0	97.9381
2710.61	99.2162	0	98.9691
2712.98	99.2574	0.0825083	98.9691
2762.04	99.3399	0	98.9691
2993.74	99.3399	0	100
2994.02	99.3812	0.0825083	100
4699.18	99.4637	0	100
4699.19	99.505	0.0825083	100
5759.75	99.5875	0	100
5760.37	99.5875	0.165017	100
5760.95	99.67	0.0825083	100
5792.07	99.7525	0	100
5793.13	99.7937	0.0825083	100
14184.5	99.8762	0	100
14185	99.9175	0.0825083	100
