1.16658e-05	0	0	0
1.17619e-05	0	0	0
1.64541e-05	0	0	0
2.23238e-05	0	0	0
2.24516e-05	0	0	0
2.31819e-05	0	0	0
2.3297e-05	0	0	0
2.57235e-05	0	0	0
2.82347e-05	0	0	0
3.70914e-05	0	0	0
5.15493e-05	0	0	0
6.93336e-05	0	0	0
7.05538e-05	0	0	0
7.50139e-05	0	0	0
7.62632e-05	0	0	0
7.82302e-05	0	0	0
8.49008e-05	0	0	0
8.94838e-05	0	0	0
9.02333e-05	0	0	0
9.56507e-05	0	0	0
9.84193e-05	0	0	0
0.000102205	0	0	0
0.00011493	0	0	0
0.000115638	0	0	0
0.000119603	0	0	0
0.000121651	0	0	0
0.000124739	0	0	0
0.000128146	0	0	0
0.000140289	0	0	0
0.000148205	0	0	0
0.000154095	0	0	0
0.000156667	0	0	0
0.000161181	0	0	0
0.000162114	0	0	0
0.000166537	0	0	0
0.00018449	0	0	0
0.000193681	0	0	0
0.000193686	0	0	0
0.000199037	0	0	0
0.000202068	0	0	0
0.000203798	0	0	0
0.00021363	0	0	0
0.000216981	0	0	0
0.000223302	0	0	0
0.000228831	0	0	0
0.000231506	0	0	0
0.00023397	0	0	0
0.000239239	0	0	0
0.000245745	0	0	0
0.00024704	0	0	0
0.000260279	0	0	0
0.000263443	0	0	0
0.000270768	0	0	0
0.000273252	0	0	0
0.000280692	0	0	0
0.000281086	0	0	0
0.00029263	0	0	0
0.000293742	0	0	0
0.000295825	0	0	0
0.000298166	0	0	0
0.000303424	0	0	0
0.000312048	0	0	0
0.00032389	0	0	0
0.000328999	0	0	0
0.000333426	0	0	0
0.000333532	0	0	0
0.000335857	0	0	0
0.000339478	0	0	0
0.000339565	0	0	0
0.000340022	0	0	0
0.000340483	0	0	0
0.000342493	0	0	0
0.000343083	0	0	0
0.000349385	0	0	0
0.000351472	0	0	0
0.000358448	0	0	0
0.000358637	0	0	0
0.000361085	0	0	0
0.000362992	0	0	0
0.000365107	0	0	0
0.000366684	0	0	0
0.000371282	0	0	0
0.000371688	0	0	0
0.000376849	0	0	0
0.000377966	0	0	0
0.000378276	0	0	0
0.000381148	0	0	0
0.000383432	0	0	0
0.000385107	0	0	0
0.000386306	0	0	0
0.000388821	0	0	0
0.000389187	0	0	0
0.000391039	0	0	0
0.000391159	0	0	0
0.000394215	0	0	0
0.000395206	0	0	0
0.000396046	0	0	0
0.000400348	0	0	0
0.000404239	0	0	0
0.000404599	0	0	0
0.00040503	0	0	0
0.00041081	0	0	0
0.00041445	0	0	0
0.000415749	0	0	0
0.00041669	0	0	0
0.000422928	0	0	0
0.00042412	0	0	0
0.000429289	0	0	0
0.000430542	0	0	0
0.000432578	0	0	0
0.000432654	0	0	0
0.000433412	0	0	0
0.000446595	0	0	0
0.000447255	0	0	0
0.000451947	0	0	0
0.000454855	0	0	0
0.000456364	0	0	0
0.000459766	0	0	0
0.000465398	0	0	0
0.000470338	0	0	0
0.00047892	0	0	0
0.000479606	0	0	0
0.000485711	0	0	0
0.000493805	0	0	0
0.000494036	0	0	0
0.000497433	0	0	0
0.000502916	0	0	0
0.000507129	0	0	0
0.000510716	0	0	0
0.000511727	0	0	0
0.000511856	0	0	0
0.000515895	0	0	0
0.000521225	0	0	0
0.000523261	0	0	0
0.000526575	0	0	0
0.00053433	0	0	0
0.000536151	0	0	0
0.000538558	0	0	0
0.000543773	0	0	0
0.000544524	0	0	0
0.000544612	0	0	0
0.000545577	0	0	0
0.000548051	0	0	0
0.000549912	0	0	0
0.000550564	0	0	0
0.000557568	0	0	0
0.000563939	0	0	0
0.000566175	0	0	0
0.000567135	0	0	0
0.000567822	0	0	0
0.000567963	0	0	0
0.000573287	0	0	0
0.000576203	0	0	0
0.000576829	0	0	0
0.000580664	0	0	0
0.000582559	0	0	0
0.000584031	0	0	0
0.000585835	0	0	0
0.00058638	0	0	0
0.000586693	0	0	0
0.000595646	0	0	0
0.000599031	0	0	0
0.00060026	0	0	0
0.000601428	0	0	0
0.000605802	0	0	0
0.000606881	0	0	0
0.000612931	0	0	0
0.000613626	0	0	0
0.000616467	0	0	0
0.000619048	0	0	0
0.000622952	0	0	0
0.000625094	0	0	0
0.000630796	0	0	0
0.000637487	0	0	0
0.000643396	0	0	0
0.000643564	0	0	0
0.000654056	0	0	0
0.000655031	0	0	0
0.000656023	0	0	0
0.000659997	0	0	0
0.00066168	0	0	0
0.000663427	0	0	0
0.000663897	0	0	0
0.000665052	0	0	0
0.000666943	0	0	0
0.000668296	0	0	0
0.000668436	0	0	0
0.000669018	0	0	0
0.00067366	0	0	0
0.000676214	0	0	0
0.000678573	0	0	0
0.00068012	0	0	0
0.000683234	0	0	0
0.000685969	0	0	0
0.000686027	0	0	0
0.000690643	0	0	0
0.000692033	0	0	0
0.000693441	0	0	0
0.00069686	0	0	0
0.000699978	0	0	0
0.000707013	0	0	0
0.000708998	0	0	0
0.000715756	0	0	0
0.000717042	0	0	0
0.000720898	0	0	0
0.000723496	0	0	0
0.000725584	0	0	0
0.000726502	0	0	0
0.000731822	0	0	0
0.00073284	0	0	0
0.00073293	0	0	0
0.000742295	0	0	0
0.000744484	0	0	0
0.000746182	0	0	0
0.000747498	0	0	0
0.00075056	0	0	0
0.000751381	0	0	0
0.000752187	0	0	0
0.000754353	0	0	0
0.000758137	0	0	0
0.000762055	0	0	0
0.000762161	0	0	0
0.000763582	0	0	0
0.000766687	0	0	0
0.000778269	0	0	0
0.000781102	0	0	0
0.000785947	0	0	0
0.00078672	0	0	0
0.000790024	0	0	0
0.000793035	0	0	0
0.00079458	0	0	0
0.000794712	0	0	0
0.000795569	0	0	0
0.000796963	0	0	0
0.00080133	0	0	0
0.000803424	0	0	0
0.000804479	0	0	0
0.000806093	0	0	0
0.000808506	0	0	0
0.000813083	0	0	0
0.000814382	0	0	0
0.000815689	0	0	0
0.00081935	0	0	0
0.000820762	0	0	0
0.000821195	0	0	0
0.000825539	0	0	0
0.000828244	0	0	0
0.000832586	0	0	0
0.000836108	0	0	0
0.000836816	0	0	0
0.00083707	0	0	0
0.000841911	0	0	0
0.000841926	0	0	0
0.000847851	0	0	0
0.000849467	0	0	0
0.00084997	0	0	0
0.000851435	0	0	0
0.000852116	0	0	0
0.000852217	0	0	0
0.00087242	0	0	0
0.000878167	0	0	0
0.000879138	0	0	0
0.000883725	0	0	0
0.000889223	0	0	0
0.000890037	0	0	0
0.000890287	0	0	0
0.00089144	0	0	0
0.000896208	0	0	0
0.000899732	0	0	0
0.00090246	0	0	0
0.000907077	0	0	0
0.000907824	0	0	0
0.000913107	0	0	0
0.000916701	0	0	0
0.000917122	0	0	0
0.000919867	0	0	0
0.000920913	0	0	0
0.000928361	0	0	0
0.000932442	0	0	0
0.000936821	0	0	0
0.000938003	0	0	0
0.000942914	0	0	0
0.000944519	0	0	0
0.000953022	0	0	0
0.000956616	0	0	0
0.000959228	0	0	0
0.000980809	0	0	0
0.000984589	0	0	0
0.000985214	0	0	0
0.000992559	0	0	0
0.000992647	0	0	0
0.00100204	0	0	0
0.00100343	0	0	0
0.001007	0	0	0
0.00100836	0	0	0
0.00101233	0	0	0
0.00101309	0	0	0
0.00101373	0	0	0
0.00101604	0	0	0
0.00101816	0	0	0
0.00102015	0	0	0
0.00102132	0	0	0
0.00102511	0	0	0
0.00103005	0	0	0
0.00103048	0	0	0
0.00103176	0	0	0
0.00103202	0	0	0
0.00103374	0	0	0
0.00104011	0	0	0
0.0010424	0	0	0
0.00104327	0	0	0
0.00104855	0	0	0
0.00106181	0	0	0
0.00106194	0	0	0
0.00106897	0	0	0
0.00107042	0	0	0
0.0010718	0	0	0
0.00107412	0	0	0
0.00107723	0	0	0
0.00108868	0	0	0
0.00109158	0	0	0
0.00109315	0	0	0
0.00109547	0	0	0
0.00109652	0	0	0
0.00109845	0	0	0
0.00110668	0	0	0
0.00110923	0	0	0
0.00111204	0	0	0
0.00111823	0	0	0
0.00112043	0	0	0
0.00112177	0	0	0
0.00112263	0	0	0
0.00112596	0	0	0
0.00112668	0	0	0
0.00112788	0	0	0
0.00113474	0	0	0
0.00113527	0	0	0
0.00113625	0	0	0
0.00114341	0	0	0
0.00114645	0	0	0
0.00114659	0	0	0
0.00115591	0	0	0
0.00115648	0	0	0
0.00115823	0	0	0
0.00116111	0	0	0
0.00116202	0	0	0
0.00116455	0	0	0
0.00116678	0	0	0
0.00116757	0	0	0
0.00117325	0	0	0
0.00117655	0	0	0
0.00117894	0	0	0
0.00117934	0	0	0
0.00117986	0	0	0
0.00117995	0	0	0
0.00119087	0	0	0
0.0011909	0	0	0
0.00119514	0	0	0
0.00119914	0	0	0
0.00120266	0	0	0
0.001204	0	0	0
0.00120713	0	0	0
0.00120892	0	0	0
0.00121054	0	0	0
0.00121125	0	0	0
0.00121959	0	0	0
0.00123071	0	0	0
0.00123184	0	0	0
0.00123975	0	0	0
0.00124222	0	0	0
0.00124397	0	0	0
0.00124607	0	0	0
0.0012541	0	0	0
0.00126965	0	0	0
0.00127181	0	0	0
0.00128728	0	0	0
0.00128816	0	0	0
0.00128913	0	0	0
0.00129462	0	0	0
0.00129762	0	0	0
0.00130092	0	0	0
0.00131191	0	0	0
0.00132177	0	0	0
0.00132997	0	0	0
0.00133412	0	0	0
0.00134073	0	0	0
0.00134144	0	0	0
0.00134528	0	0	0
0.00135125	0	0	0
0.00136235	0	0	0
0.00136648	0	0	0
0.00136768	0	0	0
0.00136868	0	0	0
0.00137292	0	0	0
0.00137321	0	0	0
0.00137441	0	0	0
0.00137826	0	0	0
0.00137909	0	0	0
0.00138184	0	0	0
0.00138191	0	0	0
0.00138199	0	0	0
0.00138721	0	0	0
0.00139404	0	0	0
0.00139602	0	0	0
0.00139732	0	0	0
0.00140091	0	0	0
0.00140776	0	0	0
0.00140786	0	0	0
0.0014129	0	0	0
0.0014156	0	0	0
0.00142218	0	0	0
0.00142336	0	0	0
0.00142712	0	0	0
0.00143122	0	0	0
0.00144182	0	0	0
0.00144387	0	0	0
0.00144492	0	0	0
0.00144589	0	0	0
0.00144657	0	0	0
0.00144672	0	0	0
0.00145332	0	0	0
0.00145628	0	0	0
0.00146347	0	0	0
0.00147	0	0	0
0.00147972	0	0	0
0.00148387	0	0	0
0.00148875	0	0	0
0.00149441	0	0	0
0.00149546	0	0	0
0.00149948	0	0	0
0.00150148	0	0	0
0.00150495	0	0	0
0.00150648	0	0	0
0.00150877	0	0	0
0.00151017	0	0	0
0.00151099	0	0	0
0.00151526	0	0	0
0.00151904	0	0	0
0.00152102	0	0	0
0.00152311	0	0	0
0.00152782	0	0	0
0.00153539	0	0	0
0.00154819	0	0	0
0.00155063	0	0	0
0.00157426	0	0	0
0.00157587	0	0	0
0.00158002	0	0	0
0.00159035	0	0	0
0.00159068	0	0	0
0.00159703	0	0	0
0.00159961	0	0	0
0.00160192	0	0	0
0.00160326	0	0	0
0.00161298	0	0	0
0.0016137	0	0	0
0.00162459	0	0	0
0.00162519	0	0	0
0.00162685	0	0	0
0.00162808	0	0	0
0.0016289	0	0	0
0.00163267	0	0	0
0.00163459	0	0	0
0.00163542	0	0	0
0.001638	0	0	0
0.00163951	0	0	0
0.00164139	0	0	0
0.00164172	0	0	0
0.00165127	0	0	0
0.00165207	0	0	0
0.00165434	0	0	0
0.0016615	0	0	0
0.00166485	0	0	0
0.00166876	0	0	0
0.00167351	0	0	0
0.00167867	0	0	0
0.00168787	0	0	0
0.00168861	0	0	0
0.00168954	0	0	0
0.00169329	0	0	0
0.00169848	0	0	0
0.00170014	0	0	0
0.00170538	0	0	0
0.00171001	0	0	0
0.00173356	0	0	0
0.00173381	0	0	0
0.00173546	0	0	0
0.00173828	0	0	0
0.00174438	0	0	0
0.00174796	0	0	0
0.00174993	0	0	0
0.00175316	0	0	0
0.00175821	0	0	0
0.00176236	0	0	0
0.00177789	0	0	0
0.00177829	0	0	0
0.00178477	0	0	0
0.00178593	0	0	0
0.0017901	0	0	0
0.00179889	0	0	0
0.00180369	0	0	0
0.00180723	0	0	0
0.00182224	0	0	0
0.00182935	0	0	0
0.00183309	0	0	0
0.00184168	0	0	0
0.00184313	0	0	0
0.00186217	0	0	0
0.00187242	0	0	0
0.00187721	0	0	0
0.00187826	0	0	0
0.00188072	0	0	0
0.00191221	0	0	0
0.00191645	0	0	0
0.00191799	0	0	0
0.00192315	0	0	0
0.00192368	0	0	0
0.00192402	0	0	0
0.00192649	0	0	0
0.00192882	0	0	0
0.00193108	0	0	0
0.00193401	0	0	0
0.0019345	0	0	0
0.00193472	0	0	0
0.00194526	0	0	0
0.00195176	0	0	0
0.00195852	0	0	0
0.00198014	0	0	0
0.00199142	0	0	0
0.00199287	0	0	0
0.00199448	0	0	0
0.00199519	0	0	0
0.00199678	0	0	0
0.00200903	0	0	0
0.00201304	0	0	0
0.00201525	0	0	0
0.00201855	0	0	0
0.00202438	0	0	0
0.00203092	0	0	0
0.0020372	0	0	0
0.00204115	0	0	0
0.00206236	0	0	0
0.00206262	0	0	0
0.00206957	0	0	0
0.00207738	0	0	0
0.00208166	0	0	0
0.00208902	0	0	0
0.00208908	0	0	0
0.00208957	0	0	0
0.00209014	0	0	0
0.00209865	0	0	0
0.00211206	0	0	0
0.00211316	0	0	0
0.00211421	0	0	0
0.00212533	0	0	0
0.00212847	0	0	0
0.0021324	0	0	0
0.00213489	0	0	0
0.00214656	0	0	0
0.0021469	0	0	0
0.00214742	0	0	0
0.00215397	0	0	0
0.00215706	0	0	0
0.00216015	0	0	0
0.00216837	0	0	0
0.0021697	0	0	0
0.00217563	0	0	0
0.00217998	0	0	0
0.0021803	0	0	0
0.00218335	0	0	0
0.00218548	0	0	0
0.00221346	0	0	0
0.00221895	0	0	0
0.00221953	0	0	0
0.00223282	0	0	0
0.00226149	0	0	0
0.0022789	0	0	0
0.0022923	0	0	0
0.00231709	0	0	0
0.00232226	0	0	0
0.00233651	0	0	0
0.00234166	0	0	0
0.00234256	0	0	0
0.00234257	0	0	0
0.00234563	0	0	0
0.00234706	0	0	0
0.00234828	0	0	0
0.00236725	0	0	0
0.00238527	0	0	0
0.0023999	0	0	0
0.0024081	0	0	0
0.00240919	0	0	0
0.00241698	0	0	0
0.00242491	0	0	0
0.00243456	0	0	0
0.00243616	0	0	0
0.00244293	0	0	0
0.00246237	0	0	0
0.00248592	0	0	0
0.00248956	0	0	0
0.00249443	0	0	0
0.00250171	0	0	0
0.00250643	0	0	0
0.00253759	0	0	0
0.00255201	0	0	0
0.00255969	0	0	0
0.00258402	0	0	0
0.00261877	0	0	0
0.00262895	0	0	0
0.00265086	0	0	0
0.00265454	0	0	0
0.00265887	0	0	0
0.00267511	0	0	0
0.00267655	0	0	0
0.00270947	0	0	0
0.00271022	0	0	0
0.00272079	0	0	0
0.00276015	0	0	0
0.00277749	0	0	0
0.00278285	0	0	0
0.00278331	0	0	0
0.00279403	0	0	0
0.00279495	0	0	0
0.00282865	0	0	0
0.00285358	0	0	0
0.00286107	0	0	0
0.00288539	0	0	0
0.002896	0	0	0
0.00290918	0	0	0
0.00291765	0	0	0
0.00292819	0	0	0
0.00294982	0	0	0
0.00295843	0	0	0
0.00299187	0	0	0
0.00300232	0	0	0
0.00301329	0	0	0
0.00303601	0	0	0
0.00309964	0	0	0
0.00311473	0	0	0
0.00312884	0	0	0
0.00313474	0	0	0
0.00315604	0	0	0
0.00317348	0	0	0
0.00319485	0	0	0
0.00319717	0	0	0
0.00321774	0	0	0
0.00324599	0	0	0
0.00326765	0	0	0
0.0033078	0	0	0
0.00333534	0	0	0
0.00338892	0	0	0
0.00339765	0	0	0
0.00342967	0	0	0
0.00343647	0	0	0
0.00350215	0	0	0
0.00351752	0	0	0
0.0035317	0	0	0
0.00353614	0	0	0
0.00355726	0	0	0
0.00357553	0	0	0
0.00357828	0	0	0
0.00358112	0	0	0
0.00359614	0	0	0
0.00360645	0	0	0
0.00362805	0	0	0
0.00372041	0	0	0
0.00373918	0	0	0
0.00374094	0	0	0
0.00378143	0	0	0
0.00379264	0	0	0
0.00381996	0	0	0
0.0038475	0	0	0
0.0038553	0	0	0
0.00387438	0	0	0
0.00409253	0	0	0
0.00409428	0	0	0
0.00409884	0	0	0
0.00409914	0	0	0
0.00412203	0	0	0
0.00412779	0	0	0
0.00414384	0	0	0
0.00417441	0	0	0
0.00424	0	0	0
0.00425143	0	0	0
0.00431762	0	0	0
0.00434944	0	0	0
0.00436477	0	0	0
0.00437977	0	0	0
0.0044369	0	0	0
0.00446829	0	0	0
0.00450278	0	0	0
0.00457262	0	0	0
0.00466526	0	0	0
0.00479246	0	0	0
0.00480562	0	0	0
0.00482999	0	0	0
0.00485473	0	0	0
0.00493865	0	0	0
0.00494978	0	0	0
0.00518617	0	0	0
0.00527922	0	0	0
0.00533944	0	0	0
0.00540457	0	0	0
0.00540603	0	0	0
0.00541398	0	0	0
0.00554845	0	0	0
0.00556531	0	0	0
0.00560423	0	0	0
0.0056696	0	0	0
0.00575616	0	0	0
0.00575804	0	0	0
0.00586393	0	0	0
0.00605507	0	0	0
0.00608552	0	0	0
0.0061098	0	0	0
0.00632567	0	0	0
0.00637137	0	0	0
0.00671515	0	0	0
0.00674529	0	0	0
0.00675203	0	0	0
0.00682217	0	0	0
0.00716345	0	0	0
0.00731381	0	0	0
0.00845555	0	0	0
0.00885372	0	0	0
0.00935308	0	0	0
0.00937617	0	0	0
0.0131707	0	0	0.518135
0.0133031	0	0	0.518135
0.0286934	0	0	0.518135
0.0303193	0	0.0825083	0.518135
0.0315101	0.0412541	0.165017	0.518135
0.0328857	0.123762	0.0825083	0.518135
0.0336955	0.165017	0.165017	0.518135
0.0337438	0.247525	0.0825083	0.518135
0.0424748	0.330033	0	0.518135
0.0448504	0.330033	0	1.03627
0.0460058	0.371287	0.0825083	1.03627
0.0461564	0.453795	0	1.03627
0.0478792	0.453795	0	1.5544
0.0482003	0.49505	0.0825083	1.5544
0.0582525	0.577558	0	1.5544
0.0583191	0.618812	0.0825083	1.5544
0.0584507	0.70132	0	1.5544
0.0601166	0.70132	0	2.07254
0.0610524	0.70132	0	2.59067
0.0613039	0.70132	0.165017	2.59067
0.06151	0.783828	0.0825083	2.59067
0.0621808	0.866337	0	2.59067
0.0622725	0.907591	0.0825083	2.59067
0.074858	0.990099	0	2.59067
0.0781726	0.990099	0.0825083	2.59067
0.0787295	1.07261	0	2.59067
0.107229	1.07261	0	2.59067
0.107757	1.07261	0.165017	2.59067
0.111256	1.15512	0.0825083	2.59067
0.128028	1.23762	0	2.59067
0.12938	1.23762	0	3.10881
0.129785	1.23762	0.165017	3.10881
0.134396	1.32013	0.0825083	3.10881
0.164668	1.40264	0	3.10881
0.166219	1.44389	0.0825083	3.10881
0.173547	1.5264	0	3.10881
0.174169	1.56766	0.0825083	3.10881
0.184561	1.65016	0	3.10881
0.185387	1.65016	0.0825083	3.10881
0.187502	1.73267	0	3.10881
0.188723	1.73267	0.165017	3.10881
0.1888	1.81518	0.0825083	3.10881
0.191541	1.81518	0.0825083	3.62694
0.192618	1.89769	0	3.62694
0.192823	1.89769	0.165017	3.62694
0.197041	1.9802	0.0825083	3.62694
0.197856	2.06271	0	3.62694
0.201378	2.06271	0	3.62694
0.202457	2.10396	0.0825083	3.62694
0.204623	2.14521	0.165017	3.62694
0.205479	2.18647	0.247525	3.62694
0.206208	2.26898	0.165017	3.62694
0.206582	2.35149	0.0825083	3.62694
0.213752	2.43399	0	3.62694
0.216252	2.47525	0.0825083	3.62694
0.223446	2.55776	0	3.62694
0.227061	2.55776	0	4.14508
0.232829	2.55776	0	4.66321
0.233279	2.59901	0.0825083	4.66321
0.234431	2.68152	0	4.66321
0.235972	2.68152	0.165017	4.66321
0.238293	2.76403	0.0825083	4.66321
0.253908	2.84653	0	4.66321
0.25401	2.84653	0.0825083	4.66321
0.255196	2.92904	0	4.66321
0.256241	2.92904	0	4.66321
0.273276	2.92904	0	4.66321
0.29634	2.92904	0	5.18135
0.306228	2.92904	0	5.69948
0.314096	2.92904	0	5.69948
0.314247	2.9703	0.0825083	5.69948
0.319296	3.05281	0	5.69948
0.321838	3.05281	0	6.21762
0.323125	3.09406	0.0825083	6.21762
0.333581	3.17657	0	6.21762
0.333838	3.17657	0.0825083	6.21762
0.334152	3.17657	0.0825083	6.21762
0.335877	3.25908	0	6.21762
0.338115	3.25908	0	6.21762
0.340746	3.30033	0.0825083	6.21762
0.342708	3.38284	0	6.21762
0.351456	3.38284	0	6.73575
0.351649	3.38284	0.165017	6.73575
0.351893	3.46535	0.0825083	6.73575
0.380671	3.54785	0	6.73575
0.381321	3.54785	0.0825083	6.73575
0.382302	3.63036	0	6.73575
0.405628	3.63036	0	6.73575
0.419514	3.63036	0	6.73575
0.423396	3.67162	0.0825083	6.73575
0.427632	3.71287	0.165017	6.73575
0.441952	3.79538	0.0825083	6.73575
0.442559	3.79538	0.165017	6.73575
0.444058	3.79538	0.165017	7.25389
0.458175	3.87789	0.0825083	7.25389
0.478949	3.87789	0.0825083	7.77202
0.481524	3.91914	0.165017	7.77202
0.483468	4.00165	0.0825083	7.77202
0.487227	4.0429	0.165017	7.77202
0.489935	4.12541	0.0825083	7.77202
0.490872	4.16667	0.165017	7.77202
0.491132	4.24918	0.0825083	7.77202
0.491213	4.29043	0.165017	7.77202
0.492089	4.37294	0.0825083	7.77202
0.493955	4.41419	0.165017	7.77202
0.494609	4.45545	0.247525	7.77202
0.498118	4.53795	0.165017	7.77202
0.502202	4.62046	0.0825083	7.77202
0.502651	4.62046	0.247525	7.77202
0.503238	4.70297	0.165017	7.77202
0.506679	4.78548	0.0825083	7.77202
0.509218	4.82673	0.165017	7.77202
0.510608	4.90924	0.0825083	7.77202
0.520132	4.90924	0.0825083	8.29016
0.520205	4.90924	0.247525	8.29016
0.52053	4.99175	0.165017	8.29016
0.520646	5.033	0.247525	8.29016
0.520973	5.11551	0.165017	8.29016
0.523571	5.19802	0.0825083	8.29016
0.524125	5.19802	0.247525	8.29016
0.5254	5.28053	0.165017	8.29016
0.556836	5.36304	0.0825083	8.29016
0.557049	5.36304	0.247525	8.29016
0.560304	5.44554	0.165017	8.29016
0.561738	5.52805	0.0825083	8.29016
0.572438	5.52805	0.0825083	8.29016
0.581756	5.61056	0	8.29016
0.59624	5.61056	0.165017	8.29016
0.597288	5.61056	0.247525	8.29016
0.605502	5.69307	0.165017	8.29016
0.609891	5.73432	0.247525	8.29016
0.616615	5.81683	0.165017	8.29016
0.617246	5.85809	0.247525	8.29016
0.631165	5.94059	0.165017	8.29016
0.647868	5.94059	0.165017	8.80829
0.655879	5.94059	0.165017	9.32642
0.657305	5.98185	0.247525	9.32642
0.665612	6.06436	0.165017	9.32642
0.679805	6.06436	0.165017	9.32642
0.684109	6.06436	0.165017	9.84456
0.688011	6.10561	0.247525	9.84456
0.697772	6.18812	0.165017	9.84456
0.697818	6.22937	0.247525	9.84456
0.707421	6.31188	0.165017	9.84456
0.708868	6.35314	0.247525	9.84456
0.732674	6.43564	0.165017	9.84456
0.735246	6.43564	0.247525	9.84456
0.759652	6.51815	0.165017	9.84456
0.763418	6.55941	0.247525	9.84456
0.764177	6.64191	0.165017	9.84456
0.765355	6.64191	0.330033	9.84456
0.765426	6.72442	0.247525	9.84456
0.787885	6.80693	0.165017	9.84456
0.787997	6.80693	0.330033	9.84456
0.789069	6.88944	0.247525	9.84456
0.80357	6.97195	0.165017	9.84456
0.805004	6.97195	0.247525	9.84456
0.813061	7.05446	0.165017	9.84456
0.831644	7.05446	0.165017	10.3627
0.836616	7.05446	0.165017	10.3627
0.838802	7.05446	0.330033	10.3627
0.840246	7.13696	0.247525	10.3627
0.844796	7.21947	0.165017	10.3627
0.844917	7.26073	0.247525	10.3627
0.845021	7.30198	0.330033	10.3627
0.845034	7.38449	0.247525	10.3627
0.845883	7.467	0.165017	10.3627
0.847582	7.50825	0.247525	10.3627
0.848321	7.5495	0.330033	10.3627
0.849429	7.63201	0.247525	10.3627
0.868346	7.71452	0.165017	10.3627
0.904377	7.71452	0.165017	10.3627
0.904736	7.75578	0.247525	10.3627
0.956096	7.83828	0.165017	10.3627
0.956494	7.87954	0.247525	10.3627
0.968409	7.96205	0.165017	10.3627
0.970021	7.96205	0.330033	10.3627
0.970789	8.04455	0.247525	10.3627
0.973675	8.12706	0.165017	10.3627
0.981961	8.12706	0.165017	10.3627
0.982175	8.12706	0.330033	10.3627
0.983697	8.12706	0.412541	10.3627
0.983733	8.20957	0.330033	10.3627
0.984365	8.20957	0.49505	10.3627
0.985832	8.29208	0.412541	10.3627
0.987086	8.37459	0.330033	10.3627
0.988197	8.4571	0.247525	10.3627
0.990416	8.5396	0.165017	10.3627
0.991489	8.58086	0.247525	10.3627
0.997359	8.66337	0.165017	10.3627
1.00494	8.66337	0.165017	11.399
1.00966	8.66337	0.165017	11.9171
1.01036	8.70462	0.247525	11.9171
1.0105	8.78713	0.165017	11.9171
1.01241	8.82838	0.247525	11.9171
1.01267	8.91089	0.165017	11.9171
1.01328	8.91089	0.330033	11.9171
1.0139	8.9934	0.247525	11.9171
1.01435	9.07591	0.165017	11.9171
1.01439	9.07591	0.330033	11.9171
1.01501	9.07591	0.412541	11.9171
1.01507	9.11716	0.49505	11.9171
1.01557	9.19967	0.412541	11.9171
1.01574	9.28218	0.330033	11.9171
1.0163	9.36469	0.247525	11.9171
1.0209	9.4472	0.165017	11.9171
1.05181	9.4472	0.165017	11.9171
1.05752	9.4472	0.165017	11.9171
1.08136	9.4472	0.165017	11.9171
1.08173	9.4472	0.330033	11.9171
1.0829	9.5297	0.247525	11.9171
1.08386	9.61221	0.165017	11.9171
1.08432	9.65347	0.247525	11.9171
1.08683	9.73597	0.165017	11.9171
1.08686	9.73597	0.247525	11.9171
1.08819	9.73597	0.247525	11.9171
1.12429	9.81848	0.165017	11.9171
1.12448	9.81848	0.330033	11.9171
1.1256	9.90099	0.247525	11.9171
1.13133	9.9835	0.165017	11.9171
1.13597	10.0248	0.247525	11.9171
1.14778	10.1073	0.165017	11.9171
1.15269	10.1073	0.165017	11.9171
1.19552	10.1485	0.247525	11.9171
1.19702	10.1898	0.330033	11.9171
1.20635	10.2723	0.247525	11.9171
1.20662	10.2723	0.330033	11.9171
1.21097	10.3548	0.247525	11.9171
1.21117	10.396	0.330033	11.9171
1.22166	10.4785	0.247525	11.9171
1.22374	10.5198	0.330033	11.9171
1.23431	10.6023	0.247525	11.9171
1.23442	10.6436	0.330033	11.9171
1.23741	10.7261	0.247525	11.9171
1.27771	10.8086	0.165017	11.9171
1.2823	10.8498	0.247525	11.9171
1.29104	10.9323	0.165017	11.9171
1.29184	10.9323	0.247525	11.9171
1.31293	11.0149	0.165017	11.9171
1.31462	11.0149	0.247525	11.9171
1.32948	11.0974	0.165017	11.9171
1.34079	11.0974	0.165017	11.9171
1.34098	11.0974	0.330033	11.9171
1.34501	11.1799	0.247525	11.9171
1.34532	11.1799	0.412541	11.9171
1.34677	11.2624	0.330033	11.9171
1.35479	11.3449	0.247525	11.9171
1.38303	11.4274	0.165017	11.9171
1.3858	11.4274	0.165017	11.9171
1.38648	11.4686	0.247525	11.9171
1.42221	11.5512	0.165017	11.9171
1.42264	11.5924	0.247525	11.9171
1.45113	11.6749	0.165017	11.9171
1.45569	11.7162	0.247525	11.9171
1.4593	11.7162	0.330033	11.9171
1.47416	11.7987	0.247525	11.9171
1.47982	11.7987	0.247525	12.9534
1.50181	11.7987	0.247525	13.4715
1.50315	11.7987	0.412541	13.4715
1.50384	11.8812	0.330033	13.4715
1.51578	11.9637	0.247525	13.4715
1.52119	12.005	0.330033	13.4715
1.52228	12.005	0.330033	13.9896
1.53313	12.0875	0.247525	13.9896
1.53325	12.0875	0.412541	13.9896
1.53441	12.17	0.330033	13.9896
1.53999	12.2525	0.247525	13.9896
1.54148	12.2937	0.330033	13.9896
1.58312	12.3762	0.247525	13.9896
1.58356	12.3762	0.412541	13.9896
1.58825	12.4587	0.330033	13.9896
1.61906	12.5413	0.247525	13.9896
1.62805	12.6238	0.165017	13.9896
1.63496	12.6238	0.165017	14.5078
1.64331	12.6238	0.165017	14.5078
1.66284	12.6238	0.165017	15.0259
1.66323	12.665	0.247525	15.0259
1.66363	12.7063	0.330033	15.0259
1.67306	12.7888	0.247525	15.0259
1.69855	12.8713	0.165017	15.0259
1.69916	12.9125	0.247525	15.0259
1.70553	12.995	0.165017	15.0259
1.70574	13.0363	0.247525	15.0259
1.71413	13.1188	0.165017	15.0259
1.71457	13.1188	0.330033	15.0259
1.71624	13.2013	0.247525	15.0259
1.71724	13.2838	0.165017	15.0259
1.71763	13.3251	0.247525	15.0259
1.72172	13.4076	0.165017	15.0259
1.72244	13.4488	0.247525	15.0259
1.72766	13.5314	0.165017	15.0259
1.7277	13.5314	0.330033	15.0259
1.72838	13.6139	0.247525	15.0259
1.75397	13.6964	0.165017	15.0259
1.75895	13.6964	0.165017	15.0259
1.75944	13.6964	0.165017	15.544
1.76036	13.7376	0.247525	15.544
1.76498	13.8201	0.165017	15.544
1.78167	13.8614	0.247525	15.544
1.7849	13.9026	0.330033	15.544
1.79585	13.9851	0.247525	15.544
1.79621	14.0264	0.330033	15.544
1.80083	14.1089	0.247525	15.544
1.8022	14.1089	0.412541	15.544
1.80325	14.1089	0.412541	16.0622
1.80414	14.1914	0.330033	16.0622
1.80414	14.2327	0.412541	16.0622
1.80479	14.3152	0.330033	16.0622
1.82944	14.3152	0.330033	16.5803
1.83482	14.3564	0.412541	16.5803
1.83729	14.3564	0.577558	16.5803
1.83741	14.4389	0.49505	16.5803
1.84941	14.5215	0.412541	16.5803
1.85077	14.5215	0.49505	16.5803
1.85467	14.604	0.412541	16.5803
1.85751	14.6452	0.49505	16.5803
1.86489	14.7277	0.412541	16.5803
1.86763	14.769	0.49505	16.5803
1.89647	14.8515	0.412541	16.5803
1.90071	14.8515	0.412541	16.5803
1.90178	14.8515	0.49505	16.5803
1.90313	14.8927	0.577558	16.5803
1.9035	14.9752	0.49505	16.5803
1.92584	15.0578	0.412541	16.5803
1.92754	15.099	0.49505	16.5803
1.92834	15.1815	0.412541	16.5803
1.92969	15.1815	0.577558	16.5803
1.93056	15.264	0.49505	16.5803
1.93168	15.3465	0.412541	16.5803
1.93371	15.3465	0.412541	17.6166
1.96301	15.3465	0.412541	18.1347
1.96494	15.3878	0.49505	18.1347
1.96537	15.4703	0.412541	18.1347
1.96567	15.4703	0.49505	18.1347
1.97167	15.5528	0.412541	18.1347
1.97607	15.5528	0.412541	18.6528
1.9808	15.6353	0.330033	18.6528
1.98117	15.6353	0.330033	19.171
1.98745	15.6353	0.330033	19.171
1.98795	15.6353	0.412541	19.171
1.99827	15.7178	0.330033	19.171
2.00607	15.7591	0.412541	19.171
2.0108	15.8416	0.330033	19.171
2.0113	15.8416	0.49505	19.171
2.01198	15.9241	0.412541	19.171
2.01371	16.0066	0.330033	19.171
2.01618	16.0479	0.412541	19.171
2.0212	16.1304	0.330033	19.171
2.02129	16.1716	0.412541	19.171
2.06444	16.2541	0.330033	19.171
2.06578	16.2954	0.412541	19.171
2.07764	16.3779	0.330033	19.171
2.07793	16.3779	0.412541	19.171
2.08329	16.4604	0.330033	19.171
2.08497	16.5016	0.412541	19.171
2.08555	16.5842	0.330033	19.171
2.08608	16.5842	0.412541	19.171
2.0913	16.6667	0.330033	19.171
2.0924	16.7079	0.412541	19.171
2.09443	16.7904	0.330033	19.171
2.09582	16.7904	0.49505	19.171
2.09862	16.8729	0.412541	19.171
2.10627	16.9554	0.330033	19.171
2.12463	16.9554	0.330033	20.2073
2.12557	16.9967	0.412541	20.2073
2.148	17.0792	0.330033	20.2073
2.14817	17.1205	0.412541	20.2073
2.19982	17.203	0.330033	20.2073
2.22229	17.203	0.330033	20.7254
2.22266	17.203	0.412541	20.7254
2.23633	17.2855	0.330033	20.7254
2.25108	17.2855	0.330033	20.7254
2.25243	17.3267	0.412541	20.7254
2.27164	17.4092	0.330033	20.7254
2.27481	17.4505	0.412541	20.7254
2.28598	17.533	0.330033	20.7254
2.28632	17.5743	0.412541	20.7254
2.30886	17.6568	0.330033	20.7254
2.31162	17.6568	0.412541	20.7254
2.31329	17.7393	0.330033	20.7254
2.32297	17.8218	0.247525	20.7254
2.32404	17.8218	0.412541	20.7254
2.32438	17.863	0.49505	20.7254
2.32744	17.9455	0.412541	20.7254
2.33134	18.0281	0.330033	20.7254
2.35395	18.1106	0.247525	20.7254
2.35578	18.1106	0.247525	21.2435
2.36417	18.1106	0.247525	21.7617
2.36769	18.1106	0.247525	22.2798
2.4123	18.1106	0.247525	22.7979
2.41475	18.1518	0.330033	22.7979
2.41731	18.2343	0.247525	22.7979
2.41779	18.2756	0.330033	22.7979
2.422	18.3581	0.247525	22.7979
2.42272	18.3581	0.330033	22.7979
2.44988	18.4406	0.247525	22.7979
2.45071	18.4406	0.412541	22.7979
2.45134	18.5231	0.330033	22.7979
2.47323	18.6056	0.247525	22.7979
2.49153	18.6056	0.247525	22.7979
2.49448	18.6469	0.330033	22.7979
2.49509	18.6469	0.49505	22.7979
2.49538	18.7294	0.412541	22.7979
2.49695	18.8119	0.330033	22.7979
2.56717	18.8944	0.247525	22.7979
2.57027	18.9356	0.330033	22.7979
2.58843	19.0182	0.247525	22.7979
2.59071	19.0182	0.247525	23.3161
2.59146	19.1007	0.165017	23.3161
2.59237	19.1419	0.247525	23.3161
2.59571	19.1832	0.330033	23.3161
2.59664	19.2657	0.247525	23.3161
2.61736	19.3482	0.165017	23.3161
2.6177	19.3894	0.247525	23.3161
2.65548	19.4719	0.165017	23.3161
2.66683	19.4719	0.165017	24.3523
2.66809	19.4719	0.247525	24.3523
2.67178	19.5545	0.165017	24.3523
2.67854	19.5545	0.165017	24.3523
2.6793	19.5957	0.247525	24.3523
2.68058	19.5957	0.247525	24.8705
2.75447	19.6782	0.165017	24.8705
2.77365	19.6782	0.165017	25.3886
2.77675	19.7195	0.247525	25.3886
2.77963	19.7195	0.247525	25.9067
2.78957	19.802	0.165017	25.9067
2.79	19.802	0.330033	25.9067
2.79384	19.8845	0.247525	25.9067
2.79937	19.967	0.165017	25.9067
2.80051	20.0083	0.247525	25.9067
2.82667	20.0908	0.165017	25.9067
2.82669	20.0908	0.330033	25.9067
2.82747	20.1733	0.247525	25.9067
2.82804	20.2145	0.330033	25.9067
2.82832	20.297	0.247525	25.9067
2.82881	20.3383	0.330033	25.9067
2.84048	20.4208	0.247525	25.9067
2.8417	20.5033	0.165017	25.9067
2.86333	20.5033	0.165017	26.4249
2.86548	20.5033	0.247525	26.4249
2.86971	20.5858	0.165017	26.4249
2.87049	20.5858	0.247525	26.4249
2.88204	20.6683	0.165017	26.4249
2.8826	20.6683	0.330033	26.4249
2.88358	20.7508	0.247525	26.4249
2.89222	20.8333	0.165017	26.4249
2.90008	20.8746	0.247525	26.4249
2.92287	20.9571	0.165017	26.4249
2.92627	20.9571	0.247525	26.4249
2.92662	20.9571	0.412541	26.4249
2.92919	21.0396	0.330033	26.4249
2.92996	21.1221	0.247525	26.4249
2.94015	21.2046	0.165017	26.4249
2.94285	21.2871	0.0825083	26.4249
2.94355	21.3284	0.165017	26.4249
2.96434	21.4109	0.0825083	26.4249
2.96563	21.4521	0.165017	26.4249
2.99228	21.5347	0.0825083	26.4249
2.99695	21.5347	0.0825083	26.943
2.99868	21.5759	0.165017	26.943
3.00239	21.6584	0.0825083	26.943
3.00636	21.6584	0.165017	26.943
3.05132	21.7409	0.0825083	26.943
3.05209	21.7822	0.165017	26.943
3.07993	21.8647	0.0825083	26.943
3.08728	21.9472	0	26.943
3.08815	21.9472	0.165017	26.943
3.08964	22.0297	0.0825083	26.943
3.10725	22.1122	0	26.943
3.10732	22.1535	0.0825083	26.943
3.10938	22.236	0	26.943
3.11024	22.2772	0.0825083	26.943
3.12252	22.3597	0	26.943
3.12282	22.3597	0.0825083	26.943
3.13299	22.4422	0	26.943
3.13682	22.4422	0	27.9793
3.13796	22.4835	0.0825083	27.9793
3.13826	22.566	0	27.9793
3.13864	22.566	0.0825083	27.9793
3.20781	22.6485	0	27.9793
3.20839	22.6898	0.0825083	27.9793
3.21309	22.7723	0	27.9793
3.21515	22.8135	0.0825083	27.9793
3.2164	22.896	0	27.9793
3.21689	22.9373	0.0825083	27.9793
3.23346	23.0198	0	27.9793
3.25944	23.0198	0	28.4974
3.27031	23.0198	0	28.4974
3.27038	23.0198	0.165017	28.4974
3.27072	23.1023	0.0825083	28.4974
3.28771	23.1848	0	28.4974
3.28848	23.2261	0.0825083	28.4974
3.29461	23.3086	0	28.4974
3.29559	23.3498	0.0825083	28.4974
3.3029	23.4323	0	28.4974
3.34214	23.4323	0	29.0155
3.34309	23.4736	0.0825083	29.0155
3.3444	23.5149	0.165017	29.0155
3.34935	23.5974	0.0825083	29.0155
3.3682	23.6799	0	29.0155
3.38779	23.7211	0.0825083	29.0155
3.38878	23.7211	0.165017	29.0155
3.42071	23.8036	0.0825083	29.0155
3.42963	23.8036	0.0825083	29.5337
3.42964	23.8449	0.165017	29.5337
3.43654	23.9274	0.0825083	29.5337
3.437	23.9686	0.165017	29.5337
3.4706	24.0512	0.0825083	29.5337
3.47236	24.0512	0.247525	29.5337
3.47348	24.1337	0.165017	29.5337
3.4773	24.1337	0.165017	30.0518
3.49771	24.2162	0.0825083	30.0518
3.50143	24.2574	0.165017	30.0518
3.5197	24.3399	0.0825083	30.0518
3.5199	24.3812	0.165017	30.0518
3.5206	24.4224	0.247525	30.0518
3.52126	24.5049	0.165017	30.0518
3.53462	24.5875	0.0825083	30.0518
3.53515	24.5875	0.247525	30.0518
3.53852	24.67	0.165017	30.0518
3.54904	24.7525	0.0825083	30.0518
3.55361	24.7937	0.165017	30.0518
3.57213	24.8762	0.0825083	30.0518
3.57227	24.8762	0.247525	30.0518
3.57299	24.8762	0.247525	30.5699
3.57508	24.9587	0.165017	30.5699
3.59658	25.0413	0.0825083	30.5699
3.5994	25.0825	0.165017	30.5699
3.64849	25.165	0.0825083	30.5699
3.65019	25.2063	0.165017	30.5699
3.65529	25.2888	0.0825083	30.5699
3.65987	25.2888	0.0825083	31.0881
3.66104	25.2888	0.247525	31.0881
3.66231	25.3713	0.165017	31.0881
3.66966	25.4538	0.0825083	31.0881
3.67068	25.4951	0.165017	31.0881
3.68018	25.5776	0.0825083	31.0881
3.68903	25.5776	0.0825083	32.1244
3.6894	25.6188	0.165017	32.1244
3.72998	25.7013	0.0825083	32.1244
3.73194	25.7426	0.165017	32.1244
3.75233	25.8251	0.0825083	32.1244
3.75436	25.8251	0.247525	32.1244
3.75448	25.9076	0.165017	32.1244
3.76427	25.9901	0.0825083	32.1244
3.77382	25.9901	0.0825083	32.6425
3.77424	26.0314	0.165017	32.6425
3.77595	26.1139	0.0825083	32.6425
3.77763	26.1139	0.165017	32.6425
3.78009	26.1964	0.0825083	32.6425
3.7883	26.1964	0.0825083	33.1606
3.81731	26.1964	0.0825083	33.6788
3.82992	26.1964	0.0825083	34.1969
3.85007	26.1964	0.0825083	35.2332
3.85103	26.2376	0.165017	35.2332
3.88274	26.3201	0.0825083	35.2332
3.88481	26.3614	0.165017	35.2332
3.88853	26.4439	0.0825083	35.2332
3.8907	26.4851	0.165017	35.2332
3.93405	26.5677	0.0825083	35.2332
3.93564	26.6089	0.165017	35.2332
3.93591	26.6089	0.330033	35.2332
3.93598	26.6914	0.247525	35.2332
3.93643	26.7739	0.165017	35.2332
3.99375	26.8564	0.0825083	35.2332
3.99777	26.8564	0.0825083	36.2694
4.00305	26.8564	0.0825083	37.3057
4.00322	26.8564	0.247525	37.3057
4.00451	26.8564	0.330033	37.3057
4.00482	26.9389	0.247525	37.3057
4.005	27.0215	0.165017	37.3057
4.00636	27.104	0.0825083	37.3057
4.00665	27.104	0.247525	37.3057
4.00693	27.1865	0.165017	37.3057
4.07349	27.269	0.0825083	37.3057
4.08038	27.3102	0.165017	37.3057
4.08074	27.3102	0.330033	37.3057
4.08135	27.3515	0.412541	37.3057
4.08162	27.434	0.330033	37.3057
4.08333	27.5165	0.247525	37.3057
4.10543	27.599	0.165017	37.3057
4.10762	27.6403	0.247525	37.3057
4.10784	27.7228	0.165017	37.3057
4.11003	27.764	0.247525	37.3057
4.11227	27.764	0.330033	37.3057
4.11567	27.8465	0.247525	37.3057
4.16797	27.929	0.165017	37.3057
4.1681	27.929	0.247525	37.3057
4.18005	28.0116	0.165017	37.3057
4.18076	28.0528	0.247525	37.3057
4.18525	28.1353	0.165017	37.3057
4.18526	28.1353	0.330033	37.3057
4.1889	28.2178	0.247525	37.3057
4.21191	28.3003	0.165017	37.3057
4.21322	28.3003	0.247525	37.3057
4.23886	28.3828	0.165017	37.3057
4.24001	28.4241	0.247525	37.3057
4.24015	28.5066	0.165017	37.3057
4.24059	28.5066	0.330033	37.3057
4.24149	28.5891	0.247525	37.3057
4.24838	28.6716	0.165017	37.3057
4.26333	28.6716	0.165017	37.3057
4.26334	28.6716	0.330033	37.3057
4.26343	28.7541	0.247525	37.3057
4.30707	28.8366	0.165017	37.3057
4.31118	28.8366	0.165017	38.342
4.3116	28.8779	0.247525	38.342
4.35428	28.9604	0.165017	38.342
4.35613	29.0016	0.247525	38.342
4.38125	29.0842	0.165017	38.342
4.38542	29.1667	0.0825083	38.342
4.41019	29.1667	0.0825083	38.8601
4.4108	29.1667	0.165017	38.8601
4.4206	29.2492	0.0825083	38.8601
4.42426	29.2492	0.0825083	39.8964
4.43232	29.2492	0.0825083	40.4145
4.43245	29.2904	0.165017	40.4145
4.44236	29.3729	0.0825083	40.4145
4.44352	29.4142	0.165017	40.4145
4.45383	29.4967	0.0825083	40.4145
4.45416	29.4967	0.247525	40.4145
4.45774	29.5792	0.165017	40.4145
4.46196	29.5792	0.165017	41.4508
4.50189	29.6617	0.0825083	41.4508
4.50583	29.6617	0.0825083	41.9689
4.50652	29.703	0.165017	41.9689
4.55298	29.7855	0.0825083	41.9689
4.55623	29.7855	0.165017	41.9689
4.58818	29.868	0.0825083	41.9689
4.58916	29.9092	0.165017	41.9689
4.5912	29.9917	0.0825083	41.9689
4.59807	29.9917	0.0825083	43.0052
4.60457	30.033	0.165017	43.0052
4.66011	30.1155	0.0825083	43.0052
4.66015	30.1155	0.247525	43.0052
4.6644	30.198	0.165017	43.0052
4.6648	30.198	0.330033	43.0052
4.66502	30.2805	0.247525	43.0052
4.66793	30.363	0.165017	43.0052
4.68057	30.4455	0.0825083	43.0052
4.6837	30.4455	0.165017	43.0052
4.6878	30.5281	0.0825083	43.0052
4.68785	30.5281	0.247525	43.0052
4.68965	30.6106	0.165017	43.0052
4.70801	30.6931	0.0825083	43.0052
4.74295	30.6931	0.0825083	43.5233
4.74299	30.7343	0.165017	43.5233
4.78011	30.8168	0.0825083	43.5233
4.78113	30.8168	0.0825083	44.0415
4.79127	30.8168	0.0825083	44.5596
4.79361	30.8581	0.165017	44.5596
4.7987	30.9406	0.0825083	44.5596
4.79897	30.9818	0.165017	44.5596
4.81234	31.0644	0.0825083	44.5596
4.82742	31.0644	0.0825083	45.5959
4.8339	31.1056	0.165017	45.5959
4.89114	31.1881	0.0825083	45.5959
4.94414	31.1881	0.0825083	46.6321
4.94763	31.1881	0.165017	46.6321
4.94773	31.1881	0.247525	46.6321
4.94829	31.2706	0.165017	46.6321
4.95908	31.3531	0.0825083	46.6321
4.96257	31.3531	0.247525	46.6321
4.96366	31.3944	0.330033	46.6321
4.96401	31.4769	0.247525	46.6321
4.96561	31.5594	0.165017	46.6321
5.03293	31.6419	0.0825083	46.6321
5.03824	31.7244	0	46.6321
5.04668	31.7244	0	47.1503
5.04742	31.7657	0.0825083	47.1503
5.11145	31.8482	0	47.1503
5.11192	31.8482	0.165017	47.1503
5.11285	31.9307	0.0825083	47.1503
5.12351	32.0132	0	47.1503
5.12504	32.0545	0.0825083	47.1503
5.14385	32.137	0	47.1503
5.18459	32.137	0	47.6684
5.18462	32.1782	0.0825083	47.6684
5.22046	32.2607	0	47.6684
5.22128	32.302	0.0825083	47.6684
5.2505	32.3845	0	47.6684
5.25598	32.3845	0	48.1865
5.25741	32.3845	0.0825083	48.1865
5.26175	32.467	0	48.1865
5.26199	32.467	0.165017	48.1865
5.26225	32.5495	0.0825083	48.1865
5.26588	32.632	0	48.1865
5.26602	32.6733	0.0825083	48.1865
5.27221	32.7558	0	48.1865
5.27452	32.797	0.0825083	48.1865
5.27631	32.8383	0.165017	48.1865
5.27679	32.9208	0.0825083	48.1865
5.27938	32.9208	0.247525	48.1865
5.28056	33.0033	0.165017	48.1865
5.28172	33.0858	0.0825083	48.1865
5.2875	33.1683	0	48.1865
5.30864	33.1683	0.0825083	48.1865
5.3616	33.1683	0.0825083	48.7047
5.36281	33.1683	0.165017	48.7047
5.36717	33.2508	0.0825083	48.7047
5.37462	33.2921	0.165017	48.7047
5.41556	33.3746	0.0825083	48.7047
5.42527	33.3746	0.0825083	49.2228
5.42911	33.3746	0.0825083	49.7409
5.45847	33.3746	0.0825083	50.7772
5.46266	33.4158	0.165017	50.7772
5.46761	33.4983	0.0825083	50.7772
5.46853	33.4983	0.247525	50.7772
5.46858	33.5396	0.330033	50.7772
5.46915	33.6221	0.247525	50.7772
5.46992	33.7046	0.165017	50.7772
5.53013	33.7871	0.0825083	50.7772
5.53088	33.8284	0.165017	50.7772
5.53621	33.9109	0.0825083	50.7772
5.54184	33.9109	0.165017	50.7772
5.55267	33.9934	0.0825083	50.7772
5.5731	33.9934	0.0825083	51.2953
5.57357	33.9934	0.247525	51.2953
5.58187	34.0759	0.165017	51.2953
5.58993	34.1584	0.0825083	51.2953
5.59252	34.1584	0.165017	51.2953
5.59618	34.2409	0.0825083	51.2953
5.59631	34.2409	0.247525	51.2953
5.59775	34.3234	0.165017	51.2953
5.61878	34.4059	0.0825083	51.2953
5.61891	34.4059	0.247525	51.2953
5.61892	34.4884	0.165017	51.2953
5.62986	34.571	0.0825083	51.2953
5.63059	34.6122	0.165017	51.2953
5.63208	34.6947	0.0825083	51.2953
5.63226	34.6947	0.247525	51.2953
5.63232	34.7772	0.165017	51.2953
5.63434	34.8597	0.0825083	51.2953
5.63464	34.8597	0.0825083	51.8135
5.63605	34.8597	0.165017	51.8135
5.65713	34.9422	0.0825083	51.8135
5.6898	34.9422	0.0825083	52.8497
5.6911	34.9422	0.0825083	53.3679
5.69284	34.9835	0.165017	53.3679
5.69721	35.066	0.0825083	53.3679
5.69848	35.066	0.165017	53.3679
5.76295	35.1485	0.0825083	53.3679
5.76297	35.1485	0.165017	53.3679
5.77207	35.231	0.0825083	53.3679
5.77438	35.2723	0.165017	53.3679
5.81675	35.3548	0.0825083	53.3679
5.81693	35.396	0.165017	53.3679
5.87999	35.4785	0.0825083	53.3679
5.88297	35.4785	0.0825083	53.886
5.88513	35.4785	0.165017	53.886
5.91448	35.5611	0.0825083	53.886
5.941	35.5611	0.0825083	54.4041
5.94325	35.6023	0.165017	54.4041
5.95798	35.6848	0.0825083	54.4041
5.96012	35.6848	0.247525	54.4041
5.96124	35.7673	0.165017	54.4041
5.97614	35.8498	0.0825083	54.4041
6.00065	35.8498	0.0825083	55.4404
6.00152	35.8498	0.165017	55.4404
6.03689	35.9323	0.0825083	55.4404
6.03698	35.9736	0.165017	55.4404
6.05657	36.0561	0.0825083	55.4404
6.0574	36.0974	0.165017	55.4404
6.07308	36.1799	0.0825083	55.4404
6.07398	36.1799	0.247525	55.4404
6.07437	36.2624	0.165017	55.4404
6.07477	36.2624	0.330033	55.4404
6.07483	36.3449	0.247525	55.4404
6.07877	36.4274	0.165017	55.4404
6.095	36.5099	0.0825083	55.4404
6.09651	36.5099	0.165017	55.4404
6.10633	36.5924	0.0825083	55.4404
6.12862	36.5924	0.0825083	55.9585
6.12879	36.5924	0.165017	55.9585
6.15858	36.6749	0.0825083	55.9585
6.15908	36.7162	0.165017	55.9585
6.18068	36.7987	0.0825083	55.9585
6.18259	36.7987	0.0825083	56.4767
6.22243	36.7987	0.0825083	56.4767
6.22781	36.7987	0.247525	56.4767
6.22803	36.8399	0.330033	56.4767
6.22845	36.8812	0.412541	56.4767
6.22973	36.9637	0.330033	56.4767
6.23036	37.0462	0.247525	56.4767
6.23892	37.1287	0.165017	56.4767
6.25293	37.1287	0.165017	57.513
6.25346	37.1287	0.330033	57.513
6.25607	37.2112	0.247525	57.513
6.2578	37.2937	0.165017	57.513
6.26118	37.335	0.247525	57.513
6.26483	37.4175	0.165017	57.513
6.26768	37.4175	0.330033	57.513
6.27107	37.5	0.247525	57.513
6.29816	37.5825	0.165017	57.513
6.30005	37.6238	0.247525	57.513
6.3102	37.7063	0.165017	57.513
6.31128	37.7063	0.330033	57.513
6.31283	37.7888	0.247525	57.513
6.34373	37.8713	0.165017	57.513
6.34404	37.9125	0.247525	57.513
6.3504	37.9125	0.247525	58.0311
6.39355	37.995	0.165017	58.0311
6.39859	37.995	0.165017	58.5492
6.40009	38.0363	0.247525	58.5492
6.40092	38.1188	0.165017	58.5492
6.40149	38.1601	0.247525	58.5492
6.40459	38.2426	0.165017	58.5492
6.40721	38.2426	0.165017	59.0674
6.40731	38.2838	0.247525	59.0674
6.40976	38.3663	0.165017	59.0674
6.41056	38.4076	0.247525	59.0674
6.41109	38.4901	0.165017	59.0674
6.4127	38.4901	0.330033	59.0674
6.41357	38.5726	0.247525	59.0674
6.52774	38.6551	0.165017	59.0674
6.52788	38.6964	0.247525	59.0674
6.54997	38.7789	0.165017	59.0674
6.55755	38.8201	0.247525	59.0674
6.60514	38.9026	0.165017	59.0674
6.60687	38.9439	0.247525	59.0674
6.63252	39.0264	0.165017	59.0674
6.63317	39.0677	0.247525	59.0674
6.66089	39.1502	0.165017	59.0674
6.66125	39.1914	0.247525	59.0674
6.66574	39.2739	0.165017	59.0674
6.6672	39.3152	0.247525	59.0674
6.66961	39.3977	0.165017	59.0674
6.67174	39.3977	0.330033	59.0674
6.67471	39.4802	0.247525	59.0674
6.67499	39.5627	0.165017	59.0674
6.67509	39.5627	0.330033	59.0674
6.67577	39.6452	0.247525	59.0674
6.68615	39.7277	0.165017	59.0674
6.69011	39.769	0.247525	59.0674
6.71844	39.8515	0.165017	59.0674
6.7188	39.8515	0.330033	59.0674
6.71953	39.934	0.247525	59.0674
6.76518	40.0165	0.165017	59.0674
6.76528	40.0578	0.247525	59.0674
6.77789	40.1403	0.165017	59.0674
6.782	40.1403	0.330033	59.0674
6.78345	40.2228	0.247525	59.0674
6.83939	40.3053	0.165017	59.0674
6.84112	40.3053	0.247525	59.0674
6.85316	40.3878	0.165017	59.0674
6.85332	40.3878	0.330033	59.0674
6.85352	40.4703	0.247525	59.0674
6.85504	40.5528	0.165017	59.0674
6.8603	40.5941	0.247525	59.0674
6.86885	40.6766	0.165017	59.0674
6.86896	40.6766	0.247525	59.0674
6.87531	40.7591	0.165017	59.0674
6.87541	40.7591	0.330033	59.0674
6.87586	40.8416	0.247525	59.0674
6.87789	40.9241	0.165017	59.0674
6.87961	40.9653	0.247525	59.0674
6.88226	41.0479	0.165017	59.0674
6.88353	41.0891	0.247525	59.0674
6.89539	41.1716	0.165017	59.0674
6.89753	41.2129	0.247525	59.0674
6.91551	41.2954	0.165017	59.0674
6.91914	41.3366	0.247525	59.0674
6.9226	41.4191	0.165017	59.0674
6.92262	41.4604	0.247525	59.0674
6.93025	41.5429	0.165017	59.0674
6.93093	41.5842	0.247525	59.0674
6.93226	41.5842	0.412541	59.0674
6.93262	41.6667	0.330033	59.0674
6.97067	41.7492	0.247525	59.0674
6.9789	41.7904	0.330033	59.0674
6.97992	41.8317	0.412541	59.0674
6.98007	41.9142	0.330033	59.0674
7.01255	41.9967	0.247525	59.0674
7.01566	41.9967	0.412541	59.0674
7.01619	42.0792	0.330033	59.0674
7.066	42.1617	0.247525	59.0674
7.06673	42.1617	0.412541	59.0674
7.06759	42.2442	0.330033	59.0674
7.0693	42.3267	0.247525	59.0674
7.09197	42.3267	0.247525	60.1036
7.09234	42.3267	0.330033	60.1036
7.11472	42.4092	0.247525	60.1036
7.12672	42.4092	0.247525	61.1399
7.12834	42.4505	0.330033	61.1399
7.12873	42.4505	0.330033	61.658
7.15016	42.533	0.247525	61.658
7.15101	42.5743	0.330033	61.658
7.15151	42.6155	0.412541	61.658
7.15626	42.698	0.330033	61.658
7.17029	42.7805	0.247525	61.658
7.17209	42.8218	0.330033	61.658
7.17917	42.9043	0.247525	61.658
7.1796	42.9455	0.330033	61.658
7.18022	42.9868	0.412541	61.658
7.18621	43.0693	0.330033	61.658
7.19465	43.1518	0.247525	61.658
7.1982	43.1518	0.330033	61.658
7.21126	43.2343	0.247525	61.658
7.21255	43.2343	0.330033	61.658
7.26143	43.3168	0.247525	61.658
7.26243	43.3581	0.330033	61.658
7.28751	43.4406	0.247525	61.658
7.28974	43.4818	0.330033	61.658
7.3068	43.5644	0.247525	61.658
7.3089	43.6056	0.330033	61.658
7.33114	43.6881	0.247525	61.658
7.33269	43.6881	0.412541	61.658
7.33276	43.7706	0.330033	61.658
7.34415	43.8531	0.247525	61.658
7.37566	43.8531	0.247525	62.1762
7.37642	43.8531	0.330033	62.1762
7.42191	43.9356	0.247525	62.1762
7.42234	43.9356	0.330033	62.1762
7.43965	44.0182	0.247525	62.1762
7.44115	44.0594	0.330033	62.1762
7.44728	44.1419	0.247525	62.1762
7.44901	44.1419	0.247525	62.6943
7.49456	44.2244	0.165017	62.6943
7.4948	44.2244	0.330033	62.6943
7.49492	44.3069	0.247525	62.6943
7.52899	44.3894	0.165017	62.6943
7.53081	44.4307	0.247525	62.6943
7.54769	44.5132	0.165017	62.6943
7.548	44.5545	0.247525	62.6943
7.57707	44.637	0.165017	62.6943
7.57847	44.6782	0.247525	62.6943
7.59289	44.7607	0.165017	62.6943
7.59291	44.7607	0.330033	62.6943
7.59338	44.8432	0.247525	62.6943
7.61876	44.9257	0.165017	62.6943
7.62443	44.967	0.247525	62.6943
7.62534	44.967	0.330033	62.6943
7.62546	45.0495	0.247525	62.6943
7.64086	45.132	0.165017	62.6943
7.64347	45.1733	0.247525	62.6943
7.65062	45.2558	0.165017	62.6943
7.65088	45.2558	0.247525	62.6943
7.71223	45.3383	0.165017	62.6943
7.71316	45.3795	0.247525	62.6943
7.71424	45.462	0.165017	62.6943
7.71603	45.5033	0.247525	62.6943
7.72997	45.5858	0.165017	62.6943
7.73056	45.6271	0.247525	62.6943
7.73111	45.6683	0.330033	62.6943
7.73244	45.7508	0.247525	62.6943
7.77025	45.8333	0.165017	62.6943
7.77254	45.8746	0.247525	62.6943
7.80613	45.9571	0.165017	62.6943
7.80771	45.9983	0.247525	62.6943
7.8277	46.0809	0.165017	62.6943
7.83126	46.0809	0.330033	62.6943
7.8405	46.1634	0.247525	62.6943
7.84061	46.2046	0.330033	62.6943
7.87776	46.2871	0.247525	62.6943
7.87819	46.3284	0.330033	62.6943
7.90312	46.4109	0.247525	62.6943
7.90553	46.4109	0.247525	63.7306
7.90564	46.4521	0.330033	63.7306
7.90909	46.5347	0.247525	63.7306
7.90965	46.5347	0.412541	63.7306
7.9105	46.6172	0.330033	63.7306
7.91327	46.6997	0.247525	63.7306
7.91379	46.6997	0.412541	63.7306
7.9157	46.7822	0.330033	63.7306
7.9297	46.8647	0.247525	63.7306
7.93017	46.9059	0.330033	63.7306
7.93281	46.9884	0.247525	63.7306
7.93351	46.9884	0.330033	63.7306
7.93578	47.071	0.247525	63.7306
7.93769	47.1122	0.330033	63.7306
7.94526	47.1947	0.247525	63.7306
7.98295	47.2772	0.165017	63.7306
7.98516	47.3185	0.247525	63.7306
8.02839	47.401	0.165017	63.7306
8.0294	47.401	0.330033	63.7306
8.03067	47.4835	0.247525	63.7306
8.07657	47.566	0.165017	63.7306
8.07954	47.566	0.247525	63.7306
8.09983	47.6485	0.165017	63.7306
8.10037	47.6485	0.247525	63.7306
8.11769	47.731	0.165017	63.7306
8.11974	47.7723	0.247525	63.7306
8.15998	47.8548	0.165017	63.7306
8.15999	47.896	0.247525	63.7306
8.16773	47.9785	0.165017	63.7306
8.16789	48.0198	0.247525	63.7306
8.20932	48.1023	0.165017	63.7306
8.2485	48.1848	0.0825083	63.7306
8.25276	48.1848	0.165017	63.7306
8.25884	48.2673	0.0825083	63.7306
8.25901	48.3086	0.165017	63.7306
8.26443	48.3911	0.0825083	63.7306
8.2656	48.4323	0.165017	63.7306
8.27514	48.5149	0.0825083	63.7306
8.27517	48.5149	0.247525	63.7306
8.27557	48.5974	0.165017	63.7306
8.27966	48.6799	0.0825083	63.7306
8.28088	48.6799	0.247525	63.7306
8.28213	48.7624	0.165017	63.7306
8.37284	48.8449	0.0825083	63.7306
8.37756	48.8861	0.165017	63.7306
8.38474	48.9686	0.0825083	63.7306
8.38487	49.0099	0.165017	63.7306
8.40142	49.0924	0.0825083	63.7306
8.40357	49.0924	0.247525	63.7306
8.40409	49.1749	0.165017	63.7306
8.43599	49.2574	0.0825083	63.7306
8.43645	49.2574	0.165017	63.7306
8.46309	49.3399	0.0825083	63.7306
8.46385	49.3399	0.247525	63.7306
8.46554	49.4224	0.165017	63.7306
8.5058	49.505	0.0825083	63.7306
8.51037	49.5462	0.165017	63.7306
8.54992	49.6287	0.0825083	63.7306
8.55087	49.6287	0.247525	63.7306
8.5514	49.7112	0.165017	63.7306
8.55153	49.7937	0.0825083	63.7306
8.55339	49.835	0.165017	63.7306
8.57428	49.9175	0.0825083	63.7306
8.57576	49.9587	0.165017	63.7306
8.62485	50.0413	0.0825083	63.7306
8.62689	50.0413	0.247525	63.7306
8.62723	50.1238	0.165017	63.7306
8.64841	50.2063	0.0825083	63.7306
8.64878	50.2475	0.165017	63.7306
8.6504	50.33	0.0825083	63.7306
8.75826	50.33	0.0825083	64.2487
8.75935	50.33	0.247525	64.2487
8.7598	50.3713	0.330033	64.2487
8.76023	50.4538	0.247525	64.2487
8.7614	50.5363	0.165017	64.2487
8.76567	50.6188	0.0825083	64.2487
8.77512	50.6601	0.165017	64.2487
8.83583	50.7426	0.0825083	64.2487
8.83625	50.7426	0.247525	64.2487
8.83822	50.7838	0.330033	64.2487
8.83894	50.8663	0.247525	64.2487
8.8397	50.9488	0.165017	64.2487
8.84397	51.0314	0.0825083	64.2487
8.84398	51.0314	0.247525	64.2487
8.84415	51.1139	0.165017	64.2487
8.87182	51.1964	0.0825083	64.2487
8.87794	51.2376	0.165017	64.2487
8.93603	51.3201	0.0825083	64.2487
8.93795	51.3201	0.165017	64.2487
8.98971	51.4026	0.0825083	64.2487
8.99306	51.4026	0.247525	64.2487
8.99807	51.4851	0.165017	64.2487
9.00765	51.5677	0.0825083	64.2487
9.00979	51.6089	0.165017	64.2487
9.01226	51.6914	0.0825083	64.2487
9.01394	51.6914	0.0825083	65.285
9.01431	51.7327	0.165017	65.285
9.05745	51.8152	0.0825083	65.285
9.05966	51.8152	0.165017	65.285
9.08412	51.8977	0.0825083	65.285
9.08506	51.8977	0.247525	65.285
9.09186	51.9802	0.165017	65.285
9.11061	52.0627	0.0825083	65.285
9.11361	52.104	0.165017	65.285
9.11405	52.1452	0.247525	65.285
9.11466	52.2277	0.165017	65.285
9.14284	52.3102	0.0825083	65.285
9.14336	52.3102	0.247525	65.285
9.14375	52.3927	0.165017	65.285
9.14509	52.4752	0.0825083	65.285
9.14543	52.5165	0.165017	65.285
9.17468	52.599	0.0825083	65.285
9.1748	52.599	0.247525	65.285
9.17551	52.6815	0.165017	65.285
9.19551	52.764	0.0825083	65.285
9.19701	52.8053	0.165017	65.285
9.24913	52.8878	0.0825083	65.285
9.24914	52.929	0.165017	65.285
9.27171	53.0116	0.0825083	65.285
9.27226	53.0116	0.165017	65.285
9.2764	53.0941	0.0825083	65.285
9.27641	53.1353	0.165017	65.285
9.33031	53.2178	0.0825083	65.285
9.33171	53.2178	0.165017	65.285
9.33614	53.3003	0.0825083	65.285
9.33618	53.3416	0.165017	65.285
9.37896	53.4241	0.0825083	65.285
9.40811	53.4241	0.0825083	65.8031
9.40926	53.4653	0.165017	65.8031
9.46084	53.5479	0.0825083	65.8031
9.53514	53.5479	0.0825083	66.3212
9.53527	53.5891	0.165017	66.3212
9.53769	53.6716	0.0825083	66.3212
9.53798	53.7129	0.165017	66.3212
9.56137	53.7954	0.0825083	66.3212
9.56204	53.7954	0.247525	66.3212
9.56362	53.8779	0.165017	66.3212
9.57418	53.9604	0.0825083	66.3212
9.57537	53.9604	0.247525	66.3212
9.57859	54.0429	0.165017	66.3212
9.57879	54.1254	0.0825083	66.3212
9.63611	54.1254	0.0825083	66.8394
9.63625	54.1667	0.165017	66.8394
9.63705	54.1667	0.330033	66.8394
9.63741	54.2492	0.247525	66.8394
9.64055	54.3317	0.165017	66.8394
9.69508	54.4142	0.0825083	66.8394
9.71774	54.4142	0.0825083	67.8756
9.72597	54.4142	0.165017	67.8756
9.80838	54.4967	0.0825083	67.8756
9.8101	54.538	0.165017	67.8756
9.83727	54.6205	0.0825083	67.8756
9.83967	54.6617	0.165017	67.8756
9.85575	54.7442	0.0825083	67.8756
9.85694	54.7442	0.165017	67.8756
9.90459	54.8267	0.0825083	67.8756
9.9054	54.868	0.165017	67.8756
9.91604	54.9505	0.0825083	67.8756
9.99322	54.9505	0.0825083	68.9119
10.0111	54.9505	0.0825083	69.4301
10.0297	54.9505	0.247525	69.4301
10.0314	54.9917	0.330033	69.4301
10.0447	55.0743	0.247525	69.4301
10.0447	55.1155	0.330033	69.4301
10.0671	55.198	0.247525	69.4301
10.0675	55.198	0.412541	69.4301
10.0683	55.2805	0.330033	69.4301
10.0869	55.363	0.247525	69.4301
10.087	55.363	0.412541	69.4301
10.0901	55.4455	0.330033	69.4301
10.1424	55.5281	0.247525	69.4301
10.162	55.6106	0.165017	69.4301
10.1628	55.6106	0.330033	69.4301
10.1644	55.6931	0.247525	69.4301
10.169	55.7756	0.165017	69.4301
10.1691	55.8168	0.247525	69.4301
10.1873	55.8993	0.165017	69.4301
10.1887	55.9406	0.247525	69.4301
10.2155	56.0231	0.165017	69.4301
10.2164	56.0644	0.247525	69.4301
10.3402	56.1469	0.165017	69.4301
10.3422	56.1469	0.247525	69.4301
10.3807	56.2294	0.165017	69.4301
10.3811	56.2294	0.330033	69.4301
10.3827	56.3119	0.247525	69.4301
10.3879	56.3944	0.165017	69.4301
10.3894	56.3944	0.247525	69.4301
10.4048	56.4769	0.165017	69.4301
10.4058	56.5182	0.247525	69.4301
10.4061	56.5182	0.330033	69.4301
10.4067	56.6007	0.247525	69.4301
10.4557	56.6832	0.165017	69.4301
10.4595	56.7244	0.247525	69.4301
10.5839	56.8069	0.165017	69.4301
10.6218	56.8069	0.165017	70.4663
10.6316	56.8069	0.165017	70.9845
10.6371	56.8482	0.247525	70.9845
10.6382	56.9307	0.165017	70.9845
10.6391	56.9307	0.247525	70.9845
10.6748	57.0132	0.165017	70.9845
10.6752	57.0545	0.247525	70.9845
10.7554	57.137	0.165017	70.9845
10.7568	57.1782	0.247525	70.9845
10.7589	57.2607	0.165017	70.9845
10.7625	57.2607	0.247525	70.9845
10.763	57.2607	0.412541	70.9845
10.787	57.3432	0.330033	70.9845
10.7875	57.3432	0.412541	70.9845
10.7918	57.4257	0.330033	70.9845
10.7942	57.467	0.412541	70.9845
10.8222	57.5495	0.330033	70.9845
10.8223	57.5908	0.412541	70.9845
10.825	57.6733	0.330033	70.9845
10.8283	57.7145	0.412541	70.9845
10.8461	57.797	0.330033	70.9845
10.847	57.8383	0.412541	70.9845
10.8773	57.9208	0.330033	70.9845
10.8778	57.962	0.412541	70.9845
10.9329	58.0446	0.330033	70.9845
10.9374	58.0858	0.412541	70.9845
10.939	58.1683	0.330033	70.9845
10.9454	58.1683	0.330033	71.5026
10.9918	58.1683	0.330033	72.5389
10.993	58.1683	0.412541	72.5389
10.9947	58.2508	0.330033	72.5389
10.9962	58.2921	0.412541	72.5389
11.0244	58.3746	0.330033	72.5389
11.0262	58.3746	0.412541	72.5389
11.1568	58.4571	0.330033	72.5389
11.157	58.4983	0.412541	72.5389
11.1925	58.5809	0.330033	72.5389
11.1933	58.6221	0.412541	72.5389
11.2254	58.7046	0.330033	72.5389
11.2255	58.7046	0.49505	72.5389
11.2263	58.7871	0.412541	72.5389
11.2508	58.8696	0.330033	72.5389
11.2532	58.9109	0.412541	72.5389
11.2704	58.9934	0.330033	72.5389
11.2705	59.0347	0.412541	72.5389
11.2731	59.0347	0.577558	72.5389
11.2732	59.1172	0.49505	72.5389
11.2737	59.1997	0.412541	72.5389
11.314	59.2822	0.330033	72.5389
11.3162	59.3234	0.412541	72.5389
11.3181	59.4059	0.330033	72.5389
11.3192	59.4059	0.412541	72.5389
11.3575	59.4884	0.330033	72.5389
11.3595	59.5297	0.412541	72.5389
11.3699	59.6122	0.330033	72.5389
11.3728	59.6535	0.412541	72.5389
11.3815	59.736	0.330033	72.5389
11.4297	59.8185	0.247525	72.5389
11.4305	59.8185	0.412541	72.5389
11.4385	59.901	0.330033	72.5389
11.4822	59.9835	0.247525	72.5389
11.4836	60.0248	0.330033	72.5389
11.5112	60.1073	0.247525	72.5389
11.5119	60.1073	0.412541	72.5389
11.5122	60.1898	0.330033	72.5389
11.5128	60.1898	0.412541	72.5389
11.513	60.2723	0.330033	72.5389
11.5331	60.3548	0.247525	72.5389
11.5341	60.396	0.330033	72.5389
11.5746	60.4785	0.247525	72.5389
11.6276	60.4785	0.247525	73.5751
11.6307	60.4785	0.330033	73.5751
11.6396	60.5611	0.247525	73.5751
11.6407	60.5611	0.330033	73.5751
11.6454	60.6436	0.247525	73.5751
11.6454	60.6848	0.330033	73.5751
11.6477	60.7673	0.247525	73.5751
11.6485	60.7673	0.330033	73.5751
11.6567	60.8498	0.247525	73.5751
11.6582	60.8911	0.330033	73.5751
11.6634	60.9736	0.247525	73.5751
11.7244	60.9736	0.247525	74.6114
11.7747	61.0561	0.165017	74.6114
11.7749	61.0974	0.247525	74.6114
11.8052	61.1799	0.165017	74.6114
11.8062	61.2211	0.247525	74.6114
11.8244	61.3036	0.165017	74.6114
11.8246	61.3449	0.247525	74.6114
11.8403	61.4274	0.165017	74.6114
11.8411	61.4686	0.247525	74.6114
11.8921	61.5512	0.165017	74.6114
11.8921	61.5924	0.247525	74.6114
11.9725	61.6749	0.165017	74.6114
11.9726	61.7162	0.247525	74.6114
12.0215	61.7987	0.165017	74.6114
12.0228	61.7987	0.247525	74.6114
12.0287	61.8812	0.165017	74.6114
12.0312	61.9224	0.247525	74.6114
12.0809	62.005	0.165017	74.6114
12.0811	62.005	0.330033	74.6114
12.0813	62.0875	0.247525	74.6114
12.0827	62.17	0.165017	74.6114
12.0835	62.2112	0.247525	74.6114
12.0985	62.2937	0.165017	74.6114
12.0986	62.2937	0.330033	74.6114
12.0987	62.3762	0.247525	74.6114
12.2025	62.4587	0.165017	74.6114
12.2688	62.4587	0.165017	75.1295
12.2696	62.4587	0.330033	75.1295
12.2699	62.5413	0.247525	75.1295
12.2845	62.6238	0.165017	75.1295
12.285	62.6238	0.330033	75.1295
12.2864	62.7063	0.247525	75.1295
12.3035	62.7888	0.165017	75.1295
12.3059	62.83	0.247525	75.1295
12.3079	62.9125	0.165017	75.1295
12.3102	62.9125	0.247525	75.1295
12.3937	62.995	0.165017	75.1295
12.4415	62.995	0.165017	75.6477
12.4416	62.995	0.247525	75.6477
12.456	63.0776	0.165017	75.6477
12.4591	63.1188	0.247525	75.6477
12.5502	63.2013	0.165017	75.6477
12.5517	63.2426	0.247525	75.6477
12.5587	63.3251	0.165017	75.6477
12.5608	63.3663	0.247525	75.6477
12.5667	63.4488	0.165017	75.6477
12.567	63.4901	0.247525	75.6477
12.572	63.5726	0.165017	75.6477
12.5723	63.5726	0.330033	75.6477
12.5766	63.6551	0.247525	75.6477
12.6015	63.7376	0.165017	75.6477
12.6024	63.7789	0.247525	75.6477
12.6264	63.8614	0.165017	75.6477
12.6268	63.8614	0.330033	75.6477
12.6282	63.9439	0.247525	75.6477
12.7955	64.0264	0.165017	75.6477
12.8059	64.0677	0.247525	75.6477
12.8116	64.1502	0.165017	75.6477
12.8119	64.1914	0.247525	75.6477
12.8562	64.2739	0.165017	75.6477
12.8568	64.3152	0.247525	75.6477
12.8737	64.3977	0.165017	75.6477
12.8739	64.4389	0.247525	75.6477
12.9497	64.5215	0.165017	75.6477
12.9505	64.5215	0.330033	75.6477
12.9543	64.604	0.247525	75.6477
12.9684	64.6865	0.165017	75.6477
12.9685	64.7277	0.247525	75.6477
13.0185	64.8102	0.165017	75.6477
13.0457	64.8927	0.0825083	75.6477
13.0465	64.934	0.165017	75.6477
13.1588	65.0165	0.0825083	75.6477
13.1631	65.0578	0.165017	75.6477
13.1669	65.1403	0.0825083	75.6477
13.1672	65.1403	0.247525	75.6477
13.1678	65.2228	0.165017	75.6477
13.1931	65.3053	0.0825083	75.6477
13.1966	65.3465	0.165017	75.6477
13.2136	65.429	0.0825083	75.6477
13.2136	65.429	0.247525	75.6477
13.2155	65.5116	0.165017	75.6477
13.2476	65.5941	0.0825083	75.6477
13.2504	65.6353	0.165017	75.6477
13.2646	65.7178	0.0825083	75.6477
13.3074	65.8003	0	75.6477
13.3077	65.8003	0.0825083	75.6477
13.3296	65.8828	0	75.6477
13.3319	65.9241	0.0825083	75.6477
13.3416	66.0066	0	75.6477
13.3431	66.0479	0.0825083	75.6477
13.4057	66.1304	0	75.6477
13.4365	66.1304	0	76.6839
13.4386	66.1716	0.0825083	76.6839
13.4734	66.2541	0	76.6839
13.4775	66.2954	0.0825083	76.6839
13.4902	66.3779	0	76.6839
13.4968	66.4191	0.0825083	76.6839
13.5421	66.5016	0	76.6839
13.5475	66.5016	0	77.7202
13.5481	66.5429	0.0825083	77.7202
13.591	66.6254	0	77.7202
13.5913	66.6667	0.0825083	77.7202
13.5916	66.7492	0	77.7202
13.5947	66.7492	0.0825083	77.7202
13.6277	66.8317	0	77.7202
13.6296	66.8729	0.0825083	77.7202
13.6329	66.9554	0	77.7202
13.6359	66.9967	0.0825083	77.7202
13.6529	67.0792	0	77.7202
13.6541	67.1205	0.0825083	77.7202
13.672	67.203	0	77.7202
13.6752	67.2442	0.0825083	77.7202
13.7054	67.3267	0	77.7202
13.7057	67.368	0.0825083	77.7202
13.749	67.4505	0	77.7202
13.8034	67.4505	0	78.7565
13.8039	67.4918	0.0825083	78.7565
13.8361	67.5743	0	78.7565
13.8413	67.6155	0.0825083	78.7565
13.8621	67.698	0	78.7565
13.8667	67.7393	0.0825083	78.7565
13.867	67.8218	0	78.7565
13.8673	67.8218	0.165017	78.7565
13.8699	67.9043	0.0825083	78.7565
13.8811	67.9868	0	78.7565
13.8818	67.9868	0.165017	78.7565
13.8839	68.0693	0.0825083	78.7565
13.8872	68.1518	0	78.7565
13.8889	68.1518	0.165017	78.7565
13.9563	68.2343	0.0825083	78.7565
13.9569	68.2756	0.165017	78.7565
14.0252	68.3581	0.0825083	78.7565
14.026	68.3993	0.165017	78.7565
14.0495	68.4818	0.0825083	78.7565
14.0523	68.5231	0.165017	78.7565
14.0558	68.6056	0.0825083	78.7565
14.1225	68.6056	0.0825083	79.7927
14.1226	68.6056	0.247525	79.7927
14.1234	68.6881	0.165017	79.7927
14.1517	68.7706	0.0825083	79.7927
14.1518	68.7706	0.247525	79.7927
14.152	68.8531	0.165017	79.7927
14.1747	68.9356	0.0825083	79.7927
14.1755	68.9356	0.247525	79.7927
14.1757	69.0182	0.165017	79.7927
14.1847	69.1007	0.0825083	79.7927
14.1871	69.1007	0.165017	79.7927
14.2006	69.1832	0.0825083	79.7927
14.2277	69.1832	0.0825083	80.3109
14.2282	69.1832	0.165017	80.3109
14.4008	69.2657	0.0825083	80.3109
14.402	69.3069	0.165017	80.3109
14.4046	69.3482	0.247525	80.3109
14.4053	69.4307	0.165017	80.3109
14.4184	69.5132	0.0825083	80.3109
14.4207	69.5545	0.165017	80.3109
14.4432	69.637	0.0825083	80.3109
14.4441	69.637	0.165017	80.3109
14.5049	69.7195	0.0825083	80.3109
14.5051	69.7607	0.165017	80.3109
14.5081	69.8432	0.0825083	80.3109
14.5086	69.8432	0.165017	80.3109
14.5337	69.9257	0.0825083	80.3109
14.5353	69.967	0.165017	80.3109
14.6763	70.0495	0.0825083	80.3109
14.756	70.0495	0.0825083	80.829
14.9278	70.0495	0.0825083	81.8653
14.9282	70.0908	0.165017	81.8653
14.9297	70.1733	0.0825083	81.8653
14.93	70.1733	0.165017	81.8653
15.0006	70.2558	0.0825083	81.8653
15.0071	70.297	0.165017	81.8653
15.0441	70.3795	0.0825083	81.8653
15.0654	70.4208	0.165017	81.8653
15.0667	70.462	0.247525	81.8653
15.1049	70.5446	0.165017	81.8653
15.1057	70.5858	0.247525	81.8653
15.1284	70.6683	0.165017	81.8653
15.1354	70.7096	0.247525	81.8653
15.1368	70.7096	0.412541	81.8653
15.1565	70.7921	0.330033	81.8653
15.1862	70.8746	0.247525	81.8653
15.187	70.9158	0.330033	81.8653
15.2514	70.9984	0.247525	81.8653
15.2522	71.0396	0.330033	81.8653
15.3127	71.1221	0.247525	81.8653
15.3131	71.1634	0.330033	81.8653
15.3236	71.2459	0.247525	81.8653
15.3245	71.2871	0.330033	81.8653
15.4274	71.3696	0.247525	81.8653
15.4281	71.4109	0.330033	81.8653
15.4755	71.4934	0.247525	81.8653
15.4801	71.5759	0.165017	81.8653
15.4815	71.6172	0.247525	81.8653
15.579	71.6997	0.165017	81.8653
15.5825	71.6997	0.247525	81.8653
15.6028	71.7822	0.165017	81.8653
15.6029	71.7822	0.330033	81.8653
15.6067	71.8647	0.247525	81.8653
15.7081	71.9472	0.165017	81.8653
15.709	71.9884	0.247525	81.8653
15.7092	72.071	0.165017	81.8653
15.7119	72.071	0.247525	81.8653
15.7149	72.1535	0.165017	81.8653
15.715	72.1535	0.247525	81.8653
15.7394	72.236	0.165017	81.8653
15.7406	72.2772	0.247525	81.8653
15.7511	72.3597	0.165017	81.8653
15.7518	72.401	0.247525	81.8653
15.7547	72.4835	0.165017	81.8653
15.7572	72.4835	0.330033	81.8653
15.7641	72.566	0.247525	81.8653
15.7654	72.6073	0.330033	81.8653
15.7786	72.6898	0.247525	81.8653
15.7799	72.6898	0.412541	81.8653
15.7802	72.7723	0.330033	81.8653
15.7941	72.8548	0.247525	81.8653
15.8837	72.8548	0.247525	82.9016
15.8849	72.896	0.330033	82.9016
15.987	72.9785	0.247525	82.9016
15.991	73.0611	0.165017	82.9016
15.991	73.0611	0.330033	82.9016
15.992	73.1436	0.247525	82.9016
16.0969	73.2261	0.165017	82.9016
16.0979	73.2673	0.247525	82.9016
16.145	73.3498	0.165017	82.9016
16.1551	73.4323	0.0825083	82.9016
16.1555	73.4736	0.165017	82.9016
16.1615	73.5561	0.0825083	82.9016
16.1615	73.5974	0.165017	82.9016
16.2022	73.6799	0.0825083	82.9016
16.2033	73.6799	0.247525	82.9016
16.2048	73.7624	0.165017	82.9016
16.2852	73.8449	0.0825083	82.9016
16.2855	73.8449	0.247525	82.9016
16.2863	73.9274	0.165017	82.9016
16.3951	74.0099	0.0825083	82.9016
16.3955	74.0099	0.165017	82.9016
16.3983	74.0924	0.0825083	82.9016
16.4045	74.1749	0	82.9016
16.4047	74.2162	0.0825083	82.9016
16.5338	74.2987	0	82.9016
16.5342	74.2987	0.0825083	82.9016
16.5495	74.3812	0	82.9016
16.5519	74.4224	0.0825083	82.9016
16.5617	74.505	0	82.9016
16.5642	74.5462	0.0825083	82.9016
16.5654	74.6287	0	82.9016
16.5654	74.67	0.0825083	82.9016
16.5768	74.7525	0	82.9016
16.577	74.7525	0.165017	82.9016
16.5775	74.835	0.0825083	82.9016
16.5914	74.9175	0	82.9016
16.5916	74.9587	0.0825083	82.9016
16.7845	75.0413	0	82.9016
16.7853	75.0825	0.0825083	82.9016
16.827	75.165	0	82.9016
16.8717	75.165	0	83.9378
16.8735	75.165	0.0825083	83.9378
17.0987	75.2475	0	83.9378
17.099	75.2888	0.0825083	83.9378
17.1337	75.3713	0	83.9378
17.134	75.4125	0.0825083	83.9378
17.1342	75.4125	0.0825083	84.456
17.1918	75.495	0	84.456
17.1937	75.5363	0.0825083	84.456
17.2376	75.6188	0	84.456
17.246	75.6601	0.0825083	84.456
17.3191	75.7426	0	84.456
17.3208	75.7838	0.0825083	84.456
17.4623	75.8663	0	84.456
17.4649	75.9076	0.0825083	84.456
17.4916	75.9901	0	84.456
17.5707	75.9901	0	85.4922
17.5721	75.9901	0.0825083	85.4922
17.5871	76.0726	0	85.4922
17.5874	76.0726	0.165017	85.4922
17.5875	76.1551	0.0825083	85.4922
17.6464	76.2376	0	85.4922
17.6469	76.2789	0.0825083	85.4922
17.6734	76.3614	0	85.4922
17.674	76.3614	0.165017	85.4922
17.6742	76.4439	0.0825083	85.4922
17.7197	76.5264	0	85.4922
17.7219	76.5677	0.0825083	85.4922
17.7359	76.6502	0	85.4922
17.7922	76.6502	0	86.0104
17.7924	76.6502	0.0825083	86.0104
17.8223	76.7327	0	86.0104
17.8233	76.7327	0.165017	86.0104
17.8236	76.8152	0.0825083	86.0104
18.0033	76.8977	0	86.0104
18.0044	76.9389	0.0825083	86.0104
18.1396	77.0215	0	86.0104
18.1471	77.0627	0.0825083	86.0104
18.3049	77.1452	0	86.0104
18.3068	77.1865	0.0825083	86.0104
18.3242	77.269	0	86.0104
18.325	77.3102	0.0825083	86.0104
18.3873	77.3927	0	86.0104
18.3877	77.434	0.0825083	86.0104
18.5223	77.5165	0	86.0104
18.5267	77.5578	0.0825083	86.0104
18.5365	77.6403	0	86.0104
18.54	77.6815	0.0825083	86.0104
18.5877	77.764	0	86.0104
18.5877	77.764	0.0825083	86.0104
18.6717	77.8465	0	86.0104
18.6735	77.8878	0.0825083	86.0104
18.7582	77.9703	0	86.0104
18.7606	77.9703	0.165017	86.0104
18.762	78.0528	0.0825083	86.0104
18.7699	78.1353	0	86.0104
18.7704	78.1766	0.0825083	86.0104
18.8803	78.2591	0	86.0104
18.8815	78.2591	0.165017	86.0104
18.8839	78.3416	0.0825083	86.0104
19.0398	78.4241	0	86.0104
19.0432	78.4653	0.0825083	86.0104
19.0782	78.5479	0	86.0104
19.0795	78.5891	0.0825083	86.0104
19.1707	78.6716	0	86.0104
19.1715	78.6716	0.165017	86.0104
19.1715	78.7541	0.0825083	86.0104
19.3372	78.8366	0	86.0104
19.3404	78.8779	0.0825083	86.0104
19.3407	78.8779	0.247525	86.0104
19.3436	78.9604	0.165017	86.0104
19.3444	79.0429	0.0825083	86.0104
19.4407	79.1254	0	86.0104
19.4414	79.1667	0.0825083	86.0104
19.6329	79.2492	0	86.0104
19.6366	79.2904	0.0825083	86.0104
19.6473	79.3729	0	86.0104
19.6483	79.3729	0.0825083	86.0104
19.8451	79.4554	0	86.0104
19.8458	79.4967	0.0825083	86.0104
19.8842	79.5792	0	86.0104
19.8843	79.6205	0.0825083	86.0104
20.1659	79.703	0	86.0104
20.1676	79.7442	0.0825083	86.0104
20.3058	79.8267	0	86.0104
20.3065	79.868	0.0825083	86.0104
20.3674	79.9505	0	86.0104
20.3674	79.9505	0.165017	86.0104
20.3678	80.033	0.0825083	86.0104
20.4056	80.1155	0	86.0104
20.406	80.1155	0.165017	86.0104
20.4067	80.198	0.0825083	86.0104
20.4177	80.2805	0	86.0104
20.4181	80.3218	0.0825083	86.0104
20.5262	80.4043	0	86.0104
20.5306	80.4455	0.0825083	86.0104
20.5336	80.5281	0	86.0104
20.5372	80.5693	0.0825083	86.0104
20.5588	80.6518	0	86.0104
20.5629	80.6931	0.0825083	86.0104
20.6073	80.7756	0	86.0104
20.6077	80.8168	0.0825083	86.0104
20.6312	80.8993	0	86.0104
20.6336	80.8993	0.0825083	86.0104
20.7707	80.9818	0	86.0104
20.7729	80.9818	0.165017	86.0104
20.7757	81.0644	0.0825083	86.0104
20.8063	81.1469	0	86.0104
20.8141	81.1881	0.0825083	86.0104
20.8581	81.2706	0	86.0104
20.8601	81.3119	0.0825083	86.0104
20.9255	81.3944	0	86.0104
20.927	81.3944	0.0825083	86.0104
20.9733	81.4769	0	86.0104
20.9741	81.5182	0.0825083	86.0104
20.9742	81.6007	0	86.0104
20.9747	81.6419	0.0825083	86.0104
21.1261	81.7244	0	86.0104
21.1263	81.7244	0.165017	86.0104
21.1299	81.8069	0.0825083	86.0104
21.1663	81.8894	0	86.0104
21.1691	81.9307	0.0825083	86.0104
21.2072	82.0132	0	86.0104
21.2081	82.0132	0.165017	86.0104
21.2085	82.0957	0.0825083	86.0104
21.2426	82.1782	0	86.0104
21.3977	82.1782	0	87.0466
21.3982	82.2195	0.0825083	87.0466
21.471	82.302	0	87.0466
21.4726	82.302	0.165017	87.0466
21.4741	82.3845	0.0825083	87.0466
21.509	82.467	0	87.0466
21.5097	82.5082	0.0825083	87.0466
21.5614	82.5908	0	87.0466
21.5617	82.632	0.0825083	87.0466
21.5896	82.7145	0	87.0466
21.5911	82.7145	0.165017	87.0466
21.5923	82.797	0.0825083	87.0466
21.6133	82.8795	0	87.0466
21.6168	82.8795	0.165017	87.0466
21.618	82.962	0.0825083	87.0466
21.6786	83.0446	0	87.0466
21.8542	83.0446	0	88.0829
21.8916	83.0446	0	89.1192
21.8924	83.0858	0.0825083	89.1192
22.0735	83.1683	0	89.1192
22.0786	83.2096	0.0825083	89.1192
22.115	83.2921	0	89.1192
22.115	83.3333	0.0825083	89.1192
22.27	83.4158	0	89.1192
22.2722	83.4571	0.0825083	89.1192
22.3453	83.5396	0	89.1192
22.3457	83.5396	0.165017	89.1192
22.3485	83.6221	0.0825083	89.1192
22.4039	83.7046	0	89.1192
22.408	83.7459	0.0825083	89.1192
22.4419	83.8284	0	89.1192
22.4444	83.8696	0.0825083	89.1192
22.6049	83.9521	0	89.1192
22.6069	83.9521	0.165017	89.1192
22.6117	84.0347	0.0825083	89.1192
22.9314	84.1172	0	89.1192
22.934	84.1172	0.0825083	89.1192
23.1107	84.1997	0	89.1192
23.1121	84.1997	0.165017	89.1192
23.1128	84.2822	0.0825083	89.1192
23.1625	84.3647	0	89.1192
23.1661	84.3647	0.0825083	89.1192
23.1895	84.4472	0	89.1192
23.1902	84.4472	0.165017	89.1192
23.192	84.5297	0.0825083	89.1192
23.1986	84.6122	0	89.1192
23.2007	84.6535	0.0825083	89.1192
23.2051	84.6947	0.165017	89.1192
23.207	84.7772	0.0825083	89.1192
23.235	84.8597	0	89.1192
23.2412	84.901	0.0825083	89.1192
23.3762	84.9835	0	89.1192
23.3775	84.9835	0.165017	89.1192
23.3778	85.066	0.0825083	89.1192
23.5262	85.1485	0	89.1192
23.5306	85.1898	0.0825083	89.1192
23.5934	85.2723	0	89.1192
23.5936	85.2723	0.165017	89.1192
23.5944	85.3548	0.0825083	89.1192
23.6432	85.4373	0	89.1192
23.6498	85.4785	0.0825083	89.1192
23.7036	85.5611	0	89.1192
23.7037	85.5611	0.165017	89.1192
23.7064	85.6436	0.0825083	89.1192
23.7331	85.7261	0	89.1192
23.7347	85.7673	0.0825083	89.1192
23.879	85.8498	0	89.1192
23.881	85.8498	0.0825083	89.1192
24.2241	85.9323	0	89.1192
24.2248	85.9323	0.165017	89.1192
24.2259	86.0149	0.0825083	89.1192
24.2781	86.0974	0	89.1192
24.2811	86.0974	0.165017	89.1192
24.2821	86.1799	0.0825083	89.1192
24.5066	86.2624	0	89.1192
24.5071	86.2624	0.165017	89.1192
24.5094	86.3449	0.0825083	89.1192
24.5444	86.4274	0	89.1192
24.5473	86.4686	0.0825083	89.1192
24.6047	86.5512	0	89.1192
24.6066	86.5924	0.0825083	89.1192
24.6312	86.6749	0	89.1192
24.6316	86.7162	0.0825083	89.1192
24.6459	86.7987	0	89.1192
24.648	86.8399	0.0825083	89.1192
24.6569	86.9224	0	89.1192
24.6574	86.9637	0.0825083	89.1192
24.7244	87.0462	0	89.1192
24.7254	87.0462	0.0825083	89.1192
24.7711	87.1287	0	89.1192
24.7717	87.1287	0.0825083	89.1192
24.8214	87.2112	0	89.1192
24.8219	87.2525	0.0825083	89.1192
25.0975	87.335	0	89.1192
25.1014	87.3762	0.0825083	89.1192
25.119	87.4587	0	89.1192
25.1207	87.5	0.0825083	89.1192
25.1417	87.5825	0	89.1192
25.1424	87.6238	0.0825083	89.1192
25.2007	87.7063	0	89.1192
25.2015	87.7475	0.0825083	89.1192
25.4973	87.83	0	89.1192
25.4982	87.8713	0.0825083	89.1192
25.5697	87.9538	0	89.1192
25.5714	87.995	0.0825083	89.1192
25.6305	88.0776	0	89.1192
25.6317	88.0776	0.165017	89.1192
25.6318	88.1601	0.0825083	89.1192
25.6544	88.2426	0	89.1192
25.6557	88.2426	0.0825083	89.1192
25.7063	88.3251	0	89.1192
25.8493	88.3663	0.0825083	89.1192
25.8497	88.4076	0.165017	89.1192
25.8849	88.4901	0.0825083	89.1192
25.8851	88.5314	0.165017	89.1192
25.8895	88.6139	0.0825083	89.1192
25.9081	88.6139	0.0825083	90.1554
25.9099	88.6139	0.247525	90.1554
25.9108	88.6964	0.165017	90.1554
26.0839	88.7789	0.0825083	90.1554
26.0845	88.8201	0.165017	90.1554
26.1906	88.9026	0.0825083	90.1554
26.2401	88.9026	0.0825083	91.1917
26.2408	88.9026	0.247525	91.1917
26.2439	88.9851	0.165017	91.1917
26.2515	89.0677	0.0825083	91.1917
26.2571	89.1089	0.165017	91.1917
26.5262	89.1914	0.0825083	91.1917
26.5274	89.1914	0.247525	91.1917
26.5293	89.2739	0.165017	91.1917
26.6198	89.3564	0.0825083	91.1917
26.6208	89.3564	0.247525	91.1917
26.6223	89.4389	0.165017	91.1917
26.6618	89.5215	0.0825083	91.1917
26.6635	89.5627	0.165017	91.1917
26.8036	89.6452	0.0825083	91.1917
26.8124	89.6865	0.165017	91.1917
26.8462	89.769	0.0825083	91.1917
27.0951	89.769	0.0825083	92.228
27.103	89.8102	0.165017	92.228
27.2499	89.8927	0.0825083	92.228
27.3081	89.9753	0	92.228
27.3122	90.0165	0.0825083	92.228
27.5554	90.099	0	92.228
27.5561	90.1403	0.0825083	92.228
27.6087	90.2228	0	92.228
27.611	90.2228	0.0825083	92.228
27.937	90.3053	0	92.228
28.1628	90.3053	0	93.2643
28.164	90.3053	0.165017	93.2643
28.1643	90.3878	0.0825083	93.2643
28.1649	90.429	0.165017	93.2643
28.1756	90.5116	0.0825083	93.2643
28.3387	90.5941	0	93.2643
28.34	90.6353	0.0825083	93.2643
28.7879	90.7178	0	93.2643
28.7886	90.7178	0.0825083	93.2643
28.8184	90.8003	0	93.2643
28.8221	90.8003	0.165017	93.2643
28.825	90.8828	0.0825083	93.2643
29.1692	90.9653	0	93.2643
29.1698	90.9653	0.0825083	93.2643
29.331	91.0479	0	93.2643
29.3318	91.0479	0.165017	93.2643
29.3323	91.1304	0.0825083	93.2643
29.4239	91.2129	0	93.2643
29.4307	91.2129	0.0825083	93.2643
29.5358	91.2954	0	93.2643
29.5366	91.2954	0.0825083	93.2643
29.8027	91.3779	0	93.2643
29.8054	91.3779	0.0825083	93.2643
29.9973	91.4604	0	93.2643
29.9986	91.5016	0.0825083	93.2643
30.3625	91.5842	0	93.2643
30.3632	91.6254	0.0825083	93.2643
30.3975	91.7079	0	93.2643
30.3992	91.7492	0.0825083	93.2643
30.4663	91.8317	0	93.2643
30.4743	91.8729	0.0825083	93.2643
30.5678	91.9554	0	93.2643
30.5687	91.9967	0.0825083	93.2643
30.5773	92.0792	0	93.2643
30.5824	92.0792	0.165017	93.2643
30.5827	92.1617	0.0825083	93.2643
30.8443	92.2442	0	93.2643
30.8488	92.2855	0.0825083	93.2643
31.0153	92.368	0	93.2643
31.0157	92.368	0.0825083	93.2643
31.0247	92.4505	0	93.2643
31.1619	92.4505	0	94.3005
31.1654	92.4505	0.165017	94.3005
31.1688	92.533	0.0825083	94.3005
31.5497	92.6155	0	94.3005
31.5506	92.6568	0.0825083	94.3005
31.5509	92.698	0.165017	94.3005
31.5583	92.7805	0.0825083	94.3005
31.6001	92.863	0	94.3005
31.6013	92.9043	0.0825083	94.3005
31.6783	92.9868	0	94.3005
31.6838	92.9868	0.0825083	94.3005
31.77	93.0693	0	94.3005
31.7727	93.1106	0.0825083	94.3005
31.8423	93.1931	0	94.3005
31.8432	93.2343	0.0825083	94.3005
31.8686	93.3168	0	94.3005
31.8708	93.3581	0.0825083	94.3005
32.0116	93.4406	0	94.3005
32.0121	93.4818	0.0825083	94.3005
32.0358	93.5644	0	94.3005
32.0385	93.6056	0.0825083	94.3005
32.056	93.6881	0	94.3005
32.0571	93.7294	0.0825083	94.3005
32.7619	93.8119	0	94.3005
32.7623	93.8119	0.165017	94.3005
32.766	93.8944	0.0825083	94.3005
32.9457	93.9769	0	94.3005
32.9464	94.0182	0.0825083	94.3005
33.0582	94.1007	0	94.3005
33.0585	94.1007	0.165017	94.3005
33.0607	94.1832	0.0825083	94.3005
33.2663	94.2657	0	94.3005
33.2672	94.3069	0.0825083	94.3005
33.4306	94.3894	0	94.3005
33.4321	94.4307	0.0825083	94.3005
33.5032	94.5132	0	94.3005
33.5075	94.5545	0.0825083	94.3005
33.5474	94.637	0	94.3005
33.5482	94.6782	0.0825083	94.3005
34.4606	94.7607	0	94.3005
34.4615	94.802	0.0825083	94.3005
34.8356	94.8845	0	94.3005
34.837	94.8845	0.165017	94.3005
34.8393	94.967	0.0825083	94.3005
34.9259	95.0495	0	94.3005
34.9272	95.0908	0.0825083	94.3005
35.0196	95.1733	0	94.3005
35.0212	95.2145	0.0825083	94.3005
35.2624	95.297	0	94.3005
35.2679	95.3383	0.0825083	94.3005
35.3747	95.4208	0	94.3005
35.3798	95.462	0.0825083	94.3005
35.4182	95.5446	0	94.3005
35.422	95.5858	0.0825083	94.3005
35.5436	95.6683	0	94.3005
35.5454	95.7096	0.0825083	94.3005
36.2634	95.7921	0	94.3005
36.4311	95.7921	0	94.8186
36.4327	95.8333	0.0825083	94.8186
36.9272	95.9158	0	94.8186
36.9285	95.9158	0.165017	94.8186
36.9333	95.9984	0.0825083	94.8186
37.046	96.0809	0	94.8186
37.0471	96.0809	0.165017	94.8186
37.0493	96.1634	0.0825083	94.8186
37.3573	96.2459	0	94.8186
37.3601	96.2871	0.0825083	94.8186
39.6504	96.3696	0	94.8186
39.6517	96.3696	0.0825083	94.8186
40.6406	96.4521	0	94.8186
40.6417	96.4521	0.165017	94.8186
40.6438	96.5347	0.0825083	94.8186
40.6879	96.6172	0	94.8186
40.6881	96.6584	0.0825083	94.8186
40.7553	96.7409	0	94.8186
40.7566	96.7822	0.0825083	94.8186
40.7666	96.8647	0	94.8186
40.767	96.9059	0.0825083	94.8186
41.0555	96.9884	0	94.8186
41.0559	96.9884	0.165017	94.8186
41.0578	97.071	0.0825083	94.8186
41.8933	97.1535	0	94.8186
41.8942	97.1947	0.0825083	94.8186
42.0402	97.2772	0	94.8186
42.0465	97.3185	0.0825083	94.8186
42.4159	97.401	0	94.8186
42.4163	97.401	0.165017	94.8186
42.4191	97.4835	0.0825083	94.8186
43.4192	97.566	0	94.8186
43.5685	97.6073	0.0825083	94.8186
43.5738	97.6485	0.165017	94.8186
43.7942	97.731	0.0825083	94.8186
44.5801	97.8135	0	94.8186
44.581	97.8548	0.0825083	94.8186
45.0458	97.9373	0	94.8186
45.0463	97.9785	0.0825083	94.8186
46.6423	98.0611	0	94.8186
46.9048	98.0611	0	95.8549
46.9055	98.0611	0.0825083	95.8549
47.6855	98.1436	0	95.8549
47.6888	98.1848	0.0825083	95.8549
48.1003	98.2673	0	95.8549
48.1022	98.2673	0.165017	95.8549
48.1026	98.3498	0.0825083	95.8549
50.749	98.4323	0	95.8549
50.753	98.4736	0.0825083	95.8549
51.7171	98.5561	0	95.8549
51.7173	98.5974	0.0825083	95.8549
52.6418	98.6799	0	95.8549
52.6419	98.6799	0.165017	95.8549
52.6429	98.7624	0.0825083	95.8549
53.3496	98.8449	0	95.8549
53.35	98.8449	0.165017	95.8549
53.3507	98.9274	0.0825083	95.8549
55.9239	99.0099	0	95.8549
55.9251	99.0512	0.0825083	95.8549
55.9716	99.1337	0	95.8549
55.9735	99.1749	0.0825083	95.8549
59.7369	99.2574	0	95.8549
59.7386	99.2987	0.0825083	95.8549
60.4671	99.3812	0	95.8549
60.4678	99.4224	0.0825083	95.8549
315.523	99.505	0	95.8549
353.84	99.505	0	96.8912
540.676	99.505	0	97.9275
2702.99	99.505	0	98.9637
3401.72	99.505	0	100
3401.95	99.5462	0.0825083	100
8449.18	99.6287	0	100
8449.47	99.67	0.0825083	100
10159.4	99.7525	0	100
10161.1	99.7937	0.0825083	100
37435.7	99.8762	0	100
37436.5	99.9175	0.0825083	100
