4.43458e-06	0	0	0
7.58542e-06	0	0	0
7.75489e-06	0	0	0
1.27155e-05	0	0	0
2.62029e-05	0	0	0
2.67894e-05	0	0	0
2.69822e-05	0	0	0
3.68447e-05	0	0	0
5.48158e-05	0	0	0
7.03847e-05	0	0	0
7.07508e-05	0	0	0
7.42177e-05	0	0	0
7.6493e-05	0	0	0
7.70202e-05	0	0	0
8.91951e-05	0	0	0
0.000101659	0	0	0
0.000111135	0	0	0
0.000129127	0	0	0
0.000138548	0	0	0
0.000146606	0	0	0
0.00016082	0	0	0
0.000191321	0	0	0
0.000192133	0	0	0
0.000203803	0	0	0
0.000204978	0	0	0
0.000216395	0	0	0
0.000222114	0	0	0
0.000227102	0	0	0
0.000236968	0	0	0
0.000255907	0	0	0
0.000260883	0	0	0
0.000273348	0	0	0
0.000273483	0	0	0
0.000274622	0	0	0
0.000290487	0	0	0
0.000293884	0	0	0
0.000332961	0	0	0
0.000334221	0	0	0
0.000342103	0	0	0
0.000368534	0	0	0
0.000397395	0	0	0
0.000413317	0	0	0
0.000418217	0	0	0
0.000433674	0	0	0
0.000439877	0	0	0
0.000452649	0	0	0
0.000455402	0	0	0
0.000482891	0	0	0
0.000484917	0	0	0
0.000491862	0	0	0
0.000491898	0	0	0
0.000527848	0	0	0
0.000545466	0	0	0
0.000559762	0	0	0
0.000563746	0	0	0
0.000605603	0	0	0
0.000661346	0	0	0
0.000697729	0	0	0
0.000700345	0	0	0
0.000711036	0	0	0
0.000723064	0	0	0
0.000734283	0	0	0
0.000759734	0	0	0
0.000766829	0	0	0
0.000787207	0	0	0
0.000788487	0	0	0
0.000796518	0	0	0
0.000801018	0	0	0
0.00080759	0	0	0
0.000832775	0	0	0
0.000877162	0	0	0
0.000880468	0	0	0
0.000887205	0	0	0
0.000904904	0	0	0
0.000907152	0	0	0
0.00090903	0	0	0
0.000921328	0	0	0
0.000934867	0	0	0
0.000935128	0	0	0
0.000955045	0	0	0
0.000971704	0	0	0
0.000991259	0	0	0
0.000995713	0	0	0
0.00101693	0	0	0
0.00103623	0	0	0
0.00103988	0	0	0
0.00108154	0	0	0
0.00108155	0	0	0
0.00108981	0	0	0
0.00111539	0	0	0
0.00112707	0	0	0
0.00113319	0	0	0
0.00114367	0	0	0
0.00116012	0	0	0
0.00116175	0	0	0
0.0011642	0	0	0
0.00116913	0	0	0
0.00118139	0	0	0
0.00118452	0	0	0
0.00119084	0	0	0
0.00122671	0	0	0
0.00124412	0	0	0
0.00124758	0	0	0
0.0012674	0	0	0
0.00127594	0	0	0
0.00127848	0	0	0
0.0012828	0	0	0
0.00128407	0	0	0
0.00129284	0	0	0
0.00131224	0	0	0
0.00131317	0	0	0
0.0013193	0	0	0
0.00132982	0	0	0
0.00133201	0	0	0
0.00134207	0	0	0
0.00137535	0	0	0
0.00137894	0	0	0
0.00140003	0	0	0
0.00142295	0	0	0
0.00142385	0	0	0
0.00142914	0	0	0
0.00143335	0	0	0
0.0014506	0	0	0
0.00146868	0	0	0
0.00148202	0	0	0
0.00150024	0	0	0
0.00150494	0	0	0
0.00152913	0	0	0
0.00155351	0	0	0
0.0015578	0	0	0
0.00155892	0	0	0
0.00156353	0	0	0
0.00157525	0	0	0
0.00157954	0	0	0
0.00164108	0	0	0
0.00165492	0	0	0
0.00165832	0	0	0
0.00165913	0	0	0
0.0016655	0	0	0
0.00178163	0	0	0
0.00179115	0	0	0
0.00179307	0	0	0
0.0017981	0	0	0
0.00188443	0	0	0
0.00198453	0	0	0
0.0019849	0	0	0
0.00201267	0	0	0
0.00204985	0	0	0
0.00211721	0	0	0
0.00214066	0	0	0
0.00215526	0	0	0
0.00217493	0	0	0
0.00222908	0	0	0
0.00223001	0	0	0
0.00223499	0	0	0
0.00223978	0	0	0
0.0022574	0	0	0
0.0022786	0	0	0
0.00228273	0	0	0
0.00232183	0	0	0
0.00233823	0	0	0
0.0023452	0	0	0
0.00235641	0	0	0
0.00237671	0	0	0
0.00237694	0	0	0
0.00239356	0	0	0
0.00239524	0	0	0
0.002455	0	0	0
0.00254302	0	0	0
0.00254426	0	0	0
0.00255746	0	0	0
0.00258371	0	0	0
0.00258703	0	0	0
0.00258744	0	0	0
0.00260004	0	0	0
0.00261164	0	0	0
0.00262639	0	0	0
0.00265511	0	0	0
0.00266632	0	0	0
0.00266732	0	0	0
0.00267398	0	0	0
0.00274126	0	0	0
0.00274477	0	0	0
0.00276264	0	0	0
0.0027704	0	0	0
0.0027836	0	0	0
0.00284085	0	0	0
0.00288816	0	0	0
0.00291371	0	0	0
0.00293987	0	0	0
0.00297563	0	0	0
0.00297577	0	0	0
0.003	0	0	0
0.0030331	0	0	0
0.00305643	0	0	0
0.00305978	0	0	0
0.00307794	0	0	0
0.0030992	0	0	0
0.00310781	0	0	0
0.00311673	0	0	0
0.00311987	0	0	0
0.00312639	0	0	0
0.00318825	0	0	0
0.0032127	0	0	0
0.00329854	0	0	0
0.00331097	0	0	0
0.00336496	0	0	0
0.00336694	0	0	0
0.00337686	0	0	0
0.00343748	0	0	0
0.00346517	0	0	0
0.00349781	0	0	0
0.00350373	0	0	0
0.0035132	0	0	0
0.00351472	0	0	0
0.00356496	0	0	0
0.00368976	0	0	0
0.00369906	0	0	0
0.00370906	0	0	0
0.00372063	0	0	0
0.0037513	0	0	0
0.00376398	0	0	0
0.00378981	0	0	0
0.00381659	0	0	0
0.00388427	0	0	0
0.0038969	0	0	0
0.00392105	0	0	0
0.00396288	0	0	0
0.00397341	0	0	0
0.00403148	0	0	0
0.00403298	0	0	0
0.00403822	0	0	0
0.00408173	0	0	0
0.00409802	0	0	0
0.00409905	0	0	0
0.00410543	0	0	0
0.0041353	0	0	0
0.0041414	0	0	0
0.00423306	0	0	0
0.00433464	0	0	0
0.00433997	0	0	0
0.00434177	0	0	0
0.00435129	0	0	0
0.00437483	0	0	0
0.00445743	0	0	0
0.00447079	0	0	0
0.00450011	0	0	0
0.00452	0	0	0
0.00452545	0	0	0
0.00454345	0	0	0
0.00455215	0	0	0
0.00456224	0	0	0
0.00458285	0	0	0
0.0046034	0	0	0
0.00461455	0	0	0
0.00461603	0	0	0
0.00462087	0	0	0
0.00462115	0	0	0
0.00462315	0	0	0
0.00463368	0	0	0
0.00465939	0	0	0
0.0046595	0	0	0
0.00466569	0	0	0
0.00467146	0	0	0
0.00469702	0	0	0
0.00471892	0	0	0
0.00474594	0	0	0
0.00477192	0	0	0
0.00479079	0	0	0
0.00480318	0	0	0
0.00482286	0	0	0
0.00487145	0	0	0
0.00488579	0	0	0
0.00497613	0	0	0
0.00500127	0	0	0
0.00500741	0	0	0
0.00516474	0	0	0
0.00517176	0	0	0
0.00522279	0	0	0
0.0052351	0	0	0
0.00526292	0	0	0
0.00528028	0	0	0
0.00532611	0	0	0
0.00537525	0	0	0
0.00539587	0	0	0
0.00543663	0	0	0
0.00544785	0	0	0
0.00545289	0	0	0
0.0054561	0	0	0
0.00546874	0	0	0
0.00551109	0	0	0
0.00554301	0	0	0
0.00556586	0	0	0
0.00562647	0	0	0
0.00565863	0	0	0
0.00575166	0	0	0
0.00579904	0	0	0
0.00585039	0	0	0
0.00588664	0	0	0
0.00596471	0	0	0
0.00606696	0	0	0
0.0062293	0	0	0
0.00623778	0	0	0
0.00624389	0	0	0
0.00633058	0	0	0
0.00635761	0	0	0
0.0063689	0	0	0
0.00637714	0	0	0
0.00640269	0	0	0
0.00642249	0	0	0
0.0064308	0	0	0
0.00652214	0	0	0
0.00658105	0	0	0
0.0066914	0	0	0
0.0067361	0	0	0
0.00673796	0	0	0
0.00678213	0	0	0
0.00682503	0	0	0
0.00684794	0	0	0
0.0068803	0	0	0
0.00689874	0	0	0
0.00691693	0	0	0
0.00698883	0	0	0
0.00702032	0	0	0
0.00706222	0	0	0
0.00711237	0	0	0
0.00712436	0	0	0
0.00712876	0	0	0
0.00720249	0	0	0
0.00728738	0	0	0
0.00729581	0	0	0
0.00733346	0	0	0
0.00733773	0	0	0
0.00736829	0	0	0
0.00740845	0	0	0
0.00742043	0	0	0
0.00749653	0	0	0
0.00764064	0	0	0
0.00765568	0	0	0
0.00769113	0	0	0
0.00771078	0	0	0
0.00774472	0	0	0
0.00775739	0	0	0
0.00780227	0	0	0
0.00780755	0	0	0
0.00781728	0	0	0
0.00782549	0	0	0
0.00784702	0	0	0
0.00793293	0	0	0
0.00795798	0	0	0
0.00795835	0	0	0
0.00799468	0	0	0
0.00801855	0	0	0
0.00804873	0	0.0825083	0
0.00808572	0	0.0825083	0
0.00814597	0	0.0825083	0
0.0081594	0	0.0825083	0
0.00817714	0	0.0825083	0
0.00820148	0	0.0825083	0
0.00822266	0	0.0825083	0
0.00824798	0	0.0825083	0
0.00825015	0	0.0825083	0
0.00826299	0	0.0825083	0
0.00828828	0	0.0825083	0
0.0083061	0	0.0825083	0
0.0083242	0	0.0825083	0
0.00833636	0	0.0825083	0
0.00835256	0	0.0825083	0
0.0083706	0	0.0825083	0
0.00837376	0	0.0825083	0
0.00844536	0	0.0825083	0
0.00844938	0	0.0825083	0
0.00845608	0	0.0825083	0
0.00847942	0	0.0825083	0
0.00851344	0	0.0825083	0
0.00855062	0	0.0825083	0
0.00863488	0	0.0825083	0
0.00864851	0	0.0825083	0
0.00881891	0	0.0825083	0
0.00885885	0	0.0825083	0
0.00885921	0	0.0825083	0
0.00891507	0	0.0825083	0
0.00891995	0	0.0825083	0
0.00893509	0	0.0825083	0
0.00895046	0	0.0825083	0
0.00895095	0	0.0825083	0
0.00895877	0	0.0825083	0
0.00898072	0	0.0825083	0
0.00898305	0	0.0825083	0
0.00898588	0	0.0825083	0
0.00898745	0	0.0825083	0
0.00898963	0	0.0825083	0
0.00902971	0	0.0825083	0
0.00909216	0	0.0825083	0
0.00919249	0	0.0825083	0
0.00919645	0	0.0825083	0
0.00923356	0	0.0825083	0
0.00926446	0	0.0825083	0
0.00928251	0	0.0825083	0
0.0093284	0	0.0825083	0
0.00935568	0	0.0825083	0
0.00940686	0	0.0825083	0
0.00941232	0	0.0825083	0
0.00959801	0	0.0825083	0
0.00961311	0	0.0825083	0
0.00961997	0	0.0825083	0
0.00963093	0	0.0825083	0
0.00977396	0	0.0825083	0
0.00987208	0	0.0825083	0
0.00988892	0	0.0825083	0
0.00992873	0	0.0825083	0
0.0099721	0	0.0825083	0
0.00999153	0	0.0825083	0
0.0100536	0	0.0825083	0
0.0100709	0	0.0825083	0
0.0100817	0	0.0825083	0
0.0101502	0	0.0825083	0
0.010151	0	0.0825083	0
0.0103112	0	0.0825083	0
0.0103441	0	0.0825083	0
0.0103819	0	0.0825083	0
0.010471	0	0.0825083	0
0.0104757	0	0.0825083	0
0.0104829	0	0.0825083	0
0.0104846	0	0.0825083	0
0.0105396	0	0.0825083	0
0.0105613	0	0.0825083	0
0.010571	0	0.0825083	0
0.0105963	0	0.0825083	0
0.0106307	0	0.0825083	0
0.0106508	0	0.0825083	0
0.0106766	0	0.0825083	0
0.0106775	0.0825083	0	0
0.0106866	0.0825083	0	0
0.010712	0.0825083	0	0
0.0107131	0.0825083	0	0
0.0107593	0.0825083	0	0
0.0107854	0.0825083	0	0
0.010789	0.0825083	0	0
0.0108665	0.0825083	0	0
0.0108859	0.0825083	0	0
0.011038	0.0825083	0	0
0.0110526	0.0825083	0	0
0.0110625	0.0825083	0	0
0.0110705	0.0825083	0	0
0.0111128	0.0825083	0	0
0.0111407	0.0825083	0	0
0.0111786	0.0825083	0	0
0.0111825	0.0825083	0	0
0.0112225	0.0825083	0	0
0.011243	0.0825083	0	0
0.0112468	0.0825083	0	0
0.0112484	0.0825083	0	0
0.0112723	0.0825083	0	0
0.0112856	0.0825083	0	0
0.0112929	0.0825083	0	0
0.0114095	0.0825083	0	0
0.0114922	0.0825083	0	0
0.0115387	0.0825083	0	0
0.0115937	0.0825083	0	0
0.0115974	0.0825083	0	0
0.0116082	0.0825083	0	0
0.0116184	0.0825083	0	0
0.0116332	0.0825083	0	0
0.011642	0.0825083	0	0
0.0116443	0.0825083	0	0
0.0116493	0.0825083	0	0
0.0116708	0.0825083	0	0
0.0116961	0.0825083	0	0
0.0117049	0.0825083	0	0
0.0117256	0.0825083	0	0
0.0118283	0.0825083	0	0
0.0118782	0.0825083	0	0
0.0118814	0.0825083	0	0
0.0118952	0.0825083	0	0
0.0119179	0.0825083	0	0
0.0119496	0.0825083	0	0
0.0119523	0.0825083	0	0
0.0121269	0.0825083	0	0
0.0121282	0.0825083	0	0
0.0121564	0.0825083	0	0
0.0121841	0.0825083	0	0
0.0121914	0.0825083	0	0
0.0122163	0.0825083	0	0
0.0122269	0.0825083	0	0
0.0122345	0.0825083	0	0
0.0122531	0.0825083	0	0
0.0122605	0.0825083	0	0
0.0123301	0.0825083	0	0
0.0123387	0.0825083	0	0
0.0123718	0.0825083	0	0
0.0124028	0.0825083	0	0
0.012445	0.0825083	0	0
0.0124755	0.0825083	0	0
0.0125014	0.0825083	0	0
0.0125151	0.0825083	0	0
0.0125172	0.0825083	0	0
0.0125252	0.0825083	0	0
0.0125661	0.0825083	0	0
0.0125886	0.0825083	0	0
0.0126408	0.0825083	0	0
0.0126755	0.0825083	0	0
0.0127013	0.0825083	0	0
0.0127172	0.0825083	0	0
0.0127382	0.0825083	0	0
0.0127435	0.0825083	0	0
0.0127502	0.0825083	0	0
0.0127692	0.0825083	0	0
0.0128062	0.0825083	0	0
0.0128144	0.0825083	0	0
0.0128339	0.0825083	0	0
0.0129793	0.0825083	0	0
0.0130586	0.0825083	0	0
0.0130677	0.0825083	0	0
0.0131106	0.0825083	0	0
0.0131113	0.0825083	0	0
0.013118	0.0825083	0	0
0.0131556	0.0825083	0	0
0.0131728	0.0825083	0	0
0.0132672	0.0825083	0	0
0.013273	0.0825083	0	0
0.0133152	0.0825083	0	0
0.0133333	0.0825083	0	0
0.0134496	0.0825083	0	0
0.0134546	0.0825083	0	0
0.0134609	0.0825083	0	0
0.0135111	0.0825083	0	0
0.0135859	0.0825083	0	0
0.0135938	0.0825083	0	0
0.0136717	0.0825083	0	0
0.0136792	0.0825083	0	0
0.0136818	0.0825083	0	0
0.0136831	0.0825083	0	0
0.013736	0.0825083	0	0
0.0138327	0.0825083	0	0
0.0138482	0.0825083	0	0
0.0139566	0.0825083	0	0
0.0139865	0.0825083	0	0
0.0140141	0.0825083	0	0
0.0140574	0.0825083	0	0
0.0140642	0.0825083	0	0
0.014103	0.0825083	0	0
0.014159	0.0825083	0	0
0.0141936	0.0825083	0	0
0.0142039	0.0825083	0	0
0.01422	0.0825083	0	0
0.0142525	0.0825083	0	0
0.0142627	0.0825083	0	0
0.0144108	0.0825083	0	0
0.0144296	0.0825083	0	0
0.0144467	0.0825083	0	0
0.0145329	0.0825083	0	0
0.0145857	0.0825083	0	0
0.014595	0.0825083	0	0
0.0146366	0.0825083	0	0
0.0146753	0.0825083	0	0
0.0146814	0.0825083	0	0
0.0146815	0.0825083	0	0
0.0147094	0.0825083	0	0
0.0147347	0.0825083	0	0
0.0147509	0.0825083	0	0
0.0147779	0.0825083	0	0
0.0148048	0.0825083	0	0
0.0148266	0.0825083	0	0
0.0148691	0.0825083	0	0
0.014877	0.0825083	0	0
0.0149147	0.0825083	0	0
0.0149223	0.0825083	0	0
0.0149375	0.0825083	0	0
0.0149394	0.0825083	0	0
0.0149496	0.0825083	0	0
0.0149517	0.0825083	0	0
0.01497	0.0825083	0	0
0.0149909	0.0825083	0	0
0.0149966	0.0825083	0	0
0.0150087	0.0825083	0	0
0.0150342	0.0825083	0	0
0.0151226	0.0825083	0	0
0.0151861	0.0825083	0	0
0.0151993	0.0825083	0	0
0.0152409	0.0825083	0	0
0.015261	0.0825083	0	0
0.0153319	0.0825083	0	0
0.0154377	0.0825083	0	0
0.0154485	0.0825083	0	0
0.015488	0.0825083	0	0
0.015533	0.0825083	0	0
0.0155477	0.0825083	0	0
0.0156622	0.0825083	0	0
0.0156656	0.0825083	0	0
0.0156664	0.0825083	0	0
0.0156728	0.0825083	0	0
0.0157103	0.0825083	0	0
0.0157249	0.0825083	0	0
0.0157417	0.0825083	0	0
0.0157506	0.0825083	0	0
0.0157581	0.0825083	0	0
0.0157636	0.0825083	0	0
0.0157733	0.0825083	0	0
0.0159618	0.0825083	0	0
0.0159846	0.0825083	0	0
0.0159969	0.0825083	0	0
0.0160444	0.0825083	0	0
0.01605	0.0825083	0	0
0.0160847	0.0825083	0	0
0.0161357	0.0825083	0	0
0.0161508	0.0825083	0	0
0.0162243	0.0825083	0	0
0.0163188	0.0825083	0	0
0.0163335	0.0825083	0	0
0.016355	0.0825083	0	0
0.0163704	0.0825083	0	0
0.0163837	0.0825083	0	0
0.0163971	0.0825083	0	0
0.0164	0.0825083	0	0
0.0164008	0.0825083	0	0
0.0164297	0.0825083	0	0
0.0164547	0.0825083	0	0
0.0164727	0.0825083	0	0
0.0165603	0.0825083	0	0
0.0165765	0.0825083	0	0
0.0166818	0.0825083	0	0
0.016736	0.0825083	0	0
0.0168469	0.0825083	0	0
0.0169023	0.0825083	0	0
0.0169386	0.0825083	0	0
0.017027	0.0825083	0	1.04167
0.0170594	0.0825083	0	1.04167
0.0170663	0.0825083	0	1.04167
0.0171317	0.0825083	0	1.04167
0.0171753	0.0825083	0	1.04167
0.0171772	0.0825083	0	1.04167
0.0172397	0.0825083	0	1.04167
0.0172846	0.0825083	0	1.04167
0.0173068	0.0825083	0	1.04167
0.017322	0.0825083	0	1.04167
0.0173231	0.0825083	0	1.04167
0.0173384	0.0825083	0	1.04167
0.0173704	0.0825083	0	1.04167
0.0173837	0.0825083	0	1.04167
0.0175003	0.0825083	0	1.04167
0.0175176	0.0825083	0	1.04167
0.0175398	0.0825083	0	1.04167
0.0175613	0.0825083	0	1.04167
0.0175766	0.0825083	0	1.04167
0.0176121	0.0825083	0	1.04167
0.0177305	0.0825083	0	1.04167
0.0178029	0.0825083	0	1.04167
0.0178141	0.0825083	0	1.04167
0.01785	0.0825083	0	1.04167
0.0179926	0.0825083	0	1.04167
0.0181544	0.0825083	0	1.04167
0.0182771	0.0825083	0	1.04167
0.018293	0.0825083	0	1.04167
0.0183007	0.0825083	0	1.04167
0.0184137	0.0825083	0	1.04167
0.0184624	0.0825083	0	1.04167
0.0185191	0.0825083	0	1.04167
0.0186027	0.0825083	0	1.04167
0.0186879	0.0825083	0	1.04167
0.0187285	0.0825083	0	1.04167
0.0189341	0.0825083	0	1.04167
0.0189764	0.0825083	0	1.04167
0.0189857	0.0825083	0	1.04167
0.0192215	0.0825083	0	1.04167
0.019263	0.0825083	0	1.04167
0.0192812	0.0825083	0	1.04167
0.0193005	0.0825083	0	1.04167
0.0193846	0.0825083	0	1.04167
0.0195349	0.0825083	0	1.04167
0.0196261	0.0825083	0	1.04167
0.0196409	0.0825083	0	1.04167
0.0196597	0.0825083	0	1.04167
0.0197223	0.0825083	0	1.04167
0.0197521	0.0825083	0	1.04167
0.0198135	0.0825083	0	1.04167
0.0198361	0.0825083	0	1.04167
0.0198985	0.0825083	0	1.04167
0.0199668	0.0825083	0	1.04167
0.0199872	0.0825083	0	1.04167
0.0200058	0.0825083	0	1.04167
0.0200772	0.0825083	0	1.04167
0.0201001	0.0825083	0	1.04167
0.0202897	0.0825083	0	1.04167
0.0202948	0.0825083	0	1.04167
0.0203362	0.0825083	0	1.04167
0.0203908	0.0825083	0	1.04167
0.0204013	0.0825083	0	1.04167
0.0204339	0.0825083	0	1.04167
0.0204769	0.0825083	0	1.04167
0.0204927	0.0825083	0	1.04167
0.0205063	0.0825083	0	1.04167
0.0205785	0.0825083	0	1.04167
0.0205916	0.0825083	0	1.04167
0.0206316	0.0825083	0	1.04167
0.0206973	0.0825083	0	1.04167
0.0207242	0.0825083	0	1.04167
0.020725	0.0825083	0	1.04167
0.0207669	0.0825083	0	1.04167
0.0208091	0.0825083	0	1.04167
0.0208238	0.0825083	0	1.04167
0.0208629	0.0825083	0	1.04167
0.020886	0.0825083	0	1.04167
0.0208935	0.0825083	0	1.04167
0.020908	0.0825083	0	1.04167
0.0209084	0.0825083	0	1.04167
0.0209316	0.0825083	0	1.04167
0.0209384	0.0825083	0	1.04167
0.0210383	0.0825083	0	1.04167
0.021108	0.0825083	0	1.04167
0.0211542	0.0825083	0	1.04167
0.0211743	0.0825083	0	1.04167
0.0211745	0.0825083	0	1.04167
0.0212123	0.0825083	0	1.04167
0.0212297	0.0825083	0	1.04167
0.0212913	0.0825083	0	1.04167
0.0213029	0.0825083	0	1.04167
0.0215317	0.0825083	0	1.04167
0.0215513	0.0825083	0	1.04167
0.0216242	0.0825083	0	1.04167
0.0218023	0.0825083	0	1.04167
0.0219537	0.0825083	0	1.04167
0.0220741	0.0825083	0	1.04167
0.0221103	0.0825083	0	1.04167
0.0222882	0.0825083	0	1.04167
0.0223352	0.0825083	0	1.04167
0.0224575	0.0825083	0	1.04167
0.0224994	0.0825083	0	1.04167
0.0227998	0.0825083	0	1.04167
0.0229001	0.0825083	0	1.04167
0.023082	0.0825083	0	1.04167
0.0231056	0.0825083	0	1.04167
0.0236624	0.0825083	0	1.04167
0.0238441	0.0825083	0	1.04167
0.0238777	0.0825083	0	1.04167
0.0240661	0.0825083	0	1.04167
0.0279739	0.0825083	0	1.04167
0.0312928	0.0825083	0	1.04167
0.0328991	0.0825083	0.165017	1.04167
0.0339943	0.165017	0.0825083	1.04167
0.034273	0.247525	0	1.04167
0.0343271	0.247525	0.165017	1.04167
0.0353023	0.330033	0.0825083	1.04167
0.0651238	0.412541	0	1.04167
0.0667325	0.453795	0.0825083	1.04167
0.0727582	0.453795	0.0825083	1.5625
0.0739871	0.536304	0	1.5625
0.0768862	0.577558	0.0825083	1.5625
0.0885773	0.660066	0	1.5625
0.089269	0.70132	0.0825083	1.5625
0.090229	0.70132	0.165017	1.5625
0.0921117	0.783828	0.0825083	1.5625
0.0930451	0.866337	0	1.5625
0.0948659	0.907591	0.0825083	1.5625
0.102919	0.990099	0	1.5625
0.103033	1.03135	0.0825083	1.5625
0.103749	1.11386	0	1.5625
0.104077	1.11386	0.165017	1.5625
0.104586	1.19637	0.0825083	1.5625
0.105476	1.19637	0.247525	1.5625
0.105919	1.27888	0.165017	1.5625
0.107249	1.36139	0.0825083	1.5625
0.107356	1.40264	0.165017	1.5625
0.108408	1.44389	0.247525	1.5625
0.1099	1.5264	0.165017	1.5625
0.116077	1.60891	0.0825083	1.5625
0.136546	1.69142	0	1.5625
0.138393	1.73267	0.0825083	1.5625
0.139122	1.81518	0	1.5625
0.141428	1.81518	0	2.08333
0.141482	1.81518	0.0825083	2.08333
0.141895	1.81518	0.247525	2.08333
0.141967	1.81518	0.247525	2.08333
0.143018	1.89769	0.165017	2.08333
0.145568	1.93894	0.247525	2.08333
0.145777	2.02145	0.165017	2.08333
0.147641	2.10396	0.0825083	2.08333
0.166722	2.18647	0	2.08333
0.169601	2.22772	0.0825083	2.08333
0.180609	2.31023	0	2.08333
0.184433	2.31023	0	2.08333
0.186194	2.35149	0.0825083	2.08333
0.197338	2.43399	0	2.08333
0.198995	2.43399	0.165017	2.08333
0.203134	2.5165	0.0825083	2.08333
0.205768	2.59901	0	2.08333
0.213138	2.59901	0	2.60417
0.21396	2.64026	0.0825083	2.60417
0.215672	2.72277	0	2.60417
0.216136	2.72277	0.0825083	2.60417
0.225255	2.80528	0	2.60417
0.229684	2.84653	0.0825083	2.60417
0.246255	2.92904	0	2.60417
0.249996	2.92904	0	2.60417
0.250344	2.92904	0.165017	2.60417
0.258102	3.01155	0.0825083	2.60417
0.261878	3.09406	0	2.60417
0.269658	3.09406	0	3.125
0.270679	3.13531	0.0825083	3.125
0.274148	3.21782	0	3.125
0.274943	3.21782	0.0825083	3.125
0.276719	3.21782	0.0825083	3.125
0.287535	3.30033	0	3.125
0.301022	3.30033	0	3.125
0.312906	3.30033	0	3.125
0.318265	3.34158	0.0825083	3.125
0.321502	3.34158	0.0825083	3.125
0.323041	3.42409	0	3.125
0.323873	3.42409	0	3.64583
0.331172	3.42409	0	4.16667
0.331325	3.46535	0.0825083	4.16667
0.331459	3.54785	0	4.16667
0.341521	3.54785	0	4.16667
0.342335	3.54785	0.165017	4.16667
0.342477	3.63036	0.0825083	4.16667
0.343805	3.71287	0	4.16667
0.346027	3.71287	0.0825083	4.16667
0.34814	3.79538	0	4.16667
0.3506	3.79538	0	4.6875
0.361734	3.79538	0	5.20833
0.362495	3.79538	0.0825083	5.20833
0.364823	3.87789	0	5.20833
0.365641	3.91914	0.0825083	5.20833
0.377596	4.00165	0	5.20833
0.386518	4.00165	0	5.20833
0.387068	4.00165	0	5.20833
0.389277	4.00165	0	5.72917
0.405962	4.00165	0	6.25
0.406435	4.00165	0.165017	6.25
0.407786	4.08416	0.0825083	6.25
0.409602	4.08416	0.0825083	6.77083
0.416203	4.16667	0	6.77083
0.421014	4.20792	0.0825083	6.77083
0.434865	4.29043	0	6.77083
0.435962	4.33168	0.0825083	6.77083
0.438212	4.41419	0	6.77083
0.440533	4.45545	0.0825083	6.77083
0.44245	4.53795	0	6.77083
0.44382	4.57921	0.0825083	6.77083
0.450209	4.66172	0	6.77083
0.453175	4.66172	0	6.77083
0.456709	4.70297	0.0825083	6.77083
0.466056	4.78548	0	6.77083
0.467034	4.78548	0.165017	6.77083
0.472164	4.86799	0.0825083	6.77083
0.472649	4.86799	0.165017	6.77083
0.475077	4.9505	0.0825083	6.77083
0.479538	5.033	0	6.77083
0.480948	5.033	0	6.77083
0.482057	5.07426	0.0825083	6.77083
0.487999	5.15677	0	6.77083
0.489101	5.15677	0.0825083	6.77083
0.496769	5.23927	0	6.77083
0.497237	5.23927	0.165017	6.77083
0.499721	5.32178	0.0825083	6.77083
0.501794	5.40429	0	6.77083
0.571933	5.40429	0	7.8125
0.573392	5.44554	0.0825083	7.8125
0.573673	5.4868	0.165017	7.8125
0.575356	5.56931	0.0825083	7.8125
0.576467	5.65182	0	7.8125
0.578338	5.65182	0	7.8125
0.603455	5.65182	0	7.8125
0.606555	5.65182	0	7.8125
0.607179	5.65182	0.165017	7.8125
0.60773	5.73432	0.0825083	7.8125
0.623953	5.81683	0	7.8125
0.624685	5.81683	0.165017	7.8125
0.625242	5.85809	0.247525	7.8125
0.625261	5.94059	0.165017	7.8125
0.62596	6.0231	0.0825083	7.8125
0.645462	6.10561	0	7.8125
0.647567	6.14686	0.0825083	7.8125
0.656536	6.22937	0	7.8125
0.657245	6.22937	0.165017	7.8125
0.660182	6.31188	0.0825083	7.8125
0.680612	6.39439	0	7.8125
0.687664	6.39439	0	7.8125
0.690629	6.43564	0.0825083	7.8125
0.693451	6.51815	0	7.8125
0.693929	6.55941	0.0825083	7.8125
0.700703	6.64191	0	7.8125
0.706513	6.64191	0	8.33333
0.708583	6.64191	0.0825083	8.33333
0.711418	6.72442	0	8.33333
0.713045	6.76568	0.0825083	8.33333
0.71418	6.84818	0	8.33333
0.714637	6.88944	0.0825083	8.33333
0.717358	6.97195	0	8.33333
0.721	6.97195	0	8.33333
0.721051	6.97195	0.165017	8.33333
0.722048	7.05446	0.0825083	8.33333
0.726286	7.13696	0	8.33333
0.726463	7.13696	0	8.85417
0.72655	7.13696	0.165017	8.85417
0.730244	7.21947	0.0825083	8.85417
0.738885	7.30198	0	8.85417
0.742809	7.30198	0	8.85417
0.744194	7.30198	0.165017	8.85417
0.745233	7.38449	0.0825083	8.85417
0.766719	7.467	0	8.85417
0.766851	7.50825	0.0825083	8.85417
0.773906	7.59076	0	8.85417
0.777253	7.59076	0	9.375
0.779454	7.63201	0.0825083	9.375
0.801845	7.71452	0	9.375
0.80224	7.75578	0.0825083	9.375
0.803046	7.79703	0.165017	9.375
0.804119	7.87954	0.0825083	9.375
0.814427	7.96205	0	9.375
0.815457	8.0033	0.0825083	9.375
0.8296	8.08581	0	9.375
0.830851	8.12706	0.0825083	9.375
0.83298	8.16832	0.165017	9.375
0.836384	8.25082	0.0825083	9.375
0.838301	8.29208	0.165017	9.375
0.839252	8.37459	0.0825083	9.375
0.8506	8.4571	0	9.375
0.850856	8.49835	0.0825083	9.375
0.857375	8.58086	0	9.375
0.858849	8.62211	0.0825083	9.375
0.860475	8.70462	0	9.375
0.863356	8.74587	0.0825083	9.375
0.900979	8.82838	0	9.375
0.902945	8.86964	0.0825083	9.375
0.904015	8.95215	0	9.375
0.904037	8.9934	0.0825083	9.375
0.917001	9.07591	0	9.375
0.91794	9.07591	0.0825083	9.375
0.921112	9.11716	0.165017	9.375
0.921167	9.19967	0.0825083	9.375
0.935231	9.28218	0	9.375
0.937023	9.28218	0	9.89583
0.938834	9.28218	0.165017	9.89583
0.939552	9.36469	0.0825083	9.89583
0.94276	9.40594	0.165017	9.89583
0.944764	9.48845	0.0825083	9.89583
0.946497	9.57096	0	9.89583
0.947065	9.57096	0.165017	9.89583
0.948369	9.65347	0.0825083	9.89583
0.953203	9.73597	0	9.89583
0.956531	9.73597	0.165017	9.89583
0.957058	9.81848	0.0825083	9.89583
0.975386	9.90099	0	9.89583
0.976837	9.94224	0.0825083	9.89583
0.978128	10.0248	0	9.89583
0.979551	10.0248	0.0825083	9.89583
1.01157	10.1073	0	9.89583
1.01411	10.1485	0.0825083	9.89583
1.01691	10.231	0	9.89583
1.01971	10.2723	0.0825083	9.89583
1.01985	10.2723	0.0825083	9.89583
1.0324	10.3548	0	9.89583
1.0355	10.3548	0.0825083	9.89583
1.04016	10.4373	0	9.89583
1.0413	10.4785	0.0825083	9.89583
1.04755	10.5611	0	9.89583
1.06332	10.5611	0	10.4167
1.06833	10.5611	0.0825083	10.4167
1.11307	10.6436	0	10.4167
1.1453	10.6436	0	10.9375
1.14671	10.6436	0.165017	10.9375
1.14789	10.7261	0.0825083	10.9375
1.17528	10.8086	0	10.9375
1.17556	10.8498	0.0825083	10.9375
1.18675	10.9323	0	10.9375
1.18792	10.9323	0	11.4583
1.18802	10.9323	0.165017	11.4583
1.1881	11.0149	0.0825083	11.4583
1.19095	11.0974	0	11.4583
1.19201	11.1386	0.0825083	11.4583
1.20236	11.2211	0	11.4583
1.20361	11.2624	0.0825083	11.4583
1.2737	11.3449	0	11.4583
1.2756	11.3449	0.0825083	11.4583
1.27797	11.4274	0	11.4583
1.27906	11.4274	0.165017	11.4583
1.27961	11.4686	0.247525	11.4583
1.2821	11.5512	0.165017	11.4583
1.28806	11.6337	0.0825083	11.4583
1.33267	11.7162	0	11.4583
1.34574	11.7162	0	11.4583
1.3484	11.7162	0.165017	11.4583
1.35012	11.7987	0.0825083	11.4583
1.35895	11.8812	0	11.4583
1.35908	11.8812	0	12.5
1.36171	11.8812	0	13.0208
1.36198	11.8812	0.0825083	13.0208
1.36564	11.9637	0	13.0208
1.36645	12.005	0.0825083	13.0208
1.37703	12.0875	0	13.0208
1.37833	12.1287	0.0825083	13.0208
1.37972	12.2112	0	13.0208
1.382	12.2525	0.0825083	13.0208
1.38757	12.335	0	13.0208
1.40936	12.335	0	13.0208
1.42952	12.335	0	13.5417
1.42967	12.335	0.165017	13.5417
1.43087	12.4175	0.0825083	13.5417
1.43456	12.5	0	13.5417
1.43503	12.5413	0.0825083	13.5417
1.44179	12.6238	0	13.5417
1.44389	12.665	0.0825083	13.5417
1.45104	12.7475	0	13.5417
1.45273	12.7888	0.0825083	13.5417
1.4805	12.8713	0	13.5417
1.48277	12.9125	0.0825083	13.5417
1.49691	12.995	0	13.5417
1.50367	13.0363	0.0825083	13.5417
1.51431	13.1188	0	13.5417
1.51752	13.1188	0	14.0625
1.51832	13.1188	0.0825083	14.0625
1.53775	13.2013	0	14.0625
1.53832	13.2013	0.165017	14.0625
1.54207	13.2838	0.0825083	14.0625
1.61977	13.3663	0	14.0625
1.61988	13.4076	0.0825083	14.0625
1.62672	13.4901	0	14.0625
1.62923	13.4901	0	14.0625
1.63101	13.5314	0.0825083	14.0625
1.64159	13.6139	0	14.0625
1.65853	13.6139	0	14.0625
1.6588	13.6551	0.0825083	14.0625
1.67263	13.7376	0	14.0625
1.67268	13.7376	0	14.5833
1.67299	13.7376	0.165017	14.5833
1.67378	13.7789	0.247525	14.5833
1.67569	13.8614	0.165017	14.5833
1.6762	13.9439	0.0825083	14.5833
1.70168	14.0264	0	14.5833
1.70555	14.0264	0.0825083	14.5833
1.7185	14.1089	0	14.5833
1.71851	14.1089	0.165017	14.5833
1.71973	14.1914	0.0825083	14.5833
1.72541	14.2739	0	14.5833
1.72745	14.3152	0.0825083	14.5833
1.73528	14.3977	0	14.5833
1.73989	14.4389	0.0825083	14.5833
1.74018	14.5215	0	14.5833
1.74112	14.5215	0.0825083	14.5833
1.74987	14.604	0	14.5833
1.75584	14.604	0	15.1042
1.76579	14.604	0	15.1042
1.76586	14.604	0.165017	15.1042
1.7674	14.6865	0.0825083	15.1042
1.77124	14.769	0	15.1042
1.77231	14.8102	0.0825083	15.1042
1.80315	14.8927	0	15.1042
1.80467	14.8927	0.0825083	15.1042
1.81107	14.9752	0	15.1042
1.82952	14.9752	0	15.1042
1.83167	14.9752	0.165017	15.1042
1.83335	15.0578	0.0825083	15.1042
1.83877	15.1403	0	15.1042
1.84012	15.1403	0.165017	15.1042
1.84128	15.1403	0.165017	15.625
1.84366	15.2228	0.0825083	15.625
1.87522	15.3053	0	15.625
1.89157	15.3053	0	16.1458
1.89422	15.3465	0.0825083	16.1458
1.89632	15.429	0	16.1458
1.89647	15.429	0.165017	16.1458
1.89796	15.5116	0.0825083	16.1458
1.89808	15.5941	0	16.1458
1.90134	15.5941	0.165017	16.1458
1.9066	15.6766	0.0825083	16.1458
1.9264	15.7591	0	16.1458
1.92819	15.8003	0.0825083	16.1458
2.00337	15.8828	0	16.1458
2.00921	15.8828	0	16.6667
2.00932	15.8828	0.0825083	16.6667
2.00969	15.8828	0.0825083	16.6667
2.013	15.8828	0.0825083	16.6667
2.01343	15.8828	0.165017	16.6667
2.01442	15.9653	0.0825083	16.6667
2.02367	16.0479	0	16.6667
2.026	16.0891	0.0825083	16.6667
2.02987	16.1716	0	16.6667
2.03398	16.1716	0.165017	16.6667
2.03505	16.2541	0.0825083	16.6667
2.0581	16.3366	0	16.6667
2.05854	16.3366	0.165017	16.6667
2.05912	16.4191	0.0825083	16.6667
2.0612	16.5016	0	16.6667
2.06154	16.5016	0.165017	16.6667
2.06174	16.5842	0.0825083	16.6667
2.09415	16.6667	0	16.6667
2.09443	16.6667	0	16.6667
2.12967	16.6667	0	16.6667
2.1313	16.7079	0.0825083	16.6667
2.13292	16.7079	0.247525	16.6667
2.13397	16.7904	0.165017	16.6667
2.13465	16.8729	0.0825083	16.6667
2.17305	16.9554	0	16.6667
2.17394	16.9554	0.0825083	16.6667
2.18109	17.038	0	16.6667
2.18214	17.0792	0.0825083	16.6667
2.18323	17.1205	0.165017	16.6667
2.18385	17.203	0.0825083	16.6667
2.1869	17.2855	0	16.6667
2.22348	17.2855	0	17.1875
2.2247	17.2855	0.0825083	17.1875
2.22474	17.368	0	17.1875
2.22486	17.4092	0.0825083	17.1875
2.23673	17.4917	0	17.1875
2.24339	17.4917	0	18.2292
2.24423	17.533	0.0825083	18.2292
2.24521	17.6155	0	18.2292
2.24568	17.6155	0	18.75
2.24716	17.6568	0.0825083	18.75
2.24805	17.7393	0	18.75
2.25029	17.7393	0.0825083	18.75
2.2534	17.8218	0	18.75
2.25342	17.8218	0.165017	18.75
2.25591	17.9043	0.0825083	18.75
2.26269	17.9868	0	18.75
2.26273	17.9868	0.165017	18.75
2.26297	18.0693	0.0825083	18.75
2.2826	18.1518	0	18.75
2.28832	18.1518	0.0825083	18.75
2.29393	18.2343	0	18.75
2.30947	18.2343	0	19.2708
2.31564	18.2756	0.0825083	19.2708
2.32064	18.3581	0	19.2708
2.32194	18.3993	0.0825083	19.2708
2.33585	18.4818	0	19.2708
2.33643	18.4818	0.165017	19.2708
2.33869	18.5644	0.0825083	19.2708
2.34377	18.6469	0	19.2708
2.3616	18.6469	0	20.3125
2.36167	18.6469	0.0825083	20.3125
2.36684	18.7294	0	20.3125
2.3737	18.7294	0	20.8333
2.3774	18.7706	0.0825083	20.8333
2.37875	18.7706	0.0825083	21.3542
2.38315	18.8531	0	21.3542
2.38615	18.8944	0.0825083	21.3542
2.3862	18.8944	0.0825083	21.875
2.38806	18.9769	0	21.875
2.38955	19.0182	0.0825083	21.875
2.40204	19.1007	0	21.875
2.40448	19.1419	0.0825083	21.875
2.43102	19.2244	0	21.875
2.43127	19.2244	0.165017	21.875
2.43152	19.3069	0.0825083	21.875
2.43777	19.3894	0	21.875
2.43972	19.4307	0.0825083	21.875
2.4546	19.5132	0	21.875
2.45497	19.5132	0	21.875
2.45509	19.5132	0.165017	21.875
2.45771	19.5957	0.0825083	21.875
2.49933	19.6782	0	21.875
2.5157	19.6782	0	22.3958
2.51836	19.6782	0	22.3958
2.52013	19.6782	0	22.9167
2.52179	19.7195	0.0825083	22.9167
2.53008	19.802	0	22.9167
2.53056	19.8432	0.0825083	22.9167
2.5309	19.8845	0.165017	22.9167
2.53257	19.967	0.0825083	22.9167
2.53385	20.0083	0.165017	22.9167
2.53499	20.0908	0.0825083	22.9167
2.54945	20.1733	0	22.9167
2.55437	20.2145	0.0825083	22.9167
2.55629	20.297	0	22.9167
2.5823	20.297	0	23.4375
2.58359	20.297	0.165017	23.4375
2.58618	20.3795	0.0825083	23.4375
2.60097	20.462	0	23.4375
2.60444	20.462	0.165017	23.4375
2.60643	20.5446	0.0825083	23.4375
2.60939	20.6271	0	23.4375
2.60999	20.6271	0.165017	23.4375
2.61034	20.7096	0.0825083	23.4375
2.6108	20.7096	0.165017	23.4375
2.61082	20.7921	0.0825083	23.4375
2.61168	20.8333	0.165017	23.4375
2.61244	20.9158	0.0825083	23.4375
2.61665	20.9984	0	23.4375
2.61685	20.9984	0.0825083	23.4375
2.62249	21.0809	0	23.4375
2.633	21.0809	0	23.9583
2.63336	21.0809	0.165017	23.9583
2.63493	21.1634	0.0825083	23.9583
2.65108	21.2459	0	23.9583
2.65547	21.2459	0.0825083	23.9583
2.65859	21.3284	0	23.9583
2.66118	21.3284	0	23.9583
2.66208	21.3696	0.0825083	23.9583
2.66901	21.4521	0	23.9583
2.67034	21.4521	0	24.4792
2.67312	21.4521	0.0825083	24.4792
2.67415	21.5347	0	24.4792
2.69098	21.5347	0	25
2.69144	21.5347	0.165017	25
2.69151	21.6172	0.0825083	25
2.70184	21.6997	0	25
2.70324	21.7409	0.0825083	25
2.70502	21.8234	0	25
2.70891	21.8234	0	25
2.70956	21.8234	0.165017	25
2.71228	21.9059	0.0825083	25
2.72823	21.9884	0	25
2.73053	22.0297	0.0825083	25
2.78228	22.1122	0	25
2.78579	22.1122	0.165017	25
2.78648	22.1947	0.0825083	25
2.79282	22.2772	0	25
2.79341	22.3185	0.0825083	25
2.79584	22.401	0	25
2.79927	22.4422	0.0825083	25
2.82017	22.5248	0	25
2.82375	22.566	0.0825083	25
2.83383	22.6485	0	25
2.83441	22.6898	0.0825083	25
2.83748	22.7723	0	25
2.83894	22.8135	0.0825083	25
2.85112	22.896	0	25
2.8537	22.9373	0.0825083	25
2.86563	23.0198	0	25
2.86593	23.0198	0.165017	25
2.86732	23.1023	0.0825083	25
2.8739	23.1848	0	25
2.87547	23.2261	0.0825083	25
2.88187	23.3086	0	25
2.89015	23.3086	0	25
2.89027	23.3086	0.165017	25
2.89135	23.3911	0.0825083	25
2.89806	23.4736	0	25
2.89925	23.5149	0.0825083	25
2.94611	23.5974	0	25
2.94743	23.6386	0.0825083	25
3.0307	23.7211	0	25
3.03791	23.7624	0.0825083	25
3.03839	23.8036	0.165017	25
3.04067	23.8861	0.0825083	25
3.04592	23.9686	0	25
3.04782	24.0099	0.0825083	25
3.07827	24.0924	0	25
3.0789	24.0924	0.165017	25
3.08064	24.1749	0.0825083	25
3.08319	24.1749	0.0825083	25.5208
3.08381	24.1749	0.165017	25.5208
3.08431	24.2574	0.0825083	25.5208
3.1184	24.3399	0	25.5208
3.12854	24.3399	0	26.0417
3.12857	24.3812	0.0825083	26.0417
3.16826	24.4637	0	26.0417
3.16874	24.4637	0.165017	26.0417
3.17328	24.5462	0.0825083	26.0417
3.17794	24.6287	0	26.0417
3.179	24.6287	0.0825083	26.0417
3.24648	24.7112	0	26.0417
3.24675	24.7525	0.0825083	26.0417
3.24735	24.7525	0.247525	26.0417
3.2478	24.835	0.165017	26.0417
3.2508	24.9175	0.0825083	26.0417
3.26745	25	0	26.0417
3.26787	25	0.165017	26.0417
3.26787	25.0825	0.0825083	26.0417
3.27593	25.165	0	26.0417
3.27637	25.165	0.165017	26.0417
3.27678	25.2475	0.0825083	26.0417
3.28676	25.33	0	26.0417
3.28835	25.33	0.165017	26.0417
3.28898	25.4125	0.0825083	26.0417
3.29752	25.4951	0	26.0417
3.29787	25.5363	0.0825083	26.0417
3.29897	25.6188	0	26.0417
3.31132	25.6188	0	26.5625
3.31163	25.6601	0.0825083	26.5625
3.32977	25.7426	0	26.5625
3.33032	25.7838	0.0825083	26.5625
3.33088	25.7838	0.165017	26.5625
3.33343	25.8663	0.0825083	26.5625
3.33514	25.9076	0.165017	26.5625
3.3375	25.9901	0.0825083	26.5625
3.35585	26.0726	0	26.5625
3.35652	26.1139	0.0825083	26.5625
3.35789	26.1139	0.165017	26.5625
3.35876	26.1964	0.0825083	26.5625
3.3594	26.2376	0.165017	26.5625
3.36082	26.3201	0.0825083	26.5625
3.38841	26.4026	0	26.5625
3.38879	26.4439	0.0825083	26.5625
3.39551	26.5264	0	26.5625
3.39654	26.5264	0.0825083	26.5625
3.42426	26.6089	0	26.5625
3.4252	26.6502	0.0825083	26.5625
3.43114	26.7327	0	26.5625
3.43227	26.7739	0.0825083	26.5625
3.4327	26.8564	0	26.5625
3.43444	26.8564	0.0825083	26.5625
3.43772	26.9389	0	26.5625
3.4419	26.9389	0	27.0833
3.44398	26.9802	0.0825083	27.0833
3.44477	27.0627	0	27.0833
3.44488	27.0627	0.165017	27.0833
3.44513	27.1452	0.0825083	27.0833
3.45875	27.2277	0	27.0833
3.45924	27.2277	0.0825083	27.0833
3.46581	27.3102	0	27.0833
3.46597	27.3102	0.165017	27.0833
3.46741	27.3927	0.0825083	27.0833
3.46886	27.4752	0	27.0833
3.49389	27.4752	0	27.0833
3.49441	27.5165	0.0825083	27.0833
3.5109	27.599	0	27.0833
3.51143	27.599	0.165017	27.0833
3.51195	27.6815	0.0825083	27.0833
3.53962	27.764	0	27.0833
3.54899	27.764	0	28.125
3.54975	27.764	0.165017	28.125
3.55292	27.8465	0.0825083	28.125
3.56854	27.929	0	28.125
3.57549	27.929	0	28.6458
3.57787	27.9703	0.0825083	28.6458
3.62716	28.0528	0	28.6458
3.63179	28.0941	0.0825083	28.6458
3.69075	28.1766	0	28.6458
3.6911	28.1766	0.165017	28.6458
3.69392	28.2591	0.0825083	28.6458
3.69645	28.3416	0	28.6458
3.69648	28.3828	0.0825083	28.6458
3.69649	28.4653	0	28.6458
3.70518	28.4653	0	29.1667
3.70595	28.4653	0.165017	29.1667
3.70866	28.5479	0.0825083	29.1667
3.71971	28.6304	0	29.1667
3.71997	28.6304	0.165017	29.1667
3.72524	28.7129	0.0825083	29.1667
3.74734	28.7954	0	29.1667
3.75573	28.7954	0	29.6875
3.75789	28.8366	0.0825083	29.6875
3.76266	28.9191	0	29.6875
3.76484	28.9604	0.0825083	29.6875
3.76817	29.0429	0	29.6875
3.76833	29.0429	0.165017	29.6875
3.77006	29.1254	0.0825083	29.6875
3.78422	29.2079	0	29.6875
3.7847	29.2079	0	30.7292
3.79685	29.2492	0.0825083	30.7292
3.82116	29.3317	0	30.7292
3.82337	29.3317	0.0825083	30.7292
3.82977	29.4142	0	30.7292
3.83344	29.4142	0.165017	30.7292
3.8352	29.4967	0.0825083	30.7292
3.85414	29.5792	0	30.7292
3.85421	29.5792	0.165017	30.7292
3.85466	29.6617	0.0825083	30.7292
3.85832	29.7442	0	30.7292
3.86057	29.7855	0.0825083	30.7292
3.88549	29.868	0	30.7292
3.88791	29.868	0	31.25
3.88926	29.868	0.0825083	31.25
3.89834	29.9505	0	31.25
3.92137	29.9505	0	31.7708
3.92339	29.9505	0.0825083	31.7708
3.94059	30.033	0	31.7708
3.942	30.0743	0.0825083	31.7708
3.96676	30.1568	0	31.7708
3.97408	30.198	0.0825083	31.7708
3.9755	30.2805	0	31.7708
3.97654	30.3218	0.0825083	31.7708
3.97714	30.3218	0.0825083	32.2917
3.97756	30.4043	0	32.2917
3.97763	30.4455	0.0825083	32.2917
4.00691	30.5281	0	32.2917
4.00722	30.5281	0	32.2917
4.01883	30.5281	0	32.8125
4.02743	30.5281	0	32.8125
4.0292	30.5693	0.0825083	32.8125
4.03168	30.6518	0	32.8125
4.03274	30.6931	0.0825083	32.8125
4.0343	30.7343	0.165017	32.8125
4.03461	30.8168	0.0825083	32.8125
4.03725	30.8993	0	32.8125
4.03916	30.9406	0.0825083	32.8125
4.0482	31.0231	0	32.8125
4.04869	31.0644	0.0825083	32.8125
4.05864	31.1469	0	32.8125
4.06937	31.1469	0	33.8542
4.07187	31.1469	0	34.375
4.07255	31.1881	0.0825083	34.375
4.07501	31.2706	0	34.375
4.08585	31.2706	0	34.8958
4.08682	31.2706	0.165017	34.8958
4.08706	31.3531	0.0825083	34.8958
4.09714	31.4356	0	34.8958
4.09731	31.4356	0.165017	34.8958
4.09875	31.5182	0.0825083	34.8958
4.09972	31.6007	0	34.8958
4.1021	31.6419	0.0825083	34.8958
4.1081	31.7244	0	34.8958
4.11086	31.7657	0.0825083	34.8958
4.12677	31.8482	0	34.8958
4.12733	31.8894	0.0825083	34.8958
4.13248	31.9719	0	34.8958
4.14388	31.9719	0	34.8958
4.15124	32.0132	0.0825083	34.8958
4.18114	32.0957	0	34.8958
4.20901	32.0957	0	35.4167
4.21631	32.0957	0.0825083	35.4167
4.2187	32.1782	0	35.4167
4.21889	32.1782	0.165017	35.4167
4.22192	32.2607	0.0825083	35.4167
4.24976	32.3432	0	35.4167
4.25005	32.3432	0.0825083	35.4167
4.25035	32.3845	0.165017	35.4167
4.25265	32.3845	0.165017	35.9375
4.2537	32.467	0.0825083	35.9375
4.25393	32.5083	0.165017	35.9375
4.25573	32.5908	0.0825083	35.9375
4.27223	32.6733	0	35.9375
4.27376	32.7145	0.0825083	35.9375
4.2999	32.797	0	35.9375
4.30004	32.8383	0.0825083	35.9375
4.31066	32.9208	0	35.9375
4.31092	32.9208	0.165017	35.9375
4.31211	33.0033	0.0825083	35.9375
4.32118	33.0858	0	35.9375
4.32667	33.0858	0	36.4583
4.33171	33.1271	0.0825083	36.4583
4.33175	33.1683	0.165017	36.4583
4.3322	33.2508	0.0825083	36.4583
4.34291	33.3333	0	36.4583
4.35475	33.3746	0.0825083	36.4583
4.3889	33.4571	0	36.4583
4.39011	33.4983	0.0825083	36.4583
4.41452	33.5809	0	36.4583
4.41664	33.5809	0.165017	36.4583
4.41894	33.5809	0.165017	36.9792
4.41949	33.6634	0.0825083	36.9792
4.42004	33.7046	0.165017	36.9792
4.42182	33.7871	0.0825083	36.9792
4.4268	33.8696	0	36.9792
4.42776	33.8696	0.165017	36.9792
4.42898	33.9521	0.0825083	36.9792
4.47206	34.0347	0	36.9792
4.47306	34.0759	0.0825083	36.9792
4.49388	34.1584	0	36.9792
4.49396	34.1997	0.0825083	36.9792
4.52761	34.2822	0	36.9792
4.53107	34.3234	0.0825083	36.9792
4.53698	34.4059	0	36.9792
4.53757	34.4059	0	37.5
4.53822	34.4472	0.0825083	37.5
4.56241	34.5297	0	37.5
4.56263	34.571	0.0825083	37.5
4.56267	34.571	0.0825083	38.5417
4.56272	34.6535	0	38.5417
4.56346	34.6947	0.0825083	38.5417
4.58674	34.7772	0	38.5417
4.59565	34.7772	0	38.5417
4.59603	34.8185	0.0825083	38.5417
4.60888	34.901	0	38.5417
4.61201	34.901	0	39.5833
4.6129	34.901	0.165017	39.5833
4.61441	34.9835	0.0825083	39.5833
4.66685	35.066	0	39.5833
4.66685	35.1073	0.0825083	39.5833
4.67577	35.1898	0	39.5833
4.69399	35.1898	0	40.1042
4.69445	35.1898	0.165017	40.1042
4.70069	35.2723	0.0825083	40.1042
4.71818	35.3548	0	40.1042
4.72111	35.396	0.0825083	40.1042
4.72152	35.4373	0.165017	40.1042
4.72511	35.5198	0.0825083	40.1042
4.75149	35.6023	0	40.1042
4.76371	35.6023	0	40.625
4.77031	35.6436	0.0825083	40.625
4.77043	35.7261	0	40.625
4.77247	35.7261	0.165017	40.625
4.77498	35.8086	0.0825083	40.625
4.8166	35.8911	0	40.625
4.81955	35.9323	0.0825083	40.625
4.83318	36.0149	0	40.625
4.83331	36.0149	0.165017	40.625
4.83343	36.0974	0.0825083	40.625
4.83413	36.0974	0.247525	40.625
4.83522	36.1799	0.165017	40.625
4.83689	36.2624	0.0825083	40.625
4.86038	36.3449	0	40.625
4.86046	36.3861	0.0825083	40.625
4.86179	36.3861	0.165017	40.625
4.86249	36.4686	0.0825083	40.625
4.88051	36.5512	0	40.625
4.8837	36.5924	0.0825083	40.625
4.88499	36.5924	0.247525	40.625
4.88515	36.6749	0.165017	40.625
4.88687	36.7574	0.0825083	40.625
4.88719	36.7987	0.165017	40.625
4.88792	36.8812	0.0825083	40.625
4.89258	36.9637	0	40.625
4.89392	36.9637	0.165017	40.625
4.89636	37.0462	0.0825083	40.625
4.93619	37.1287	0	40.625
4.93649	37.17	0.0825083	40.625
4.95496	37.2525	0	40.625
4.95876	37.2937	0.0825083	40.625
4.9801	37.3762	0	40.625
4.9807	37.3762	0.165017	40.625
4.98295	37.4587	0.0825083	40.625
4.98412	37.4587	0.0825083	41.6667
5.00849	37.5413	0	41.6667
5.01369	37.5825	0.0825083	41.6667
5.02239	37.665	0	41.6667
5.0254	37.7063	0.0825083	41.6667
5.07337	37.7888	0	41.6667
5.07365	37.7888	0.165017	41.6667
5.0746	37.8713	0.0825083	41.6667
5.09244	37.9538	0	41.6667
5.09362	37.995	0.0825083	41.6667
5.09809	38.0776	0	41.6667
5.09882	38.0776	0.0825083	41.6667
5.09899	38.1601	0	41.6667
5.10228	38.1601	0.0825083	41.6667
5.10285	38.2426	0	41.6667
5.11032	38.2838	0.0825083	41.6667
5.16299	38.3663	0	41.6667
5.16472	38.4076	0.0825083	41.6667
5.21346	38.4901	0	41.6667
5.23878	38.4901	0	42.1875
5.24189	38.5314	0.0825083	42.1875
5.24971	38.6139	0	42.1875
5.25077	38.6551	0.0825083	42.1875
5.2561	38.7376	0	42.1875
5.26058	38.7789	0.0825083	42.1875
5.28387	38.8614	0	42.1875
5.28571	38.8614	0	42.7083
5.28691	38.8614	0.165017	42.7083
5.28865	38.9439	0.0825083	42.7083
5.29325	39.0264	0	42.7083
5.29326	39.0264	0.0825083	42.7083
5.30425	39.1089	0	42.7083
5.30456	39.1502	0.0825083	42.7083
5.32201	39.2327	0	42.7083
5.32342	39.2739	0.0825083	42.7083
5.33903	39.3564	0	42.7083
5.33995	39.3977	0.0825083	42.7083
5.34999	39.4802	0	42.7083
5.35169	39.5215	0.0825083	42.7083
5.3521	39.5215	0.165017	42.7083
5.35273	39.604	0.0825083	42.7083
5.3528	39.6865	0	42.7083
5.35426	39.7277	0.0825083	42.7083
5.36541	39.8102	0	42.7083
5.36735	39.8102	0.0825083	42.7083
5.41363	39.8927	0	42.7083
5.41542	39.934	0.0825083	42.7083
5.445	40.0165	0	42.7083
5.44504	40.0165	0.0825083	42.7083
5.53419	40.099	0	42.7083
5.53485	40.1403	0.0825083	42.7083
5.56825	40.2228	0	42.7083
5.56833	40.264	0.0825083	42.7083
5.5751	40.3465	0	42.7083
5.57662	40.3465	0.0825083	42.7083
5.58037	40.429	0	42.7083
5.58046	40.4703	0.0825083	42.7083
5.58931	40.5528	0	42.7083
5.58973	40.5941	0.0825083	42.7083
5.58998	40.6353	0.165017	42.7083
5.59008	40.7178	0.0825083	42.7083
5.60717	40.8003	0	42.7083
5.60854	40.8416	0.0825083	42.7083
5.61444	40.9241	0	42.7083
5.62365	40.9653	0.0825083	42.7083
5.62448	40.9653	0.165017	42.7083
5.62543	41.0479	0.0825083	42.7083
5.62814	41.1304	0	42.7083
5.6296	41.1304	0.0825083	42.7083
5.63031	41.1304	0.247525	42.7083
5.6323	41.2129	0.165017	42.7083
5.63275	41.2129	0.247525	42.7083
5.63304	41.2954	0.165017	42.7083
5.63795	41.3779	0.0825083	42.7083
5.65425	41.4604	0	42.7083
5.65472	41.5017	0.0825083	42.7083
5.65832	41.5842	0	42.7083
5.66497	41.6254	0.0825083	42.7083
5.6681	41.7079	0	42.7083
5.67121	41.7079	0.0825083	42.7083
5.70011	41.7904	0	42.7083
5.72019	41.7904	0	43.2292
5.73718	41.7904	0	43.75
5.73849	41.8317	0.0825083	43.75
5.74211	41.8317	0.0825083	44.7917
5.78467	41.9142	0	44.7917
5.79536	41.9142	0	45.3125
5.79709	41.9554	0.0825083	45.3125
5.80432	41.9554	0.0825083	46.3542
5.8129	42.038	0	46.3542
5.8133	42.038	0.165017	46.3542
5.81341	42.1205	0.0825083	46.3542
5.82011	42.203	0	46.3542
5.82041	42.2442	0.0825083	46.3542
5.83589	42.3267	0	46.3542
5.83615	42.368	0.0825083	46.3542
5.83665	42.4092	0.165017	46.3542
5.84014	42.4917	0.0825083	46.3542
5.84968	42.533	0.165017	46.3542
5.88999	42.6155	0.0825083	46.3542
5.90078	42.6155	0.0825083	46.875
5.9016	42.6155	0.247525	46.875
5.90268	42.698	0.165017	46.875
5.90287	42.7805	0.0825083	46.875
5.92726	42.7805	0.0825083	47.9167
5.92747	42.8218	0.165017	47.9167
5.92748	42.8218	0.247525	47.9167
5.9276	42.9043	0.165017	47.9167
5.92861	42.9868	0.0825083	47.9167
5.92913	42.9868	0.247525	47.9167
5.92936	43.0693	0.165017	47.9167
5.9703	43.1518	0.0825083	47.9167
5.99899	43.2343	0	47.9167
6.00151	43.2756	0.0825083	47.9167
6.02406	43.3581	0	47.9167
6.02434	43.3581	0.165017	47.9167
6.02583	43.4406	0.0825083	47.9167
6.03843	43.5231	0	47.9167
6.03858	43.5644	0.0825083	47.9167
6.08877	43.6469	0	47.9167
6.09101	43.6881	0.0825083	47.9167
6.10726	43.7706	0	47.9167
6.10901	43.8119	0.0825083	47.9167
6.13058	43.8944	0	47.9167
6.13325	43.8944	0.165017	47.9167
6.13326	43.9769	0.0825083	47.9167
6.14013	44.0594	0	47.9167
6.20705	44.0594	0	48.9583
6.20857	44.0594	0.165017	48.9583
6.21131	44.1419	0.0825083	48.9583
6.23354	44.2244	0	48.9583
6.23385	44.2657	0.0825083	48.9583
6.25217	44.3482	0	48.9583
6.2522	44.3894	0.0825083	48.9583
6.28542	44.4719	0	48.9583
6.29248	44.4719	0	50
6.29282	44.5132	0.0825083	50
6.34122	44.5957	0	50
6.34517	44.637	0.0825083	50
6.35136	44.7195	0	50
6.35196	44.7195	0.0825083	50
6.37289	44.802	0	50
6.37442	44.802	0	50.5208
6.3886	44.802	0	51.0417
6.40594	44.802	0	51.5625
6.40598	44.802	0.165017	51.5625
6.40613	44.8845	0.0825083	51.5625
6.44827	44.967	0	51.5625
6.45209	44.967	0.165017	51.5625
6.45349	45.0495	0.0825083	51.5625
6.45617	45.132	0	51.5625
6.46747	45.132	0	52.0833
6.46748	45.1733	0.0825083	52.0833
6.47212	45.2558	0	52.0833
6.48088	45.297	0.0825083	52.0833
6.49052	45.3795	0	52.0833
6.49153	45.3795	0.165017	52.0833
6.49306	45.462	0.0825083	52.0833
6.49915	45.5446	0	52.0833
6.49919	45.5858	0.0825083	52.0833
6.50877	45.6683	0	52.0833
6.50897	45.7096	0.0825083	52.0833
6.5295	45.7921	0	52.0833
6.52986	45.7921	0.0825083	52.0833
6.53102	45.8333	0.165017	52.0833
6.53146	45.9158	0.0825083	52.0833
6.53152	45.9983	0	52.0833
6.58691	45.9983	0	52.6042
6.59298	46.0396	0.0825083	52.6042
6.64032	46.1221	0	52.6042
6.7064	46.1221	0	53.125
6.70645	46.1634	0.0825083	53.125
6.72917	46.2459	0	53.125
6.7298	46.2459	0.165017	53.125
6.7305	46.2871	0.247525	53.125
6.73218	46.3696	0.165017	53.125
6.73538	46.4521	0.0825083	53.125
6.77569	46.5347	0	53.125
6.78378	46.5347	0.0825083	53.125
6.79932	46.6172	0	53.125
6.79994	46.6584	0.0825083	53.125
6.83823	46.7409	0	53.125
6.84595	46.7822	0.0825083	53.125
6.84834	46.8647	0	53.125
6.84869	46.9059	0.0825083	53.125
6.86833	46.9884	0	53.125
6.87197	46.9884	0.0825083	53.125
6.88894	47.071	0	53.125
6.88934	47.071	0.0825083	53.125
6.90043	47.1535	0	53.125
6.96269	47.1535	0	53.6458
6.9645	47.1535	0.165017	53.6458
6.96563	47.236	0.0825083	53.6458
6.97139	47.3185	0	53.6458
7.02254	47.3185	0	54.6875
7.02921	47.3597	0.0825083	54.6875
7.02936	47.4422	0	54.6875
7.0303	47.4422	0.165017	54.6875
7.03097	47.4835	0.247525	54.6875
7.03286	47.566	0.165017	54.6875
7.03479	47.6485	0.0825083	54.6875
7.04703	47.731	0	54.6875
7.05544	47.731	0	55.7292
7.05698	47.731	0.0825083	55.7292
7.12508	47.8135	0	55.7292
7.12822	47.8135	0.165017	55.7292
7.13152	47.896	0.0825083	55.7292
7.13237	47.9373	0.165017	55.7292
7.13599	48.0198	0.0825083	55.7292
7.14214	48.1023	0	55.7292
7.14773	48.1436	0.0825083	55.7292
7.16489	48.2261	0	55.7292
7.16765	48.2261	0	56.7708
7.18747	48.2261	0	57.2917
7.18925	48.2261	0.165017	57.2917
7.19177	48.3086	0.0825083	57.2917
7.2235	48.3911	0	57.2917
7.22486	48.4323	0.0825083	57.2917
7.26877	48.5149	0	57.2917
7.26913	48.5149	0.165017	57.2917
7.27044	48.5974	0.0825083	57.2917
7.29022	48.6799	0	57.2917
7.29051	48.6799	0.165017	57.2917
7.29157	48.7624	0.0825083	57.2917
7.2938	48.7624	0.0825083	57.8125
7.32177	48.8449	0	57.8125
7.38654	48.8449	0	58.3333
7.38685	48.8861	0.0825083	58.3333
7.38754	48.9686	0	58.3333
7.39196	49.0099	0.0825083	58.3333
7.40964	49.0924	0	58.3333
7.41451	49.1337	0.0825083	58.3333
7.46018	49.2162	0	58.3333
7.4675	49.2574	0.0825083	58.3333
7.47052	49.3399	0	58.3333
7.4719	49.3399	0.0825083	58.3333
7.49198	49.4224	0	58.3333
7.49298	49.4637	0.0825083	58.3333
7.5036	49.5462	0	58.3333
7.53732	49.5462	0	59.375
7.538	49.5875	0.0825083	59.375
7.55528	49.67	0	59.375
7.55607	49.7112	0.0825083	59.375
7.55963	49.7937	0	59.375
7.5599	49.835	0.0825083	59.375
7.62998	49.9175	0	59.375
7.63042	49.9587	0.0825083	59.375
7.63498	50.0413	0	59.375
7.67247	50.0413	0	59.8958
7.68312	50.0413	0	60.9375
7.6834	50.0825	0.0825083	60.9375
7.68543	50.165	0	60.9375
7.68553	50.2063	0.0825083	60.9375
7.68823	50.2063	0.247525	60.9375
7.68905	50.2888	0.165017	60.9375
7.69271	50.3713	0.0825083	60.9375
7.70535	50.4538	0	60.9375
7.70823	50.495	0.0825083	60.9375
7.76046	50.5776	0	60.9375
7.76142	50.6188	0.0825083	60.9375
7.76838	50.7013	0	60.9375
7.79387	50.7013	0	61.4583
7.79488	50.7013	0.165017	61.4583
7.79632	50.7838	0.0825083	61.4583
7.80928	50.8663	0	61.4583
7.8098	50.9076	0.0825083	61.4583
7.82913	50.9901	0	61.4583
7.83143	51.0314	0.0825083	61.4583
7.83247	51.1139	0	61.4583
7.86155	51.1139	0	61.9792
7.86309	51.1139	0.165017	61.9792
7.86324	51.1964	0.0825083	61.9792
7.87	51.2789	0	61.9792
7.87288	51.2789	0	63.0208
7.87377	51.2789	0.165017	63.0208
7.87675	51.3614	0.0825083	63.0208
7.90726	51.4439	0	63.0208
7.90942	51.4851	0.0825083	63.0208
7.93134	51.5677	0	63.0208
7.93142	51.6089	0.0825083	63.0208
7.94232	51.6914	0	63.0208
7.94296	51.7327	0.0825083	63.0208
7.97963	51.8152	0	63.0208
7.97966	51.8564	0.0825083	63.0208
7.99805	51.9389	0	63.0208
8.00231	51.9802	0.0825083	63.0208
8.00318	52.0215	0.165017	63.0208
8.00425	52.104	0.0825083	63.0208
8.03729	52.1865	0	63.0208
8.04382	52.1865	0	64.0625
8.04509	52.1865	0.165017	64.0625
8.04699	52.269	0.0825083	64.0625
8.0502	52.3515	0	64.0625
8.05183	52.3927	0.0825083	64.0625
8.12523	52.4752	0	64.0625
8.12626	52.4752	0.165017	64.0625
8.12783	52.5578	0.0825083	64.0625
8.1753	52.6403	0	64.0625
8.18117	52.6403	0	64.0625
8.18122	52.6815	0.0825083	64.0625
8.19248	52.764	0	64.0625
8.22753	52.764	0	64.5833
8.23051	52.764	0.165017	64.5833
8.23672	52.8465	0.0825083	64.5833
8.24347	52.929	0	64.5833
8.24449	52.929	0.0825083	64.5833
8.24835	53.0116	0	64.5833
8.24868	53.0528	0.0825083	64.5833
8.28591	53.1353	0	64.5833
8.28622	53.1766	0.0825083	64.5833
8.30182	53.2591	0	64.5833
8.30329	53.3003	0.0825083	64.5833
8.39904	53.3828	0	64.5833
8.40013	53.3828	0.165017	64.5833
8.40074	53.4653	0.0825083	64.5833
8.40496	53.4653	0.0825083	65.625
8.43746	53.5479	0	65.625
8.43839	53.5479	0	66.1458
8.43847	53.5891	0.0825083	66.1458
8.4706	53.6716	0	66.1458
8.4805	53.6716	0	67.1875
8.4808	53.7129	0.0825083	67.1875
8.657	53.7954	0	67.1875
8.65719	53.7954	0.0825083	67.1875
8.68477	53.8779	0	67.1875
8.70772	53.8779	0	68.2292
8.71019	53.8779	0.165017	68.2292
8.71431	53.9604	0.0825083	68.2292
8.71477	54.0017	0.165017	68.2292
8.71488	54.0842	0.0825083	68.2292
8.7354	54.1667	0	68.2292
8.73741	54.2079	0.0825083	68.2292
8.79948	54.2904	0	68.2292
8.80062	54.3317	0.0825083	68.2292
8.84207	54.4142	0	68.2292
8.86345	54.4142	0	69.2708
8.97336	54.4142	0	69.7917
8.9737	54.4554	0.0825083	69.7917
8.98099	54.538	0	69.7917
8.98128	54.538	0.165017	69.7917
8.98167	54.6205	0.0825083	69.7917
9.00806	54.703	0	69.7917
9.00869	54.7442	0.0825083	69.7917
9.01852	54.8267	0	69.7917
9.02061	54.8267	0.165017	69.7917
9.02262	54.9092	0.0825083	69.7917
9.05653	54.9917	0	69.7917
9.06217	54.9917	0.0825083	69.7917
9.06382	54.9917	0.0825083	70.3125
9.06463	54.9917	0.247525	70.3125
9.06473	55.0743	0.165017	70.3125
9.06554	55.1568	0.0825083	70.3125
9.06697	55.2393	0	70.3125
9.06722	55.2805	0.0825083	70.3125
9.1012	55.363	0	70.3125
9.10146	55.4043	0.0825083	70.3125
9.13043	55.4868	0	70.3125
9.13361	55.4868	0.0825083	70.3125
9.23807	55.5693	0	70.3125
9.23851	55.6106	0.0825083	70.3125
9.29397	55.6931	0	70.3125
9.29401	55.7343	0.0825083	70.3125
9.3308	55.8168	0	70.3125
9.33125	55.8168	0.165017	70.3125
9.332	55.8993	0.0825083	70.3125
9.3492	55.9818	0	70.3125
9.36221	56.0231	0.0825083	70.3125
9.36295	56.0644	0.165017	70.3125
9.4321	56.1469	0.0825083	70.3125
9.43629	56.1469	0.165017	70.3125
9.4444	56.2294	0.0825083	70.3125
9.44758	56.2706	0.165017	70.3125
9.44759	56.2706	0.330033	70.3125
9.44881	56.3531	0.247525	70.3125
9.44924	56.4356	0.165017	70.3125
9.45513	56.5182	0.0825083	70.3125
9.45806	56.5594	0.165017	70.3125
9.47046	56.6419	0.0825083	70.3125
9.47247	56.6832	0.165017	70.3125
9.49514	56.7657	0.0825083	70.3125
9.49657	56.7657	0.247525	70.3125
9.49673	56.8482	0.165017	70.3125
9.50728	56.9307	0.0825083	70.3125
9.50866	56.9719	0.165017	70.3125
9.52499	57.0545	0.0825083	70.3125
9.52638	57.0957	0.165017	70.3125
9.53461	57.1782	0.0825083	70.3125
9.53606	57.2195	0.165017	70.3125
9.59743	57.302	0.0825083	70.3125
9.60959	57.3432	0.165017	70.3125
9.62101	57.4257	0.0825083	70.3125
9.62143	57.4257	0.247525	70.3125
9.62418	57.5083	0.165017	70.3125
9.6786	57.5908	0.0825083	70.3125
9.6804	57.5908	0.165017	70.3125
9.69093	57.6733	0.0825083	70.3125
9.76105	57.6733	0.0825083	70.8333
9.7645	57.7145	0.165017	70.8333
9.76492	57.797	0.0825083	70.8333
9.76626	57.8383	0.165017	70.8333
9.77789	57.9208	0.0825083	70.8333
9.78043	57.962	0.165017	70.8333
9.78045	58.0033	0.247525	70.8333
9.78302	58.0858	0.165017	70.8333
9.78348	58.0858	0.330033	70.8333
9.78609	58.1683	0.247525	70.8333
9.78737	58.2508	0.165017	70.8333
9.80308	58.3333	0.0825083	70.8333
9.83644	58.3333	0.0825083	71.3542
9.89536	58.3333	0.0825083	72.3958
9.93276	58.3333	0.0825083	72.9167
9.93375	58.3746	0.165017	72.9167
9.93595	58.4571	0.0825083	72.9167
9.93606	58.4983	0.165017	72.9167
9.96655	58.5809	0.0825083	72.9167
9.96681	58.5809	0.247525	72.9167
9.96864	58.6634	0.165017	72.9167
9.97548	58.7459	0.0825083	72.9167
9.9792	58.7871	0.165017	72.9167
10.0302	58.8696	0.0825083	72.9167
10.0347	58.9109	0.165017	72.9167
10.0374	58.9934	0.0825083	72.9167
10.0375	59.0347	0.165017	72.9167
10.2177	59.1172	0.0825083	72.9167
10.2201	59.1172	0.247525	72.9167
10.2212	59.1997	0.165017	72.9167
10.2215	59.2822	0.0825083	72.9167
10.2221	59.3647	0	72.9167
10.2221	59.3647	0.165017	72.9167
10.2224	59.4472	0.0825083	72.9167
10.3621	59.5297	0	72.9167
10.3625	59.571	0.0825083	72.9167
10.3799	59.6535	0	72.9167
10.3806	59.6947	0.0825083	72.9167
10.4287	59.7772	0	72.9167
10.4292	59.8185	0.0825083	72.9167
10.4533	59.901	0	72.9167
10.4533	59.901	0.165017	72.9167
10.4553	59.9835	0.0825083	72.9167
10.4923	60.066	0	72.9167
10.5016	60.066	0	73.9583
10.5032	60.066	0.165017	73.9583
10.5035	60.1485	0.0825083	73.9583
10.5286	60.231	0	73.9583
10.563	60.231	0	75
10.5632	60.2723	0.0825083	75
10.8679	60.3548	0	75
10.8854	60.3548	0	76.0417
10.8858	60.396	0.0825083	76.0417
10.9041	60.4785	0	76.0417
10.9044	60.5198	0.0825083	76.0417
10.9199	60.6023	0	76.0417
10.9435	60.6023	0	77.0833
10.9437	60.6436	0.0825083	77.0833
10.9623	60.7261	0	77.0833
11.0389	60.7261	0	78.125
11.0423	60.7673	0.0825083	78.125
11.1246	60.8498	0	78.125
11.1378	60.8498	0	78.6458
11.1383	60.8498	0.165017	78.6458
11.1485	60.9323	0.0825083	78.6458
11.1949	61.0149	0	78.6458
11.2015	61.0149	0.165017	78.6458
11.2021	61.0974	0.0825083	78.6458
11.2026	61.1799	0	78.6458
11.2029	61.1799	0.0825083	78.6458
11.265	61.2624	0	78.6458
11.2678	61.3036	0.0825083	78.6458
11.2889	61.3861	0	78.6458
11.2925	61.4274	0.0825083	78.6458
11.313	61.5099	0	78.6458
11.3132	61.5512	0.0825083	78.6458
11.4515	61.6337	0	78.6458
11.4545	61.6749	0.0825083	78.6458
11.527	61.7574	0	78.6458
11.5278	61.7574	0.0825083	78.6458
11.5702	61.8399	0	78.6458
11.5704	61.8399	0.165017	78.6458
11.5712	61.8399	0.330033	78.6458
11.5719	61.9224	0.247525	78.6458
11.572	62.005	0.165017	78.6458
11.5776	62.0875	0.0825083	78.6458
11.5788	62.17	0	78.6458
11.5789	62.2112	0.0825083	78.6458
11.5883	62.2937	0	78.6458
11.5894	62.2937	0	79.6875
11.5904	62.335	0.0825083	79.6875
11.6063	62.4175	0	79.6875
11.6075	62.4587	0.0825083	79.6875
11.6206	62.5413	0	79.6875
11.6211	62.5825	0.0825083	79.6875
11.63	62.665	0	79.6875
11.6345	62.7063	0.0825083	79.6875
11.6486	62.7888	0	79.6875
11.6499	62.83	0.0825083	79.6875
11.6509	62.9125	0	79.6875
11.651	62.9538	0.0825083	79.6875
11.6566	63.0363	0	79.6875
11.6567	63.0363	0.165017	79.6875
11.6577	63.1188	0.0825083	79.6875
11.6584	63.2013	0	79.6875
11.6584	63.2426	0.0825083	79.6875
11.6938	63.3251	0	79.6875
11.7258	63.3251	0	80.2083
11.726	63.3663	0.0825083	80.2083
11.7757	63.4488	0	80.2083
11.7766	63.4901	0.0825083	80.2083
11.834	63.5726	0	80.2083
11.8347	63.6139	0.0825083	80.2083
11.8771	63.6964	0	80.2083
11.8792	63.6964	0.0825083	80.2083
11.9046	63.7789	0	80.2083
11.907	63.8201	0.0825083	80.2083
11.9187	63.9026	0	80.2083
11.9204	63.9026	0.165017	80.2083
11.9221	63.9851	0.0825083	80.2083
11.9224	63.9851	0.247525	80.2083
11.9235	64.0677	0.165017	80.2083
11.9247	64.1502	0.0825083	80.2083
12.0003	64.2327	0	80.2083
12.0006	64.2327	0.165017	80.2083
12.0011	64.3152	0.0825083	80.2083
12.0387	64.3977	0	80.2083
12.0438	64.4389	0.0825083	80.2083
12.0458	64.5215	0	80.2083
12.0478	64.5627	0.0825083	80.2083
12.0772	64.6452	0	80.2083
12.0784	64.6452	0.165017	80.2083
12.0819	64.7277	0.0825083	80.2083
12.0912	64.8102	0	80.2083
12.092	64.8515	0.0825083	80.2083
12.1128	64.934	0	80.2083
12.1134	64.934	0.165017	80.2083
12.1153	65.0165	0.0825083	80.2083
12.1227	65.099	0	80.2083
12.1469	65.099	0	81.25
12.1477	65.1403	0.0825083	81.25
12.21	65.2228	0	81.25
12.2104	65.2228	0.165017	81.25
12.2106	65.3053	0.0825083	81.25
12.2515	65.3878	0	81.25
12.253	65.3878	0.0825083	81.25
12.3191	65.4703	0	81.25
12.3196	65.5116	0.0825083	81.25
12.3878	65.5941	0	81.25
12.3897	65.5941	0.0825083	81.25
12.401	65.6766	0	81.25
12.4011	65.7178	0.0825083	81.25
12.4363	65.8003	0	81.25
12.4379	65.8416	0.0825083	81.25
12.4393	65.8828	0.165017	81.25
12.4398	65.9653	0.0825083	81.25
12.4597	66.0479	0	81.25
12.5431	66.0479	0	82.2917
12.5436	66.0891	0.0825083	82.2917
12.5637	66.1716	0	82.2917
12.5643	66.1716	0.165017	82.2917
12.5652	66.1716	0.165017	82.8125
12.5683	66.2541	0.0825083	82.8125
12.5831	66.3366	0	82.8125
12.5852	66.3366	0.165017	82.8125
12.5861	66.4191	0.0825083	82.8125
12.589	66.4604	0.165017	82.8125
12.5902	66.5429	0.0825083	82.8125
12.7072	66.6254	0	82.8125
12.7074	66.6254	0.165017	82.8125
12.7099	66.7079	0.0825083	82.8125
12.7263	66.7904	0	82.8125
12.7285	66.7904	0	83.8542
12.7333	66.8317	0.0825083	83.8542
12.7404	66.9142	0	83.8542
12.7418	66.9554	0.0825083	83.8542
12.7598	67.038	0	83.8542
12.7605	67.038	0.165017	83.8542
12.7617	67.1205	0.0825083	83.8542
12.7791	67.203	0	83.8542
12.7868	67.2442	0.0825083	83.8542
12.8035	67.3267	0	83.8542
12.8546	67.3267	0	84.375
12.8576	67.368	0.0825083	84.375
12.9893	67.4505	0	84.375
12.9905	67.4918	0.0825083	84.375
13.0009	67.5743	0	84.375
13.0369	67.5743	0	85.4167
13.0384	67.5743	0.0825083	85.4167
13.0776	67.6568	0	85.4167
13.0797	67.698	0.0825083	85.4167
13.0883	67.7805	0	85.4167
13.0889	67.7805	0.165017	85.4167
13.0903	67.863	0.0825083	85.4167
13.1437	67.9455	0	85.4167
13.1484	67.9868	0.0825083	85.4167
13.2393	68.0693	0	85.4167
13.2393	68.0693	0.165017	85.4167
13.244	68.1518	0.0825083	85.4167
13.2483	68.2343	0	85.4167
13.2498	68.2756	0.0825083	85.4167
13.3143	68.3581	0	85.4167
13.3149	68.3581	0.0825083	85.4167
13.4541	68.4406	0	85.4167
13.4587	68.4818	0.0825083	85.4167
13.4769	68.5644	0	85.4167
13.4771	68.6056	0.0825083	85.4167
13.4772	68.6056	0.165017	85.4167
13.4776	68.6881	0.0825083	85.4167
13.6696	68.7706	0	85.4167
13.6787	68.8119	0.0825083	85.4167
13.7307	68.8944	0	85.4167
13.7329	68.9356	0.0825083	85.4167
13.7669	69.0182	0	85.4167
13.7679	69.0594	0.0825083	85.4167
13.8751	69.1419	0	85.4167
13.879	69.1832	0.0825083	85.4167
13.8792	69.2657	0	85.4167
13.8799	69.2657	0.165017	85.4167
13.8873	69.3482	0.0825083	85.4167
13.9041	69.4307	0	85.4167
13.9045	69.4719	0.0825083	85.4167
13.9467	69.5545	0	85.4167
13.9467	69.5957	0.0825083	85.4167
14.0437	69.6782	0	85.4167
14.047	69.7195	0.0825083	85.4167
14.0503	69.802	0	85.4167
14.1951	69.802	0	86.4583
14.1967	69.802	0	87.5
14.2247	69.802	0	88.0208
14.2249	69.802	0.0825083	88.0208
14.3036	69.8845	0	88.0208
14.3055	69.8845	0.165017	88.0208
14.3086	69.967	0.0825083	88.0208
14.3086	70.0082	0.165017	88.0208
14.3138	70.0908	0.0825083	88.0208
14.3271	70.1733	0	88.0208
14.332	70.2145	0.0825083	88.0208
14.3334	70.297	0	88.0208
14.3362	70.3383	0.0825083	88.0208
14.419	70.4208	0	88.0208
14.4191	70.4208	0.165017	88.0208
14.4203	70.5033	0.0825083	88.0208
14.5006	70.5858	0	88.0208
14.5037	70.6271	0.0825083	88.0208
14.5037	70.6683	0.165017	88.0208
14.5087	70.7508	0.0825083	88.0208
14.5184	70.8333	0	88.0208
14.5189	70.8333	0.0825083	88.0208
14.5444	70.9158	0	88.0208
14.5451	70.9158	0.0825083	88.0208
14.547	70.9984	0	88.0208
14.5938	70.9984	0	89.0625
14.5985	71.0396	0.0825083	89.0625
14.6514	71.1221	0	89.0625
14.6522	71.1634	0.0825083	89.0625
14.6762	71.2459	0	89.0625
14.6775	71.2871	0.0825083	89.0625
14.7625	71.3696	0	89.0625
14.7678	71.4109	0.0825083	89.0625
14.7876	71.4934	0	89.0625
14.7892	71.5347	0.0825083	89.0625
14.8384	71.6172	0	89.0625
14.8386	71.6584	0.0825083	89.0625
14.8551	71.7409	0	89.0625
14.8557	71.7409	0.0825083	89.0625
14.9549	71.8234	0	89.0625
15.0538	71.8234	0	89.5833
15.0543	71.8647	0.0825083	89.5833
15.1568	71.9472	0	89.5833
15.1575	71.9884	0.0825083	89.5833
15.1588	72.0297	0.165017	89.5833
15.1591	72.1122	0.0825083	89.5833
15.179	72.1947	0	89.5833
15.1793	72.1947	0.0825083	89.5833
15.197	72.2772	0	89.5833
15.2009	72.2772	0.0825083	89.5833
15.2227	72.3597	0	89.5833
15.2235	72.401	0.0825083	89.5833
15.389	72.4835	0	89.5833
15.39	72.5247	0.0825083	89.5833
15.3912	72.566	0.165017	89.5833
15.3942	72.6485	0.0825083	89.5833
15.3954	72.731	0	89.5833
15.3973	72.731	0.165017	89.5833
15.3984	72.8135	0.0825083	89.5833
15.4597	72.896	0	89.5833
15.4601	72.896	0.165017	89.5833
15.4624	72.9785	0.0825083	89.5833
15.4903	73.0611	0	89.5833
15.4938	73.0611	0.0825083	89.5833
15.5115	73.1436	0	89.5833
15.5128	73.1848	0.0825083	89.5833
15.5835	73.2673	0	89.5833
15.5858	73.3086	0.0825083	89.5833
15.6457	73.3911	0	89.5833
15.6488	73.4323	0.0825083	89.5833
15.6634	73.5149	0	89.5833
15.6638	73.5149	0.165017	89.5833
15.6658	73.5974	0.0825083	89.5833
15.759	73.6799	0	89.5833
15.7611	73.7211	0.0825083	89.5833
15.8637	73.8036	0	89.5833
15.8645	73.8449	0.0825083	89.5833
15.8977	73.9274	0	89.5833
15.8991	73.9686	0.0825083	89.5833
15.9254	74.0512	0	89.5833
15.9284	74.0924	0.0825083	89.5833
16.005	74.1749	0	89.5833
16.0192	74.1749	0	90.625
16.0234	74.1749	0.0825083	90.625
16.0441	74.2574	0	90.625
16.0451	74.2574	0.165017	90.625
16.0485	74.3399	0.0825083	90.625
16.1135	74.4224	0	90.625
16.1172	74.4637	0.0825083	90.625
16.1329	74.5462	0	90.625
16.1336	74.5462	0.0825083	90.625
16.1463	74.6287	0	90.625
16.1521	74.6287	0.165017	90.625
16.1538	74.7112	0.0825083	90.625
16.2042	74.7937	0	90.625
16.2053	74.835	0.0825083	90.625
16.2443	74.9175	0	90.625
16.2465	74.9587	0.0825083	90.625
16.2886	75.0413	0	90.625
16.2893	75.0413	0.0825083	90.625
16.3169	75.1238	0	90.625
16.317	75.165	0.0825083	90.625
16.3856	75.2475	0	90.625
16.3889	75.2888	0.0825083	90.625
16.3928	75.3713	0	90.625
16.3938	75.4125	0.0825083	90.625
16.4068	75.495	0	90.625
16.4083	75.495	0.165017	90.625
16.41	75.5776	0.0825083	90.625
16.4327	75.6601	0	90.625
16.4329	75.6601	0.165017	90.625
16.4365	75.7426	0.0825083	90.625
16.4991	75.8251	0	90.625
16.5001	75.8663	0.0825083	90.625
16.5086	75.9488	0	90.625
16.5101	75.9488	0.165017	90.625
16.5128	76.0314	0.0825083	90.625
16.5493	76.1139	0	90.625
16.5516	76.1551	0.0825083	90.625
16.5585	76.2376	0	90.625
16.5608	76.2376	0.0825083	90.625
16.5682	76.3201	0	90.625
16.5685	76.3201	0.165017	90.625
16.5696	76.4026	0.0825083	90.625
16.7086	76.4851	0	90.625
16.7102	76.4851	0.165017	90.625
16.7122	76.5677	0.0825083	90.625
16.7674	76.6502	0	90.625
16.7693	76.6914	0.0825083	90.625
16.7737	76.7739	0	90.625
16.7756	76.8152	0.0825083	90.625
16.8968	76.8977	0	90.625
16.8997	76.9389	0.0825083	90.625
17.0837	77.0215	0	90.625
17.0842	77.0627	0.0825083	90.625
17.2542	77.1452	0	90.625
17.2555	77.1452	0.165017	90.625
17.2564	77.2277	0.0825083	90.625
17.2881	77.3102	0	90.625
17.2922	77.3515	0.0825083	90.625
17.3311	77.434	0	90.625
17.3316	77.4753	0.0825083	90.625
17.3574	77.5578	0	90.625
17.3595	77.599	0.0825083	90.625
17.4493	77.6815	0	90.625
17.4495	77.7228	0.0825083	90.625
17.4752	77.8053	0	90.625
17.4763	77.8465	0.0825083	90.625
17.5347	77.929	0	90.625
17.5366	77.929	0.165017	90.625
17.5381	78.0116	0.0825083	90.625
17.541	78.0941	0	90.625
17.5429	78.1353	0.0825083	90.625
17.5812	78.2178	0	90.625
17.5823	78.2591	0.0825083	90.625
17.7595	78.3416	0	90.625
17.7603	78.3828	0.0825083	90.625
17.8012	78.4653	0	90.625
17.8024	78.5066	0.0825083	90.625
17.811	78.5891	0	90.625
17.8135	78.6304	0.0825083	90.625
17.8249	78.7129	0	90.625
17.8331	78.7541	0.0825083	90.625
17.8569	78.8366	0	90.625
17.8579	78.8779	0.0825083	90.625
17.8955	78.9604	0	90.625
17.8964	78.9604	0.165017	90.625
17.8973	79.0429	0.0825083	90.625
18.0578	79.1254	0	90.625
18.0616	79.1667	0.0825083	90.625
18.156	79.2492	0	90.625
18.1566	79.2492	0.165017	90.625
18.159	79.3317	0.0825083	90.625
18.5697	79.4142	0	90.625
18.5699	79.4142	0.165017	90.625
18.5706	79.4967	0.0825083	90.625
18.6134	79.5792	0	90.625
18.615	79.6205	0.0825083	90.625
18.7096	79.703	0	90.625
18.7103	79.703	0.165017	90.625
18.7117	79.7855	0.0825083	90.625
18.8358	79.868	0	90.625
18.8368	79.9092	0.0825083	90.625
18.9274	79.9918	0	90.625
18.9298	80.033	0.0825083	90.625
18.9729	80.1155	0	90.625
18.9781	80.1568	0.0825083	90.625
19.0135	80.2393	0	90.625
19.0158	80.2805	0.0825083	90.625
19.0472	80.363	0	90.625
19.0489	80.4043	0.0825083	90.625
19.0631	80.4868	0	90.625
19.067	80.4868	0.165017	90.625
19.0684	80.5693	0.0825083	90.625
19.1632	80.6518	0	90.625
19.1634	80.6518	0	91.6667
19.1634	80.6931	0.0825083	91.6667
19.169	80.7756	0	91.6667
19.1732	80.8168	0.0825083	91.6667
19.2589	80.8993	0	91.6667
19.2592	80.9406	0.0825083	91.6667
19.285	81.0231	0	91.6667
19.2852	81.0231	0.165017	91.6667
19.288	81.1056	0.0825083	91.6667
19.3242	81.1881	0	91.6667
19.3287	81.2294	0.0825083	91.6667
19.5249	81.3119	0	91.6667
19.5255	81.3531	0.0825083	91.6667
19.6499	81.4356	0	91.6667
19.6546	81.4769	0.0825083	91.6667
19.7279	81.5594	0	91.6667
19.7309	81.6007	0.0825083	91.6667
19.744	81.6832	0	91.6667
19.7445	81.7244	0.0825083	91.6667
19.7577	81.8069	0	91.6667
19.7594	81.8482	0.0825083	91.6667
19.7614	81.8482	0.247525	91.6667
19.7649	81.9307	0.165017	91.6667
19.7672	82.0132	0.0825083	91.6667
19.8478	82.0957	0	91.6667
19.8485	82.137	0.0825083	91.6667
20.0432	82.2195	0	91.6667
20.0434	82.2607	0.0825083	91.6667
20.2129	82.3432	0	91.6667
20.2159	82.3432	0.0825083	91.6667
20.2851	82.4257	0	91.6667
20.2859	82.4257	0.0825083	91.6667
20.383	82.5082	0	91.6667
20.4634	82.5082	0	92.7083
20.4668	82.5495	0.0825083	92.7083
20.5354	82.632	0	92.7083
20.5365	82.6733	0.0825083	92.7083
20.6459	82.7558	0	92.7083
20.6472	82.797	0.0825083	92.7083
20.7367	82.8795	0	92.7083
20.7447	82.9208	0.0825083	92.7083
20.7482	83.0033	0	92.7083
20.7489	83.0033	0.165017	92.7083
20.7516	83.0858	0.0825083	92.7083
20.7952	83.1683	0	92.7083
20.7954	83.1683	0.165017	92.7083
20.7958	83.2508	0.0825083	92.7083
20.9734	83.3333	0	92.7083
20.9777	83.3333	0.0825083	92.7083
20.9957	83.4158	0	92.7083
20.9957	83.4571	0.0825083	92.7083
21.067	83.5396	0	92.7083
21.0674	83.5809	0.0825083	92.7083
21.0777	83.6634	0	92.7083
21.0791	83.7046	0.0825083	92.7083
21.1468	83.7871	0	92.7083
21.1484	83.7871	0.165017	92.7083
21.1492	83.8696	0.0825083	92.7083
21.6252	83.9521	0	92.7083
21.6272	83.9934	0.0825083	92.7083
21.6917	84.0759	0	92.7083
21.6986	84.1172	0.0825083	92.7083
21.7309	84.1997	0	92.7083
21.7311	84.1997	0.165017	92.7083
21.7329	84.2822	0.0825083	92.7083
21.8106	84.3647	0	92.7083
21.8144	84.3647	0.0825083	92.7083
21.8196	84.4472	0	92.7083
21.8234	84.4884	0.0825083	92.7083
21.8669	84.571	0	92.7083
21.8676	84.571	0.165017	92.7083
21.8727	84.6535	0.0825083	92.7083
21.9331	84.736	0	92.7083
21.9335	84.7772	0.0825083	92.7083
21.9645	84.8597	0	92.7083
21.9663	84.8597	0.0825083	92.7083
22.2418	84.9422	0	92.7083
22.2508	84.9835	0.0825083	92.7083
22.4013	85.066	0	92.7083
22.4017	85.066	0.165017	92.7083
22.403	85.1485	0.0825083	92.7083
22.4945	85.231	0	92.7083
22.4952	85.2723	0.0825083	92.7083
22.5584	85.3548	0	92.7083
22.5602	85.3548	0.165017	92.7083
22.5603	85.4373	0.0825083	92.7083
22.7903	85.5198	0	92.7083
22.7913	85.5198	0.0825083	92.7083
22.7975	85.6023	0	92.7083
22.9805	85.6023	0	93.75
22.982	85.6436	0.0825083	93.75
23.0614	85.7261	0	93.75
23.063	85.7673	0.0825083	93.75
23.2087	85.8498	0	93.75
23.209	85.8498	0.165017	93.75
23.2102	85.9323	0.0825083	93.75
23.7226	86.0149	0	93.75
23.7237	86.0561	0.0825083	93.75
23.9142	86.1386	0	93.75
23.9156	86.1799	0.0825083	93.75
23.9503	86.2624	0	93.75
23.9514	86.2624	0.165017	93.75
23.9522	86.3449	0.0825083	93.75
24.738	86.4274	0	93.75
24.7431	86.4686	0.0825083	93.75
24.7943	86.5512	0	93.75
24.795	86.5512	0.0825083	93.75
24.8799	86.6337	0	93.75
24.8817	86.6749	0.0825083	93.75
25.0939	86.7574	0	93.75
25.0949	86.7987	0.0825083	93.75
25.157	86.8812	0	93.75
25.1579	86.9224	0.0825083	93.75
25.5033	87.005	0	93.75
25.5034	87.0462	0.0825083	93.75
25.6078	87.1287	0	93.75
25.61	87.17	0.0825083	93.75
26.1798	87.2525	0	93.75
26.1833	87.2525	0.165017	93.75
26.1835	87.335	0.0825083	93.75
26.2354	87.4175	0	93.75
26.2358	87.4587	0.0825083	93.75
26.3204	87.5413	0	93.75
26.3218	87.5825	0.0825083	93.75
26.4103	87.665	0	93.75
26.4107	87.665	0.165017	93.75
26.4127	87.7475	0.0825083	93.75
26.6724	87.83	0	93.75
26.6725	87.8713	0.0825083	93.75
26.9838	87.9538	0	93.75
26.9848	87.995	0.0825083	93.75
27.1214	88.0776	0	93.75
27.122	88.1188	0.0825083	93.75
27.4541	88.2013	0	93.75
27.5651	88.2013	0	94.7917
27.5668	88.2426	0.0825083	94.7917
27.6157	88.3251	0	94.7917
27.6171	88.3663	0.0825083	94.7917
27.9511	88.4488	0	94.7917
28.2393	88.4488	0	95.8333
28.2446	88.4901	0.0825083	95.8333
28.3323	88.5726	0	95.8333
28.3325	88.6139	0.0825083	95.8333
28.907	88.6964	0	95.8333
28.9079	88.7376	0.0825083	95.8333
29.0332	88.8201	0	95.8333
29.0403	88.8614	0.0825083	95.8333
29.0962	88.9439	0	95.8333
29.0989	88.9439	0.165017	95.8333
29.1003	89.0264	0.0825083	95.8333
29.4591	89.1089	0	95.8333
29.4696	89.1502	0.0825083	95.8333
29.5125	89.2327	0	95.8333
29.5126	89.2327	0.165017	95.8333
29.513	89.3152	0.0825083	95.8333
29.6414	89.3977	0	95.8333
29.6418	89.4389	0.0825083	95.8333
29.6739	89.5215	0	95.8333
29.6804	89.5627	0.0825083	95.8333
29.7101	89.6452	0	95.8333
29.7113	89.6865	0.0825083	95.8333
29.9614	89.769	0	95.8333
29.9641	89.8102	0.0825083	95.8333
30.5158	89.8927	0	95.8333
30.7492	89.8927	0	96.875
30.75	89.934	0.0825083	96.875
30.7607	90.0165	0	96.875
30.7614	90.0578	0.0825083	96.875
30.9336	90.1403	0	96.875
30.9355	90.1815	0.0825083	96.875
31.6876	90.264	0	96.875
31.6878	90.3053	0.0825083	96.875
32.2843	90.3878	0	96.875
32.2862	90.429	0.0825083	96.875
32.6907	90.5116	0	96.875
32.6917	90.5116	0.165017	96.875
32.6997	90.5941	0.0825083	96.875
33.2683	90.6766	0	96.875
33.2692	90.6766	0.165017	96.875
33.2717	90.7591	0.0825083	96.875
33.5721	90.8416	0	96.875
33.5722	90.8828	0.0825083	96.875
34.6135	90.9653	0	96.875
34.6138	91.0066	0.0825083	96.875
34.7231	91.0891	0	96.875
34.7305	91.1304	0.0825083	96.875
35.338	91.2129	0	96.875
35.3399	91.2129	0.0825083	96.875
35.4084	91.2954	0	96.875
35.4103	91.3366	0.0825083	96.875
35.7015	91.4191	0	96.875
35.7029	91.4604	0.0825083	96.875
36.5315	91.5429	0	96.875
36.532	91.5842	0.0825083	96.875
36.9372	91.6667	0	96.875
36.9379	91.6667	0.165017	96.875
36.9383	91.7492	0.0825083	96.875
37.0192	91.8317	0	96.875
37.0205	91.8729	0.0825083	96.875
37.1666	91.9554	0	96.875
37.1704	91.9967	0.0825083	96.875
37.2609	92.0792	0	96.875
37.262	92.0792	0.0825083	96.875
37.6474	92.1617	0	96.875
37.6474	92.1617	0.165017	96.875
37.6496	92.2442	0.0825083	96.875
38.082	92.3267	0	96.875
38.0844	92.368	0.0825083	96.875
38.4127	92.4505	0	96.875
38.4144	92.4918	0.0825083	96.875
38.5882	92.5743	0	96.875
38.5883	92.6155	0.0825083	96.875
38.8034	92.698	0	96.875
38.8051	92.698	0.165017	96.875
38.8091	92.7805	0.0825083	96.875
39.0279	92.863	0	96.875
39.0354	92.9043	0.0825083	96.875
39.4607	92.9868	0	96.875
39.4621	93.0281	0.0825083	96.875
39.5937	93.1106	0	96.875
39.5983	93.1518	0.0825083	96.875
41.021	93.2343	0	96.875
41.0213	93.2756	0.0825083	96.875
41.1375	93.3581	0	96.875
41.1397	93.3993	0.0825083	96.875
41.841	93.4818	0	96.875
41.841	93.5231	0.0825083	96.875
41.908	93.6056	0	96.875
41.9122	93.6469	0.0825083	96.875
42.5549	93.7294	0	96.875
42.5558	93.7706	0.0825083	96.875
42.7026	93.8531	0	96.875
42.7088	93.8944	0.0825083	96.875
44.9139	93.9769	0	96.875
44.9152	94.0182	0.0825083	96.875
45.0715	94.1007	0	96.875
45.0715	94.1007	0.0825083	96.875
45.7757	94.1832	0	96.875
45.7764	94.2244	0.0825083	96.875
46.0692	94.3069	0	96.875
46.6409	94.3482	0.0825083	96.875
46.6472	94.3894	0.165017	96.875
47.2136	94.4719	0.0825083	96.875
47.4479	94.5545	0	96.875
47.4487	94.5957	0.0825083	96.875
47.9174	94.6782	0	96.875
47.9193	94.6782	0.0825083	96.875
48.5109	94.7607	0	96.875
48.513	94.802	0.0825083	96.875
49.0035	94.8845	0	96.875
49.0041	94.8845	0.165017	96.875
49.0043	94.967	0.0825083	96.875
50.9465	95.0495	0	96.875
50.9467	95.0908	0.0825083	96.875
54.7022	95.1733	0	96.875
54.7081	95.2145	0.0825083	96.875
57.1123	95.297	0	96.875
57.1155	95.3383	0.0825083	96.875
58.1013	95.4208	0	96.875
58.1057	95.4208	0.165017	96.875
58.1063	95.5033	0.0825083	96.875
59.0732	95.5858	0	96.875
59.0801	95.6271	0.0825083	96.875
59.8343	95.7096	0	96.875
59.8392	95.7096	0.0825083	96.875
60.7519	95.7921	0	96.875
60.7585	95.7921	0.165017	96.875
60.7615	95.8746	0.0825083	96.875
64.4377	95.9571	0	96.875
64.4395	95.9984	0.0825083	96.875
66.3172	96.0809	0	96.875
66.3174	96.1221	0.0825083	96.875
79.6599	96.2046	0	96.875
79.6629	96.2459	0.0825083	96.875
92.992	96.3284	0	96.875
95.3885	96.3696	0.0825083	96.875
137.9	96.4521	0	96.875
209.316	96.4521	0	97.9167
308.279	96.4521	0	98.9583
347.55	96.4521	0	100
347.551	96.4521	0.0825083	100
349.457	96.5347	0	100
349.457	96.5347	0.0825083	100
536.385	96.6172	0	100
536.388	96.6172	0.0825083	100
1604.63	96.6997	0	100
1605.02	96.6997	0.165017	100
1606.79	96.7822	0.0825083	100
2119.34	96.8647	0	100
2119.34	96.8647	0.165017	100
2121.61	96.9472	0.0825083	100
2244.11	97.0297	0	100
2244.44	97.0297	0.165017	100
2245.69	97.1122	0.0825083	100
2391.82	97.1947	0	100
2392.32	97.236	0.0825083	100
3498.31	97.3185	0	100
3499.31	97.3597	0.0825083	100
3714.21	97.4422	0	100
3715.97	97.4835	0.0825083	100
5314.79	97.566	0	100
5314.79	97.566	0.165017	100
5315.05	97.6485	0.0825083	100
5445.98	97.731	0	100
5446.01	97.731	0.165017	100
5446.59	97.8135	0.0825083	100
5473.06	97.896	0	100
5474.36	97.896	0.165017	100
5476.77	97.9785	0.0825083	100
5689.85	98.0611	0	100
5689.85	98.0611	0.0825083	100
6424.47	98.1436	0	100
6424.47	98.1436	0.0825083	100
7826.71	98.2261	0	100
7826.71	98.2261	0.165017	100
7827.27	98.3086	0.0825083	100
8157.16	98.3911	0	100
8157.16	98.3911	0.0825083	100
8220.08	98.4736	0	100
8221.09	98.5149	0.0825083	100
8351.3	98.5974	0	100
8351.3	98.5974	0.165017	100
8353.79	98.6799	0.0825083	100
8418.4	98.7624	0	100
8418.82	98.7624	0.165017	100
8420.44	98.8449	0.0825083	100
8451.01	98.9274	0	100
8451.02	98.9274	0.0825083	100
9132.94	99.0099	0	100
9133.31	99.0512	0.0825083	100
13116.7	99.1337	0	100
13117.7	99.1749	0.0825083	100
14201.3	99.2574	0	100
14201.4	99.2987	0.0825083	100
16190.7	99.3812	0	100
16190.7	99.3812	0.0825083	100
18931.6	99.4637	0	100
18932.5	99.505	0.0825083	100
21675.2	99.5875	0	100
21676.3	99.6287	0.0825083	100
26157.3	99.7112	0	100
26159.3	99.7112	0.165017	100
26164	99.7937	0.0825083	100
28289.2	99.8762	0	100
28292.5	99.9175	0.0825083	100
