6.87799e-08	0	0	0
2.92228e-06	0	0	0
1.7354e-05	0	0	0
2.84049e-05	0	0	0
3.26809e-05	0	0	0
5.09973e-05	0	0	0
5.2882e-05	0	0	0
5.41155e-05	0	0	0
6.09072e-05	0	0	0
6.57138e-05	0	0	0
7.0759e-05	0	0	0
7.54957e-05	0	0	0
7.92215e-05	0	0	0
8.05123e-05	0	0	0
8.10607e-05	0	0	0
8.18616e-05	0	0	0
8.38112e-05	0	0	0
9.26936e-05	0	0	0
9.6565e-05	0	0	0
0.000101826	0	0	0
0.000110993	0	0	0
0.000113513	0	0	0
0.000115093	0	0	0
0.000124689	0	0	0
0.000125109	0	0	0
0.000129826	0	0	0
0.000136263	0	0	0
0.000136529	0	0	0
0.000137309	0	0	0
0.000138197	0	0	0
0.000146318	0	0	0
0.000147136	0	0	0
0.00015215	0	0	0
0.000160144	0	0	0
0.000169134	0	0	0
0.000176131	0	0	0
0.000190824	0	0	0
0.00019144	0	0	0
0.000196405	0	0	0
0.000197985	0	0	0
0.000202853	0	0	0
0.000206998	0	0	0
0.000208722	0	0	0
0.000222213	0	0	0
0.000227116	0	0	0
0.000230997	0	0	0
0.000235983	0	0	0
0.000237159	0	0	0
0.000244303	0	0	0
0.000248276	0	0	0
0.00024964	0	0	0
0.000250227	0	0	0
0.000251417	0	0	0
0.000267753	0	0	0
0.000271343	0	0	0
0.000272163	0	0	0
0.000275565	0	0	0
0.000290259	0	0	0
0.000295424	0	0	0
0.000296001	0	0	0
0.000298167	0	0	0
0.000303226	0	0	0
0.000309998	0	0	0
0.000310608	0	0	0
0.000320396	0	0	0
0.00032213	0	0	0
0.000327305	0	0	0
0.000333897	0	0	0
0.000338558	0	0	0
0.000339936	0	0	0
0.000359807	0	0	0
0.000363304	0	0	0
0.000366158	0	0	0
0.000373011	0	0	0
0.000374999	0	0	0
0.000384185	0	0	0
0.000386714	0	0	0
0.000391251	0	0	0
0.000394498	0	0	0
0.000399283	0	0	0
0.000400036	0	0	0
0.000406698	0	0	0
0.000409508	0	0	0
0.000420008	0	0	0
0.00042073	0	0	0
0.000421465	0	0	0
0.000424123	0	0	0
0.000425142	0	0	0
0.000433196	0	0	0
0.000443356	0	0	0
0.000445288	0	0	0
0.000445665	0	0	0
0.000454252	0	0	0
0.000454331	0	0	0
0.000466297	0	0	0
0.000476327	0	0	0
0.000476401	0	0	0
0.000494732	0	0	0
0.000497324	0	0	0
0.000499044	0	0	0
0.000500296	0	0	0
0.000501992	0	0	0
0.000504781	0	0	0
0.000519911	0	0	0
0.000523065	0	0	0
0.000524131	0	0	0
0.000533469	0	0	0
0.000535617	0	0	0
0.000538056	0	0	0
0.000555293	0	0	0
0.000557661	0	0	0
0.000561625	0	0	0
0.000565431	0	0	0
0.000577117	0	0	0
0.00058122	0	0	0
0.00058451	0	0	0
0.000585073	0	0	0
0.000586129	0	0	0
0.000592339	0	0	0
0.000595121	0	0	0
0.00059585	0	0	0
0.000596364	0	0	0
0.000601958	0	0	0
0.000603858	0	0	0
0.00060604	0	0	0
0.000607463	0	0	0
0.000620309	0	0	0
0.000620572	0	0	0
0.000620757	0	0	0
0.000622243	0	0	0
0.000624068	0	0	0
0.000629451	0	0	0
0.00063211	0	0	0
0.000639656	0	0	0
0.000657867	0	0	0
0.000660981	0	0	0
0.000664366	0	0	0
0.000674068	0	0	0
0.000674417	0	0	0
0.000677414	0	0	0
0.00068027	0	0	0
0.00068709	0	0	0
0.000689445	0	0	0
0.000694409	0	0	0
0.000704018	0	0	0
0.000705076	0	0	0
0.000705314	0	0	0
0.00071937	0	0	0
0.000719427	0	0	0
0.000723494	0	0	0
0.00072585	0	0	0
0.000726947	0	0	0
0.000728277	0	0	0
0.00073024	0	0	0
0.00073149	0	0	0
0.000731625	0	0	0
0.00073464	0	0	0
0.000741449	0	0	0
0.000749579	0	0	0
0.000751027	0	0	0
0.000753618	0	0	0
0.000759054	0	0	0
0.000761787	0	0	0
0.000761943	0	0	0
0.000763716	0	0	0
0.000765881	0	0	0
0.000768234	0	0	0
0.000770565	0	0	0
0.000776854	0	0	0
0.000779	0	0	0
0.00078157	0	0	0
0.000781779	0	0	0
0.000783906	0	0	0
0.000793134	0	0	0
0.000794252	0	0	0
0.000801118	0	0	0
0.000805007	0	0	0
0.000808313	0	0	0
0.000822991	0	0	0
0.000824631	0	0	0
0.000830917	0	0	0
0.000832643	0	0	0
0.000833131	0	0	0
0.000837799	0	0	0
0.000839848	0	0	0
0.000851142	0	0	0
0.000856332	0	0	0
0.000858034	0	0	0
0.000864228	0	0	0
0.000866473	0	0	0
0.000876683	0	0	0
0.00087974	0	0	0
0.000898998	0	0	0
0.000904679	0	0	0
0.000906241	0	0	0
0.000910423	0	0	0
0.000928843	0	0	0
0.000930262	0	0	0
0.000931049	0	0	0
0.000936745	0	0	0
0.000944225	0	0	0
0.000952264	0	0	0
0.000953546	0	0	0
0.000959733	0	0	0
0.000960594	0	0	0
0.000966909	0	0	0
0.000967537	0	0	0
0.000967794	0	0	0
0.000968702	0	0	0
0.000970002	0	0	0
0.000971441	0	0	0
0.000971599	0	0	0
0.000974311	0	0	0
0.000976087	0	0	0
0.000976847	0	0	0
0.00098167	0	0	0
0.000981899	0	0	0
0.000989791	0	0	0
0.000990738	0	0	0
0.000992339	0	0	0
0.0010018	0	0	0
0.00100546	0	0	0
0.00100571	0	0	0
0.00102025	0	0	0
0.0010244	0	0	0
0.00102488	0	0	0
0.00102996	0	0	0
0.00104048	0	0	0
0.00104539	0	0	0
0.00104995	0	0	0
0.00105915	0	0	0
0.00105943	0	0	0
0.00106402	0	0	0
0.00106436	0	0	0
0.00107062	0	0	0
0.00107869	0	0	0
0.00108373	0	0	0
0.00108574	0	0	0
0.00108858	0	0	0
0.00109253	0	0	0
0.0010962	0	0	0
0.00109754	0	0	0
0.00109881	0	0	0
0.00109982	0	0	0
0.00110394	0	0	0
0.00110509	0	0	0
0.00110932	0	0	0
0.00111307	0	0	0
0.00112842	0	0	0
0.00113113	0	0	0
0.00114024	0	0	0
0.00114731	0	0	0
0.00115009	0	0	0
0.0011508	0	0	0
0.00115203	0	0	0
0.00115755	0	0	0
0.00116658	0	0	0
0.00116694	0	0	0
0.00117272	0	0	0
0.00118192	0	0	0
0.00118436	0	0	0
0.00118825	0	0	0
0.00119086	0	0	0
0.00119495	0	0	0
0.00120161	0	0	0
0.00120204	0	0	0
0.00121733	0	0	0
0.00121949	0	0	0
0.00122015	0	0	0
0.00122353	0	0	0
0.0012246	0	0	0
0.00122521	0	0	0
0.00122647	0	0	0
0.00122733	0	0	0
0.00122773	0	0	0
0.00123169	0	0	0
0.00125606	0	0	0
0.00126184	0	0	0
0.00126206	0	0	0
0.00126619	0	0	0
0.00126799	0	0	0
0.00127708	0	0	0
0.00128195	0	0	0
0.00128668	0	0	0
0.00128725	0	0	0
0.00128951	0	0	0
0.00129415	0	0	0
0.00129742	0	0	0
0.00130844	0	0	0
0.00132461	0	0	0
0.00132792	0	0	0
0.00132951	0	0	0
0.00133128	0	0	0
0.00133252	0	0	0
0.00133376	0	0	0
0.00133674	0	0	0
0.00133972	0	0	0
0.00133993	0	0	0
0.00134025	0	0	0
0.00135052	0	0	0
0.00135203	0	0	0
0.00135376	0	0	0
0.00135423	0	0	0
0.00135616	0	0	0
0.00135718	0	0	0
0.00135805	0	0	0
0.00136379	0	0	0
0.00136583	0	0	0
0.00136832	0	0	0
0.00136913	0	0	0
0.00137305	0	0	0
0.00137685	0	0	0
0.00137727	0	0	0
0.00137884	0	0	0
0.00138138	0	0	0
0.00138505	0	0	0
0.00138567	0	0	0
0.00138595	0	0	0
0.00139069	0	0	0
0.00139211	0	0	0
0.00139215	0	0	0
0.00139749	0	0	0
0.00140483	0	0	0
0.00140654	0	0	0
0.00140747	0	0	0
0.00141591	0	0	0
0.00141862	0	0	0
0.00142402	0	0	0
0.00142611	0	0	0
0.00142655	0	0	0
0.00143701	0	0	0
0.00143723	0	0	0
0.0014385	0	0	0
0.00143984	0	0	0
0.00144154	0	0	0
0.00144611	0	0	0
0.00144655	0	0	0
0.0014472	0	0	0
0.0014549	0	0	0
0.00145567	0	0	0
0.00145764	0	0	0
0.00145872	0	0	0
0.00145906	0	0	0
0.00146098	0	0	0
0.00146728	0	0	0
0.00146859	0	0	0
0.00147387	0	0	0
0.00147613	0	0	0
0.00147758	0	0	0
0.00147954	0	0	0
0.00147996	0	0	0
0.00147999	0	0	0
0.00149423	0	0	0
0.00149802	0	0	0
0.00150201	0	0	0
0.00150678	0	0	0
0.001507	0	0	0
0.00150822	0	0	0
0.00151339	0	0	0
0.0015176	0	0	0
0.00152043	0	0	0
0.00152691	0	0	0
0.00152929	0	0	0
0.00153011	0	0	0
0.00153895	0	0	0
0.00154126	0	0	0
0.00154472	0	0	0
0.00154969	0	0	0
0.00155462	0	0	0
0.00156103	0	0	0
0.00156783	0	0	0
0.00156953	0	0	0
0.00157469	0	0	0
0.00157494	0	0	0
0.00158387	0	0	0
0.0015865	0	0	0
0.00158866	0	0	0
0.00159159	0	0	0
0.00159502	0	0	0
0.00160263	0	0	0
0.0016085	0	0	0
0.00161102	0	0	0
0.00161308	0	0	0
0.00161322	0	0	0
0.00162195	0	0	0
0.00162722	0	0	0
0.00163168	0	0	0
0.00163498	0	0	0
0.00164125	0	0	0
0.00164821	0	0	0
0.0016517	0	0	0
0.00167982	0	0	0
0.00169175	0	0	0
0.0016952	0	0	0
0.00170529	0	0	0
0.0017158	0	0	0
0.00172031	0	0	0
0.00172202	0	0	0
0.00172456	0	0	0
0.00173198	0	0	0
0.00173661	0	0	0
0.00173801	0	0	0
0.00173947	0	0	0
0.00174101	0	0	0
0.00174456	0	0	0
0.00174478	0	0	0
0.00174693	0	0	0
0.00175768	0	0	0
0.00177222	0	0	0
0.00177466	0	0	0
0.00177616	0	0	0
0.00178123	0	0	0
0.00179163	0	0	0
0.00180393	0	0	0
0.00181276	0	0	0
0.0018157	0	0	0
0.00182448	0	0	0
0.00182646	0	0	0
0.00182893	0	0	0
0.00183071	0	0	0
0.00183077	0	0	0
0.0018338	0	0	0
0.00183453	0	0	0
0.00183594	0	0	0
0.00183694	0	0	0
0.00184651	0	0	0
0.00185013	0	0	0
0.00185386	0	0	0
0.00185448	0	0	0
0.00186643	0	0	0
0.00186965	0	0	0
0.00187146	0	0	0
0.00189117	0	0	0
0.00189832	0	0	0
0.00189931	0	0	0
0.00190093	0	0	0
0.00190222	0	0	0
0.00190268	0	0	0
0.00190352	0	0	0
0.0019051	0	0	0
0.00191617	0	0	0
0.00193298	0	0	0
0.0019368	0	0	0
0.00194701	0	0	0
0.00194783	0	0	0
0.00194811	0	0	0
0.00194835	0	0	0
0.00195409	0	0	0
0.00195494	0	0	0
0.00195669	0	0	0
0.00197057	0	0	0
0.00197136	0	0	0
0.00197194	0	0	0
0.00198373	0	0	0
0.00198618	0	0	0
0.00198645	0	0	0
0.00198886	0	0	0
0.001998	0	0	0
0.00200495	0	0	0
0.00201109	0	0	0
0.00202891	0	0	0
0.00203536	0	0	0
0.00203789	0	0	0
0.00204707	0	0	0
0.0020513	0	0	0
0.00205226	0	0	0
0.00205352	0	0	0
0.00206979	0	0	0
0.00207647	0	0	0
0.00207818	0	0	0
0.00208212	0	0	0
0.00208524	0	0	0
0.00208782	0	0	0
0.00208993	0	0	0
0.00209307	0	0	0
0.00209794	0	0	0
0.00210138	0	0	0
0.00210328	0	0	0
0.00211175	0	0	0
0.00211325	0	0	0
0.00211985	0	0	0
0.00214602	0	0	0
0.00214828	0	0	0
0.00214913	0	0	0
0.00215311	0	0	0
0.00215608	0	0	0
0.00216408	0	0	0
0.00216433	0	0	0
0.00217736	0	0	0
0.00218051	0	0	0
0.00218399	0	0	0
0.00219789	0	0	0
0.00220122	0	0	0
0.00221158	0	0	0
0.00221878	0	0	0
0.00223347	0	0	0
0.00223783	0	0	0
0.00224957	0	0	0
0.00225601	0	0	0
0.00225612	0	0	0
0.00225672	0	0	0
0.00225766	0	0	0
0.00226147	0	0	0
0.00227461	0	0	0
0.00227701	0	0	0
0.00228653	0	0	0
0.00228879	0	0	0
0.00228906	0	0	0
0.0022921	0	0	0
0.00229326	0	0	0
0.0023017	0	0	0
0.00230964	0	0	0
0.00231456	0	0	0
0.00231633	0	0	0
0.00231685	0	0	0
0.00234089	0	0	0
0.0023542	0	0	0
0.00235629	0	0	0
0.00235769	0	0	0
0.0023708	0	0	0
0.00237197	0	0	0
0.00239616	0	0	0
0.00239617	0	0	0
0.00240134	0	0	0
0.00241706	0	0	0
0.00242322	0	0	0
0.00242512	0	0	0
0.00242971	0	0	0
0.00244248	0	0	0
0.00245223	0	0	0
0.00245294	0	0	0
0.00245305	0	0	0
0.00245872	0	0	0
0.00247133	0	0	0
0.00247798	0	0	0
0.00251464	0	0	0
0.00251906	0	0	0
0.00252452	0	0	0
0.00253525	0	0	0
0.00255402	0	0	0
0.00257384	0	0	0
0.00258419	0	0	0
0.00260318	0	0	0
0.00260426	0	0	0
0.00261105	0	0	0
0.00261483	0	0	0
0.00261734	0	0	0
0.0026292	0	0	0
0.00263817	0	0	0
0.00266294	0	0	0
0.00267018	0	0	0
0.00267206	0	0	0
0.00267691	0	0	0
0.00267974	0	0	0
0.00269809	0	0	0
0.00269981	0	0	0
0.00273088	0	0	0
0.00273992	0	0	0
0.00276181	0	0	0
0.00277191	0	0	0
0.0027896	0	0	0
0.00280106	0	0	0
0.00280198	0	0	0
0.00281278	0	0	0
0.00282604	0	0	0
0.00282885	0	0	0
0.0028334	0	0	0
0.00283562	0	0	0
0.0028396	0	0	0
0.00284573	0	0	0
0.00286241	0	0	0
0.00288093	0	0	0
0.00288291	0	0	0
0.00288959	0	0	0
0.00289003	0	0	0
0.00290486	0	0	0
0.00290795	0	0	0
0.00292584	0	0	0
0.00292916	0	0	0
0.00292957	0	0	0
0.00294823	0	0	0
0.00297804	0	0	0
0.00298335	0	0	0
0.00299074	0	0	0
0.0030045	0	0	0
0.0030075	0	0	0
0.00300972	0	0	0
0.00302062	0	0	0
0.00302176	0	0	0
0.003024	0	0	0
0.00303526	0	0	0
0.00305316	0	0	0
0.00305321	0	0	0
0.00307265	0	0	0
0.00307614	0	0	0
0.00308005	0	0	0
0.0030808	0	0	0
0.0031016	0	0	0
0.00310574	0	0	0
0.0031063	0	0	0
0.00311854	0	0	0
0.00313245	0	0	0
0.00313612	0	0	0
0.00315037	0	0	0
0.00316121	0	0	0
0.00316298	0	0	0
0.00316605	0	0	0
0.00317283	0	0	0
0.00320635	0	0	0
0.00321085	0	0	0
0.00321134	0	0	0
0.00323429	0	0	0
0.00324377	0	0	0
0.00326194	0	0	0
0.00326303	0	0	0
0.00326643	0	0	0
0.00328482	0	0	0
0.00330712	0	0	0
0.00331871	0	0	0
0.00331933	0	0	0
0.00332349	0	0	0
0.00332391	0	0	0
0.00333395	0	0	0
0.00335176	0	0	0
0.00336496	0	0	0
0.00337731	0	0	0
0.00337984	0	0	0
0.00341674	0	0	0
0.00343519	0	0	0
0.00343815	0	0	0
0.00344173	0	0	0
0.00344732	0	0	0
0.00345327	0	0	0
0.00347313	0	0	0
0.0034793	0	0	0
0.0034968	0	0	0
0.00351587	0	0	0
0.00352465	0	0	0
0.00352617	0	0.0825083	0
0.00352991	0	0.0825083	0
0.00355039	0	0.0825083	0
0.00356447	0	0.0825083	0
0.00356459	0	0.0825083	0
0.00357233	0	0.0825083	0
0.00359897	0	0.0825083	0
0.00360399	0	0.0825083	0
0.00361267	0	0.0825083	0
0.00361561	0	0.0825083	0
0.00362616	0	0.0825083	0
0.00364197	0	0.0825083	0
0.00364865	0	0.0825083	0
0.00369278	0	0.0825083	0
0.0037051	0	0.0825083	0
0.00371584	0	0.0825083	0
0.00372758	0	0.0825083	0
0.00373135	0	0.0825083	0
0.00373204	0	0.0825083	0
0.00373544	0	0.0825083	0
0.00377237	0	0.0825083	0
0.00379247	0	0.0825083	0
0.00379639	0	0.0825083	0
0.00380973	0	0.0825083	0
0.00381297	0	0.0825083	0
0.00381624	0	0.0825083	0
0.00385562	0	0.0825083	0
0.00385758	0	0.0825083	0
0.00395485	0	0.0825083	0
0.00395952	0	0.0825083	0
0.00396062	0	0.0825083	0
0.00396557	0	0.0825083	0
0.00396578	0	0.0825083	0
0.00397261	0	0.0825083	0
0.00400335	0	0.0825083	0
0.00400384	0	0.0825083	0
0.00401513	0	0.0825083	0
0.0040425	0	0.0825083	0
0.00404896	0	0.0825083	0
0.00405	0	0.0825083	0
0.00405164	0	0.0825083	0
0.00405188	0	0.0825083	0
0.0040526	0	0.0825083	0
0.00409839	0	0.0825083	0
0.0041347	0	0.0825083	0
0.00413595	0	0.0825083	0
0.00415109	0	0.0825083	0
0.00417307	0	0.0825083	0
0.00423841	0	0.0825083	0
0.00427401	0	0.0825083	0
0.00429483	0	0.0825083	0
0.00431024	0	0.0825083	0
0.00433164	0	0.0825083	0
0.00434423	0	0.0825083	0
0.00438746	0	0.0825083	0
0.00439102	0	0.0825083	0
0.00449822	0	0.0825083	0
0.00455136	0	0.0825083	0
0.00457455	0	0.0825083	0
0.00457517	0	0.0825083	0
0.00460955	0	0.0825083	0
0.00472438	0	0.0825083	0
0.00473779	0.0825083	0	0
0.00474135	0.0825083	0	0
0.00479814	0.0825083	0	0
0.00480799	0.0825083	0	0
0.00482522	0.0825083	0	0
0.00488621	0.0825083	0	0
0.00518933	0.0825083	0	0
0.00518967	0.0825083	0	0
0.00520186	0.0825083	0	0
0.00524892	0.0825083	0	0
0.00530951	0.0825083	0	0
0.00538001	0.0825083	0	0
0.00540423	0.0825083	0	0
0.00556649	0.0825083	0	0
0.00556688	0.0825083	0	0
0.00558965	0.0825083	0	0
0.00561408	0.0825083	0	0
0.00593453	0.0825083	0	0
0.0060442	0.0825083	0	0
0.00610882	0.0825083	0	0
0.00647607	0.0825083	0	0
0.00650672	0.0825083	0	0
0.00650759	0.0825083	0	0
0.00656803	0.0825083	0	0
0.00672885	0.0825083	0	0
0.00675424	0.0825083	0	0
0.00690162	0.0825083	0	0
0.00691013	0.0825083	0	0
0.0072465	0.0825083	0	0
0.00727036	0.0825083	0	0
0.00778992	0.0825083	0	0
0.00782445	0.0825083	0	0
0.00786581	0.0825083	0	0
0.00808652	0.0825083	0	0
0.00872137	0.123762	0.0825083	0
0.00904835	0.123762	0.0825083	0
0.00986975	0.206271	0	0
0.0101878	0.206271	0	0
0.0165332	0.206271	0	0
0.0202544	0.206271	0.0825083	0
0.0237742	0.288779	0	0
0.026221	0.330033	0.0825083	0
0.0331001	0.412541	0	0
0.0338448	0.453795	0.0825083	0
0.0355936	0.536304	0	0
0.0416072	0.536304	0	0
0.0420501	0.536304	0	0.518135
0.0636373	0.536304	0	1.03627
0.091589	0.536304	0	1.5544
0.0959214	0.536304	0	2.07254
0.0969273	0.536304	0.0825083	2.07254
0.0971904	0.536304	0.247525	2.07254
0.0973625	0.618812	0.165017	2.07254
0.0986761	0.70132	0.0825083	2.07254
0.104109	0.783828	0	2.07254
0.104984	0.783828	0.165017	2.07254
0.106204	0.783828	0.165017	2.07254
0.112624	0.866337	0.0825083	2.07254
0.113272	0.866337	0.0825083	2.07254
0.132199	0.948845	0	2.07254
0.13292	0.948845	0.165017	2.07254
0.134531	1.03135	0.0825083	2.07254
0.149418	1.11386	0	2.07254
0.149919	1.15512	0.0825083	2.07254
0.166733	1.23762	0	2.07254
0.168919	1.23762	0	3.10881
0.170102	1.27888	0.0825083	3.10881
0.170137	1.27888	0.0825083	3.10881
0.170773	1.36139	0	3.10881
0.179804	1.36139	0	3.10881
0.209458	1.36139	0	3.62694
0.211388	1.36139	0.165017	3.62694
0.21779	1.44389	0.0825083	3.62694
0.2402	1.5264	0	3.62694
0.246243	1.5264	0	4.66321
0.247415	1.56766	0.0825083	4.66321
0.249739	1.65016	0	4.66321
0.250391	1.65016	0.0825083	4.66321
0.251016	1.65016	0.0825083	4.66321
0.255127	1.65016	0.0825083	4.66321
0.283336	1.73267	0	4.66321
0.283626	1.77393	0.0825083	4.66321
0.286927	1.85644	0	4.66321
0.290198	1.85644	0.165017	4.66321
0.293051	1.85644	0.247525	4.66321
0.294207	1.93894	0.165017	4.66321
0.297601	2.02145	0.0825083	4.66321
0.297664	2.02145	0.247525	4.66321
0.299039	2.10396	0.165017	4.66321
0.300217	2.18647	0.0825083	4.66321
0.304024	2.26898	0	4.66321
0.305094	2.31023	0.0825083	4.66321
0.310637	2.39274	0	4.66321
0.315472	2.39274	0	4.66321
0.316545	2.39274	0.0825083	4.66321
0.333797	2.47525	0	4.66321
0.334148	2.47525	0.0825083	4.66321
0.337465	2.47525	0.247525	4.66321
0.337785	2.55776	0.165017	4.66321
0.340738	2.64026	0.0825083	4.66321
0.347928	2.72277	0	4.66321
0.348246	2.76403	0.0825083	4.66321
0.37217	2.84653	0	4.66321
0.372204	2.84653	0.165017	4.66321
0.37247	2.92904	0.0825083	4.66321
0.376267	3.01155	0	4.66321
0.377864	3.01155	0.165017	4.66321
0.378006	3.01155	0.165017	5.18135
0.379534	3.01155	0.165017	5.69948
0.379716	3.01155	0.247525	5.69948
0.382257	3.09406	0.165017	5.69948
0.403933	3.17657	0.0825083	5.69948
0.406389	3.21782	0.165017	5.69948
0.409394	3.30033	0.0825083	5.69948
0.411221	3.34158	0.165017	5.69948
0.411265	3.42409	0.0825083	5.69948
0.412926	3.42409	0.0825083	6.73575
0.41438	3.42409	0.0825083	6.73575
0.414623	3.42409	0.0825083	6.73575
0.421324	3.46535	0.165017	6.73575
0.432146	3.54785	0.0825083	6.73575
0.433643	3.54785	0.165017	6.73575
0.436113	3.63036	0.0825083	6.73575
0.436534	3.63036	0.247525	6.73575
0.436933	3.71287	0.165017	6.73575
0.437098	3.71287	0.330033	6.73575
0.43798	3.79538	0.247525	6.73575
0.439287	3.87789	0.165017	6.73575
0.444583	3.9604	0.0825083	6.73575
0.447215	3.9604	0.0825083	7.25389
0.447804	3.9604	0.247525	7.25389
0.448081	4.0429	0.165017	7.25389
0.453953	4.12541	0.0825083	7.25389
0.463688	4.12541	0.0825083	7.25389
0.468504	4.12541	0.0825083	7.25389
0.469818	4.16667	0.165017	7.25389
0.475831	4.24918	0.0825083	7.25389
0.481207	4.29043	0.165017	7.25389
0.505689	4.37294	0.0825083	7.25389
0.531351	4.37294	0.0825083	7.25389
0.534659	4.41419	0.165017	7.25389
0.53839	4.4967	0.0825083	7.25389
0.538676	4.4967	0.165017	7.25389
0.540254	4.4967	0.165017	7.77202
0.549807	4.57921	0.0825083	7.77202
0.550562	4.57921	0.165017	7.77202
0.559134	4.66172	0.0825083	7.77202
0.560344	4.70297	0.165017	7.77202
0.574305	4.78548	0.0825083	7.77202
0.574829	4.78548	0.247525	7.77202
0.575982	4.86799	0.165017	7.77202
0.58361	4.9505	0.0825083	7.77202
0.583977	4.9505	0.247525	7.77202
0.584448	4.9505	0.247525	7.77202
0.592592	5.033	0.165017	7.77202
0.592631	5.07426	0.247525	7.77202
0.594543	5.15677	0.165017	7.77202
0.595461	5.23927	0.0825083	7.77202
0.619709	5.23927	0.0825083	8.80829
0.621157	5.23927	0.0825083	9.32642
0.621305	5.23927	0.247525	9.32642
0.622012	5.32178	0.165017	9.32642
0.623421	5.40429	0.0825083	9.32642
0.624059	5.44554	0.165017	9.32642
0.628743	5.52805	0.0825083	9.32642
0.633067	5.56931	0.165017	9.32642
0.63918	5.65182	0.0825083	9.32642
0.639983	5.65182	0.247525	9.32642
0.64403	5.73432	0.165017	9.32642
0.649623	5.81683	0.0825083	9.32642
0.669103	5.81683	0.0825083	9.32642
0.669458	5.85809	0.165017	9.32642
0.669504	5.89934	0.247525	9.32642
0.67643	5.98185	0.165017	9.32642
0.680666	6.06436	0.0825083	9.32642
0.690048	6.06436	0.0825083	9.32642
0.692965	6.10561	0.165017	9.32642
0.694578	6.10561	0.165017	9.84456
0.712721	6.18812	0.0825083	9.84456
0.717845	6.18812	0.0825083	10.3627
0.719441	6.22937	0.165017	10.3627
0.726474	6.31188	0.0825083	10.3627
0.726659	6.35314	0.165017	10.3627
0.742018	6.43564	0.0825083	10.3627
0.743113	6.4769	0.165017	10.3627
0.752745	6.55941	0.0825083	10.3627
0.753438	6.60066	0.165017	10.3627
0.758891	6.68317	0.0825083	10.3627
0.763357	6.72442	0.165017	10.3627
0.782116	6.80693	0.0825083	10.3627
0.783389	6.80693	0.247525	10.3627
0.785988	6.88944	0.165017	10.3627
0.789886	6.97195	0.0825083	10.3627
0.791353	7.0132	0.165017	10.3627
0.80157	7.09571	0.0825083	10.3627
0.801975	7.09571	0.247525	10.3627
0.803898	7.17822	0.165017	10.3627
0.804986	7.26073	0.0825083	10.3627
0.808805	7.26073	0.0825083	10.8808
0.830786	7.26073	0.0825083	11.399
0.830885	7.30198	0.165017	11.399
0.838962	7.38449	0.0825083	11.399
0.839267	7.42574	0.165017	11.399
0.843789	7.50825	0.0825083	11.399
0.850145	7.50825	0.165017	11.399
0.850226	7.59076	0.0825083	11.399
0.858403	7.59076	0.0825083	11.9171
0.859195	7.63201	0.165017	11.9171
0.864168	7.71452	0.0825083	11.9171
0.864379	7.71452	0.247525	11.9171
0.864867	7.79703	0.165017	11.9171
0.867803	7.87954	0.0825083	11.9171
0.87147	7.92079	0.165017	11.9171
0.882223	8.0033	0.0825083	11.9171
0.883227	8.04455	0.165017	11.9171
0.90154	8.04455	0.165017	11.9171
0.906579	8.04455	0.165017	12.4352
0.909959	8.08581	0.247525	12.4352
0.912359	8.16832	0.165017	12.4352
0.916018	8.16832	0.165017	12.4352
0.917057	8.16832	0.330033	12.4352
0.919256	8.25082	0.247525	12.4352
0.927477	8.33333	0.165017	12.4352
0.928555	8.37459	0.247525	12.4352
0.928983	8.37459	0.330033	12.4352
0.935186	8.4571	0.247525	12.4352
0.936278	8.49835	0.330033	12.4352
0.9513	8.58086	0.247525	12.4352
0.953448	8.58086	0.247525	12.9534
0.962301	8.58086	0.247525	13.4715
0.962338	8.58086	0.412541	13.4715
0.964191	8.66337	0.330033	13.4715
0.976304	8.74587	0.247525	13.4715
0.978407	8.74587	0.412541	13.4715
0.979508	8.82838	0.330033	13.4715
0.988728	8.91089	0.247525	13.4715
0.988982	8.95215	0.330033	13.4715
0.992427	9.03465	0.247525	13.4715
0.995861	9.07591	0.330033	13.4715
0.996973	9.07591	0.330033	13.4715
0.997341	9.15842	0.247525	13.4715
1.01493	9.15842	0.247525	13.9896
1.01673	9.15842	0.330033	13.9896
1.03325	9.24092	0.247525	13.9896
1.04138	9.24092	0.247525	13.9896
1.04155	9.24092	0.412541	13.9896
1.04311	9.32343	0.330033	13.9896
1.05807	9.40594	0.247525	13.9896
1.05975	9.4472	0.330033	13.9896
1.06275	9.5297	0.247525	13.9896
1.06348	9.5297	0.330033	13.9896
1.0635	9.5297	0.49505	13.9896
1.06595	9.61221	0.412541	13.9896
1.06854	9.69472	0.330033	13.9896
1.07163	9.69472	0.330033	13.9896
1.07403	9.77723	0.247525	13.9896
1.07745	9.81848	0.330033	13.9896
1.11155	9.90099	0.247525	13.9896
1.11235	9.90099	0.330033	13.9896
1.1267	9.9835	0.247525	13.9896
1.12794	9.9835	0.330033	13.9896
1.13146	10.066	0.247525	13.9896
1.13431	10.066	0.247525	14.5078
1.14174	10.066	0.247525	15.0259
1.14215	10.066	0.330033	15.0259
1.14232	10.1485	0.247525	15.0259
1.14319	10.1898	0.330033	15.0259
1.14444	10.2723	0.247525	15.0259
1.14581	10.2723	0.330033	15.0259
1.17	10.3548	0.247525	15.0259
1.17065	10.396	0.330033	15.0259
1.1727	10.4785	0.247525	15.0259
1.17369	10.5198	0.330033	15.0259
1.18233	10.6023	0.247525	15.0259
1.1888	10.6023	0.247525	15.544
1.19786	10.6436	0.330033	15.544
1.1979	10.7261	0.247525	15.544
1.19802	10.7673	0.330033	15.544
1.19894	10.8498	0.247525	15.544
1.1992	10.8498	0.412541	15.544
1.2003	10.9323	0.330033	15.544
1.20252	11.0149	0.247525	15.544
1.20322	11.0561	0.330033	15.544
1.21406	11.1386	0.247525	15.544
1.21685	11.1386	0.330033	15.544
1.23211	11.2211	0.247525	15.544
1.23251	11.2624	0.330033	15.544
1.2346	11.3449	0.247525	15.544
1.23549	11.3449	0.412541	15.544
1.23745	11.4274	0.330033	15.544
1.24995	11.5099	0.247525	15.544
1.2507	11.5512	0.330033	15.544
1.25098	11.6337	0.247525	15.544
1.27323	11.6337	0.247525	16.0622
1.27343	11.6337	0.330033	16.0622
1.29413	11.7162	0.247525	16.0622
1.29762	11.7162	0.247525	16.5803
1.29815	11.7574	0.330033	16.5803
1.30015	11.7574	0.330033	17.0984
1.3046	11.8399	0.247525	17.0984
1.30476	11.8399	0.412541	17.0984
1.3049	11.9224	0.330033	17.0984
1.3059	12.005	0.247525	17.0984
1.30599	12.0875	0.165017	17.0984
1.31734	12.0875	0.165017	17.6166
1.32444	12.1287	0.247525	17.6166
1.32465	12.17	0.330033	17.6166
1.32521	12.2525	0.247525	17.6166
1.33105	12.335	0.165017	17.6166
1.33345	12.335	0.247525	17.6166
1.34617	12.4175	0.165017	17.6166
1.34644	12.4587	0.247525	17.6166
1.34645	12.5	0.330033	17.6166
1.34718	12.5825	0.247525	17.6166
1.35552	12.665	0.165017	17.6166
1.35648	12.7063	0.247525	17.6166
1.37164	12.7888	0.165017	17.6166
1.37514	12.83	0.247525	17.6166
1.3975	12.9125	0.165017	17.6166
1.39898	12.9125	0.247525	17.6166
1.42355	12.995	0.165017	17.6166
1.42829	13.0776	0.0825083	17.6166
1.43034	13.1188	0.165017	17.6166
1.43654	13.2013	0.0825083	17.6166
1.45692	13.2013	0.0825083	18.1347
1.45726	13.2426	0.165017	18.1347
1.47523	13.3251	0.0825083	18.1347
1.47619	13.3663	0.165017	18.1347
1.48332	13.4488	0.0825083	18.1347
1.4844	13.4901	0.165017	18.1347
1.51388	13.5726	0.0825083	18.1347
1.52013	13.5726	0.0825083	19.171
1.52056	13.6139	0.165017	19.171
1.52085	13.6139	0.165017	19.6891
1.54427	13.6964	0.0825083	19.6891
1.54439	13.7376	0.165017	19.6891
1.5585	13.8201	0.0825083	19.6891
1.57588	13.8201	0.0825083	20.2073
1.5775	13.8201	0.247525	20.2073
1.58269	13.9026	0.165017	20.2073
1.60587	13.9851	0.0825083	20.2073
1.60681	13.9851	0.247525	20.2073
1.60995	14.0677	0.165017	20.2073
1.62021	14.1502	0.0825083	20.2073
1.62044	14.1914	0.165017	20.2073
1.62066	14.1914	0.165017	20.7254
1.62126	14.1914	0.330033	20.7254
1.62134	14.2739	0.247525	20.7254
1.62342	14.3564	0.165017	20.7254
1.63033	14.4389	0.0825083	20.7254
1.63245	14.4389	0.247525	20.7254
1.63357	14.5215	0.165017	20.7254
1.64125	14.604	0.0825083	20.7254
1.64231	14.6452	0.165017	20.7254
1.66491	14.7277	0.0825083	20.7254
1.66834	14.7277	0.247525	20.7254
1.66848	14.8102	0.165017	20.7254
1.69293	14.8927	0.0825083	20.7254
1.69644	14.8927	0.165017	20.7254
1.69961	14.9752	0.0825083	20.7254
1.70301	14.9752	0.0825083	21.2435
1.70924	14.9752	0.0825083	21.7617
1.70937	15.0165	0.165017	21.7617
1.71334	15.0165	0.247525	21.7617
1.71366	15.099	0.165017	21.7617
1.71376	15.099	0.330033	21.7617
1.71419	15.1815	0.247525	21.7617
1.71535	15.2228	0.330033	21.7617
1.7167	15.3053	0.247525	21.7617
1.71804	15.3878	0.165017	21.7617
1.71906	15.3878	0.165017	21.7617
1.72067	15.3878	0.330033	21.7617
1.72092	15.4703	0.247525	21.7617
1.72243	15.5528	0.165017	21.7617
1.726	15.6353	0.0825083	21.7617
1.72936	15.6766	0.165017	21.7617
1.72982	15.7591	0.0825083	21.7617
1.7933	15.7591	0.0825083	21.7617
1.79351	15.8003	0.165017	21.7617
1.81558	15.8828	0.0825083	21.7617
1.81562	15.8828	0.247525	21.7617
1.81565	15.9653	0.165017	21.7617
1.82596	16.0479	0.0825083	21.7617
1.82689	16.0891	0.165017	21.7617
1.83906	16.1716	0.0825083	21.7617
1.84032	16.2129	0.165017	21.7617
1.84797	16.2954	0.0825083	21.7617
1.8509	16.2954	0.165017	21.7617
1.86158	16.3779	0.0825083	21.7617
1.86224	16.3779	0.247525	21.7617
1.86251	16.4604	0.165017	21.7617
1.86343	16.4604	0.165017	22.2798
1.87287	16.5429	0.0825083	22.2798
1.87288	16.5842	0.165017	22.2798
1.89054	16.6667	0.0825083	22.2798
1.89151	16.7079	0.165017	22.2798
1.89206	16.7492	0.247525	22.2798
1.89636	16.8317	0.165017	22.2798
1.91013	16.9142	0.0825083	22.2798
1.91123	16.9554	0.165017	22.2798
1.92746	17.038	0.0825083	22.2798
1.92846	17.038	0.247525	22.2798
1.92879	17.1205	0.165017	22.2798
1.94856	17.203	0.0825083	22.2798
1.94892	17.2442	0.165017	22.2798
1.97602	17.3267	0.0825083	22.2798
1.97808	17.3267	0.0825083	23.3161
1.97865	17.3267	0.165017	23.3161
1.98179	17.3267	0.165017	23.8342
1.99297	17.4092	0.0825083	23.8342
2.00171	17.4092	0.0825083	24.3523
2.00343	17.4505	0.165017	24.3523
2.00585	17.533	0.0825083	24.3523
2.01658	17.533	0.0825083	24.8705
2.01659	17.5743	0.165017	24.8705
2.06459	17.6568	0.0825083	24.8705
2.06872	17.698	0.165017	24.8705
2.10403	17.7805	0.0825083	24.8705
2.10472	17.7805	0.165017	24.8705
2.10556	17.7805	0.165017	25.9067
2.11693	17.863	0.0825083	25.9067
2.11843	17.9043	0.165017	25.9067
2.14209	17.9868	0.0825083	25.9067
2.15925	17.9868	0.0825083	26.4249
2.1624	18.0281	0.165017	26.4249
2.1664	18.1106	0.0825083	26.4249
2.16675	18.1518	0.165017	26.4249
2.18487	18.2343	0.0825083	26.4249
2.18959	18.2756	0.165017	26.4249
2.19198	18.3581	0.0825083	26.4249
2.19329	18.3993	0.165017	26.4249
2.19843	18.4818	0.0825083	26.4249
2.19952	18.5231	0.165017	26.4249
2.20051	18.6056	0.0825083	26.4249
2.20213	18.6469	0.165017	26.4249
2.2317	18.7294	0.0825083	26.4249
2.23192	18.7294	0.165017	26.4249
2.23448	18.8119	0.0825083	26.4249
2.23512	18.8119	0.247525	26.4249
2.23643	18.8944	0.165017	26.4249
2.23763	18.8944	0.165017	26.4249
2.24373	18.9769	0.0825083	26.4249
2.24976	18.9769	0.247525	26.4249
2.25051	19.0594	0.165017	26.4249
2.25378	19.1007	0.247525	26.4249
2.25382	19.1419	0.330033	26.4249
2.25595	19.1832	0.412541	26.4249
2.25623	19.2657	0.330033	26.4249
2.25885	19.3482	0.247525	26.4249
2.29052	19.4307	0.165017	26.4249
2.29057	19.4719	0.247525	26.4249
2.3107	19.5545	0.165017	26.4249
2.31364	19.5957	0.247525	26.4249
2.3164	19.6782	0.165017	26.4249
2.31813	19.7195	0.247525	26.4249
2.31864	19.802	0.165017	26.4249
2.31948	19.8432	0.247525	26.4249
2.34583	19.9257	0.165017	26.4249
2.34583	19.9257	0.330033	26.4249
2.3475	20.0083	0.247525	26.4249
2.35199	20.0908	0.165017	26.4249
2.35453	20.132	0.247525	26.4249
2.3783	20.2145	0.165017	26.4249
2.37883	20.2558	0.247525	26.4249
2.39864	20.3383	0.165017	26.4249
2.40191	20.3383	0.330033	26.4249
2.40536	20.4208	0.247525	26.4249
2.40538	20.5033	0.165017	26.4249
2.40924	20.5446	0.247525	26.4249
2.45223	20.6271	0.165017	26.4249
2.45545	20.6683	0.247525	26.4249
2.47688	20.7508	0.165017	26.4249
2.50892	20.7508	0.165017	26.4249
2.50974	20.7921	0.247525	26.4249
2.5133	20.8746	0.165017	26.4249
2.51358	20.9158	0.247525	26.4249
2.51815	20.9984	0.165017	26.4249
2.51825	20.9984	0.330033	26.4249
2.51827	21.0809	0.247525	26.4249
2.54182	21.1634	0.165017	26.4249
2.57334	21.1634	0.165017	26.943
2.59375	21.1634	0.165017	27.4611
2.59389	21.2046	0.247525	27.4611
2.59466	21.2871	0.165017	27.4611
2.6199	21.3696	0.0825083	27.4611
2.63265	21.3696	0.0825083	27.9793
2.63359	21.4109	0.165017	27.9793
2.6372	21.4934	0.0825083	27.9793
2.66493	21.4934	0.0825083	28.4974
2.66693	21.5347	0.165017	28.4974
2.69118	21.6172	0.0825083	28.4974
2.69302	21.6584	0.165017	28.4974
2.72244	21.7409	0.0825083	28.4974
2.7247	21.7409	0.165017	28.4974
2.72634	21.8234	0.0825083	28.4974
2.73173	21.8234	0.247525	28.4974
2.7367	21.9059	0.165017	28.4974
2.74616	21.9884	0.0825083	28.4974
2.74738	21.9884	0.247525	28.4974
2.75039	22.071	0.165017	28.4974
2.75321	22.1535	0.0825083	28.4974
2.75627	22.1535	0.247525	28.4974
2.75649	22.236	0.165017	28.4974
2.78683	22.3185	0.0825083	28.4974
2.78815	22.3597	0.165017	28.4974
2.79367	22.4422	0.0825083	28.4974
2.7969	22.4835	0.165017	28.4974
2.80823	22.566	0.0825083	28.4974
2.80861	22.6073	0.165017	28.4974
2.81301	22.6898	0.0825083	28.4974
2.81455	22.6898	0.247525	28.4974
2.81571	22.6898	0.330033	28.4974
2.81615	22.7723	0.247525	28.4974
2.81689	22.8548	0.165017	28.4974
2.81796	22.896	0.247525	28.4974
2.8223	22.9785	0.165017	28.4974
2.83445	23.0611	0.0825083	28.4974
2.83947	23.0611	0.0825083	29.0155
2.84529	23.1023	0.165017	29.0155
2.84537	23.1436	0.247525	29.0155
2.84539	23.1848	0.330033	29.0155
2.84729	23.2673	0.247525	29.0155
2.84824	23.3498	0.165017	29.0155
2.87739	23.4323	0.0825083	29.0155
2.87886	23.4323	0.165017	29.0155
2.88959	23.5149	0.0825083	29.0155
2.89044	23.5149	0.247525	29.0155
2.89075	23.5974	0.165017	29.0155
2.90864	23.6799	0.0825083	29.0155
2.90932	23.7211	0.165017	29.0155
2.91249	23.8036	0.0825083	29.0155
2.91394	23.8036	0.0825083	29.5337
2.93871	23.8036	0.0825083	30.0518
2.93911	23.8036	0.165017	30.0518
2.93911	23.8036	0.247525	30.0518
2.94167	23.8861	0.165017	30.0518
2.95558	23.9686	0.0825083	30.0518
2.95933	24.0099	0.165017	30.0518
2.96349	24.0924	0.0825083	30.0518
2.96791	24.1337	0.165017	30.0518
2.97104	24.2162	0.0825083	30.0518
2.97746	24.2574	0.165017	30.0518
2.99917	24.3399	0.0825083	30.0518
3.00018	24.3812	0.165017	30.0518
3.00623	24.4637	0.0825083	30.0518
3.02932	24.4637	0.0825083	30.5699
3.03355	24.4637	0.0825083	31.0881
3.04317	24.5049	0.165017	31.0881
3.04621	24.5875	0.0825083	31.0881
3.04626	24.5875	0.247525	31.0881
3.04656	24.67	0.165017	31.0881
3.0744	24.7525	0.0825083	31.0881
3.07793	24.7937	0.165017	31.0881
3.11153	24.8762	0.0825083	31.0881
3.12935	24.8762	0.0825083	31.6062
3.14948	24.8762	0.0825083	32.1244
3.14959	24.8762	0.247525	32.1244
3.14968	24.9587	0.165017	32.1244
3.18061	25.0413	0.0825083	32.1244
3.18156	25.0413	0.247525	32.1244
3.18187	25.1238	0.165017	32.1244
3.18926	25.2063	0.0825083	32.1244
3.19067	25.2063	0.0825083	33.1606
3.19399	25.2475	0.165017	33.1606
3.20659	25.33	0.0825083	33.1606
3.21019	25.3713	0.165017	33.1606
3.21124	25.4538	0.0825083	33.1606
3.22062	25.4951	0.165017	33.1606
3.22264	25.4951	0.165017	33.6788
3.22633	25.5776	0.0825083	33.6788
3.23059	25.6188	0.165017	33.6788
3.24547	25.7013	0.0825083	33.6788
3.25192	25.7013	0.0825083	34.1969
3.25804	25.7013	0.0825083	34.715
3.26373	25.7426	0.165017	34.715
3.2689	25.8251	0.0825083	34.715
3.27223	25.8663	0.165017	34.715
3.28529	25.9488	0.0825083	34.715
3.3345	25.9488	0.0825083	35.7513
3.33645	25.9901	0.165017	35.7513
3.33922	25.9901	0.330033	35.7513
3.34011	26.0726	0.247525	35.7513
3.34843	26.1551	0.165017	35.7513
3.36149	26.2376	0.0825083	35.7513
3.37732	26.2376	0.0825083	36.2694
3.37776	26.2789	0.165017	36.2694
3.39544	26.3614	0.0825083	36.2694
3.42451	26.3614	0.0825083	36.7876
3.42625	26.4026	0.165017	36.7876
3.42739	26.4851	0.0825083	36.7876
3.44303	26.4851	0.0825083	36.7876
3.44661	26.4851	0.165017	36.7876
3.44669	26.5677	0.0825083	36.7876
3.44894	26.6089	0.165017	36.7876
3.45029	26.6914	0.0825083	36.7876
3.45302	26.7327	0.165017	36.7876
3.48903	26.8152	0.0825083	36.7876
3.49247	26.8152	0.165017	36.7876
3.51177	26.8977	0.0825083	36.7876
3.51199	26.9389	0.165017	36.7876
3.51241	27.0215	0.0825083	36.7876
3.53874	27.0215	0.0825083	37.3057
3.55506	27.0215	0.0825083	37.8238
3.55696	27.0627	0.165017	37.8238
3.55736	27.0627	0.165017	38.342
3.57623	27.1452	0.0825083	38.342
3.57647	27.1865	0.165017	38.342
3.59634	27.269	0.0825083	38.342
3.63476	27.269	0.0825083	39.3782
3.63733	27.3102	0.165017	39.3782
3.65088	27.3927	0.0825083	39.3782
3.6583	27.434	0.165017	39.3782
3.70536	27.5165	0.0825083	39.3782
3.70544	27.5165	0.247525	39.3782
3.70654	27.599	0.165017	39.3782
3.70907	27.6815	0.0825083	39.3782
3.71244	27.6815	0.165017	39.3782
3.714	27.6815	0.165017	39.8964
3.73781	27.764	0.0825083	39.8964
3.74908	27.764	0.0825083	40.4145
3.74943	27.764	0.247525	40.4145
3.75235	27.8465	0.165017	40.4145
3.76839	27.929	0.0825083	40.4145
3.77313	27.929	0.165017	40.4145
3.83317	28.0116	0.0825083	40.4145
3.84304	28.0116	0.0825083	41.4508
3.84451	28.0116	0.247525	41.4508
3.85389	28.0941	0.165017	41.4508
3.86221	28.1766	0.0825083	41.4508
3.86233	28.1766	0.247525	41.4508
3.8659	28.2591	0.165017	41.4508
3.86633	28.3003	0.247525	41.4508
3.86924	28.3828	0.165017	41.4508
3.88314	28.4653	0.0825083	41.4508
3.88382	28.5066	0.165017	41.4508
3.90401	28.5891	0.0825083	41.4508
3.90603	28.6304	0.165017	41.4508
3.94125	28.7129	0.0825083	41.4508
3.94128	28.7129	0.247525	41.4508
3.9425	28.7954	0.165017	41.4508
3.97899	28.8779	0.0825083	41.4508
3.97955	28.9191	0.165017	41.4508
3.98803	29.0016	0.0825083	41.4508
3.9898	29.0429	0.165017	41.4508
3.99105	29.1254	0.0825083	41.4508
3.99173	29.1667	0.165017	41.4508
4.04415	29.2492	0.0825083	41.4508
4.04442	29.2904	0.165017	41.4508
4.05386	29.3729	0.0825083	41.4508
4.05448	29.4142	0.165017	41.4508
4.05737	29.4967	0.0825083	41.4508
4.05743	29.4967	0.247525	41.4508
4.05852	29.5792	0.165017	41.4508
4.09474	29.6617	0.0825083	41.4508
4.0979	29.6617	0.165017	41.4508
4.10182	29.7442	0.0825083	41.4508
4.10397	29.7855	0.165017	41.4508
4.11177	29.868	0.0825083	41.4508
4.1125	29.9092	0.165017	41.4508
4.11503	29.9917	0.0825083	41.4508
4.17854	29.9917	0.0825083	41.9689
4.18165	30.033	0.165017	41.9689
4.1876	30.1155	0.0825083	41.9689
4.18826	30.1155	0.247525	41.9689
4.18829	30.198	0.165017	41.9689
4.25212	30.2805	0.0825083	41.9689
4.27067	30.2805	0.0825083	43.0052
4.29346	30.2805	0.0825083	43.5233
4.29552	30.3218	0.165017	43.5233
4.29968	30.4043	0.0825083	43.5233
4.30021	30.4043	0.165017	43.5233
4.31001	30.4868	0.0825083	43.5233
4.31026	30.4868	0.165017	43.5233
4.38108	30.5693	0.0825083	43.5233
4.38493	30.6106	0.165017	43.5233
4.4031	30.6931	0.0825083	43.5233
4.40409	30.7343	0.165017	43.5233
4.4224	30.8168	0.0825083	43.5233
4.42556	30.8581	0.165017	43.5233
4.43249	30.9406	0.0825083	43.5233
4.44171	30.9406	0.0825083	44.0415
4.44209	30.9818	0.165017	44.0415
4.46787	31.0644	0.0825083	44.0415
4.4715	31.1056	0.165017	44.0415
4.49325	31.1881	0.0825083	44.0415
4.4947	31.1881	0.165017	44.0415
4.49882	31.2294	0.247525	44.0415
4.50624	31.3119	0.165017	44.0415
4.51298	31.3944	0.0825083	44.0415
4.51356	31.3944	0.247525	44.0415
4.51923	31.4769	0.165017	44.0415
4.52673	31.5594	0.0825083	44.0415
4.55127	31.5594	0.0825083	45.0777
4.55127	31.5594	0.165017	45.0777
4.55157	31.6419	0.0825083	45.0777
4.55497	31.6419	0.0825083	46.114
4.55501	31.6419	0.247525	46.114
4.55849	31.7244	0.165017	46.114
4.5713	31.8069	0.0825083	46.114
4.57214	31.8069	0.247525	46.114
4.57354	31.8894	0.165017	46.114
4.5797	31.9719	0.0825083	46.114
4.60149	31.9719	0.0825083	46.6321
4.60219	31.9719	0.0825083	47.1503
4.60388	32.0132	0.165017	47.1503
4.61386	32.0957	0.0825083	47.1503
4.63965	32.0957	0.0825083	47.6684
4.64219	32.0957	0.165017	47.6684
4.64411	32.137	0.247525	47.6684
4.64811	32.2195	0.165017	47.6684
4.64932	32.302	0.0825083	47.6684
4.6496	32.302	0.165017	47.6684
4.66831	32.3845	0.0825083	47.6684
4.66858	32.3845	0.247525	47.6684
4.66883	32.467	0.165017	47.6684
4.6709	32.5495	0.0825083	47.6684
4.67268	32.5908	0.165017	47.6684
4.71299	32.6733	0.0825083	47.6684
4.71385	32.7145	0.165017	47.6684
4.72784	32.797	0.0825083	47.6684
4.72846	32.8383	0.165017	47.6684
4.74135	32.9208	0.0825083	47.6684
4.74147	32.9208	0.165017	47.6684
4.7415	33.0033	0.0825083	47.6684
4.77344	33.0033	0.0825083	47.6684
4.77436	33.0446	0.165017	47.6684
4.82184	33.1271	0.0825083	47.6684
4.82247	33.1271	0.165017	47.6684
4.82737	33.2096	0.0825083	47.6684
4.83142	33.2508	0.165017	47.6684
4.83503	33.3333	0.0825083	47.6684
4.83602	33.3333	0.247525	47.6684
4.83609	33.4158	0.165017	47.6684
4.84953	33.4983	0.0825083	47.6684
4.84998	33.5396	0.165017	47.6684
4.85599	33.6221	0.0825083	47.6684
4.85628	33.6221	0.247525	47.6684
4.85685	33.7046	0.165017	47.6684
4.8573	33.7046	0.330033	47.6684
4.8578	33.7871	0.247525	47.6684
4.86052	33.8696	0.165017	47.6684
4.86913	33.9521	0.0825083	47.6684
4.88019	33.9521	0.0825083	48.7047
4.88161	33.9934	0.165017	48.7047
4.88306	34.0347	0.247525	48.7047
4.89291	34.1172	0.165017	48.7047
4.91325	34.1997	0.0825083	48.7047
4.91432	34.2409	0.165017	48.7047
4.91865	34.3234	0.0825083	48.7047
4.92085	34.3647	0.165017	48.7047
4.92222	34.4059	0.247525	48.7047
4.92318	34.4884	0.165017	48.7047
4.92596	34.571	0.0825083	48.7047
4.92777	34.571	0.247525	48.7047
4.92919	34.6535	0.165017	48.7047
4.93432	34.736	0.0825083	48.7047
4.953	34.736	0.0825083	49.2228
4.95435	34.7772	0.165017	49.2228
4.97544	34.8597	0.0825083	49.2228
4.97747	34.901	0.165017	49.2228
5.00879	34.9835	0.0825083	49.2228
5.00886	34.9835	0.165017	49.2228
5.05605	35.066	0.0825083	49.2228
5.0572	35.1073	0.165017	49.2228
5.06613	35.1898	0.0825083	49.2228
5.06711	35.1898	0.165017	49.2228
5.07408	35.2723	0.0825083	49.2228
5.07552	35.2723	0.247525	49.2228
5.07588	35.3548	0.165017	49.2228
5.0861	35.4373	0.0825083	49.2228
5.088	35.4373	0.165017	49.2228
5.10245	35.5198	0.0825083	49.2228
5.10292	35.5611	0.165017	49.2228
5.12208	35.6436	0.0825083	49.2228
5.12671	35.6848	0.165017	49.2228
5.13239	35.7673	0.0825083	49.2228
5.14754	35.8498	0	49.2228
5.14914	35.8498	0.165017	49.2228
5.14985	35.9323	0.0825083	49.2228
5.15036	36.0149	0	49.2228
5.15077	36.0561	0.0825083	49.2228
5.15369	36.1386	0	49.2228
5.15444	36.1386	0.165017	49.2228
5.15767	36.2211	0.0825083	49.2228
5.19412	36.3036	0	49.2228
5.19925	36.3449	0.0825083	49.2228
5.21983	36.4274	0	49.2228
5.21999	36.4274	0.0825083	49.2228
5.2202	36.4686	0.165017	49.2228
5.22544	36.5512	0.0825083	49.2228
5.22612	36.6337	0	49.2228
5.23229	36.6749	0.0825083	49.2228
5.23469	36.7574	0	49.2228
5.23608	36.7574	0.0825083	49.2228
5.23865	36.8399	0	49.2228
5.26567	36.8399	0	50.2591
5.26721	36.8399	0.165017	50.2591
5.26764	36.8812	0.247525	50.2591
5.26819	36.9637	0.165017	50.2591
5.26848	37.0462	0.0825083	50.2591
5.27547	37.1287	0	50.2591
5.27628	37.17	0.0825083	50.2591
5.30534	37.2525	0	50.2591
5.30734	37.2937	0.0825083	50.2591
5.30962	37.3762	0	50.2591
5.30973	37.4175	0.0825083	50.2591
5.33736	37.5	0	50.2591
5.34151	37.5413	0.0825083	50.2591
5.35292	37.6238	0	50.2591
5.3724	37.6238	0	51.2953
5.37268	37.665	0.0825083	51.2953
5.40966	37.7475	0	51.2953
5.40989	37.7888	0.0825083	51.2953
5.41196	37.8713	0	51.2953
5.41304	37.9125	0.0825083	51.2953
5.4262	37.995	0	51.2953
5.42702	38.0363	0.0825083	51.2953
5.44772	38.1188	0	51.2953
5.44905	38.1601	0.0825083	51.2953
5.4503	38.1601	0.0825083	51.8135
5.4559	38.1601	0.0825083	52.3316
5.45692	38.2426	0	52.3316
5.46562	38.2838	0.0825083	52.3316
5.46694	38.3663	0	52.3316
5.47008	38.4076	0.0825083	52.3316
5.48629	38.4901	0	52.3316
5.48661	38.4901	0.0825083	52.3316
5.487	38.4901	0.247525	52.3316
5.4884	38.5726	0.165017	52.3316
5.48873	38.6551	0.0825083	52.3316
5.49281	38.7376	0	52.3316
5.51519	38.7376	0	53.3679
5.51553	38.7789	0.0825083	53.3679
5.52718	38.8614	0	53.3679
5.52999	38.9026	0.0825083	53.3679
5.53883	38.9851	0	53.3679
5.54533	39.0264	0.0825083	53.3679
5.56408	39.1089	0	53.3679
5.62372	39.1089	0	54.4041
5.62663	39.1089	0	54.9223
5.62753	39.1502	0.0825083	54.9223
5.68475	39.2327	0	54.9223
5.69515	39.2327	0	55.4404
5.69597	39.2739	0.0825083	55.4404
5.72602	39.3564	0	55.4404
5.72699	39.3564	0	55.9585
5.79571	39.3564	0	55.9585
5.79727	39.3564	0.165017	55.9585
5.8038	39.4389	0.0825083	55.9585
5.80477	39.4389	0.247525	55.9585
5.80538	39.5215	0.165017	55.9585
5.80548	39.604	0.0825083	55.9585
5.82297	39.6865	0	55.9585
5.82502	39.7277	0.0825083	55.9585
5.85476	39.8102	0	55.9585
5.85505	39.8102	0.165017	55.9585
5.85786	39.8927	0.0825083	55.9585
5.85965	39.9752	0	55.9585
5.86887	40.0165	0.0825083	55.9585
5.87019	40.099	0	55.9585
5.87103	40.1403	0.0825083	55.9585
5.87872	40.2228	0	55.9585
5.87883	40.264	0.0825083	55.9585
5.88576	40.3465	0	55.9585
5.88584	40.3878	0.0825083	55.9585
5.92084	40.4703	0	55.9585
5.92294	40.4703	0.0825083	55.9585
5.93154	40.5528	0	55.9585
5.93215	40.5528	0.165017	55.9585
5.93341	40.6353	0.0825083	55.9585
5.95598	40.7178	0	55.9585
5.95872	40.7178	0.165017	55.9585
5.96045	40.8003	0.0825083	55.9585
6.00596	40.8828	0	55.9585
6.00944	40.8828	0.165017	55.9585
6.01478	40.9653	0.0825083	55.9585
6.02001	41.0479	0	55.9585
6.02415	41.0479	0.0825083	55.9585
6.05	41.1304	0	55.9585
6.05187	41.1716	0.0825083	55.9585
6.08404	41.2541	0	55.9585
6.08439	41.2954	0.0825083	55.9585
6.08509	41.3366	0.165017	55.9585
6.08659	41.4191	0.0825083	55.9585
6.0871	41.4604	0.165017	55.9585
6.08769	41.5429	0.0825083	55.9585
6.10154	41.6254	0	55.9585
6.10177	41.6667	0.0825083	55.9585
6.13446	41.7492	0	55.9585
6.1766	41.7492	0	56.4767
6.17723	41.7492	0.165017	56.4767
6.17784	41.8317	0.0825083	56.4767
6.17787	41.8317	0.0825083	56.4767
6.18971	41.9142	0	56.4767
6.19019	41.9554	0.0825083	56.4767
6.20114	42.038	0	56.4767
6.2017	42.0792	0.0825083	56.4767
6.21092	42.1617	0	56.4767
6.21338	42.203	0.0825083	56.4767
6.22688	42.2855	0	56.4767
6.22953	42.3267	0.0825083	56.4767
6.23131	42.4092	0	56.4767
6.23133	42.4505	0.0825083	56.4767
6.25672	42.533	0	56.4767
6.25729	42.5743	0.0825083	56.4767
6.28034	42.6568	0	56.4767
6.29541	42.6568	0	57.513
6.2964	42.698	0.0825083	57.513
6.30836	42.7805	0	57.513
6.30949	42.8218	0.0825083	57.513
6.31593	42.9043	0	57.513
6.31677	42.9455	0.0825083	57.513
6.33333	43.0281	0	57.513
6.3336	43.0281	0.165017	57.513
6.33675	43.1106	0.0825083	57.513
6.33687	43.1931	0	57.513
6.33803	43.2343	0.0825083	57.513
6.34376	43.3168	0	57.513
6.34523	43.3581	0.0825083	57.513
6.35389	43.4406	0	57.513
6.36132	43.4818	0.0825083	57.513
6.38763	43.5644	0	57.513
6.38828	43.6056	0.0825083	57.513
6.47506	43.6881	0	57.513
6.47543	43.7294	0.0825083	57.513
6.50051	43.8119	0	57.513
6.50221	43.8531	0.0825083	57.513
6.52631	43.9356	0	57.513
6.5301	43.9356	0.0825083	57.513
6.56313	44.0182	0	57.513
6.56757	44.0182	0.0825083	57.513
6.56793	44.1007	0	57.513
6.56956	44.1419	0.0825083	57.513
6.57346	44.2244	0	57.513
6.57391	44.2657	0.0825083	57.513
6.60022	44.3482	0	57.513
6.60233	44.3894	0.0825083	57.513
6.61195	44.4719	0	57.513
6.61397	44.5132	0.0825083	57.513
6.65298	44.5957	0	57.513
6.65679	44.637	0.0825083	57.513
6.6569	44.7195	0	57.513
6.66261	44.7195	0.0825083	57.513
6.66834	44.802	0	57.513
6.66904	44.8432	0.0825083	57.513
6.68428	44.9257	0	57.513
6.68471	44.967	0.0825083	57.513
6.72724	45.0495	0	57.513
6.74548	45.0495	0	58.0311
6.74735	45.0908	0.0825083	58.0311
6.77631	45.1733	0	58.0311
6.77643	45.2145	0.0825083	58.0311
6.81502	45.297	0	58.0311
6.81538	45.3383	0.0825083	58.0311
6.81785	45.4208	0	58.0311
6.82338	45.4208	0.0825083	58.0311
6.84366	45.5033	0	58.0311
6.87115	45.5033	0	59.0674
6.87186	45.5446	0.0825083	59.0674
6.87883	45.6271	0	59.0674
6.87921	45.6271	0.165017	59.0674
6.88021	45.7096	0.0825083	59.0674
6.88506	45.7921	0	59.0674
6.88617	45.8333	0.0825083	59.0674
6.88617	45.8746	0.165017	59.0674
6.88732	45.9571	0.0825083	59.0674
6.91472	46.0396	0	59.0674
6.92239	46.0396	0	59.5855
6.92274	46.0396	0.165017	59.5855
6.92479	46.1221	0.0825083	59.5855
6.94417	46.2046	0	59.5855
6.9456	46.2459	0.0825083	59.5855
6.96933	46.3284	0	59.5855
6.97145	46.3696	0.0825083	59.5855
6.98099	46.4521	0	59.5855
7.00673	46.4521	0	60.6218
7.01393	46.4934	0.0825083	60.6218
7.02522	46.5759	0	60.6218
7.02614	46.6172	0.0825083	60.6218
7.04368	46.6997	0	60.6218
7.04913	46.6997	0.165017	60.6218
7.05122	46.7822	0.0825083	60.6218
7.06095	46.8647	0	60.6218
7.06109	46.8647	0.165017	60.6218
7.06159	46.9472	0.0825083	60.6218
7.06498	47.0297	0	60.6218
7.06499	47.071	0.0825083	60.6218
7.10182	47.1535	0	60.6218
7.10362	47.1535	0.0825083	60.6218
7.10641	47.236	0	60.6218
7.10683	47.2772	0.0825083	60.6218
7.10862	47.3597	0	60.6218
7.11033	47.3597	0.165017	60.6218
7.11187	47.4422	0.0825083	60.6218
7.14258	47.5248	0	60.6218
7.14259	47.566	0.0825083	60.6218
7.14422	47.6485	0	60.6218
7.14436	47.6485	0.0825083	60.6218
7.21567	47.731	0	60.6218
7.21567	47.731	0.0825083	60.6218
7.23504	47.8135	0	60.6218
7.23553	47.8548	0.0825083	60.6218
7.26544	47.9373	0	60.6218
7.27561	47.9373	0	61.1399
7.278	47.9785	0.0825083	61.1399
7.28097	48.0611	0	61.1399
7.29815	48.0611	0	62.1762
7.30519	48.0611	0	63.2124
7.32362	48.0611	0	64.2487
7.32501	48.1023	0.0825083	64.2487
7.36665	48.1848	0	64.2487
7.36666	48.2261	0.0825083	64.2487
7.4093	48.3086	0	64.2487
7.40978	48.3498	0.0825083	64.2487
7.43533	48.4323	0	64.2487
7.44492	48.4736	0.0825083	64.2487
7.44594	48.5561	0	64.2487
7.44629	48.5974	0.0825083	64.2487
7.51678	48.6799	0	64.2487
7.51757	48.6799	0.0825083	64.2487
7.55681	48.7624	0	64.2487
7.55969	48.8036	0.0825083	64.2487
7.59801	48.8861	0	64.2487
7.59883	48.8861	0.165017	64.2487
7.59966	48.9686	0.0825083	64.2487
7.64925	49.0512	0	64.2487
7.65096	49.0924	0.0825083	64.2487
7.65602	49.1749	0	64.2487
7.65602	49.1749	0.165017	64.2487
7.66002	49.2574	0.0825083	64.2487
7.72835	49.3399	0	64.2487
7.72887	49.3399	0.165017	64.2487
7.73	49.4224	0.0825083	64.2487
7.81926	49.505	0	64.2487
7.82384	49.5462	0.0825083	64.2487
7.83094	49.6287	0	64.2487
7.83137	49.6287	0.165017	64.2487
7.83605	49.7112	0.0825083	64.2487
7.9355	49.7937	0	64.2487
7.93615	49.7937	0.165017	64.2487
7.94796	49.8762	0.0825083	64.2487
7.98508	49.9587	0	64.2487
7.98682	50	0.0825083	64.2487
8.08727	50.0825	0	64.2487
8.0878	50.1238	0.0825083	64.2487
8.12889	50.2063	0	64.2487
8.13002	50.2063	0.0825083	64.2487
8.14406	50.2888	0	64.2487
8.14578	50.2888	0.0825083	64.2487
8.16143	50.3713	0	64.2487
8.16166	50.4125	0.0825083	64.2487
8.2026	50.495	0	64.2487
8.25467	50.495	0	64.7668
8.25636	50.495	0.165017	64.7668
8.25703	50.5776	0.0825083	64.7668
8.26732	50.6601	0	64.7668
8.26906	50.7013	0.0825083	64.7668
8.27931	50.7838	0	64.7668
8.28003	50.8251	0.0825083	64.7668
8.31071	50.9076	0	64.7668
8.31115	50.9076	0.165017	64.7668
8.31177	50.9901	0.0825083	64.7668
8.32916	51.0726	0	64.7668
8.33093	51.1139	0.0825083	64.7668
8.35239	51.1964	0	64.7668
8.35773	51.2376	0.0825083	64.7668
8.36908	51.3201	0	64.7668
8.37201	51.3201	0	65.8031
8.37595	51.3614	0.0825083	65.8031
8.3823	51.4439	0	65.8031
8.3966	51.4851	0.0825083	65.8031
8.40283	51.4851	0.0825083	66.3212
8.40298	51.5264	0.165017	66.3212
8.4141	51.6089	0.0825083	66.3212
8.41604	51.6502	0.165017	66.3212
8.47434	51.7327	0.0825083	66.3212
8.48431	51.7327	0.0825083	66.8394
8.50087	51.7327	0.0825083	67.8756
8.50106	51.7327	0.165017	67.8756
8.50124	51.8152	0.0825083	67.8756
8.53117	51.8152	0.0825083	68.3938
8.5709	51.8152	0.0825083	68.9119
8.57394	51.8152	0.165017	68.9119
8.6529	51.8977	0.0825083	68.9119
8.65638	51.9389	0.165017	68.9119
8.6704	52.0215	0.0825083	68.9119
8.67081	52.0215	0.0825083	69.4301
8.67327	52.0215	0.165017	69.4301
8.68826	52.104	0.0825083	69.4301
8.69314	52.1452	0.165017	69.4301
8.70421	52.2277	0.0825083	69.4301
8.7173	52.2277	0.0825083	70.4663
8.72	52.269	0.165017	70.4663
8.72004	52.3102	0.247525	70.4663
8.72094	52.3927	0.165017	70.4663
8.74489	52.4752	0.0825083	70.4663
8.76319	52.5578	0	70.4663
8.76797	52.599	0.0825083	70.4663
8.79127	52.6815	0	70.4663
8.79316	52.7228	0.0825083	70.4663
8.83321	52.8053	0	70.4663
8.83516	52.8465	0.0825083	70.4663
8.84319	52.929	0	70.4663
8.84347	52.9703	0.0825083	70.4663
8.87635	53.0528	0	70.4663
8.87674	53.0941	0.0825083	70.4663
8.8795	53.1766	0	70.4663
8.88161	53.2178	0.0825083	70.4663
8.94816	53.3003	0	70.4663
8.94895	53.3003	0.0825083	70.4663
8.97404	53.3828	0	70.4663
8.97429	53.3828	0.165017	70.4663
8.97681	53.4653	0.0825083	70.4663
9.03646	53.5479	0	70.4663
9.04071	53.5479	0.165017	70.4663
9.04237	53.6304	0.0825083	70.4663
9.04657	53.7129	0	70.4663
9.04752	53.7541	0.0825083	70.4663
9.12231	53.8366	0	70.4663
9.12421	53.8779	0.0825083	70.4663
9.14009	53.9604	0	70.4663
9.14029	54.0017	0.0825083	70.4663
9.14249	54.0842	0	70.4663
9.14581	54.1254	0.0825083	70.4663
9.14656	54.1667	0.165017	70.4663
9.14908	54.2492	0.0825083	70.4663
9.22044	54.3317	0	70.4663
9.22152	54.3729	0.0825083	70.4663
9.23053	54.4554	0	70.4663
9.23696	54.4554	0.0825083	70.4663
9.27449	54.538	0	70.4663
9.27746	54.5792	0.0825083	70.4663
9.32208	54.6617	0	70.4663
9.32259	54.6617	0.165017	70.4663
9.32524	54.7442	0.0825083	70.4663
9.34388	54.8267	0	70.4663
9.3445	54.868	0.0825083	70.4663
9.35676	54.9505	0	70.4663
9.35743	54.9505	0.0825083	70.4663
9.35846	55.033	0	70.4663
9.42534	55.033	0	70.9845
9.42963	55.033	0.0825083	70.9845
9.43592	55.1155	0	70.9845
9.45325	55.1155	0	71.5026
9.45348	55.1568	0.0825083	71.5026
9.51878	55.2393	0	71.5026
9.52096	55.2393	0.165017	71.5026
9.52651	55.3218	0.0825083	71.5026
9.56083	55.4043	0	71.5026
9.56145	55.4455	0.0825083	71.5026
9.59247	55.5281	0	71.5026
9.59348	55.5281	0.165017	71.5026
9.59655	55.6106	0.0825083	71.5026
9.60136	55.6931	0	71.5026
9.60321	55.7343	0.0825083	71.5026
9.62717	55.8168	0	71.5026
9.71258	55.8168	0	72.5389
9.71639	55.8581	0.0825083	72.5389
9.76773	55.9406	0	72.5389
9.77092	55.9818	0.0825083	72.5389
9.77419	56.0644	0	72.5389
9.77581	56.1056	0.0825083	72.5389
9.77611	56.1881	0	72.5389
9.77664	56.2294	0.0825083	72.5389
9.80338	56.3119	0	72.5389
9.80462	56.3119	0.165017	72.5389
9.80467	56.3944	0.0825083	72.5389
9.80472	56.3944	0.165017	72.5389
9.80613	56.4769	0.0825083	72.5389
9.8167	56.5594	0	72.5389
9.81705	56.5594	0.165017	72.5389
9.8171	56.6419	0.0825083	72.5389
9.8176	56.6419	0.247525	72.5389
9.81782	56.7244	0.165017	72.5389
9.82067	56.8069	0.0825083	72.5389
9.86232	56.8894	0	72.5389
9.86633	56.9307	0.0825083	72.5389
9.87933	57.0132	0	72.5389
9.88385	57.0132	0.0825083	72.5389
9.88545	57.0957	0	72.5389
9.88633	57.137	0.0825083	72.5389
9.91059	57.2195	0	72.5389
9.91106	57.2195	0.165017	72.5389
9.91259	57.302	0.0825083	72.5389
9.91946	57.3845	0	72.5389
9.91969	57.4257	0.0825083	72.5389
9.93339	57.5083	0	72.5389
9.93465	57.5495	0.0825083	72.5389
9.9498	57.632	0	72.5389
9.95545	57.6733	0.0825083	72.5389
9.96387	57.7558	0	72.5389
9.96587	57.7558	0.165017	72.5389
9.96757	57.8383	0.0825083	72.5389
9.98763	57.9208	0	72.5389
9.98848	57.9208	0.165017	72.5389
9.98913	58.0033	0.0825083	72.5389
10.0002	58.0858	0	72.5389
10.0208	58.0858	0	73.057
10.0266	58.1271	0.0825083	73.057
10.0473	58.2096	0	73.057
10.048	58.2508	0.0825083	73.057
10.0753	58.3333	0	73.057
10.0759	58.3333	0.165017	73.057
10.0783	58.4158	0.0825083	73.057
10.083	58.4983	0	73.057
10.0851	58.5396	0.0825083	73.057
10.2058	58.6221	0	73.057
10.2062	58.6634	0.0825083	73.057
10.2073	58.6634	0.165017	73.057
10.2073	58.6634	0.247525	73.057
10.2083	58.7459	0.165017	73.057
10.2096	58.8284	0.0825083	73.057
10.221	58.9109	0	73.057
10.2215	58.9109	0.165017	73.057
10.2223	58.9934	0.0825083	73.057
10.2666	59.0759	0	73.057
10.2684	59.1172	0.0825083	73.057
10.2888	59.1997	0	73.057
10.3092	59.1997	0	73.5751
10.3096	59.1997	0.165017	73.5751
10.3097	59.2822	0.0825083	73.5751
10.3148	59.3647	0	73.5751
10.3195	59.4059	0.0825083	73.5751
10.3342	59.4884	0	73.5751
10.3364	59.5297	0.0825083	73.5751
10.3645	59.6122	0	73.5751
10.3652	59.6122	0.0825083	73.5751
10.3972	59.6947	0	73.5751
10.4	59.736	0.0825083	73.5751
10.4057	59.8185	0	73.5751
10.421	59.8185	0	74.6114
10.4239	59.8597	0.0825083	74.6114
10.4263	59.9422	0	74.6114
10.4279	59.9835	0.0825083	74.6114
10.4657	60.066	0	74.6114
10.6585	60.066	0	75.6477
10.6642	60.066	0	76.1658
10.665	60.066	0.165017	76.1658
10.6659	60.1485	0.0825083	76.1658
10.7647	60.231	0	76.1658
10.7678	60.231	0.0825083	76.1658
10.7817	60.3135	0	76.1658
10.8029	60.3135	0	76.6839
10.8102	60.3548	0.0825083	76.6839
10.8206	60.4373	0	76.6839
10.8259	60.4785	0.0825083	76.6839
10.8415	60.5611	0	76.6839
10.8428	60.5611	0.0825083	76.6839
10.8511	60.6436	0	76.6839
10.8527	60.6436	0.165017	76.6839
10.8558	60.7261	0.0825083	76.6839
10.882	60.8086	0	76.6839
10.8835	60.8498	0.0825083	76.6839
10.9326	60.9323	0	76.6839
10.9351	60.9323	0.165017	76.6839
10.9396	61.0149	0.0825083	76.6839
10.971	61.0974	0	76.6839
10.9759	61.0974	0	77.7202
10.9766	61.0974	0.165017	77.7202
10.9766	61.1799	0.0825083	77.7202
10.9983	61.2624	0	77.7202
11.001	61.2624	0.165017	77.7202
11.0029	61.3449	0.0825083	77.7202
11.1001	61.4274	0	77.7202
11.1003	61.4686	0.0825083	77.7202
11.1399	61.5512	0	77.7202
11.1405	61.5924	0.0825083	77.7202
11.1475	61.6749	0	77.7202
11.158	61.6749	0	78.2383
11.1798	61.6749	0	79.2746
11.1823	61.6749	0.0825083	79.2746
11.2142	61.7574	0	79.2746
11.2156	61.7574	0.165017	79.2746
11.223	61.8399	0.0825083	79.2746
11.2242	61.9224	0	79.2746
11.2242	61.9637	0.0825083	79.2746
11.2369	62.0462	0	79.2746
11.2431	62.0875	0.0825083	79.2746
11.3399	62.17	0	79.2746
11.3411	62.17	0.0825083	79.2746
11.3425	62.2525	0	79.2746
11.3452	62.2937	0.0825083	79.2746
11.384	62.3762	0	79.2746
11.3849	62.3762	0.165017	79.2746
11.3851	62.4587	0.0825083	79.2746
11.4053	62.5413	0	79.2746
11.406	62.5825	0.0825083	79.2746
11.4289	62.665	0	79.2746
11.4298	62.7063	0.0825083	79.2746
11.4304	62.7888	0	79.2746
11.4339	62.83	0.0825083	79.2746
11.4554	62.9125	0	79.2746
11.4566	62.9538	0.0825083	79.2746
11.4627	62.9538	0.247525	79.2746
11.4678	63.0363	0.165017	79.2746
11.4682	63.0776	0.247525	79.2746
11.4829	63.1601	0.165017	79.2746
11.4856	63.2013	0.247525	79.2746
11.5109	63.2838	0.165017	79.2746
11.511	63.2838	0.330033	79.2746
11.5134	63.3663	0.247525	79.2746
11.5278	63.4488	0.165017	79.2746
11.5313	63.4901	0.247525	79.2746
11.5319	63.5314	0.330033	79.2746
11.5345	63.6139	0.247525	79.2746
11.5639	63.6964	0.165017	79.2746
11.5644	63.7376	0.247525	79.2746
11.6441	63.8201	0.165017	79.2746
11.6651	63.8201	0.165017	80.3109
11.6969	63.9026	0.0825083	80.3109
11.7017	63.9439	0.165017	80.3109
11.7514	64.0264	0.0825083	80.3109
11.7522	64.0264	0.165017	80.3109
11.7526	64.0677	0.247525	80.3109
11.755	64.1502	0.165017	80.3109
11.8255	64.2327	0.0825083	80.3109
11.8263	64.2327	0.0825083	80.829
11.8264	64.2739	0.165017	80.829
11.8362	64.3564	0.0825083	80.829
11.8372	64.3564	0.165017	80.829
11.8985	64.4389	0.0825083	80.829
11.8997	64.4389	0.247525	80.829
11.9018	64.5215	0.165017	80.829
11.9093	64.604	0.0825083	80.829
11.9115	64.6452	0.165017	80.829
11.9247	64.7277	0.0825083	80.829
11.9269	64.769	0.165017	80.829
11.929	64.8515	0.0825083	80.829
11.9298	64.8927	0.165017	80.829
11.9579	64.9753	0.0825083	80.829
11.9595	65.0165	0.165017	80.829
11.961	65.099	0.0825083	80.829
11.9614	65.099	0.165017	80.829
11.973	65.1815	0.0825083	80.829
11.9741	65.2228	0.165017	80.829
11.9823	65.3053	0.0825083	80.829
11.9848	65.3465	0.165017	80.829
12.0408	65.429	0.0825083	80.829
12.0411	65.4703	0.165017	80.829
12.076	65.5528	0.0825083	80.829
12.0762	65.5941	0.165017	80.829
12.0855	65.6766	0.0825083	80.829
12.0857	65.6766	0.247525	80.829
12.0859	65.7591	0.165017	80.829
12.1035	65.8416	0.0825083	80.829
12.1243	65.8416	0.0825083	81.8653
12.1282	65.8828	0.165017	81.8653
12.1913	65.9653	0.0825083	81.8653
12.1938	65.9653	0.247525	81.8653
12.1957	66.0479	0.165017	81.8653
12.2081	66.1304	0.0825083	81.8653
12.2086	66.1716	0.165017	81.8653
12.2094	66.2541	0.0825083	81.8653
12.2113	66.2541	0.247525	81.8653
12.2131	66.3366	0.165017	81.8653
12.25	66.4191	0.0825083	81.8653
12.2505	66.4604	0.165017	81.8653
12.2822	66.5429	0.0825083	81.8653
12.2953	66.5429	0.0825083	82.9016
12.2998	66.5842	0.165017	82.9016
12.3264	66.6667	0.0825083	82.9016
12.3289	66.6667	0.165017	82.9016
12.3327	66.7492	0.0825083	82.9016
12.3348	66.7492	0.165017	82.9016
12.3644	66.8317	0.0825083	82.9016
12.3696	66.9142	0	82.9016
12.3768	66.9142	0	83.9378
12.3849	66.9554	0.0825083	83.9378
12.4049	67.038	0	83.9378
12.4061	67.038	0.165017	83.9378
12.4101	67.1205	0.0825083	83.9378
12.4423	67.203	0	83.9378
12.4506	67.203	0	84.9741
12.4571	67.203	0.0825083	84.9741
12.477	67.2855	0	84.9741
12.479	67.2855	0.165017	84.9741
12.4825	67.368	0.0825083	84.9741
12.5077	67.4505	0	84.9741
12.5101	67.4918	0.0825083	84.9741
12.5275	67.5743	0	84.9741
12.5299	67.6155	0.0825083	84.9741
12.5528	67.698	0	84.9741
12.5582	67.698	0.0825083	84.9741
12.567	67.7805	0	84.9741
12.5702	67.8218	0.0825083	84.9741
12.6388	67.9043	0	84.9741
12.639	67.9455	0.0825083	84.9741
12.7012	68.0281	0	84.9741
12.7025	68.0693	0.0825083	84.9741
12.7125	68.1518	0	84.9741
12.722	68.1931	0.0825083	84.9741
12.7828	68.2756	0	84.9741
12.806	68.2756	0	86.0104
12.8124	68.3168	0.0825083	86.0104
12.8628	68.3993	0	86.0104
12.8633	68.4406	0.0825083	86.0104
12.8783	68.5231	0	86.0104
12.8825	68.5644	0.0825083	86.0104
12.9016	68.6469	0	86.0104
12.9029	68.6881	0.0825083	86.0104
12.9887	68.7706	0	86.0104
12.9889	68.7706	0.165017	86.0104
12.9907	68.8531	0.0825083	86.0104
13.1053	68.9356	0	86.0104
13.1099	68.9769	0.0825083	86.0104
13.2492	69.0594	0	86.0104
13.2499	69.1007	0.0825083	86.0104
13.2614	69.1832	0	86.0104
13.3161	69.1832	0.0825083	86.0104
13.3443	69.2657	0	86.0104
13.3447	69.3069	0.0825083	86.0104
13.3573	69.3894	0	86.0104
13.3598	69.3894	0.0825083	86.0104
13.4016	69.4719	0	86.0104
13.402	69.4719	0.165017	86.0104
13.4056	69.5545	0.0825083	86.0104
13.4206	69.637	0	86.0104
13.4238	69.6782	0.0825083	86.0104
13.4833	69.7607	0	86.0104
13.4851	69.802	0.0825083	86.0104
13.5429	69.8845	0	86.0104
13.5463	69.9257	0.0825083	86.0104
13.5748	70.0082	0	86.0104
13.5754	70.0495	0.0825083	86.0104
13.6601	70.132	0	86.0104
13.6605	70.1733	0.0825083	86.0104
13.6767	70.2558	0	86.0104
13.6769	70.297	0.0825083	86.0104
13.7328	70.3795	0	86.0104
13.7351	70.4208	0.0825083	86.0104
13.7511	70.5033	0	86.0104
13.7522	70.5446	0.0825083	86.0104
13.8956	70.6271	0	86.0104
13.9066	70.6683	0.0825083	86.0104
13.9087	70.6683	0.247525	86.0104
13.9116	70.7508	0.165017	86.0104
13.9129	70.8333	0.0825083	86.0104
13.9379	70.9158	0	86.0104
13.9386	70.9571	0.0825083	86.0104
13.9842	71.0396	0	86.0104
13.9853	71.0396	0.0825083	86.0104
13.9973	71.1221	0	86.0104
14.0031	71.1221	0	87.0466
14.0039	71.1634	0.0825083	87.0466
14.0983	71.2459	0	87.0466
14.1004	71.2459	0.165017	87.0466
14.1018	71.3284	0.0825083	87.0466
14.1403	71.4109	0	87.0466
14.1411	71.4521	0.0825083	87.0466
14.2052	71.5347	0	87.0466
14.2057	71.5759	0.0825083	87.0466
14.3771	71.6584	0	87.0466
14.3783	71.6584	0.165017	87.0466
14.3829	71.7409	0.0825083	87.0466
14.4914	71.8234	0	87.0466
14.4963	71.8647	0.0825083	87.0466
14.5187	71.9472	0	87.0466
14.5524	71.9472	0	88.0829
14.5555	71.9884	0.0825083	88.0829
14.5836	72.071	0	88.0829
14.5863	72.1122	0.0825083	88.0829
14.6515	72.1947	0	88.0829
14.6521	72.1947	0.165017	88.0829
14.6527	72.2772	0.0825083	88.0829
14.6834	72.3597	0	88.0829
14.6848	72.401	0.0825083	88.0829
14.8018	72.4835	0	88.0829
14.8039	72.5247	0.0825083	88.0829
14.8372	72.6073	0	88.0829
14.8376	72.6073	0.165017	88.0829
14.8409	72.6898	0.0825083	88.0829
14.8455	72.7723	0	88.0829
14.8525	72.7723	0	89.1192
14.8572	72.8135	0.0825083	89.1192
14.9204	72.896	0	89.1192
14.9206	72.9373	0.0825083	89.1192
14.947	73.0198	0	89.1192
14.9476	73.0198	0.0825083	89.1192
14.9743	73.1023	0	89.1192
14.9858	73.1436	0.0825083	89.1192
15.0097	73.2261	0	89.1192
15.0126	73.2261	0	90.1554
15.0129	73.2261	0.0825083	90.1554
15.0591	73.3086	0	90.1554
15.0611	73.3086	0.165017	90.1554
15.0617	73.3498	0.247525	90.1554
15.0623	73.4323	0.165017	90.1554
15.0644	73.5149	0.0825083	90.1554
15.1847	73.5974	0	90.1554
15.1862	73.5974	0.0825083	90.1554
15.1911	73.6799	0	90.1554
15.1912	73.6799	0.165017	90.1554
15.1944	73.7624	0.0825083	90.1554
15.2832	73.8449	0	90.1554
15.2848	73.8861	0.0825083	90.1554
15.2902	73.9686	0	90.1554
15.2972	73.9686	0.0825083	90.1554
15.3103	74.0512	0	90.1554
15.311	74.0512	0.0825083	90.1554
15.3729	74.1337	0	90.1554
15.3769	74.1337	0.165017	90.1554
15.377	74.2162	0.0825083	90.1554
15.4238	74.2987	0	90.1554
15.4254	74.3399	0.0825083	90.1554
15.442	74.4224	0	90.1554
15.4439	74.4637	0.0825083	90.1554
15.4736	74.5462	0	90.1554
15.4756	74.5875	0.0825083	90.1554
15.5095	74.67	0	90.1554
15.5115	74.7112	0.0825083	90.1554
15.5863	74.7937	0	90.1554
15.5866	74.835	0.0825083	90.1554
15.6097	74.9175	0	90.1554
15.6098	74.9587	0.0825083	90.1554
15.6341	75.0413	0	90.1554
15.635	75.0825	0.0825083	90.1554
15.6566	75.165	0	90.1554
15.6606	75.165	0.165017	90.1554
15.6619	75.2475	0.0825083	90.1554
15.706	75.33	0	90.1554
15.7103	75.3713	0.0825083	90.1554
15.7138	75.4538	0	90.1554
15.7143	75.495	0.0825083	90.1554
15.7237	75.5776	0	90.1554
15.7238	75.5776	0.165017	90.1554
15.726	75.6601	0.0825083	90.1554
15.8607	75.7426	0	90.1554
15.8662	75.7838	0.0825083	90.1554
15.9208	75.8663	0	90.1554
15.9211	75.8663	0.165017	90.1554
15.9216	75.9488	0.0825083	90.1554
15.9768	76.0314	0	90.1554
15.9778	76.0726	0.0825083	90.1554
16.0241	76.1551	0	90.1554
16.0278	76.1964	0.0825083	90.1554
16.0674	76.2789	0	90.1554
16.0691	76.2789	0.0825083	90.1554
16.1212	76.3614	0	90.1554
16.127	76.4026	0.0825083	90.1554
16.2002	76.4851	0	90.1554
16.2007	76.4851	0.165017	90.1554
16.205	76.5677	0.0825083	90.1554
16.2466	76.6502	0	90.1554
16.2581	76.6502	0.0825083	90.1554
16.2664	76.7327	0	90.1554
16.2664	76.7327	0.165017	90.1554
16.2682	76.8152	0.0825083	90.1554
16.3613	76.8977	0	90.1554
16.3636	76.9389	0.0825083	90.1554
16.3976	77.0215	0	90.1554
16.3984	77.0215	0.165017	90.1554
16.4015	77.104	0.0825083	90.1554
16.4213	77.1865	0	90.1554
16.4215	77.1865	0.0825083	90.1554
16.6083	77.269	0	90.1554
16.613	77.3102	0.0825083	90.1554
16.761	77.3927	0	90.1554
16.7611	77.434	0.0825083	90.1554
16.7726	77.5165	0	90.1554
16.7728	77.5578	0.0825083	90.1554
16.8009	77.6403	0	90.1554
16.8012	77.6815	0.0825083	90.1554
16.8234	77.764	0	90.1554
16.8237	77.764	0.0825083	90.1554
16.8281	77.8465	0	90.1554
16.8291	77.8878	0.0825083	90.1554
16.8398	77.9703	0	90.1554
16.8436	77.9703	0.0825083	90.1554
16.9613	78.0528	0	90.1554
16.9619	78.0941	0.0825083	90.1554
16.9632	78.1353	0.165017	90.1554
16.9739	78.2178	0.0825083	90.1554
16.9755	78.2178	0.247525	90.1554
16.9774	78.3003	0.165017	90.1554
16.9779	78.3828	0.0825083	90.1554
17.0065	78.4653	0	90.1554
17.0088	78.4653	0.165017	90.1554
17.0097	78.5479	0.0825083	90.1554
17.0146	78.6304	0	90.1554
17.0146	78.6716	0.0825083	90.1554
17.0152	78.7129	0.165017	90.1554
17.0157	78.7954	0.0825083	90.1554
17.0263	78.8779	0	90.1554
17.0264	78.8779	0.0825083	90.1554
17.0463	78.9604	0	90.1554
17.049	79.0016	0.0825083	90.1554
17.0646	79.0842	0	90.1554
17.0647	79.1254	0.0825083	90.1554
17.1085	79.2079	0	90.1554
17.1093	79.2079	0.165017	90.1554
17.1102	79.2904	0.0825083	90.1554
17.2086	79.3729	0	90.1554
17.2093	79.4142	0.0825083	90.1554
17.3788	79.4967	0	90.1554
17.3795	79.4967	0.165017	90.1554
17.3795	79.5792	0.0825083	90.1554
17.4817	79.6617	0	90.1554
17.4837	79.703	0.0825083	90.1554
17.4874	79.7855	0	90.1554
17.4878	79.8267	0.0825083	90.1554
17.5883	79.9092	0	90.1554
17.591	79.9092	0.165017	90.1554
17.5912	79.9505	0.247525	90.1554
17.5937	80.033	0.165017	90.1554
17.5961	80.1155	0.0825083	90.1554
17.5995	80.198	0	90.1554
17.5998	80.2393	0.0825083	90.1554
17.7967	80.3218	0	90.1554
17.7968	80.363	0.0825083	90.1554
18.0125	80.4455	0	90.1554
18.0135	80.4455	0.165017	90.1554
18.0152	80.5281	0.0825083	90.1554
18.0476	80.6106	0	90.1554
18.0489	80.6518	0.0825083	90.1554
18.0639	80.7343	0	90.1554
18.0672	80.7756	0.0825083	90.1554
18.1581	80.8581	0	90.1554
18.1598	80.8993	0.0825083	90.1554
18.1925	80.9818	0	90.1554
18.1935	81.0231	0.0825083	90.1554
18.2794	81.1056	0	90.1554
18.2801	81.1469	0.0825083	90.1554
18.3937	81.2294	0	90.1554
18.3944	81.2706	0.0825083	90.1554
18.4325	81.3531	0	90.1554
18.4745	81.3531	0	91.1917
18.477	81.3944	0.0825083	91.1917
18.564	81.4769	0	91.1917
18.5665	81.4769	0.0825083	91.1917
18.5776	81.5594	0	91.1917
18.6137	81.5594	0	91.7098
18.6184	81.5594	0.0825083	91.7098
18.9337	81.6419	0	91.7098
18.9344	81.6832	0.0825083	91.7098
18.9578	81.7657	0	91.7098
18.9581	81.8069	0.0825083	91.7098
18.969	81.8894	0	91.7098
18.9692	81.8894	0.165017	91.7098
18.9723	81.9719	0.0825083	91.7098
19.0421	82.0545	0	91.7098
19.0423	82.0957	0.0825083	91.7098
19.3022	82.1782	0	91.7098
19.3055	82.2195	0.0825083	91.7098
19.5039	82.302	0	91.7098
19.5047	82.3432	0.0825083	91.7098
19.5258	82.4257	0	91.7098
19.526	82.4257	0.165017	91.7098
19.527	82.5082	0.0825083	91.7098
19.5684	82.5908	0	91.7098
19.5694	82.632	0.0825083	91.7098
19.578	82.7145	0	91.7098
19.587	82.7558	0.0825083	91.7098
19.5884	82.797	0.165017	91.7098
19.5952	82.8795	0.0825083	91.7098
19.5976	82.8795	0.165017	91.7098
19.7861	82.962	0.0825083	91.7098
19.7865	82.962	0.247525	91.7098
19.7891	83.0446	0.165017	91.7098
19.8053	83.1271	0.0825083	91.7098
19.8886	83.1271	0.247525	91.7098
19.8896	83.1683	0.330033	91.7098
19.8954	83.2508	0.247525	91.7098
19.8958	83.2508	0.412541	91.7098
19.896	83.3333	0.330033	91.7098
19.897	83.4158	0.247525	91.7098
19.9744	83.4984	0.165017	91.7098
19.9753	83.4984	0.247525	91.7098
19.9861	83.5809	0.165017	91.7098
19.988	83.5809	0.247525	91.7098
20.0215	83.6634	0.165017	91.7098
20.0244	83.7046	0.247525	91.7098
20.286	83.7871	0.165017	91.7098
20.2864	83.8284	0.247525	91.7098
20.3879	83.9109	0.165017	91.7098
20.3889	83.9109	0.330033	91.7098
20.3916	83.9934	0.247525	91.7098
20.4079	84.0759	0.165017	91.7098
20.4131	84.0759	0.247525	91.7098
20.4134	84.0759	0.412541	91.7098
20.4137	84.0759	0.577558	91.7098
20.4154	84.1584	0.49505	91.7098
20.4154	84.2409	0.412541	91.7098
20.4157	84.3234	0.330033	91.7098
20.4165	84.4059	0.247525	91.7098
20.4322	84.4884	0.165017	91.7098
20.4345	84.5297	0.247525	91.7098
20.5685	84.6122	0.165017	91.7098
20.5708	84.6535	0.247525	91.7098
20.6589	84.736	0.165017	91.7098
20.6594	84.7772	0.247525	91.7098
20.7792	84.8597	0.165017	91.7098
20.7831	84.901	0.247525	91.7098
20.8246	84.9835	0.165017	91.7098
20.828	85.0247	0.247525	91.7098
20.8767	85.1073	0.165017	91.7098
20.9061	85.1898	0.0825083	91.7098
20.9097	85.231	0.165017	91.7098
21.1084	85.3135	0.0825083	91.7098
21.112	85.3135	0.165017	91.7098
21.1137	85.396	0.0825083	91.7098
21.1151	85.396	0.165017	91.7098
21.2729	85.4785	0.0825083	91.7098
21.492	85.5611	0	91.7098
21.4927	85.5611	0.0825083	91.7098
21.5119	85.6436	0	91.7098
21.5147	85.6848	0.0825083	91.7098
21.5151	85.6848	0.0825083	92.7461
21.8627	85.7673	0	92.7461
21.8633	85.7673	0.0825083	92.7461
21.8703	85.8498	0	92.7461
21.8705	85.8498	0.0825083	92.7461
21.9192	85.9323	0	92.7461
21.9216	85.9736	0.0825083	92.7461
21.9919	86.0561	0	92.7461
22.0005	86.0974	0.0825083	92.7461
22.1912	86.1799	0	92.7461
22.1917	86.2211	0.0825083	92.7461
22.2606	86.3036	0	92.7461
22.2614	86.3449	0.0825083	92.7461
22.4145	86.4274	0	92.7461
22.4151	86.4686	0.0825083	92.7461
22.4462	86.5512	0	92.7461
22.448	86.5924	0.0825083	92.7461
22.4775	86.6749	0	92.7461
22.4792	86.7162	0.0825083	92.7461
22.6084	86.7987	0	92.7461
22.6086	86.8399	0.0825083	92.7461
22.7029	86.9224	0	92.7461
22.7065	86.9224	0.0825083	92.7461
22.7544	87.005	0	92.7461
22.7574	87.0462	0.0825083	92.7461
22.8812	87.1287	0	92.7461
22.8813	87.17	0.0825083	92.7461
23.3612	87.2525	0	92.7461
23.362	87.2937	0.0825083	92.7461
23.4486	87.3762	0	92.7461
23.4486	87.4175	0.0825083	92.7461
23.5346	87.5	0	92.7461
23.5366	87.5413	0.0825083	92.7461
23.6689	87.6238	0	92.7461
23.6703	87.665	0.0825083	92.7461
24.1663	87.7475	0	92.7461
24.1698	87.7888	0.0825083	92.7461
24.5131	87.8713	0	92.7461
24.5172	87.9125	0.0825083	92.7461
24.5465	87.995	0	92.7461
24.5476	87.995	0.0825083	92.7461
24.7707	88.0776	0	92.7461
24.7758	88.1188	0.0825083	92.7461
24.7996	88.2013	0	92.7461
24.8066	88.2426	0.0825083	92.7461
24.9425	88.3251	0	92.7461
24.9489	88.3663	0.0825083	92.7461
25.282	88.4488	0	92.7461
25.2843	88.4488	0.165017	92.7461
25.2867	88.5314	0.0825083	92.7461
25.3241	88.6139	0	92.7461
25.3257	88.6551	0.0825083	92.7461
25.6828	88.7376	0	92.7461
25.6918	88.7789	0.0825083	92.7461
25.9185	88.8614	0	92.7461
25.9188	88.8614	0.0825083	92.7461
25.966	88.9439	0	92.7461
25.966	88.9851	0.0825083	92.7461
26.2411	89.0677	0	92.7461
26.2426	89.0677	0.165017	92.7461
26.2431	89.1502	0.0825083	92.7461
26.3211	89.2327	0	92.7461
26.3218	89.2739	0.0825083	92.7461
26.5048	89.3564	0	92.7461
26.5066	89.3564	0.0825083	92.7461
26.5754	89.4389	0	92.7461
26.5773	89.4802	0.0825083	92.7461
26.6039	89.5627	0	92.7461
26.608	89.5627	0.165017	92.7461
26.6118	89.6452	0.0825083	92.7461
26.6253	89.7277	0	92.7461
26.6283	89.769	0.0825083	92.7461
26.6492	89.8515	0	92.7461
26.6506	89.8515	0.0825083	92.7461
26.6578	89.934	0	92.7461
26.6581	89.9753	0.0825083	92.7461
26.8308	90.0578	0	92.7461
26.8311	90.099	0.0825083	92.7461
26.9287	90.1815	0	92.7461
26.9291	90.2228	0.0825083	92.7461
26.9936	90.3053	0	92.7461
26.9946	90.3465	0.0825083	92.7461
27.0184	90.429	0	92.7461
27.0185	90.429	0.165017	92.7461
27.0238	90.5116	0.0825083	92.7461
27.1031	90.5941	0	92.7461
27.1037	90.6353	0.0825083	92.7461
27.2155	90.7178	0	92.7461
27.2162	90.7591	0.0825083	92.7461
27.5043	90.8416	0	92.7461
27.5048	90.8828	0.0825083	92.7461
27.698	90.9653	0	92.7461
27.6988	90.9653	0.165017	92.7461
27.7001	91.0479	0.0825083	92.7461
27.936	91.1304	0	92.7461
27.9378	91.1304	0.0825083	92.7461
28.076	91.2129	0	92.7461
28.0779	91.2129	0.0825083	92.7461
28.2696	91.2954	0	92.7461
28.2708	91.3366	0.0825083	92.7461
28.2859	91.4191	0	92.7461
28.2888	91.4604	0.0825083	92.7461
28.3343	91.5429	0	92.7461
28.336	91.5429	0.165017	92.7461
28.3364	91.6254	0.0825083	92.7461
28.371	91.7079	0	92.7461
28.7137	91.7079	0	93.2643
28.7145	91.7492	0.0825083	93.2643
29.06	91.8317	0	93.2643
29.06	91.8729	0.0825083	93.2643
29.1836	91.9554	0	93.2643
29.9231	91.9554	0	93.7824
29.9233	91.9967	0.0825083	93.7824
30.2984	92.0792	0	93.7824
30.7895	92.0792	0	94.8186
30.7926	92.1205	0.0825083	94.8186
30.8641	92.203	0	94.8186
30.8677	92.2442	0.0825083	94.8186
31.034	92.3267	0	94.8186
31.0352	92.3267	0.165017	94.8186
31.0441	92.4092	0.0825083	94.8186
31.1109	92.4918	0	94.8186
31.1118	92.533	0.0825083	94.8186
31.6842	92.6155	0	94.8186
31.6843	92.6155	0.165017	94.8186
31.6854	92.698	0.0825083	94.8186
31.9231	92.7805	0	94.8186
31.926	92.8218	0.0825083	94.8186
32.1844	92.9043	0	94.8186
32.1872	92.9455	0.0825083	94.8186
32.5129	93.0281	0	94.8186
32.5173	93.0281	0.0825083	94.8186
32.6432	93.1106	0	94.8186
32.6475	93.1518	0.0825083	94.8186
32.656	93.2343	0	94.8186
32.6591	93.2343	0.165017	94.8186
32.6601	93.3168	0.0825083	94.8186
32.7725	93.3993	0	94.8186
32.778	93.4406	0.0825083	94.8186
32.9196	93.5231	0	94.8186
32.9208	93.5231	0.165017	94.8186
32.9224	93.6056	0.0825083	94.8186
32.9224	93.6469	0.165017	94.8186
32.9226	93.7294	0.0825083	94.8186
33.5477	93.8119	0	94.8186
33.548	93.8119	0	95.8549
33.5488	93.8119	0.165017	95.8549
33.5512	93.8944	0.0825083	95.8549
34.6991	93.9769	0	95.8549
34.6996	94.0182	0.0825083	95.8549
34.9321	94.1007	0	95.8549
34.9359	94.1419	0.0825083	95.8549
35.1267	94.2244	0	95.8549
35.1272	94.2657	0.0825083	95.8549
35.8423	94.3482	0	95.8549
35.8426	94.3894	0.0825083	95.8549
36.27	94.4719	0	95.8549
36.2714	94.5132	0.0825083	95.8549
36.8819	94.5957	0	95.8549
36.8883	94.637	0.0825083	95.8549
37.3993	94.7195	0	95.8549
37.404	94.7607	0.0825083	95.8549
37.413	94.8432	0	95.8549
37.4141	94.8845	0.0825083	95.8549
37.6843	94.967	0	95.8549
37.6851	95.0082	0.0825083	95.8549
38.4687	95.0908	0	95.8549
38.4699	95.0908	0.0825083	95.8549
38.9742	95.1733	0	95.8549
38.9751	95.2145	0.0825083	95.8549
39.0864	95.297	0	95.8549
39.0864	95.3383	0.0825083	95.8549
39.1403	95.4208	0	95.8549
39.1417	95.462	0.0825083	95.8549
39.4672	95.5446	0	95.8549
39.4687	95.5858	0.0825083	95.8549
39.8093	95.6683	0	95.8549
39.8128	95.7096	0.0825083	95.8549
40.2369	95.7921	0	95.8549
40.2433	95.8333	0.0825083	95.8549
40.3987	95.9158	0	95.8549
40.3998	95.9571	0.0825083	95.8549
41.9476	96.0396	0	95.8549
42.2123	96.0809	0.0825083	95.8549
42.5053	96.1634	0	95.8549
42.5077	96.2046	0.0825083	95.8549
43.332	96.2871	0	95.8549
44.3142	96.2871	0	96.8912
44.3194	96.2871	0.0825083	96.8912
45.1319	96.3696	0	96.8912
45.1327	96.4109	0.0825083	96.8912
45.7001	96.4934	0	96.8912
45.7011	96.4934	0.165017	96.8912
45.7021	96.5759	0.0825083	96.8912
51.5883	96.6584	0	96.8912
51.589	96.6997	0.0825083	96.8912
52.1091	96.7822	0	96.8912
52.1091	96.8234	0.0825083	96.8912
52.8788	96.9059	0	96.8912
52.8803	96.9472	0.0825083	96.8912
55.5126	97.0297	0	96.8912
55.5146	97.0297	0.165017	96.8912
55.5147	97.1122	0.0825083	96.8912
56.4058	97.1947	0	96.8912
56.4066	97.236	0.0825083	96.8912
57.3783	97.3185	0	96.8912
57.3814	97.3597	0.0825083	96.8912
74.633	97.4422	0	96.8912
74.6422	97.4835	0.0825083	96.8912
79.5538	97.566	0	96.8912
79.5547	97.566	0.165017	96.8912
79.5551	97.6485	0.0825083	96.8912
87.7434	97.731	0	96.8912
87.7455	97.731	0.165017	96.8912
87.746	97.8135	0.0825083	96.8912
160.04	97.896	0	96.8912
163.317	97.896	0.165017	96.8912
163.385	97.9785	0.0825083	96.8912
490.35	98.0611	0	96.8912
492.609	98.0611	0	97.9275
492.612	98.0611	0.165017	97.9275
492.73	98.1436	0.0825083	97.9275
542.165	98.2261	0	97.9275
585.22	98.2261	0	98.9637
585.994	98.2673	0.0825083	98.9637
623.446	98.3498	0	98.9637
628.881	98.3911	0.0825083	98.9637
666.583	98.4736	0	98.9637
667.887	98.5149	0.0825083	98.9637
895.518	98.5974	0	98.9637
896.117	98.6386	0.0825083	98.9637
1062.17	98.7211	0	98.9637
1274.08	98.7211	0	100
1274.08	98.7211	0.0825083	100
1992.34	98.8036	0	100
1992.55	98.8449	0.0825083	100
2213.38	98.9274	0	100
2214.9	98.9686	0.0825083	100
2638.25	99.0512	0	100
2643.57	99.0924	0.0825083	100
3203.85	99.1749	0	100
3204.19	99.2162	0.0825083	100
4147.2	99.2987	0	100
4147.66	99.3399	0.0825083	100
4420.83	99.4224	0	100
4421.92	99.4637	0.0825083	100
8665.48	99.5462	0	100
8665.48	99.5462	0.0825083	100
8711.93	99.6287	0	100
8712.61	99.67	0.0825083	100
10710.8	99.7525	0	100
10712	99.7937	0.0825083	100
17509.8	99.8762	0	100
17510.3	99.9175	0.0825083	100
