9.22765e-06	0	0	0
1.51679e-05	0	0	0
3.37648e-05	0	0	0
4.60422e-05	0	0	0
5.35108e-05	0	0	0
5.37596e-05	0	0	0
5.83143e-05	0	0	0
5.993e-05	0	0	0
6.08134e-05	0	0	0
6.13394e-05	0	0	0
6.73856e-05	0	0	0
6.84176e-05	0	0	0
7.88945e-05	0	0	0
8.05813e-05	0	0	0
8.96416e-05	0	0	0
9.10692e-05	0	0	0
9.63687e-05	0	0	0
0.000100945	0	0	0
0.000102016	0	0	0
0.000107074	0	0	0
0.000110345	0	0	0
0.000111705	0	0	0
0.00011249	0	0	0
0.000113207	0	0	0
0.000113853	0	0	0
0.000118287	0	0	0
0.000119401	0	0	0
0.0001282	0	0	0
0.000129878	0	0	0
0.000130432	0	0	0
0.000137688	0	0	0
0.000140548	0	0	0
0.000145364	0	0	0
0.000145852	0	0	0
0.000149192	0	0	0
0.000150391	0	0	0
0.000165065	0	0	0
0.000167491	0	0	0
0.000169089	0	0	0
0.000169785	0	0	0
0.000174509	0	0	0
0.000178094	0	0	0
0.00018565	0	0	0
0.000190429	0	0	0
0.000195525	0	0	0
0.000198662	0	0	0
0.00020187	0	0	0
0.000203169	0	0	0
0.000208643	0	0	0
0.000211943	0	0	0
0.000217599	0	0	0
0.000220442	0	0	0
0.000222796	0	0	0
0.000223533	0	0	0
0.000232683	0	0	0
0.000239107	0	0	0
0.000245323	0	0	0
0.000252582	0	0	0
0.000253478	0	0	0
0.000260504	0	0	0
0.000269182	0	0	0
0.000270942	0	0	0
0.000272358	0	0	0
0.000273605	0	0	0
0.000279156	0	0	0
0.000292966	0	0	0
0.000293161	0	0	0
0.000296827	0	0	0
0.000303293	0	0	0
0.000306668	0	0	0
0.000313178	0	0	0
0.000313483	0	0	0
0.000313646	0	0	0
0.000327001	0	0	0
0.000329437	0	0	0
0.000333417	0	0	0
0.000341206	0	0	0
0.000344648	0	0	0
0.00034471	0	0	0
0.000349737	0	0	0
0.000361572	0	0	0
0.000361904	0	0	0
0.000364378	0	0	0
0.000365184	0	0	0
0.000371222	0	0	0
0.000372329	0	0	0
0.000375302	0	0	0
0.00038274	0	0	0
0.000386343	0	0	0
0.000388899	0	0	0
0.000390019	0	0	0
0.00039193	0	0	0
0.000397571	0	0	0
0.000397704	0	0	0
0.000408835	0	0	0
0.000419066	0	0	0
0.000420911	0	0	0
0.000435315	0	0	0
0.00043887	0	0	0
0.000439434	0	0	0
0.000444723	0	0	0
0.000450438	0	0	0
0.000453492	0	0	0
0.00045609	0	0	0
0.000470529	0	0	0
0.000475788	0	0	0
0.000478669	0	0	0
0.000487167	0	0	0
0.000493661	0	0	0
0.000502197	0	0	0
0.00050239	0	0	0
0.000503055	0	0	0
0.000503282	0	0	0
0.000507569	0	0	0
0.000508306	0	0	0
0.000510669	0	0	0
0.000517559	0	0	0
0.000519136	0	0	0
0.00052439	0	0	0
0.000525832	0	0	0
0.000533161	0	0	0
0.00053412	0	0	0
0.000546557	0	0	0
0.000550524	0	0	0
0.00055509	0	0	0
0.000562938	0	0	0
0.000564182	0	0	0
0.000568364	0	0	0
0.000571575	0	0	0
0.000572137	0	0	0
0.000576293	0	0	0
0.000576453	0	0	0
0.000581326	0	0	0
0.000584139	0	0	0
0.00058903	0	0	0
0.000592039	0	0	0
0.000596562	0	0	0
0.000596965	0	0	0
0.00059878	0	0	0
0.000600764	0	0	0
0.000609332	0	0	0
0.000615056	0	0	0
0.000619918	0	0	0
0.000622208	0	0	0
0.000630165	0	0	0
0.000633259	0	0	0
0.000634267	0	0	0
0.000636721	0	0	0
0.00063736	0	0	0
0.000639383	0	0	0
0.000640578	0	0	0
0.000649241	0	0	0
0.000653801	0	0	0
0.000654879	0	0	0
0.000655594	0	0	0
0.000656423	0	0	0
0.000661143	0	0	0
0.000667574	0	0	0
0.000668339	0	0	0
0.000672087	0	0	0
0.000673144	0	0	0
0.000675739	0	0	0
0.000675768	0	0	0
0.000687575	0	0	0
0.000689009	0	0	0
0.00069356	0	0	0
0.000694853	0	0	0
0.000700409	0	0	0
0.000700477	0	0	0
0.000701237	0	0	0
0.000703163	0	0	0
0.000703933	0	0	0
0.000709751	0	0	0
0.000710111	0	0	0
0.000713525	0	0	0
0.000720217	0	0	0
0.000720449	0	0	0
0.000721548	0	0	0
0.000722912	0	0	0
0.000723663	0	0	0
0.000726352	0	0	0
0.000727152	0	0	0
0.000729093	0	0	0
0.000732832	0	0	0
0.000737742	0	0	0
0.00074475	0	0	0
0.000749188	0	0	0
0.000754964	0	0	0
0.000768781	0	0	0
0.000770549	0	0	0
0.0007708	0	0	0
0.00077391	0	0	0
0.00077525	0	0	0
0.00077559	0	0	0
0.000776479	0	0	0
0.000777182	0	0	0
0.000781769	0	0	0
0.000787657	0	0	0
0.000791635	0	0	0
0.000795477	0	0	0
0.000801737	0	0	0
0.000812416	0	0	0
0.000821355	0	0	0
0.000825103	0	0	0
0.000827699	0	0	0
0.000830502	0	0	0
0.000831242	0	0	0
0.000835313	0	0	0
0.000835349	0	0	0
0.00083695	0	0	0
0.000838999	0	0	0
0.000839342	0	0	0
0.000841134	0	0	0
0.00085331	0	0	0
0.000859734	0	0	0
0.000861562	0	0	0
0.000874236	0	0	0
0.000874406	0	0	0
0.000876982	0	0	0
0.000879699	0	0	0
0.00088352	0	0	0
0.000884215	0	0	0
0.000885612	0	0	0
0.000886643	0	0	0
0.000888781	0	0	0
0.000890562	0	0	0
0.000891504	0	0	0
0.000892032	0	0	0
0.000894176	0	0	0
0.000895934	0	0	0
0.000896271	0	0	0
0.000898051	0	0	0
0.000898688	0	0	0
0.000898958	0	0	0
0.000899839	0	0	0
0.000903366	0	0	0
0.000905395	0	0	0
0.000905862	0	0	0
0.000907086	0	0	0
0.000908882	0	0	0
0.000909191	0	0	0
0.000909241	0	0	0
0.000910488	0	0	0
0.000916207	0	0	0
0.000916723	0	0	0
0.000920375	0	0	0
0.000921193	0	0	0
0.000921715	0	0	0
0.000922501	0	0	0
0.000923312	0	0	0
0.000925393	0	0	0
0.000925531	0	0	0
0.000928922	0	0	0
0.000936385	0	0	0
0.00093774	0	0	0
0.000944004	0	0	0
0.000947813	0	0	0
0.000952544	0	0	0
0.000953108	0	0	0
0.000955893	0	0	0
0.000960627	0	0	0
0.000964225	0	0	0
0.0009647	0	0	0
0.000966826	0	0	0
0.000969069	0	0	0
0.000974686	0	0	0
0.000985134	0	0	0
0.000988592	0	0	0
0.000993908	0	0	0
0.000995457	0	0	0
0.00100419	0	0	0
0.00100901	0	0	0
0.00101179	0	0	0
0.00101656	0	0	0
0.00101686	0	0	0
0.00101793	0	0	0
0.00101827	0	0	0
0.00102325	0	0	0
0.0010233	0	0	0
0.00102358	0	0	0
0.00102534	0	0	0
0.00102564	0	0	0
0.00102902	0	0	0
0.00102939	0	0	0
0.00103397	0	0	0
0.00104495	0	0	0
0.00104624	0	0	0
0.00105062	0	0	0
0.00105589	0	0	0
0.00105774	0	0	0
0.00105812	0	0	0
0.00105998	0	0	0
0.00106815	0	0	0
0.0010702	0	0	0
0.00107274	0	0	0
0.00107657	0	0	0
0.00107832	0	0	0
0.00108091	0	0	0
0.00108876	0	0	0
0.00108998	0	0	0
0.00109328	0	0	0
0.00109857	0	0	0
0.00110233	0	0	0
0.00110371	0	0	0
0.00110805	0	0	0
0.00111028	0	0	0
0.00111103	0	0	0
0.00111132	0	0	0
0.00112081	0	0	0
0.00112278	0	0	0
0.00112476	0	0	0
0.00112619	0	0	0
0.00112712	0	0	0
0.00113732	0	0	0
0.00114041	0	0	0
0.00114127	0	0	0
0.00114458	0	0	0
0.00114895	0	0	0
0.00114902	0	0	0
0.00114922	0	0	0
0.00115015	0	0	0
0.00115405	0	0	0
0.00115871	0	0	0
0.00116326	0	0	0
0.00116376	0	0	0
0.00116633	0	0	0
0.00116744	0	0	0
0.00118058	0	0	0
0.00119067	0	0	0
0.00119376	0	0	0
0.00119777	0	0	0
0.00120022	0	0	0
0.00120288	0	0	0
0.0012044	0	0	0
0.00121002	0	0	0
0.00121335	0	0	0
0.00121467	0	0	0
0.001215	0	0	0
0.00121843	0	0	0
0.00122066	0	0	0
0.00122302	0	0	0
0.00122876	0	0	0
0.00122923	0	0	0
0.00123083	0	0	0
0.00123264	0	0	0
0.00123271	0	0	0
0.00123353	0	0	0
0.00123402	0	0	0
0.00123967	0	0	0
0.00124277	0	0	0
0.00124883	0	0	0
0.00125331	0	0	0
0.00125436	0	0	0
0.00125616	0	0	0
0.00125682	0	0	0
0.00126409	0	0	0
0.00126811	0	0	0
0.00127227	0	0	0
0.00128124	0	0	0
0.0012865	0	0	0
0.0012926	0	0	0
0.00129771	0	0	0
0.00129914	0	0	0
0.00130269	0	0	0
0.00130451	0	0	0
0.00130551	0	0	0
0.00130777	0	0	0
0.00130907	0	0	0
0.00131108	0	0	0
0.00131567	0	0	0
0.00132892	0	0	0
0.00133346	0	0	0
0.00133366	0	0	0
0.00133773	0	0	0
0.0013405	0	0	0
0.00134334	0	0	0
0.00135034	0	0	0
0.00135191	0	0	0
0.00135636	0	0	0
0.0013595	0	0	0
0.00136584	0	0	0
0.00137481	0	0	0
0.00137817	0	0	0
0.00138018	0	0	0
0.0013814	0	0	0
0.00138447	0	0	0
0.00138502	0	0	0
0.00138813	0	0	0
0.00139223	0	0	0
0.00139398	0	0	0
0.00139535	0	0	0
0.00140233	0	0	0
0.00140382	0	0	0
0.00140488	0	0	0
0.00140952	0	0	0
0.00141648	0	0	0
0.00142678	0	0	0
0.00143418	0	0	0
0.00143715	0	0	0
0.00144188	0	0	0
0.00144544	0	0	0
0.00145152	0	0	0
0.00145699	0	0	0
0.00145855	0	0	0
0.00146955	0	0	0
0.00147751	0	0	0
0.00147791	0	0	0
0.00148415	0	0	0
0.00149306	0	0	0
0.00150311	0	0	0
0.00150985	0	0	0
0.00151671	0	0	0
0.00151884	0	0	0
0.00152545	0	0	0
0.00152597	0	0	0
0.00153782	0	0	0
0.0015398	0	0	0
0.00154013	0	0	0
0.00154043	0	0	0
0.00154321	0	0	0
0.00155597	0	0	0
0.00155707	0	0	0
0.00155892	0	0	0
0.00155954	0	0	0
0.00156168	0	0	0
0.00157102	0	0	0
0.00157649	0	0	0
0.00158069	0	0	0
0.00158416	0	0	0
0.00158429	0	0	0
0.00158615	0	0	0
0.00159049	0	0	0
0.00159142	0	0	0
0.00159257	0	0	0
0.00159663	0	0	0
0.00160291	0	0	0
0.00160919	0	0	0
0.0016143	0	0	0
0.00161469	0	0	0
0.00161622	0	0	0
0.00161636	0	0	0
0.00162187	0	0	0
0.00162277	0	0	0
0.00162703	0	0	0
0.00163541	0	0	0
0.00163758	0	0	0
0.00165416	0	0	0
0.00165882	0	0	0
0.00166352	0	0	0
0.00168655	0	0	0
0.00168729	0	0	0
0.00169356	0	0	0
0.00169873	0	0	0
0.00170634	0	0	0
0.00171137	0	0	0
0.00171729	0	0	0
0.00172401	0	0	0
0.0017288	0	0	0
0.00173786	0	0	0
0.00174912	0	0	0
0.00176718	0	0	0
0.00177121	0	0	0
0.00177207	0	0	0
0.00178729	0	0	0
0.00179637	0	0	0
0.00180029	0	0	0
0.00180205	0	0	0
0.00180317	0	0	0
0.00181386	0	0	0
0.0018174	0	0	0
0.00182019	0	0	0
0.00182445	0	0	0
0.00182507	0	0	0
0.00182528	0	0	0
0.00183828	0	0	0
0.00185191	0	0	0
0.00185459	0	0	0
0.00185512	0	0	0
0.00185719	0	0	0
0.00185888	0	0	0
0.0018595	0	0	0
0.0018629	0	0	0
0.00187399	0	0	0
0.00187442	0	0	0
0.00187537	0	0	0
0.00188201	0	0	0
0.00189264	0	0	0
0.00189427	0	0	0
0.00189756	0	0	0
0.00192215	0	0	0
0.00192785	0	0	0
0.00194685	0	0	0
0.00194822	0	0	0
0.00195023	0	0	0
0.0019515	0	0	0
0.00196297	0	0	0
0.00197258	0	0	0
0.00197284	0	0	0
0.00197577	0	0	0
0.00197878	0	0	0
0.00198085	0	0	0
0.00198165	0	0	0
0.00200638	0	0	0
0.0020083	0	0	0
0.0020128	0	0	0
0.00202312	0	0	0
0.00203138	0	0	0
0.00203142	0	0	0
0.00203265	0	0	0
0.00205208	0	0	0
0.00205311	0	0	0
0.00205683	0	0	0
0.00206287	0	0	0
0.00206785	0	0	0
0.00206861	0	0	0
0.00207252	0	0	0
0.00207439	0	0	0
0.00207604	0	0	0
0.00207698	0	0	0
0.00207708	0	0	0
0.00207988	0	0	0
0.00208129	0	0	0
0.00208279	0	0	0
0.00209215	0	0	0
0.00209368	0	0	0
0.00209723	0	0	0
0.00211129	0	0	0
0.00212302	0	0	0
0.00214232	0	0	0
0.00216442	0	0	0
0.00216644	0	0	0
0.00216715	0	0	0
0.00217831	0	0	0
0.00218123	0	0	0
0.00218505	0	0	0
0.00218786	0	0	0
0.0021903	0	0	0
0.00219474	0	0	0
0.0021997	0	0	0
0.00220623	0	0	0
0.00221199	0	0	0
0.00222303	0	0	0
0.00222356	0	0	0
0.0022244	0	0	0
0.00222805	0	0	0
0.00223744	0	0	0
0.0022398	0	0	0
0.0022422	0	0	0
0.00224385	0	0	0
0.00224434	0	0	0
0.00225248	0	0	0
0.0022557	0	0	0
0.00227119	0	0	0
0.00227653	0	0	0
0.0022768	0	0	0
0.00227817	0	0	0
0.00227872	0	0	0
0.00228681	0	0	0
0.00231143	0	0	0
0.00231311	0	0	0
0.00232378	0	0	0
0.00233812	0	0	0
0.00235432	0	0	0
0.00236006	0	0	0
0.00236478	0	0	0
0.00236773	0	0	0
0.00237446	0	0	0
0.00239578	0	0	0
0.00239845	0	0	0
0.0024053	0	0	0
0.00240676	0	0	0
0.002407	0	0	0
0.00240983	0	0	0
0.00241657	0	0	0
0.00242695	0	0	0
0.00244007	0	0	0
0.00245174	0	0	0
0.00246421	0	0	0
0.00246783	0	0	0
0.00247965	0	0	0
0.00250829	0	0	0
0.00251139	0	0	0
0.00252232	0	0	0
0.00253494	0	0	0
0.00253567	0	0	0
0.00254556	0	0	0
0.00255113	0	0	0
0.00255752	0	0	0
0.00256948	0	0	0
0.00257226	0	0	0
0.00257531	0	0	0
0.00258125	0	0	0
0.00259128	0	0	0
0.00259413	0	0	0
0.0026036	0	0	0
0.0026117	0	0	0
0.00261193	0	0	0
0.00261236	0	0	0
0.00262398	0	0	0
0.00264274	0	0	0
0.00266281	0	0	0
0.00266282	0	0	0
0.0026728	0	0	0
0.00267625	0	0	0
0.00270536	0	0	0
0.00273765	0	0	0
0.00274452	0	0	0
0.00274685	0	0	0
0.0027597	0	0	0
0.00276354	0	0	0
0.00279266	0	0	0
0.00280621	0	0	0
0.00281185	0	0	0
0.00282548	0	0	0
0.00282703	0	0	0
0.0028401	0	0	0
0.00285511	0	0	0
0.00285892	0	0	0
0.00286249	0	0	0
0.00287038	0	0	0
0.00287707	0	0	0
0.00289386	0	0	0
0.00290032	0	0	0
0.00291605	0	0	0
0.00292502	0	0	0
0.00293022	0	0	0
0.00293433	0	0	0
0.00293493	0	0	0
0.00296019	0	0	0
0.00298227	0	0	0
0.00300156	0	0	0
0.00301647	0	0	0
0.00302832	0	0	0
0.00309366	0	0	0
0.00312682	0	0	0
0.00312797	0	0	0
0.0031456	0	0	0
0.00314596	0	0	0
0.00315091	0	0	0
0.00316501	0	0	0
0.00316729	0	0	0
0.00317084	0	0	0
0.00317776	0	0	0
0.00318061	0	0	0
0.00320837	0	0	0
0.00321069	0	0	0
0.00323139	0	0	0
0.00324246	0	0	0
0.00324487	0	0	0
0.00329227	0	0	0
0.0033019	0	0	0
0.00330496	0	0	0
0.00332962	0	0	0
0.00336176	0	0	0
0.00337016	0	0	0
0.00339575	0	0	0
0.00341068	0	0	0
0.00347618	0	0	0
0.00349509	0	0	0
0.00349647	0	0	0
0.00351344	0	0	0
0.00352235	0	0	0
0.00353302	0	0	0
0.00357086	0	0	0
0.00357212	0	0	0
0.00357451	0	0	0
0.00361194	0	0	0
0.00366767	0	0	0
0.00367522	0	0	0
0.00368813	0	0	0
0.00371035	0	0	0
0.00376696	0	0	0
0.00376745	0	0	0
0.00377856	0	0	0
0.00382264	0	0	0
0.00382488	0	0	0
0.00393313	0	0	0
0.00400437	0	0	0
0.00404166	0	0	0
0.00404766	0	0	0
0.00405844	0	0	0
0.00406337	0	0	0
0.00413607	0	0	0
0.0041391	0	0	0
0.00416583	0	0	0
0.00418693	0	0	0
0.00421577	0	0	0
0.00421835	0	0	0
0.00423897	0	0	0
0.00426625	0	0	0
0.00427497	0	0	0
0.0043117	0	0	0
0.00440704	0	0	0
0.00442478	0	0	0
0.00442985	0	0	0
0.00445613	0	0	0
0.00451548	0	0	0
0.00453914	0	0	0
0.00459678	0	0	0
0.004619	0	0	0
0.00466631	0	0	0
0.00474539	0	0	0
0.00476531	0	0	0
0.0047773	0	0	0
0.00481403	0	0	0
0.00508364	0	0	0
0.00510237	0	0	0
0.00514167	0	0	0
0.00520076	0	0	0
0.00537575	0	0	0
0.00544215	0	0	0
0.0054566	0	0	0
0.00549976	0	0	0
0.00557087	0	0	0
0.00567243	0	0	0
0.00587586	0	0	0
0.00614069	0	0	0
0.00615821	0	0	0
0.00695784	0	0	0
0.00704091	0	0	0
0.00719592	0	0	0
0.00727669	0	0	0
0.00805217	0	0	0
0.00833397	0	0	0
0.00873995	0	0	0
0.0138043	0	0	0
0.0404783	0	0	0
0.0406358	0	0.165017	0
0.0459501	0.0825083	0.0825083	0
0.0466124	0.165017	0	0
0.0628377	0.165017	0	0.50505
0.063035	0.165017	0.0825083	0.50505
0.0631664	0.206271	0.165017	0.50505
0.0641223	0.288779	0.0825083	0.50505
0.0656056	0.371287	0	0.50505
0.066165	0.371287	0.165017	0.50505
0.0669197	0.371287	0.165017	0.50505
0.073692	0.453795	0.0825083	0.50505
0.0756265	0.536304	0	0.50505
0.075748	0.536304	0.0825083	0.50505
0.0770748	0.618812	0	0.50505
0.0942007	0.618812	0	1.0101
0.100216	0.618812	0	1.0101
0.101328	0.660066	0.0825083	1.0101
0.104144	0.742574	0	1.0101
0.106815	0.783828	0.0825083	1.0101
0.128894	0.866337	0	1.0101
0.129532	0.866337	0.165017	1.0101
0.129916	0.866337	0.165017	1.0101
0.133926	0.948845	0.0825083	1.0101
0.135001	1.03135	0	1.0101
0.135344	1.07261	0.0825083	1.0101
0.152203	1.15512	0	1.0101
0.168521	1.15512	0	1.51515
0.171953	1.19637	0.0825083	1.51515
0.193093	1.27888	0	1.51515
0.196198	1.27888	0	2.0202
0.196573	1.27888	0.165017	2.0202
0.197031	1.36139	0.0825083	2.0202
0.217359	1.44389	0	2.0202
0.224986	1.44389	0	2.0202
0.226199	1.48515	0.0825083	2.0202
0.235673	1.56766	0	2.0202
0.238272	1.56766	0	2.0202
0.242066	1.60891	0.0825083	2.0202
0.2492	1.69142	0	2.0202
0.249394	1.69142	0.165017	2.0202
0.249438	1.77393	0.0825083	2.0202
0.253078	1.85644	0	2.0202
0.254861	1.89769	0.0825083	2.0202
0.26515	1.9802	0	2.0202
0.26517	2.02145	0.0825083	2.0202
0.276415	2.10396	0	2.0202
0.276594	2.10396	0.165017	2.0202
0.279705	2.18647	0.0825083	2.0202
0.283664	2.26898	0	2.0202
0.286283	2.31023	0.0825083	2.0202
0.290299	2.31023	0.0825083	2.52525
0.293834	2.39274	0	2.52525
0.294644	2.39274	0.165017	2.52525
0.29592	2.47525	0.0825083	2.52525
0.296689	2.47525	0.0825083	3.0303
0.304917	2.47525	0.0825083	3.0303
0.33594	2.55776	0	3.0303
0.336035	2.59901	0.0825083	3.0303
0.341303	2.68152	0	3.0303
0.3423	2.72277	0.0825083	3.0303
0.35484	2.80528	0	3.0303
0.357005	2.84653	0.0825083	3.0303
0.365868	2.92904	0	3.0303
0.368095	2.9703	0.0825083	3.0303
0.370546	2.9703	0.0825083	3.53535
0.375554	3.05281	0	3.53535
0.376194	3.05281	0	4.54545
0.379512	3.09406	0.0825083	4.54545
0.389562	3.17657	0	4.54545
0.389789	3.17657	0.165017	4.54545
0.391102	3.25908	0.0825083	4.54545
0.395259	3.34158	0	4.54545
0.39817	3.38284	0.0825083	4.54545
0.41776	3.46535	0	4.54545
0.418485	3.46535	0.165017	4.54545
0.419013	3.54785	0.0825083	4.54545
0.433501	3.63036	0	4.54545
0.440601	3.67162	0.0825083	4.54545
0.444797	3.75413	0	4.54545
0.445506	3.79538	0.0825083	4.54545
0.451181	3.87789	0	4.54545
0.451875	3.91914	0.0825083	4.54545
0.454417	3.91914	0.165017	4.54545
0.458854	4.00165	0.0825083	4.54545
0.474288	4.08416	0	4.54545
0.474651	4.08416	0	5.05051
0.479691	4.08416	0.0825083	5.05051
0.481047	4.16667	0	5.05051
0.499839	4.16667	0	5.05051
0.503318	4.20792	0.0825083	5.05051
0.521053	4.29043	0	5.05051
0.521309	4.33168	0.0825083	5.05051
0.560857	4.41419	0	5.05051
0.561132	4.41419	0.0825083	5.05051
0.566238	4.4967	0	5.05051
0.568098	4.4967	0	5.55556
0.570006	4.53795	0.0825083	5.55556
0.591082	4.62046	0	5.55556
0.591793	4.66172	0.0825083	5.55556
0.593961	4.74422	0	5.55556
0.594826	4.78548	0.0825083	5.55556
0.600636	4.86799	0	5.55556
0.60315	4.86799	0.0825083	5.55556
0.617783	4.9505	0	5.55556
0.619703	4.9505	0.165017	5.55556
0.620933	5.033	0.0825083	5.55556
0.627014	5.11551	0	5.55556
0.628189	5.15677	0.0825083	5.55556
0.628433	5.15677	0.247525	5.55556
0.628931	5.23927	0.165017	5.55556
0.633149	5.32178	0.0825083	5.55556
0.641207	5.40429	0	5.55556
0.641897	5.40429	0.0825083	5.55556
0.648033	5.4868	0	5.55556
0.677053	5.4868	0	6.56566
0.677563	5.52805	0.0825083	6.56566
0.700127	5.61056	0	6.56566
0.700855	5.61056	0.0825083	6.56566
0.702826	5.69307	0	6.56566
0.702897	5.69307	0.165017	6.56566
0.703209	5.77558	0.0825083	6.56566
0.707037	5.85809	0	6.56566
0.708683	5.85809	0.0825083	6.56566
0.719259	5.94059	0	6.56566
0.720706	5.98185	0.0825083	6.56566
0.734624	6.06436	0	6.56566
0.746709	6.06436	0	7.07071
0.748104	6.10561	0.0825083	7.07071
0.748568	6.18812	0	7.07071
0.748568	6.18812	0.165017	7.07071
0.750433	6.27063	0.0825083	7.07071
0.770924	6.35314	0	7.07071
0.799266	6.35314	0	7.57576
0.799979	6.35314	0.165017	7.57576
0.800685	6.43564	0.0825083	7.57576
0.807806	6.51815	0	7.57576
0.82375	6.51815	0	7.57576
0.825524	6.51815	0.0825083	7.57576
0.826292	6.60066	0	7.57576
0.865689	6.60066	0	8.08081
0.867039	6.64191	0.0825083	8.08081
0.867334	6.72442	0	8.08081
0.868458	6.72442	0.165017	8.08081
0.86871	6.80693	0.0825083	8.08081
0.869133	6.88944	0	8.08081
0.869332	6.88944	0.0825083	8.08081
0.869972	6.88944	0.0825083	8.08081
0.870928	6.97195	0	8.08081
0.87544	6.97195	0	8.58586
0.879345	6.97195	0.165017	8.58586
0.885284	7.05446	0.0825083	8.58586
0.886574	7.13696	0	8.58586
0.891985	7.17822	0.0825083	8.58586
0.900091	7.26073	0	8.58586
0.900498	7.26073	0.0825083	8.58586
0.901862	7.34323	0	8.58586
0.923453	7.34323	0	9.09091
0.925325	7.34323	0.165017	9.09091
0.926889	7.42574	0.0825083	9.09091
0.94098	7.50825	0	9.09091
0.941626	7.5495	0.0825083	9.09091
0.942356	7.63201	0	9.09091
0.942845	7.63201	0.165017	9.09091
0.944267	7.71452	0.0825083	9.09091
0.957934	7.79703	0	9.09091
0.95869	7.79703	0.0825083	9.09091
0.958995	7.79703	0.0825083	9.09091
0.96472	7.87954	0	9.09091
0.965289	7.87954	0.165017	9.09091
0.96561	7.96205	0.0825083	9.09091
0.98124	8.04455	0	9.09091
0.984642	8.04455	0.165017	9.09091
0.98681	8.12706	0.0825083	9.09091
0.993138	8.20957	0	9.09091
1.0013	8.25082	0.0825083	9.09091
1.02232	8.33333	0	9.09091
1.04853	8.33333	0	9.59596
1.05091	8.33333	0.165017	9.59596
1.05125	8.41584	0.0825083	9.59596
1.05479	8.49835	0	9.59596
1.05531	8.5396	0.0825083	9.59596
1.06618	8.62211	0	9.59596
1.06645	8.66337	0.0825083	9.59596
1.09083	8.74587	0	9.59596
1.09241	8.78713	0.0825083	9.59596
1.09763	8.86964	0	9.59596
1.10058	8.91089	0.0825083	9.59596
1.12948	8.9934	0	9.59596
1.13193	9.03465	0.0825083	9.59596
1.17638	9.11716	0	9.59596
1.18137	9.11716	0	10.101
1.18705	9.11716	0	10.101
1.18904	9.11716	0.0825083	10.101
1.19261	9.19967	0	10.101
1.19267	9.19967	0.165017	10.101
1.19275	9.19967	0.247525	10.101
1.19314	9.28218	0.165017	10.101
1.19366	9.36469	0.0825083	10.101
1.20107	9.4472	0	10.101
1.22451	9.4472	0	10.6061
1.2257	9.48845	0.0825083	10.6061
1.22846	9.57096	0	10.6061
1.24925	9.57096	0	11.1111
1.24989	9.61221	0.0825083	11.1111
1.26261	9.69472	0	11.1111
1.26413	9.73597	0.0825083	11.1111
1.26853	9.81848	0	11.1111
1.27228	9.85974	0.0825083	11.1111
1.27821	9.94224	0	11.1111
1.2789	9.9835	0.0825083	11.1111
1.28043	10.066	0	11.1111
1.28666	10.1073	0.0825083	11.1111
1.29171	10.1898	0	11.1111
1.29203	10.1898	0.165017	11.1111
1.29551	10.2723	0.0825083	11.1111
1.40084	10.3548	0	11.1111
1.41702	10.3548	0	11.6162
1.41918	10.396	0.0825083	11.6162
1.42423	10.4785	0	11.6162
1.42678	10.5198	0.0825083	11.6162
1.43865	10.6023	0	11.6162
1.43886	10.6436	0.0825083	11.6162
1.44175	10.7261	0	11.6162
1.44299	10.7261	0.0825083	11.6162
1.44438	10.7261	0.247525	11.6162
1.44544	10.8086	0.165017	11.6162
1.45331	10.8911	0.0825083	11.6162
1.46321	10.9736	0	11.6162
1.46419	11.0149	0.0825083	11.6162
1.46424	11.0561	0.165017	11.6162
1.46786	11.1386	0.0825083	11.6162
1.47085	11.2211	0	11.6162
1.4761	11.2211	0	11.6162
1.4763	11.2624	0.0825083	11.6162
1.5022	11.3449	0	11.6162
1.50447	11.3449	0.165017	11.6162
1.50475	11.4274	0.0825083	11.6162
1.50604	11.5099	0	11.6162
1.50674	11.5512	0.0825083	11.6162
1.51496	11.6337	0	11.6162
1.51809	11.6749	0.0825083	11.6162
1.53346	11.7574	0	11.6162
1.56248	11.7987	0.0825083	11.6162
1.57256	11.8399	0.165017	11.6162
1.57538	11.9224	0.0825083	11.6162
1.57569	11.9224	0.247525	11.6162
1.579	12.005	0.165017	11.6162
1.59221	12.0875	0.0825083	11.6162
1.59347	12.0875	0.247525	11.6162
1.59469	12.17	0.165017	11.6162
1.64178	12.2525	0.0825083	11.6162
1.65744	12.2525	0.0825083	12.1212
1.6579	12.2525	0.247525	12.1212
1.66288	12.335	0.165017	12.1212
1.66417	12.335	0.330033	12.1212
1.6659	12.4175	0.247525	12.1212
1.66655	12.4587	0.330033	12.1212
1.66813	12.5413	0.247525	12.1212
1.67386	12.6238	0.165017	12.1212
1.71441	12.7063	0.0825083	12.1212
1.71599	12.7475	0.165017	12.1212
1.71602	12.83	0.0825083	12.1212
1.71711	12.83	0.247525	12.1212
1.72483	12.9125	0.165017	12.1212
1.74892	12.995	0.0825083	12.1212
1.76076	12.995	0.0825083	12.6263
1.76465	13.0363	0.165017	12.6263
1.77165	13.1188	0.0825083	12.6263
1.77295	13.1601	0.165017	12.6263
1.78752	13.2426	0.0825083	12.6263
1.78766	13.2838	0.165017	12.6263
1.78826	13.3663	0.0825083	12.6263
1.8014	13.4488	0	12.6263
1.8014	13.4901	0.0825083	12.6263
1.82607	13.5726	0	12.6263
1.8272	13.6139	0.0825083	12.6263
1.85221	13.6964	0	12.6263
1.8752	13.6964	0	13.1313
1.8755	13.6964	0.165017	13.1313
1.87591	13.7789	0.0825083	13.1313
1.94995	13.8614	0	13.1313
1.9514	13.9026	0.0825083	13.1313
1.9659	13.9851	0	13.1313
1.96609	13.9851	0.165017	13.1313
1.96623	14.0677	0.0825083	13.1313
1.97019	14.1502	0	13.1313
1.97028	14.1502	0.0825083	13.1313
1.98019	14.2327	0	13.1313
1.99783	14.2327	0	13.6364
2.00046	14.2739	0.0825083	13.6364
2.00873	14.3564	0	13.6364
2.01049	14.3977	0.0825083	13.6364
2.01237	14.4389	0.165017	13.6364
2.01264	14.4802	0.247525	13.6364
2.0131	14.5627	0.165017	13.6364
2.01551	14.5627	0.165017	14.1414
2.01635	14.6452	0.0825083	14.1414
2.01682	14.6452	0.0825083	14.6465
2.03227	14.7277	0	14.6465
2.03266	14.769	0.0825083	14.6465
2.04002	14.8515	0	14.6465
2.04063	14.8515	0.165017	14.6465
2.04189	14.934	0.0825083	14.6465
2.10284	15.0165	0	14.6465
2.10306	15.0165	0.165017	14.6465
2.10363	15.099	0.0825083	14.6465
2.10435	15.1815	0	14.6465
2.10558	15.2228	0.0825083	14.6465
2.11701	15.3053	0	14.6465
2.11736	15.3053	0	15.1515
2.11821	15.3465	0.0825083	15.1515
2.13134	15.429	0	15.1515
2.13337	15.429	0.165017	15.1515
2.13371	15.5116	0.0825083	15.1515
2.17782	15.5941	0	15.1515
2.17849	15.5941	0.0825083	15.1515
2.19115	15.6766	0	15.1515
2.19168	15.7178	0.0825083	15.1515
2.19573	15.8003	0	15.1515
2.20103	15.8003	0	15.6566
2.21252	15.8416	0.0825083	15.6566
2.21776	15.9241	0	15.6566
2.21967	15.9653	0.0825083	15.6566
2.22278	16.0479	0	15.6566
2.22408	16.0479	0.0825083	15.6566
2.22905	16.1304	0	15.6566
2.22966	16.1716	0.0825083	15.6566
2.24177	16.2541	0	15.6566
2.25871	16.2541	0	15.6566
2.25898	16.2954	0.0825083	15.6566
2.27396	16.3779	0	15.6566
2.27511	16.4191	0.0825083	15.6566
2.30084	16.5016	0	15.6566
2.30215	16.5429	0.0825083	15.6566
2.33184	16.6254	0	15.6566
2.33337	16.6667	0.0825083	15.6566
2.33362	16.7492	0	15.6566
2.33713	16.7492	0	16.6667
2.34309	16.7492	0	17.1717
2.3448	16.7904	0.0825083	17.1717
2.36436	16.8729	0	17.1717
2.36646	16.9142	0.0825083	17.1717
2.3938	16.9967	0	17.1717
2.39509	17.038	0.0825083	17.1717
2.40247	17.1205	0	17.1717
2.40371	17.1617	0.0825083	17.1717
2.40619	17.2442	0	17.1717
2.40756	17.2855	0.0825083	17.1717
2.41494	17.368	0	17.1717
2.43044	17.368	0	17.1717
2.46245	17.368	0	17.6768
2.4824	17.368	0	18.1818
2.48257	17.4092	0.0825083	18.1818
2.49599	17.4917	0	18.1818
2.49636	17.4917	0.165017	18.1818
2.49651	17.5743	0.0825083	18.1818
2.51473	17.6568	0	18.1818
2.51673	17.698	0.0825083	18.1818
2.53796	17.7805	0	18.1818
2.54188	17.8218	0.0825083	18.1818
2.5526	17.9043	0	18.1818
2.56096	17.9455	0.0825083	18.1818
2.58161	18.0281	0	18.1818
2.60818	18.0281	0	18.1818
2.61034	18.0693	0.0825083	18.1818
2.61788	18.1518	0	18.1818
2.61804	18.1518	0.0825083	18.1818
2.65513	18.2343	0	18.1818
2.66034	18.2343	0.165017	18.1818
2.66112	18.3168	0.0825083	18.1818
2.68317	18.3168	0.0825083	18.6869
2.68661	18.3581	0.165017	18.6869
2.69477	18.4406	0.0825083	18.6869
2.70196	18.4406	0.0825083	19.1919
2.70784	18.4406	0.165017	19.1919
2.7101	18.4818	0.247525	19.1919
2.71309	18.5644	0.165017	19.1919
2.72356	18.6469	0.0825083	19.1919
2.72574	18.6469	0.165017	19.1919
2.72597	18.6881	0.247525	19.1919
2.72621	18.7706	0.165017	19.1919
2.73361	18.8531	0.0825083	19.1919
2.73493	18.8944	0.165017	19.1919
2.75704	18.9769	0.0825083	19.1919
2.75945	19.0182	0.165017	19.1919
2.76185	19.0182	0.165017	19.697
2.76661	19.1007	0.0825083	19.697
2.76759	19.1419	0.165017	19.697
2.80058	19.2244	0.0825083	19.697
2.80595	19.2657	0.165017	19.697
2.80923	19.3482	0.0825083	19.697
2.8101	19.3894	0.165017	19.697
2.81245	19.4307	0.247525	19.697
2.81256	19.5132	0.165017	19.697
2.83638	19.5957	0.0825083	19.697
2.83907	19.637	0.165017	19.697
2.84052	19.7195	0.0825083	19.697
2.84061	19.7607	0.165017	19.697
2.85221	19.8432	0.0825083	19.697
2.85459	19.8845	0.165017	19.697
2.86973	19.967	0.0825083	19.697
2.87308	20.0083	0.165017	19.697
2.87655	20.0908	0.0825083	19.697
2.87839	20.132	0.165017	19.697
2.87973	20.132	0.165017	20.202
2.90223	20.2145	0.0825083	20.202
2.90336	20.2558	0.165017	20.202
2.90462	20.3383	0.0825083	20.202
2.90614	20.3383	0.247525	20.202
2.9106	20.4208	0.165017	20.202
2.9234	20.5033	0.0825083	20.202
2.93552	20.5446	0.165017	20.202
2.95279	20.6271	0.0825083	20.202
2.9533	20.6683	0.165017	20.202
2.95477	20.6683	0.165017	20.7071
2.96207	20.7508	0.0825083	20.7071
2.96648	20.7508	0.247525	20.7071
2.97447	20.8333	0.165017	20.7071
2.9918	20.9158	0.0825083	20.7071
2.99336	20.9158	0.247525	20.7071
2.99615	20.9158	0.247525	21.2121
2.99704	20.9984	0.165017	21.2121
2.99876	21.0396	0.247525	21.2121
2.99892	21.1221	0.165017	21.2121
3.00775	21.2046	0.0825083	21.2121
3.01179	21.2459	0.165017	21.2121
3.03237	21.3284	0.0825083	21.2121
3.03561	21.3696	0.165017	21.2121
3.04553	21.4521	0.0825083	21.2121
3.04585	21.4934	0.165017	21.2121
3.07244	21.5759	0.0825083	21.2121
3.07332	21.5759	0.247525	21.2121
3.07487	21.6584	0.165017	21.2121
3.08875	21.7409	0.0825083	21.2121
3.08923	21.7409	0.247525	21.2121
3.09011	21.8234	0.165017	21.2121
3.11907	21.9059	0.0825083	21.2121
3.11986	21.9472	0.165017	21.2121
3.12262	22.0297	0.0825083	21.2121
3.12335	22.0297	0.247525	21.2121
3.1245	22.1122	0.165017	21.2121
3.14483	22.1947	0.0825083	21.2121
3.15351	22.236	0.165017	21.2121
3.18309	22.236	0.165017	22.2222
3.18641	22.236	0.165017	22.7273
3.1865	22.236	0.330033	22.7273
3.19064	22.3185	0.247525	22.7273
3.21785	22.401	0.165017	22.7273
3.21811	22.401	0.330033	22.7273
3.22199	22.4835	0.247525	22.7273
3.22205	22.4835	0.412541	22.7273
3.2237	22.566	0.330033	22.7273
3.22387	22.6485	0.247525	22.7273
3.24027	22.731	0.165017	22.7273
3.24047	22.731	0.330033	22.7273
3.24122	22.8135	0.247525	22.7273
3.28849	22.896	0.165017	22.7273
3.29113	22.9373	0.247525	22.7273
3.30751	23.0198	0.165017	22.7273
3.30903	23.0198	0.247525	22.7273
3.3166	23.1023	0.165017	22.7273
3.32256	23.1023	0.165017	22.7273
3.32298	23.1023	0.247525	22.7273
3.32629	23.1848	0.165017	22.7273
3.3304	23.1848	0.247525	22.7273
3.33397	23.2673	0.165017	22.7273
3.33799	23.3086	0.247525	22.7273
3.37474	23.3911	0.165017	22.7273
3.41622	23.3911	0.165017	23.7374
3.41642	23.4323	0.247525	23.7374
3.42444	23.5149	0.165017	23.7374
3.42565	23.5561	0.247525	23.7374
3.42573	23.5561	0.412541	23.7374
3.42653	23.6386	0.330033	23.7374
3.42764	23.7211	0.247525	23.7374
3.42879	23.7211	0.412541	23.7374
3.43045	23.8036	0.330033	23.7374
3.43574	23.8861	0.247525	23.7374
3.4399	23.9686	0.165017	23.7374
3.44106	23.9686	0.330033	23.7374
3.44375	24.0512	0.247525	23.7374
3.44561	24.0924	0.330033	23.7374
3.44611	24.1749	0.247525	23.7374
3.45134	24.2574	0.165017	23.7374
3.45207	24.2574	0.330033	23.7374
3.45293	24.3399	0.247525	23.7374
3.46092	24.4224	0.165017	23.7374
3.46099	24.4224	0.330033	23.7374
3.46134	24.4224	0.330033	23.7374
3.46543	24.5049	0.247525	23.7374
3.47491	24.5875	0.165017	23.7374
3.4785	24.5875	0.165017	23.7374
3.4806	24.6287	0.247525	23.7374
3.4852	24.67	0.330033	23.7374
3.51196	24.7525	0.247525	23.7374
3.51237	24.7937	0.330033	23.7374
3.55333	24.8762	0.247525	23.7374
3.5535	24.9175	0.330033	23.7374
3.57621	25	0.247525	23.7374
3.57751	25	0.330033	23.7374
3.58848	25.0825	0.247525	23.7374
3.5922	25.1238	0.330033	23.7374
3.59311	25.2063	0.247525	23.7374
3.59376	25.2475	0.330033	23.7374
3.61473	25.33	0.247525	23.7374
3.617	25.3713	0.330033	23.7374
3.6571	25.4538	0.247525	23.7374
3.67539	25.5363	0.165017	23.7374
3.67674	25.5363	0.165017	24.7475
3.67979	25.5776	0.247525	24.7475
3.68111	25.6601	0.165017	24.7475
3.69884	25.6601	0.165017	25.7576
3.69911	25.6601	0.330033	25.7576
3.70264	25.7426	0.247525	25.7576
3.71831	25.8251	0.165017	25.7576
3.71875	25.8663	0.247525	25.7576
3.74716	25.9488	0.165017	25.7576
3.74794	25.9901	0.247525	25.7576
3.7502	26.0726	0.165017	25.7576
3.75996	26.0726	0.165017	26.2626
3.76092	26.0726	0.330033	26.2626
3.76182	26.1551	0.247525	26.2626
3.769	26.2376	0.165017	26.2626
3.76909	26.2376	0.330033	26.2626
3.7692	26.3201	0.247525	26.2626
3.77157	26.3201	0.330033	26.2626
3.77299	26.4026	0.247525	26.2626
3.81903	26.4851	0.165017	26.2626
3.82989	26.5677	0.0825083	26.2626
3.83069	26.5677	0.247525	26.2626
3.83555	26.6502	0.165017	26.2626
3.87139	26.7327	0.0825083	26.2626
3.89512	26.8152	0	26.2626
3.89606	26.8564	0.0825083	26.2626
3.91118	26.9389	0	26.2626
3.91196	26.9389	0.165017	26.2626
3.9122	27.0215	0.0825083	26.2626
4.04001	27.104	0	26.2626
4.04081	27.104	0.165017	26.2626
4.0411	27.1865	0.0825083	26.2626
4.04469	27.269	0	26.2626
4.04496	27.3102	0.0825083	26.2626
4.06385	27.3927	0	26.2626
4.06386	27.3927	0.165017	26.2626
4.06777	27.4752	0.0825083	26.2626
4.08305	27.5578	0	26.2626
4.08506	27.599	0.0825083	26.2626
4.10266	27.6815	0	26.2626
4.10274	27.6815	0.165017	26.2626
4.10414	27.764	0.0825083	26.2626
4.11457	27.8465	0	26.2626
4.11485	27.8878	0.0825083	26.2626
4.11609	27.8878	0.0825083	27.2727
4.16431	27.9703	0	27.2727
4.16457	28.0116	0.0825083	27.2727
4.21029	28.0941	0	27.2727
4.21252	28.1353	0.0825083	27.2727
4.21511	28.2178	0	27.2727
4.21791	28.2591	0.0825083	27.2727
4.24344	28.3416	0	27.2727
4.28369	28.3416	0	27.7778
4.28874	28.3828	0.0825083	27.7778
4.29848	28.4653	0	27.7778
4.30088	28.5066	0.0825083	27.7778
4.31018	28.5891	0	27.7778
4.31049	28.5891	0.165017	27.7778
4.31175	28.6716	0.0825083	27.7778
4.34403	28.7541	0	27.7778
4.34411	28.7541	0.165017	27.7778
4.345	28.8366	0.0825083	27.7778
4.36435	28.9191	0	27.7778
4.36448	28.9604	0.0825083	27.7778
4.40869	29.0429	0	27.7778
4.4131	29.0429	0	27.7778
4.4141	29.0842	0.0825083	27.7778
4.49441	29.1667	0	27.7778
4.49489	29.1667	0.165017	27.7778
4.4962	29.2492	0.0825083	27.7778
4.53814	29.3317	0	27.7778
4.53815	29.3729	0.0825083	27.7778
4.56893	29.4554	0	27.7778
4.57163	29.4967	0.0825083	27.7778
4.5761	29.5792	0	27.7778
4.57863	29.6205	0.0825083	27.7778
4.58139	29.6617	0.165017	27.7778
4.5873	29.7442	0.0825083	27.7778
4.58746	29.7442	0.165017	27.7778
4.60344	29.8267	0.0825083	27.7778
4.6048	29.868	0.165017	27.7778
4.61927	29.9505	0.0825083	27.7778
4.62125	29.9505	0.247525	27.7778
4.62177	30.033	0.165017	27.7778
4.6659	30.1155	0.0825083	27.7778
4.6666	30.1155	0.247525	27.7778
4.66702	30.198	0.165017	27.7778
4.66889	30.2805	0.0825083	27.7778
4.67007	30.2805	0.165017	27.7778
4.68114	30.363	0.0825083	27.7778
4.68443	30.4043	0.165017	27.7778
4.69444	30.4868	0.0825083	27.7778
4.70348	30.4868	0.165017	27.7778
4.70686	30.5693	0.0825083	27.7778
4.70962	30.5693	0.247525	27.7778
4.70983	30.6518	0.165017	27.7778
4.71782	30.7343	0.0825083	27.7778
4.71798	30.7343	0.247525	27.7778
4.71878	30.8168	0.165017	27.7778
4.7427	30.8993	0.0825083	27.7778
4.74368	30.8993	0.247525	27.7778
4.74542	30.9818	0.165017	27.7778
4.76713	31.0644	0.0825083	27.7778
4.7686	31.1056	0.165017	27.7778
4.78729	31.1881	0.0825083	27.7778
4.78785	31.2294	0.165017	27.7778
4.79824	31.3119	0.0825083	27.7778
4.80145	31.3531	0.165017	27.7778
4.80176	31.3944	0.247525	27.7778
4.80271	31.4769	0.165017	27.7778
4.82675	31.5594	0.0825083	27.7778
4.83161	31.6007	0.165017	27.7778
4.84776	31.6832	0.0825083	27.7778
4.84984	31.6832	0.0825083	28.2828
4.85014	31.6832	0.247525	28.2828
4.85024	31.7657	0.165017	28.2828
4.853	31.8482	0.0825083	28.2828
4.85505	31.8482	0.0825083	28.7879
4.85912	31.8894	0.165017	28.7879
4.87602	31.9719	0.0825083	28.7879
4.87844	31.9719	0.165017	28.7879
4.90288	32.0545	0.0825083	28.7879
4.90347	32.0957	0.165017	28.7879
4.91838	32.1782	0.0825083	28.7879
4.91888	32.1782	0.247525	28.7879
4.91914	32.1782	0.247525	29.798
4.91936	32.2607	0.165017	29.798
4.91985	32.302	0.247525	29.798
4.92072	32.3845	0.165017	29.798
4.94131	32.467	0.0825083	29.798
4.94151	32.467	0.165017	29.798
4.94339	32.5495	0.0825083	29.798
4.94347	32.5908	0.165017	29.798
4.98978	32.6733	0.0825083	29.798
5.01679	32.7558	0	29.798
5.01694	32.7558	0.165017	29.798
5.01871	32.8383	0.0825083	29.798
5.01996	32.8383	0.247525	29.798
5.02015	32.9208	0.165017	29.798
5.02038	32.962	0.247525	29.798
5.02042	33.0446	0.165017	29.798
5.02158	33.1271	0.0825083	29.798
5.02868	33.2096	0	29.798
5.02898	33.2096	0.0825083	29.798
5.06663	33.2921	0	29.798
5.06726	33.2921	0.165017	29.798
5.06854	33.3746	0.0825083	29.798
5.08842	33.4571	0	29.798
5.08893	33.4571	0.165017	29.798
5.09039	33.5396	0.0825083	29.798
5.09063	33.5396	0.0825083	30.303
5.09377	33.6221	0	30.303
5.09441	33.6221	0	30.8081
5.09567	33.6221	0.165017	30.8081
5.09569	33.7046	0.0825083	30.8081
5.11021	33.7871	0	30.8081
5.11054	33.8284	0.0825083	30.8081
5.13687	33.9109	0	30.8081
5.14266	33.9109	0	31.3131
5.14404	33.9109	0.165017	31.3131
5.14701	33.9934	0.0825083	31.3131
5.17003	34.0759	0	31.3131
5.17154	34.0759	0.165017	31.3131
5.17199	34.1584	0.0825083	31.3131
5.17571	34.1584	0.0825083	31.8182
5.20625	34.2409	0	31.8182
5.20746	34.2409	0.0825083	31.8182
5.21214	34.3234	0	31.8182
5.21307	34.3234	0.0825083	31.8182
5.26288	34.4059	0	31.8182
5.26389	34.4472	0.0825083	31.8182
5.26417	34.4472	0.247525	31.8182
5.26504	34.5297	0.165017	31.8182
5.26649	34.6122	0.0825083	31.8182
5.26671	34.6947	0	31.8182
5.26673	34.6947	0.165017	31.8182
5.26739	34.7772	0.0825083	31.8182
5.27698	34.8597	0	31.8182
5.27887	34.8597	0.165017	31.8182
5.28069	34.9422	0.0825083	31.8182
5.3111	35.0248	0	31.8182
5.31326	35.0248	0.0825083	31.8182
5.3148	35.0248	0.165017	31.8182
5.31723	35.1073	0.0825083	31.8182
5.32646	35.1898	0	31.8182
5.32801	35.1898	0.165017	31.8182
5.32902	35.2723	0.0825083	31.8182
5.34658	35.3548	0	31.8182
5.34742	35.3548	0.165017	31.8182
5.35024	35.4373	0.0825083	31.8182
5.35269	35.4785	0.165017	31.8182
5.35632	35.5611	0.0825083	31.8182
5.36617	35.6436	0	31.8182
5.36802	35.6848	0.0825083	31.8182
5.381	35.7673	0	31.8182
5.38226	35.7673	0.165017	31.8182
5.3894	35.8498	0.0825083	31.8182
5.43197	35.9323	0	31.8182
5.48017	35.9323	0	32.3232
5.4821	35.9323	0	32.8283
5.4823	35.9323	0.165017	32.8283
5.4828	36.0149	0.0825083	32.8283
5.49567	36.0974	0	32.8283
5.49582	36.0974	0.165017	32.8283
5.49756	36.1799	0.0825083	32.8283
5.49849	36.2624	0	32.8283
5.50421	36.3036	0.0825083	32.8283
5.53606	36.3861	0	32.8283
5.55792	36.3861	0	33.3333
5.5623	36.3861	0.165017	33.3333
5.59958	36.4686	0.0825083	33.3333
5.64738	36.4686	0.0825083	33.8384
5.6485	36.5099	0.165017	33.8384
5.65941	36.5924	0.0825083	33.8384
5.66138	36.5924	0.247525	33.8384
5.66324	36.6749	0.165017	33.8384
5.67991	36.7574	0.0825083	33.8384
5.68195	36.7987	0.165017	33.8384
5.68237	36.7987	0.247525	33.8384
5.68361	36.8812	0.165017	33.8384
5.75176	36.9637	0.0825083	33.8384
5.75373	36.9637	0.165017	33.8384
5.80916	37.0462	0.0825083	33.8384
5.88088	37.0462	0.0825083	34.3434
5.89907	37.0462	0.0825083	34.3434
5.89994	37.0875	0.165017	34.3434
5.9217	37.17	0.0825083	34.3434
5.92338	37.17	0.247525	34.3434
5.92563	37.2525	0.165017	34.3434
5.98646	37.335	0.0825083	34.3434
5.98751	37.335	0.247525	34.3434
5.98797	37.335	0.330033	34.3434
5.98873	37.4175	0.247525	34.3434
5.99628	37.5	0.165017	34.3434
6.00398	37.5825	0.0825083	34.3434
6.01269	37.5825	0.0825083	34.8485
6.03831	37.5825	0.0825083	35.3535
6.11518	37.5825	0.0825083	35.8586
6.11723	37.5825	0.247525	35.8586
6.12162	37.665	0.165017	35.8586
6.12449	37.7475	0.0825083	35.8586
6.12505	37.7475	0.165017	35.8586
6.1352	37.83	0.0825083	35.8586
6.13636	37.83	0.247525	35.8586
6.13667	37.9125	0.165017	35.8586
6.14288	37.995	0.0825083	35.8586
6.14565	37.995	0.0825083	36.3636
6.14781	38.0363	0.165017	36.3636
6.18354	38.1188	0.0825083	36.3636
6.18492	38.1188	0.247525	36.3636
6.18573	38.2013	0.165017	36.3636
6.21967	38.2838	0.0825083	36.3636
6.22005	38.2838	0.247525	36.3636
6.22692	38.3663	0.165017	36.3636
6.22888	38.4488	0.0825083	36.3636
6.24634	38.4488	0.0825083	37.3737
6.25095	38.4488	0.165017	37.3737
6.25466	38.5314	0.0825083	37.3737
6.255	38.5726	0.165017	37.3737
6.2559	38.6551	0.0825083	37.3737
6.25598	38.6551	0.247525	37.3737
6.25681	38.7376	0.165017	37.3737
6.26373	38.8201	0.0825083	37.3737
6.26685	38.8201	0.165017	37.3737
6.2959	38.9026	0.0825083	37.3737
6.3247	38.9026	0.0825083	37.8788
6.32618	38.9439	0.165017	37.8788
6.33329	39.0264	0.0825083	37.8788
6.33615	39.0677	0.165017	37.8788
6.37077	39.1502	0.0825083	37.8788
6.37275	39.1502	0.165017	37.8788
6.38334	39.2327	0.0825083	37.8788
6.3853	39.2739	0.165017	37.8788
6.40307	39.3564	0.0825083	37.8788
6.40564	39.3977	0.165017	37.8788
6.55066	39.4802	0.0825083	37.8788
6.55244	39.5215	0.165017	37.8788
6.58029	39.604	0.0825083	37.8788
6.58112	39.604	0.247525	37.8788
6.58126	39.6865	0.165017	37.8788
6.5818	39.769	0.0825083	37.8788
6.58925	39.769	0.0825083	38.8889
6.58997	39.769	0.247525	38.8889
6.59018	39.8515	0.165017	38.8889
6.60147	39.934	0.0825083	38.8889
6.60292	39.9752	0.165017	38.8889
6.60345	40.0165	0.247525	38.8889
6.60502	40.099	0.165017	38.8889
6.60984	40.1815	0.0825083	38.8889
6.61006	40.2228	0.165017	38.8889
6.61012	40.2228	0.330033	38.8889
6.61188	40.3053	0.247525	38.8889
6.61236	40.3878	0.165017	38.8889
6.62021	40.4703	0.0825083	38.8889
6.62254	40.5116	0.165017	38.8889
6.62659	40.5941	0.0825083	38.8889
6.62662	40.5941	0.247525	38.8889
6.62686	40.6766	0.165017	38.8889
6.62998	40.7591	0.0825083	38.8889
6.69016	40.7591	0.0825083	39.3939
6.69017	40.8003	0.165017	39.3939
6.69511	40.8828	0.0825083	39.3939
6.69578	40.8828	0.247525	39.3939
6.69599	40.9653	0.165017	39.3939
6.75479	41.0479	0.0825083	39.3939
6.75527	41.0891	0.165017	39.3939
6.76012	41.1716	0.0825083	39.3939
6.7603	41.1716	0.165017	39.3939
6.76155	41.1716	0.165017	39.3939
6.77647	41.2541	0.0825083	39.3939
6.77783	41.2954	0.165017	39.3939
6.77786	41.3779	0.0825083	39.3939
6.77902	41.3779	0.165017	39.3939
6.7793	41.4604	0.0825083	39.3939
6.78199	41.4604	0.0825083	39.3939
6.81136	41.4604	0.0825083	39.899
6.81498	41.5017	0.165017	39.899
6.84886	41.5842	0.0825083	39.899
6.8492	41.5842	0.247525	39.899
6.85034	41.6667	0.165017	39.899
6.86945	41.7492	0.0825083	39.899
6.87063	41.7904	0.165017	39.899
6.87951	41.8729	0.0825083	39.899
6.88194	41.9142	0.165017	39.899
6.88407	41.9967	0.0825083	39.899
6.88868	41.9967	0.165017	39.899
6.89279	42.0792	0.0825083	39.899
6.89499	42.0792	0.165017	39.899
6.90727	42.1617	0.0825083	39.899
6.94441	42.1617	0.0825083	40.404
6.95442	42.203	0.165017	40.404
6.95644	42.203	0.165017	41.4141
7.00273	42.2855	0.0825083	41.4141
7.00347	42.2855	0.247525	41.4141
7.00868	42.368	0.165017	41.4141
7.03179	42.4505	0.0825083	41.4141
7.03285	42.4917	0.165017	41.4141
7.03543	42.5743	0.0825083	41.4141
7.05429	42.5743	0.0825083	42.4242
7.05442	42.6155	0.165017	42.4242
7.06029	42.698	0.0825083	42.4242
7.06091	42.7393	0.165017	42.4242
7.08044	42.8218	0.0825083	42.4242
7.08049	42.863	0.165017	42.4242
7.08116	42.9455	0.0825083	42.4242
7.08316	42.9455	0.165017	42.4242
7.17671	43.0281	0.0825083	42.4242
7.1777	43.0693	0.165017	42.4242
7.21857	43.1518	0.0825083	42.4242
7.2191	43.1518	0.165017	42.4242
7.22855	43.2343	0.0825083	42.4242
7.22863	43.2343	0.247525	42.4242
7.22892	43.3168	0.165017	42.4242
7.25434	43.3993	0.0825083	42.4242
7.30037	43.3993	0.0825083	42.9293
7.30098	43.3993	0.247525	42.9293
7.30157	43.4818	0.165017	42.9293
7.36055	43.5644	0.0825083	42.9293
7.3607	43.5644	0.165017	42.9293
7.36767	43.6469	0.0825083	42.9293
7.36854	43.6881	0.165017	42.9293
7.3806	43.7706	0.0825083	42.9293
7.38507	43.7706	0.0825083	43.9394
7.38601	43.7706	0.247525	43.9394
7.38672	43.8119	0.330033	43.9394
7.39024	43.8944	0.247525	43.9394
7.39189	43.9769	0.165017	43.9394
7.49247	44.0594	0.0825083	43.9394
7.52705	44.0594	0.0825083	44.4444
7.54203	44.0594	0.0825083	45.4545
7.54239	44.0594	0.247525	45.4545
7.54499	44.1419	0.165017	45.4545
7.56937	44.2244	0.0825083	45.4545
7.57068	44.2657	0.165017	45.4545
7.57975	44.3482	0.0825083	45.4545
7.57996	44.3482	0.247525	45.4545
7.5837	44.4307	0.165017	45.4545
7.5981	44.5132	0.0825083	45.4545
7.59914	44.5132	0.247525	45.4545
7.60075	44.5957	0.165017	45.4545
7.60167	44.637	0.247525	45.4545
7.6032	44.7195	0.165017	45.4545
7.60713	44.7195	0.247525	45.4545
7.6074	44.7195	0.247525	46.4646
7.60854	44.802	0.165017	46.4646
7.61384	44.8845	0.0825083	46.4646
7.61809	44.9257	0.165017	46.4646
7.65116	45.0083	0.0825083	46.4646
7.66016	45.0083	0.0825083	46.9697
7.66072	45.0495	0.165017	46.9697
7.66206	45.0495	0.165017	47.4747
7.68177	45.132	0.0825083	47.4747
7.68863	45.132	0.165017	47.4747
7.78317	45.2145	0.0825083	47.4747
7.78733	45.2145	0.165017	47.4747
7.78832	45.297	0.0825083	47.4747
7.79182	45.3383	0.165017	47.4747
7.81202	45.4208	0.0825083	47.4747
7.82942	45.4208	0.0825083	47.9798
7.83006	45.4208	0.0825083	48.4848
7.83632	45.4208	0.0825083	48.9899
7.83817	45.4208	0.165017	48.9899
7.8564	45.5033	0.0825083	48.9899
7.85728	45.5033	0.165017	48.9899
7.86131	45.5858	0.0825083	48.9899
7.86317	45.5858	0.165017	48.9899
7.8891	45.6683	0.0825083	48.9899
7.89393	45.6683	0.165017	48.9899
7.91008	45.7508	0.0825083	48.9899
7.91549	45.7508	0.0825083	49.4949
7.91568	45.7508	0.247525	49.4949
7.91698	45.8333	0.165017	49.4949
7.91816	45.8333	0.247525	49.4949
7.91878	45.9158	0.165017	49.4949
7.96042	45.9983	0.0825083	49.4949
7.96534	45.9983	0.165017	49.4949
7.99501	46.0809	0.0825083	49.4949
7.99514	46.1221	0.165017	49.4949
8.01722	46.2046	0.0825083	49.4949
8.02023	46.2459	0.165017	49.4949
8.02095	46.3284	0.0825083	49.4949
8.02147	46.3696	0.165017	49.4949
8.03673	46.4521	0.0825083	49.4949
8.03888	46.4934	0.165017	49.4949
8.04317	46.5759	0.0825083	49.4949
8.0433	46.6172	0.165017	49.4949
8.05047	46.6997	0.0825083	49.4949
8.05668	46.6997	0.0825083	50
8.0573	46.7409	0.165017	50
8.10206	46.8234	0.0825083	50
8.12508	46.8234	0.0825083	50.5051
8.12726	46.8234	0.165017	50.5051
8.15737	46.9059	0.0825083	50.5051
8.15776	46.9059	0.247525	50.5051
8.15979	46.9884	0.165017	50.5051
8.17753	47.071	0.0825083	50.5051
8.17966	47.071	0.247525	50.5051
8.18048	47.1535	0.165017	50.5051
8.29883	47.236	0.0825083	50.5051
8.3007	47.2772	0.165017	50.5051
8.31569	47.3597	0.0825083	50.5051
8.31574	47.3597	0.247525	50.5051
8.31725	47.401	0.330033	50.5051
8.31735	47.4835	0.247525	50.5051
8.32277	47.566	0.165017	50.5051
8.34139	47.6485	0.0825083	50.5051
8.37213	47.6485	0.0825083	51.5152
8.37327	47.6898	0.165017	51.5152
8.37585	47.6898	0.165017	52.5253
8.37884	47.7723	0.0825083	52.5253
8.38145	47.8135	0.165017	52.5253
8.40096	47.896	0.0825083	52.5253
8.40173	47.9373	0.165017	52.5253
8.42891	48.0198	0.0825083	52.5253
8.42892	48.0611	0.165017	52.5253
8.45668	48.1436	0.0825083	52.5253
8.45744	48.1436	0.247525	52.5253
8.45837	48.2261	0.165017	52.5253
8.50647	48.3086	0.0825083	52.5253
8.50676	48.3498	0.165017	52.5253
8.61245	48.4323	0.0825083	52.5253
8.61309	48.4736	0.165017	52.5253
8.62726	48.5561	0.0825083	52.5253
8.6306	48.5561	0.165017	52.5253
8.6547	48.6386	0.0825083	52.5253
8.65473	48.6799	0.165017	52.5253
8.70498	48.7624	0.0825083	52.5253
8.70564	48.7624	0.165017	52.5253
8.72035	48.8449	0.0825083	52.5253
8.72161	48.8449	0.165017	52.5253
8.72721	48.9274	0.0825083	52.5253
8.72732	48.9686	0.165017	52.5253
8.73779	49.0512	0.0825083	52.5253
8.73829	49.0512	0.247525	52.5253
8.74047	49.1337	0.165017	52.5253
8.764	49.2162	0.0825083	52.5253
8.76425	49.2162	0.247525	52.5253
8.76478	49.2987	0.165017	52.5253
8.78958	49.3812	0.0825083	52.5253
8.79004	49.4224	0.165017	52.5253
8.82112	49.505	0.0825083	52.5253
8.82127	49.5462	0.165017	52.5253
8.92719	49.6287	0.0825083	52.5253
8.92989	49.67	0.165017	52.5253
8.99337	49.7525	0.0825083	52.5253
8.99463	49.7937	0.165017	52.5253
9.08203	49.8762	0.0825083	52.5253
9.08517	49.9175	0.165017	52.5253
9.08522	50	0.0825083	52.5253
9.08595	50.0413	0.165017	52.5253
9.14899	50.1238	0.0825083	52.5253
9.14899	50.1238	0.165017	52.5253
9.19239	50.2063	0.0825083	52.5253
9.19407	50.2475	0.165017	52.5253
9.32477	50.33	0.0825083	52.5253
9.32483	50.3713	0.165017	52.5253
9.3405	50.4538	0.0825083	52.5253
9.34292	50.495	0.165017	52.5253
9.35242	50.5776	0.0825083	52.5253
9.35312	50.6188	0.165017	52.5253
9.37074	50.7013	0.0825083	52.5253
9.39259	50.7013	0.0825083	53.0303
9.39301	50.7426	0.165017	53.0303
9.41297	50.8251	0.0825083	53.0303
9.41361	50.8663	0.165017	53.0303
9.41876	50.9488	0.0825083	53.0303
9.41902	50.9901	0.165017	53.0303
9.41994	50.9901	0.330033	53.0303
9.42248	51.0726	0.247525	53.0303
9.42321	51.1551	0.165017	53.0303
9.43077	51.2376	0.0825083	53.0303
9.43148	51.2789	0.165017	53.0303
9.45143	51.3614	0.0825083	53.0303
9.45193	51.3614	0.247525	53.0303
9.45792	51.4439	0.165017	53.0303
9.50009	51.5264	0.0825083	53.0303
9.53587	51.5264	0.0825083	54.0404
9.53641	51.5264	0.247525	54.0404
9.53774	51.6089	0.165017	54.0404
9.56123	51.6914	0.0825083	54.0404
9.56187	51.6914	0.165017	54.0404
9.56668	51.7739	0.0825083	54.0404
9.56716	51.7739	0.247525	54.0404
9.56831	51.8564	0.165017	54.0404
9.6054	51.9389	0.0825083	54.0404
9.60612	51.9389	0.247525	54.0404
9.60676	52.0215	0.165017	54.0404
9.74404	52.104	0.0825083	54.0404
9.74433	52.104	0.165017	54.0404
9.77188	52.1865	0.0825083	54.0404
9.7719	52.1865	0.247525	54.0404
9.77254	52.269	0.165017	54.0404
9.77363	52.3515	0.0825083	54.0404
9.77419	52.3927	0.165017	54.0404
9.79073	52.4752	0.0825083	54.0404
9.79267	52.5165	0.165017	54.0404
9.80205	52.599	0.0825083	54.0404
9.80209	52.599	0.247525	54.0404
9.80333	52.6815	0.165017	54.0404
9.80348	52.764	0.0825083	54.0404
9.80951	52.764	0.0825083	54.5455
9.81038	52.8053	0.165017	54.5455
9.82306	52.8878	0.0825083	54.5455
9.82617	52.929	0.165017	54.5455
9.83033	53.0116	0.0825083	54.5455
9.83267	53.0528	0.165017	54.5455
9.83409	53.1353	0.0825083	54.5455
9.83427	53.1766	0.165017	54.5455
9.83811	53.2591	0.0825083	54.5455
9.84245	53.2591	0.0825083	55.0505
9.84335	53.3003	0.165017	55.0505
9.85861	53.3828	0.0825083	55.0505
9.86325	53.3828	0.165017	55.0505
9.86674	53.4653	0.0825083	55.0505
9.86779	53.4653	0.247525	55.0505
9.86907	53.5479	0.165017	55.0505
9.87153	53.6304	0.0825083	55.0505
9.87384	53.6716	0.165017	55.0505
9.88739	53.7541	0.0825083	55.0505
9.88957	53.7954	0.165017	55.0505
9.89362	53.8779	0.0825083	55.0505
9.92487	53.9191	0.165017	55.0505
9.95797	53.9604	0.247525	55.0505
9.97616	53.9604	0.247525	56.0606
9.9777	54.0017	0.330033	56.0606
9.99845	54.0842	0.247525	56.0606
9.99997	54.1667	0.165017	56.0606
10.0099	54.2079	0.247525	56.0606
10.0165	54.2904	0.165017	56.0606
10.0168	54.3317	0.247525	56.0606
10.0207	54.4142	0.165017	56.0606
10.0362	54.4142	0.165017	56.5657
10.0422	54.4554	0.247525	56.5657
10.0548	54.538	0.165017	56.5657
10.0593	54.5792	0.247525	56.5657
10.1043	54.6617	0.165017	56.5657
10.1218	54.6617	0.165017	57.0707
10.1222	54.703	0.247525	57.0707
10.123	54.7855	0.165017	57.0707
10.145	54.7855	0.165017	57.5758
10.1483	54.7855	0.247525	57.5758
10.1612	54.868	0.165017	57.5758
10.1612	54.9092	0.247525	57.5758
10.1682	54.9917	0.165017	57.5758
10.1687	54.9917	0.247525	57.5758
10.2988	55.0743	0.165017	57.5758
10.2988	55.0743	0.330033	57.5758
10.2994	55.1568	0.247525	57.5758
10.3102	55.2393	0.165017	57.5758
10.3103	55.2805	0.247525	57.5758
10.3117	55.2805	0.247525	58.5859
10.3203	55.363	0.165017	58.5859
10.3207	55.4043	0.247525	58.5859
10.3447	55.4868	0.165017	58.5859
10.3522	55.4868	0.247525	58.5859
10.407	55.5693	0.165017	58.5859
10.4089	55.6106	0.247525	58.5859
10.4278	55.6931	0.165017	58.5859
10.4303	55.7343	0.247525	58.5859
10.4591	55.8168	0.165017	58.5859
10.4606	55.8581	0.247525	58.5859
10.5242	55.9406	0.165017	58.5859
10.5245	55.9818	0.247525	58.5859
10.5268	56.0644	0.165017	58.5859
10.5278	56.0644	0.330033	58.5859
10.5323	56.1469	0.247525	58.5859
10.5822	56.2294	0.165017	58.5859
10.5903	56.3119	0.0825083	58.5859
10.6083	56.3531	0.165017	58.5859
10.6363	56.4356	0.0825083	58.5859
10.6371	56.4356	0.165017	58.5859
10.6507	56.5182	0.0825083	58.5859
10.6724	56.5182	0.0825083	59.0909
10.6938	56.5182	0.0825083	60.101
10.6942	56.5182	0.247525	60.101
10.6958	56.6007	0.165017	60.101
10.6966	56.6832	0.0825083	60.101
10.699	56.6832	0.165017	60.101
10.7031	56.7657	0.0825083	60.101
10.7043	56.8069	0.165017	60.101
10.7368	56.8894	0.0825083	60.101
10.7406	56.9307	0.165017	60.101
10.7848	57.0132	0.0825083	60.101
10.7886	57.0545	0.165017	60.101
10.7892	57.137	0.0825083	60.101
10.792	57.137	0.165017	60.101
10.7932	57.137	0.330033	60.101
10.7956	57.2195	0.247525	60.101
10.7978	57.302	0.165017	60.101
11.0059	57.3845	0.0825083	60.101
11.0068	57.4257	0.165017	60.101
11.0964	57.5083	0.0825083	60.101
11.1012	57.5083	0.165017	60.101
11.2401	57.5908	0.0825083	60.101
11.241	57.632	0.165017	60.101
11.2706	57.7145	0.0825083	60.101
11.2723	57.7145	0.165017	60.101
11.2871	57.797	0.0825083	60.101
11.3219	57.797	0.0825083	60.6061
11.3233	57.8383	0.165017	60.6061
11.345	57.9208	0.0825083	60.6061
11.3451	57.962	0.165017	60.6061
11.3478	58.0446	0.0825083	60.6061
11.3479	58.0446	0.247525	60.6061
11.3487	58.1271	0.165017	60.6061
11.3489	58.1271	0.330033	60.6061
11.349	58.2096	0.247525	60.6061
11.3522	58.2921	0.165017	60.6061
11.4265	58.3746	0.0825083	60.6061
11.4279	58.4158	0.165017	60.6061
11.4637	58.4983	0.0825083	60.6061
11.4656	58.5396	0.165017	60.6061
11.4854	58.6221	0.0825083	60.6061
11.4972	58.6221	0.165017	60.6061
11.5212	58.7046	0.0825083	60.6061
11.5268	58.7046	0.165017	60.6061
11.5558	58.7871	0.0825083	60.6061
11.5561	58.7871	0.247525	60.6061
11.5565	58.8696	0.165017	60.6061
11.5578	58.9521	0.0825083	60.6061
11.5635	59.0347	0	60.6061
11.564	59.0347	0.0825083	60.6061
11.5975	59.1172	0	60.6061
11.6007	59.1584	0.0825083	60.6061
11.6207	59.2409	0	60.6061
11.6264	59.2409	0.0825083	60.6061
11.6342	59.3234	0	60.6061
11.6344	59.3234	0.165017	60.6061
11.6355	59.4059	0.0825083	60.6061
11.6737	59.4884	0	60.6061
11.6856	59.5297	0.0825083	60.6061
11.7299	59.6122	0	60.6061
11.7348	59.6535	0.0825083	60.6061
11.7656	59.736	0	60.6061
11.7671	59.736	0.165017	60.6061
11.7704	59.7772	0.247525	60.6061
11.775	59.8597	0.165017	60.6061
11.7793	59.8597	0.330033	60.6061
11.7809	59.9422	0.247525	60.6061
11.8146	60.0248	0.165017	60.6061
11.8157	60.066	0.247525	60.6061
11.8158	60.1485	0.165017	60.6061
11.8169	60.1898	0.247525	60.6061
11.9627	60.2723	0.165017	60.6061
11.9637	60.3135	0.247525	60.6061
11.9801	60.396	0.165017	60.6061
11.983	60.4373	0.247525	60.6061
12.0079	60.5198	0.165017	60.6061
12.0084	60.5611	0.247525	60.6061
12.0381	60.6436	0.165017	60.6061
12.0389	60.6436	0.330033	60.6061
12.0416	60.6436	0.412541	60.6061
12.0424	60.6436	0.412541	61.1111
12.0433	60.7261	0.330033	61.1111
12.0475	60.8086	0.247525	61.1111
12.048	60.8911	0.165017	61.1111
12.0501	60.9323	0.247525	61.1111
12.0869	61.0149	0.165017	61.1111
12.0877	61.0561	0.247525	61.1111
12.0977	61.1386	0.165017	61.1111
12.0979	61.1799	0.247525	61.1111
12.1666	61.2624	0.165017	61.1111
12.1678	61.2624	0.247525	61.1111
12.2174	61.3449	0.165017	61.1111
12.2192	61.3861	0.247525	61.1111
12.2402	61.4686	0.165017	61.1111
12.2428	61.5512	0.0825083	61.1111
12.247	61.5512	0.165017	61.1111
12.2553	61.6337	0.0825083	61.1111
12.2565	61.6337	0.165017	61.1111
12.2584	61.7162	0.0825083	61.1111
12.2617	61.7574	0.165017	61.1111
12.2625	61.8399	0.0825083	61.1111
12.2659	61.8812	0.165017	61.1111
12.2974	61.9637	0.0825083	61.1111
12.2982	62.005	0.165017	61.1111
12.3047	62.0875	0.0825083	61.1111
12.3062	62.1287	0.165017	61.1111
12.4368	62.2112	0.0825083	61.1111
12.4369	62.2112	0.165017	61.1111
12.4525	62.2937	0.0825083	61.1111
12.4537	62.2937	0.247525	61.1111
12.4557	62.3762	0.165017	61.1111
12.4971	62.4587	0.0825083	61.1111
12.4999	62.5	0.165017	61.1111
12.5492	62.5825	0.0825083	61.1111
12.5499	62.6238	0.165017	61.1111
12.5998	62.7063	0.0825083	61.1111
12.6005	62.7475	0.165017	61.1111
12.6051	62.83	0.0825083	61.1111
12.6084	62.83	0.0825083	62.1212
12.6098	62.83	0.165017	62.1212
12.6246	62.9125	0.0825083	62.1212
12.6253	62.9125	0.247525	62.1212
12.6269	62.995	0.165017	62.1212
12.6315	63.0776	0.0825083	62.1212
12.7119	63.1601	0	62.1212
12.7122	63.1601	0.0825083	62.1212
12.7355	63.2426	0	62.1212
12.7369	63.2426	0.0825083	62.1212
12.7433	63.3251	0	62.1212
12.7449	63.3251	0.165017	62.1212
12.7452	63.4076	0.0825083	62.1212
12.7544	63.4901	0	62.1212
12.7557	63.4901	0.165017	62.1212
12.756	63.5726	0.0825083	62.1212
12.7628	63.6551	0	62.1212
12.7637	63.6964	0.0825083	62.1212
12.7783	63.7789	0	62.1212
12.7796	63.7789	0.165017	62.1212
12.7842	63.8614	0.0825083	62.1212
12.7945	63.9439	0	62.1212
12.7949	63.9439	0.165017	62.1212
12.7955	64.0264	0.0825083	62.1212
12.8234	64.1089	0	62.1212
12.825	64.1089	0.0825083	62.1212
12.8425	64.1914	0	62.1212
12.8429	64.2327	0.0825083	62.1212
12.8612	64.3152	0	62.1212
12.8623	64.3152	0.165017	62.1212
12.8684	64.3977	0.0825083	62.1212
12.9238	64.4802	0	62.1212
12.9255	64.5215	0.0825083	62.1212
12.9897	64.604	0	62.1212
12.9908	64.6452	0.0825083	62.1212
13.0236	64.7277	0	62.1212
13.0244	64.769	0.0825083	62.1212
13.0474	64.8515	0	62.1212
13.0759	64.8515	0.0825083	62.1212
13.0764	64.8927	0.165017	62.1212
13.0777	64.9753	0.0825083	62.1212
13.0805	64.9753	0.165017	62.1212
13.0894	65.0578	0.0825083	62.1212
13.3052	65.0578	0.0825083	63.1313
13.3148	65.099	0.165017	63.1313
13.3184	65.1403	0.247525	63.1313
13.3191	65.2228	0.165017	63.1313
13.4203	65.3053	0.0825083	63.1313
13.498	65.3053	0.0825083	64.1414
13.5036	65.3053	0.165017	64.1414
13.5251	65.3878	0.0825083	64.1414
13.5252	65.3878	0.247525	64.1414
13.5341	65.4703	0.165017	64.1414
13.5455	65.5528	0.0825083	64.1414
13.5467	65.5528	0.165017	64.1414
13.5722	65.6353	0.0825083	64.1414
13.5735	65.6766	0.165017	64.1414
13.663	65.7591	0.0825083	64.1414
13.6637	65.8003	0.165017	64.1414
13.7134	65.8828	0.0825083	64.1414
13.7149	65.9241	0.165017	64.1414
13.7651	66.0066	0.0825083	64.1414
13.7652	66.0479	0.165017	64.1414
13.7975	66.1304	0.0825083	64.1414
13.7992	66.1304	0.165017	64.1414
13.8246	66.2129	0.0825083	64.1414
13.8253	66.2541	0.165017	64.1414
13.8604	66.3366	0.0825083	64.1414
13.8635	66.3779	0.165017	64.1414
13.9423	66.4604	0.0825083	64.1414
13.9423	66.4604	0.0825083	65.1515
13.9456	66.5016	0.165017	65.1515
14.0691	66.5842	0.0825083	65.1515
14.0693	66.5842	0.165017	65.1515
14.0932	66.6667	0.0825083	65.1515
14.0936	66.6667	0.165017	65.1515
14.1398	66.7492	0.0825083	65.1515
14.14	66.7492	0.247525	65.1515
14.1435	66.8317	0.165017	65.1515
14.2307	66.9142	0.0825083	65.1515
14.2352	66.9554	0.165017	65.1515
14.2375	67.038	0.0825083	65.1515
14.2523	67.038	0.0825083	65.6566
14.2574	67.038	0.165017	65.6566
14.3049	67.1205	0.0825083	65.6566
14.3052	67.1617	0.165017	65.6566
14.3197	67.2442	0.0825083	65.6566
14.3226	67.2855	0.165017	65.6566
14.4221	67.368	0.0825083	65.6566
14.4261	67.368	0.165017	65.6566
14.4334	67.4505	0.0825083	65.6566
14.4347	67.4918	0.165017	65.6566
14.4364	67.5743	0.0825083	65.6566
14.4425	67.6155	0.165017	65.6566
14.4583	67.698	0.0825083	65.6566
14.4627	67.7393	0.165017	65.6566
14.4678	67.8218	0.0825083	65.6566
14.468	67.863	0.165017	65.6566
14.5139	67.9455	0.0825083	65.6566
14.5164	67.9455	0.247525	65.6566
14.5193	68.0281	0.165017	65.6566
14.5204	68.1106	0.0825083	65.6566
14.5215	68.1518	0.165017	65.6566
14.6523	68.2343	0.0825083	65.6566
14.6529	68.2756	0.165017	65.6566
14.6898	68.3581	0.0825083	65.6566
14.6923	68.3581	0.165017	65.6566
14.7229	68.4406	0.0825083	65.6566
14.7235	68.4818	0.165017	65.6566
14.7335	68.5644	0.0825083	65.6566
14.7337	68.5644	0.247525	65.6566
14.7342	68.6469	0.165017	65.6566
14.7626	68.7294	0.0825083	65.6566
14.7643	68.7706	0.165017	65.6566
14.8516	68.8531	0.0825083	65.6566
14.853	68.8531	0.247525	65.6566
14.8539	68.9356	0.165017	65.6566
14.8561	68.9356	0.330033	65.6566
14.8802	69.0182	0.247525	65.6566
14.882	69.0594	0.330033	65.6566
14.9654	69.1419	0.247525	65.6566
14.9667	69.1832	0.330033	65.6566
14.9766	69.2657	0.247525	65.6566
14.9787	69.2657	0.412541	65.6566
14.9791	69.3482	0.330033	65.6566
15.0272	69.4307	0.247525	65.6566
15.0272	69.4307	0.330033	65.6566
15.0274	69.4719	0.412541	65.6566
15.0326	69.5545	0.330033	65.6566
15.0415	69.637	0.247525	65.6566
15.0749	69.7195	0.165017	65.6566
15.0852	69.802	0.0825083	65.6566
15.0852	69.802	0.165017	65.6566
15.2215	69.8845	0.0825083	65.6566
15.2219	69.9257	0.165017	65.6566
15.2694	70.0082	0.0825083	65.6566
15.2697	70.0082	0.247525	65.6566
15.2765	70.0908	0.165017	65.6566
15.2931	70.1733	0.0825083	65.6566
15.2933	70.2145	0.165017	65.6566
15.3237	70.297	0.0825083	65.6566
15.3248	70.297	0.165017	65.6566
15.3914	70.3795	0.0825083	65.6566
15.3963	70.3795	0.0825083	66.6667
15.3966	70.3795	0.165017	66.6667
15.4475	70.462	0.0825083	66.6667
15.4501	70.5033	0.165017	66.6667
15.4513	70.5858	0.0825083	66.6667
15.4574	70.6271	0.165017	66.6667
15.5986	70.7096	0.0825083	66.6667
15.5988	70.7508	0.165017	66.6667
15.6414	70.8333	0.0825083	66.6667
15.6416	70.8333	0.247525	66.6667
15.6436	70.9158	0.165017	66.6667
15.7497	70.9984	0.0825083	66.6667
15.7501	70.9984	0.247525	66.6667
15.7519	71.0809	0.165017	66.6667
15.815	71.1634	0.0825083	66.6667
15.8221	71.2046	0.165017	66.6667
15.8279	71.2871	0.0825083	66.6667
15.8294	71.3284	0.165017	66.6667
15.8539	71.4109	0.0825083	66.6667
15.8596	71.4521	0.165017	66.6667
15.8913	71.5347	0.0825083	66.6667
15.894	71.5759	0.165017	66.6667
15.9317	71.6584	0.0825083	66.6667
15.9327	71.6584	0.247525	66.6667
15.9347	71.7409	0.165017	66.6667
15.9814	71.8234	0.0825083	66.6667
15.9826	71.8647	0.165017	66.6667
16.008	71.9472	0.0825083	66.6667
16.0085	71.9472	0.247525	66.6667
16.0099	72.0297	0.165017	66.6667
16.0566	72.1122	0.0825083	66.6667
16.057	72.1122	0.247525	66.6667
16.0625	72.1947	0.165017	66.6667
16.0634	72.236	0.247525	66.6667
16.0636	72.3185	0.165017	66.6667
16.103	72.401	0.0825083	66.6667
16.1035	72.4422	0.165017	66.6667
16.1058	72.4422	0.165017	67.1717
16.1072	72.5247	0.0825083	67.1717
16.108	72.566	0.165017	67.1717
16.1221	72.6485	0.0825083	67.1717
16.123	72.6485	0.165017	67.1717
16.1765	72.731	0.0825083	67.1717
16.1769	72.7723	0.165017	67.1717
16.2021	72.8548	0.0825083	67.1717
16.2023	72.896	0.165017	67.1717
16.2196	72.9785	0.0825083	67.1717
16.2209	73.0198	0.165017	67.1717
16.2228	73.1023	0.0825083	67.1717
16.2284	73.1023	0.0825083	68.1818
16.2312	73.1436	0.165017	68.1818
16.2315	73.2261	0.0825083	68.1818
16.388	73.2673	0.165017	68.1818
16.3913	73.3086	0.247525	68.1818
16.5406	73.3911	0.165017	68.1818
16.546	73.4323	0.247525	68.1818
16.6359	73.5149	0.165017	68.1818
16.7742	73.5974	0.0825083	68.1818
16.7745	73.6386	0.165017	68.1818
16.7893	73.7211	0.0825083	68.1818
16.7909	73.7624	0.165017	68.1818
16.9077	73.8449	0.0825083	68.1818
16.92	73.8449	0.0825083	68.6869
16.9203	73.8449	0.247525	68.6869
16.921	73.9274	0.165017	68.6869
16.9787	74.0099	0.0825083	68.6869
16.9866	74.0512	0.165017	68.6869
17.0006	74.1337	0.0825083	68.6869
17.0027	74.1749	0.165017	68.6869
17.0031	74.2574	0.0825083	68.6869
17.0081	74.2574	0.165017	68.6869
17.025	74.3399	0.0825083	68.6869
17.0346	74.4224	0	68.6869
17.0358	74.4637	0.0825083	68.6869
17.1498	74.5462	0	68.6869
17.1513	74.5462	0.0825083	68.6869
17.171	74.6287	0	68.6869
17.1725	74.67	0.0825083	68.6869
17.2092	74.7525	0	68.6869
17.2109	74.7525	0.0825083	68.6869
17.2483	74.835	0	68.6869
17.2488	74.835	0.0825083	68.6869
17.2705	74.9175	0	68.6869
17.2706	74.9587	0.0825083	68.6869
17.316	75.0413	0	68.6869
17.3161	75.0825	0.0825083	68.6869
17.3628	75.165	0	68.6869
17.3638	75.2063	0.0825083	68.6869
17.4903	75.2888	0	68.6869
17.4923	75.33	0.0825083	68.6869
17.5263	75.4125	0	68.6869
17.5264	75.4538	0.0825083	68.6869
17.5509	75.5363	0	68.6869
17.5588	75.5776	0.0825083	68.6869
17.5936	75.6601	0	68.6869
17.5953	75.7013	0.0825083	68.6869
17.6545	75.7838	0	68.6869
17.657	75.8251	0.0825083	68.6869
17.7638	75.9076	0	68.6869
17.7661	75.9488	0.0825083	68.6869
17.8434	76.0314	0	68.6869
17.8465	76.0726	0.0825083	68.6869
17.8995	76.1551	0	68.6869
17.8995	76.1964	0.0825083	68.6869
17.9251	76.2789	0	68.6869
17.9257	76.2789	0.0825083	68.6869
17.9746	76.3614	0	68.6869
17.9778	76.4026	0.0825083	68.6869
18.0127	76.4851	0	68.6869
18.0154	76.4851	0.0825083	68.6869
18.1155	76.5677	0	68.6869
18.1688	76.5677	0	69.1919
18.1689	76.5677	0.0825083	69.1919
18.17	76.6502	0	69.1919
18.17	76.6502	0.165017	69.1919
18.1706	76.7327	0.0825083	69.1919
18.1944	76.8152	0	69.1919
18.1945	76.8564	0.0825083	69.1919
18.3376	76.9389	0	69.1919
18.3423	76.9802	0.0825083	69.1919
18.5981	77.0627	0	69.1919
18.5981	77.0627	0.165017	69.1919
18.5985	77.1452	0.0825083	69.1919
18.662	77.2277	0	69.1919
18.6622	77.269	0.0825083	69.1919
18.6925	77.3515	0	69.1919
18.6945	77.3515	0.165017	69.1919
18.6961	77.434	0.0825083	69.1919
18.8688	77.5165	0	69.1919
18.8724	77.5165	0.0825083	69.1919
18.9715	77.599	0	69.1919
18.9728	77.6403	0.0825083	69.1919
19.002	77.7228	0	69.1919
19.1349	77.7228	0	70.202
19.1378	77.764	0.0825083	70.202
19.392	77.8465	0	70.202
19.4026	77.8465	0	71.2121
19.4054	77.8878	0.0825083	71.2121
19.4067	77.9703	0	71.2121
19.4095	78.0116	0.0825083	71.2121
19.4293	78.0941	0	71.2121
19.4297	78.0941	0.165017	71.2121
19.4304	78.1766	0.0825083	71.2121
19.5822	78.2591	0	71.2121
19.5829	78.2591	0.165017	71.2121
19.5848	78.3416	0.0825083	71.2121
19.6967	78.4241	0	71.2121
19.6972	78.4653	0.0825083	71.2121
19.7381	78.5479	0	71.2121
19.7399	78.5891	0.0825083	71.2121
19.7492	78.6716	0	71.2121
19.7509	78.7129	0.0825083	71.2121
19.8339	78.7954	0	71.2121
19.8366	78.8366	0.0825083	71.2121
20.0101	78.9191	0	71.2121
20.0149	78.9191	0	72.2222
20.0208	78.9191	0.0825083	72.2222
20.115	79.0016	0	72.2222
20.115	79.0016	0.165017	72.2222
20.1177	79.0842	0.0825083	72.2222
20.2016	79.1667	0	72.2222
20.2076	79.2079	0.0825083	72.2222
20.3683	79.2904	0	72.2222
20.3689	79.3317	0.0825083	72.2222
20.4783	79.4142	0	72.2222
20.4798	79.4142	0.165017	72.2222
20.48	79.4967	0.0825083	72.2222
20.5162	79.5792	0	72.2222
20.5182	79.5792	0.165017	72.2222
20.5223	79.6617	0.0825083	72.2222
20.5304	79.7442	0	72.2222
20.5622	79.7442	0	72.7273
20.5639	79.7442	0.0825083	72.7273
20.8322	79.8267	0	72.7273
20.8325	79.868	0.0825083	72.7273
20.8326	79.868	0.0825083	73.2323
20.8391	79.9505	0	73.2323
20.8416	79.9505	0.0825083	73.2323
20.9593	80.033	0	73.2323
20.9594	80.0743	0.0825083	73.2323
20.9715	80.1568	0	73.2323
20.9722	80.198	0.0825083	73.2323
21.0032	80.2805	0	73.2323
21.1115	80.2805	0	73.7374
21.1139	80.2805	0.0825083	73.7374
21.3387	80.363	0	73.7374
21.3392	80.4043	0.0825083	73.7374
21.3911	80.4868	0	73.7374
21.392	80.5281	0.0825083	73.7374
21.5536	80.6106	0	73.7374
21.5564	80.6518	0.0825083	73.7374
21.7352	80.7343	0	73.7374
21.7355	80.7756	0.0825083	73.7374
21.7949	80.8581	0	73.7374
21.795	80.8581	0.165017	73.7374
21.798	80.9406	0.0825083	73.7374
21.8226	81.0231	0	73.7374
21.8243	81.0644	0.0825083	73.7374
21.9086	81.1469	0	73.7374
21.9097	81.1881	0.0825083	73.7374
21.922	81.2706	0	73.7374
21.9223	81.2706	0.165017	73.7374
21.9252	81.3531	0.0825083	73.7374
22.0997	81.4356	0	73.7374
22.1727	81.4356	0	74.2424
22.2597	81.4356	0	74.7475
22.2625	81.4769	0.0825083	74.7475
22.3458	81.5594	0	74.7475
22.3469	81.6007	0.0825083	74.7475
22.3889	81.6832	0	74.7475
22.389	81.6832	0.165017	74.7475
22.3917	81.7657	0.0825083	74.7475
22.4043	81.8482	0	74.7475
22.4054	81.8894	0.0825083	74.7475
22.511	81.9719	0	74.7475
22.5118	82.0132	0.0825083	74.7475
22.6111	82.0957	0	74.7475
22.6807	82.0957	0	75.7576
22.6809	82.0957	0.165017	75.7576
22.6821	82.1782	0.0825083	75.7576
22.8952	82.2607	0	75.7576
22.9001	82.302	0.0825083	75.7576
23.0849	82.3845	0	75.7576
23.0863	82.3845	0	76.7677
23.0878	82.3845	0.165017	76.7677
23.0883	82.467	0.0825083	76.7677
23.2253	82.5495	0	76.7677
23.229	82.5908	0.0825083	76.7677
23.3117	82.6733	0	76.7677
23.3122	82.7145	0.0825083	76.7677
23.4186	82.797	0	76.7677
23.4203	82.797	0.165017	76.7677
23.421	82.8795	0.0825083	76.7677
23.5264	82.962	0	76.7677
23.5264	83.0033	0.0825083	76.7677
23.6152	83.0858	0	76.7677
23.6156	83.1271	0.0825083	76.7677
23.6943	83.2096	0	76.7677
23.6968	83.2508	0.0825083	76.7677
23.777	83.3333	0	76.7677
23.7789	83.3333	0.165017	76.7677
23.7807	83.4158	0.0825083	76.7677
23.8634	83.4984	0	76.7677
23.8641	83.5396	0.0825083	76.7677
23.872	83.6221	0	76.7677
23.8773	83.6634	0.0825083	76.7677
23.9055	83.7459	0	76.7677
23.9126	83.7871	0.0825083	76.7677
24.2222	83.8696	0	76.7677
24.2413	83.8696	0	77.2727
24.2478	83.9109	0.0825083	77.2727
24.2652	83.9934	0	77.2727
24.2657	83.9934	0.165017	77.2727
24.2712	84.0759	0.0825083	77.2727
24.3063	84.1584	0	77.2727
24.3077	84.1584	0.165017	77.2727
24.3132	84.2409	0.0825083	77.2727
24.4646	84.3234	0	77.2727
24.5809	84.3234	0	78.2828
24.5853	84.3647	0.0825083	78.2828
24.6255	84.4472	0	78.2828
24.6257	84.4472	0.0825083	78.2828
24.6668	84.5297	0	78.2828
24.668	84.5297	0.165017	78.2828
24.6681	84.6122	0.0825083	78.2828
24.718	84.6947	0	78.2828
24.7181	84.6947	0.165017	78.2828
24.7884	84.7772	0.0825083	78.2828
25.006	84.8597	0	78.2828
25.0088	84.901	0.0825083	78.2828
25.0234	84.9835	0	78.2828
25.0236	85.0247	0.0825083	78.2828
25.0237	85.1073	0	78.2828
25.0275	85.1485	0.0825083	78.2828
25.2353	85.231	0	78.2828
25.239	85.2723	0.0825083	78.2828
25.3263	85.3548	0	78.2828
25.3264	85.396	0.0825083	78.2828
25.3683	85.4785	0	78.2828
25.3744	85.4785	0.0825083	78.2828
25.4934	85.5611	0	78.2828
25.4939	85.6023	0.0825083	78.2828
25.5536	85.6848	0	78.2828
25.5544	85.7261	0.0825083	78.2828
25.7457	85.8086	0	78.2828
25.7483	85.8086	0.0825083	78.2828
25.8059	85.8911	0	78.2828
25.8089	85.8911	0.165017	78.2828
25.8091	85.9736	0.0825083	78.2828
25.8821	86.0561	0	78.2828
25.8831	86.0561	0.165017	78.2828
25.8839	86.1386	0.0825083	78.2828
25.9808	86.2211	0	78.2828
25.9827	86.2624	0.0825083	78.2828
25.9871	86.3449	0	78.2828
25.9899	86.3861	0.0825083	78.2828
26.0182	86.4686	0	78.2828
26.0212	86.4686	0.0825083	78.2828
26.1714	86.5512	0	78.2828
26.1726	86.5924	0.0825083	78.2828
26.9938	86.6749	0	78.2828
26.9948	86.7162	0.0825083	78.2828
27.0726	86.7987	0	78.2828
27.073	86.8399	0.0825083	78.2828
27.3679	86.9224	0	78.2828
27.4783	86.9224	0	78.7879
27.4809	86.9637	0.0825083	78.7879
27.5449	87.0462	0	78.7879
27.545	87.0462	0.165017	78.7879
27.5462	87.1287	0.0825083	78.7879
27.5499	87.2112	0	78.7879
27.5505	87.2525	0.0825083	78.7879
27.5535	87.2525	0.0825083	79.798
27.7376	87.335	0	79.798
27.7397	87.3762	0.0825083	79.798
28.2905	87.4587	0	79.798
28.2912	87.5	0.0825083	79.798
28.5393	87.5825	0	79.798
28.5395	87.6238	0.0825083	79.798
28.8034	87.7063	0	79.798
28.8051	87.7063	0.165017	79.798
28.807	87.7888	0.0825083	79.798
28.938	87.8713	0	79.798
28.9404	87.8713	0.0825083	79.798
29.2703	87.9538	0	79.798
29.2705	87.995	0.0825083	79.798
29.4693	88.0776	0	79.798
29.5399	88.0776	0	80.303
29.6045	88.0776	0	80.8081
29.6047	88.0776	0.165017	80.8081
29.605	88.1601	0.0825083	80.8081
29.6304	88.2426	0	80.8081
29.6309	88.2838	0.0825083	80.8081
29.6733	88.3663	0	80.8081
29.6738	88.4076	0.0825083	80.8081
29.8569	88.4901	0	80.8081
29.8603	88.5314	0.0825083	80.8081
30.0313	88.6139	0	80.8081
30.0341	88.6551	0.0825083	80.8081
30.0791	88.7376	0	80.8081
30.0797	88.7789	0.0825083	80.8081
30.2334	88.8614	0	80.8081
30.234	88.9026	0.0825083	80.8081
30.3086	88.9851	0	80.8081
30.3087	89.0264	0.0825083	80.8081
30.3479	89.1089	0	80.8081
30.3482	89.1502	0.0825083	80.8081
30.5332	89.2327	0	80.8081
30.5337	89.2327	0.165017	80.8081
30.5395	89.3152	0.0825083	80.8081
30.5626	89.3977	0	80.8081
30.5765	89.4389	0.0825083	80.8081
30.6328	89.5215	0	80.8081
30.6364	89.5215	0.165017	80.8081
30.6409	89.604	0.0825083	80.8081
30.7599	89.6865	0	80.8081
30.7624	89.7277	0.0825083	80.8081
30.8053	89.8102	0	80.8081
30.8055	89.8102	0.0825083	80.8081
30.9992	89.8927	0	80.8081
31.002	89.934	0.0825083	80.8081
31.151	90.0165	0	80.8081
31.2708	90.0165	0	81.3131
31.2719	90.0578	0.0825083	81.3131
31.459	90.1403	0	81.3131
31.4602	90.1815	0.0825083	81.3131
31.4665	90.264	0	81.3131
31.4671	90.3053	0.0825083	81.3131
31.6397	90.3878	0	81.3131
31.6419	90.429	0.0825083	81.3131
31.6582	90.5116	0	81.3131
31.6593	90.5528	0.0825083	81.3131
31.8515	90.6353	0	81.3131
31.8535	90.6353	0.0825083	81.3131
31.9433	90.7178	0	81.3131
32.052	90.7178	0	81.8182
32.0525	90.7178	0.165017	81.8182
32.0539	90.8003	0.0825083	81.8182
32.48	90.8828	0	81.8182
32.5022	90.8828	0	82.3232
32.5036	90.9241	0.0825083	82.3232
32.5347	91.0066	0	82.3232
32.5365	91.0479	0.0825083	82.3232
32.7225	91.1304	0	82.3232
32.723	91.1716	0.0825083	82.3232
32.8038	91.2541	0	82.3232
32.8073	91.2954	0.0825083	82.3232
33.5251	91.3779	0	82.3232
33.5259	91.4191	0.0825083	82.3232
33.6741	91.5016	0	82.3232
33.6753	91.5429	0.0825083	82.3232
33.9075	91.6254	0	82.3232
33.9079	91.6667	0.0825083	82.3232
34.0269	91.7492	0	82.3232
34.0282	91.7904	0.0825083	82.3232
34.0395	91.8729	0	82.3232
34.0423	91.9142	0.0825083	82.3232
34.5952	91.9967	0	82.3232
34.5957	92.038	0.0825083	82.3232
34.6459	92.1205	0	82.3232
34.6481	92.1617	0.0825083	82.3232
35.0551	92.2442	0	82.3232
35.0579	92.2442	0.0825083	82.3232
35.083	92.3267	0	82.3232
35.085	92.368	0.0825083	82.3232
35.2176	92.4505	0	82.3232
35.218	92.4918	0.0825083	82.3232
35.2728	92.5743	0	82.3232
35.2738	92.6155	0.0825083	82.3232
35.2909	92.698	0	82.3232
35.2916	92.698	0.165017	82.3232
35.2924	92.7805	0.0825083	82.3232
35.9408	92.863	0	82.3232
35.9408	92.863	0.0825083	82.3232
36.1411	92.9455	0	82.3232
36.1422	92.9868	0.0825083	82.3232
36.358	93.0693	0	82.3232
36.4507	93.0693	0	82.8283
36.4526	93.1106	0.0825083	82.8283
36.4764	93.1931	0	82.8283
36.4766	93.2343	0.0825083	82.8283
36.8605	93.3168	0	82.8283
36.8926	93.3168	0	83.3333
36.8975	93.3581	0.0825083	83.3333
37.4524	93.4406	0	83.3333
37.4553	93.4818	0.0825083	83.3333
37.5471	93.5644	0	83.3333
37.9433	93.5644	0	83.8384
37.9435	93.6056	0.0825083	83.8384
38.0214	93.6881	0	83.8384
38.0221	93.6881	0.0825083	83.8384
38.2949	93.7706	0	83.8384
38.2956	93.8119	0.0825083	83.8384
38.4834	93.8944	0	83.8384
38.4842	93.8944	0.165017	83.8384
38.4849	93.9769	0.0825083	83.8384
39.2117	94.0594	0	83.8384
39.2142	94.1007	0.0825083	83.8384
39.4439	94.1832	0	83.8384
39.4452	94.2244	0.0825083	83.8384
40.6342	94.3069	0	83.8384
40.6414	94.3482	0.0825083	83.8384
41.377	94.4307	0	83.8384
41.3775	94.4719	0.0825083	83.8384
41.5685	94.5545	0	83.8384
41.57	94.5957	0.0825083	83.8384
41.6594	94.6782	0	83.8384
41.6601	94.7195	0.0825083	83.8384
43.2819	94.802	0	83.8384
43.282	94.802	0.0825083	83.8384
43.295	94.8845	0	83.8384
43.2951	94.9257	0.0825083	83.8384
43.3053	95.0082	0	83.8384
43.3062	95.0495	0.0825083	83.8384
43.3243	95.132	0	83.8384
43.3256	95.1733	0.0825083	83.8384
44.2281	95.2558	0	83.8384
44.2319	95.297	0.0825083	83.8384
44.6731	95.3795	0	83.8384
45.4049	95.3795	0	84.3434
45.4052	95.4208	0.0825083	84.3434
45.6612	95.5033	0	84.3434
46.4971	95.5033	0	84.8485
46.5005	95.5446	0.0825083	84.8485
46.5771	95.6271	0	84.8485
46.5774	95.6683	0.0825083	84.8485
46.5952	95.7508	0	84.8485
46.8507	95.7508	0	85.3535
46.8528	95.7921	0.0825083	85.3535
47.3379	95.8746	0	85.3535
47.4055	95.8746	0	86.3636
47.4056	95.9158	0.0825083	86.3636
48.3971	95.9984	0	86.3636
48.3973	95.9984	0.165017	86.3636
48.3993	96.0809	0.0825083	86.3636
48.5278	96.1634	0	86.3636
48.5278	96.2046	0.0825083	86.3636
48.7679	96.2871	0	86.3636
48.7681	96.3284	0.0825083	86.3636
49.9174	96.4109	0	86.3636
49.918	96.4521	0.0825083	86.3636
51.8828	96.5347	0	86.3636
51.883	96.5347	0.165017	86.3636
51.8904	96.6172	0.0825083	86.3636
52.3392	96.6997	0	86.3636
52.3393	96.6997	0.165017	86.3636
52.344	96.7822	0.0825083	86.3636
54.5965	96.8647	0	86.3636
54.5968	96.9059	0.0825083	86.3636
56.3398	96.9884	0	86.3636
56.3416	97.0297	0.0825083	86.3636
56.3737	97.1122	0	86.3636
56.3775	97.1535	0.0825083	86.3636
56.48	97.236	0	86.3636
56.4813	97.236	0.165017	86.3636
56.4821	97.3185	0.0825083	86.3636
58.5778	97.401	0	86.3636
58.5782	97.4422	0.0825083	86.3636
59.585	97.5247	0	86.3636
59.585	97.5247	0.165017	86.3636
59.5858	97.6073	0.0825083	86.3636
63.7176	97.6898	0	86.3636
63.7193	97.6898	0.165017	86.3636
63.7209	97.7723	0.0825083	86.3636
85.2077	97.8548	0	86.3636
85.2078	97.896	0.0825083	86.3636
86.0869	97.9785	0	86.3636
86.087	97.9785	0.165017	86.3636
86.0911	98.0611	0.0825083	86.3636
89.4488	98.1436	0	86.3636
90.2139	98.1848	0.0825083	86.3636
243.606	98.2673	0	86.3636
243.608	98.2673	0.165017	86.3636
243.609	98.3498	0.0825083	86.3636
253.537	98.4323	0	86.3636
257.717	98.4323	0	86.8687
259.713	98.4323	0	87.3737
261.292	98.4323	0	87.8788
264.576	98.4323	0	88.3838
266.67	98.4323	0	88.8889
267.897	98.4323	0	89.3939
269.082	98.4323	0	89.899
270.774	98.4323	0	90.404
271.537	98.4323	0	90.9091
272.039	98.4323	0	91.4141
276.99	98.4323	0	91.9192
277.777	98.4323	0	92.4242
278.859	98.4323	0	92.9293
279.289	98.4323	0	93.4343
284.323	98.4323	0	93.9394
293.974	98.4323	0	94.4444
299.347	98.4323	0	94.9495
300.082	98.4323	0	95.4545
437.815	98.4323	0	95.9596
541.828	98.4323	0	96.9697
750.527	98.4323	0	97.9798
751.172	98.4736	0.0825083	97.9798
832.185	98.5561	0	97.9798
1344.33	98.5561	0	98.9899
1616.99	98.5561	0	100
1616.99	98.5561	0.165017	100
1617.15	98.6386	0.0825083	100
1771.74	98.7211	0	100
1773.92	98.7624	0.0825083	100
2060.85	98.8449	0	100
2064.15	98.8449	0.0825083	100
2079.73	98.9274	0	100
2079.74	98.9686	0.0825083	100
2460.07	99.0512	0	100
2460.12	99.0512	0.165017	100
2460.68	99.1337	0.0825083	100
2798.96	99.2162	0	100
2798.97	99.2162	0.165017	100
2799.76	99.2987	0.0825083	100
4371.62	99.3812	0	100
4371.62	99.3812	0.165017	100
4373.54	99.4637	0.0825083	100
4442.05	99.5462	0	100
4442.22	99.5875	0.0825083	100
4660.32	99.67	0	100
4661.05	99.7112	0.0825083	100
6275.84	99.7937	0	100
6276.72	99.7937	0.0825083	100
6282.44	99.8762	0	100
6282.44	99.9175	0.0825083	100
