3.81728e-06	0	0	0
8.88486e-06	0	0	0
1.05223e-05	0	0	0
1.17467e-05	0	0	0
1.65225e-05	0	0	0
1.88428e-05	0	0	0
1.97742e-05	0	0	0
2.62537e-05	0	0	0
2.80536e-05	0	0	0
3.32385e-05	0	0	0
3.4896e-05	0	0	0
4.18636e-05	0	0	0
4.20938e-05	0	0	0
4.3167e-05	0	0	0
4.41478e-05	0	0	0
6.32588e-05	0	0	0
6.33899e-05	0	0	0
6.6588e-05	0	0	0
6.72626e-05	0	0	0
6.76183e-05	0	0	0
7.1176e-05	0	0	0
7.18811e-05	0	0	0
8.25748e-05	0	0	0
8.5226e-05	0	0	0
9.25122e-05	0	0	0
9.37269e-05	0	0	0
0.000102602	0	0	0
0.000111901	0	0	0
0.00011198	0	0	0
0.000115126	0	0	0
0.000117431	0	0	0
0.000122135	0	0	0
0.00014008	0	0	0
0.0001445	0	0	0
0.000148801	0	0	0
0.000159785	0	0	0
0.000160506	0	0	0
0.000166479	0	0	0
0.000168937	0	0	0
0.000169561	0	0	0
0.000171289	0	0	0
0.000177836	0	0	0
0.000179776	0	0	0
0.000192154	0	0	0
0.00019373	0	0	0
0.000197602	0	0	0
0.000198245	0	0	0
0.000211765	0	0	0
0.000213109	0	0	0
0.00022027	0	0	0
0.000220734	0	0	0
0.000226415	0	0	0
0.00023229	0	0	0
0.000235905	0	0	0
0.000236981	0	0	0
0.000238611	0	0	0
0.000239003	0	0	0
0.000250117	0	0	0
0.000252633	0	0	0
0.000253857	0	0	0
0.00025404	0	0	0
0.000254683	0	0	0
0.000258408	0	0	0
0.000264764	0	0	0
0.000269592	0	0	0
0.000274515	0	0	0
0.000287611	0	0	0
0.000291722	0	0	0
0.000307052	0	0	0
0.000311829	0	0	0
0.000311852	0	0	0
0.000319438	0	0	0
0.000327593	0	0	0
0.000336766	0	0	0
0.00033793	0	0	0
0.000345776	0	0	0
0.000360141	0	0	0
0.000371977	0	0	0
0.000376355	0	0	0
0.000388219	0	0	0
0.00039505	0	0	0
0.000395087	0	0	0
0.000395701	0	0	0
0.000396563	0	0	0
0.000398911	0	0	0
0.000400781	0	0	0
0.000409709	0	0	0
0.000411691	0	0	0
0.000416774	0	0	0
0.000416887	0	0	0
0.000418609	0	0	0
0.000420943	0	0	0
0.000422231	0	0	0
0.000427564	0	0	0
0.000428513	0	0	0
0.000430625	0	0	0
0.000430827	0	0	0
0.000439146	0	0	0
0.000439952	0	0	0
0.000440478	0	0	0
0.000440825	0	0	0
0.000443812	0	0	0
0.000446312	0	0	0
0.000447408	0	0	0
0.000453667	0	0	0
0.000456042	0	0	0
0.000456372	0	0	0
0.000458085	0	0	0
0.000467131	0	0	0
0.000471052	0	0	0
0.000481983	0	0	0
0.000482352	0	0	0
0.000485695	0	0	0
0.000489598	0	0	0
0.000492903	0	0	0
0.000494438	0	0	0
0.000502812	0	0	0
0.000504752	0	0	0
0.000505368	0	0	0
0.000509305	0	0	0
0.000512913	0	0	0
0.000513209	0	0	0
0.00051777	0	0	0
0.000519723	0	0	0
0.000523406	0	0	0
0.000524721	0	0	0
0.000535445	0	0	0
0.000536571	0	0	0
0.000543452	0	0	0
0.000553659	0	0	0
0.000555014	0	0	0
0.000556033	0	0	0
0.000556091	0	0	0
0.000560315	0	0	0
0.000563831	0	0	0
0.000565453	0	0	0
0.000565575	0	0	0
0.000569014	0	0	0
0.000572117	0	0	0
0.000582363	0	0	0
0.000582785	0	0	0
0.000584448	0	0	0
0.000585387	0	0	0
0.00058541	0	0	0
0.000587135	0	0	0
0.000587631	0	0	0
0.000588095	0	0	0
0.000590107	0	0	0
0.000591382	0	0	0
0.000594821	0	0	0
0.000596116	0	0	0
0.000596197	0	0	0
0.000602285	0	0	0
0.00060298	0	0	0
0.000604736	0	0	0
0.000604899	0	0	0
0.000610624	0	0	0
0.000612156	0	0	0
0.000616689	0	0	0
0.000618999	0	0	0
0.00062197	0	0	0
0.000624967	0	0	0
0.000626248	0	0	0
0.000628073	0	0	0
0.000629903	0	0	0
0.000631471	0	0	0
0.000632613	0	0	0
0.00064388	0	0	0
0.000647855	0	0	0
0.000653377	0	0	0
0.00065504	0	0	0
0.000663514	0	0	0
0.000665965	0	0	0
0.000666315	0	0	0
0.00066676	0	0	0
0.000667526	0	0	0
0.0006705	0	0	0
0.000673548	0	0	0
0.000688495	0	0	0
0.00068926	0	0	0
0.000692482	0	0	0
0.000694265	0	0	0
0.000697654	0	0	0
0.000702671	0	0	0
0.000704898	0	0	0
0.000706288	0	0	0
0.00071356	0	0	0
0.000718971	0	0	0
0.000726281	0	0	0
0.000727883	0	0	0
0.000737019	0	0	0
0.000740529	0	0	0
0.00074088	0	0	0
0.000740908	0	0	0
0.000744688	0	0	0
0.000745169	0	0	0
0.00074542	0	0	0
0.000748716	0	0	0
0.000755749	0	0	0
0.000756794	0	0	0
0.000757065	0	0	0
0.00075833	0	0	0
0.000762154	0	0	0
0.000762548	0	0	0
0.000767304	0	0	0
0.00076884	0	0	0
0.000772458	0	0	0
0.000773782	0	0	0
0.000780579	0	0	0
0.000789667	0	0	0
0.000792153	0	0	0
0.000792438	0	0	0
0.000799006	0	0	0
0.000805502	0	0	0
0.000811427	0	0	0
0.000814336	0	0	0
0.000817821	0	0	0
0.000820805	0	0	0
0.000822031	0	0	0
0.000824103	0	0	0
0.000828622	0	0	0
0.00083147	0	0	0
0.000831981	0	0	0
0.000834069	0	0	0
0.000839129	0	0	0
0.000839211	0	0	0
0.000846464	0	0	0
0.000846926	0	0	0
0.000848632	0	0	0
0.000851966	0	0	0
0.000854272	0	0	0
0.000863427	0	0	0
0.000865098	0	0	0
0.000872269	0	0	0
0.000872399	0	0	0
0.000873208	0	0	0
0.000877773	0	0	0
0.000878811	0	0	0
0.000878993	0	0	0
0.000880381	0	0	0
0.000881812	0	0	0
0.000882069	0	0	0
0.000887186	0	0	0
0.000894506	0	0	0
0.000903907	0	0	0
0.000905404	0	0	0
0.000907973	0	0	0
0.000909924	0	0	0
0.000910001	0	0	0
0.000910526	0	0	0
0.000912828	0	0	0
0.000914836	0	0	0
0.000916066	0	0	0
0.000920295	0	0	0
0.000921432	0	0	0
0.000922951	0	0	0
0.000923671	0	0	0
0.000928626	0	0	0
0.000931513	0	0	0
0.000931668	0	0	0
0.000932032	0	0	0
0.000934003	0	0	0
0.000935896	0	0	0
0.000940329	0	0	0
0.000942892	0	0	0
0.000947914	0	0	0
0.000953558	0	0	0
0.000954188	0	0	0
0.000962425	0	0	0
0.000963968	0	0	0
0.00096521	0	0	0
0.000965406	0	0	0
0.000966246	0	0	0
0.000968801	0	0	0
0.000970189	0	0	0
0.000970368	0	0	0
0.000975819	0	0	0
0.000980901	0	0	0
0.000987346	0	0	0
0.000987396	0	0	0
0.000989697	0	0	0
0.000992521	0	0	0
0.000994518	0	0	0
0.000999693	0	0	0
0.00100958	0	0	0
0.001015	0	0	0
0.0010193	0	0	0
0.00102142	0	0	0
0.00102305	0	0	0
0.00102307	0	0	0
0.0010243	0	0	0
0.00102525	0	0	0
0.00103019	0	0	0
0.00103196	0	0	0
0.00103664	0	0	0
0.00103718	0	0	0
0.00104	0	0	0
0.00104586	0	0	0
0.00104699	0	0	0
0.0010478	0	0	0
0.00104851	0	0	0
0.00105387	0	0	0
0.0010546	0	0	0
0.00105985	0	0	0
0.00106276	0	0	0
0.00106775	0	0	0
0.00107023	0	0	0
0.00107055	0	0	0
0.00107159	0	0	0
0.00107479	0	0	0
0.00107701	0	0	0
0.00107791	0	0	0
0.00109095	0	0	0
0.00110289	0	0	0
0.00110498	0	0	0
0.00111244	0	0	0
0.00111411	0	0	0
0.00111517	0	0	0
0.00112179	0	0	0
0.00112708	0	0	0
0.00112827	0	0	0
0.0011436	0	0	0
0.00114827	0	0	0
0.00115591	0	0	0
0.00116342	0	0	0
0.00116457	0	0	0
0.00116753	0	0	0
0.00117149	0	0	0
0.0011736	0	0	0
0.00117711	0	0	0
0.00117774	0	0	0
0.00118025	0	0	0
0.00118694	0	0	0
0.00119056	0	0	0
0.00119643	0	0	0
0.00120013	0	0	0
0.00120027	0	0	0
0.00120123	0	0	0
0.00120971	0	0	0
0.00121829	0	0	0
0.00122208	0	0	0
0.00122249	0	0	0
0.00122714	0	0	0
0.00122837	0	0	0
0.00122852	0	0	0
0.00123956	0	0	0
0.00124489	0	0	0
0.00124496	0	0	0
0.00125286	0	0	0
0.00125579	0	0	0
0.0012579	0	0	0
0.00126159	0	0	0
0.00126678	0	0	0
0.00126896	0	0	0
0.00127376	0	0	0
0.00127614	0	0	0
0.00127639	0	0	0
0.00127746	0	0	0
0.00128274	0	0	0
0.00128276	0	0	0
0.00128285	0	0	0
0.00128392	0	0	0
0.00129025	0	0	0
0.00129204	0	0	0
0.00129661	0	0	0
0.00129823	0	0	0
0.00130768	0	0	0
0.00130828	0	0	0
0.00131287	0	0	0
0.00131383	0	0	0
0.00131864	0	0	0
0.00132183	0	0	0
0.00132376	0	0	0
0.0013259	0	0	0
0.00132852	0	0	0
0.0013309	0	0	0
0.00133942	0	0	0
0.00134007	0	0	0
0.00134094	0	0	0
0.00134276	0	0	0
0.00134478	0	0	0
0.00135193	0	0	0
0.00135406	0	0	0
0.00135523	0	0	0
0.00135595	0	0	0
0.0013642	0	0	0
0.00137605	0	0	0
0.00137769	0	0	0
0.001381	0	0	0
0.00138254	0	0	0
0.00139736	0	0	0
0.00140838	0	0	0
0.0014106	0	0	0
0.00141143	0	0	0
0.0014141	0	0	0
0.00141618	0	0	0
0.00142464	0	0	0
0.00143402	0	0	0
0.00144521	0	0	0
0.00144849	0	0	0
0.00145254	0	0	0
0.0014548	0	0	0
0.00146212	0	0	0
0.00146487	0	0	0
0.00146506	0	0	0
0.00146528	0	0	0
0.00146928	0	0	0
0.00147182	0	0	0
0.00148333	0	0	0
0.00148582	0	0	0
0.00148928	0	0	0
0.00149156	0	0	0
0.00149254	0	0	0
0.00149405	0	0	0
0.00149452	0	0	0
0.00149589	0	0	0
0.00149651	0	0	0
0.00149883	0	0	0
0.00150028	0	0	0
0.00150335	0	0	0
0.00150458	0	0	0
0.00150561	0	0	0
0.00151237	0	0	0
0.00151813	0	0	0
0.00152027	0	0	0
0.0015265	0	0	0
0.00153671	0	0	0
0.00154928	0	0	0
0.00155238	0	0	0
0.0015558	0	0	0
0.00156209	0	0	0
0.00156356	0	0	0
0.00156358	0	0	0
0.0015692	0	0	0
0.00157652	0	0	0
0.00157656	0	0	0
0.00158735	0	0	0
0.00159713	0	0	0
0.00159964	0	0	0
0.00160759	0	0	0
0.00161045	0	0	0
0.00162699	0	0	0
0.0016363	0	0	0
0.00163723	0	0	0
0.00163994	0	0	0
0.00164019	0	0	0
0.00164154	0	0	0
0.00164641	0	0	0
0.00164948	0	0	0
0.0016524	0	0	0
0.00165451	0	0	0
0.00166658	0	0	0
0.00166974	0	0	0
0.00167094	0	0	0
0.00167542	0	0	0
0.00167721	0	0	0
0.00167917	0	0	0
0.00167922	0	0	0
0.00168643	0	0	0
0.00168737	0	0	0
0.00168793	0	0	0
0.00169298	0	0	0
0.0016964	0	0	0
0.00170557	0	0	0
0.00170828	0	0	0
0.00171626	0	0	0
0.00171783	0	0	0
0.00172579	0	0	0
0.00172604	0	0	0
0.00172675	0	0	0
0.00172815	0	0	0
0.00173018	0	0	0
0.00173266	0	0	0
0.00174107	0	0	0
0.00175229	0	0	0
0.00175991	0	0	0
0.00176551	0	0	0
0.00177638	0	0	0
0.00178091	0	0	0
0.00178227	0	0	0
0.00178715	0	0	0
0.00178793	0	0	0
0.00178895	0	0	0
0.00179087	0	0	0
0.00179156	0	0	0
0.00179181	0	0	0
0.00179762	0	0	0
0.00180314	0	0	0
0.00180315	0	0	0
0.00182018	0	0	0
0.00183055	0	0	0
0.0018337	0	0	0
0.00183922	0	0	0
0.00184246	0	0	0
0.00184433	0	0	0
0.00185011	0	0	0
0.00186688	0	0	0
0.00186719	0	0	0
0.00187256	0	0	0
0.00187303	0	0	0
0.00188077	0	0	0
0.00188518	0	0	0
0.00190102	0	0	0
0.00191374	0	0	0
0.00192378	0	0	0
0.00192613	0	0	0
0.00194119	0	0	0
0.00194141	0	0	0
0.00194363	0	0	0
0.00195117	0	0	0
0.00195203	0	0	0
0.0019558	0	0	0
0.00195731	0	0	0
0.00196532	0	0	0
0.00197203	0	0	0
0.00197515	0	0	0
0.00197866	0	0	0
0.00198006	0	0	0
0.00198482	0	0	0
0.00198515	0	0	0
0.00198834	0	0	0
0.00199395	0	0	0
0.0019949	0	0	0
0.00199605	0	0	0
0.00199676	0	0	0
0.002005	0	0	0
0.00201154	0	0	0
0.00201201	0	0	0
0.00201748	0	0	0
0.00202287	0	0	0
0.00202531	0	0	0
0.00203669	0	0	0
0.00204158	0	0	0
0.00204365	0	0	0
0.00204604	0	0	0
0.00205829	0	0	0
0.00206787	0	0	0
0.00208052	0	0	0
0.00209608	0	0	0
0.00215583	0	0	0
0.00215646	0	0	0
0.00215967	0	0	0
0.00216114	0	0	0
0.0021657	0	0	0
0.00216884	0	0	0
0.00216943	0	0	0
0.00217309	0	0	0
0.0021761	0	0	0
0.00217915	0	0	0
0.00220444	0	0	0
0.002211	0	0	0
0.00221545	0	0	0
0.00222224	0	0	0
0.00222721	0	0	0
0.00223951	0	0	0
0.00224614	0	0	0
0.00224717	0	0	0
0.00225793	0	0	0
0.00225887	0	0	0
0.00225929	0	0	0
0.00226361	0	0	0
0.00226896	0	0	0
0.00227411	0	0	0
0.00229651	0	0	0
0.00229856	0	0	0
0.00231535	0	0	0
0.00232528	0	0	0
0.00232799	0	0	0
0.00233509	0	0	0
0.00234712	0	0	0
0.00236516	0	0	0
0.00236654	0	0	0
0.0023907	0	0	0
0.00239347	0	0	0
0.00240179	0	0	0
0.00240196	0	0	0
0.00240891	0	0	0
0.00241154	0	0	0
0.0024136	0	0	0
0.00243366	0	0	0
0.00244544	0	0	0
0.00244647	0	0	0
0.00244714	0	0	0
0.00244981	0	0	0
0.0024606	0	0	0
0.00247718	0	0	0
0.00248107	0	0	0
0.00248386	0	0	0
0.00248558	0	0	0
0.00249772	0	0	0
0.00252324	0	0	0
0.00254191	0	0	0
0.00254413	0	0	0
0.00254592	0	0	0
0.00256035	0	0	0
0.00256448	0	0	0
0.00256593	0	0	0
0.00257312	0	0	0
0.00257334	0	0	0
0.00257356	0	0	0
0.00257518	0	0	0
0.00258666	0	0	0
0.00258863	0	0	0
0.00260122	0	0	0
0.00260252	0	0	0
0.00260813	0	0	0
0.00261341	0	0	0
0.00261444	0	0	0
0.00261782	0	0	0
0.00263243	0	0	0
0.00264224	0	0	0
0.00265469	0	0	0
0.00266669	0	0	0
0.00266881	0	0	0
0.00267349	0	0	0
0.00267358	0	0	0
0.0026791	0	0	0
0.00271867	0	0	0
0.00272604	0	0	0
0.00273752	0	0	0
0.00274301	0	0	0
0.00274326	0	0	0
0.0027473	0	0	0
0.00277145	0	0	0
0.00278308	0	0	0
0.00278541	0	0	0
0.00279575	0	0	0
0.0028063	0	0	0
0.00280646	0	0	0
0.00280754	0	0	0
0.00280972	0	0	0
0.00281505	0	0	0
0.00282924	0	0	0
0.00283249	0	0	0
0.0028713	0	0	0
0.0028875	0	0	0
0.00289304	0	0	0
0.00290192	0	0	0
0.00291376	0	0	0
0.00292364	0	0	0
0.00292374	0	0	0
0.00292997	0	0	0
0.00294522	0	0	0
0.0029463	0	0	0
0.00299617	0	0	0
0.00301507	0	0	0
0.00302717	0	0	0
0.00303086	0	0	0
0.00303403	0	0	0
0.00303788	0	0	0
0.0030429	0	0	0
0.00306381	0	0	0
0.0030784	0	0	0
0.00308105	0	0	0
0.00309391	0	0	0
0.00310063	0	0	0
0.00312698	0	0	0
0.00313849	0	0	0
0.0031451	0	0	0
0.00316252	0	0	0
0.00318799	0	0	0
0.00320451	0	0	0
0.00322025	0	0	0
0.00322327	0	0	0
0.00322605	0	0	0
0.00323313	0	0	0
0.00323517	0	0	0
0.00326529	0	0	0
0.00327066	0	0	0
0.00327312	0	0	0
0.00333735	0	0	0
0.00333808	0	0	0
0.00335559	0	0	0
0.00335735	0	0	0
0.00337081	0	0	0
0.00339761	0	0	0
0.00341042	0	0	0
0.00342477	0	0	0
0.00342806	0	0	0
0.00345405	0	0	0
0.00345753	0	0	0
0.00355191	0	0	0
0.00355602	0	0	0
0.00356728	0	0	0
0.003593	0	0	0
0.00363673	0	0	0
0.00370317	0	0	0
0.00378212	0	0	0
0.00379143	0	0	0
0.00381178	0	0	0
0.00383396	0	0	0
0.00390691	0	0	0
0.00394555	0	0	0
0.0039822	0	0	0
0.00398923	0	0	0
0.00400364	0	0	0
0.00405595	0	0	0
0.00412359	0	0	0
0.0041392	0	0	0
0.00415208	0	0	0
0.00415451	0	0	0
0.00419557	0	0	0
0.00420404	0	0	0
0.00423314	0	0	0
0.00425154	0	0	0
0.00435022	0	0	0
0.00440525	0	0	0
0.00468497	0	0	0
0.00489348	0	0	0
0.00493521	0	0	0
0.00500059	0	0	0
0.00502025	0	0	0
0.00504182	0	0	0
0.00510045	0	0	0
0.00511221	0	0	0
0.00512795	0	0	0
0.00524668	0	0	0
0.0052655	0	0	0
0.00551129	0	0	0
0.00558212	0	0	0
0.00560832	0	0	0
0.00577854	0	0	0
0.00580243	0	0	0
0.00597812	0	0	0
0.00616096	0	0	0
0.00628331	0	0	0
0.00645713	0	0	0
0.00652967	0	0	0
0.00696421	0	0	0
0.0071243	0	0	0
0.00825409	0	0	0
0.00894673	0	0	0
0.0162623	0	0	0
0.022033	0	0	0
0.0222757	0.0412541	0.0825083	0
0.0383122	0.123762	0	0
0.0479697	0.123762	0	0.512821
0.0605432	0.123762	0	0.512821
0.0611214	0.123762	0.165017	0.512821
0.0657833	0.206271	0.0825083	0.512821
0.078982	0.288779	0	0.512821
0.0809532	0.288779	0	1.02564
0.0816816	0.288779	0.165017	1.02564
0.0843399	0.371287	0.0825083	1.02564
0.108129	0.453795	0	1.02564
0.109893	0.49505	0.0825083	1.02564
0.118021	0.577558	0	1.02564
0.118442	0.618812	0.0825083	1.02564
0.147229	0.70132	0	1.02564
0.148981	0.70132	0.0825083	1.02564
0.15978	0.783828	0	1.02564
0.169879	0.783828	0	1.53846
0.171293	0.825082	0.0825083	1.53846
0.171643	0.907591	0	1.53846
0.171679	0.907591	0.165017	1.53846
0.173055	0.990099	0.0825083	1.53846
0.179416	1.07261	0	1.53846
0.182125	1.07261	0	2.05128
0.197509	1.07261	0	2.5641
0.198932	1.11386	0.0825083	2.5641
0.20309	1.19637	0	2.5641
0.206414	1.19637	0	2.5641
0.213863	1.23762	0.0825083	2.5641
0.220494	1.32013	0	2.5641
0.228741	1.36139	0.0825083	2.5641
0.239269	1.44389	0	2.5641
0.241352	1.44389	0.165017	2.5641
0.24732	1.5264	0.0825083	2.5641
0.288667	1.60891	0	2.5641
0.290875	1.60891	0.0825083	2.5641
0.297901	1.69142	0	2.5641
0.298425	1.69142	0	3.07692
0.298586	1.73267	0.0825083	3.07692
0.30205	1.81518	0	3.07692
0.302865	1.85644	0.0825083	3.07692
0.30728	1.93894	0	3.07692
0.318926	1.93894	0	3.07692
0.320611	1.93894	0.0825083	3.07692
0.324322	2.02145	0	3.07692
0.344655	2.02145	0	4.10256
0.346696	2.02145	0.165017	4.10256
0.349813	2.10396	0.0825083	4.10256
0.353127	2.18647	0	4.10256
0.358785	2.22772	0.0825083	4.10256
0.384407	2.31023	0	4.10256
0.387008	2.31023	0	4.61538
0.387745	2.31023	0.0825083	4.61538
0.398054	2.39274	0	4.61538
0.398317	2.43399	0.0825083	4.61538
0.401765	2.5165	0	4.61538
0.404937	2.55776	0.0825083	4.61538
0.406846	2.64026	0	4.61538
0.408155	2.64026	0.165017	4.61538
0.409424	2.72277	0.0825083	4.61538
0.422349	2.80528	0	4.61538
0.423522	2.84653	0.0825083	4.61538
0.425471	2.92904	0	4.61538
0.425912	2.9703	0.0825083	4.61538
0.43047	3.05281	0	4.61538
0.431077	3.05281	0.0825083	4.61538
0.432247	3.13531	0	4.61538
0.432424	3.13531	0.165017	4.61538
0.432662	3.13531	0.165017	4.61538
0.433139	3.21782	0.0825083	4.61538
0.439505	3.30033	0	4.61538
0.442682	3.30033	0.0825083	4.61538
0.457894	3.38284	0	4.61538
0.458006	3.42409	0.0825083	4.61538
0.462785	3.5066	0	4.61538
0.482445	3.5066	0	4.61538
0.486229	3.54785	0.0825083	4.61538
0.526266	3.63036	0	4.61538
0.527285	3.63036	0.165017	4.61538
0.527472	3.71287	0.0825083	4.61538
0.531535	3.79538	0	4.61538
0.5338	3.79538	0.165017	4.61538
0.534137	3.87789	0.0825083	4.61538
0.53462	3.9604	0	4.61538
0.534707	4.00165	0.0825083	4.61538
0.543099	4.08416	0	4.61538
0.54413	4.08416	0.165017	4.61538
0.544443	4.16667	0.0825083	4.61538
0.548575	4.24918	0	4.61538
0.550074	4.29043	0.0825083	4.61538
0.552601	4.37294	0	4.61538
0.55403	4.41419	0.0825083	4.61538
0.57939	4.4967	0	4.61538
0.579462	4.4967	0.165017	4.61538
0.579778	4.57921	0.0825083	4.61538
0.598901	4.66172	0	4.61538
0.602162	4.70297	0.0825083	4.61538
0.612415	4.78548	0	4.61538
0.62398	4.78548	0	5.64103
0.630691	4.78548	0	5.64103
0.630731	4.78548	0.0825083	5.64103
0.635945	4.86799	0	5.64103
0.636812	4.90924	0.0825083	5.64103
0.639441	4.99175	0	5.64103
0.640625	4.99175	0.165017	5.64103
0.642681	5.07426	0.0825083	5.64103
0.660339	5.15677	0	5.64103
0.660975	5.15677	0	6.15385
0.662186	5.15677	0.0825083	6.15385
0.697302	5.23927	0	6.15385
0.698769	5.28053	0.0825083	6.15385
0.702591	5.36304	0	6.15385
0.709356	5.36304	0	6.15385
0.763306	5.36304	0	6.15385
0.763589	5.36304	0.0825083	6.15385
0.765867	5.44554	0	6.15385
0.766709	5.44554	0.165017	6.15385
0.768135	5.52805	0.0825083	6.15385
0.783504	5.61056	0	6.15385
0.78777	5.61056	0.165017	6.15385
0.79186	5.69307	0.0825083	6.15385
0.795885	5.77558	0	6.15385
0.796287	5.77558	0	6.66667
0.797803	5.77558	0.165017	6.66667
0.797815	5.81683	0.247525	6.66667
0.798329	5.89934	0.165017	6.66667
0.80778	5.98185	0.0825083	6.66667
0.829488	6.06436	0	6.66667
0.830145	6.10561	0.0825083	6.66667
0.83778	6.18812	0	6.66667
0.840884	6.18812	0.165017	6.66667
0.841797	6.22937	0.247525	6.66667
0.843752	6.31188	0.165017	6.66667
0.845125	6.39439	0.0825083	6.66667
0.852594	6.4769	0	6.66667
0.852704	6.4769	0.165017	6.66667
0.853445	6.51815	0.247525	6.66667
0.85354	6.60066	0.165017	6.66667
0.853883	6.68317	0.0825083	6.66667
0.862508	6.76568	0	6.66667
0.862823	6.76568	0.0825083	6.66667
0.88047	6.84818	0	6.66667
0.881108	6.84818	0.165017	6.66667
0.883457	6.93069	0.0825083	6.66667
0.884019	6.97195	0.165017	6.66667
0.885161	7.05446	0.0825083	6.66667
0.889684	7.13696	0	6.66667
0.890928	7.13696	0	6.66667
0.892661	7.17822	0.0825083	6.66667
0.896093	7.26073	0	6.66667
0.903406	7.26073	0	7.17949
0.905529	7.30198	0.0825083	7.17949
0.917343	7.38449	0	7.17949
0.926893	7.38449	0	7.69231
0.930459	7.38449	0.165017	7.69231
0.93111	7.467	0.0825083	7.69231
0.953349	7.5495	0	7.69231
0.95499	7.5495	0.165017	7.69231
0.956816	7.63201	0.0825083	7.69231
0.971353	7.71452	0	7.69231
0.976272	7.71452	0	7.69231
0.988618	7.71452	0	7.69231
0.992583	7.71452	0	7.69231
0.994138	7.71452	0.0825083	7.69231
0.99429	7.75578	0.165017	7.69231
0.99441	7.83828	0.0825083	7.69231
1.03087	7.92079	0	7.69231
1.0313	7.96205	0.0825083	7.69231
1.04577	8.04455	0	7.69231
1.04867	8.04455	0.0825083	7.69231
1.05553	8.12706	0	7.69231
1.05578	8.12706	0	8.20513
1.05585	8.16832	0.0825083	8.20513
1.05631	8.25082	0	8.20513
1.0575	8.25082	0.165017	8.20513
1.06034	8.33333	0.0825083	8.20513
1.06109	8.33333	0.0825083	8.71795
1.07869	8.41584	0	8.71795
1.0795	8.4571	0.0825083	8.71795
1.07989	8.5396	0	8.71795
1.08305	8.58086	0.0825083	8.71795
1.08905	8.66337	0	8.71795
1.09011	8.66337	0	9.23077
1.09018	8.66337	0.165017	9.23077
1.09174	8.74587	0.0825083	9.23077
1.0989	8.82838	0	9.23077
1.10287	8.86964	0.0825083	9.23077
1.10949	8.95215	0	9.23077
1.11024	8.95215	0	9.74359
1.11061	8.95215	0.165017	9.74359
1.11071	9.03465	0.0825083	9.74359
1.12272	9.11716	0	9.74359
1.14499	9.11716	0	10.2564
1.14513	9.15842	0.0825083	10.2564
1.15394	9.24092	0	10.2564
1.15559	9.28218	0.0825083	10.2564
1.15697	9.32343	0.165017	10.2564
1.16046	9.40594	0.0825083	10.2564
1.16204	9.48845	0	10.2564
1.16525	9.5297	0.0825083	10.2564
1.16613	9.5297	0.0825083	10.7692
1.16663	9.57096	0.165017	10.7692
1.16721	9.65347	0.0825083	10.7692
1.17073	9.69472	0.165017	10.7692
1.17138	9.77723	0.0825083	10.7692
1.18659	9.85974	0	10.7692
1.18814	9.90099	0.0825083	10.7692
1.18836	9.94224	0.165017	10.7692
1.19062	10.0248	0.0825083	10.7692
1.19694	10.1073	0	10.7692
1.19748	10.1485	0.0825083	10.7692
1.20656	10.231	0	10.7692
1.21001	10.2723	0.0825083	10.7692
1.21035	10.3548	0	10.7692
1.26228	10.3548	0	11.2821
1.26229	10.396	0.0825083	11.2821
1.28568	10.4785	0	11.2821
1.28649	10.4785	0.0825083	11.2821
1.28892	10.5611	0	11.2821
1.29731	10.6023	0.0825083	11.2821
1.29855	10.6436	0.165017	11.2821
1.30049	10.7261	0.0825083	11.2821
1.31114	10.8086	0	11.2821
1.31152	10.8086	0.165017	11.2821
1.31249	10.8911	0.0825083	11.2821
1.31251	10.9736	0	11.2821
1.31421	10.9736	0.165017	11.2821
1.31578	11.0561	0.0825083	11.2821
1.3203	11.1386	0	11.2821
1.32313	11.1799	0.0825083	11.2821
1.33351	11.2624	0	11.2821
1.33383	11.3036	0.0825083	11.2821
1.33743	11.3861	0	11.2821
1.33861	11.3861	0.0825083	11.2821
1.36619	11.4686	0	11.2821
1.37077	11.5099	0.0825083	11.2821
1.38872	11.5924	0	11.2821
1.39677	11.5924	0	12.3077
1.40081	11.5924	0.0825083	12.3077
1.40093	11.6749	0	12.3077
1.40146	11.7162	0.0825083	12.3077
1.40148	11.7987	0	12.3077
1.40206	11.7987	0.165017	12.3077
1.40463	11.8812	0.0825083	12.3077
1.40773	11.9637	0	12.3077
1.41169	11.9637	0.0825083	12.3077
1.4144	12.0462	0	12.3077
1.4194	12.0875	0.0825083	12.3077
1.44456	12.17	0	12.3077
1.44795	12.17	0.0825083	12.3077
1.44864	12.2525	0	12.3077
1.4554	12.2525	0	12.3077
1.45561	12.2525	0.0825083	12.3077
1.45613	12.335	0	12.3077
1.46082	12.335	0	12.8205
1.46528	12.335	0	13.3333
1.46607	12.335	0.165017	13.3333
1.46693	12.335	0.165017	13.8462
1.47295	12.4175	0.0825083	13.8462
1.4731	12.4587	0.165017	13.8462
1.47538	12.5413	0.0825083	13.8462
1.48396	12.6238	0	13.8462
1.48408	12.665	0.0825083	13.8462
1.4928	12.7475	0	13.8462
1.49379	12.7888	0.0825083	13.8462
1.51506	12.8713	0	13.8462
1.51703	12.9125	0.0825083	13.8462
1.51707	12.995	0	13.8462
1.52725	12.995	0.165017	13.8462
1.52731	12.995	0.247525	13.8462
1.5278	13.0776	0.165017	13.8462
1.52857	13.1188	0.247525	13.8462
1.53	13.1188	0.247525	14.8718
1.53981	13.2013	0.165017	14.8718
1.54067	13.2426	0.247525	14.8718
1.55396	13.3251	0.165017	14.8718
1.55405	13.3251	0.330033	14.8718
1.55411	13.4076	0.247525	14.8718
1.57056	13.4901	0.165017	14.8718
1.57506	13.4901	0.165017	14.8718
1.60111	13.4901	0.165017	15.3846
1.60226	13.5314	0.247525	15.3846
1.60703	13.6139	0.165017	15.3846
1.61358	13.6139	0.165017	15.8974
1.61604	13.6139	0.330033	15.8974
1.62127	13.6964	0.247525	15.8974
1.64644	13.7789	0.165017	15.8974
1.64667	13.8201	0.247525	15.8974
1.65836	13.9026	0.165017	15.8974
1.65869	13.9026	0.247525	15.8974
1.66819	13.9851	0.165017	15.8974
1.6689	13.9851	0.330033	15.8974
1.69524	14.0677	0.247525	15.8974
1.6969	14.1089	0.330033	15.8974
1.70332	14.1914	0.247525	15.8974
1.70529	14.1914	0.412541	15.8974
1.70638	14.2739	0.330033	15.8974
1.71798	14.3564	0.247525	15.8974
1.71842	14.3564	0.330033	15.8974
1.72139	14.4389	0.247525	15.8974
1.72368	14.4389	0.247525	16.4103
1.72378	14.4802	0.330033	16.4103
1.75507	14.5627	0.247525	16.4103
1.75813	14.604	0.330033	16.4103
1.75827	14.6452	0.412541	16.4103
1.76466	14.7277	0.330033	16.4103
1.76608	14.8102	0.247525	16.4103
1.76939	14.8515	0.330033	16.4103
1.77075	14.8515	0.330033	16.4103
1.79156	14.934	0.247525	16.4103
1.80502	14.934	0.247525	16.9231
1.83196	14.934	0.247525	17.4359
1.83284	14.934	0.412541	17.4359
1.83327	15.0165	0.330033	17.4359
1.83333	15.0578	0.412541	17.4359
1.83503	15.1403	0.330033	17.4359
1.84389	15.2228	0.247525	17.4359
1.84413	15.264	0.330033	17.4359
1.85375	15.3465	0.247525	17.4359
1.85565	15.3465	0.247525	17.9487
1.857	15.3878	0.330033	17.9487
1.87541	15.4703	0.247525	17.9487
1.87649	15.4703	0.412541	17.9487
1.87831	15.5528	0.330033	17.9487
1.90054	15.6353	0.247525	17.9487
1.90214	15.6766	0.330033	17.9487
1.91667	15.7591	0.247525	17.9487
1.93026	15.7591	0.247525	18.4615
1.93124	15.8003	0.330033	18.4615
1.93434	15.8828	0.247525	18.4615
1.95159	15.8828	0.247525	18.9744
1.95311	15.8828	0.247525	20
1.9545	15.9241	0.330033	20
1.97684	16.0066	0.247525	20
1.97805	16.0479	0.330033	20
2.00768	16.1304	0.247525	20
2.03262	16.1304	0.247525	20.5128
2.0353	16.1304	0.412541	20.5128
2.03686	16.2129	0.330033	20.5128
2.03693	16.2954	0.247525	20.5128
2.05127	16.2954	0.247525	20.5128
2.05611	16.3366	0.330033	20.5128
2.09269	16.4191	0.247525	20.5128
2.09362	16.4191	0.412541	20.5128
2.09424	16.5016	0.330033	20.5128
2.09703	16.5016	0.330033	21.0256
2.09911	16.5842	0.247525	21.0256
2.10149	16.6254	0.330033	21.0256
2.10189	16.6254	0.49505	21.0256
2.10542	16.7079	0.412541	21.0256
2.10607	16.7904	0.330033	21.0256
2.10936	16.8729	0.247525	21.0256
2.10948	16.8729	0.330033	21.0256
2.12659	16.9554	0.247525	21.0256
2.12854	16.9554	0.330033	21.0256
2.12997	17.038	0.247525	21.0256
2.13501	17.0792	0.330033	21.0256
2.15204	17.1617	0.247525	21.0256
2.15376	17.1617	0.330033	21.0256
2.22352	17.2442	0.247525	21.0256
2.22458	17.2855	0.330033	21.0256
2.25205	17.368	0.247525	21.0256
2.25367	17.368	0.330033	21.0256
2.26797	17.4505	0.247525	21.0256
2.26881	17.4505	0.412541	21.0256
2.27125	17.533	0.330033	21.0256
2.27313	17.6155	0.247525	21.0256
2.27908	17.6568	0.330033	21.0256
2.28585	17.7393	0.247525	21.0256
2.29103	17.7393	0.330033	21.0256
2.29601	17.8218	0.247525	21.0256
2.30702	17.8218	0.247525	21.0256
2.30992	17.863	0.330033	21.0256
2.33119	17.9455	0.247525	21.0256
2.33121	17.9868	0.330033	21.0256
2.33476	18.0693	0.247525	21.0256
2.38398	18.0693	0.247525	21.5385
2.39267	18.0693	0.247525	21.5385
2.39338	18.1106	0.330033	21.5385
2.41101	18.1931	0.247525	21.5385
2.41171	18.1931	0.412541	21.5385
2.41215	18.2756	0.330033	21.5385
2.42476	18.3581	0.247525	21.5385
2.42489	18.3993	0.330033	21.5385
2.4296	18.4818	0.247525	21.5385
2.43096	18.5231	0.330033	21.5385
2.43146	18.5644	0.412541	21.5385
2.43175	18.6469	0.330033	21.5385
2.43786	18.7294	0.247525	21.5385
2.43948	18.7706	0.330033	21.5385
2.44551	18.8531	0.247525	21.5385
2.44713	18.8531	0.412541	21.5385
2.44719	18.9356	0.330033	21.5385
2.49542	19.0182	0.247525	21.5385
2.51734	19.0182	0.247525	21.5385
2.51868	19.0594	0.330033	21.5385
2.54262	19.1419	0.247525	21.5385
2.55058	19.1419	0.247525	21.5385
2.55063	19.1832	0.330033	21.5385
2.55269	19.1832	0.412541	21.5385
2.56122	19.2657	0.330033	21.5385
2.57062	19.3482	0.247525	21.5385
2.58174	19.3482	0.247525	22.0513
2.58274	19.3894	0.330033	22.0513
2.59972	19.4719	0.247525	22.0513
2.60608	19.4719	0.247525	22.5641
2.60622	19.5132	0.330033	22.5641
2.64682	19.5957	0.247525	22.5641
2.64695	19.637	0.330033	22.5641
2.64816	19.7195	0.247525	22.5641
2.6483	19.7607	0.330033	22.5641
2.66038	19.8432	0.247525	22.5641
2.66115	19.8432	0.412541	22.5641
2.66252	19.9257	0.330033	22.5641
2.69674	20.0083	0.247525	22.5641
2.70334	20.0083	0.247525	23.5897
2.70387	20.0083	0.330033	23.5897
2.7049	20.0908	0.247525	23.5897
2.7055	20.0908	0.412541	23.5897
2.70632	20.0908	0.577558	23.5897
2.70635	20.1733	0.49505	23.5897
2.70649	20.2558	0.412541	23.5897
2.7069	20.297	0.49505	23.5897
2.70749	20.3795	0.412541	23.5897
2.70834	20.462	0.330033	23.5897
2.71243	20.5446	0.247525	23.5897
2.71419	20.5858	0.330033	23.5897
2.71746	20.6683	0.247525	23.5897
2.71959	20.6683	0.330033	23.5897
2.76524	20.7508	0.247525	23.5897
2.76797	20.7921	0.330033	23.5897
2.76965	20.7921	0.330033	24.1026
2.78741	20.8746	0.247525	24.1026
2.79129	20.8746	0.330033	24.1026
2.79877	20.9571	0.247525	24.1026
2.80769	20.9984	0.330033	24.1026
2.81492	21.0809	0.247525	24.1026
2.83634	21.0809	0.247525	24.6154
2.83669	21.1221	0.330033	24.6154
2.8434	21.2046	0.247525	24.6154
2.86784	21.2046	0.247525	25.641
2.86846	21.2459	0.330033	25.641
2.87817	21.3284	0.247525	25.641
2.88053	21.3696	0.330033	25.641
2.88108	21.4521	0.247525	25.641
2.88417	21.4934	0.330033	25.641
2.91749	21.5759	0.247525	25.641
2.91986	21.6172	0.330033	25.641
2.93794	21.6997	0.247525	25.641
2.94004	21.6997	0.247525	26.1538
2.96742	21.7822	0.165017	26.1538
2.97572	21.8234	0.247525	26.1538
2.98579	21.9059	0.165017	26.1538
2.99432	21.9472	0.247525	26.1538
3.03248	22.0297	0.165017	26.1538
3.03389	22.071	0.247525	26.1538
3.06368	22.1535	0.165017	26.1538
3.06547	22.1947	0.247525	26.1538
3.06848	22.2772	0.165017	26.1538
3.06887	22.3185	0.247525	26.1538
3.07033	22.401	0.165017	26.1538
3.07086	22.4422	0.247525	26.1538
3.07135	22.5248	0.165017	26.1538
3.07237	22.566	0.247525	26.1538
3.08198	22.6485	0.165017	26.1538
3.08301	22.6485	0.330033	26.1538
3.0836	22.731	0.247525	26.1538
3.11733	22.8135	0.165017	26.1538
3.11755	22.8135	0.165017	27.1795
3.12018	22.8548	0.247525	27.1795
3.12034	22.9373	0.165017	27.1795
3.1222	22.9785	0.247525	27.1795
3.13706	23.0611	0.165017	27.1795
3.14018	23.1023	0.247525	27.1795
3.1494	23.1848	0.165017	27.1795
3.15016	23.2261	0.247525	27.1795
3.16338	23.3086	0.165017	27.1795
3.16388	23.3086	0.330033	27.1795
3.16525	23.3911	0.247525	27.1795
3.16534	23.3911	0.330033	27.1795
3.16796	23.4736	0.247525	27.1795
3.22667	23.5561	0.165017	27.1795
3.22979	23.5974	0.247525	27.1795
3.24936	23.6799	0.165017	27.1795
3.25374	23.6799	0.165017	27.1795
3.2542	23.6799	0.165017	27.6923
3.28154	23.7624	0.0825083	27.6923
3.28159	23.7624	0.165017	27.6923
3.28178	23.8449	0.0825083	27.6923
3.29862	23.8449	0.0825083	27.6923
3.30124	23.8861	0.165017	27.6923
3.30567	23.9686	0.0825083	27.6923
3.30783	24.0099	0.165017	27.6923
3.32264	24.0924	0.0825083	27.6923
3.32308	24.0924	0.165017	27.6923
3.38364	24.1749	0.0825083	27.6923
3.38861	24.2162	0.165017	27.6923
3.39047	24.2162	0.247525	27.6923
3.39133	24.2987	0.165017	27.6923
3.39143	24.3812	0.0825083	27.6923
3.42137	24.3812	0.0825083	27.6923
3.42355	24.4224	0.165017	27.6923
3.4382	24.5049	0.0825083	27.6923
3.44041	24.5049	0.247525	27.6923
3.44049	24.5875	0.165017	27.6923
3.45312	24.67	0.0825083	27.6923
3.50456	24.67	0.0825083	28.2051
3.51536	24.67	0.0825083	28.2051
3.53662	24.67	0.0825083	28.7179
3.55867	24.67	0.0825083	29.2308
3.56063	24.7112	0.165017	29.2308
3.57039	24.7937	0.0825083	29.2308
3.58751	24.7937	0.0825083	29.2308
3.58798	24.835	0.165017	29.2308
3.62402	24.9175	0.0825083	29.2308
3.62561	24.9587	0.165017	29.2308
3.6299	25.0413	0.0825083	29.2308
3.63638	25.0825	0.165017	29.2308
3.68078	25.165	0.0825083	29.2308
3.68281	25.2063	0.165017	29.2308
3.68514	25.2888	0.0825083	29.2308
3.68584	25.2888	0.165017	29.2308
3.70858	25.3713	0.0825083	29.2308
3.7089	25.4125	0.165017	29.2308
3.73059	25.4951	0.0825083	29.2308
3.73071	25.4951	0.247525	29.2308
3.73113	25.5776	0.165017	29.2308
3.73198	25.6601	0.0825083	29.2308
3.73654	25.6601	0.165017	29.2308
3.75805	25.7426	0.0825083	29.2308
3.75959	25.7426	0.0825083	29.2308
3.75974	25.7838	0.165017	29.2308
3.81139	25.8663	0.0825083	29.2308
3.82648	25.8663	0.0825083	29.7436
3.83759	25.8663	0.0825083	29.7436
3.84681	25.9076	0.165017	29.7436
3.85727	25.9901	0.0825083	29.7436
3.86381	25.9901	0.0825083	30.2564
3.91989	25.9901	0.0825083	30.2564
3.92506	26.0314	0.165017	30.2564
3.92589	26.1139	0.0825083	30.2564
3.92627	26.1139	0.165017	30.2564
3.94841	26.1964	0.0825083	30.2564
3.97045	26.1964	0.0825083	30.7692
3.97395	26.1964	0.0825083	31.2821
3.97424	26.2376	0.165017	31.2821
3.98242	26.3201	0.0825083	31.2821
3.98255	26.3201	0.247525	31.2821
3.98542	26.4026	0.165017	31.2821
3.99915	26.4851	0.0825083	31.2821
4.00092	26.5264	0.165017	31.2821
4.00273	26.6089	0.0825083	31.2821
4.00966	26.6089	0.0825083	31.7949
4.01054	26.6089	0.247525	31.7949
4.01226	26.6914	0.165017	31.7949
4.02833	26.7739	0.0825083	31.7949
4.03322	26.7739	0.165017	31.7949
4.03919	26.8564	0.0825083	31.7949
4.04	26.8564	0.247525	31.7949
4.04556	26.9389	0.165017	31.7949
4.07479	27.0215	0.0825083	31.7949
4.07516	27.0215	0.247525	31.7949
4.07651	27.104	0.165017	31.7949
4.09983	27.1865	0.0825083	31.7949
4.10156	27.2277	0.165017	31.7949
4.13699	27.3102	0.0825083	31.7949
4.14124	27.3515	0.165017	31.7949
4.14214	27.3927	0.247525	31.7949
4.14472	27.4752	0.165017	31.7949
4.14892	27.5578	0.0825083	31.7949
4.15018	27.5578	0.0825083	32.3077
4.15122	27.599	0.165017	32.3077
4.16519	27.6815	0.0825083	32.3077
4.17346	27.7228	0.165017	32.3077
4.17524	27.8053	0.0825083	32.3077
4.17782	27.8465	0.165017	32.3077
4.26031	27.929	0.0825083	32.3077
4.2645	27.929	0.247525	32.3077
4.2696	28.0116	0.165017	32.3077
4.28007	28.0941	0.0825083	32.3077
4.28066	28.0941	0.165017	32.3077
4.3047	28.1766	0.0825083	32.3077
4.30472	28.1766	0.165017	32.3077
4.30511	28.2591	0.0825083	32.3077
4.32277	28.2591	0.0825083	32.3077
4.32487	28.3003	0.165017	32.3077
4.32816	28.3828	0.0825083	32.3077
4.33617	28.3828	0.0825083	32.8205
4.36255	28.3828	0.0825083	33.8462
4.36407	28.3828	0.0825083	34.359
4.36915	28.4241	0.165017	34.359
4.39542	28.5066	0.0825083	34.359
4.39694	28.5066	0.247525	34.359
4.40269	28.5891	0.165017	34.359
4.41001	28.6716	0.0825083	34.359
4.42807	28.7129	0.165017	34.359
4.43254	28.7954	0.0825083	34.359
4.43327	28.7954	0.0825083	34.359
4.44209	28.7954	0.0825083	34.359
4.4772	28.8779	0	34.359
4.47755	28.9191	0.0825083	34.359
4.52032	29.0016	0	34.359
4.52626	29.0429	0.0825083	34.359
4.5296	29.1254	0	34.359
4.52982	29.1254	0.165017	34.359
4.53249	29.2079	0.0825083	34.359
4.55494	29.2904	0	34.359
4.55727	29.2904	0.0825083	34.359
4.56007	29.3729	0	34.359
4.56171	29.3729	0.165017	34.359
4.56204	29.4554	0.0825083	34.359
4.60062	29.538	0	34.359
4.6028	29.538	0.165017	34.359
4.60363	29.6205	0.0825083	34.359
4.62564	29.703	0	34.359
4.62587	29.7442	0.0825083	34.359
4.686	29.8267	0	34.359
4.68671	29.8267	0.165017	34.359
4.68714	29.9092	0.0825083	34.359
4.70945	29.9917	0	34.359
4.71318	30.033	0.0825083	34.359
4.7133	30.0743	0.165017	34.359
4.71554	30.1568	0.0825083	34.359
4.73302	30.2393	0	34.359
4.73476	30.2393	0	35.3846
4.73565	30.2805	0.0825083	35.3846
4.77034	30.363	0	35.3846
4.77044	30.363	0	35.8974
4.77323	30.4043	0.0825083	35.8974
4.77325	30.4455	0.165017	35.8974
4.77662	30.5281	0.0825083	35.8974
4.79452	30.6106	0	35.8974
4.8245	30.6106	0	36.4103
4.82681	30.6518	0.0825083	36.4103
4.83824	30.7343	0	36.4103
4.84583	30.7756	0.0825083	36.4103
4.8717	30.8581	0	36.4103
4.87743	30.8993	0.0825083	36.4103
4.88149	30.9818	0	36.4103
4.91025	30.9818	0	36.9231
4.91116	31.0231	0.0825083	36.9231
4.91216	31.1056	0	36.9231
4.9125	31.1469	0.0825083	36.9231
4.93772	31.2294	0	36.9231
4.95851	31.2294	0	37.4359
4.96978	31.2294	0	37.9487
4.97006	31.2294	0.165017	37.9487
4.97489	31.3119	0.0825083	37.9487
4.99156	31.3944	0	37.9487
4.99176	31.4356	0.0825083	37.9487
4.99749	31.5182	0	37.9487
5.00494	31.5594	0.0825083	37.9487
5.03059	31.6419	0	37.9487
5.03359	31.6419	0.165017	37.9487
5.03658	31.7244	0.0825083	37.9487
5.03667	31.7657	0.165017	37.9487
5.03739	31.8482	0.0825083	37.9487
5.05126	31.9307	0	37.9487
5.05278	31.9719	0.0825083	37.9487
5.06168	32.0545	0	37.9487
5.06456	32.0957	0.0825083	37.9487
5.06461	32.0957	0.247525	37.9487
5.06478	32.1782	0.165017	37.9487
5.06587	32.2607	0.0825083	37.9487
5.06703	32.3432	0	37.9487
5.06791	32.3432	0	38.4615
5.07049	32.3845	0.0825083	38.4615
5.09628	32.467	0	38.4615
5.10213	32.5083	0.0825083	38.4615
5.12845	32.5908	0	38.4615
5.13213	32.5908	0	39.4872
5.13798	32.5908	0	40
5.1416	32.632	0.0825083	40
5.14757	32.7145	0	40
5.16002	32.7145	0	40.5128
5.16468	32.7558	0.0825083	40.5128
5.19486	32.8383	0	40.5128
5.19489	32.8795	0.0825083	40.5128
5.2375	32.962	0	40.5128
5.23755	32.962	0.0825083	40.5128
5.24585	33.0446	0	40.5128
5.24843	33.0858	0.0825083	40.5128
5.26153	33.1683	0	40.5128
5.2626	33.1683	0.165017	40.5128
5.26555	33.2508	0.0825083	40.5128
5.26567	33.2921	0.165017	40.5128
5.26931	33.3746	0.0825083	40.5128
5.30671	33.4571	0	40.5128
5.30678	33.4983	0.0825083	40.5128
5.32797	33.5809	0	40.5128
5.33013	33.6221	0.0825083	40.5128
5.33044	33.7046	0	40.5128
5.33474	33.7046	0	41.5385
5.3357	33.7459	0.0825083	41.5385
5.38521	33.8284	0	41.5385
5.38682	33.8284	0.165017	41.5385
5.38707	33.9109	0.0825083	41.5385
5.39701	33.9934	0	41.5385
5.39847	34.0347	0.0825083	41.5385
5.39909	34.0347	0.0825083	41.5385
5.42293	34.1172	0	41.5385
5.42354	34.1584	0.0825083	41.5385
5.44262	34.2409	0	41.5385
5.44297	34.2822	0.0825083	41.5385
5.44306	34.3647	0	41.5385
5.5173	34.3647	0	42.0513
5.51744	34.4059	0.0825083	42.0513
5.55697	34.4884	0	42.0513
5.55707	34.5297	0.0825083	42.0513
5.5579	34.571	0.165017	42.0513
5.55884	34.6535	0.0825083	42.0513
5.57283	34.736	0	42.0513
5.574	34.7772	0.0825083	42.0513
5.59306	34.8597	0	42.0513
5.59404	34.901	0.0825083	42.0513
5.59912	34.9835	0	42.0513
5.59984	34.9835	0.165017	42.0513
5.60262	35.066	0.0825083	42.0513
5.62562	35.1485	0	42.0513
5.62572	35.1898	0.0825083	42.0513
5.63455	35.2723	0	42.0513
5.63578	35.2723	0.165017	42.0513
5.63786	35.3548	0.0825083	42.0513
5.65822	35.4373	0	42.0513
5.65958	35.4785	0.0825083	42.0513
5.66986	35.5611	0	42.0513
5.67589	35.6023	0.0825083	42.0513
5.68212	35.6848	0	42.0513
5.6889	35.6848	0	43.0769
5.69173	35.6848	0	43.5897
5.6975	35.7261	0.0825083	43.5897
5.70451	35.8086	0	43.5897
5.70788	35.8498	0.0825083	43.5897
5.72071	35.9323	0	43.5897
5.72481	35.9736	0.0825083	43.5897
5.72571	36.0561	0	43.5897
5.73547	36.0974	0.0825083	43.5897
5.7623	36.1799	0	43.5897
5.76512	36.2211	0.0825083	43.5897
5.82378	36.3036	0	43.5897
5.8255	36.3036	0.0825083	43.5897
5.90634	36.3861	0	43.5897
5.9088	36.4274	0.0825083	43.5897
5.91803	36.5099	0	43.5897
5.93675	36.5512	0.0825083	43.5897
5.93864	36.5924	0.165017	43.5897
5.9406	36.6749	0.0825083	43.5897
5.94314	36.7574	0	43.5897
5.94593	36.7987	0.0825083	43.5897
5.94597	36.7987	0.165017	43.5897
5.94967	36.8812	0.0825083	43.5897
5.95109	36.9637	0	43.5897
5.9518	36.9637	0.165017	43.5897
5.95296	37.0462	0.0825083	43.5897
5.99793	37.1287	0	43.5897
6.00304	37.1287	0	44.1026
6.00371	37.17	0.0825083	44.1026
6.00461	37.2112	0.165017	44.1026
6.00554	37.2112	0.330033	44.1026
6.00566	37.2937	0.247525	44.1026
6.01149	37.3762	0.165017	44.1026
6.01366	37.4587	0.0825083	44.1026
6.0277	37.5413	0	44.1026
6.031	37.5413	0.0825083	44.1026
6.05683	37.6238	0	44.1026
6.05769	37.665	0.0825083	44.1026
6.0641	37.7475	0	44.1026
6.06523	37.7888	0.0825083	44.1026
6.09019	37.8713	0	44.1026
6.0938	37.9125	0.0825083	44.1026
6.11696	37.995	0	44.1026
6.11873	37.995	0.165017	44.1026
6.11878	38.0776	0.0825083	44.1026
6.12796	38.1601	0	44.1026
6.12891	38.2013	0.0825083	44.1026
6.15037	38.2838	0	44.1026
6.15254	38.3251	0.0825083	44.1026
6.16019	38.4076	0	44.1026
6.16254	38.4076	0.0825083	44.1026
6.19115	38.4901	0	44.1026
6.25569	38.4901	0	45.1282
6.25711	38.5314	0.0825083	45.1282
6.26963	38.6139	0	45.1282
6.28346	38.6139	0	46.1538
6.28406	38.6551	0.0825083	46.1538
6.33634	38.7376	0	46.1538
6.3384	38.7789	0.0825083	46.1538
6.33861	38.8614	0	46.1538
6.3393	38.9026	0.0825083	46.1538
6.34257	38.9439	0.165017	46.1538
6.34323	39.0264	0.0825083	46.1538
6.37098	39.1089	0	46.1538
6.37236	39.1502	0.0825083	46.1538
6.37427	39.2327	0	46.1538
6.38293	39.2739	0.0825083	46.1538
6.39905	39.3564	0	46.1538
6.41995	39.3564	0	47.1795
6.42026	39.3977	0.0825083	47.1795
6.46483	39.4802	0	47.1795
6.46785	39.5215	0.0825083	47.1795
6.46986	39.5627	0.165017	47.1795
6.4718	39.6452	0.0825083	47.1795
6.48477	39.7277	0	47.1795
6.48891	39.7277	0.165017	47.1795
6.4917	39.8102	0.0825083	47.1795
6.53414	39.8927	0	47.1795
6.54076	39.934	0.0825083	47.1795
6.54108	39.9752	0.165017	47.1795
6.54217	40.0578	0.0825083	47.1795
6.54917	40.1403	0	47.1795
6.55163	40.1403	0	47.1795
6.55631	40.1403	0.0825083	47.1795
6.56811	40.2228	0	47.1795
6.57188	40.2228	0.0825083	47.1795
6.5841	40.3053	0	47.1795
6.58541	40.3465	0.0825083	47.1795
6.6053	40.429	0	47.1795
6.69597	40.429	0	47.6923
6.69657	40.4703	0.0825083	47.6923
6.70847	40.5528	0	47.6923
6.71028	40.5941	0.0825083	47.6923
6.71303	40.6766	0	47.6923
6.71394	40.6766	0.0825083	47.6923
6.73652	40.7591	0	47.6923
6.73731	40.8003	0.0825083	47.6923
6.78406	40.8828	0	47.6923
6.78446	40.9241	0.0825083	47.6923
6.81438	41.0066	0	47.6923
6.81942	41.0479	0.0825083	47.6923
6.88775	41.1304	0	47.6923
6.90574	41.1304	0	48.2051
6.90712	41.1716	0.0825083	48.2051
6.92327	41.2541	0	48.2051
6.95492	41.2541	0	49.2308
6.95767	41.2541	0.165017	49.2308
6.95803	41.3366	0.0825083	49.2308
6.96687	41.4191	0	49.2308
7.03765	41.4191	0	49.7436
7.03964	41.4191	0.0825083	49.7436
7.05607	41.5017	0	49.7436
7.05856	41.5429	0.0825083	49.7436
7.06391	41.5429	0.0825083	50.7692
7.08157	41.6254	0	50.7692
7.08318	41.6667	0.0825083	50.7692
7.08835	41.7492	0	50.7692
7.0898	41.7492	0.165017	50.7692
7.09501	41.8317	0.0825083	50.7692
7.09552	41.9142	0	50.7692
7.09631	41.9142	0.165017	50.7692
7.10079	41.9967	0.0825083	50.7692
7.12558	42.0792	0	50.7692
7.12765	42.0792	0.0825083	50.7692
7.16021	42.1617	0	50.7692
7.1608	42.1617	0.165017	50.7692
7.16103	42.2442	0.0825083	50.7692
7.19261	42.3267	0	50.7692
7.19483	42.368	0.0825083	50.7692
7.20003	42.368	0.0825083	51.2821
7.20636	42.4505	0	51.2821
7.20727	42.4917	0.0825083	51.2821
7.22352	42.5743	0	51.2821
7.22594	42.6155	0.0825083	51.2821
7.22602	42.6568	0.165017	51.2821
7.22747	42.7393	0.0825083	51.2821
7.26168	42.8218	0	51.2821
7.26216	42.8218	0.0825083	51.2821
7.29559	42.9043	0	51.2821
7.29575	42.9455	0.0825083	51.2821
7.30615	43.0281	0	51.2821
7.30974	43.0281	0	52.3077
7.30997	43.0281	0.165017	52.3077
7.31153	43.1106	0.0825083	52.3077
7.36514	43.1931	0	52.3077
7.36646	43.1931	0	53.3333
7.36793	43.2343	0.0825083	53.3333
7.38554	43.3168	0	53.3333
7.39057	43.3168	0.0825083	53.3333
7.39712	43.3993	0	53.3333
7.39847	43.3993	0.165017	53.3333
7.39867	43.4818	0.0825083	53.3333
7.43908	43.5644	0	53.3333
7.44082	43.6056	0.0825083	53.3333
7.44733	43.6881	0	53.3333
7.45158	43.7294	0.0825083	53.3333
7.50534	43.8119	0	53.3333
7.50558	43.8531	0.0825083	53.3333
7.51107	43.9356	0	53.3333
7.51315	43.9356	0.165017	53.3333
7.51367	44.0182	0.0825083	53.3333
7.5316	44.1007	0	53.3333
7.53467	44.1007	0.165017	53.3333
7.53467	44.1007	0.330033	53.3333
7.5347	44.1832	0.247525	53.3333
7.53685	44.2657	0.165017	53.3333
7.54036	44.3482	0.0825083	53.3333
7.5415	44.3894	0.165017	53.3333
7.54396	44.4719	0.0825083	53.3333
7.54491	44.4719	0.247525	53.3333
7.54819	44.5545	0.165017	53.3333
7.54892	44.637	0.0825083	53.3333
7.56795	44.7195	0	53.3333
7.56928	44.7607	0.0825083	53.3333
7.57698	44.8432	0	53.3333
7.57725	44.8432	0.0825083	53.3333
7.61358	44.9257	0	53.3333
7.61511	44.967	0.0825083	53.3333
7.67334	45.0495	0	53.3333
7.67339	45.0495	0.165017	53.3333
7.6736	45.132	0.0825083	53.3333
7.67524	45.2145	0	53.3333
7.67637	45.2558	0.0825083	53.3333
7.68112	45.3383	0	53.3333
7.68313	45.3383	0.165017	53.3333
7.68611	45.4208	0.0825083	53.3333
7.70357	45.5033	0	53.3333
7.70557	45.5446	0.0825083	53.3333
7.70857	45.6271	0	53.3333
7.70942	45.6271	0.0825083	53.3333
7.71838	45.7096	0	53.3333
7.71847	45.7096	0.165017	53.3333
7.71859	45.7921	0.0825083	53.3333
7.72724	45.8746	0	53.3333
7.72863	45.9158	0.0825083	53.3333
7.73113	45.9571	0.165017	53.3333
7.73307	46.0396	0.0825083	53.3333
7.74092	46.1221	0	53.3333
7.74134	46.1221	0.165017	53.3333
7.74443	46.2046	0.0825083	53.3333
7.75381	46.2871	0	53.3333
7.75492	46.3284	0.0825083	53.3333
7.78591	46.4109	0	53.3333
7.80913	46.4109	0	54.359
7.81259	46.4109	0.0825083	54.359
7.84909	46.4934	0	54.359
7.85304	46.4934	0.0825083	54.359
7.89339	46.5759	0	54.359
7.89508	46.5759	0.0825083	54.359
7.90054	46.6584	0	54.359
7.90187	46.6997	0.0825083	54.359
7.9043	46.6997	0.0825083	55.3846
7.92368	46.7822	0	55.3846
7.92489	46.7822	0.0825083	55.3846
7.93481	46.8647	0	55.3846
7.94171	46.9059	0.0825083	55.3846
7.96292	46.9884	0	55.3846
7.96589	47.0297	0.0825083	55.3846
7.9947	47.1122	0	55.3846
7.99516	47.1122	0.165017	55.3846
7.9952	47.1535	0.247525	55.3846
7.99645	47.236	0.165017	55.3846
7.9966	47.3185	0.0825083	55.3846
8.00126	47.401	0	55.3846
8.00131	47.401	0.0825083	55.3846
8.01724	47.4835	0	55.3846
8.01783	47.4835	0.0825083	55.3846
8.02511	47.566	0	55.3846
8.0364	47.566	0	56.4103
8.04571	47.566	0	57.4359
8.06579	47.566	0	58.4615
8.06802	47.6073	0.0825083	58.4615
8.06867	47.6073	0.165017	58.4615
8.07322	47.6898	0.0825083	58.4615
8.09241	47.7723	0	58.4615
8.09338	47.8135	0.0825083	58.4615
8.22541	47.896	0	58.4615
8.22858	47.9373	0.0825083	58.4615
8.22948	47.9373	0.247525	58.4615
8.22983	48.0198	0.165017	58.4615
8.23279	48.1023	0.0825083	58.4615
8.23329	48.1848	0	58.4615
8.23514	48.2261	0.0825083	58.4615
8.2469	48.3086	0	58.4615
8.24734	48.3498	0.0825083	58.4615
8.29486	48.4323	0	58.4615
8.29505	48.4736	0.0825083	58.4615
8.31128	48.5561	0	58.4615
8.31586	48.5974	0.0825083	58.4615
8.3936	48.6799	0	58.4615
8.39767	48.7211	0.0825083	58.4615
8.40332	48.8036	0	58.4615
8.48671	48.8036	0	58.9744
8.48879	48.8449	0.0825083	58.9744
8.62342	48.9274	0	58.9744
8.62431	48.9686	0.0825083	58.9744
8.62439	48.9686	0.0825083	59.4872
8.63109	49.0512	0	59.4872
8.63571	49.0924	0.0825083	59.4872
8.63809	49.1337	0.165017	59.4872
8.7129	49.2162	0.0825083	59.4872
8.72028	49.2162	0.165017	59.4872
8.77646	49.2987	0.0825083	59.4872
8.77837	49.3399	0.165017	59.4872
8.84026	49.4224	0.0825083	59.4872
8.84065	49.4637	0.165017	59.4872
8.86572	49.5462	0.0825083	59.4872
8.86615	49.5462	0.247525	59.4872
8.86774	49.6287	0.165017	59.4872
8.90354	49.7112	0.0825083	59.4872
8.90452	49.7112	0.165017	59.4872
8.90596	49.7937	0.0825083	59.4872
8.96705	49.7937	0.0825083	59.4872
8.9683	49.835	0.165017	59.4872
8.97576	49.9175	0.0825083	59.4872
8.97596	49.9587	0.165017	59.4872
9.02047	50.0413	0.0825083	59.4872
9.02213	50.0825	0.165017	59.4872
9.17116	50.165	0.0825083	59.4872
9.17456	50.165	0.0825083	60.5128
9.1748	50.165	0.247525	60.5128
9.17521	50.2475	0.165017	60.5128
9.26523	50.33	0.0825083	60.5128
9.26561	50.33	0.247525	60.5128
9.26799	50.4125	0.165017	60.5128
9.29661	50.495	0.0825083	60.5128
9.29666	50.495	0.165017	60.5128
9.39768	50.5776	0.0825083	60.5128
9.39779	50.6188	0.165017	60.5128
9.42668	50.7013	0.0825083	60.5128
9.42962	50.7013	0.247525	60.5128
9.42982	50.7838	0.165017	60.5128
9.44612	50.8663	0.0825083	60.5128
9.44915	50.9076	0.165017	60.5128
9.50717	50.9901	0.0825083	60.5128
9.51087	50.9901	0.165017	60.5128
9.56806	51.0726	0.0825083	60.5128
9.5691	51.1139	0.165017	60.5128
9.58089	51.1964	0.0825083	60.5128
9.5822	51.2376	0.165017	60.5128
9.58305	51.2789	0.247525	60.5128
9.58332	51.3614	0.165017	60.5128
9.61285	51.4439	0.0825083	60.5128
9.65122	51.4439	0.0825083	61.0256
9.65349	51.4439	0.247525	61.0256
9.6579	51.5264	0.165017	61.0256
9.68038	51.6089	0.0825083	61.0256
9.68094	51.6089	0.247525	61.0256
9.70417	51.6914	0.165017	61.0256
9.7066	51.7327	0.247525	61.0256
9.71389	51.8152	0.165017	61.0256
9.71531	51.8152	0.247525	61.0256
9.71866	51.8977	0.165017	61.0256
9.75039	51.8977	0.165017	61.5385
9.75145	51.8977	0.330033	61.5385
9.75501	51.9802	0.247525	61.5385
9.76028	52.0627	0.165017	61.5385
9.76642	52.0627	0.165017	62.5641
9.81466	52.1452	0.0825083	62.5641
9.81496	52.1452	0.165017	62.5641
9.86467	52.2277	0.0825083	62.5641
9.86632	52.269	0.165017	62.5641
9.91897	52.3515	0.0825083	62.5641
9.94639	52.3515	0.0825083	63.5897
9.95885	52.3927	0.165017	63.5897
9.95941	52.3927	0.247525	63.5897
10.0036	52.4752	0.165017	63.5897
10.0056	52.5165	0.247525	63.5897
10.0436	52.599	0.165017	63.5897
10.044	52.6403	0.247525	63.5897
10.0568	52.7228	0.165017	63.5897
10.0708	52.8053	0.0825083	63.5897
10.0757	52.8053	0.247525	63.5897
10.0782	52.8878	0.165017	63.5897
10.083	52.9703	0.0825083	63.5897
10.0842	52.9703	0.247525	63.5897
10.09	53.0528	0.165017	63.5897
10.1324	53.1353	0.0825083	63.5897
10.1412	53.1353	0.247525	63.5897
10.1443	53.2178	0.165017	63.5897
10.1494	53.3003	0.0825083	63.5897
10.1502	53.3416	0.165017	63.5897
10.1851	53.4241	0.0825083	63.5897
10.2249	53.5066	0	63.5897
10.2264	53.5066	0.165017	63.5897
10.2265	53.5891	0.0825083	63.5897
10.2424	53.6716	0	63.5897
10.2469	53.7129	0.0825083	63.5897
10.2498	53.7954	0	63.5897
10.2503	53.8366	0.0825083	63.5897
10.253	53.8779	0.165017	63.5897
10.2552	53.9604	0.0825083	63.5897
10.2722	54.0429	0	63.5897
10.2751	54.0429	0.0825083	63.5897
10.3004	54.1254	0	63.5897
10.3005	54.1254	0.165017	63.5897
10.3007	54.2079	0.0825083	63.5897
10.3136	54.2904	0	63.5897
10.3176	54.3317	0.0825083	63.5897
10.3219	54.4142	0	63.5897
10.3254	54.4554	0.0825083	63.5897
10.3771	54.538	0	63.5897
10.3781	54.5792	0.0825083	63.5897
10.3804	54.5792	0.0825083	64.1026
10.3811	54.6205	0.165017	64.1026
10.3836	54.703	0.0825083	64.1026
10.436	54.7855	0	64.1026
10.4525	54.7855	0	64.6154
10.4553	54.8267	0.0825083	64.6154
10.4791	54.9092	0	64.6154
10.4805	54.9505	0.0825083	64.6154
10.4847	55.033	0	64.6154
10.5305	55.033	0	65.641
10.5306	55.0743	0.0825083	65.641
10.5642	55.1568	0	65.641
10.5642	55.198	0.0825083	65.641
10.5987	55.2805	0	65.641
10.6256	55.2805	0	66.6667
10.6266	55.3218	0.0825083	66.6667
10.6308	55.4043	0	66.6667
10.6341	55.4455	0.0825083	66.6667
10.662	55.5281	0	66.6667
10.6626	55.5281	0.165017	66.6667
10.6629	55.6106	0.0825083	66.6667
10.6821	55.6931	0	66.6667
10.683	55.6931	0.165017	66.6667
10.6844	55.7756	0.0825083	66.6667
10.6939	55.8581	0	66.6667
10.6946	55.8993	0.0825083	66.6667
10.7213	55.9818	0	66.6667
10.7217	55.9818	0.0825083	66.6667
10.7268	56.0644	0	66.6667
10.7293	56.1056	0.0825083	66.6667
10.7297	56.1056	0.165017	66.6667
10.7338	56.1881	0.0825083	66.6667
10.761	56.2706	0	66.6667
10.7625	56.2706	0.0825083	66.6667
10.7837	56.3531	0	66.6667
10.7862	56.3944	0.0825083	66.6667
10.8019	56.4769	0	66.6667
10.854	56.4769	0	67.1795
10.8542	56.5182	0.0825083	67.1795
10.8576	56.6007	0	67.1795
10.8654	56.6007	0.0825083	67.1795
10.9245	56.6832	0	67.1795
10.9269	56.7244	0.0825083	67.1795
10.9314	56.8069	0	67.1795
10.9318	56.8069	0.165017	67.1795
10.9362	56.8894	0.0825083	67.1795
10.9826	56.9719	0	67.1795
10.9851	56.9719	0.0825083	67.1795
10.988	57.0545	0	67.1795
10.9885	57.0957	0.0825083	67.1795
11.0025	57.1782	0	67.1795
11.0047	57.2195	0.0825083	67.1795
11.0375	57.302	0	67.1795
11.0376	57.3432	0.0825083	67.1795
11.0663	57.4257	0	67.1795
11.0704	57.467	0.0825083	67.1795
11.1597	57.5495	0	67.1795
11.1688	57.5908	0.0825083	67.1795
11.2007	57.6733	0	67.1795
11.2031	57.7145	0.0825083	67.1795
11.2158	57.797	0	67.1795
11.2175	57.797	0.0825083	67.1795
11.297	57.8795	0	67.1795
11.2975	57.9208	0.0825083	67.1795
11.3019	58.0033	0	67.1795
11.3025	58.0446	0.0825083	67.1795
11.3094	58.1271	0	67.1795
11.3192	58.1271	0.0825083	67.1795
11.3275	58.2096	0	67.1795
11.3276	58.2096	0.165017	67.1795
11.328	58.2921	0.0825083	67.1795
11.382	58.3746	0	67.1795
11.3834	58.4158	0.0825083	67.1795
11.4058	58.4983	0	67.1795
11.4059	58.5396	0.0825083	67.1795
11.406	58.6221	0	67.1795
11.4091	58.6221	0	68.2051
11.4095	58.6221	0.0825083	68.2051
11.4177	58.7046	0	68.2051
11.4198	58.7459	0.0825083	68.2051
11.4286	58.8284	0	68.2051
11.43	58.8284	0.165017	68.2051
11.4315	58.9109	0.0825083	68.2051
11.4565	58.9934	0	68.2051
11.4567	58.9934	0.165017	68.2051
11.4584	59.0759	0.0825083	68.2051
11.4915	59.1584	0	68.2051
11.5409	59.1584	0	69.2308
11.5423	59.1584	0.165017	69.2308
11.5438	59.2409	0.0825083	69.2308
11.5491	59.3234	0	69.2308
11.5506	59.3234	0.0825083	69.2308
11.5663	59.4059	0	69.2308
11.5702	59.4059	0.165017	69.2308
11.5719	59.4884	0.0825083	69.2308
11.5788	59.571	0	69.2308
11.5791	59.571	0.165017	69.2308
11.5905	59.6535	0.0825083	69.2308
11.5919	59.6535	0.247525	69.2308
11.5919	59.736	0.165017	69.2308
11.5946	59.8185	0.0825083	69.2308
11.6453	59.901	0	69.2308
11.6479	59.9422	0.0825083	69.2308
11.674	60.0248	0	69.2308
11.6753	60.066	0.0825083	69.2308
11.7234	60.1485	0	69.2308
11.7242	60.1898	0.0825083	69.2308
11.836	60.2723	0	69.2308
11.8369	60.3135	0.0825083	69.2308
11.8735	60.396	0	69.2308
11.8743	60.396	0.165017	69.2308
11.881	60.4785	0.0825083	69.2308
11.9478	60.5611	0	69.2308
11.9592	60.5611	0.165017	69.2308
11.9611	60.6023	0.247525	69.2308
11.963	60.6848	0.165017	69.2308
12.0016	60.7673	0.0825083	69.2308
12.0018	60.7673	0.247525	69.2308
12.0103	60.8498	0.165017	69.2308
12.069	60.9323	0.0825083	69.2308
12.0696	60.9323	0.165017	69.2308
12.0718	61.0149	0.0825083	69.2308
12.2214	61.0149	0.0825083	69.2308
12.2217	61.0149	0.247525	69.2308
12.2281	61.0974	0.165017	69.2308
12.2784	61.1799	0.0825083	69.2308
12.2792	61.1799	0.0825083	70.2564
12.2803	61.1799	0.165017	70.2564
12.2913	61.2624	0.0825083	70.2564
12.2927	61.3036	0.165017	70.2564
12.315	61.3861	0.0825083	70.2564
12.3164	61.4274	0.165017	70.2564
12.3321	61.5099	0.0825083	70.2564
12.334	61.5512	0.165017	70.2564
12.3431	61.6337	0.0825083	70.2564
12.344	61.6337	0.165017	70.2564
12.3446	61.6337	0.330033	70.2564
12.3454	61.7162	0.247525	70.2564
12.3475	61.7987	0.165017	70.2564
12.3503	61.8812	0.0825083	70.2564
12.3507	61.9224	0.165017	70.2564
12.3829	62.005	0.0825083	70.2564
12.4358	62.005	0.0825083	71.2821
12.4363	62.0462	0.165017	71.2821
12.4375	62.0875	0.247525	71.2821
12.4407	62.17	0.165017	71.2821
12.4412	62.2112	0.247525	71.2821
12.4437	62.2937	0.165017	71.2821
12.4555	62.3762	0.0825083	71.2821
12.4558	62.3762	0.165017	71.2821
12.5176	62.4587	0.0825083	71.2821
12.519	62.5	0.165017	71.2821
12.5791	62.5825	0.0825083	71.2821
12.5795	62.6238	0.165017	71.2821
12.593	62.7063	0.0825083	71.2821
12.5959	62.7063	0.0825083	71.7949
12.5966	62.7475	0.165017	71.7949
12.6065	62.83	0.0825083	71.7949
12.6065	62.83	0.247525	71.7949
12.607	62.9125	0.165017	71.7949
12.6418	62.995	0.0825083	71.7949
12.6495	62.995	0.165017	71.7949
12.724	63.0776	0.0825083	71.7949
12.7264	63.0776	0.165017	71.7949
12.7713	63.1601	0.0825083	71.7949
12.7792	63.2013	0.165017	71.7949
12.9112	63.2838	0.0825083	71.7949
12.9117	63.3251	0.165017	71.7949
12.9307	63.4076	0.0825083	71.7949
12.9311	63.4076	0.247525	71.7949
12.932	63.4901	0.165017	71.7949
12.9419	63.5726	0.0825083	71.7949
12.9423	63.5726	0.165017	71.7949
12.9617	63.6551	0.0825083	71.7949
12.9641	63.6551	0.247525	71.7949
12.9656	63.7376	0.165017	71.7949
12.969	63.8201	0.0825083	71.7949
13.0278	63.8201	0.0825083	72.8205
13.0292	63.8614	0.165017	72.8205
13.0949	63.9439	0.0825083	72.8205
13.1455	63.9439	0.0825083	73.8462
13.1465	63.9439	0.247525	73.8462
13.1468	64.0264	0.165017	73.8462
13.1615	64.1089	0.0825083	73.8462
13.2393	64.1914	0	73.8462
13.2422	64.1914	0.165017	73.8462
13.2433	64.2739	0.0825083	73.8462
13.2444	64.2739	0.0825083	74.359
13.2733	64.3564	0	74.359
13.2747	64.3564	0.0825083	74.359
13.3429	64.4389	0	74.359
13.3463	64.4802	0.0825083	74.359
13.3479	64.5215	0.165017	74.359
13.3513	64.604	0.0825083	74.359
13.3548	64.6865	0	74.359
13.3562	64.7277	0.0825083	74.359
13.3739	64.8102	0	74.359
13.3776	64.8515	0.0825083	74.359
13.4734	64.934	0	74.359
13.4746	64.9753	0.0825083	74.359
13.5181	65.0578	0	74.359
13.5199	65.099	0.0825083	74.359
13.5547	65.1815	0	74.359
13.5553	65.2228	0.0825083	74.359
13.5588	65.3053	0	74.359
13.559	65.3465	0.0825083	74.359
13.597	65.429	0	74.359
13.5986	65.4703	0.0825083	74.359
13.6255	65.5528	0	74.359
13.6265	65.5941	0.0825083	74.359
13.745	65.6766	0	74.359
13.7457	65.7178	0.0825083	74.359
13.8753	65.8003	0	74.359
13.8771	65.8416	0.0825083	74.359
13.8991	65.9241	0	74.359
13.9035	65.9653	0.0825083	74.359
13.9159	66.0479	0	74.359
13.9177	66.0891	0.0825083	74.359
13.9303	66.1716	0	74.359
13.9312	66.2129	0.0825083	74.359
14.0255	66.2954	0	74.359
14.0354	66.2954	0	74.8718
14.0364	66.3366	0.0825083	74.8718
14.0371	66.3366	0.247525	74.8718
14.038	66.4191	0.165017	74.8718
14.0387	66.5016	0.0825083	74.8718
14.0921	66.5842	0	74.8718
14.0923	66.6254	0.0825083	74.8718
14.1713	66.7079	0	74.8718
14.1722	66.7492	0.0825083	74.8718
14.3268	66.8317	0	74.8718
14.337	66.8317	0	75.3846
14.3392	66.8729	0.0825083	75.3846
14.3463	66.9554	0	75.3846
14.3501	66.9967	0.0825083	75.3846
14.4019	67.0792	0	75.3846
14.4029	67.1205	0.0825083	75.3846
14.4421	67.203	0	75.3846
14.4431	67.2442	0.0825083	75.3846
14.5218	67.3267	0	75.3846
14.6023	67.3267	0	76.4103
14.6027	67.3267	0.165017	76.4103
14.6034	67.4092	0.0825083	76.4103
14.6513	67.4918	0	76.4103
14.6516	67.4918	0.165017	76.4103
14.6522	67.5743	0.0825083	76.4103
14.6657	67.6568	0	76.4103
14.6823	67.6568	0	76.9231
14.6842	67.698	0.0825083	76.9231
14.6927	67.7805	0	76.9231
14.6986	67.8218	0.0825083	76.9231
14.7075	67.9043	0	76.9231
14.7094	67.9455	0.0825083	76.9231
14.754	68.0281	0	76.9231
14.758	68.0281	0.0825083	76.9231
14.8629	68.1106	0	76.9231
14.8649	68.1518	0.0825083	76.9231
14.8936	68.2343	0	76.9231
14.8989	68.2756	0.0825083	76.9231
14.922	68.3581	0	76.9231
14.9224	68.3993	0.0825083	76.9231
14.9234	68.4818	0	76.9231
14.9293	68.4818	0.0825083	76.9231
14.9528	68.5644	0	76.9231
14.9541	68.5644	0.0825083	76.9231
14.9579	68.6469	0	76.9231
14.963	68.6881	0.0825083	76.9231
15.0178	68.7706	0	76.9231
15.0187	68.8119	0.0825083	76.9231
15.1061	68.8944	0	76.9231
15.11	68.8944	0.0825083	76.9231
15.1102	68.8944	0.165017	76.9231
15.1116	68.9769	0.0825083	76.9231
15.132	69.0594	0	76.9231
15.1324	69.1007	0.0825083	76.9231
15.2557	69.1832	0	76.9231
15.2581	69.1832	0	77.4359
15.2802	69.1832	0	77.9487
15.281	69.1832	0.165017	77.9487
15.2865	69.2657	0.0825083	77.9487
15.3367	69.3482	0	77.9487
15.3391	69.3482	0.165017	77.9487
15.3411	69.4307	0.0825083	77.9487
15.3492	69.5132	0	77.9487
15.35	69.5545	0.0825083	77.9487
15.3987	69.637	0	77.9487
15.4	69.637	0.0825083	77.9487
15.4369	69.7195	0	77.9487
15.4369	69.7195	0.165017	77.9487
15.4413	69.802	0.0825083	77.9487
15.4415	69.8432	0.165017	77.9487
15.4419	69.9257	0.0825083	77.9487
15.4449	70.0082	0	77.9487
15.4458	70.0082	0.0825083	77.9487
15.6077	70.0908	0	77.9487
15.6352	70.0908	0	78.9744
15.6374	70.132	0.0825083	78.9744
15.655	70.2145	0	78.9744
15.6554	70.2145	0.165017	78.9744
15.6557	70.297	0.0825083	78.9744
15.6668	70.3795	0	78.9744
15.6688	70.4208	0.0825083	78.9744
15.6748	70.5033	0	78.9744
15.6749	70.5033	0.165017	78.9744
15.6759	70.5858	0.0825083	78.9744
15.6881	70.6683	0	78.9744
15.6895	70.7096	0.0825083	78.9744
15.6912	70.7508	0.165017	78.9744
15.7013	70.8333	0.0825083	78.9744
15.709	70.9158	0	78.9744
15.7094	70.9158	0.165017	78.9744
15.7098	70.9984	0.0825083	78.9744
15.7555	71.0809	0	78.9744
15.7597	71.1221	0.0825083	78.9744
15.782	71.2046	0	78.9744
15.783	71.2459	0.0825083	78.9744
15.8629	71.3284	0	78.9744
15.8631	71.3284	0.165017	78.9744
15.8632	71.4109	0.0825083	78.9744
15.8635	71.4109	0.165017	78.9744
15.8645	71.4934	0.0825083	78.9744
15.8962	71.5759	0	78.9744
15.899	71.6172	0.0825083	78.9744
15.9071	71.6997	0	78.9744
15.9076	71.7409	0.0825083	78.9744
16.0554	71.8234	0	78.9744
16.0555	71.8647	0.0825083	78.9744
16.1518	71.9472	0	78.9744
16.1538	71.9884	0.0825083	78.9744
16.1631	72.071	0	78.9744
16.1645	72.071	0.0825083	78.9744
16.2811	72.1535	0	78.9744
16.2872	72.1947	0.0825083	78.9744
16.4279	72.2772	0	78.9744
16.434	72.3185	0.0825083	78.9744
16.4938	72.401	0	78.9744
16.494	72.401	0.0825083	78.9744
16.4949	72.4835	0	78.9744
16.4953	72.4835	0.165017	78.9744
16.4953	72.566	0.0825083	78.9744
16.6825	72.6485	0	78.9744
16.6825	72.6898	0.0825083	78.9744
16.7515	72.7723	0	78.9744
16.7548	72.8135	0.0825083	78.9744
16.8027	72.896	0	78.9744
16.8031	72.9373	0.0825083	78.9744
16.9251	73.0198	0	78.9744
16.9256	73.0198	0.0825083	78.9744
17.0094	73.1023	0	78.9744
17.0095	73.1436	0.0825083	78.9744
17.0678	73.2261	0	78.9744
17.0708	73.2673	0.0825083	78.9744
17.1997	73.3498	0	78.9744
17.2046	73.3911	0.0825083	78.9744
17.2093	73.4736	0	78.9744
17.211	73.5149	0.0825083	78.9744
17.3211	73.5974	0	78.9744
17.3273	73.6386	0.0825083	78.9744
17.3304	73.7211	0	78.9744
17.3322	73.7624	0.0825083	78.9744
17.3992	73.8449	0	78.9744
17.4016	73.8861	0.0825083	78.9744
17.4523	73.9686	0	78.9744
17.4538	73.9686	0.165017	78.9744
17.4559	74.0512	0.0825083	78.9744
17.5106	74.1337	0	78.9744
17.5116	74.1749	0.0825083	78.9744
17.574	74.2574	0	78.9744
17.5743	74.2987	0.0825083	78.9744
17.6759	74.3812	0	78.9744
17.6765	74.3812	0.165017	78.9744
17.6791	74.4637	0.0825083	78.9744
17.7232	74.5462	0	78.9744
17.7237	74.5875	0.0825083	78.9744
17.7512	74.67	0	78.9744
17.7516	74.7112	0.0825083	78.9744
17.7841	74.7937	0	78.9744
17.7855	74.835	0.0825083	78.9744
17.8665	74.9175	0	78.9744
17.8676	74.9175	0.165017	78.9744
17.8677	75	0.0825083	78.9744
17.9597	75.0825	0	78.9744
18.0052	75.0825	0	80
18.0075	75.1238	0.0825083	80
18.0123	75.2063	0	80
18.0128	75.2475	0.0825083	80
18.1111	75.33	0	80
18.1131	75.3713	0.0825083	80
18.1643	75.4538	0	80
18.1668	75.4538	0.0825083	80
18.2279	75.5363	0	80
18.2327	75.5363	0.165017	80
18.2332	75.6188	0.0825083	80
18.2571	75.7013	0	80
18.2589	75.7426	0.0825083	80
18.3693	75.8251	0	80
18.3727	75.8663	0.0825083	80
18.3811	75.9488	0	80
18.3821	75.9901	0.0825083	80
18.3835	76.0314	0.165017	80
18.3869	76.1139	0.0825083	80
18.4791	76.1964	0	80
18.4841	76.1964	0.0825083	80
18.5913	76.2789	0	80
18.5945	76.3201	0.0825083	80
18.6988	76.4026	0	80
18.6998	76.4026	0.165017	80
18.6999	76.4851	0.0825083	80
18.7983	76.5677	0	80
18.7985	76.5677	0.165017	80
18.7996	76.6502	0.0825083	80
18.8172	76.7327	0	80
18.8194	76.7327	0.165017	80
18.8229	76.8152	0.0825083	80
18.8352	76.8977	0	80
18.8438	76.8977	0.0825083	80
18.8632	76.9802	0	80
18.886	76.9802	0	81.0256
18.8869	77.0215	0.0825083	81.0256
18.9848	77.104	0	81.0256
18.9853	77.104	0.165017	81.0256
18.9864	77.1865	0.0825083	81.0256
19.089	77.269	0	81.0256
19.0903	77.269	0.165017	81.0256
19.098	77.3515	0.0825083	81.0256
19.0992	77.434	0	81.0256
19.0996	77.434	0.0825083	81.0256
19.129	77.5165	0	81.0256
19.13	77.5578	0.0825083	81.0256
19.175	77.6403	0	81.0256
19.1753	77.6815	0.0825083	81.0256
19.3276	77.764	0	81.0256
19.3278	77.8053	0.0825083	81.0256
19.3308	77.8053	0.165017	81.0256
19.3378	77.8878	0.0825083	81.0256
19.3411	77.9703	0	81.0256
19.3487	78.0116	0.0825083	81.0256
19.35	78.0941	0	81.0256
19.3902	78.0941	0	82.0513
19.3919	78.1353	0.0825083	82.0513
19.4129	78.2178	0	82.0513
19.4151	78.2591	0.0825083	82.0513
19.4212	78.3416	0	82.0513
19.4297	78.3828	0.0825083	82.0513
19.4821	78.4653	0	82.0513
19.4853	78.5066	0.0825083	82.0513
19.7494	78.5891	0	82.0513
19.8219	78.5891	0	82.5641
19.8238	78.6304	0.0825083	82.5641
19.8569	78.7129	0	82.5641
19.8586	78.7541	0.0825083	82.5641
19.9577	78.8366	0	82.5641
19.971	78.8779	0.0825083	82.5641
20.0274	78.9604	0	82.5641
20.0512	78.9604	0	83.5897
20.0513	79.0016	0.0825083	83.5897
20.1658	79.0842	0	83.5897
20.198	79.1254	0.0825083	83.5897
20.1997	79.1254	0.165017	83.5897
20.2377	79.2079	0.0825083	83.5897
20.2392	79.2492	0.165017	83.5897
20.35	79.3317	0.0825083	83.5897
20.3502	79.3729	0.165017	83.5897
20.4252	79.4554	0.0825083	83.5897
20.428	79.4967	0.165017	83.5897
20.4298	79.5792	0.0825083	83.5897
20.43	79.5792	0.247525	83.5897
20.4364	79.6617	0.165017	83.5897
20.4495	79.7442	0.0825083	83.5897
20.4522	79.7855	0.165017	83.5897
20.4876	79.868	0.0825083	83.5897
20.4878	79.9092	0.165017	83.5897
20.4999	79.9918	0.0825083	83.5897
20.5	80.033	0.165017	83.5897
20.5466	80.1155	0.0825083	83.5897
20.5477	80.1155	0.247525	83.5897
20.5489	80.198	0.165017	83.5897
20.6076	80.2805	0.0825083	83.5897
20.6088	80.2805	0.247525	83.5897
20.6099	80.363	0.165017	83.5897
20.6399	80.4455	0.0825083	83.5897
20.6434	80.4868	0.165017	83.5897
21.1039	80.5693	0.0825083	83.5897
21.1136	80.6106	0.165017	83.5897
21.1719	80.6931	0.0825083	83.5897
21.1719	80.6931	0.165017	83.5897
21.2695	80.7756	0.0825083	83.5897
21.271	80.8168	0.165017	83.5897
21.3412	80.8993	0.0825083	83.5897
21.3472	80.9406	0.165017	83.5897
21.5197	81.0231	0.0825083	83.5897
21.5198	81.0644	0.165017	83.5897
21.5217	81.1469	0.0825083	83.5897
21.5225	81.1469	0.247525	83.5897
21.5262	81.2294	0.165017	83.5897
21.5334	81.3119	0.0825083	83.5897
21.5348	81.3119	0.247525	83.5897
21.5384	81.3944	0.165017	83.5897
21.7	81.4769	0.0825083	83.5897
21.7024	81.4769	0.0825083	84.6154
21.7209	81.4769	0.165017	84.6154
21.9146	81.5594	0.0825083	84.6154
21.9192	81.6007	0.165017	84.6154
21.9344	81.6832	0.0825083	84.6154
21.9344	81.6832	0.247525	84.6154
21.9387	81.7657	0.165017	84.6154
22.09	81.8482	0.0825083	84.6154
22.0903	81.8482	0.165017	84.6154
22.2457	81.9307	0.0825083	84.6154
22.2494	81.9307	0.247525	84.6154
22.2829	82.0132	0.165017	84.6154
22.2847	82.0132	0.330033	84.6154
22.2855	82.0957	0.247525	84.6154
22.4692	82.1782	0.165017	84.6154
22.4794	82.2195	0.247525	84.6154
22.5086	82.302	0.165017	84.6154
22.5088	82.3432	0.247525	84.6154
22.6962	82.4257	0.165017	84.6154
22.6974	82.467	0.247525	84.6154
22.7651	82.5495	0.165017	84.6154
22.8023	82.5495	0.165017	85.641
22.8029	82.5908	0.247525	85.641
22.8457	82.6733	0.165017	85.641
22.8492	82.7145	0.247525	85.641
22.9535	82.797	0.165017	85.641
22.9559	82.8383	0.247525	85.641
22.9874	82.9208	0.165017	85.641
22.9884	82.962	0.247525	85.641
23.0132	83.0446	0.165017	85.641
23.0135	83.0858	0.247525	85.641
23.1171	83.1683	0.165017	85.641
23.1197	83.2096	0.247525	85.641
23.2543	83.2921	0.165017	85.641
23.2548	83.3333	0.247525	85.641
23.317	83.4158	0.165017	85.641
23.3189	83.4571	0.247525	85.641
23.5203	83.5396	0.165017	85.641
23.5542	83.5396	0.165017	86.1538
23.5546	83.5396	0.330033	86.1538
23.5563	83.6221	0.247525	86.1538
23.6943	83.7046	0.165017	86.1538
23.695	83.7046	0.330033	86.1538
23.6978	83.7871	0.247525	86.1538
23.838	83.8696	0.165017	86.1538
23.8392	83.8696	0.330033	86.1538
23.8414	83.9521	0.247525	86.1538
23.8681	84.0347	0.165017	86.1538
23.8786	84.0759	0.247525	86.1538
23.8807	84.1584	0.165017	86.1538
23.8812	84.1997	0.247525	86.1538
23.8833	84.2822	0.165017	86.1538
23.8859	84.2822	0.247525	86.1538
24.0191	84.3647	0.165017	86.1538
24.0205	84.3647	0.247525	86.1538
24.0946	84.4472	0.165017	86.1538
24.0948	84.4472	0.330033	86.1538
24.0954	84.5297	0.247525	86.1538
24.1417	84.6122	0.165017	86.1538
24.1442	84.6535	0.247525	86.1538
24.2141	84.736	0.165017	86.1538
24.4664	84.8185	0.0825083	86.1538
24.4735	84.8597	0.165017	86.1538
24.581	84.9422	0.0825083	86.1538
24.5821	84.9422	0.247525	86.1538
24.5822	85.0247	0.165017	86.1538
24.6575	85.1073	0.0825083	86.1538
24.6577	85.1485	0.165017	86.1538
24.7854	85.231	0.0825083	86.1538
24.7867	85.2723	0.165017	86.1538
24.8441	85.3548	0.0825083	86.1538
24.9365	85.4373	0	86.1538
24.938	85.4373	0.165017	86.1538
24.9383	85.5198	0.0825083	86.1538
25.2874	85.6023	0	86.1538
25.288	85.6023	0.165017	86.1538
25.288	85.6848	0.0825083	86.1538
25.4157	85.7673	0	86.1538
25.4169	85.7673	0.165017	86.1538
25.4186	85.8498	0.0825083	86.1538
25.6211	85.9323	0	86.1538
25.6214	85.9323	0.165017	86.1538
25.6214	86.0149	0.0825083	86.1538
25.8754	86.0974	0	86.1538
25.8768	86.0974	0.165017	86.1538
25.8786	86.1799	0.0825083	86.1538
26.1203	86.2624	0	86.1538
26.1208	86.2624	0.165017	86.1538
26.1235	86.3449	0.0825083	86.1538
26.1246	86.4274	0	86.1538
26.1277	86.4686	0.0825083	86.1538
26.3463	86.5512	0	86.1538
26.3473	86.5924	0.0825083	86.1538
26.552	86.6749	0	86.1538
26.552	86.6749	0.165017	86.1538
26.552	86.7574	0.0825083	86.1538
26.5999	86.8399	0	86.1538
26.6	86.8399	0.165017	86.1538
26.6002	86.9224	0.0825083	86.1538
26.6305	87.005	0	86.1538
26.6313	87.005	0.165017	86.1538
26.6333	87.0875	0.0825083	86.1538
26.8253	87.17	0	86.1538
26.8267	87.17	0.0825083	86.1538
26.8514	87.2525	0	86.1538
26.8561	87.2937	0.0825083	86.1538
27.3055	87.3762	0	86.1538
27.3082	87.4175	0.0825083	86.1538
27.3082	87.4175	0.247525	86.1538
27.3085	87.5	0.165017	86.1538
27.3102	87.5825	0.0825083	86.1538
27.5225	87.665	0	86.1538
27.5252	87.7063	0.0825083	86.1538
27.6356	87.7888	0	86.1538
27.6356	87.7888	0.165017	86.1538
27.6359	87.8713	0.0825083	86.1538
27.6739	87.9538	0	86.1538
27.6778	87.995	0.0825083	86.1538
27.6887	88.0776	0	86.1538
27.69	88.1188	0.0825083	86.1538
27.9914	88.2013	0	86.1538
27.9938	88.2426	0.0825083	86.1538
28.3016	88.3251	0	86.1538
28.3035	88.3663	0.0825083	86.1538
28.5564	88.4488	0	86.1538
28.5575	88.4901	0.0825083	86.1538
28.5757	88.5726	0	86.1538
28.5867	88.6139	0.0825083	86.1538
29.2965	88.6964	0	86.1538
29.297	88.7376	0.0825083	86.1538
29.5395	88.8201	0	86.1538
29.5395	88.8614	0.0825083	86.1538
29.9834	88.9439	0	86.1538
29.984	88.9851	0.0825083	86.1538
30.0242	89.0677	0	86.1538
30.0256	89.0677	0.0825083	86.1538
30.3254	89.1502	0	86.1538
30.3255	89.1502	0.165017	86.1538
30.3265	89.2327	0.0825083	86.1538
30.4153	89.3152	0	86.1538
30.4238	89.3564	0.0825083	86.1538
30.8792	89.4389	0	86.1538
30.8801	89.4802	0.0825083	86.1538
30.9504	89.5627	0	86.1538
30.9507	89.604	0.0825083	86.1538
31.2398	89.6865	0	86.1538
31.6485	89.6865	0	87.1795
31.6493	89.6865	0.165017	87.1795
31.6518	89.769	0.0825083	87.1795
31.8889	89.8515	0	87.1795
31.8943	89.8515	0.165017	87.1795
31.896	89.934	0.0825083	87.1795
32.1833	90.0165	0	87.1795
32.1835	90.0165	0.165017	87.1795
32.1838	90.099	0.0825083	87.1795
32.5708	90.1815	0	87.1795
32.5715	90.2228	0.0825083	87.1795
32.5765	90.3053	0	87.1795
32.5775	90.3465	0.0825083	87.1795
32.6057	90.429	0	87.1795
32.6073	90.4703	0.0825083	87.1795
32.7794	90.5528	0	87.1795
32.7801	90.5528	0.165017	87.1795
32.7805	90.6353	0.0825083	87.1795
33.0456	90.7178	0	87.1795
33.0465	90.7591	0.0825083	87.1795
33.0827	90.8416	0	87.1795
33.2201	90.8416	0	87.6923
33.2216	90.8416	0.0825083	87.6923
33.2714	90.9241	0	87.6923
33.272	90.9241	0.165017	87.6923
33.2723	91.0066	0.0825083	87.6923
33.3668	91.0891	0	87.6923
33.3679	91.1304	0.0825083	87.6923
33.4817	91.2129	0	87.6923
33.4833	91.2541	0.0825083	87.6923
33.6048	91.3366	0	87.6923
33.6067	91.3366	0.165017	87.6923
33.6076	91.4191	0.0825083	87.6923
33.6445	91.5016	0	87.6923
33.6501	91.5429	0.0825083	87.6923
33.7558	91.6254	0	87.6923
33.7575	91.6667	0.0825083	87.6923
33.7627	91.7492	0	87.6923
33.7635	91.7492	0.165017	87.6923
33.7637	91.8317	0.0825083	87.6923
34.2044	91.9142	0	87.6923
34.2058	91.9554	0.0825083	87.6923
34.3168	92.038	0	87.6923
34.3176	92.038	0.165017	87.6923
34.3236	92.1205	0.0825083	87.6923
34.4646	92.203	0	87.6923
34.4689	92.2442	0.0825083	87.6923
34.5964	92.3267	0	87.6923
34.6004	92.368	0.0825083	87.6923
35.3891	92.4505	0	87.6923
35.3898	92.4918	0.0825083	87.6923
35.4137	92.5743	0	87.6923
35.4149	92.5743	0.165017	87.6923
35.415	92.6568	0.0825083	87.6923
35.4695	92.7393	0	87.6923
35.4772	92.7393	0.165017	87.6923
35.4775	92.8218	0.0825083	87.6923
35.741	92.9043	0	87.6923
35.7419	92.9455	0.0825083	87.6923
35.9304	93.0281	0	87.6923
35.9316	93.0693	0.0825083	87.6923
35.9848	93.1518	0	87.6923
35.9874	93.1518	0.0825083	87.6923
36.1507	93.2343	0	87.6923
36.151	93.2756	0.0825083	87.6923
36.5782	93.3581	0	87.6923
36.5782	93.3993	0.0825083	87.6923
36.5881	93.4818	0	87.6923
36.5882	93.5231	0.0825083	87.6923
36.6968	93.6056	0	87.6923
36.6969	93.6469	0.0825083	87.6923
36.733	93.7294	0	87.6923
36.7381	93.7706	0.0825083	87.6923
37.0543	93.8531	0	87.6923
37.0599	93.8531	0	88.2051
37.0651	93.8944	0.0825083	88.2051
38.9614	93.9769	0	88.2051
39.0825	93.9769	0	89.2308
39.0844	93.9769	0.0825083	89.2308
39.9377	94.0594	0	89.2308
39.9387	94.1007	0.0825083	89.2308
39.9508	94.1832	0	89.2308
39.9523	94.2244	0.0825083	89.2308
40.5163	94.3069	0	89.2308
40.5167	94.3482	0.0825083	89.2308
40.8436	94.4307	0	89.2308
40.8438	94.4719	0.0825083	89.2308
40.8879	94.5545	0	89.2308
40.8881	94.5957	0.0825083	89.2308
41.1493	94.6782	0	89.2308
41.9054	94.6782	0	89.7436
41.9057	94.6782	0.165017	89.7436
41.9069	94.7607	0.0825083	89.7436
41.9345	94.8432	0	89.7436
41.9355	94.8845	0.0825083	89.7436
42.4131	94.967	0	89.7436
42.4146	95.0082	0.0825083	89.7436
43.2367	95.0908	0	89.7436
43.2379	95.132	0.0825083	89.7436
43.5444	95.2145	0	89.7436
43.5465	95.2145	0.0825083	89.7436
43.8981	95.297	0	89.7436
43.9007	95.3383	0.0825083	89.7436
44.5737	95.4208	0	89.7436
44.5786	95.4208	0.165017	89.7436
44.5788	95.5033	0.0825083	89.7436
45.1991	95.5858	0	89.7436
45.701	95.5858	0	90.2564
45.7033	95.5858	0.165017	90.2564
45.7095	95.6683	0.0825083	90.2564
46.5738	95.7508	0	90.2564
46.575	95.7508	0.165017	90.2564
46.5775	95.8333	0.0825083	90.2564
47.9634	95.9158	0	90.2564
47.9668	95.9571	0.0825083	90.2564
49.4677	96.0396	0	90.2564
49.4686	96.0809	0.0825083	90.2564
50.321	96.1634	0	90.2564
50.3219	96.1634	0.165017	90.2564
50.3223	96.2459	0.0825083	90.2564
50.5267	96.3284	0	90.2564
52.1294	96.3284	0	90.7692
52.13	96.3696	0.0825083	90.7692
53.4402	96.4521	0	90.7692
53.4434	96.4934	0.0825083	90.7692
54.8043	96.5759	0	90.7692
57.1574	96.5759	0	91.2821
58.9942	96.5759	0	92.3077
58.9971	96.6172	0.0825083	92.3077
59.5453	96.6997	0	92.3077
59.556	96.6997	0.0825083	92.3077
60.6877	96.7822	0	92.3077
60.6934	96.8234	0.0825083	92.3077
61.0876	96.9059	0	92.3077
61.0877	96.9059	0.165017	92.3077
61.1768	96.9884	0.0825083	92.3077
64.912	97.071	0	92.3077
64.9132	97.071	0.165017	92.3077
64.9143	97.1535	0.0825083	92.3077
68.6008	97.236	0	92.3077
68.6014	97.2772	0.0825083	92.3077
69.4899	97.3597	0	92.3077
69.4952	97.401	0.0825083	92.3077
77.068	97.4835	0	92.3077
77.0696	97.4835	0.165017	92.3077
77.0697	97.566	0.0825083	92.3077
79.7326	97.6485	0	92.3077
80.364	97.6485	0	93.3333
80.3642	97.6898	0.0825083	93.3333
191.578	97.7723	0	93.3333
504.68	97.7723	0	94.359
596.385	97.7723	0	95.3846
610.187	97.7723	0	95.8974
654.044	97.7723	0	96.9231
739.837	97.7723	0	97.9487
906.151	97.7723	0	98.9744
1206.58	97.7723	0	100
1206.58	97.7723	0.0825083	100
1746.29	97.8548	0	100
1751.06	97.896	0.0825083	100
1780.47	97.9785	0	100
1780.47	97.9785	0.165017	100
1783.3	98.0611	0.0825083	100
1950.91	98.1436	0	100
1950.98	98.1848	0.0825083	100
2050.74	98.2673	0	100
2056.69	98.3086	0.0825083	100
3059.88	98.3911	0	100
3061.66	98.4323	0.0825083	100
3406.35	98.5149	0	100
3407.04	98.5561	0.0825083	100
4835.47	98.6386	0	100
4835.51	98.6386	0.165017	100
4836.29	98.7211	0.0825083	100
5405.43	98.8036	0	100
5405.56	98.8449	0.0825083	100
5545.11	98.9274	0	100
5545.36	98.9274	0.0825083	100
5602.45	99.0099	0	100
5603.83	99.0512	0.0825083	100
5604.03	99.1337	0	100
5604.03	99.1749	0.0825083	100
10922.9	99.2574	0	100
10924.2	99.2987	0.0825083	100
11541.5	99.3812	0	100
11541.9	99.4224	0.0825083	100
13423.4	99.505	0	100
13424	99.505	0.165017	100
13425.7	99.5875	0.0825083	100
16371.9	99.67	0	100
16372.3	99.67	0.165017	100
16373.4	99.7525	0.0825083	100
31475	99.835	0	100
31475	99.835	0.165017	100
31478	99.9175	0.0825083	100
