1.28408e-06	0	0	0
3.51064e-06	0	0	0
8.31658e-06	0	0	0
1.58531e-05	0	0	0
3.68597e-05	0	0	0
4.55066e-05	0	0	0
5.16407e-05	0	0	0
6.58846e-05	0	0	0
7.11059e-05	0	0	0
7.66838e-05	0	0	0
7.82257e-05	0	0	0
8.66851e-05	0	0	0
9.52077e-05	0	0	0
9.64569e-05	0	0	0
0.000114835	0	0	0
0.000118836	0	0	0
0.000149451	0	0	0
0.000154979	0	0	0
0.000155657	0	0	0
0.000178337	0	0	0
0.000185856	0	0	0
0.000186178	0	0	0
0.000204248	0	0	0
0.000215344	0	0	0
0.000233033	0	0	0
0.000233449	0	0	0
0.000234855	0	0	0
0.000253169	0	0	0
0.000258441	0	0	0
0.000266944	0	0	0
0.000279808	0	0	0
0.000285742	0	0	0
0.000293543	0	0	0
0.000311313	0	0	0
0.000320049	0	0	0
0.000320644	0	0	0
0.000325893	0	0	0
0.000335687	0	0	0
0.000335729	0	0	0
0.000359884	0	0	0
0.000360113	0	0	0
0.000375282	0	0	0
0.000384218	0	0	0
0.000385696	0	0	0
0.000392597	0	0	0
0.000397326	0	0	0
0.000413613	0	0	0
0.000423254	0	0	0
0.00042343	0	0	0
0.00044842	0	0	0
0.000454429	0	0	0
0.000504313	0	0	0
0.00050566	0	0	0
0.000511205	0	0	0
0.000522303	0	0	0
0.000546242	0	0	0
0.000557046	0	0	0
0.00056399	0	0	0
0.000575982	0	0	0
0.000603968	0	0	0
0.000620874	0	0	0
0.000622844	0	0	0
0.00062285	0	0	0
0.00066891	0	0	0
0.000672394	0	0	0
0.000673019	0	0	0
0.000676934	0	0	0
0.000683602	0	0	0
0.000703704	0	0	0
0.000705953	0	0	0
0.000716499	0	0	0
0.000717067	0	0	0
0.000724299	0	0	0
0.000741167	0	0	0
0.000772993	0	0	0
0.000819284	0	0	0
0.000829892	0	0	0
0.000843838	0	0	0
0.000848889	0	0	0
0.000853559	0	0	0
0.000871482	0	0	0
0.000908792	0	0	0
0.000911317	0	0	0
0.000917782	0	0	0
0.000926276	0	0	0
0.000939865	0	0	0
0.000942305	0	0	0
0.00101487	0	0	0
0.00101601	0	0	0
0.00102533	0	0	0
0.00103642	0	0	0
0.00107778	0	0	0
0.0010859	0	0	0
0.00108838	0	0	0
0.00109368	0	0	0
0.00111488	0	0	0
0.00114617	0	0	0
0.00116135	0	0	0
0.00117798	0	0	0
0.00122103	0	0	0
0.00123122	0	0	0
0.00123904	0	0	0
0.001242	0	0	0
0.00126913	0	0	0
0.00133931	0	0	0
0.00139721	0	0	0
0.00139783	0	0	0
0.0014108	0	0	0
0.00141195	0	0	0
0.00147007	0	0	0
0.0014766	0	0	0
0.00150294	0	0	0
0.00152536	0	0	0
0.00152683	0	0	0
0.00155338	0	0	0
0.00155598	0	0	0
0.00157264	0	0	0
0.00157274	0	0	0
0.00157456	0	0	0
0.00157897	0	0	0
0.00159136	0	0	0
0.00161053	0	0	0
0.00163767	0	0	0
0.00167147	0	0	0
0.00167881	0	0	0
0.00168742	0	0	0
0.00172808	0	0	0
0.0017455	0	0	0
0.00174887	0	0	0
0.00174893	0	0	0
0.00176043	0	0	0
0.00176948	0	0	0
0.00180591	0	0	0
0.00180942	0	0	0
0.00181466	0	0	0
0.00188912	0	0	0
0.00189171	0	0	0
0.00191208	0	0	0
0.00195349	0	0	0
0.00202984	0	0	0
0.00205146	0	0	0
0.00205724	0	0	0
0.00209664	0	0	0
0.0021057	0	0	0
0.00215048	0	0	0
0.0021715	0	0	0
0.00218755	0	0	0
0.00219206	0	0	0
0.00221558	0	0	0
0.00223439	0	0	0
0.00224062	0	0	0
0.00225407	0	0	0
0.00226734	0	0	0
0.00227907	0	0	0
0.00229212	0	0	0
0.00232669	0	0	0
0.00234361	0	0	0
0.00234936	0	0	0
0.00235911	0	0	0
0.00241237	0	0	0
0.00249051	0	0	0
0.00251602	0	0	0
0.0025245	0	0	0
0.00254525	0	0	0
0.00258213	0	0	0
0.00258966	0	0	0
0.00265655	0	0	0
0.00267696	0	0	0
0.00269255	0	0	0
0.0027292	0	0	0
0.00275353	0	0	0
0.00280262	0	0	0
0.00285605	0	0	0
0.00286055	0	0	0
0.00291805	0	0	0
0.00294705	0	0	0
0.00295528	0	0	0
0.00297113	0	0	0
0.00298648	0	0	0
0.00302166	0	0	0
0.00309109	0	0	0
0.00314372	0	0	0
0.00320911	0	0	0
0.0032811	0	0	0
0.00329296	0	0	0
0.00331357	0	0	0
0.00331467	0	0	0
0.00334396	0	0	0
0.00337341	0	0	0
0.0034713	0	0	0
0.0034738	0	0	0
0.00349321	0	0	0
0.00353239	0	0	0
0.0035431	0	0	0
0.00359906	0	0	0
0.00360771	0	0	0
0.00361793	0	0	0
0.00363004	0	0	0
0.00371154	0	0	0
0.00372033	0	0	0
0.00374415	0	0	0
0.00376524	0	0	0
0.00380002	0	0	0
0.00385617	0	0	0
0.00385636	0	0	0
0.00386794	0	0	0
0.00390629	0	0	0
0.00393186	0	0	0
0.00401052	0	0	0
0.00406732	0	0	0
0.00408211	0	0	0
0.00412105	0	0	0
0.00414248	0	0	0
0.00416523	0	0	0
0.00419732	0	0	0
0.00420244	0	0	0
0.00420682	0	0	0
0.00421294	0	0	0
0.00422352	0	0	0
0.00425798	0	0	0
0.00427835	0	0	0
0.0043178	0	0	0
0.00432379	0	0	0
0.00435067	0	0	0
0.00436503	0	0	0
0.00445354	0	0	0
0.00449911	0	0	0
0.00459284	0	0	0
0.00477843	0	0	0
0.00481927	0	0	0
0.00489635	0	0	0
0.00498722	0	0	0
0.00501007	0	0	0
0.00508395	0	0	0
0.00516846	0	0	0
0.00518229	0	0	0
0.00519339	0	0	0
0.00524183	0	0	0
0.00524622	0	0	0
0.00529226	0	0	0
0.00532256	0	0	0
0.00534595	0	0	0
0.00546073	0	0	0
0.00557815	0	0	0
0.00558967	0	0	0
0.00574764	0	0	0
0.00578612	0	0	0
0.00581572	0	0	0
0.0058833	0	0	0
0.00594816	0	0	0
0.00607596	0	0	0
0.00607699	0	0	0
0.00608537	0	0	0
0.00611088	0	0	0
0.00612953	0	0	0
0.00613758	0	0	0
0.00614856	0	0	0
0.00621421	0	0	0
0.00623084	0	0	0
0.00624877	0	0	0
0.00626668	0	0	0
0.00631848	0	0	0
0.00632755	0	0	0
0.0063278	0	0	0
0.00639178	0	0	0
0.0064536	0	0	0
0.00659584	0	0	0
0.0066133	0	0	0
0.00664628	0	0	0
0.00668065	0	0	0
0.0067214	0	0	0
0.00674133	0	0	0
0.00675609	0	0	0
0.00676921	0	0	0
0.00678486	0	0	0
0.00701994	0	0	0
0.00704721	0	0	0
0.00704862	0	0	0
0.00709131	0	0	0
0.00711984	0	0	0
0.00729981	0	0	0
0.00742731	0	0	0
0.00746214	0	0	0
0.00747843	0	0	0
0.00748962	0	0	0
0.00762714	0	0	0
0.00764779	0	0	0
0.00769014	0	0	0
0.00769403	0	0	0
0.00777536	0	0	0
0.00782477	0	0	0
0.00787985	0	0	0
0.007987	0	0	0
0.00816354	0	0	0
0.00826191	0	0	0
0.00837228	0	0	0
0.00845896	0	0	0
0.00849655	0	0	0
0.00851594	0	0	0
0.00853352	0	0	0
0.00853907	0	0	0
0.00856277	0	0	0
0.00858691	0	0	0
0.00877604	0	0	0
0.00879439	0	0	0
0.00882046	0	0	0
0.00888071	0	0	0
0.0089318	0	0	0
0.00894686	0	0	0
0.00895934	0	0	0
0.00898061	0	0	0
0.00901867	0	0	0
0.00907002	0	0	0
0.00913216	0	0	0
0.00913881	0	0	0
0.009149	0	0	0
0.00916948	0	0	0
0.00927651	0	0	0
0.00928782	0	0	0
0.00929827	0	0	0
0.00949234	0	0	0
0.00956107	0	0	0
0.00965057	0	0	0
0.00966986	0	0	0
0.00968081	0	0	0
0.00968714	0	0	0
0.0100473	0	0	0
0.0100654	0	0	0
0.0101412	0	0	0
0.0102366	0	0	0
0.0102371	0	0	0
0.0102466	0	0	0
0.0103193	0	0	0
0.0103259	0	0	0
0.0103273	0	0	0
0.0103949	0	0	0
0.0106377	0	0	0
0.0106961	0	0	0
0.0107069	0	0	0
0.0107108	0	0	0
0.0107297	0	0	0
0.0107478	0	0	0
0.0107623	0	0	0
0.0107929	0	0	0
0.0108175	0	0	0
0.010872	0	0	0
0.010896	0	0	0
0.0109222	0	0	0
0.0109229	0	0	0
0.0109269	0	0	0
0.0109659	0	0	0
0.010969	0	0	0
0.0110179	0	0	0
0.0110289	0	0	0
0.0110416	0	0	0
0.011125	0	0	0
0.0111589	0	0	0
0.0111833	0	0	0
0.0112187	0	0	0
0.0112458	0	0	0
0.0112947	0	0	0
0.011319	0	0	0
0.0113937	0	0	0
0.0114181	0	0	0
0.0114324	0	0	0
0.0114593	0	0	0
0.0114762	0	0	0
0.0114891	0	0	0
0.0115038	0	0	0
0.0115049	0	0	0
0.0115674	0	0	0
0.0115815	0	0	0
0.0116524	0	0	0
0.0116628	0	0	0
0.0116935	0	0	0
0.0116963	0	0	0
0.0117293	0	0	0
0.0117689	0	0	0
0.0118294	0	0	0
0.0118567	0	0	0
0.0118594	0	0	0
0.0118802	0	0	0
0.0118832	0	0	0
0.0118833	0	0	0
0.0118963	0	0	0
0.012062	0	0	0
0.012085	0	0	0
0.0121293	0	0	0
0.012161	0	0	0
0.0121669	0	0	0
0.0123016	0	0	0
0.012333	0	0	0
0.0123554	0	0	0
0.0124435	0	0	0
0.0124919	0	0	0
0.0124931	0	0	0
0.0125104	0	0	0
0.012525	0	0	0
0.0125414	0	0	0
0.0125532	0	0	0
0.0125706	0	0	0
0.012602	0	0	0
0.0126784	0	0	0
0.0127139	0	0	0
0.0127665	0	0	0
0.0127699	0	0	0
0.0127726	0	0	0
0.0128066	0	0	0
0.0128532	0	0	0
0.012867	0	0	0
0.0128926	0	0	0
0.0129305	0	0	0
0.013053	0	0	0
0.0131316	0	0	0
0.0132213	0	0	0
0.0132927	0	0	0
0.0133062	0	0	0
0.0133175	0	0	0
0.0133272	0	0	0
0.0133346	0	0	0
0.0133404	0	0	0
0.0133419	0	0	0
0.0133622	0	0	0
0.0133732	0	0	0
0.0134176	0	0	0
0.0134777	0	0	0
0.013485	0	0	0
0.0134982	0	0	0
0.0135075	0	0	0
0.013577	0	0	0
0.0136311	0	0	0
0.0136404	0	0	0
0.0136641	0	0	0
0.0137244	0	0	0
0.0137391	0	0	0
0.0137607	0	0	0
0.0138051	0	0	0
0.0138216	0	0	0
0.0139198	0	0	0
0.0139544	0	0	0
0.013959	0	0	0
0.0139655	0	0	0
0.0139846	0	0	0
0.0140152	0	0	0
0.0140389	0	0	0
0.0140724	0	0	0
0.0141037	0	0	0
0.0141109	0	0	0
0.0141353	0	0	0
0.0141469	0	0	0
0.0141647	0	0	0
0.0142301	0	0	0
0.014243	0	0	0
0.014287	0	0	0
0.0143178	0	0	0
0.0143243	0	0	0
0.0143382	0	0	0
0.0143862	0	0	0
0.0144086	0	0	0
0.0144369	0	0	0
0.0144888	0	0	0
0.0145238	0	0	0
0.0145313	0	0	0
0.0145648	0	0	0
0.0145738	0	0	0
0.0145952	0	0	0
0.0146754	0	0	0
0.0147079	0	0	0
0.0147848	0	0	0
0.0147893	0	0	0
0.0148046	0	0	0
0.0148429	0	0	0
0.0148906	0	0	0
0.0149977	0	0	0
0.0150205	0	0	0
0.0150519	0	0	0
0.0150786	0	0	0
0.0150886	0	0	0
0.0150994	0	0	0
0.0151066	0	0	0
0.015121	0	0	0
0.0151307	0	0	0
0.0153626	0	0	0
0.0153834	0	0	0
0.0154877	0	0	0
0.0155541	0	0	0
0.01558	0	0	0
0.0156204	0	0	0
0.015695	0	0	0
0.0157153	0	0	0
0.015937	0	0	0
0.0159619	0	0	0
0.0159648	0	0	0
0.0159985	0	0	0
0.0160426	0	0	0
0.0161301	0	0	0
0.0161457	0	0	0
0.0162026	0	0	0
0.0162042	0	0	0
0.0162663	0	0	0
0.0163521	0	0	0
0.0164084	0	0	0
0.0164595	0	0	0
0.0165169	0	0	0
0.0165324	0	0	0
0.0165863	0	0	0
0.0167254	0	0	0
0.0167482	0	0	0
0.016764	0	0	0
0.0168083	0	0	0
0.016862	0	0	0
0.0169029	0	0	0
0.0169192	0	0	0
0.0170276	0	0	0
0.0170378	0	0	0
0.0170816	0	0	0
0.0170898	0	0	0
0.0170968	0	0	0
0.0170994	0	0	0
0.0171045	0	0	0
0.017144	0	0	0
0.0172763	0	0	0
0.0173162	0	0	0
0.0173667	0	0	0
0.017387	0	0	0
0.017394	0	0	0
0.0174159	0	0	0
0.0174459	0	0	0
0.0175177	0	0	0
0.0175209	0	0	0
0.0175412	0	0	0
0.0175893	0	0	0
0.0176112	0	0	0
0.0176124	0	0	0
0.017623	0	0	0
0.0176343	0	0	0
0.0176475	0	0	0
0.017677	0	0	0
0.0177093	0	0	0
0.0178593	0	0	0
0.017864	0	0	0
0.0179152	0	0	0
0.0179205	0	0	0
0.0179872	0	0	0
0.0181899	0	0	0
0.018336	0	0	0
0.0183808	0	0	0
0.018422	0	0	0
0.0184252	0	0	0
0.0184766	0	0	0
0.018481	0	0	0
0.0184981	0	0	0
0.0185722	0	0	0
0.0185884	0	0	0
0.0186361	0	0	0
0.0187276	0	0	0
0.018831	0	0	0
0.0188342	0	0	0
0.0188372	0	0	0
0.0189075	0	0	0
0.0189259	0	0	0
0.0189966	0	0	0
0.0190581	0	0	0
0.0190937	0	0	0
0.019148	0	0	0
0.019148	0	0	0
0.0191595	0	0	0
0.0191662	0	0	0
0.0191847	0	0	0
0.0192281	0	0	0
0.019279	0	0	0
0.019298	0	0	0
0.0193043	0	0	0
0.019334	0	0	0
0.0193365	0	0	0
0.0193624	0	0	0
0.0193661	0	0	0
0.0193718	0	0	0
0.0194198	0	0	0
0.0194386	0	0	0
0.0194473	0	0	0
0.0194715	0	0	0
0.0195108	0	0	0
0.0195169	0	0	0
0.0195343	0	0	0
0.0195466	0	0	0
0.019591	0	0	0
0.0196368	0	0	0
0.0196394	0	0	0
0.0196766	0	0	0
0.0196834	0	0	0
0.0197328	0	0	0
0.0198226	0	0	0
0.0198551	0	0	0
0.0198628	0	0	0
0.0198633	0	0	0
0.0198945	0	0	0
0.0199334	0	0	0
0.01996	0	0	0
0.0199612	0	0	0
0.0199711	0	0	0
0.0199921	0	0	0
0.0200086	0	0	0
0.0200187	0	0	0
0.0200226	0	0	0
0.0200256	0	0	0
0.0200271	0	0	0
0.0200656	0	0	0
0.0200875	0	0	0
0.0201222	0	0	0
0.0202056	0	0	0
0.0202943	0	0	0
0.0203209	0	0	0
0.0203966	0	0	0
0.0204233	0	0	0
0.0204304	0	0	0
0.0204406	0	0	0
0.0204469	0	0	0
0.0205078	0	0	0
0.02052	0	0	0
0.0205625	0	0	0
0.020576	0	0	0
0.0205889	0	0	0
0.0206185	0	0	0
0.0206299	0	0	0
0.0206841	0	0	0
0.0207517	0	0	0
0.0207727	0	0	0
0.0208297	0	0	0
0.0209038	0	0	0
0.0209801	0	0	0
0.0210433	0	0	0
0.0210532	0	0	0
0.0210552	0	0	0
0.0210921	0	0	0
0.0211016	0	0	0
0.0211627	0	0	0
0.0213191	0	0	0
0.0213803	0	0	0
0.0214629	0	0	0
0.0214919	0	0	0
0.021497	0	0	0
0.0215407	0	0	0
0.0216248	0	0	0
0.0216252	0	0	0
0.0216408	0	0	0
0.0216736	0	0	0
0.0217689	0	0	0
0.0217826	0	0	0
0.0218639	0	0	0
0.0218898	0	0	0
0.0218969	0	0	0
0.0218996	0	0	0
0.0219639	0	0	0
0.0219664	0	0	0
0.0220213	0	0	0
0.022027	0	0	0
0.0220573	0	0	0
0.0220934	0	0	0
0.0221172	0	0	0
0.0221568	0	0	0
0.0221747	0	0	0
0.0222552	0	0	0
0.0222645	0	0	0
0.0222763	0	0	0
0.0224046	0	0	0
0.0224528	0	0	0
0.0224606	0	0	0
0.0224781	0	0	0
0.0224839	0	0	0
0.0224966	0	0	0
0.0226105	0	0	0
0.0226266	0	0	0
0.0226333	0	0	0
0.0226787	0	0	0
0.0226821	0	0	0
0.0227758	0	0	0
0.0228656	0	0	0
0.0229398	0	0	0
0.0229436	0	0	0
0.0229744	0	0	0
0.0230041	0	0	0
0.0230078	0	0	0
0.0230543	0	0	0
0.0230588	0	0	0
0.0230912	0	0	0
0.0231044	0	0	0
0.0231253	0	0	0
0.0231691	0	0	0
0.0231975	0	0	0
0.0232252	0	0	0
0.023323	0	0	0
0.0234381	0	0	0
0.0234448	0	0	0
0.0234838	0	0	0
0.0235022	0	0	0
0.0235744	0	0	0
0.0235808	0	0	0
0.0235832	0	0	0
0.0236033	0	0	0
0.0236615	0	0	0
0.0237122	0	0	0
0.0237849	0	0	0
0.0238038	0	0	0
0.0238127	0	0	0
0.0238332	0	0	0
0.0239345	0	0	0
0.0239838	0	0	0
0.0239999	0	0	0
0.0240321	0	0	0
0.0241762	0	0	0
0.0241898	0	0	0
0.0241898	0	0	0
0.0242195	0	0	0
0.0242208	0	0	0
0.0242282	0	0	0
0.0242478	0	0	0
0.0242942	0	0	0
0.0242982	0	0	0
0.0244286	0	0	0
0.0244794	0	0	0
0.0244985	0	0	0
0.0245551	0	0	0
0.0245654	0	0	0
0.0246239	0	0	0
0.0246321	0	0	0
0.0246744	0	0	0
0.0247433	0	0	0
0.0247639	0	0	0
0.0248028	0	0	0
0.0248076	0	0	0
0.0248825	0	0	0
0.0249159	0	0	0
0.0249497	0	0	0
0.0249764	0	0	0
0.0250122	0	0	0
0.0250148	0	0	0
0.025336	0	0	0
0.0254832	0	0	0
0.0256821	0	0	0
0.0256945	0	0	0
0.0258968	0	0	0
0.0264463	0	0	0
0.0265666	0	0	0
0.026616	0	0	0
0.0266716	0	0	0
0.0267264	0	0	0
0.026796	0	0	0
0.0269311	0	0	0
0.0269746	0	0	0
0.0270191	0	0	0
0.0270584	0	0	0
0.027131	0	0	0
0.0272271	0	0	0
0.0273424	0	0	0
0.02746	0	0	0
0.0274607	0	0	0
0.029774	0	0	0
0.0299334	0	0	0
0.030881	0	0	0
0.0375156	0	0	0
0.0396241	0	0.165017	0
0.0406558	0.0825083	0.0825083	0
0.0503736	0.165017	0	0
0.0507296	0.206271	0.0825083	0
0.0660733	0.288779	0	0
0.0772373	0.288779	0	0
0.101744	0.288779	0	0
0.109542	0.330033	0.0825083	0
0.11041	0.330033	0.0825083	0
0.117114	0.412541	0	0
0.119081	0.453795	0.0825083	0
0.119347	0.536304	0	0
0.119811	0.577558	0.0825083	0
0.120313	0.660066	0	0
0.121915	0.70132	0.0825083	0
0.122997	0.70132	0.0825083	0.520833
0.123917	0.70132	0.165017	0.520833
0.123932	0.783828	0.0825083	0.520833
0.124201	0.825082	0.165017	0.520833
0.12579	0.907591	0.0825083	0.520833
0.126554	0.907591	0.165017	0.520833
0.141574	0.990099	0.0825083	0.520833
0.142788	1.03135	0.165017	0.520833
0.156504	1.11386	0.0825083	0.520833
0.164312	1.15512	0.165017	0.520833
0.167101	1.23762	0.0825083	0.520833
0.16917	1.27888	0.165017	0.520833
0.169199	1.32013	0.247525	0.520833
0.169228	1.32013	0.412541	0.520833
0.169354	1.40264	0.330033	0.520833
0.171328	1.48515	0.247525	0.520833
0.171841	1.56766	0.165017	0.520833
0.193547	1.65016	0.0825083	0.520833
0.193776	1.69142	0.165017	0.520833
0.210821	1.77393	0.0825083	0.520833
0.215399	1.77393	0.0825083	1.04167
0.22041	1.81518	0.165017	1.04167
0.222352	1.89769	0.0825083	1.04167
0.224708	1.89769	0.0825083	1.04167
0.224909	1.93894	0.165017	1.04167
0.233212	2.02145	0.0825083	1.04167
0.235492	2.02145	0.165017	1.04167
0.23896	2.10396	0.0825083	1.04167
0.240404	2.14521	0.165017	1.04167
0.242526	2.22772	0.0825083	1.04167
0.24545	2.31023	0	1.04167
0.248785	2.35149	0.0825083	1.04167
0.261118	2.43399	0	1.04167
0.263937	2.47525	0.0825083	1.04167
0.271123	2.55776	0	1.04167
0.271635	2.59901	0.0825083	1.04167
0.273274	2.68152	0	1.04167
0.274167	2.72277	0.0825083	1.04167
0.276198	2.76403	0.165017	1.04167
0.278728	2.84653	0.0825083	1.04167
0.287378	2.92904	0	1.04167
0.291269	2.92904	0.165017	1.04167
0.307679	3.01155	0.0825083	1.04167
0.312553	3.09406	0	1.04167
0.312814	3.09406	0.165017	1.04167
0.319303	3.17657	0.0825083	1.04167
0.325792	3.25908	0	1.04167
0.338534	3.25908	0	1.5625
0.35861	3.25908	0	2.08333
0.366525	3.25908	0	2.08333
0.366598	3.30033	0.0825083	2.08333
0.373991	3.38284	0	2.08333
0.375208	3.42409	0.0825083	2.08333
0.390485	3.5066	0	2.08333
0.390702	3.54785	0.0825083	2.08333
0.395159	3.63036	0	2.08333
0.39549	3.67162	0.0825083	2.08333
0.411219	3.75413	0	2.08333
0.413122	3.75413	0	2.60417
0.415469	3.75413	0.0825083	2.60417
0.42877	3.83663	0	2.60417
0.431611	3.83663	0.165017	2.60417
0.434028	3.91914	0.0825083	2.60417
0.434579	3.91914	0.165017	2.60417
0.437264	4.00165	0.0825083	2.60417
0.44179	4.08416	0	2.60417
0.444035	4.08416	0.165017	2.60417
0.444513	4.16667	0.0825083	2.60417
0.448726	4.24918	0	2.60417
0.44873	4.29043	0.0825083	2.60417
0.506301	4.37294	0	2.60417
0.506533	4.37294	0.165017	2.60417
0.508662	4.37294	0.247525	2.60417
0.508923	4.45545	0.165017	2.60417
0.51017	4.53795	0.0825083	2.60417
0.511759	4.53795	0.165017	2.60417
0.512614	4.62046	0.0825083	2.60417
0.514538	4.70297	0	2.60417
0.514901	4.70297	0.165017	2.60417
0.517355	4.78548	0.0825083	2.60417
0.517656	4.86799	0	2.60417
0.518337	4.86799	0.165017	2.60417
0.522636	4.9505	0.0825083	2.60417
0.567768	5.033	0	2.60417
0.570029	5.07426	0.0825083	2.60417
0.571166	5.07426	0.247525	2.60417
0.571172	5.15677	0.165017	2.60417
0.571304	5.23927	0.0825083	2.60417
0.572916	5.32178	0	2.60417
0.575368	5.36304	0.0825083	2.60417
0.578216	5.36304	0.0825083	3.125
0.580543	5.36304	0.165017	3.125
0.581311	5.44554	0.0825083	3.125
0.601328	5.52805	0	3.125
0.605172	5.52805	0	4.16667
0.605192	5.56931	0.0825083	4.16667
0.617521	5.56931	0.0825083	4.16667
0.628812	5.65182	0	4.16667
0.641657	5.65182	0	4.16667
0.648178	5.69307	0.0825083	4.16667
0.661513	5.77558	0	4.16667
0.67455	5.77558	0	4.6875
0.677259	5.77558	0	4.6875
0.682691	5.81683	0.0825083	4.6875
0.682848	5.81683	0.247525	4.6875
0.683043	5.89934	0.165017	4.6875
0.683443	5.98185	0.0825083	4.6875
0.684164	6.06436	0	4.6875
0.685361	6.06436	0.165017	4.6875
0.687082	6.14686	0.0825083	4.6875
0.694749	6.22937	0	4.6875
0.696509	6.22937	0.0825083	4.6875
0.708295	6.31188	0	4.6875
0.709905	6.31188	0	4.6875
0.709929	6.31188	0.0825083	4.6875
0.710426	6.39439	0	4.6875
0.711089	6.39439	0.165017	4.6875
0.712918	6.4769	0.0825083	4.6875
0.723677	6.55941	0	4.6875
0.723807	6.55941	0.165017	4.6875
0.724977	6.64191	0.0825083	4.6875
0.734225	6.72442	0	4.6875
0.738614	6.76568	0.0825083	4.6875
0.74194	6.84818	0	4.6875
0.758965	6.84818	0	5.20833
0.759012	6.88944	0.0825083	5.20833
0.795044	6.97195	0	5.20833
0.801375	6.97195	0	5.20833
0.8058	7.0132	0.0825083	5.20833
0.832678	7.09571	0	5.20833
0.834741	7.13696	0.0825083	5.20833
0.877799	7.21947	0	5.20833
0.884895	7.26073	0.0825083	5.20833
0.885226	7.26073	0.165017	5.20833
0.892526	7.34323	0.0825083	5.20833
0.894597	7.42574	0	5.20833
0.91405	7.42574	0	5.72917
0.916061	7.467	0.0825083	5.72917
0.920519	7.5495	0	5.72917
0.921608	7.5495	0.0825083	5.72917
0.934815	7.63201	0	5.72917
0.934923	7.63201	0.0825083	5.72917
0.982109	7.71452	0	5.72917
0.982407	7.71452	0.0825083	5.72917
0.983513	7.71452	0.0825083	5.72917
0.990578	7.79703	0	5.72917
0.994076	7.79703	0.0825083	5.72917
0.996156	7.87954	0	5.72917
1.01133	7.87954	0	6.25
1.01162	7.87954	0.165017	6.25
1.01423	7.96205	0.0825083	6.25
1.02011	8.04455	0	6.25
1.02607	8.08581	0.0825083	6.25
1.02852	8.08581	0.0825083	6.25
1.0327	8.16832	0	6.25
1.05225	8.16832	0	6.77083
1.05606	8.20957	0.0825083	6.77083
1.06339	8.29208	0	6.77083
1.06929	8.29208	0.165017	6.77083
1.07002	8.37459	0.0825083	6.77083
1.07019	8.41584	0.165017	6.77083
1.07278	8.49835	0.0825083	6.77083
1.07334	8.58086	0	6.77083
1.07451	8.62211	0.0825083	6.77083
1.08469	8.70462	0	6.77083
1.08997	8.74587	0.0825083	6.77083
1.10382	8.82838	0	6.77083
1.10435	8.86964	0.0825083	6.77083
1.11088	8.95215	0	6.77083
1.11225	8.9934	0.0825083	6.77083
1.12562	9.07591	0	6.77083
1.1275	9.07591	0	7.29167
1.13054	9.07591	0.0825083	7.29167
1.1309	9.11716	0.165017	7.29167
1.1317	9.15842	0.247525	7.29167
1.13175	9.24092	0.165017	7.29167
1.13191	9.32343	0.0825083	7.29167
1.14217	9.40594	0	7.29167
1.1425	9.40594	0.165017	7.29167
1.14297	9.4472	0.247525	7.29167
1.14298	9.4472	0.412541	7.29167
1.14304	9.5297	0.330033	7.29167
1.14368	9.61221	0.247525	7.29167
1.14666	9.69472	0.165017	7.29167
1.14852	9.77723	0.0825083	7.29167
1.15263	9.85974	0	7.29167
1.18684	9.85974	0	7.8125
1.1869	9.90099	0.0825083	7.8125
1.187	9.90099	0.247525	7.8125
1.18719	9.9835	0.165017	7.8125
1.19317	10.066	0.0825083	7.8125
1.21614	10.1485	0	7.8125
1.23326	10.1485	0	7.8125
1.23414	10.1485	0.165017	7.8125
1.23782	10.231	0.0825083	7.8125
1.23803	10.231	0.0825083	8.85417
1.2545	10.3135	0	8.85417
1.25844	10.3135	0	9.375
1.2621	10.3135	0	9.375
1.26837	10.3135	0	9.89583
1.26906	10.3135	0.0825083	9.89583
1.27259	10.3135	0.247525	9.89583
1.27285	10.396	0.165017	9.89583
1.27342	10.4785	0.0825083	9.89583
1.2823	10.5611	0	9.89583
1.28588	10.6023	0.0825083	9.89583
1.29171	10.6848	0	9.89583
1.29858	10.6848	0.0825083	9.89583
1.30466	10.7673	0	9.89583
1.30481	10.8086	0.0825083	9.89583
1.31616	10.8911	0	9.89583
1.31708	10.9323	0.0825083	9.89583
1.31785	11.0149	0	9.89583
1.31997	11.0149	0.165017	9.89583
1.32029	11.0974	0.0825083	9.89583
1.32592	11.1799	0	9.89583
1.3261	11.2211	0.0825083	9.89583
1.32674	11.2211	0.165017	9.89583
1.32754	11.3036	0.0825083	9.89583
1.33287	11.3861	0	9.89583
1.3332	11.4274	0.0825083	9.89583
1.34459	11.5099	0	9.89583
1.3454	11.5099	0.0825083	9.89583
1.35432	11.5924	0	9.89583
1.35456	11.6337	0.0825083	9.89583
1.37595	11.7162	0	9.89583
1.37722	11.7162	0.165017	9.89583
1.37914	11.7987	0.0825083	9.89583
1.42883	11.8812	0	9.89583
1.43228	11.8812	0.165017	9.89583
1.43233	11.9637	0.0825083	9.89583
1.43876	12.0462	0	9.89583
1.44113	12.0875	0.0825083	9.89583
1.46372	12.17	0	9.89583
1.4645	12.2112	0.0825083	9.89583
1.46505	12.2937	0	9.89583
1.48209	12.2937	0	10.4167
1.48426	12.335	0.0825083	10.4167
1.49123	12.4175	0	10.4167
1.49322	12.4587	0.0825083	10.4167
1.49541	12.5413	0	10.4167
1.49887	12.5413	0.165017	10.4167
1.50019	12.6238	0.0825083	10.4167
1.50026	12.7063	0	10.4167
1.50092	12.7063	0.165017	10.4167
1.50753	12.7888	0.0825083	10.4167
1.50926	12.8713	0	10.4167
1.51082	12.8713	0.0825083	10.4167
1.53383	12.9538	0	10.4167
1.5345	12.995	0.0825083	10.4167
1.55626	13.0776	0	10.4167
1.55779	13.0776	0.165017	10.4167
1.55916	13.1601	0.0825083	10.4167
1.56848	13.2426	0	10.4167
1.56912	13.2426	0	10.4167
1.56951	13.2426	0.165017	10.4167
1.5706	13.3251	0.0825083	10.4167
1.61717	13.4076	0	10.4167
1.61848	13.4076	0.0825083	10.4167
1.62031	13.4901	0	10.4167
1.62161	13.5314	0.0825083	10.4167
1.62161	13.5314	0.247525	10.4167
1.62298	13.6139	0.165017	10.4167
1.62516	13.6964	0.0825083	10.4167
1.62528	13.6964	0.165017	10.4167
1.62594	13.7789	0.0825083	10.4167
1.6268	13.8614	0	10.4167
1.62759	13.8614	0.0825083	10.4167
1.63388	13.9439	0	10.4167
1.63517	13.9851	0.0825083	10.4167
1.65877	14.0677	0	10.4167
1.66214	14.0677	0	10.4167
1.66293	14.0677	0.165017	10.4167
1.66419	14.0677	0.165017	10.9375
1.66463	14.1502	0.0825083	10.9375
1.67075	14.2327	0	10.9375
1.67512	14.2739	0.0825083	10.9375
1.69997	14.3564	0	10.9375
1.70267	14.3977	0.0825083	10.9375
1.71078	14.4802	0	10.9375
1.71146	14.5215	0.0825083	10.9375
1.72618	14.604	0	10.9375
1.72806	14.604	0.0825083	10.9375
1.74149	14.6865	0	10.9375
1.74737	14.6865	0	11.4583
1.75028	14.6865	0.165017	11.4583
1.75174	14.769	0.0825083	11.4583
1.75342	14.8102	0.165017	11.4583
1.75433	14.8927	0.0825083	11.4583
1.75495	14.9752	0	11.4583
1.75822	15.0165	0.0825083	11.4583
1.75982	15.099	0	11.4583
1.76547	15.099	0	12.5
1.76634	15.099	0	13.0208
1.76665	15.099	0.0825083	13.0208
1.77157	15.1815	0	13.0208
1.7781	15.2228	0.0825083	13.0208
1.7866	15.3053	0	13.0208
1.81332	15.3053	0	13.5417
1.8205	15.3053	0	13.5417
1.82149	15.3053	0	14.0625
1.82335	15.3053	0.165017	14.0625
1.8247	15.3878	0.0825083	14.0625
1.82551	15.3878	0.165017	14.0625
1.82652	15.4703	0.0825083	14.0625
1.83782	15.5528	0	14.0625
1.83807	15.5941	0.0825083	14.0625
1.83872	15.6353	0.165017	14.0625
1.83893	15.7178	0.0825083	14.0625
1.84116	15.8003	0	14.0625
1.84359	15.8003	0	14.5833
1.84466	15.8416	0.0825083	14.5833
1.84976	15.9241	0	14.5833
1.87337	15.9241	0	14.5833
1.87418	15.9653	0.0825083	14.5833
1.91679	16.0479	0	14.5833
1.91704	16.0891	0.0825083	14.5833
1.91841	16.1716	0	14.5833
1.92108	16.1716	0.0825083	14.5833
1.92124	16.1716	0.0825083	15.1042
1.92314	16.2541	0	15.1042
1.92621	16.2541	0	15.625
1.92641	16.2954	0.0825083	15.625
1.93025	16.3779	0	15.625
1.93097	16.3779	0.165017	15.625
1.93178	16.4604	0.0825083	15.625
1.93889	16.5429	0	15.625
1.93897	16.5429	0.165017	15.625
1.93975	16.6254	0.0825083	15.625
1.94182	16.7079	0	15.625
1.94608	16.7079	0	16.1458
1.95176	16.7079	0.0825083	16.1458
1.95718	16.7904	0	16.1458
1.96382	16.8317	0.0825083	16.1458
1.98682	16.9142	0	16.1458
1.98839	16.9554	0.0825083	16.1458
1.99702	17.038	0	16.1458
1.99759	17.0792	0.0825083	16.1458
2.01319	17.1617	0	16.1458
2.01482	17.203	0.0825083	16.1458
2.02912	17.2855	0	16.1458
2.02976	17.2855	0.0825083	16.1458
2.05247	17.368	0	16.1458
2.05772	17.368	0	16.6667
2.05775	17.4092	0.0825083	16.6667
2.06407	17.4917	0	16.6667
2.06613	17.533	0.0825083	16.6667
2.07531	17.6155	0	16.6667
2.07577	17.6155	0.165017	16.6667
2.07678	17.698	0.0825083	16.6667
2.10093	17.7805	0	16.6667
2.10156	17.8218	0.0825083	16.6667
2.10787	17.9043	0	16.6667
2.14933	17.9043	0	17.1875
2.15823	17.9043	0	17.7083
2.15864	17.9043	0	18.2292
2.15974	17.9043	0	18.2292
2.16009	17.9455	0.0825083	18.2292
2.16431	18.0281	0	18.2292
2.17553	18.0281	0	18.75
2.17607	18.0693	0.0825083	18.75
2.18311	18.1518	0	18.75
2.18339	18.1931	0.0825083	18.75
2.18503	18.2756	0	18.75
2.21801	18.2756	0	19.2708
2.22579	18.2756	0	19.7917
2.23689	18.2756	0	20.3125
2.23811	18.2756	0	20.8333
2.23833	18.2756	0.0825083	20.8333
2.24699	18.3581	0	20.8333
2.24765	18.3581	0.0825083	20.8333
2.24779	18.3581	0.0825083	21.3542
2.2603	18.4406	0	21.3542
2.26047	18.4818	0.0825083	21.3542
2.26653	18.5644	0	21.3542
2.26719	18.5644	0.165017	21.3542
2.26922	18.6469	0.0825083	21.3542
2.27903	18.7294	0	21.3542
2.28572	18.7294	0	22.3958
2.2867	18.7294	0.165017	22.3958
2.29627	18.8119	0.0825083	22.3958
2.29715	18.8119	0.247525	22.3958
2.29824	18.8944	0.165017	22.3958
2.3028	18.9769	0.0825083	22.3958
2.33787	19.0594	0	22.3958
2.34577	19.1007	0.0825083	22.3958
2.35845	19.1832	0	22.3958
2.39328	19.1832	0	22.9167
2.39364	19.2244	0.0825083	22.9167
2.40219	19.3069	0	22.9167
2.41968	19.3069	0	23.4375
2.44781	19.3069	0	23.9583
2.46904	19.3069	0	24.4792
2.51144	19.3069	0	25
2.51409	19.3482	0.0825083	25
2.51439	19.3482	0.165017	25
2.51528	19.4307	0.0825083	25
2.52491	19.5132	0	25
2.52938	19.5545	0.0825083	25
2.55909	19.637	0	25
2.56015	19.637	0.165017	25
2.56086	19.7195	0.0825083	25
2.57071	19.802	0	25
2.57178	19.802	0.0825083	25
2.58147	19.8845	0	25
2.58174	19.9257	0.0825083	25
2.58889	20.0083	0	25
2.58973	20.0495	0.0825083	25
2.59329	20.0495	0.0825083	25.5208
2.59429	20.0495	0.247525	25.5208
2.59529	20.132	0.165017	25.5208
2.60653	20.2145	0.0825083	25.5208
2.64061	20.297	0	25.5208
2.64156	20.297	0.165017	25.5208
2.64398	20.3795	0.0825083	25.5208
2.68	20.462	0	25.5208
2.68155	20.462	0	25.5208
2.68645	20.462	0.0825083	25.5208
2.70991	20.5446	0	25.5208
2.7223	20.5446	0	25.5208
2.72351	20.5446	0.165017	25.5208
2.73288	20.6271	0.0825083	25.5208
2.76096	20.7096	0	25.5208
2.76163	20.7096	0.0825083	25.5208
2.76264	20.7921	0	25.5208
2.76385	20.7921	0.0825083	25.5208
2.78223	20.8746	0	25.5208
2.78387	20.9158	0.0825083	25.5208
2.80099	20.9984	0	25.5208
2.80288	20.9984	0	26.0417
2.80443	21.0396	0.0825083	26.0417
2.8055	21.0809	0.165017	26.0417
2.81042	21.1634	0.0825083	26.0417
2.8162	21.2459	0	26.0417
2.81935	21.2871	0.0825083	26.0417
2.82142	21.3696	0	26.0417
2.8234	21.4109	0.0825083	26.0417
2.84055	21.4934	0	26.0417
2.84072	21.5347	0.0825083	26.0417
2.86127	21.6172	0	26.0417
2.8648	21.6172	0	26.5625
2.86551	21.6584	0.0825083	26.5625
2.86808	21.7409	0	26.5625
2.89213	21.7409	0	27.0833
2.89334	21.7822	0.0825083	27.0833
2.89995	21.8647	0	27.0833
2.90716	21.8647	0	27.6042
2.92151	21.8647	0	28.125
2.92165	21.8647	0	28.6458
2.92474	21.9059	0.0825083	28.6458
2.93324	21.9884	0	28.6458
2.94634	21.9884	0	29.1667
2.94731	22.0297	0.0825083	29.1667
2.948	22.1122	0	29.1667
2.94834	22.1122	0.0825083	29.1667
2.95195	22.1947	0	29.1667
2.95394	22.236	0.0825083	29.1667
2.95506	22.3185	0	29.1667
2.95735	22.3597	0.0825083	29.1667
2.95769	22.4422	0	29.1667
2.95988	22.4422	0.165017	29.1667
2.96386	22.5248	0.0825083	29.1667
2.97837	22.6073	0	29.1667
2.9802	22.6485	0.0825083	29.1667
2.98466	22.731	0	29.1667
2.98975	22.731	0	30.2083
2.98992	22.731	0.165017	30.2083
2.99119	22.8135	0.0825083	30.2083
3.00461	22.896	0	30.2083
3.02141	22.896	0	30.7292
3.02436	22.896	0	31.25
3.02558	22.9373	0.0825083	31.25
3.07146	23.0198	0	31.25
3.07225	23.0198	0.165017	31.25
3.07307	23.1023	0.0825083	31.25
3.07689	23.1848	0	31.25
3.07841	23.2261	0.0825083	31.25
3.10313	23.3086	0	31.25
3.11417	23.3086	0	31.7708
3.11468	23.3498	0.0825083	31.7708
3.12109	23.4323	0	31.7708
3.12412	23.4323	0	32.2917
3.12676	23.4736	0.0825083	32.2917
3.2016	23.5561	0	32.2917
3.20293	23.5974	0.0825083	32.2917
3.2089	23.6799	0	32.2917
3.20974	23.6799	0.165017	32.2917
3.21254	23.7624	0.0825083	32.2917
3.28245	23.8449	0	32.2917
3.28404	23.8861	0.0825083	32.2917
3.28964	23.9686	0	32.2917
3.31024	23.9686	0	32.8125
3.3111	23.9686	0.165017	32.8125
3.31251	24.0512	0.0825083	32.8125
3.31736	24.1337	0	32.8125
3.31776	24.1749	0.0825083	32.8125
3.32247	24.2574	0	32.8125
3.32521	24.2574	0.165017	32.8125
3.32545	24.3399	0.0825083	32.8125
3.34968	24.4224	0	32.8125
3.34984	24.4637	0.0825083	32.8125
3.40047	24.5462	0	32.8125
3.40124	24.5875	0.0825083	32.8125
3.4021	24.5875	0.0825083	33.3333
3.43722	24.67	0	33.3333
3.43889	24.67	0.165017	33.3333
3.44396	24.7525	0.0825083	33.3333
3.46121	24.835	0	33.3333
3.46337	24.835	0.0825083	33.3333
3.47597	24.9175	0	33.3333
3.49783	24.9175	0	33.8542
3.49793	24.9587	0.0825083	33.8542
3.50187	25.0413	0	33.8542
3.50576	25.0413	0	34.375
3.50671	25.0825	0.0825083	34.375
3.51829	25.165	0	34.375
3.51834	25.2063	0.0825083	34.375
3.52387	25.2888	0	34.375
3.52486	25.33	0.0825083	34.375
3.52606	25.33	0.247525	34.375
3.52717	25.4125	0.165017	34.375
3.52735	25.4951	0.0825083	34.375
3.54923	25.5776	0	34.375
3.5502	25.6188	0.0825083	34.375
3.55397	25.7013	0	34.375
3.55452	25.7013	0.165017	34.375
3.5575	25.7838	0.0825083	34.375
3.55755	25.7838	0.165017	34.375
3.55833	25.8663	0.0825083	34.375
3.58512	25.9488	0	34.375
3.58563	25.9901	0.0825083	34.375
3.6211	26.0726	0	34.375
3.62414	26.1139	0.0825083	34.375
3.64629	26.1964	0	34.375
3.65674	26.1964	0	35.4167
3.68692	26.1964	0	36.4583
3.68923	26.2376	0.0825083	36.4583
3.68958	26.2376	0.165017	36.4583
3.69025	26.3201	0.0825083	36.4583
3.69281	26.4026	0	36.4583
3.69486	26.4439	0.0825083	36.4583
3.70369	26.5264	0	36.4583
3.70751	26.5677	0.0825083	36.4583
3.7332	26.6502	0	36.4583
3.73429	26.6914	0.0825083	36.4583
3.73835	26.7739	0	36.4583
3.73846	26.8152	0.0825083	36.4583
3.77945	26.8977	0	36.4583
3.7795	26.9389	0.0825083	36.4583
3.78487	27.0215	0	36.4583
3.78497	27.0627	0.0825083	36.4583
3.78552	27.0627	0.0825083	36.9792
3.84437	27.1452	0	36.9792
3.89592	27.1865	0.0825083	36.9792
3.89671	27.2277	0.165017	36.9792
3.93084	27.3102	0.0825083	36.9792
3.93287	27.3515	0.165017	36.9792
3.94473	27.434	0.0825083	36.9792
3.94743	27.4752	0.165017	36.9792
3.94931	27.5578	0.0825083	36.9792
3.95401	27.599	0.165017	36.9792
3.95681	27.6815	0.0825083	36.9792
3.95754	27.7228	0.165017	36.9792
3.97868	27.8053	0.0825083	36.9792
3.9979	27.8053	0.0825083	37.5
4.00096	27.8465	0.165017	37.5
4.00256	27.8465	0.247525	37.5
4.00546	27.929	0.165017	37.5
4.01155	28.0116	0.0825083	37.5
4.02208	28.0116	0.0825083	37.5
4.02269	28.0116	0.0825083	38.0208
4.0272	28.0528	0.165017	38.0208
4.03912	28.0941	0.247525	38.0208
4.04529	28.1766	0.165017	38.0208
4.04663	28.2178	0.247525	38.0208
4.05413	28.3003	0.165017	38.0208
4.05518	28.3003	0.330033	38.0208
4.05558	28.3828	0.247525	38.0208
4.06594	28.4653	0.165017	38.0208
4.06706	28.5066	0.247525	38.0208
4.07414	28.5891	0.165017	38.0208
4.07538	28.6304	0.247525	38.0208
4.07998	28.7129	0.165017	38.0208
4.0818	28.7129	0.247525	38.0208
4.10992	28.7954	0.165017	38.0208
4.1184	28.8366	0.247525	38.0208
4.11877	28.9191	0.165017	38.0208
4.1293	28.9191	0.165017	39.0625
4.12947	28.9191	0.330033	39.0625
4.13069	29.0016	0.247525	39.0625
4.17399	29.0842	0.165017	39.0625
4.17975	29.0842	0.165017	39.5833
4.18197	29.1254	0.247525	39.5833
4.18526	29.1254	0.247525	40.1042
4.19559	29.2079	0.165017	40.1042
4.19633	29.2492	0.247525	40.1042
4.22667	29.3317	0.165017	40.1042
4.23001	29.3729	0.247525	40.1042
4.23049	29.4142	0.330033	40.1042
4.23331	29.4967	0.247525	40.1042
4.23474	29.4967	0.412541	40.1042
4.23516	29.538	0.49505	40.1042
4.23569	29.6205	0.412541	40.1042
4.23586	29.703	0.330033	40.1042
4.23628	29.7855	0.247525	40.1042
4.23633	29.868	0.165017	40.1042
4.2381	29.868	0.165017	40.625
4.23892	29.9092	0.247525	40.625
4.24652	29.9917	0.165017	40.625
4.25093	30.033	0.247525	40.625
4.25213	30.033	0.247525	41.6667
4.26291	30.1155	0.165017	41.6667
4.26362	30.1155	0.330033	41.6667
4.26475	30.198	0.247525	41.6667
4.26979	30.2805	0.165017	41.6667
4.27181	30.3218	0.247525	41.6667
4.31595	30.4043	0.165017	41.6667
4.31673	30.4043	0.330033	41.6667
4.31681	30.4868	0.247525	41.6667
4.31768	30.5693	0.165017	41.6667
4.31944	30.5693	0.330033	41.6667
4.3221	30.6518	0.247525	41.6667
4.34846	30.7343	0.165017	41.6667
4.35522	30.7756	0.247525	41.6667
4.35912	30.8581	0.165017	41.6667
4.3605	30.8993	0.247525	41.6667
4.36092	30.9818	0.165017	41.6667
4.36519	31.0231	0.247525	41.6667
4.38124	31.1056	0.165017	41.6667
4.38232	31.1469	0.247525	41.6667
4.40294	31.2294	0.165017	41.6667
4.40878	31.2294	0.247525	41.6667
4.41733	31.3119	0.165017	41.6667
4.41741	31.3531	0.247525	41.6667
4.49295	31.4356	0.165017	41.6667
4.50194	31.4356	0.165017	41.6667
4.50366	31.4769	0.247525	41.6667
4.51481	31.5594	0.165017	41.6667
4.51539	31.6007	0.247525	41.6667
4.51574	31.6419	0.330033	41.6667
4.51864	31.7244	0.247525	41.6667
4.58543	31.8069	0.165017	41.6667
4.58608	31.8482	0.247525	41.6667
4.58816	31.9307	0.165017	41.6667
4.59029	31.9307	0.247525	41.6667
4.61204	32.0132	0.165017	41.6667
4.61339	32.0132	0.330033	41.6667
4.61518	32.0957	0.247525	41.6667
4.65229	32.1782	0.165017	41.6667
4.66142	32.1782	0.165017	41.6667
4.68298	32.1782	0.165017	42.1875
4.68374	32.2195	0.247525	42.1875
4.6871	32.302	0.165017	42.1875
4.68835	32.302	0.330033	42.1875
4.71385	32.3845	0.247525	42.1875
4.71391	32.4257	0.330033	42.1875
4.73092	32.5083	0.247525	42.1875
4.73208	32.5083	0.412541	42.1875
4.73498	32.5908	0.330033	42.1875
4.74181	32.6733	0.247525	42.1875
4.7424	32.7145	0.330033	42.1875
4.74513	32.797	0.247525	42.1875
4.74593	32.8383	0.330033	42.1875
4.7985	32.9208	0.247525	42.1875
4.79937	32.962	0.330033	42.1875
4.79965	33.0446	0.247525	42.1875
4.80077	33.0446	0.412541	42.1875
4.80369	33.1271	0.330033	42.1875
4.80516	33.2096	0.247525	42.1875
4.80642	33.2508	0.330033	42.1875
4.80797	33.2921	0.412541	42.1875
4.80799	33.3746	0.330033	42.1875
4.8284	33.4571	0.247525	42.1875
4.82934	33.4571	0.412541	42.1875
4.83036	33.5396	0.330033	42.1875
4.85627	33.6221	0.247525	42.1875
4.85677	33.6634	0.330033	42.1875
4.85685	33.7459	0.247525	42.1875
4.85731	33.7871	0.330033	42.1875
4.85748	33.7871	0.49505	42.1875
4.85769	33.8696	0.412541	42.1875
4.86049	33.9521	0.330033	42.1875
4.87368	34.0347	0.247525	42.1875
4.87954	34.0759	0.330033	42.1875
4.93407	34.1584	0.247525	42.1875
4.93473	34.1997	0.330033	42.1875
4.94267	34.2822	0.247525	42.1875
4.9428	34.2822	0.330033	42.1875
4.9758	34.3647	0.247525	42.1875
4.98234	34.4059	0.330033	42.1875
4.99292	34.4884	0.247525	42.1875
4.993	34.4884	0.412541	42.1875
4.99515	34.571	0.330033	42.1875
5.01171	34.6535	0.247525	42.1875
5.01182	34.6535	0.330033	42.1875
5.04365	34.736	0.247525	42.1875
5.04761	34.736	0.330033	42.1875
5.0536	34.8185	0.247525	42.1875
5.0543	34.8185	0.330033	42.1875
5.06276	34.901	0.247525	42.1875
5.06526	34.9422	0.330033	42.1875
5.18661	35.0248	0.247525	42.1875
5.18806	35.0248	0.412541	42.1875
5.18877	35.1073	0.330033	42.1875
5.19518	35.1898	0.247525	42.1875
5.19654	35.1898	0.412541	42.1875
5.19774	35.2723	0.330033	42.1875
5.20616	35.3548	0.247525	42.1875
5.20735	35.396	0.330033	42.1875
5.23114	35.4785	0.247525	42.1875
5.25406	35.4785	0.247525	42.7083
5.25545	35.4785	0.330033	42.7083
5.27096	35.5611	0.247525	42.7083
5.32388	35.5611	0.330033	42.7083
5.32474	35.5611	0.49505	42.7083
5.3253	35.6436	0.412541	42.7083
5.32951	35.7261	0.330033	42.7083
5.33002	35.7261	0.412541	42.7083
5.37623	35.8086	0.330033	42.7083
5.37938	35.8086	0.49505	42.7083
5.38114	35.8911	0.412541	42.7083
5.39702	35.9736	0.330033	42.7083
5.43155	35.9736	0.330033	43.2292
5.4449	36.0561	0.247525	43.2292
5.44573	36.0974	0.330033	43.2292
5.45171	36.1799	0.247525	43.2292
5.46508	36.2624	0.165017	43.2292
5.46792	36.3036	0.247525	43.2292
5.48074	36.3861	0.165017	43.2292
5.48479	36.4274	0.247525	43.2292
5.51435	36.5099	0.165017	43.2292
5.51595	36.5512	0.247525	43.2292
5.53456	36.6337	0.165017	43.2292
5.53586	36.6749	0.247525	43.2292
5.53976	36.7574	0.165017	43.2292
5.54045	36.7574	0.330033	43.2292
5.54266	36.8399	0.247525	43.2292
5.55703	36.9224	0.165017	43.2292
5.55737	36.9637	0.247525	43.2292
5.57762	37.0462	0.165017	43.2292
5.58082	37.0462	0.165017	43.75
5.5811	37.0462	0.330033	43.75
5.58514	37.1287	0.247525	43.75
5.5911	37.2112	0.165017	43.75
5.59478	37.2525	0.247525	43.75
5.59496	37.2525	0.412541	43.75
5.59651	37.335	0.330033	43.75
5.59859	37.4175	0.247525	43.75
5.61291	37.5	0.165017	43.75
5.6203	37.5	0.330033	43.75
5.62062	37.5	0.49505	43.75
5.62137	37.5825	0.412541	43.75
5.62419	37.665	0.330033	43.75
5.6256	37.7063	0.412541	43.75
5.62613	37.7475	0.49505	43.75
5.63085	37.83	0.412541	43.75
5.65943	37.9125	0.330033	43.75
5.66592	37.9538	0.412541	43.75
5.66886	38.0363	0.330033	43.75
5.66941	38.0776	0.412541	43.75
5.68342	38.1601	0.330033	43.75
5.68618	38.2013	0.412541	43.75
5.69682	38.2838	0.330033	43.75
5.69904	38.2838	0.412541	43.75
5.70713	38.3663	0.330033	43.75
5.71131	38.3663	0.49505	43.75
5.71293	38.4488	0.412541	43.75
5.73892	38.5314	0.330033	43.75
5.74036	38.5726	0.412541	43.75
5.74863	38.6551	0.330033	43.75
5.74865	38.6551	0.49505	43.75
5.75085	38.7376	0.412541	43.75
5.75108	38.7789	0.49505	43.75
5.7532	38.8614	0.412541	43.75
5.7625	38.9439	0.330033	43.75
5.76322	38.9439	0.49505	43.75
5.76412	39.0264	0.412541	43.75
5.76448	39.1089	0.330033	43.75
5.7711	39.1914	0.247525	43.75
5.77664	39.2327	0.330033	43.75
5.81879	39.3152	0.247525	43.75
5.8206	39.3152	0.247525	44.2708
5.82471	39.3152	0.330033	44.2708
5.82628	39.3564	0.412541	44.2708
5.82657	39.4389	0.330033	44.2708
5.86681	39.5215	0.247525	44.2708
5.86916	39.5627	0.330033	44.2708
5.9428	39.6452	0.247525	44.2708
5.94601	39.6452	0.412541	44.2708
5.94618	39.7277	0.330033	44.2708
5.96759	39.8102	0.247525	44.2708
5.98038	39.8927	0.165017	44.2708
5.98309	39.934	0.247525	44.2708
6.01895	40.0165	0.165017	44.2708
6.02146	40.0578	0.247525	44.2708
6.03897	40.1403	0.165017	44.2708
6.03934	40.1815	0.247525	44.2708
6.05301	40.264	0.165017	44.2708
6.05379	40.264	0.330033	44.2708
6.05444	40.264	0.330033	44.2708
6.0572	40.3465	0.247525	44.2708
6.06052	40.429	0.165017	44.2708
6.06189	40.429	0.330033	44.2708
6.06347	40.5116	0.247525	44.2708
6.072	40.5941	0.165017	44.2708
6.07331	40.6353	0.247525	44.2708
6.07987	40.7178	0.165017	44.2708
6.08002	40.7591	0.247525	44.2708
6.08957	40.8416	0.165017	44.2708
6.09157	40.8828	0.247525	44.2708
6.09703	40.9653	0.165017	44.2708
6.0977	41.0066	0.247525	44.2708
6.09934	41.0891	0.165017	44.2708
6.10649	41.1716	0.0825083	44.2708
6.10663	41.1716	0.247525	44.2708
6.11076	41.2541	0.165017	44.2708
6.12417	41.3366	0.0825083	44.2708
6.12451	41.3779	0.165017	44.2708
6.18804	41.4604	0.0825083	44.2708
6.18853	41.4604	0.247525	44.2708
6.19295	41.5429	0.165017	44.2708
6.22588	41.6254	0.0825083	44.2708
6.29919	41.6254	0.0825083	45.3125
6.30583	41.6254	0.0825083	45.8333
6.30882	41.6254	0.0825083	46.875
6.31039	41.6667	0.165017	46.875
6.3111	41.7492	0.0825083	46.875
6.31284	41.7904	0.165017	46.875
6.33476	41.8729	0.0825083	46.875
6.33487	41.8729	0.247525	46.875
6.33523	41.9554	0.165017	46.875
6.34909	42.038	0.0825083	46.875
6.3499	42.038	0.247525	46.875
6.35022	42.1205	0.165017	46.875
6.3553	42.203	0.0825083	46.875
6.35735	42.2442	0.165017	46.875
6.3758	42.3267	0.0825083	46.875
6.37649	42.368	0.165017	46.875
6.40477	42.4505	0.0825083	46.875
6.40713	42.4505	0.247525	46.875
6.409	42.533	0.165017	46.875
6.46368	42.6155	0.0825083	46.875
6.46401	42.6155	0.165017	46.875
6.51871	42.698	0.0825083	46.875
6.52171	42.7393	0.165017	46.875
6.52226	42.7805	0.247525	46.875
6.58613	42.863	0.165017	46.875
6.6166	42.863	0.165017	46.875
6.61881	42.863	0.330033	46.875
6.62388	42.9455	0.247525	46.875
6.62397	43.0281	0.165017	46.875
6.63177	43.0693	0.247525	46.875
6.67078	43.1518	0.165017	46.875
6.67312	43.1518	0.330033	46.875
6.6818	43.2343	0.247525	46.875
6.6939	43.3168	0.165017	46.875
6.6965	43.3581	0.247525	46.875
6.71737	43.4406	0.165017	46.875
6.72721	43.4406	0.165017	47.3958
6.72799	43.4406	0.330033	47.3958
6.72842	43.5231	0.247525	47.3958
6.73388	43.6056	0.165017	47.3958
6.73521	43.6469	0.247525	47.3958
6.74704	43.7294	0.165017	47.3958
6.74755	43.7706	0.247525	47.3958
6.79989	43.8531	0.165017	47.3958
6.80168	43.8531	0.330033	47.3958
6.80586	43.9356	0.247525	47.3958
6.8166	44.0182	0.165017	47.3958
6.82788	44.0594	0.247525	47.3958
6.84473	44.0594	0.247525	47.9167
6.84517	44.0594	0.330033	47.9167
6.84927	44.1419	0.247525	47.9167
6.84958	44.1832	0.330033	47.9167
6.85877	44.2657	0.247525	47.9167
6.86044	44.2657	0.412541	47.9167
6.86175	44.3482	0.330033	47.9167
6.91261	44.4307	0.247525	47.9167
6.91423	44.4307	0.330033	47.9167
6.95554	44.5132	0.247525	47.9167
6.95559	44.5545	0.330033	47.9167
6.95582	44.5545	0.49505	47.9167
6.95822	44.637	0.412541	47.9167
6.95884	44.6782	0.49505	47.9167
6.96046	44.7607	0.412541	47.9167
6.96529	44.8432	0.330033	47.9167
7.01848	44.9257	0.247525	47.9167
7.0198	44.967	0.330033	47.9167
7.02921	45.0495	0.247525	47.9167
7.03301	45.0908	0.330033	47.9167
7.04484	45.1733	0.247525	47.9167
7.04737	45.2145	0.330033	47.9167
7.05594	45.297	0.247525	47.9167
7.05848	45.3383	0.330033	47.9167
7.10395	45.4208	0.247525	47.9167
7.10526	45.4208	0.330033	47.9167
7.10638	45.5033	0.247525	47.9167
7.1079	45.5446	0.330033	47.9167
7.12238	45.6271	0.247525	47.9167
7.1226	45.6683	0.330033	47.9167
7.12974	45.7508	0.247525	47.9167
7.1446	45.7921	0.330033	47.9167
7.14881	45.8333	0.412541	47.9167
7.19212	45.9158	0.330033	47.9167
7.1929	45.9571	0.412541	47.9167
7.2192	46.0396	0.330033	47.9167
7.22004	46.0809	0.412541	47.9167
7.23299	46.1634	0.330033	47.9167
7.23467	46.1634	0.412541	47.9167
7.26429	46.2459	0.330033	47.9167
7.26562	46.2871	0.412541	47.9167
7.29079	46.3696	0.330033	47.9167
7.2933	46.4109	0.412541	47.9167
7.30671	46.4934	0.330033	47.9167
7.30858	46.5347	0.412541	47.9167
7.34487	46.6172	0.330033	47.9167
7.3456	46.6584	0.412541	47.9167
7.38832	46.7409	0.330033	47.9167
7.38839	46.7822	0.412541	47.9167
7.3992	46.8647	0.330033	47.9167
7.39952	46.9059	0.412541	47.9167
7.39953	46.9884	0.330033	47.9167
7.41251	46.9884	0.330033	47.9167
7.41562	47.0297	0.412541	47.9167
7.41581	47.071	0.49505	47.9167
7.41735	47.1535	0.412541	47.9167
7.43002	47.236	0.330033	47.9167
7.43176	47.2772	0.412541	47.9167
7.43347	47.2772	0.412541	48.4375
7.48227	47.3597	0.330033	48.4375
7.48411	47.3597	0.49505	48.4375
7.48423	47.401	0.577558	48.4375
7.4872	47.4835	0.49505	48.4375
7.48857	47.566	0.412541	48.4375
7.51451	47.6485	0.330033	48.4375
7.53226	47.6485	0.330033	48.9583
7.55834	47.6485	0.330033	49.4792
7.55985	47.6485	0.412541	49.4792
7.56286	47.731	0.330033	49.4792
7.56468	47.7723	0.412541	49.4792
7.58427	47.8548	0.330033	49.4792
7.58587	47.896	0.412541	49.4792
7.63942	47.9785	0.330033	49.4792
7.63997	48.0198	0.412541	49.4792
7.67064	48.1023	0.330033	49.4792
7.69652	48.1023	0.330033	50.5208
7.69683	48.1023	0.49505	50.5208
7.69811	48.1848	0.412541	50.5208
7.69917	48.2673	0.330033	50.5208
7.69961	48.2673	0.412541	50.5208
7.74805	48.3498	0.330033	50.5208
7.74815	48.3498	0.49505	50.5208
7.75065	48.4323	0.412541	50.5208
7.75071	48.5149	0.330033	50.5208
7.75102	48.5561	0.412541	50.5208
7.76839	48.6386	0.330033	50.5208
7.76876	48.6799	0.412541	50.5208
7.77042	48.7624	0.330033	50.5208
7.77712	48.8036	0.412541	50.5208
7.78935	48.8861	0.330033	50.5208
7.79204	48.9274	0.412541	50.5208
7.81213	49.0099	0.330033	50.5208
7.81359	49.0512	0.412541	50.5208
7.83339	49.1337	0.330033	50.5208
7.83343	49.1337	0.412541	50.5208
7.84689	49.2162	0.330033	50.5208
7.84811	49.2162	0.49505	50.5208
7.84895	49.2987	0.412541	50.5208
7.84971	49.3399	0.49505	50.5208
7.85252	49.4224	0.412541	50.5208
7.86084	49.505	0.330033	50.5208
7.86118	49.5462	0.412541	50.5208
7.92051	49.6287	0.330033	50.5208
7.92066	49.6287	0.49505	50.5208
7.9219	49.7112	0.412541	50.5208
7.92852	49.7937	0.330033	50.5208
7.93739	49.7937	0.330033	51.0417
7.94075	49.7937	0.330033	51.5625
7.94107	49.835	0.412541	51.5625
7.96131	49.9175	0.330033	51.5625
7.96197	49.9587	0.412541	51.5625
7.96877	50.0413	0.330033	51.5625
7.97467	50.0825	0.412541	51.5625
7.98685	50.165	0.330033	51.5625
7.98693	50.2063	0.412541	51.5625
8.02829	50.2888	0.330033	51.5625
8.03093	50.2888	0.49505	51.5625
8.03429	50.3713	0.412541	51.5625
8.07061	50.4538	0.330033	51.5625
8.07388	50.495	0.412541	51.5625
8.09016	50.5776	0.330033	51.5625
8.09023	50.5776	0.49505	51.5625
8.09557	50.6601	0.412541	51.5625
8.13531	50.7426	0.330033	51.5625
8.13863	50.7838	0.412541	51.5625
8.13932	50.8251	0.49505	51.5625
8.14694	50.9076	0.412541	51.5625
8.17138	50.9901	0.330033	51.5625
8.17372	51.0314	0.412541	51.5625
8.17716	51.1139	0.330033	51.5625
8.17794	51.1551	0.412541	51.5625
8.18876	51.2376	0.330033	51.5625
8.18917	51.2789	0.412541	51.5625
8.19778	51.3614	0.330033	51.5625
8.20229	51.4026	0.412541	51.5625
8.20274	51.4439	0.49505	51.5625
8.20411	51.5264	0.412541	51.5625
8.20857	51.6089	0.330033	51.5625
8.20994	51.6502	0.412541	51.5625
8.214	51.7327	0.330033	51.5625
8.2156	51.7327	0.412541	51.5625
8.23394	51.8152	0.330033	51.5625
8.23491	51.8564	0.412541	51.5625
8.2433	51.9389	0.330033	51.5625
8.24375	51.9802	0.412541	51.5625
8.24689	52.0627	0.330033	51.5625
8.24788	52.0627	0.49505	51.5625
8.25087	52.1452	0.412541	51.5625
8.25998	52.2277	0.330033	51.5625
8.26949	52.3102	0.247525	51.5625
8.2706	52.3515	0.330033	51.5625
8.29132	52.434	0.247525	51.5625
8.292	52.4752	0.330033	51.5625
8.34655	52.5578	0.247525	51.5625
8.34835	52.5578	0.330033	51.5625
8.35928	52.6403	0.247525	51.5625
8.3618	52.6403	0.412541	51.5625
8.36244	52.7228	0.330033	51.5625
8.36934	52.8053	0.247525	51.5625
8.3712	52.8465	0.330033	51.5625
8.37334	52.929	0.247525	51.5625
8.37417	52.9703	0.330033	51.5625
8.39485	53.0528	0.247525	51.5625
8.39618	53.0528	0.247525	52.0833
8.39767	53.0528	0.412541	52.0833
8.39949	53.1353	0.330033	52.0833
8.43244	53.2178	0.247525	52.0833
8.43264	53.2591	0.330033	52.0833
8.46131	53.3416	0.247525	52.0833
8.46792	53.3828	0.330033	52.0833
8.50417	53.4653	0.247525	52.0833
8.5092	53.4653	0.247525	52.6042
8.50942	53.4653	0.412541	52.6042
8.51236	53.5479	0.330033	52.6042
8.51681	53.6304	0.247525	52.6042
8.51746	53.6304	0.412541	52.6042
8.51796	53.7129	0.330033	52.6042
8.53828	53.7954	0.247525	52.6042
8.54539	53.7954	0.247525	53.125
8.54874	53.8366	0.330033	53.125
8.54876	53.8779	0.412541	53.125
8.55008	53.9604	0.330033	53.125
8.57722	54.0429	0.247525	53.125
8.57779	54.0842	0.330033	53.125
8.58472	54.1667	0.247525	53.125
8.58521	54.2079	0.330033	53.125
8.60554	54.2904	0.247525	53.125
8.6066	54.3317	0.330033	53.125
8.61924	54.4142	0.247525	53.125
8.62674	54.4142	0.247525	53.125
8.62867	54.4554	0.330033	53.125
8.63388	54.538	0.247525	53.125
8.64103	54.538	0.247525	54.1667
8.64218	54.5792	0.330033	54.1667
8.65518	54.6617	0.247525	54.1667
8.65653	54.703	0.330033	54.1667
8.69059	54.7855	0.247525	54.1667
8.71372	54.868	0.165017	54.1667
8.715	54.9092	0.247525	54.1667
8.73563	54.9917	0.165017	54.1667
8.73602	55.033	0.247525	54.1667
8.74078	55.1155	0.165017	54.1667
8.74408	55.1568	0.247525	54.1667
8.74975	55.2393	0.165017	54.1667
8.75172	55.2805	0.247525	54.1667
8.78147	55.363	0.165017	54.1667
8.78904	55.363	0.247525	54.1667
8.79068	55.4043	0.330033	54.1667
8.7921	55.4868	0.247525	54.1667
8.86535	55.5693	0.165017	54.1667
8.86554	55.5693	0.330033	54.1667
8.86699	55.6518	0.247525	54.1667
8.873	55.7343	0.165017	54.1667
8.87477	55.7756	0.247525	54.1667
8.87598	55.7756	0.247525	54.6875
8.87795	55.8581	0.165017	54.6875
8.89899	55.8581	0.165017	55.2083
8.90007	55.8581	0.330033	55.2083
8.90162	55.9406	0.247525	55.2083
8.93591	56.0231	0.165017	55.2083
8.93683	56.0231	0.330033	55.2083
8.93754	56.1056	0.247525	55.2083
8.97208	56.1881	0.165017	55.2083
9.05694	56.1881	0.165017	56.25
9.06209	56.2294	0.247525	56.25
9.06317	56.3119	0.165017	56.25
9.06325	56.3531	0.247525	56.25
9.06344	56.4356	0.165017	56.25
9.06406	56.4769	0.247525	56.25
9.07094	56.5594	0.165017	56.25
9.07205	56.5594	0.330033	56.25
9.07237	56.6419	0.247525	56.25
9.07498	56.6832	0.330033	56.25
9.07833	56.7657	0.247525	56.25
9.11835	56.8482	0.165017	56.25
9.11853	56.8894	0.247525	56.25
9.12195	56.9719	0.165017	56.25
9.12565	57.0132	0.247525	56.25
9.13191	57.0957	0.165017	56.25
9.13246	57.137	0.247525	56.25
9.16462	57.2195	0.165017	56.25
9.16699	57.2607	0.247525	56.25
9.16743	57.3432	0.165017	56.25
9.16759	57.3845	0.247525	56.25
9.18408	57.467	0.165017	56.25
9.18659	57.467	0.330033	56.25
9.18822	57.5495	0.247525	56.25
9.18838	57.632	0.165017	56.25
9.1936	57.632	0.330033	56.25
9.19999	57.7145	0.247525	56.25
9.21632	57.797	0.165017	56.25
9.21723	57.8383	0.247525	56.25
9.3049	57.9208	0.165017	56.25
9.30513	57.9208	0.247525	56.25
9.31374	58.0033	0.165017	56.25
9.31434	58.0033	0.330033	56.25
9.31489	58.0858	0.247525	56.25
9.3263	58.1683	0.165017	56.25
9.32692	58.1683	0.247525	56.25
9.35915	58.2508	0.165017	56.25
9.36237	58.2921	0.247525	56.25
9.39497	58.3746	0.165017	56.25
9.46009	58.3746	0.165017	56.7708
9.49968	58.3746	0.165017	57.2917
9.53088	58.3746	0.165017	57.8125
9.53167	58.3746	0.330033	57.8125
9.53628	58.4571	0.247525	57.8125
9.56287	58.5396	0.165017	57.8125
9.58996	58.5396	0.165017	58.8542
9.59239	58.5809	0.247525	58.8542
9.59609	58.6634	0.165017	58.8542
9.59621	58.7046	0.247525	58.8542
9.59827	58.7459	0.330033	58.8542
9.60538	58.8284	0.247525	58.8542
9.6242	58.9109	0.165017	58.8542
9.6248	58.9109	0.330033	58.8542
9.62765	58.9934	0.247525	58.8542
9.6786	59.0759	0.165017	58.8542
9.67869	59.1172	0.247525	58.8542
9.72172	59.1997	0.165017	58.8542
9.7226	59.2409	0.247525	58.8542
9.73535	59.3234	0.165017	58.8542
9.73729	59.3234	0.330033	58.8542
9.74279	59.4059	0.247525	58.8542
9.75717	59.4884	0.165017	58.8542
9.81606	59.4884	0.165017	59.8958
9.86682	59.5297	0.247525	59.8958
9.86869	59.5297	0.330033	59.8958
9.90747	59.6122	0.247525	59.8958
9.90805	59.6122	0.412541	59.8958
9.90994	59.6947	0.330033	59.8958
9.91912	59.7772	0.247525	59.8958
9.94554	59.8597	0.165017	59.8958
9.94584	59.901	0.247525	59.8958
9.97802	59.9835	0.165017	59.8958
9.98018	60.0248	0.247525	59.8958
9.99021	60.1073	0.165017	59.8958
9.99029	60.1485	0.247525	59.8958
10.0002	60.231	0.165017	59.8958
10.0018	60.2723	0.247525	59.8958
10.0075	60.3548	0.165017	59.8958
10.0083	60.396	0.247525	59.8958
10.0106	60.4373	0.330033	59.8958
10.0109	60.5198	0.247525	59.8958
10.044	60.6023	0.165017	59.8958
10.0491	60.6436	0.247525	59.8958
10.0558	60.7261	0.165017	59.8958
10.1167	60.8086	0.0825083	59.8958
10.1176	60.8498	0.165017	59.8958
10.1224	60.9323	0.0825083	59.8958
10.1259	60.9736	0.165017	59.8958
10.1414	61.0561	0.0825083	59.8958
10.1836	61.0561	0.0825083	60.4167
10.1847	61.0561	0.247525	60.4167
10.1866	61.1386	0.165017	60.4167
10.2401	61.2211	0.0825083	60.4167
10.2404	61.2211	0.247525	60.4167
10.241	61.3036	0.165017	60.4167
10.2557	61.3861	0.0825083	60.4167
10.2559	61.3861	0.247525	60.4167
10.2562	61.4686	0.165017	60.4167
10.2579	61.5512	0.0825083	60.4167
10.2606	61.5512	0.0825083	61.4583
10.2617	61.5512	0.247525	61.4583
10.2638	61.6337	0.165017	61.4583
10.2726	61.7162	0.0825083	61.4583
10.2751	61.7574	0.165017	61.4583
10.3681	61.8399	0.0825083	61.4583
10.389	61.8399	0.0825083	62.5
10.3891	61.8812	0.165017	62.5
10.4498	61.9637	0.0825083	62.5
10.4511	61.9637	0.247525	62.5
10.4515	62.0462	0.165017	62.5
10.4517	62.1287	0.0825083	62.5
10.4529	62.1287	0.247525	62.5
10.459	62.2112	0.165017	62.5
10.4889	62.2937	0.0825083	62.5
10.4899	62.335	0.165017	62.5
10.4902	62.335	0.330033	62.5
10.492	62.4175	0.247525	62.5
10.4943	62.5	0.165017	62.5
10.5256	62.5825	0.0825083	62.5
10.5328	62.6238	0.165017	62.5
10.6141	62.7063	0.0825083	62.5
10.6167	62.7475	0.165017	62.5
10.6183	62.7888	0.247525	62.5
10.6202	62.8713	0.165017	62.5
10.643	62.9538	0.0825083	62.5
10.6436	62.9538	0.247525	62.5
10.6495	63.0363	0.165017	62.5
10.6511	63.1188	0.0825083	62.5
10.6525	63.1188	0.247525	62.5
10.6572	63.2013	0.165017	62.5
10.7085	63.2013	0.165017	63.0208
10.7927	63.2013	0.165017	64.0625
10.8013	63.2013	0.165017	64.5833
10.8038	63.2013	0.247525	64.5833
10.8215	63.2838	0.165017	64.5833
10.8221	63.3251	0.247525	64.5833
10.8236	63.4076	0.165017	64.5833
10.8275	63.4076	0.330033	64.5833
10.8317	63.4901	0.247525	64.5833
10.9333	63.5726	0.165017	64.5833
10.9364	63.6139	0.247525	64.5833
10.9503	63.6964	0.165017	64.5833
10.9505	63.6964	0.330033	64.5833
10.9515	63.7789	0.247525	64.5833
10.9711	63.8614	0.165017	64.5833
10.9724	63.8614	0.330033	64.5833
10.9749	63.9439	0.247525	64.5833
10.9772	64.0264	0.165017	64.5833
11.0087	64.0264	0.165017	65.1042
11.0121	64.0677	0.247525	65.1042
11.0121	64.1502	0.165017	65.1042
11.0124	64.1914	0.247525	65.1042
11.0211	64.2739	0.165017	65.1042
11.0221	64.3152	0.247525	65.1042
11.0643	64.3977	0.165017	65.1042
11.0807	64.4389	0.247525	65.1042
11.0828	64.4802	0.330033	65.1042
11.1103	64.5627	0.247525	65.1042
11.1119	64.604	0.330033	65.1042
11.1466	64.6865	0.247525	65.1042
11.1467	64.6865	0.330033	65.1042
11.1566	64.769	0.247525	65.1042
11.1724	64.769	0.247525	66.1458
11.1765	64.8102	0.330033	66.1458
11.1931	64.8927	0.247525	66.1458
11.1937	64.934	0.330033	66.1458
11.2063	64.934	0.330033	67.1875
11.2237	65.0165	0.247525	67.1875
11.2256	65.0165	0.412541	67.1875
11.2282	65.099	0.330033	67.1875
11.3238	65.1815	0.247525	67.1875
11.3352	65.1815	0.247525	67.1875
11.3356	65.2228	0.330033	67.1875
11.338	65.264	0.412541	67.1875
11.3402	65.3465	0.330033	67.1875
11.35	65.429	0.247525	67.1875
11.3868	65.429	0.247525	68.2292
11.3887	65.429	0.330033	68.2292
11.3909	65.429	0.49505	68.2292
11.3911	65.5116	0.412541	68.2292
11.3916	65.5941	0.330033	68.2292
11.4147	65.6766	0.247525	68.2292
11.418	65.6766	0.412541	68.2292
11.419	65.7591	0.330033	68.2292
11.4483	65.8416	0.247525	68.2292
11.4498	65.8828	0.330033	68.2292
11.5056	65.9653	0.247525	68.2292
11.5057	65.9653	0.412541	68.2292
11.5126	66.0479	0.330033	68.2292
11.5405	66.1304	0.247525	68.2292
11.5426	66.1716	0.330033	68.2292
11.5438	66.1716	0.330033	69.2708
11.6587	66.2541	0.247525	69.2708
11.6691	66.2541	0.247525	69.2708
11.6743	66.2954	0.330033	69.2708
11.6788	66.3779	0.247525	69.2708
11.6789	66.4191	0.330033	69.2708
11.6794	66.4191	0.330033	69.7917
11.6964	66.5016	0.247525	69.7917
11.705	66.5016	0.330033	69.7917
11.71	66.5842	0.247525	69.7917
11.7352	66.5842	0.247525	70.8333
11.7355	66.6254	0.330033	70.8333
11.7627	66.7079	0.247525	70.8333
11.7661	66.7079	0.330033	70.8333
11.7849	66.7904	0.247525	70.8333
11.7888	66.8317	0.330033	70.8333
11.7931	66.9142	0.247525	70.8333
11.8454	66.9967	0.165017	70.8333
11.8469	67.038	0.247525	70.8333
11.857	67.1205	0.165017	70.8333
11.8585	67.1617	0.247525	70.8333
11.8634	67.2442	0.165017	70.8333
11.8829	67.2442	0.165017	71.3542
11.9098	67.3267	0.0825083	71.3542
11.9118	67.3267	0.247525	71.3542
11.9155	67.4092	0.165017	71.3542
11.9238	67.4918	0.0825083	71.3542
11.9257	67.533	0.165017	71.3542
11.9569	67.6155	0.0825083	71.3542
11.9574	67.6568	0.165017	71.3542
12.0371	67.7393	0.0825083	71.3542
12.0503	67.7805	0.165017	71.3542
12.0916	67.863	0.0825083	71.3542
12.0921	67.863	0.247525	71.3542
12.0967	67.9455	0.165017	71.3542
12.1742	68.0281	0.0825083	71.3542
12.201	68.0281	0.247525	71.3542
12.211	68.0281	0.247525	72.3958
12.2111	68.0693	0.330033	72.3958
12.232	68.1518	0.247525	72.3958
12.2332	68.1518	0.412541	72.3958
12.2446	68.2343	0.330033	72.3958
12.2458	68.3168	0.247525	72.3958
12.2471	68.3581	0.330033	72.3958
12.2786	68.4406	0.247525	72.3958
12.2817	68.4818	0.330033	72.3958
12.3416	68.5644	0.247525	72.3958
12.3446	68.6056	0.330033	72.3958
12.354	68.6881	0.247525	72.3958
12.3548	68.7294	0.330033	72.3958
12.3869	68.8119	0.247525	72.3958
12.3889	68.8531	0.330033	72.3958
12.3923	68.9356	0.247525	72.3958
12.3946	68.9769	0.330033	72.3958
12.4262	69.0594	0.247525	72.3958
12.4323	69.0594	0.330033	72.3958
12.4446	69.1419	0.247525	72.3958
12.4527	69.1419	0.247525	72.9167
12.4532	69.1832	0.330033	72.9167
12.5132	69.2657	0.247525	72.9167
12.5155	69.3069	0.330033	72.9167
12.5339	69.3894	0.247525	72.9167
12.5379	69.4307	0.330033	72.9167
12.5499	69.5132	0.247525	72.9167
12.5554	69.5132	0.247525	73.4375
12.6379	69.5132	0.247525	74.4792
12.6455	69.5132	0.247525	75
12.6459	69.5132	0.330033	75
12.7987	69.5957	0.247525	75
12.8031	69.637	0.330033	75
12.8044	69.7195	0.247525	75
12.8066	69.7195	0.412541	75
12.8094	69.802	0.330033	75
12.8192	69.8845	0.247525	75
12.8202	69.9257	0.330033	75
12.8217	70.0082	0.247525	75
12.8234	70.0495	0.330033	75
12.8526	70.132	0.247525	75
12.8569	70.1733	0.330033	75
12.89	70.2558	0.247525	75
12.9013	70.2558	0.247525	76.0417
12.9051	70.297	0.330033	76.0417
12.9145	70.3795	0.247525	76.0417
12.9404	70.462	0.165017	76.0417
12.942	70.5033	0.247525	76.0417
12.9906	70.5858	0.165017	76.0417
12.9906	70.5858	0.330033	76.0417
12.9907	70.6683	0.247525	76.0417
13.0047	70.7508	0.165017	76.0417
13.0057	70.7921	0.247525	76.0417
13.0183	70.8746	0.165017	76.0417
13.0184	70.9158	0.247525	76.0417
13.024	70.9984	0.165017	76.0417
13.0243	71.0396	0.247525	76.0417
13.0465	71.1221	0.165017	76.0417
13.0488	71.1634	0.247525	76.0417
13.0618	71.2459	0.165017	76.0417
13.116	71.3284	0.0825083	76.0417
13.1177	71.3284	0.247525	76.0417
13.1183	71.4109	0.165017	76.0417
13.1702	71.4934	0.0825083	76.0417
13.1709	71.4934	0.247525	76.0417
13.1767	71.5759	0.165017	76.0417
13.2352	71.6584	0.0825083	76.0417
13.2353	71.6584	0.165017	76.0417
13.2485	71.7409	0.0825083	76.0417
13.3246	71.7409	0.0825083	76.5625
13.3253	71.7409	0.247525	76.5625
13.327	71.8234	0.165017	76.5625
13.3373	71.9059	0.0825083	76.5625
13.3378	71.9472	0.165017	76.5625
13.3515	72.0297	0.0825083	76.5625
13.354	72.071	0.165017	76.5625
13.3935	72.1535	0.0825083	76.5625
13.3987	72.1535	0.165017	76.5625
13.4142	72.236	0.0825083	76.5625
13.4145	72.2772	0.165017	76.5625
13.5807	72.3597	0.0825083	76.5625
13.5828	72.3597	0.247525	76.5625
13.5865	72.4422	0.165017	76.5625
13.5931	72.5247	0.0825083	76.5625
13.5949	72.566	0.165017	76.5625
13.6835	72.6485	0.0825083	76.5625
13.6885	72.6898	0.165017	76.5625
13.714	72.7723	0.0825083	76.5625
13.7147	72.8135	0.165017	76.5625
13.7148	72.8548	0.247525	76.5625
13.7148	72.9373	0.165017	76.5625
13.8052	73.0198	0.0825083	76.5625
13.809	73.0611	0.165017	76.5625
13.85	73.1436	0.0825083	76.5625
13.8527	73.1848	0.165017	76.5625
13.8948	73.2673	0.0825083	76.5625
13.8951	73.2673	0.247525	76.5625
13.8993	73.3498	0.165017	76.5625
13.9016	73.4323	0.0825083	76.5625
13.9045	73.4736	0.165017	76.5625
13.926	73.5561	0.0825083	76.5625
13.9268	73.5974	0.165017	76.5625
14.0465	73.6799	0.0825083	76.5625
14.0476	73.7211	0.165017	76.5625
14.0544	73.8036	0.0825083	76.5625
14.0581	73.8449	0.165017	76.5625
14.0921	73.9274	0.0825083	76.5625
14.0923	73.9686	0.165017	76.5625
14.1815	74.0512	0.0825083	76.5625
14.1818	74.0924	0.165017	76.5625
14.2166	74.1749	0.0825083	76.5625
14.2232	74.1749	0.165017	76.5625
14.2662	74.2574	0.0825083	76.5625
14.2674	74.2574	0.165017	76.5625
14.2995	74.3399	0.0825083	76.5625
14.3004	74.3399	0.247525	76.5625
14.3005	74.4224	0.165017	76.5625
14.3007	74.4224	0.330033	76.5625
14.301	74.505	0.247525	76.5625
14.3012	74.5875	0.165017	76.5625
14.3034	74.67	0.0825083	76.5625
14.311	74.7112	0.165017	76.5625
14.3188	74.7937	0.0825083	76.5625
14.319	74.835	0.165017	76.5625
14.322	74.9175	0.0825083	76.5625
14.3241	74.9587	0.165017	76.5625
14.3328	75.0413	0.0825083	76.5625
14.3392	75.0825	0.165017	76.5625
14.3936	75.165	0.0825083	76.5625
14.3942	75.2063	0.165017	76.5625
14.4078	75.2888	0.0825083	76.5625
14.4114	75.2888	0.247525	76.5625
14.4153	75.3713	0.165017	76.5625
14.4203	75.4538	0.0825083	76.5625
14.4213	75.495	0.165017	76.5625
14.4805	75.5776	0.0825083	76.5625
14.4825	75.5776	0.165017	76.5625
14.5034	75.6601	0.0825083	76.5625
14.5079	75.6601	0.165017	76.5625
14.5136	75.7426	0.0825083	76.5625
14.515	75.7426	0.247525	76.5625
14.5196	75.8251	0.165017	76.5625
14.5657	75.9076	0.0825083	76.5625
14.6071	75.9076	0.0825083	77.6042
14.6093	75.9076	0.247525	77.6042
14.6148	75.9901	0.165017	77.6042
14.6425	76.0726	0.0825083	77.6042
14.6428	76.1139	0.165017	77.6042
14.6493	76.1964	0.0825083	77.6042
14.6498	76.2376	0.165017	77.6042
14.748	76.3201	0.0825083	77.6042
14.7908	76.3201	0.0825083	78.6458
14.7913	76.3614	0.165017	78.6458
14.8003	76.4439	0.0825083	78.6458
14.8017	76.4851	0.165017	78.6458
14.8216	76.5677	0.0825083	78.6458
14.8222	76.5677	0.165017	78.6458
14.823	76.6502	0.0825083	78.6458
14.8231	76.6502	0.247525	78.6458
14.8293	76.7327	0.165017	78.6458
14.8331	76.8152	0.0825083	78.6458
14.834	76.8152	0.165017	78.6458
14.8557	76.8977	0.0825083	78.6458
14.8561	76.9389	0.165017	78.6458
14.9077	77.0215	0.0825083	78.6458
14.9128	77.0627	0.165017	78.6458
15.0617	77.1452	0.0825083	78.6458
15.0711	77.1452	0.0825083	79.6875
15.0713	77.1865	0.165017	79.6875
15.0787	77.269	0.0825083	79.6875
15.0909	77.269	0.0825083	80.2083
15.0921	77.3102	0.165017	80.2083
15.0926	77.3927	0.0825083	80.2083
15.0956	77.434	0.165017	80.2083
15.1436	77.5165	0.0825083	80.2083
15.1446	77.5165	0.247525	80.2083
15.1448	77.599	0.165017	80.2083
15.2252	77.6815	0.0825083	80.2083
15.2273	77.7228	0.165017	80.2083
15.2727	77.8053	0.0825083	80.2083
15.2745	77.8465	0.165017	80.2083
15.2849	77.929	0.0825083	80.2083
15.2857	77.929	0.165017	80.2083
15.3712	78.0116	0.0825083	80.2083
15.3874	78.0116	0.0825083	81.25
15.3897	78.0528	0.165017	81.25
15.4318	78.1353	0.0825083	81.25
15.4409	78.1766	0.165017	81.25
15.5131	78.2591	0.0825083	81.25
15.5151	78.3003	0.165017	81.25
15.5241	78.3828	0.0825083	81.25
15.5247	78.4241	0.165017	81.25
15.5453	78.5066	0.0825083	81.25
15.6021	78.5479	0.165017	81.25
15.6025	78.5479	0.330033	81.25
15.6025	78.6304	0.247525	81.25
15.6264	78.7129	0.165017	81.25
15.6451	78.7129	0.165017	82.2917
15.7142	78.7129	0.165017	83.3333
15.7143	78.7541	0.247525	83.3333
15.7415	78.8366	0.165017	83.3333
15.7438	78.8366	0.330033	83.3333
15.745	78.9191	0.247525	83.3333
15.8801	79.0016	0.165017	83.3333
15.8834	79.0016	0.330033	83.3333
15.8836	79.0842	0.247525	83.3333
15.9264	79.1667	0.165017	83.3333
15.9292	79.2079	0.247525	83.3333
15.9366	79.2904	0.165017	83.3333
15.9368	79.2904	0.247525	83.3333
15.937	79.2904	0.330033	83.3333
15.9399	79.3729	0.247525	83.3333
15.9614	79.4554	0.165017	83.3333
15.9623	79.4967	0.247525	83.3333
16.091	79.5792	0.165017	83.3333
16.0917	79.6205	0.247525	83.3333
16.1304	79.703	0.165017	83.3333
16.2165	79.703	0.165017	84.375
16.2181	79.7442	0.247525	84.375
16.2801	79.8267	0.165017	84.375
16.2823	79.8267	0.330033	84.375
16.2838	79.9092	0.247525	84.375
16.376	79.9918	0.165017	84.375
16.3764	79.9918	0.165017	85.4167
16.3767	80.033	0.247525	85.4167
16.3782	80.1155	0.165017	85.4167
16.3782	80.1568	0.247525	85.4167
16.4234	80.2393	0.165017	85.4167
16.424	80.2805	0.247525	85.4167
16.4319	80.363	0.165017	85.4167
16.4351	80.4043	0.247525	85.4167
16.4359	80.4868	0.165017	85.4167
16.4373	80.5281	0.247525	85.4167
16.4563	80.6106	0.165017	85.4167
16.4568	80.6106	0.330033	85.4167
16.4575	80.6931	0.247525	85.4167
16.4751	80.7756	0.165017	85.4167
16.4764	80.7756	0.330033	85.4167
16.4787	80.8581	0.247525	85.4167
16.6195	80.9406	0.165017	85.4167
16.622	80.9818	0.247525	85.4167
16.6458	81.0644	0.165017	85.4167
16.6595	81.0644	0.165017	86.4583
16.6595	81.1056	0.247525	86.4583
16.757	81.1881	0.165017	86.4583
16.7624	81.2294	0.247525	86.4583
16.7625	81.2706	0.330033	86.4583
16.7654	81.3531	0.247525	86.4583
16.8255	81.4356	0.165017	86.4583
16.8334	81.4769	0.247525	86.4583
16.8338	81.5594	0.165017	86.4583
16.8806	81.5594	0.165017	87.5
16.8823	81.6419	0.0825083	87.5
16.8851	81.6832	0.165017	87.5
16.8885	81.7657	0.0825083	87.5
16.8909	81.8069	0.165017	87.5
16.9283	81.8894	0.0825083	87.5
16.9288	81.8894	0.247525	87.5
16.9323	81.9719	0.165017	87.5
16.9687	82.0545	0.0825083	87.5
16.97	82.0957	0.165017	87.5
17.012	82.1782	0.0825083	87.5
17.0148	82.1782	0.0825083	88.5417
17.0153	82.2195	0.165017	88.5417
17.1778	82.302	0.0825083	88.5417
17.1787	82.3432	0.165017	88.5417
17.3105	82.4257	0.0825083	88.5417
17.3141	82.467	0.165017	88.5417
17.3394	82.5495	0.0825083	88.5417
17.3401	82.5908	0.165017	88.5417
17.3531	82.6733	0.0825083	88.5417
17.356	82.7145	0.165017	88.5417
17.3561	82.7558	0.247525	88.5417
17.377	82.8383	0.165017	88.5417
17.3931	82.8383	0.165017	89.5833
17.3936	82.8795	0.247525	89.5833
17.4639	82.962	0.165017	89.5833
17.4671	82.962	0.165017	90.625
17.4853	82.962	0.165017	91.6667
17.5137	83.0446	0.0825083	91.6667
17.5139	83.0446	0.247525	91.6667
17.5156	83.1271	0.165017	91.6667
17.517	83.2096	0.0825083	91.6667
17.517	83.2508	0.165017	91.6667
17.6061	83.3333	0.0825083	91.6667
17.6093	83.3746	0.165017	91.6667
17.6341	83.4571	0.0825083	91.6667
17.6363	83.4984	0.165017	91.6667
17.8943	83.5809	0.0825083	91.6667
17.8947	83.5809	0.247525	91.6667
17.8976	83.6634	0.165017	91.6667
17.9396	83.7459	0.0825083	91.6667
17.9437	83.7871	0.165017	91.6667
17.9996	83.8696	0.0825083	91.6667
18.0003	83.9109	0.165017	91.6667
18.0516	83.9934	0.0825083	91.6667
18.0524	84.0347	0.165017	91.6667
18.081	84.1172	0.0825083	91.6667
18.0818	84.1172	0.247525	91.6667
18.0824	84.1997	0.165017	91.6667
18.2291	84.2822	0.0825083	91.6667
18.2305	84.2822	0.247525	91.6667
18.2306	84.3647	0.165017	91.6667
18.2317	84.4472	0.0825083	91.6667
18.269	84.5297	0	91.6667
18.2695	84.5297	0.165017	91.6667
18.2698	84.6122	0.0825083	91.6667
18.3137	84.6947	0	91.6667
18.3157	84.736	0.0825083	91.6667
18.3902	84.8185	0	91.6667
18.7159	84.8185	0	92.7083
18.7759	84.8185	0	93.75
18.7809	84.8597	0.0825083	93.75
18.9298	84.9422	0	93.75
18.9312	84.9422	0.0825083	93.75
18.9911	85.0247	0	93.75
18.9913	85.066	0.0825083	93.75
19.0507	85.1485	0	93.75
19.2329	85.1485	0	94.7917
19.3118	85.1485	0	95.8333
19.3124	85.1898	0.0825083	95.8333
19.4052	85.2723	0	95.8333
19.4059	85.3135	0.0825083	95.8333
19.4695	85.396	0	95.8333
19.5472	85.396	0.165017	95.8333
19.5475	85.4373	0.247525	95.8333
19.5824	85.5198	0.165017	95.8333
19.5826	85.5198	0.247525	95.8333
19.6136	85.6023	0.165017	95.8333
19.6152	85.6436	0.247525	95.8333
19.81	85.7261	0.165017	95.8333
19.8106	85.7261	0.247525	95.8333
19.8817	85.8086	0.165017	95.8333
19.8822	85.8498	0.247525	95.8333
19.9258	85.9323	0.165017	95.8333
19.9306	85.9323	0.247525	95.8333
19.9863	86.0149	0.165017	95.8333
19.9921	86.0561	0.247525	95.8333
20.3375	86.1386	0.165017	95.8333
20.3456	86.2211	0.0825083	95.8333
20.539	86.2624	0.165017	95.8333
20.5404	86.3036	0.247525	95.8333
20.7207	86.3861	0.165017	95.8333
20.7233	86.4274	0.247525	95.8333
20.7579	86.5099	0.165017	95.8333
20.7613	86.5512	0.247525	95.8333
20.82	86.6337	0.165017	95.8333
20.8239	86.6749	0.247525	95.8333
20.8762	86.7574	0.165017	95.8333
20.8767	86.7574	0.247525	95.8333
20.9161	86.8399	0.165017	95.8333
20.9189	86.8812	0.247525	95.8333
20.9627	86.9637	0.165017	95.8333
20.9631	86.9637	0.330033	95.8333
20.965	87.0462	0.247525	95.8333
21.0421	87.1287	0.165017	95.8333
21.0446	87.17	0.247525	95.8333
21.0532	87.2525	0.165017	95.8333
21.0539	87.2525	0.330033	95.8333
21.0543	87.335	0.247525	95.8333
21.1233	87.4175	0.165017	95.8333
21.1255	87.4175	0.330033	95.8333
21.1319	87.5	0.247525	95.8333
21.279	87.5825	0.165017	95.8333
21.3301	87.665	0.0825083	95.8333
21.3331	87.665	0.165017	95.8333
21.3967	87.7475	0.0825083	95.8333
21.3969	87.7888	0.165017	95.8333
21.6007	87.8713	0.0825083	95.8333
21.6013	87.9125	0.165017	95.8333
21.9004	87.995	0.0825083	95.8333
21.9037	88.0363	0.165017	95.8333
21.9946	88.1188	0.0825083	95.8333
22.0002	88.1601	0.165017	95.8333
22.0391	88.2426	0.0825083	95.8333
22.0417	88.2838	0.165017	95.8333
22.2781	88.3663	0.0825083	95.8333
22.2786	88.3663	0.247525	95.8333
22.28	88.4488	0.165017	95.8333
22.3144	88.5314	0.0825083	95.8333
22.3153	88.5726	0.165017	95.8333
22.324	88.6551	0.0825083	95.8333
22.4083	88.7376	0	95.8333
22.4093	88.7789	0.0825083	95.8333
22.416	88.8614	0	95.8333
22.4169	88.9026	0.0825083	95.8333
22.4598	88.9851	0	95.8333
22.4601	89.0264	0.0825083	95.8333
22.5901	89.1089	0	95.8333
22.5907	89.1502	0.0825083	95.8333
22.5982	89.2327	0	95.8333
22.6348	89.2327	0	96.875
22.6424	89.2739	0.0825083	96.875
22.6625	89.3564	0	96.875
22.6653	89.3977	0.0825083	96.875
22.667	89.4802	0	96.875
22.6686	89.5215	0.0825083	96.875
22.8911	89.604	0	96.875
22.894	89.6452	0.0825083	96.875
23.1218	89.7277	0	96.875
23.1219	89.769	0.0825083	96.875
23.1311	89.8515	0	96.875
23.1317	89.8927	0.0825083	96.875
23.2265	89.9753	0	96.875
23.2278	89.9753	0.0825083	96.875
23.2776	90.0578	0	96.875
23.2787	90.099	0.0825083	96.875
23.5491	90.1815	0	96.875
23.5494	90.2228	0.0825083	96.875
23.7296	90.3053	0	96.875
23.734	90.3465	0.0825083	96.875
23.8454	90.429	0	96.875
23.8472	90.4703	0.0825083	96.875
24.0284	90.5528	0	96.875
24.0287	90.5941	0.0825083	96.875
24.2962	90.6766	0	96.875
24.2978	90.7178	0.0825083	96.875
24.3258	90.8003	0	96.875
24.3276	90.8416	0.0825083	96.875
24.4631	90.9241	0	96.875
24.754	90.9653	0.0825083	96.875
24.7547	91.0066	0.165017	96.875
24.9688	91.0891	0.0825083	96.875
24.969	91.1304	0.165017	96.875
25.0507	91.2129	0.0825083	96.875
25.0509	91.2541	0.165017	96.875
25.0809	91.3366	0.0825083	96.875
25.081	91.3366	0.247525	96.875
25.0814	91.4191	0.165017	96.875
25.2338	91.5016	0.0825083	96.875
25.2348	91.5429	0.165017	96.875
25.6186	91.6254	0.0825083	96.875
25.897	91.7079	0	96.875
25.898	91.7079	0.0825083	96.875
26.0631	91.7904	0	96.875
26.0632	91.8317	0.0825083	96.875
26.2323	91.9142	0	96.875
26.2413	91.9554	0.0825083	96.875
26.3406	92.038	0	96.875
26.3408	92.0792	0.0825083	96.875
26.656	92.1617	0	96.875
26.6561	92.203	0.0825083	96.875
26.9118	92.2855	0	96.875
26.9129	92.3267	0.0825083	96.875
27.1157	92.4092	0	96.875
27.1161	92.4505	0.0825083	96.875
27.2278	92.533	0	96.875
27.2302	92.5743	0.0825083	96.875
27.6115	92.6568	0	96.875
27.6126	92.698	0.0825083	96.875
27.6685	92.7805	0	96.875
27.6692	92.8218	0.0825083	96.875
28.0353	92.9043	0	96.875
28.0359	92.9455	0.0825083	96.875
28.0371	92.9868	0.165017	96.875
28.0387	93.0693	0.0825083	96.875
28.2288	93.1518	0	96.875
28.2289	93.1931	0.0825083	96.875
28.4469	93.2756	0	96.875
28.4489	93.3168	0.0825083	96.875
28.4878	93.3993	0	96.875
28.4879	93.3993	0.165017	96.875
28.4921	93.4818	0.0825083	96.875
28.536	93.5644	0	96.875
28.537	93.6056	0.0825083	96.875
28.5991	93.6881	0	96.875
28.5991	93.7294	0.0825083	96.875
28.9915	93.8119	0	96.875
28.9926	93.8531	0.0825083	96.875
29.2043	93.9356	0	96.875
29.2059	93.9769	0.0825083	96.875
29.3233	94.0594	0	96.875
29.3236	94.0594	0.165017	96.875
29.3245	94.1419	0.0825083	96.875
29.3748	94.2244	0	96.875
29.8621	94.2657	0.0825083	96.875
29.863	94.2657	0.247525	96.875
29.8665	94.3482	0.165017	96.875
30.0704	94.4307	0.0825083	96.875
30.0731	94.4719	0.165017	96.875
30.0792	94.5545	0.0825083	96.875
30.081	94.5957	0.165017	96.875
30.2025	94.6782	0.0825083	96.875
30.2036	94.7195	0.165017	96.875
30.4584	94.802	0.0825083	96.875
30.4635	94.802	0.165017	96.875
30.5666	94.8845	0.0825083	96.875
30.5667	94.8845	0.247525	96.875
30.5701	94.967	0.165017	96.875
30.8239	95.0495	0.0825083	96.875
30.8281	95.0908	0.165017	96.875
30.8357	95.1733	0.0825083	96.875
30.9163	95.2558	0	96.875
30.9176	95.297	0.0825083	96.875
31.6205	95.3795	0	96.875
31.622	95.4208	0.0825083	96.875
32.798	95.5033	0	96.875
32.7983	95.5446	0.0825083	96.875
32.9168	95.6271	0	96.875
32.9189	95.6683	0.0825083	96.875
33.8886	95.7508	0	96.875
33.889	95.7508	0.165017	96.875
33.8897	95.8333	0.0825083	96.875
34.0394	95.9158	0	96.875
34.0407	95.9571	0.0825083	96.875
34.3723	96.0396	0	96.875
34.3724	96.0396	0.165017	96.875
34.3769	96.1221	0.0825083	96.875
34.6893	96.2046	0	96.875
34.6961	96.2459	0.0825083	96.875
34.9506	96.3284	0	96.875
34.9611	96.3696	0.0825083	96.875
35.0764	96.4521	0	96.875
35.0765	96.4521	0.165017	96.875
35.1172	96.5347	0.0825083	96.875
35.1178	96.5347	0.247525	96.875
35.118	96.6172	0.165017	96.875
35.8183	96.6997	0.0825083	96.875
35.9938	96.7822	0	96.875
35.9941	96.7822	0.165017	96.875
35.9959	96.8647	0.0825083	96.875
38.009	96.9472	0	96.875
38.0164	96.9884	0.0825083	96.875
38.5583	97.071	0	96.875
38.5633	97.071	0.165017	96.875
38.5702	97.1535	0.0825083	96.875
38.9522	97.236	0	96.875
38.9536	97.2772	0.0825083	96.875
39.2979	97.3597	0	96.875
39.2986	97.3597	0.165017	96.875
39.2998	97.4422	0.0825083	96.875
42.5389	97.5247	0	96.875
42.5427	97.566	0.0825083	96.875
43.5701	97.6485	0	96.875
43.5779	97.6898	0.0825083	96.875
43.8322	97.7723	0	96.875
43.8323	97.8135	0.0825083	96.875
44.0414	97.896	0	96.875
44.0423	97.9373	0.0825083	96.875
44.5328	98.0198	0	96.875
44.5335	98.0611	0.0825083	96.875
44.961	98.1436	0	96.875
44.9626	98.1848	0.0825083	96.875
45.6332	98.2673	0	96.875
45.6347	98.3086	0.0825083	96.875
48.8951	98.3911	0	96.875
48.8955	98.3911	0.165017	96.875
48.8975	98.4736	0.0825083	96.875
49.7247	98.5561	0	96.875
49.7253	98.5974	0.0825083	96.875
50.1741	98.6799	0	96.875
50.1754	98.7211	0.0825083	96.875
50.2324	98.8036	0	96.875
50.2338	98.8036	0.165017	96.875
50.2345	98.8861	0.0825083	96.875
50.6808	98.9686	0	96.875
50.6841	99.0099	0.0825083	96.875
50.8757	99.0924	0	96.875
50.8773	99.1337	0.0825083	96.875
51.3528	99.2162	0	96.875
51.3543	99.2162	0.165017	96.875
57.535	99.2987	0.0825083	96.875
78.7039	99.3812	0	96.875
78.7062	99.4224	0.0825083	96.875
159.405	99.505	0	96.875
652.218	99.505	0	97.9167
3062.06	99.505	0	98.9583
3524.05	99.505	0	100
3524.33	99.5462	0.0825083	100
7199.14	99.6287	0	100
7204.32	99.67	0.0825083	100
13718.2	99.7525	0	100
13718.8	99.7937	0.0825083	100
14846.7	99.8762	0	100
14847.3	99.9175	0.0825083	100
