2.17081e-06	0	0	0
1.43639e-05	0	0	0
1.89198e-05	0	0	0
1.91454e-05	0	0	0
3.34949e-05	0	0	0
4.36352e-05	0	0	0
4.59034e-05	0	0	0
5.55947e-05	0	0	0
5.66135e-05	0	0	0
6.88978e-05	0	0	0
7.38093e-05	0	0	0
8.19509e-05	0	0	0
0.000103384	0	0	0
0.000106193	0	0	0
0.00011572	0	0	0
0.00011765	0	0	0
0.000119611	0	0	0
0.000125124	0	0	0
0.00012596	0	0	0
0.000128022	0	0	0
0.000130059	0	0	0
0.000137875	0	0	0
0.000148537	0	0	0
0.000151335	0	0	0
0.000151357	0	0	0
0.000165074	0	0	0
0.000170222	0	0	0
0.000173296	0	0	0
0.000185038	0	0	0
0.000206993	0	0	0
0.000208606	0	0	0
0.000231732	0	0	0
0.000235932	0	0	0
0.000237457	0	0	0
0.000238031	0	0	0
0.00023804	0	0	0
0.000242957	0	0	0
0.000243961	0	0	0
0.0002469	0	0	0
0.000257486	0	0	0
0.000259853	0	0	0
0.000267604	0	0	0
0.00027194	0	0	0
0.000274804	0	0	0
0.000285882	0	0	0
0.000289644	0	0	0
0.000296697	0	0	0
0.000302385	0	0	0
0.000306277	0	0	0
0.000310848	0	0	0
0.000312889	0	0	0
0.000314883	0	0	0
0.00031796	0	0	0
0.000323025	0	0	0
0.000331018	0	0	0
0.000372757	0	0	0
0.000387948	0	0	0
0.000390116	0	0	0
0.000400915	0	0	0
0.000402369	0	0	0
0.000403087	0	0	0
0.000403858	0	0	0
0.000434142	0	0	0
0.000434736	0	0	0
0.000438469	0	0	0
0.000438861	0	0	0
0.000439936	0	0	0
0.000448346	0	0	0
0.00047989	0	0	0
0.000485762	0	0	0
0.000486356	0	0	0
0.000486587	0	0	0
0.000490543	0	0	0
0.000506963	0	0	0
0.000507363	0	0	0
0.000508443	0	0	0
0.000524535	0	0	0
0.000528756	0	0	0
0.000538251	0	0	0
0.00055056	0	0	0
0.000553274	0	0	0
0.000559813	0	0	0
0.000561305	0	0	0
0.000563774	0	0	0
0.000574929	0	0	0
0.000576908	0	0	0
0.000588395	0	0	0
0.000590967	0	0	0
0.000592203	0	0	0
0.000603711	0	0	0
0.000604844	0	0	0
0.000621511	0	0	0
0.00062409	0	0	0
0.000629719	0	0	0
0.000638977	0	0	0
0.000642478	0	0	0
0.000666825	0	0	0
0.000687713	0	0	0
0.00069486	0	0	0
0.000716342	0	0	0
0.000716984	0	0	0
0.000727807	0	0	0
0.000737357	0	0	0
0.000738784	0	0	0
0.00075281	0	0	0
0.000757867	0	0	0
0.000760164	0	0	0
0.000760375	0	0	0
0.000761314	0	0	0
0.000769529	0	0	0
0.000784681	0	0	0
0.000796882	0	0	0
0.000812102	0	0	0
0.000813271	0	0	0
0.000937834	0	0	0
0.000956596	0	0	0
0.000966928	0	0	0
0.000978293	0	0	0
0.000981765	0	0	0
0.00101419	0	0	0
0.00101974	0	0	0
0.00102913	0	0	0
0.00103034	0	0	0
0.00103777	0	0	0
0.00104066	0	0	0
0.00105049	0	0	0
0.00106223	0	0	0
0.00107121	0	0	0
0.00108499	0	0	0
0.00110008	0	0	0
0.00113215	0	0	0
0.00113376	0	0	0
0.00114576	0	0	0
0.00115537	0	0	0
0.00115591	0	0	0
0.00115743	0	0	0
0.00116367	0	0	0
0.00116787	0	0	0
0.00118252	0	0	0
0.00118861	0	0	0
0.00119402	0	0	0
0.00120418	0	0	0
0.00122833	0	0	0
0.00123364	0	0	0
0.0012448	0	0	0
0.00125019	0	0	0
0.00126747	0	0	0
0.0012748	0	0	0
0.00128394	0	0	0
0.00128903	0	0	0
0.00131745	0	0	0
0.00133647	0	0	0
0.00133745	0	0	0
0.00133784	0	0	0
0.00134318	0	0	0
0.00135324	0	0	0
0.00135645	0	0	0
0.00137179	0	0	0
0.00137641	0	0	0
0.00137882	0	0	0
0.00138544	0	0	0
0.00138714	0	0	0
0.00138948	0	0	0
0.00141447	0	0	0
0.00141499	0	0	0
0.0014172	0	0	0
0.00141808	0	0	0
0.00144132	0	0	0
0.00144204	0	0	0
0.00146645	0	0	0
0.00147677	0	0	0
0.0014938	0	0	0
0.00149727	0	0	0
0.001501	0	0	0
0.00150509	0	0	0
0.00152172	0	0	0
0.0015653	0	0	0
0.00158478	0	0	0
0.00159242	0	0	0
0.00159483	0	0	0
0.00159768	0	0	0
0.00160531	0	0	0
0.00160923	0	0	0
0.00161135	0	0	0
0.00161523	0	0	0
0.00161904	0	0	0
0.00162632	0	0	0
0.00162792	0	0	0
0.00163377	0	0	0
0.00163481	0	0	0
0.00163729	0	0	0
0.00164012	0	0	0
0.00164467	0	0	0
0.00164557	0	0	0
0.00164676	0	0	0
0.00164906	0	0	0
0.00168129	0	0	0
0.0016901	0	0	0
0.00169675	0	0	0
0.00170278	0	0	0
0.00170503	0	0	0
0.00170884	0	0	0
0.00171689	0	0	0
0.00171709	0	0	0
0.00171849	0	0	0
0.00171956	0	0	0
0.00172127	0	0	0
0.00172858	0	0	0
0.00173443	0	0	0
0.00174656	0	0	0
0.00175259	0	0	0
0.00175606	0	0	0
0.00175715	0	0	0
0.00176794	0	0	0
0.0017896	0	0	0
0.00179065	0	0	0
0.00180346	0	0	0
0.00180614	0	0	0
0.0018091	0	0	0
0.0018169	0	0	0
0.00182871	0	0	0
0.00185394	0	0	0
0.00188647	0	0	0
0.00189546	0	0	0
0.001903	0	0	0
0.00191353	0	0	0
0.00192536	0	0	0
0.00192899	0	0	0
0.00193425	0	0	0
0.00193616	0	0	0
0.00194512	0	0	0
0.00194802	0	0	0
0.0019564	0	0	0
0.001957	0	0	0
0.00195811	0	0	0
0.00201653	0	0	0
0.00202802	0	0	0
0.00204555	0	0	0
0.00204868	0	0	0
0.00205524	0	0	0
0.00206168	0	0	0
0.00207025	0	0	0
0.00207592	0	0	0
0.00207948	0	0	0
0.00208343	0	0	0
0.00210911	0	0	0
0.00211731	0	0	0
0.00211838	0	0	0
0.00211987	0	0	0
0.00214006	0	0	0
0.00214597	0	0	0
0.00214613	0	0	0
0.00215459	0	0	0
0.00215842	0	0	0
0.00216036	0	0	0
0.00216194	0	0	0
0.00216297	0	0	0
0.00216879	0	0	0
0.00217086	0	0	0
0.00217921	0	0	0
0.0021876	0	0	0
0.00220084	0	0	0
0.00221017	0	0	0
0.00221752	0	0	0
0.00223136	0	0	0
0.00223284	0	0	0
0.00223321	0	0	0
0.0022408	0	0	0
0.00224198	0	0	0
0.00224444	0	0	0
0.00224645	0	0	0
0.00224962	0	0	0
0.00224965	0	0	0
0.00226036	0	0	0
0.00226733	0	0	0
0.00229926	0	0	0
0.00230163	0	0	0
0.00230983	0	0	0
0.00231824	0	0	0
0.00231989	0	0	0
0.00233416	0	0	0
0.00234127	0	0	0
0.00234157	0	0	0
0.00234558	0	0	0
0.00235011	0	0	0
0.00235957	0	0	0
0.0023733	0	0	0
0.00238055	0	0	0
0.00238349	0	0	0
0.00238621	0	0	0
0.00239216	0	0	0
0.00239267	0	0	0
0.0023935	0	0	0
0.00239498	0	0	0
0.00239616	0	0	0
0.00239672	0	0	0
0.00239682	0	0	0
0.00240414	0	0	0
0.00240622	0	0	0
0.00240735	0	0	0
0.00240984	0	0	0
0.00241073	0	0	0
0.00242256	0	0	0
0.00242903	0	0	0
0.0024441	0	0	0
0.00244918	0	0	0
0.00245324	0	0	0
0.00245659	0	0	0
0.00246201	0	0	0
0.00246446	0	0	0
0.00247354	0	0	0
0.0024791	0	0	0
0.00248527	0	0	0
0.00249813	0	0	0
0.00250049	0	0	0
0.00250258	0	0	0
0.00250338	0	0	0
0.00250682	0	0	0
0.00251669	0	0	0
0.00252411	0	0	0
0.00252501	0	0	0
0.00253642	0	0	0
0.00253723	0	0	0
0.0025459	0	0	0
0.0025477	0	0	0
0.00256801	0	0	0
0.00258751	0	0	0
0.00259569	0	0	0
0.00259804	0	0	0
0.00260934	0	0	0
0.00261273	0	0	0
0.00261924	0	0	0
0.00262594	0	0	0
0.00266358	0	0	0
0.00267172	0	0	0
0.00267703	0	0	0
0.00269501	0	0	0
0.00269546	0	0	0
0.00269621	0	0	0
0.00270748	0	0	0
0.00271313	0	0	0
0.00271337	0	0	0
0.00272055	0	0	0
0.00272121	0	0	0
0.00273327	0	0	0
0.00273411	0	0	0
0.00273622	0	0	0
0.00274186	0	0	0
0.00274208	0	0	0
0.0027481	0	0	0
0.0027527	0	0	0
0.00276186	0	0	0
0.00277461	0	0	0
0.00277673	0	0	0
0.00278148	0	0	0
0.00278751	0	0	0
0.00278799	0	0	0
0.00279028	0	0	0
0.00279305	0	0	0
0.00279503	0	0	0
0.00279833	0	0	0
0.00282827	0	0	0
0.00283242	0	0	0
0.0028396	0	0	0
0.00284031	0	0	0
0.0028517	0	0	0
0.00285395	0	0	0
0.00289303	0	0	0
0.00290099	0	0	0
0.00292155	0	0	0
0.00292353	0	0	0
0.00292795	0	0	0
0.0029307	0	0	0
0.00293787	0	0	0
0.00294886	0	0	0
0.00294912	0	0	0
0.00295405	0	0	0
0.00296144	0	0	0
0.00297338	0	0	0
0.00297608	0	0	0
0.00297756	0	0	0
0.00297774	0	0	0
0.00298103	0	0	0
0.00298356	0	0	0
0.00299461	0	0	0
0.00299612	0	0	0
0.00299984	0	0	0
0.00300953	0	0	0
0.00302526	0	0	0
0.00302861	0	0	0
0.00305234	0	0	0
0.00305324	0	0	0
0.00306263	0	0	0
0.00306885	0	0	0
0.00307669	0	0	0
0.00307862	0	0	0
0.00308074	0	0	0
0.00309267	0	0	0
0.0030933	0	0	0
0.00309921	0	0	0
0.00310073	0	0	0
0.00310524	0	0	0
0.00310556	0	0	0
0.0031131	0	0	0
0.00312775	0	0	0
0.00312827	0	0	0
0.00315397	0	0	0
0.00317341	0	0	0
0.00319253	0	0	0
0.00320172	0	0	0
0.0032052	0	0	0
0.00321362	0	0	0
0.00321551	0	0	0
0.00323582	0	0	0
0.0032458	0	0	0
0.00324666	0	0	0
0.00325131	0	0	0
0.00325178	0	0	0
0.00326403	0	0	0
0.00326674	0	0	0
0.00328146	0	0	0
0.00329069	0	0	0
0.00333384	0	0	0
0.00333499	0	0	0
0.00333588	0	0	0
0.00334054	0	0	0
0.00334212	0	0	0
0.00334465	0	0	0
0.00334922	0	0	0
0.00335189	0	0	0
0.00335454	0	0	0
0.00335719	0	0	0
0.00336906	0	0	0
0.00337317	0	0	0
0.00337834	0	0	0
0.00338654	0	0	0
0.00339818	0	0	0
0.00341681	0	0	0
0.00341874	0	0	0
0.00342887	0	0	0
0.0034578	0	0	0
0.00346715	0	0	0
0.00347997	0	0	0
0.00348143	0	0	0
0.00349362	0	0	0
0.00350596	0	0	0
0.00351073	0	0	0
0.00351257	0	0	0
0.00352464	0	0	0
0.00352633	0	0	0
0.00353139	0	0	0
0.00354667	0	0	0
0.00354978	0	0	0
0.00355318	0	0	0
0.00356468	0	0	0
0.00357184	0	0	0
0.00358113	0	0	0
0.00360086	0	0	0
0.00360425	0	0	0
0.00361384	0	0	0
0.0036164	0	0	0
0.00362893	0	0	0
0.00363123	0	0	0
0.00363514	0	0	0
0.00363557	0	0	0
0.00363846	0	0	0
0.00363977	0	0	0
0.00364199	0	0	0
0.00365068	0	0	0
0.00365133	0	0	0
0.00365401	0	0	0
0.00367198	0	0	0
0.00367424	0	0	0
0.0036998	0	0	0
0.00370054	0	0	0
0.00370123	0	0	0
0.00371259	0	0	0
0.00372488	0	0	0
0.00372666	0	0	0
0.00374017	0	0	0
0.00374297	0	0	0
0.00377652	0	0	0
0.00380284	0	0	0
0.00382333	0	0	0
0.00382855	0	0	0
0.00382917	0	0	0
0.00384014	0	0	0
0.00384353	0	0	0
0.00384987	0	0	0
0.00384998	0	0	0
0.00386988	0	0	0
0.0038777	0	0	0
0.00388878	0	0	0
0.00389214	0	0	0
0.00389381	0	0	0
0.00392888	0	0	0
0.00394157	0	0	0
0.00394477	0	0	0
0.0039459	0	0	0
0.00394926	0	0	0
0.00395518	0	0	0
0.00396695	0	0	0
0.00397482	0	0	0
0.00398372	0	0	0
0.00398443	0	0	0
0.00399524	0	0	0
0.00400439	0	0	0
0.00400445	0	0	0
0.00401145	0	0	0
0.00401331	0	0	0
0.00402227	0	0	0
0.00402577	0	0	0
0.00403035	0	0	0
0.00403773	0	0	0
0.00406274	0	0	0
0.00409696	0	0	0
0.00409725	0	0	0
0.0041083	0	0	0
0.00411541	0	0	0
0.0041278	0	0	0
0.00413648	0	0	0
0.00414457	0	0	0
0.00415426	0	0	0
0.00415685	0	0	0
0.00415881	0	0	0
0.00416713	0	0	0
0.0041688	0	0	0
0.00417063	0	0	0
0.00417295	0	0	0
0.00417348	0	0	0
0.00419339	0	0	0
0.00419398	0	0	0
0.00419538	0	0	0
0.00420177	0	0	0
0.00420958	0	0	0
0.00422563	0	0	0
0.00424833	0	0	0
0.00425116	0	0	0
0.00425211	0	0	0
0.00428814	0	0	0
0.0042934	0	0	0
0.00430926	0	0	0
0.00431344	0	0	0
0.00431574	0	0	0
0.00431632	0	0	0
0.00436988	0	0	0
0.00437103	0	0	0
0.00438364	0	0	0
0.00439251	0	0	0
0.00439474	0	0	0
0.00440003	0	0	0
0.00441438	0	0	0
0.00442784	0	0	0
0.00443701	0	0	0
0.0044653	0	0	0
0.00446818	0	0	0
0.00448008	0	0	0
0.00450604	0	0	0
0.00451519	0	0	0
0.00452089	0	0	0
0.00454989	0	0	0
0.00455262	0	0	0
0.00457101	0	0	0
0.00461347	0	0	0
0.00461769	0	0	0
0.00464173	0	0	0
0.00465194	0	0	0
0.00465663	0	0	0
0.00468976	0	0	0
0.00469285	0	0	0
0.00471409	0	0	0
0.00471789	0	0	0
0.00472301	0	0	0
0.00472358	0	0	0
0.004729	0	0	0
0.00473129	0	0	0
0.00473891	0	0	0
0.00474523	0	0	0
0.00476475	0	0	0
0.00476737	0	0	0
0.00478099	0	0	0
0.004791	0	0	0
0.0047931	0	0	0
0.0048035	0	0	0
0.00483075	0	0	0
0.00483221	0	0	0
0.00483417	0	0	0
0.00483765	0	0	0
0.00485864	0	0	0
0.00486657	0	0	0
0.00488129	0	0	0
0.00488528	0	0	0
0.00488899	0	0	0
0.00489165	0	0	0
0.00489348	0	0	0
0.00489767	0	0	0
0.00492851	0	0	0
0.00493437	0	0	0
0.00493556	0	0	0
0.00495119	0	0	0
0.00496256	0	0	0
0.00496425	0	0	0
0.00496532	0	0	0
0.00496573	0	0	0
0.00497157	0	0	0
0.00497603	0	0	0
0.00498502	0	0	0
0.00499739	0	0	0
0.00501435	0	0	0
0.00501798	0	0	0
0.00502773	0	0	0
0.00503526	0	0	0
0.00504756	0	0	0
0.00505565	0	0	0
0.00505621	0	0	0
0.0050563	0	0	0
0.00506086	0	0	0
0.00506849	0	0	0
0.005074	0	0	0
0.00510537	0	0	0
0.00511221	0	0	0
0.00514659	0	0	0
0.00515499	0	0	0
0.00515687	0	0	0
0.00516237	0	0	0
0.0051815	0	0	0
0.00518975	0	0	0
0.00519809	0	0	0
0.00520424	0	0	0
0.00520794	0	0	0
0.00524264	0	0	0
0.00524428	0	0	0
0.00524721	0	0	0
0.00525208	0	0	0
0.00525848	0	0	0
0.00528172	0	0	0
0.00529165	0	0	0
0.00529516	0	0	0
0.005361	0	0	0
0.00536637	0	0	0
0.00540314	0	0	0
0.00541802	0	0	0
0.00543561	0	0	0
0.00544219	0	0	0
0.00544504	0	0	0
0.00545101	0	0	0
0.00545691	0	0	0
0.0054579	0	0	0
0.0054689	0	0	0
0.00547257	0	0	0
0.00551309	0	0	0
0.00553229	0	0	0
0.00555616	0	0	0
0.00556414	0	0	0
0.00556519	0	0	0
0.0055701	0	0	0
0.0055762	0	0	0
0.00557837	0	0	0
0.00559444	0	0	0
0.00559518	0	0	0
0.00559586	0	0	0
0.00560032	0	0	0
0.00561121	0	0	0
0.00561408	0	0	0
0.00562523	0	0	0
0.00565334	0	0	0
0.00565842	0	0	0
0.00565919	0	0	0
0.00566167	0	0	0
0.00576084	0	0	0
0.0057613	0	0	0
0.00578201	0	0	0
0.00582725	0	0	0
0.00583067	0	0	0
0.00585613	0	0	0
0.00586587	0	0	0
0.00586738	0	0	0
0.00587809	0	0	0
0.0058787	0	0	0
0.00594202	0	0	0
0.00595111	0	0	0
0.00595739	0	0	0
0.00597077	0	0	0
0.00599692	0	0	0
0.00599952	0	0	0
0.00600686	0	0	0
0.00604067	0	0	0
0.00604367	0	0	0
0.00612108	0	0	0
0.00617051	0	0	0
0.00618011	0	0	0
0.00620919	0	0	0
0.0062122	0	0	0
0.00621318	0	0	0
0.00626873	0	0	0
0.00627977	0	0	0
0.00638735	0	0	0
0.00640555	0	0	0
0.00646222	0	0	0
0.00653157	0	0	0
0.00662256	0	0	0
0.00667134	0	0	0
0.00678142	0	0	0
0.00678365	0	0	0
0.00678958	0	0	0
0.00688407	0	0	0
0.00695408	0	0	0
0.0069627	0	0	0
0.00719513	0	0	0
0.00723192	0	0	0
0.00723699	0	0	0
0.00724385	0	0	0
0.00728836	0	0	0
0.00731463	0	0	0
0.00739591	0	0	0
0.00740307	0	0	0
0.0075694	0	0	0
0.00771815	0	0	0
0.0077773	0	0	0
0.00781037	0	0	0
0.00784839	0	0	0
0.00786228	0	0	0
0.00790624	0	0	0
0.00836308	0	0	0
0.00845647	0	0	0
0.00859537	0	0	0
0.00871239	0	0	0
0.00877561	0	0	0
0.00905019	0	0	0
0.00969869	0	0	0
0.0107657	0	0	0
0.0113454	0	0	0
0.0128267	0	0	0
0.0149943	0	0	0
0.021822	0	0	0
0.0218924	0	0.165017	0
0.0226408	0.0825083	0.0825083	0
0.0304766	0.165017	0	0
0.0751193	0.165017	0	0.518135
0.0833826	0.165017	0	0.518135
0.0856347	0.206271	0.0825083	0.518135
0.097814	0.288779	0	0.518135
0.106091	0.288779	0	0.518135
0.109401	0.330033	0.0825083	0.518135
0.121511	0.412541	0	0.518135
0.125792	0.412541	0.0825083	0.518135
0.140223	0.49505	0	0.518135
0.146133	0.49505	0	0.518135
0.146487	0.536304	0.0825083	0.518135
0.149969	0.618812	0	0.518135
0.150017	0.660066	0.0825083	0.518135
0.161432	0.742574	0	0.518135
0.17029	0.742574	0	1.03627
0.17193	0.783828	0.0825083	1.03627
0.172368	0.783828	0.247525	1.03627
0.172703	0.866337	0.165017	1.03627
0.173423	0.948845	0.0825083	1.03627
0.191528	1.03135	0	1.03627
0.192246	1.03135	0	1.03627
0.196599	1.03135	0.0825083	1.03627
0.200784	1.11386	0	1.03627
0.200846	1.15512	0.0825083	1.03627
0.200897	1.15512	0.247525	1.03627
0.201132	1.15512	0.247525	1.03627
0.201524	1.23762	0.165017	1.03627
0.202302	1.23762	0.165017	1.03627
0.202814	1.32013	0.0825083	1.03627
0.209994	1.40264	0	1.03627
0.214321	1.40264	0	1.03627
0.215173	1.44389	0.0825083	1.03627
0.215387	1.44389	0.165017	1.03627
0.215783	1.5264	0.0825083	1.03627
0.216374	1.5264	0.0825083	1.03627
0.216529	1.5264	0.0825083	1.03627
0.219275	1.56766	0.165017	1.03627
0.219619	1.65016	0.0825083	1.03627
0.225089	1.73267	0	1.03627
0.225533	1.73267	0.165017	1.03627
0.225949	1.81518	0.0825083	1.03627
0.23615	1.89769	0	1.03627
0.236219	1.89769	0.165017	1.03627
0.236425	1.9802	0.0825083	1.03627
0.271452	2.06271	0	1.03627
0.274562	2.10396	0.0825083	1.03627
0.27632	2.18647	0	1.03627
0.277018	2.18647	0.165017	1.03627
0.277885	2.26898	0.0825083	1.03627
0.27824	2.35149	0	1.03627
0.307848	2.35149	0	1.03627
0.30901	2.35149	0.0825083	1.03627
0.315673	2.43399	0	1.03627
0.320928	2.43399	0	1.03627
0.321757	2.43399	0.165017	1.03627
0.321814	2.5165	0.0825083	1.03627
0.32548	2.59901	0	1.03627
0.326483	2.59901	0.0825083	1.03627
0.331606	2.68152	0	1.03627
0.33365	2.72277	0.0825083	1.03627
0.352351	2.80528	0	1.03627
0.354221	2.84653	0.0825083	1.03627
0.374948	2.92904	0	1.03627
0.395542	2.92904	0	1.03627
0.395547	2.9703	0.0825083	1.03627
0.398604	3.05281	0	1.03627
0.399389	3.09406	0.0825083	1.03627
0.400761	3.17657	0	1.03627
0.410076	3.17657	0	1.03627
0.424061	3.17657	0	1.03627
0.425431	3.17657	0.0825083	1.03627
0.428219	3.25908	0	1.03627
0.443538	3.25908	0	1.5544
0.446153	3.30033	0.0825083	1.5544
0.475099	3.38284	0	1.5544
0.475279	3.38284	0.165017	1.5544
0.475435	3.42409	0.247525	1.5544
0.475478	3.5066	0.165017	1.5544
0.476095	3.58911	0.0825083	1.5544
0.499004	3.67162	0	1.5544
0.507315	3.67162	0	2.07254
0.507365	3.67162	0.0825083	2.07254
0.512187	3.75413	0	2.07254
0.517884	3.75413	0	2.59067
0.543436	3.75413	0	3.62694
0.545877	3.79538	0.0825083	3.62694
0.552893	3.87789	0	3.62694
0.553661	3.87789	0.165017	3.62694
0.553742	3.9604	0.0825083	3.62694
0.557467	4.0429	0	3.62694
0.559841	4.08416	0.0825083	3.62694
0.562029	4.16667	0	3.62694
0.583392	4.16667	0	3.62694
0.583966	4.16667	0.165017	3.62694
0.584112	4.24918	0.0825083	3.62694
0.585569	4.24918	0.247525	3.62694
0.585911	4.33168	0.165017	3.62694
0.585957	4.41419	0.0825083	3.62694
0.586219	4.41419	0.0825083	4.14508
0.595552	4.4967	0	4.14508
0.598345	4.53795	0.0825083	4.14508
0.599013	4.57921	0.165017	4.14508
0.599876	4.66172	0.0825083	4.14508
0.604625	4.74422	0	4.14508
0.605511	4.74422	0.165017	4.14508
0.605577	4.82673	0.0825083	4.14508
0.608521	4.90924	0	4.14508
0.609541	4.90924	0.165017	4.14508
0.612089	4.99175	0.0825083	4.14508
0.612586	5.07426	0	4.14508
0.630546	5.07426	0	4.66321
0.630637	5.07426	0.0825083	4.66321
0.631036	5.11551	0.165017	4.66321
0.632417	5.19802	0.0825083	4.66321
0.633168	5.23927	0.165017	4.66321
0.633588	5.32178	0.0825083	4.66321
0.634733	5.40429	0	4.66321
0.634881	5.44554	0.0825083	4.66321
0.654424	5.52805	0	4.66321
0.655616	5.52805	0.165017	4.66321
0.655791	5.61056	0.0825083	4.66321
0.657692	5.69307	0	4.66321
0.658826	5.73432	0.0825083	4.66321
0.663671	5.81683	0	4.66321
0.66862	5.81683	0	5.18135
0.669598	5.85809	0.0825083	5.18135
0.669971	5.85809	0.247525	5.18135
0.672038	5.94059	0.165017	5.18135
0.672177	6.0231	0.0825083	5.18135
0.6756	6.10561	0	5.18135
0.676442	6.10561	0.0825083	5.18135
0.679254	6.14686	0.165017	5.18135
0.681955	6.22937	0.0825083	5.18135
0.686185	6.31188	0	5.18135
0.686333	6.31188	0.165017	5.18135
0.686556	6.39439	0.0825083	5.18135
0.702088	6.4769	0	5.18135
0.706329	6.51815	0.0825083	5.18135
0.75483	6.60066	0	5.18135
0.757252	6.60066	0.0825083	5.18135
0.760168	6.68317	0	5.18135
0.761249	6.68317	0.165017	5.18135
0.761647	6.76568	0.0825083	5.18135
0.762091	6.84818	0	5.18135
0.763513	6.84818	0	5.69948
0.798839	6.84818	0	6.21762
0.808581	6.84818	0	6.73575
0.809269	6.88944	0.0825083	6.73575
0.81002	6.93069	0.165017	6.73575
0.810244	7.0132	0.0825083	6.73575
0.814553	7.09571	0	6.73575
0.81499	7.09571	0.165017	6.73575
0.815127	7.17822	0.0825083	6.73575
0.830343	7.26073	0	6.73575
0.847693	7.26073	0	7.25389
0.8488	7.30198	0.0825083	7.25389
0.849492	7.34323	0.165017	7.25389
0.85016	7.42574	0.0825083	7.25389
0.856145	7.50825	0	7.25389
0.856374	7.50825	0.165017	7.25389
0.860697	7.59076	0.0825083	7.25389
0.863151	7.67327	0	7.25389
0.86692	7.71452	0.0825083	7.25389
0.881559	7.79703	0	7.25389
0.881689	7.79703	0.0825083	7.25389
0.884361	7.79703	0.0825083	7.25389
0.889584	7.87954	0	7.25389
0.889987	7.92079	0.0825083	7.25389
0.906997	8.0033	0	7.25389
0.908919	8.0033	0.0825083	7.25389
0.953758	8.08581	0	7.25389
0.969984	8.12706	0.0825083	7.25389
0.970448	8.20957	0	7.25389
0.974346	8.20957	0	7.77202
1.01355	8.20957	0	7.77202
1.01411	8.20957	0.165017	7.77202
1.01549	8.29208	0.0825083	7.77202
1.01602	8.37459	0	7.77202
1.01715	8.41584	0.0825083	7.77202
1.02573	8.49835	0	7.77202
1.02651	8.49835	0.165017	7.77202
1.03099	8.58086	0.0825083	7.77202
1.03349	8.66337	0	7.77202
1.03393	8.66337	0.165017	7.77202
1.03647	8.74587	0.0825083	7.77202
1.05732	8.82838	0	7.77202
1.05988	8.82838	0.0825083	7.77202
1.07361	8.91089	0	7.77202
1.07527	8.91089	0.0825083	7.77202
1.07847	8.9934	0	7.77202
1.08195	8.9934	0.0825083	7.77202
1.09465	9.07591	0	7.77202
1.09831	9.07591	0	7.77202
1.09961	9.11716	0.0825083	7.77202
1.13027	9.19967	0	7.77202
1.13458	9.19967	0	7.77202
1.13485	9.19967	0.165017	7.77202
1.1358	9.28218	0.0825083	7.77202
1.13745	9.36469	0	7.77202
1.13774	9.40594	0.0825083	7.77202
1.13878	9.4472	0.165017	7.77202
1.13928	9.5297	0.0825083	7.77202
1.15725	9.61221	0	7.77202
1.16524	9.61221	0	8.29016
1.17587	9.61221	0	8.80829
1.18809	9.61221	0	9.32642
1.18834	9.61221	0.165017	9.32642
1.18898	9.69472	0.0825083	9.32642
1.19218	9.77723	0	9.32642
1.19285	9.81848	0.0825083	9.32642
1.19353	9.90099	0	9.32642
1.19412	9.94224	0.0825083	9.32642
1.22025	10.0248	0	9.32642
1.22038	10.066	0.0825083	9.32642
1.24059	10.1485	0	9.32642
1.24129	10.1485	0.165017	9.32642
1.24172	10.231	0.0825083	9.32642
1.24382	10.231	0.0825083	9.84456
1.27177	10.3135	0	9.84456
1.28196	10.3135	0	10.3627
1.28728	10.3135	0	11.399
1.28758	10.3548	0.0825083	11.399
1.29352	10.4373	0	11.399
1.30361	10.4373	0	11.9171
1.3037	10.4373	0.165017	11.9171
1.30381	10.5198	0.0825083	11.9171
1.30902	10.6023	0	11.9171
1.31045	10.6023	0.165017	11.9171
1.31118	10.6848	0.0825083	11.9171
1.31326	10.7673	0	11.9171
1.3396	10.7673	0	12.9534
1.3407	10.7673	0.165017	12.9534
1.34114	10.8498	0.0825083	12.9534
1.3413	10.9323	0	12.9534
1.34903	10.9323	0	13.4715
1.3712	10.9323	0	13.4715
1.37503	10.9323	0.165017	13.4715
1.37962	11.0149	0.0825083	13.4715
1.38773	11.0974	0	13.4715
1.38887	11.1386	0.0825083	13.4715
1.40286	11.2211	0	13.4715
1.40733	11.2624	0.0825083	13.4715
1.4075	11.3036	0.165017	13.4715
1.41231	11.3861	0.0825083	13.4715
1.41541	11.4686	0	13.4715
1.41749	11.5099	0.0825083	13.4715
1.44701	11.5924	0	13.4715
1.4511	11.5924	0	13.9896
1.45947	11.5924	0	13.9896
1.45968	11.5924	0.165017	13.9896
1.45968	11.6749	0.0825083	13.9896
1.46571	11.7574	0	13.9896
1.4667	11.7574	0	14.5078
1.4669	11.7987	0.0825083	14.5078
1.46898	11.8812	0	14.5078
1.48355	11.8812	0	14.5078
1.491	11.8812	0	14.5078
1.5215	11.8812	0	15.544
1.52772	11.8812	0	16.0622
1.52821	11.8812	0.165017	16.0622
1.52871	11.8812	0.165017	16.0622
1.53121	11.9637	0.0825083	16.0622
1.53305	12.0462	0	16.0622
1.53612	12.0875	0.0825083	16.0622
1.53876	12.17	0	16.0622
1.53926	12.17	0.0825083	16.0622
1.54088	12.2525	0	16.0622
1.55822	12.2525	0	16.5803
1.55892	12.2525	0.165017	16.5803
1.55947	12.335	0.0825083	16.5803
1.57831	12.4175	0	16.5803
1.57835	12.4587	0.0825083	16.5803
1.5818	12.5413	0	16.5803
1.58561	12.5413	0	17.0984
1.58563	12.5825	0.0825083	17.0984
1.59335	12.665	0	17.0984
1.60099	12.665	0	17.6166
1.60159	12.7063	0.0825083	17.6166
1.61254	12.7888	0	17.6166
1.61432	12.7888	0	17.6166
1.61483	12.83	0.0825083	17.6166
1.62779	12.9125	0	17.6166
1.62814	12.9125	0.0825083	17.6166
1.63025	12.995	0	17.6166
1.63206	13.0363	0.0825083	17.6166
1.63403	13.1188	0	17.6166
1.63586	13.1601	0.0825083	17.6166
1.65962	13.2426	0	17.6166
1.67347	13.2426	0	18.1347
1.67517	13.2426	0.0825083	18.1347
1.67765	13.3251	0	18.1347
1.68049	13.3663	0.0825083	18.1347
1.69827	13.4488	0	18.1347
1.69838	13.4901	0.0825083	18.1347
1.69937	13.4901	0.247525	18.1347
1.70034	13.5726	0.165017	18.1347
1.70084	13.6551	0.0825083	18.1347
1.70853	13.7376	0	18.1347
1.70856	13.7376	0.165017	18.1347
1.70921	13.7376	0.165017	18.1347
1.70937	13.8201	0.0825083	18.1347
1.71064	13.9026	0	18.1347
1.71459	13.9026	0.0825083	18.1347
1.71647	13.9851	0	18.1347
1.73491	13.9851	0	18.1347
1.73547	13.9851	0.165017	18.1347
1.73549	14.0677	0.0825083	18.1347
1.73679	14.1502	0	18.1347
1.73764	14.1502	0.165017	18.1347
1.738	14.2327	0.0825083	18.1347
1.73921	14.3152	0	18.1347
1.74304	14.3564	0.0825083	18.1347
1.74536	14.4389	0	18.1347
1.7458	14.4389	0.165017	18.1347
1.74681	14.5215	0.0825083	18.1347
1.74739	14.5627	0.165017	18.1347
1.74769	14.6452	0.0825083	18.1347
1.74839	14.7277	0	18.1347
1.74858	14.7277	0.165017	18.1347
1.74922	14.8102	0.0825083	18.1347
1.75007	14.8102	0.0825083	18.6528
1.82779	14.8927	0	18.6528
1.8279	14.934	0.0825083	18.6528
1.8746	15.0165	0	18.6528
1.87514	15.0578	0.0825083	18.6528
1.8937	15.1403	0	18.6528
1.89983	15.1403	0	18.6528
1.902	15.1403	0.165017	18.6528
1.90429	15.2228	0.0825083	18.6528
1.90453	15.264	0.165017	18.6528
1.90683	15.3465	0.0825083	18.6528
1.90891	15.429	0	18.6528
1.90898	15.4703	0.0825083	18.6528
1.91152	15.5528	0	18.6528
1.9119	15.5528	0.0825083	18.6528
1.94917	15.6353	0	18.6528
1.95301	15.6766	0.0825083	18.6528
1.96491	15.7591	0	18.6528
1.97351	15.7591	0	19.171
1.97603	15.8003	0.0825083	19.171
1.98775	15.8828	0	19.171
1.98974	15.8828	0.165017	19.171
1.9906	15.9653	0.0825083	19.171
2.00332	16.0479	0	19.171
2.02522	16.0479	0	19.6891
2.02577	16.0891	0.0825083	19.6891
2.02627	16.1716	0	19.6891
2.09488	16.1716	0	19.6891
2.09517	16.1716	0.165017	19.6891
2.09605	16.1716	0.330033	19.6891
2.09605	16.2541	0.247525	19.6891
2.09902	16.3366	0.165017	19.6891
2.09982	16.4191	0.0825083	19.6891
2.11171	16.5016	0	19.6891
2.11276	16.5016	0.165017	19.6891
2.11924	16.5842	0.0825083	19.6891
2.13657	16.6667	0	19.6891
2.13676	16.7079	0.0825083	19.6891
2.15938	16.7904	0	19.6891
2.16011	16.7904	0.0825083	19.6891
2.16012	16.8729	0	19.6891
2.16257	16.8729	0	20.2073
2.16481	16.9142	0.0825083	20.2073
2.16971	16.9967	0	20.2073
2.16998	17.038	0.0825083	20.2073
2.18026	17.1205	0	20.2073
2.18036	17.1205	0.165017	20.2073
2.18037	17.1205	0.247525	20.2073
2.18071	17.203	0.165017	20.2073
2.18202	17.2855	0.0825083	20.2073
2.18205	17.2855	0.0825083	20.7254
2.18373	17.368	0	20.7254
2.1846	17.368	0.165017	20.7254
2.18465	17.4505	0.0825083	20.7254
2.19148	17.533	0	20.7254
2.19194	17.5743	0.0825083	20.7254
2.20468	17.6568	0	20.7254
2.22263	17.6568	0	20.7254
2.23411	17.6568	0	21.7617
2.23682	17.698	0.0825083	21.7617
2.24469	17.7805	0	21.7617
2.24911	17.8218	0.0825083	21.7617
2.255	17.9043	0	21.7617
2.25522	17.9043	0.0825083	21.7617
2.28732	17.9868	0	21.7617
2.28736	18.0281	0.0825083	21.7617
2.30486	18.1106	0	21.7617
2.30603	18.1106	0.0825083	21.7617
2.31314	18.1931	0	21.7617
2.3139	18.2343	0.0825083	21.7617
2.31687	18.3168	0	21.7617
2.31935	18.3581	0.0825083	21.7617
2.33508	18.4406	0	21.7617
2.33551	18.4818	0.0825083	21.7617
2.37333	18.5644	0	21.7617
2.37815	18.6056	0.0825083	21.7617
2.44753	18.6881	0	21.7617
2.4532	18.7294	0.0825083	21.7617
2.46392	18.8119	0	21.7617
2.46548	18.8119	0.0825083	21.7617
2.4759	18.8944	0	21.7617
2.47811	18.9356	0.0825083	21.7617
2.50059	19.0182	0	21.7617
2.50704	19.0182	0	22.2798
2.51695	19.0182	0	22.7979
2.51741	19.0182	0.0825083	22.7979
2.55266	19.1007	0	22.7979
2.55289	19.1419	0.0825083	22.7979
2.55925	19.2244	0	22.7979
2.56072	19.2244	0.0825083	22.7979
2.58654	19.3069	0	22.7979
2.58725	19.3482	0.0825083	22.7979
2.58951	19.3482	0.0825083	23.3161
2.59099	19.4307	0	23.3161
2.59102	19.4307	0.165017	23.3161
2.59147	19.5132	0.0825083	23.3161
2.59269	19.5957	0	23.3161
2.59469	19.5957	0	23.8342
2.59578	19.5957	0.0825083	23.8342
2.64603	19.6782	0	23.8342
2.64911	19.7195	0.0825083	23.8342
2.67784	19.802	0	23.8342
2.67801	19.8432	0.0825083	23.8342
2.70522	19.9257	0	23.8342
2.70661	19.967	0.0825083	23.8342
2.70681	20.0495	0	23.8342
2.7576	20.0495	0	24.3523
2.7589	20.0495	0.165017	24.3523
2.75968	20.132	0.0825083	24.3523
2.76837	20.2145	0	24.3523
2.80086	20.2145	0	24.3523
2.80279	20.2558	0.0825083	24.3523
2.80321	20.2558	0.247525	24.3523
2.80392	20.3383	0.165017	24.3523
2.80466	20.4208	0.0825083	24.3523
2.848	20.5033	0	24.3523
2.86052	20.5033	0	24.8705
2.86198	20.5033	0.0825083	24.8705
2.87418	20.5858	0	24.8705
2.87454	20.6271	0.0825083	24.8705
2.88696	20.7096	0	24.8705
2.90545	20.7096	0	25.3886
2.90674	20.7508	0.0825083	25.3886
2.9124	20.8333	0	25.3886
2.91328	20.8333	0.165017	25.3886
2.91347	20.8746	0.247525	25.3886
2.9135	20.9571	0.165017	25.3886
2.91393	21.0396	0.0825083	25.3886
2.94362	21.1221	0	25.3886
2.94548	21.1221	0.0825083	25.3886
2.94815	21.2046	0	25.3886
2.95	21.2459	0.0825083	25.3886
2.95139	21.3284	0	25.3886
2.95955	21.3284	0.0825083	25.3886
2.97954	21.4109	0	25.3886
2.9808	21.4109	0.165017	25.3886
2.9815	21.4934	0.0825083	25.3886
2.98452	21.4934	0.0825083	25.9067
2.98663	21.5759	0	25.9067
2.98732	21.6172	0.0825083	25.9067
2.99082	21.6997	0	25.9067
2.991	21.6997	0.165017	25.9067
2.99863	21.7822	0.0825083	25.9067
3.00057	21.7822	0.0825083	26.4249
3.00137	21.8647	0	26.4249
3.00256	21.8647	0.0825083	26.4249
3.00868	21.9472	0	26.4249
3.012	21.9884	0.0825083	26.4249
3.02011	22.071	0	26.4249
3.02345	22.1122	0.0825083	26.4249
3.02624	22.1947	0	26.4249
3.02991	22.236	0.0825083	26.4249
3.03975	22.3185	0	26.4249
3.04092	22.3597	0.0825083	26.4249
3.05083	22.4422	0	26.4249
3.05121	22.4835	0.0825083	26.4249
3.05173	22.4835	0.0825083	26.943
3.08159	22.566	0	26.943
3.08334	22.6073	0.0825083	26.943
3.09946	22.6898	0	26.943
3.10081	22.6898	0.165017	26.943
3.10446	22.7723	0.0825083	26.943
3.18628	22.8548	0	26.943
3.18689	22.896	0.0825083	26.943
3.22029	22.9785	0	26.943
3.24288	22.9785	0	27.4611
3.24678	23.0198	0.0825083	27.4611
3.25387	23.1023	0	27.4611
3.25417	23.1023	0	27.9793
3.25483	23.1436	0.0825083	27.9793
3.25668	23.2261	0	27.9793
3.25677	23.2261	0.0825083	27.9793
3.26645	23.3086	0	27.9793
3.2746	23.3086	0	28.4974
3.27601	23.3498	0.0825083	28.4974
3.27606	23.4323	0	28.4974
3.27614	23.4736	0.0825083	28.4974
3.27628	23.4736	0.247525	28.4974
3.27872	23.5561	0.165017	28.4974
3.28089	23.6386	0.0825083	28.4974
3.28732	23.7211	0	28.4974
3.28839	23.7211	0.165017	28.4974
3.28855	23.8036	0.0825083	28.4974
3.31879	23.8861	0	28.4974
3.32294	23.9274	0.0825083	28.4974
3.34553	24.0099	0	28.4974
3.37695	24.0099	0	28.4974
3.37804	24.0512	0.0825083	28.4974
3.39883	24.1337	0	28.4974
3.40094	24.1337	0	29.0155
3.4017	24.1749	0.0825083	29.0155
3.41648	24.2574	0	29.0155
3.4241	24.2574	0	29.5337
3.42517	24.2574	0.0825083	29.5337
3.42598	24.2574	0.247525	29.5337
3.4264	24.3399	0.165017	29.5337
3.42669	24.4224	0.0825083	29.5337
3.42698	24.4224	0.0825083	29.5337
3.42789	24.5049	0	29.5337
3.43891	24.5049	0	29.5337
3.43916	24.5462	0.0825083	29.5337
3.43982	24.6287	0	29.5337
3.45095	24.6287	0	30.0518
3.45376	24.67	0.0825083	30.0518
3.46747	24.7525	0	30.0518
3.46761	24.7937	0.0825083	30.0518
3.48175	24.8762	0	30.0518
3.48243	24.9175	0.0825083	30.0518
3.48495	25	0	30.0518
3.49393	25.0413	0.0825083	30.0518
3.57969	25.1238	0	30.0518
3.5817	25.165	0.0825083	30.0518
3.59617	25.2475	0	30.0518
3.59659	25.2888	0.0825083	30.0518
3.60009	25.3713	0	30.0518
3.60068	25.3713	0.165017	30.0518
3.60356	25.4538	0.0825083	30.0518
3.63383	25.5363	0	30.0518
3.63385	25.5363	0.0825083	30.0518
3.65418	25.6188	0	30.0518
3.65897	25.6188	0.0825083	30.0518
3.65928	25.7013	0	30.0518
3.66141	25.7426	0.0825083	30.0518
3.66745	25.8251	0	30.0518
3.66931	25.8663	0.0825083	30.0518
3.68522	25.9488	0	30.0518
3.68558	25.9901	0.0825083	30.0518
3.68653	26.0314	0.165017	30.0518
3.68659	26.1139	0.0825083	30.0518
3.72906	26.1964	0	30.0518
3.73045	26.1964	0	30.5699
3.74509	26.1964	0	31.6062
3.74696	26.2376	0.0825083	31.6062
3.76635	26.3201	0	31.6062
3.76701	26.3201	0	32.1244
3.76773	26.3614	0.0825083	32.1244
3.76917	26.3614	0.165017	32.1244
3.76927	26.3614	0.165017	32.6425
3.77042	26.4439	0.0825083	32.6425
3.78239	26.5264	0	32.6425
3.78312	26.5264	0.165017	32.6425
3.78409	26.6089	0.0825083	32.6425
3.78463	26.6914	0	32.6425
3.78466	26.6914	0.165017	32.6425
3.78548	26.7739	0.0825083	32.6425
3.80319	26.8564	0	32.6425
3.80536	26.8977	0.0825083	32.6425
3.80767	26.9389	0.165017	32.6425
3.80923	27.0215	0.0825083	32.6425
3.80928	27.0215	0.247525	32.6425
3.80932	27.104	0.165017	32.6425
3.81036	27.1865	0.0825083	32.6425
3.81398	27.269	0	32.6425
3.8194	27.3102	0.0825083	32.6425
3.83499	27.3927	0	32.6425
3.83569	27.3927	0.165017	32.6425
3.83892	27.4752	0.0825083	32.6425
3.8404	27.5165	0.165017	32.6425
3.84248	27.599	0.0825083	32.6425
3.85287	27.6815	0	32.6425
3.86166	27.6815	0	33.1606
3.86173	27.6815	0.165017	33.1606
3.86568	27.764	0.0825083	33.1606
3.87275	27.8465	0	33.1606
3.87383	27.8465	0.165017	33.1606
3.87404	27.929	0.0825083	33.1606
3.88737	28.0116	0	33.1606
3.88855	28.0528	0.0825083	33.1606
3.89121	28.1353	0	33.1606
3.89247	28.1353	0.0825083	33.1606
3.91627	28.2178	0	33.1606
3.92829	28.2178	0	33.1606
3.93361	28.2178	0	33.6788
3.94216	28.2178	0	34.1969
3.97155	28.2178	0	35.2332
3.97218	28.2178	0.165017	35.2332
3.97332	28.3003	0.0825083	35.2332
3.98907	28.3828	0	35.2332
3.99084	28.4241	0.0825083	35.2332
3.99511	28.5066	0	35.2332
3.99545	28.5479	0.0825083	35.2332
3.99905	28.6304	0	35.2332
3.99943	28.6304	0.0825083	35.2332
4.01271	28.7129	0	35.2332
4.0152	28.7541	0.0825083	35.2332
4.02018	28.8366	0	35.2332
4.02208	28.8779	0.0825083	35.2332
4.02316	28.8779	0.165017	35.2332
4.02339	28.9191	0.247525	35.2332
4.02368	29.0016	0.165017	35.2332
4.03207	29.0842	0.0825083	35.2332
4.03603	29.1667	0	35.2332
4.03933	29.2079	0.0825083	35.2332
4.09198	29.2904	0	35.2332
4.09344	29.2904	0.165017	35.2332
4.0935	29.3729	0.0825083	35.2332
4.13694	29.4554	0	35.2332
4.14447	29.4967	0.0825083	35.2332
4.16821	29.5792	0	35.2332
4.16833	29.6205	0.0825083	35.2332
4.17547	29.703	0	35.2332
4.17594	29.7442	0.0825083	35.2332
4.20058	29.8267	0	35.2332
4.22306	29.8267	0	36.2694
4.23149	29.8267	0	37.3057
4.23176	29.8267	0.0825083	37.3057
4.26988	29.9092	0	37.3057
4.27073	29.9505	0.0825083	37.3057
4.30228	30.033	0	37.3057
4.30246	30.033	0	37.8238
4.30406	30.033	0	38.8601
4.30663	30.033	0.165017	38.8601
4.30751	30.033	0.330033	38.8601
4.30792	30.1155	0.247525	38.8601
4.30792	30.1155	0.412541	38.8601
4.30841	30.198	0.330033	38.8601
4.30969	30.2805	0.247525	38.8601
4.31014	30.363	0.165017	38.8601
4.31791	30.4455	0.0825083	38.8601
4.34419	30.5281	0	38.8601
4.35312	30.5693	0.0825083	38.8601
4.36547	30.6518	0	38.8601
4.36556	30.6518	0.165017	38.8601
4.36636	30.7343	0.0825083	38.8601
4.43207	30.8168	0	38.8601
4.43838	30.8168	0.0825083	38.8601
4.47765	30.8993	0	38.8601
4.47913	30.8993	0.0825083	38.8601
4.51097	30.9818	0	38.8601
4.51935	30.9818	0	39.8964
4.53956	30.9818	0	40.4145
4.54082	31.0231	0.0825083	40.4145
4.54459	31.1056	0	40.4145
4.54696	31.1469	0.0825083	40.4145
4.5882	31.2294	0	40.4145
4.58905	31.2706	0.0825083	40.4145
4.61798	31.3531	0	40.4145
4.62136	31.3944	0.0825083	40.4145
4.63896	31.4769	0	40.4145
4.63999	31.5182	0.0825083	40.4145
4.64123	31.5594	0.165017	40.4145
4.64809	31.6419	0.0825083	40.4145
4.65436	31.7244	0	40.4145
4.6558	31.7657	0.0825083	40.4145
4.6792	31.8482	0	40.4145
4.6808	31.8894	0.0825083	40.4145
4.68281	31.9719	0	40.4145
4.68303	31.9719	0.0825083	40.4145
4.70676	32.0545	0	40.4145
4.71065	32.0957	0.0825083	40.4145
4.71172	32.1782	0	40.4145
4.72057	32.1782	0.0825083	40.4145
4.74244	32.2607	0	40.4145
4.74324	32.2607	0.165017	40.4145
4.7433	32.3432	0.0825083	40.4145
4.74445	32.4257	0	40.4145
4.74546	32.467	0.0825083	40.4145
4.77784	32.5495	0	40.4145
4.78469	32.5908	0.0825083	40.4145
4.79213	32.6733	0	40.4145
4.79383	32.6733	0.0825083	40.4145
4.87628	32.7558	0	40.4145
4.87989	32.7558	0.165017	40.4145
4.88063	32.8383	0.0825083	40.4145
4.88605	32.8383	0.0825083	40.9326
4.89342	32.9208	0	40.9326
4.89613	32.962	0.0825083	40.9326
4.90761	33.0446	0	40.9326
4.91043	33.0446	0.165017	40.9326
4.91072	33.1271	0.0825083	40.9326
4.91653	33.2096	0	40.9326
4.91758	33.2096	0.0825083	40.9326
4.94082	33.2921	0	40.9326
4.94148	33.3333	0.0825083	40.9326
4.94977	33.4158	0	40.9326
4.95221	33.4571	0.0825083	40.9326
4.95702	33.5396	0	40.9326
4.95753	33.5396	0.0825083	40.9326
4.99396	33.6221	0	40.9326
4.99807	33.6634	0.0825083	40.9326
5.0016	33.7459	0	40.9326
5.00183	33.7871	0.0825083	40.9326
5.00324	33.8696	0	40.9326
5.00495	33.8696	0	41.4508
5.00666	33.8696	0	41.9689
5.00935	33.8696	0.165017	41.9689
5.00964	33.9521	0.0825083	41.9689
5.01089	34.0347	0	41.9689
5.01121	34.0347	0.0825083	41.9689
5.02376	34.1172	0	41.9689
5.04099	34.1172	0	42.487
5.06953	34.1172	0	43.0052
5.10282	34.1172	0	44.0415
5.10293	34.1172	0.165017	44.0415
5.10612	34.1997	0.0825083	44.0415
5.11287	34.2822	0	44.0415
5.11361	34.3234	0.0825083	44.0415
5.12006	34.4059	0	44.0415
5.12007	34.4059	0.165017	44.0415
5.12058	34.4472	0.247525	44.0415
5.12071	34.5297	0.165017	44.0415
5.12085	34.5297	0.330033	44.0415
5.12136	34.6122	0.247525	44.0415
5.12212	34.6947	0.165017	44.0415
5.12307	34.7772	0.0825083	44.0415
5.14983	34.8597	0	44.0415
5.15271	34.901	0.0825083	44.0415
5.15901	34.9835	0	44.0415
5.26079	34.9835	0	44.5596
5.2751	34.9835	0	45.5959
5.27756	35.0248	0.0825083	45.5959
5.27817	35.1073	0	45.5959
5.27818	35.1485	0.0825083	45.5959
5.30158	35.231	0	45.5959
5.30197	35.2723	0.0825083	45.5959
5.31699	35.3548	0	45.5959
5.31745	35.3548	0.165017	45.5959
5.31758	35.4373	0.0825083	45.5959
5.32079	35.5198	0	45.5959
5.32139	35.5198	0.165017	45.5959
5.32275	35.6023	0.0825083	45.5959
5.35072	35.6848	0	45.5959
5.35076	35.6848	0.165017	45.5959
5.35294	35.7673	0.0825083	45.5959
5.40302	35.8498	0	45.5959
5.40391	35.8911	0.0825083	45.5959
5.4306	35.9736	0	45.5959
5.43121	36.0149	0.0825083	45.5959
5.43845	36.0974	0	45.5959
5.44034	36.1386	0.0825083	45.5959
5.4701	36.2211	0	45.5959
5.47063	36.2624	0.0825083	45.5959
5.49021	36.3449	0	45.5959
5.5473	36.3449	0	46.114
5.54739	36.3449	0.165017	46.114
5.54843	36.4274	0.0825083	46.114
5.59185	36.5099	0	46.114
5.59198	36.5512	0.0825083	46.114
5.61996	36.6337	0	46.114
5.62256	36.6337	0.0825083	46.114
5.65102	36.7162	0	46.114
5.65105	36.7162	0.165017	46.114
5.65203	36.7987	0.0825083	46.114
5.70185	36.8812	0	46.114
5.70208	36.8812	0.165017	46.114
5.703	36.9224	0.247525	46.114
5.70367	37.005	0.165017	46.114
5.70473	37.0875	0.0825083	46.114
5.75984	37.17	0	46.114
5.78307	37.17	0	46.6321
5.78766	37.2112	0.0825083	46.6321
5.79232	37.2937	0	46.6321
5.79251	37.2937	0.165017	46.6321
5.79509	37.3762	0.0825083	46.6321
5.83435	37.4587	0	46.6321
5.83506	37.5	0.0825083	46.6321
5.84376	37.5825	0	46.6321
5.8445	37.6238	0.0825083	46.6321
5.84527	37.7063	0	46.6321
5.85364	37.7475	0.0825083	46.6321
5.85545	37.7475	0.0825083	47.1503
5.89006	37.83	0	47.1503
5.89563	37.83	0	48.1865
5.89695	37.8713	0.0825083	48.1865
5.92053	37.9538	0	48.1865
5.92073	37.9538	0.165017	48.1865
5.92259	38.0363	0.0825083	48.1865
5.92456	38.1188	0	48.1865
5.92912	38.1188	0.165017	48.1865
5.93154	38.2013	0.0825083	48.1865
5.93177	38.2013	0.0825083	48.7047
5.93222	38.2838	0	48.7047
5.93854	38.3251	0.0825083	48.7047
5.96432	38.4076	0	48.7047
5.96606	38.4488	0.0825083	48.7047
5.97694	38.5314	0	48.7047
5.98103	38.5726	0.0825083	48.7047
6.018	38.6551	0	48.7047
6.02014	38.6964	0.0825083	48.7047
6.02229	38.7789	0	48.7047
6.03497	38.7789	0	49.7409
6.03898	38.8201	0.0825083	49.7409
6.03977	38.9026	0	49.7409
6.04032	38.9439	0.0825083	49.7409
6.05861	39.0264	0	49.7409
6.05872	39.0264	0	50.2591
6.06903	39.0264	0	50.7772
6.06919	39.0264	0.165017	50.7772
6.07069	39.1089	0.0825083	50.7772
6.08754	39.1914	0	50.7772
6.08757	39.2327	0.0825083	50.7772
6.09636	39.3152	0	50.7772
6.09657	39.3564	0.0825083	50.7772
6.15702	39.4389	0	50.7772
6.15832	39.4389	0.0825083	50.7772
6.16009	39.4389	0.0825083	51.8135
6.16026	39.5215	0	51.8135
6.16194	39.5627	0.0825083	51.8135
6.23491	39.6452	0	51.8135
6.2483	39.6452	0	52.3316
6.24874	39.6865	0.0825083	52.3316
6.24951	39.7277	0.165017	52.3316
6.24986	39.8102	0.0825083	52.3316
6.25903	39.8927	0	52.3316
6.26631	39.934	0.0825083	52.3316
6.28483	40.0165	0	52.3316
6.28746	40.0578	0.0825083	52.3316
6.28829	40.099	0.165017	52.3316
6.29169	40.1815	0.0825083	52.3316
6.31432	40.264	0	52.3316
6.31505	40.264	0.165017	52.3316
6.31561	40.264	0.165017	53.3679
6.31566	40.3465	0.0825083	53.3679
6.36076	40.429	0	53.3679
6.36096	40.4703	0.0825083	53.3679
6.38307	40.5528	0	53.3679
6.38371	40.5528	0.165017	53.3679
6.38453	40.6353	0.0825083	53.3679
6.4209	40.7178	0	53.3679
6.42131	40.7178	0.165017	53.3679
6.42215	40.8003	0.0825083	53.3679
6.42399	40.8828	0	53.3679
6.42495	40.8828	0	53.3679
6.42709	40.9241	0.0825083	53.3679
6.45035	41.0066	0	53.3679
6.45541	41.0479	0.0825083	53.3679
6.47255	41.1304	0	53.3679
6.47803	41.1716	0.0825083	53.3679
6.4823	41.2541	0	53.3679
6.50547	41.2541	0	53.886
6.50681	41.2954	0.0825083	53.886
6.54732	41.3779	0	53.886
6.54856	41.3779	0.0825083	53.886
6.5942	41.4604	0	53.886
6.59926	41.4604	0	54.4041
6.61292	41.4604	0	55.4404
6.61341	41.5017	0.0825083	55.4404
6.68882	41.5842	0	55.4404
6.68954	41.6254	0.0825083	55.4404
6.69558	41.7079	0	55.4404
6.69565	41.7492	0.0825083	55.4404
6.71381	41.8317	0	55.4404
6.71397	41.8729	0.0825083	55.4404
6.71833	41.9554	0	55.4404
6.72126	41.9554	0.0825083	55.4404
6.74102	42.038	0	55.4404
6.74382	42.0792	0.0825083	55.4404
6.74737	42.1617	0	55.4404
6.74938	42.1617	0.165017	55.4404
6.75149	42.2442	0.0825083	55.4404
6.75345	42.3267	0	55.4404
6.7558	42.3267	0.165017	55.4404
6.75895	42.4092	0.0825083	55.4404
6.77106	42.4917	0	55.4404
6.77151	42.533	0.0825083	55.4404
6.79574	42.6155	0	55.4404
6.79584	42.6155	0.165017	55.4404
6.79667	42.698	0.0825083	55.4404
6.82738	42.7805	0	55.4404
6.82856	42.8218	0.0825083	55.4404
6.86964	42.9043	0	55.4404
6.87047	42.9043	0.165017	55.4404
6.87432	42.9868	0.0825083	55.4404
6.92255	43.0693	0	55.4404
6.9244	43.1106	0.0825083	55.4404
6.94781	43.1931	0	55.4404
6.94913	43.1931	0.165017	55.4404
6.94946	43.2756	0.0825083	55.4404
6.94993	43.3581	0	55.4404
6.95108	43.3581	0.165017	55.4404
6.95565	43.4406	0.0825083	55.4404
6.95596	43.4406	0.165017	55.4404
6.95846	43.5231	0.0825083	55.4404
6.98881	43.6056	0	55.4404
6.99065	43.6469	0.0825083	55.4404
7.01342	43.7294	0	55.4404
7.01425	43.7294	0.165017	55.4404
7.02102	43.8119	0.0825083	55.4404
7.02192	43.8119	0.165017	55.4404
7.02479	43.8944	0.0825083	55.4404
7.08492	43.9769	0	55.4404
7.08535	44.0182	0.0825083	55.4404
7.08609	44.0594	0.165017	55.4404
7.08623	44.1419	0.0825083	55.4404
7.1064	44.2244	0	55.4404
7.12023	44.2244	0	55.9585
7.12426	44.2657	0.0825083	55.9585
7.1766	44.3482	0	55.9585
7.17754	44.3482	0.165017	55.9585
7.1776	44.4307	0.0825083	55.9585
7.18375	44.5132	0	55.9585
7.18387	44.5545	0.0825083	55.9585
7.20066	44.637	0	55.9585
7.20073	44.6782	0.0825083	55.9585
7.25498	44.7607	0	55.9585
7.25635	44.802	0.0825083	55.9585
7.27558	44.8845	0	55.9585
7.27595	44.9257	0.0825083	55.9585
7.29625	45.0083	0	55.9585
7.29911	45.0495	0.0825083	55.9585
7.29915	45.0908	0.165017	55.9585
7.30758	45.1733	0.0825083	55.9585
7.31205	45.2558	0	55.9585
7.31404	45.297	0.0825083	55.9585
7.32835	45.3795	0	55.9585
7.32871	45.4208	0.0825083	55.9585
7.34151	45.5033	0	55.9585
7.34256	45.5446	0.0825083	55.9585
7.34349	45.6271	0	55.9585
7.34355	45.6683	0.0825083	55.9585
7.36083	45.7508	0	55.9585
7.36099	45.7921	0.0825083	55.9585
7.38011	45.8746	0	55.9585
7.38232	45.9158	0.0825083	55.9585
7.39262	45.9983	0	55.9585
7.39524	46.0396	0.0825083	55.9585
7.42335	46.1221	0	55.9585
7.42396	46.1634	0.0825083	55.9585
7.47537	46.2459	0	55.9585
7.48804	46.2459	0	56.9948
7.4931	46.2459	0	57.513
7.49371	46.2459	0.0825083	57.513
7.5752	46.3284	0	57.513
7.57573	46.3284	0.165017	57.513
7.5763	46.4109	0.0825083	57.513
7.59667	46.4934	0	57.513
7.59884	46.5347	0.0825083	57.513
7.61959	46.6172	0	57.513
7.62021	46.6172	0.0825083	57.513
7.64725	46.6997	0	57.513
7.64862	46.6997	0.0825083	57.513
7.66305	46.7822	0	57.513
7.66562	46.8234	0.0825083	57.513
7.66576	46.9059	0	57.513
7.6767	46.9059	0	58.5492
7.677	46.9059	0.165017	58.5492
7.67848	46.9884	0.0825083	58.5492
7.68994	47.071	0	58.5492
7.69003	47.071	0.165017	58.5492
7.69365	47.1535	0.0825083	58.5492
7.72268	47.236	0	58.5492
7.72461	47.2772	0.0825083	58.5492
7.72934	47.3597	0	58.5492
7.73586	47.401	0.0825083	58.5492
7.77242	47.4835	0	58.5492
7.77327	47.5248	0.0825083	58.5492
7.79661	47.6073	0	58.5492
7.79754	47.6485	0.0825083	58.5492
7.83824	47.731	0	58.5492
7.84061	47.731	0.165017	58.5492
7.84107	47.731	0.247525	58.5492
7.84262	47.8135	0.165017	58.5492
7.8437	47.896	0.0825083	58.5492
7.84741	47.9785	0	58.5492
7.86751	47.9785	0	59.5855
7.93952	47.9785	0	60.1036
7.93959	48.0198	0.0825083	60.1036
7.98205	48.1023	0	60.1036
7.98252	48.1436	0.0825083	60.1036
7.98465	48.2261	0	60.1036
8.00696	48.2261	0	61.1399
8.00829	48.2261	0.0825083	61.1399
8.07417	48.3086	0	61.1399
8.07704	48.3086	0.165017	61.1399
8.07798	48.3911	0.0825083	61.1399
8.08616	48.4736	0	61.1399
8.08749	48.4736	0.165017	61.1399
8.08838	48.5561	0.0825083	61.1399
8.11647	48.6386	0	61.1399
8.11972	48.6799	0.0825083	61.1399
8.17008	48.7624	0	61.1399
8.17873	48.8036	0.0825083	61.1399
8.17998	48.8449	0.165017	61.1399
8.18031	48.9274	0.0825083	61.1399
8.18481	48.9274	0.165017	61.1399
8.18567	48.9274	0.165017	61.658
8.18861	49.0099	0.0825083	61.658
8.20713	49.0924	0	61.658
8.2077	49.0924	0.0825083	61.658
8.2182	49.1749	0	61.658
8.22471	49.2162	0.0825083	61.658
8.25353	49.2987	0	61.658
8.26083	49.2987	0	62.6943
8.2611	49.3399	0.0825083	62.6943
8.28283	49.4224	0	62.6943
8.28306	49.4637	0.0825083	62.6943
8.33597	49.5462	0	62.6943
8.3361	49.5462	0.165017	62.6943
8.33921	49.6287	0.0825083	62.6943
8.35151	49.7112	0	62.6943
8.35308	49.7112	0.165017	62.6943
8.35398	49.7937	0.0825083	62.6943
8.37519	49.8762	0	62.6943
8.38307	49.8762	0	63.2124
8.38964	49.9175	0.0825083	63.2124
8.40603	50	0	63.2124
8.40964	50	0.0825083	63.2124
8.45306	50.0825	0	63.2124
8.45524	50.1238	0.0825083	63.2124
8.45527	50.165	0.165017	63.2124
8.46025	50.2475	0.0825083	63.2124
8.46639	50.33	0	63.2124
8.48842	50.33	0	64.2487
8.49007	50.3713	0.0825083	64.2487
8.504	50.4538	0	64.2487
8.50496	50.4538	0.165017	64.2487
8.51025	50.5363	0.0825083	64.2487
8.54754	50.6188	0	64.2487
8.59945	50.6188	0	64.7668
8.60205	50.6188	0.165017	64.7668
8.60442	50.7013	0.0825083	64.7668
8.6068	50.7013	0.247525	64.7668
8.60819	50.7838	0.165017	64.7668
8.61052	50.8663	0.0825083	64.7668
8.62031	50.9488	0	64.7668
8.62218	50.9901	0.0825083	64.7668
8.66857	51.0726	0	64.7668
8.67013	51.0726	0.165017	64.7668
8.67089	51.1551	0.0825083	64.7668
8.7379	51.2376	0	64.7668
8.7392	51.2789	0.0825083	64.7668
8.76031	51.3614	0	64.7668
8.76079	51.4026	0.0825083	64.7668
8.76217	51.4851	0	64.7668
8.76483	51.5264	0.0825083	64.7668
8.78168	51.6089	0	64.7668
8.78367	51.6089	0.0825083	64.7668
8.78503	51.6914	0	64.7668
8.7904	51.6914	0	65.8031
8.79589	51.7327	0.0825083	65.8031
8.81605	51.8152	0	65.8031
8.8203	51.8152	0.165017	65.8031
8.82307	51.8977	0.0825083	65.8031
8.83523	51.9802	0	65.8031
8.83582	52.0215	0.0825083	65.8031
8.87479	52.104	0	65.8031
8.87579	52.1452	0.0825083	65.8031
8.94999	52.2277	0	65.8031
8.95012	52.2277	0.165017	65.8031
8.95043	52.3102	0.0825083	65.8031
8.95226	52.3515	0.165017	65.8031
8.95234	52.434	0.0825083	65.8031
8.96124	52.5165	0	65.8031
8.96197	52.5165	0.165017	65.8031
8.96262	52.599	0.0825083	65.8031
8.96953	52.6815	0	65.8031
8.97259	52.7228	0.0825083	65.8031
8.97531	52.8053	0	65.8031
9.01618	52.8053	0.0825083	65.8031
9.01642	52.8053	0.247525	65.8031
9.01649	52.8878	0.165017	65.8031
9.04499	52.9703	0.0825083	65.8031
9.04644	52.9703	0.165017	65.8031
9.08046	53.0528	0.0825083	65.8031
9.08274	53.0941	0.165017	65.8031
9.09636	53.1766	0.0825083	65.8031
9.09685	53.2178	0.165017	65.8031
9.10182	53.3003	0.0825083	65.8031
9.10357	53.3416	0.165017	65.8031
9.1426	53.4241	0.0825083	65.8031
9.145	53.4241	0.247525	65.8031
9.15291	53.5066	0.165017	65.8031
9.15767	53.5891	0.0825083	65.8031
9.15932	53.5891	0.165017	65.8031
9.18869	53.6716	0.0825083	65.8031
9.19914	53.7129	0.165017	65.8031
9.2373	53.7954	0.0825083	65.8031
9.23794	53.8366	0.165017	65.8031
9.27914	53.9191	0.0825083	65.8031
9.28057	53.9604	0.165017	65.8031
9.28198	54.0429	0.0825083	65.8031
9.28273	54.0842	0.165017	65.8031
9.30943	54.1667	0.0825083	65.8031
9.31107	54.1667	0.247525	65.8031
9.31158	54.2492	0.165017	65.8031
9.3407	54.3317	0.0825083	65.8031
9.34407	54.3729	0.165017	65.8031
9.35962	54.4554	0.0825083	65.8031
9.36248	54.4967	0.165017	65.8031
9.36323	54.5792	0.0825083	65.8031
9.36417	54.6205	0.165017	65.8031
9.41975	54.703	0.0825083	65.8031
9.42116	54.7442	0.165017	65.8031
9.4742	54.8267	0.0825083	65.8031
9.47482	54.868	0.165017	65.8031
9.47538	54.868	0.330033	65.8031
9.47616	54.9505	0.247525	65.8031
9.48046	55.033	0.165017	65.8031
9.48601	55.1155	0.0825083	65.8031
9.48639	55.1568	0.165017	65.8031
9.50795	55.2393	0.0825083	65.8031
9.51003	55.2805	0.165017	65.8031
9.5158	55.363	0.0825083	65.8031
9.51731	55.4043	0.165017	65.8031
9.53325	55.4868	0.0825083	65.8031
9.53386	55.5281	0.165017	65.8031
9.55429	55.6106	0.0825083	65.8031
9.55462	55.6518	0.165017	65.8031
9.59747	55.7343	0.0825083	65.8031
9.64598	55.7343	0.0825083	66.3212
9.64842	55.7756	0.165017	66.3212
9.65111	55.8581	0.0825083	66.3212
9.65324	55.8581	0.165017	66.3212
9.67176	55.9406	0.0825083	66.3212
9.67194	55.9406	0.247525	66.3212
9.673	56.0231	0.165017	66.3212
9.72515	56.1056	0.0825083	66.3212
9.72805	56.1469	0.165017	66.3212
9.73869	56.2294	0.0825083	66.3212
9.73976	56.2706	0.165017	66.3212
9.82337	56.3531	0.0825083	66.3212
9.82512	56.3944	0.165017	66.3212
9.87125	56.4769	0.0825083	66.3212
9.8733	56.5182	0.165017	66.3212
9.89154	56.6007	0.0825083	66.3212
9.93637	56.6007	0.0825083	67.3575
9.93662	56.6007	0.165017	67.3575
9.93887	56.6832	0.0825083	67.3575
9.93974	56.6832	0.247525	67.3575
9.93996	56.6832	0.330033	67.3575
9.94066	56.7657	0.247525	67.3575
9.94093	56.8482	0.165017	67.3575
9.96905	56.9307	0.0825083	67.3575
9.9705	56.9719	0.165017	67.3575
9.99143	57.0545	0.0825083	67.3575
9.99403	57.0957	0.165017	67.3575
10.0046	57.1782	0.0825083	67.3575
10.0085	57.2195	0.165017	67.3575
10.0579	57.302	0.0825083	67.3575
10.0591	57.3432	0.165017	67.3575
10.1573	57.4257	0.0825083	67.3575
10.1599	57.467	0.165017	67.3575
10.1617	57.5495	0.0825083	67.3575
10.164	57.5908	0.165017	67.3575
10.1726	57.6733	0.0825083	67.3575
10.1757	57.7145	0.165017	67.3575
10.1872	57.797	0.0825083	67.3575
10.1892	57.8383	0.165017	67.3575
10.2446	57.9208	0.0825083	67.3575
10.248	57.9208	0.0825083	68.3938
10.2491	57.962	0.165017	68.3938
10.2727	58.0446	0.0825083	68.3938
10.2729	58.0858	0.165017	68.3938
10.2853	58.1683	0.0825083	68.3938
10.2868	58.1683	0.247525	68.3938
10.2877	58.2508	0.165017	68.3938
10.3459	58.3333	0.0825083	68.3938
10.3475	58.3746	0.165017	68.3938
10.362	58.4571	0.0825083	68.3938
10.3623	58.4571	0.0825083	68.9119
10.3757	58.4571	0.0825083	69.4301
10.3767	58.4983	0.165017	69.4301
10.501	58.5809	0.0825083	69.4301
10.5014	58.6221	0.165017	69.4301
10.5136	58.7046	0.0825083	69.4301
10.5141	58.7459	0.165017	69.4301
10.5255	58.8284	0.0825083	69.4301
10.6453	58.8284	0.0825083	70.4663
10.6467	58.8696	0.165017	70.4663
10.6787	58.9521	0.0825083	70.4663
10.6799	58.9934	0.165017	70.4663
10.68	59.0759	0.0825083	70.4663
10.6807	59.0759	0.247525	70.4663
10.6835	59.1584	0.165017	70.4663
10.7046	59.2409	0.0825083	70.4663
10.7047	59.2409	0.247525	70.4663
10.7076	59.3234	0.165017	70.4663
10.7824	59.4059	0.0825083	70.4663
10.7836	59.4472	0.165017	70.4663
10.9282	59.5297	0.0825083	70.4663
10.9355	59.571	0.165017	70.4663
10.9565	59.6535	0.0825083	70.4663
10.9587	59.6947	0.165017	70.4663
10.9902	59.7772	0.0825083	70.4663
10.9915	59.8185	0.165017	70.4663
11.0091	59.901	0.0825083	70.4663
11.0094	59.9422	0.165017	70.4663
11.0151	60.0248	0.0825083	70.4663
11.0153	60.0248	0.247525	70.4663
11.0163	60.1073	0.165017	70.4663
11.0974	60.1898	0.0825083	70.4663
11.1244	60.1898	0.0825083	70.9845
11.1303	60.231	0.165017	70.9845
11.1725	60.3135	0.0825083	70.9845
11.1729	60.3135	0.165017	70.9845
11.217	60.396	0.0825083	70.9845
11.2179	60.4373	0.165017	70.9845
11.2184	60.5198	0.0825083	70.9845
11.2188	60.5198	0.247525	70.9845
11.2204	60.6023	0.165017	70.9845
11.2442	60.6848	0.0825083	70.9845
11.2443	60.6848	0.165017	70.9845
11.2793	60.7673	0.0825083	70.9845
11.2843	60.8498	0	70.9845
11.286	60.8498	0.0825083	70.9845
11.3042	60.9323	0	70.9845
11.3061	60.9736	0.0825083	70.9845
11.3093	61.0561	0	70.9845
11.3307	61.0561	0	71.5026
11.3316	61.0561	0.165017	71.5026
11.3363	61.1386	0.0825083	71.5026
11.3676	61.2211	0	71.5026
11.3677	61.2211	0.165017	71.5026
11.3751	61.3036	0.0825083	71.5026
11.3772	61.3861	0	71.5026
11.3774	61.3861	0.165017	71.5026
11.3796	61.4686	0.0825083	71.5026
11.5458	61.5512	0	71.5026
11.5843	61.5512	0	72.0207
11.5853	61.5512	0.0825083	72.0207
11.5986	61.6337	0	72.0207
11.5988	61.6337	0.165017	72.0207
11.6002	61.7162	0.0825083	72.0207
11.6195	61.7987	0	72.0207
11.6229	61.8399	0.0825083	72.0207
11.6972	61.9224	0	72.0207
11.6981	61.9637	0.0825083	72.0207
11.7145	62.0462	0	72.0207
11.7149	62.0875	0.0825083	72.0207
11.7303	62.17	0	72.0207
11.7554	62.17	0	72.5389
11.7559	62.2112	0.0825083	72.5389
11.7785	62.2937	0	72.5389
11.7793	62.335	0.0825083	72.5389
11.7797	62.4175	0	72.5389
11.7838	62.4587	0.0825083	72.5389
11.785	62.4587	0.247525	72.5389
11.785	62.5413	0.165017	72.5389
11.7877	62.6238	0.0825083	72.5389
11.8325	62.7063	0	72.5389
11.8341	62.7475	0.0825083	72.5389
11.8824	62.83	0	72.5389
11.8843	62.83	0.165017	72.5389
11.8897	62.9125	0.0825083	72.5389
11.9873	62.995	0	72.5389
11.9877	63.0363	0.0825083	72.5389
12.0028	63.1188	0	72.5389
12.0049	63.1601	0.0825083	72.5389
12.0228	63.2426	0	72.5389
12.2225	63.2426	0	73.5751
12.226	63.2426	0.165017	73.5751
12.2292	63.3251	0.0825083	73.5751
12.3201	63.4076	0	73.5751
12.3233	63.4488	0.0825083	73.5751
12.3271	63.5314	0	73.5751
12.3297	63.5726	0.0825083	73.5751
12.3361	63.6551	0	73.5751
12.3379	63.6964	0.0825083	73.5751
12.3826	63.7789	0	73.5751
12.3918	63.7789	0	74.6114
12.3921	63.8201	0.0825083	74.6114
12.4439	63.9026	0	74.6114
12.4441	63.9439	0.0825083	74.6114
12.5897	64.0264	0	74.6114
12.6307	64.0264	0	75.6477
12.6343	64.0677	0.0825083	75.6477
12.7484	64.1502	0	75.6477
12.7488	64.1914	0.0825083	75.6477
12.8502	64.2739	0	75.6477
12.9044	64.2739	0	76.6839
12.9047	64.2739	0.165017	76.6839
12.9048	64.3564	0.0825083	76.6839
12.9259	64.4389	0	76.6839
12.9731	64.4389	0	77.7202
12.9736	64.4389	0.165017	77.7202
12.9739	64.5215	0.0825083	77.7202
13.1356	64.604	0	77.7202
13.1361	64.604	0.165017	77.7202
13.1373	64.6865	0.0825083	77.7202
13.1978	64.769	0	77.7202
13.1996	64.769	0.165017	77.7202
13.2033	64.8515	0.0825083	77.7202
13.2054	64.8515	0.247525	77.7202
13.2072	64.934	0.165017	77.7202
13.2116	65.0165	0.0825083	77.7202
13.2165	65.099	0	77.7202
13.2352	65.099	0	78.7565
13.2386	65.1403	0.0825083	78.7565
13.3541	65.2228	0	78.7565
13.3564	65.264	0.0825083	78.7565
13.4086	65.3465	0	78.7565
13.44	65.3465	0	79.2746
13.4416	65.3878	0.0825083	79.2746
13.4463	65.4703	0	79.2746
13.4478	65.4703	0	80.3109
13.4481	65.4703	0.165017	80.3109
13.4485	65.5528	0.0825083	80.3109
13.5941	65.6353	0	80.3109
13.5954	65.6766	0.0825083	80.3109
13.6835	65.7591	0	80.3109
13.7118	65.7591	0	80.829
13.7121	65.8003	0.0825083	80.829
13.7123	65.8828	0	80.829
13.7131	65.9241	0.0825083	80.829
13.7736	66.0066	0	80.829
13.7752	66.0479	0.0825083	80.829
13.8778	66.1304	0	80.829
13.8786	66.1716	0.0825083	80.829
13.9276	66.2541	0	80.829
13.9281	66.2954	0.0825083	80.829
13.9455	66.3779	0	80.829
13.948	66.3779	0.165017	80.829
13.9484	66.4604	0.0825083	80.829
14.0525	66.5429	0	80.829
14.0529	66.5842	0.0825083	80.829
14.0556	66.6667	0	80.829
14.057	66.7079	0.0825083	80.829
14.062	66.7904	0	80.829
14.0645	66.8317	0.0825083	80.829
14.0962	66.9142	0	80.829
14.0962	66.9142	0.165017	80.829
14.0977	66.9967	0.0825083	80.829
14.1068	67.0792	0	80.829
14.1075	67.1205	0.0825083	80.829
14.1448	67.203	0	80.829
14.152	67.2442	0.0825083	80.829
14.1588	67.3267	0	80.829
14.1597	67.368	0.0825083	80.829
14.2069	67.4505	0	80.829
14.2157	67.4918	0.0825083	80.829
14.3407	67.5743	0	80.829
14.3415	67.6155	0.0825083	80.829
14.3772	67.698	0	80.829
14.3789	67.698	0.0825083	80.829
14.3868	67.7805	0	80.829
14.3869	67.7805	0.165017	80.829
14.3874	67.863	0.0825083	80.829
14.3944	67.9455	0	80.829
14.3965	67.9868	0.0825083	80.829
14.406	68.0693	0	80.829
14.4071	68.0693	0.165017	80.829
14.4079	68.1518	0.0825083	80.829
14.4533	68.2343	0	80.829
14.4943	68.2343	0	81.3472
14.4949	68.2756	0.0825083	81.3472
14.5321	68.3581	0	81.3472
14.5354	68.3993	0.0825083	81.3472
14.5514	68.4818	0	81.3472
14.5515	68.4818	0.165017	81.3472
14.5519	68.5644	0.0825083	81.3472
14.5769	68.6469	0	81.3472
14.5775	68.6469	0.165017	81.3472
14.5811	68.7294	0.0825083	81.3472
14.6139	68.8119	0	81.3472
14.6169	68.8531	0.0825083	81.3472
14.6536	68.9356	0	81.3472
14.6543	68.9356	0.165017	81.3472
14.6555	69.0182	0.0825083	81.3472
14.6826	69.1007	0	81.3472
14.6891	69.1419	0.0825083	81.3472
14.7207	69.2244	0	81.3472
14.7226	69.2244	0.0825083	81.3472
14.7401	69.3069	0	81.3472
14.931	69.3069	0	81.8653
14.9333	69.3482	0.0825083	81.8653
14.9524	69.4307	0	81.8653
14.9527	69.4719	0.0825083	81.8653
14.9729	69.5545	0	81.8653
14.9734	69.5957	0.0825083	81.8653
15.0234	69.6782	0	81.8653
15.0259	69.7195	0.0825083	81.8653
15.1345	69.802	0	81.8653
15.1354	69.802	0.165017	81.8653
15.138	69.8845	0.0825083	81.8653
15.146	69.967	0	81.8653
15.146	69.967	0.165017	81.8653
15.1481	70.0495	0.0825083	81.8653
15.1579	70.132	0	81.8653
15.1585	70.132	0.165017	81.8653
15.1596	70.2145	0.0825083	81.8653
15.2207	70.297	0	81.8653
15.2219	70.297	0.0825083	81.8653
15.3088	70.3795	0	81.8653
15.3131	70.4208	0.0825083	81.8653
15.3557	70.5033	0	81.8653
15.3558	70.5446	0.0825083	81.8653
15.4097	70.6271	0	81.8653
15.4101	70.6683	0.0825083	81.8653
15.4299	70.7508	0	81.8653
15.438	70.7921	0.0825083	81.8653
15.4397	70.8333	0.165017	81.8653
15.4397	70.9158	0.0825083	81.8653
15.4436	70.9984	0	81.8653
15.4441	70.9984	0.165017	81.8653
15.4452	71.0809	0.0825083	81.8653
15.4844	71.1634	0	81.8653
15.4845	71.2046	0.0825083	81.8653
15.5159	71.2871	0	81.8653
15.5227	71.3284	0.0825083	81.8653
15.5262	71.4109	0	81.8653
15.5309	71.4521	0.0825083	81.8653
15.5445	71.5347	0	81.8653
15.6478	71.5347	0	82.9016
15.6782	71.5347	0	83.9378
15.6825	71.5759	0.0825083	83.9378
15.7655	71.6584	0	83.9378
15.7656	71.6997	0.0825083	83.9378
15.8408	71.7822	0	83.9378
15.8441	71.7822	0.0825083	83.9378
15.935	71.8647	0	83.9378
15.9364	71.8647	0.165017	83.9378
15.942	71.9472	0.0825083	83.9378
15.9771	72.0297	0	83.9378
15.9775	72.071	0.0825083	83.9378
15.9929	72.1535	0	83.9378
15.9944	72.1947	0.0825083	83.9378
16.0453	72.2772	0	83.9378
16.047	72.3185	0.0825083	83.9378
16.0984	72.401	0	83.9378
16.0984	72.401	0.0825083	83.9378
16.1313	72.4835	0	83.9378
16.1842	72.4835	0	84.9741
16.1865	72.4835	0.0825083	84.9741
16.2801	72.566	0	84.9741
16.281	72.566	0.165017	84.9741
16.2822	72.6485	0.0825083	84.9741
16.2838	72.731	0	84.9741
16.289	72.7723	0.0825083	84.9741
16.5345	72.8548	0	84.9741
16.5359	72.896	0.0825083	84.9741
16.5369	72.9373	0.165017	84.9741
16.5374	73.0198	0.0825083	84.9741
16.589	73.1023	0	84.9741
16.5892	73.1023	0.165017	84.9741
16.5894	73.1848	0.0825083	84.9741
16.672	73.2673	0	84.9741
16.672	73.3086	0.0825083	84.9741
16.6812	73.3911	0	84.9741
16.6824	73.3911	0.165017	84.9741
16.6852	73.4736	0.0825083	84.9741
16.7284	73.5561	0	84.9741
16.7301	73.5974	0.0825083	84.9741
16.7707	73.6799	0	84.9741
16.7716	73.7211	0.0825083	84.9741
16.8304	73.8036	0	84.9741
16.8312	73.8036	0.165017	84.9741
16.8327	73.8861	0.0825083	84.9741
16.9579	73.9686	0	84.9741
16.9583	73.9686	0.165017	84.9741
16.9583	74.0512	0.0825083	84.9741
16.962	74.1337	0	84.9741
16.9621	74.1337	0.165017	84.9741
16.9644	74.2162	0.0825083	84.9741
16.9962	74.2987	0	84.9741
16.9965	74.3399	0.0825083	84.9741
17.0518	74.4224	0	84.9741
17.0542	74.4637	0.0825083	84.9741
17.1149	74.5462	0	84.9741
17.1149	74.5462	0.165017	84.9741
17.115	74.6287	0.0825083	84.9741
17.1643	74.7112	0	84.9741
17.1692	74.7525	0.0825083	84.9741
17.1732	74.7937	0.165017	84.9741
17.1749	74.8762	0.0825083	84.9741
17.1846	74.9587	0	84.9741
17.1902	75	0.0825083	84.9741
17.2052	75.0825	0	84.9741
17.2075	75.1238	0.0825083	84.9741
17.2818	75.2063	0	84.9741
17.2823	75.2475	0.0825083	84.9741
17.3303	75.33	0	84.9741
17.3319	75.3713	0.0825083	84.9741
17.4557	75.4538	0	84.9741
17.5666	75.4538	0	86.0104
17.5683	75.4538	0.165017	86.0104
17.5692	75.5363	0.0825083	86.0104
17.5994	75.6188	0	86.0104
17.6012	75.6601	0.0825083	86.0104
17.6531	75.7426	0	86.0104
17.654	75.7838	0.0825083	86.0104
17.7471	75.8663	0	86.0104
17.7475	75.9076	0.0825083	86.0104
17.8404	75.9901	0	86.0104
17.8407	76.0314	0.0825083	86.0104
17.9154	76.1139	0	86.0104
17.9157	76.1139	0.165017	86.0104
17.9163	76.1964	0.0825083	86.0104
18.0426	76.2789	0	86.0104
18.0457	76.3201	0.0825083	86.0104
18.1559	76.4026	0	86.0104
18.1564	76.4026	0.165017	86.0104
18.1566	76.4851	0.0825083	86.0104
18.2487	76.5677	0	86.0104
18.5221	76.5677	0	87.0466
18.5238	76.5677	0.0825083	87.0466
18.5499	76.6502	0	87.0466
18.5552	76.6914	0.0825083	87.0466
18.6517	76.7739	0	87.0466
18.6535	76.8152	0.0825083	87.0466
18.6998	76.8977	0	87.0466
18.703	76.9389	0.0825083	87.0466
18.7624	77.0215	0	87.0466
18.7634	77.0627	0.0825083	87.0466
18.9141	77.1452	0	87.0466
19.0538	77.1452	0	87.5648
19.0539	77.1865	0.0825083	87.5648
19.2097	77.269	0	87.5648
19.2104	77.3102	0.0825083	87.5648
19.2504	77.3927	0	87.5648
19.2534	77.434	0.0825083	87.5648
19.2675	77.5165	0	87.5648
19.2683	77.5578	0.0825083	87.5648
19.2789	77.6403	0	87.5648
19.2866	77.6815	0.0825083	87.5648
19.3147	77.764	0	87.5648
19.3158	77.8053	0.0825083	87.5648
19.3294	77.8878	0	87.5648
19.3315	77.929	0.0825083	87.5648
19.4181	78.0116	0	87.5648
19.4192	78.0528	0.0825083	87.5648
19.4358	78.1353	0	87.5648
19.4361	78.1353	0.165017	87.5648
19.4362	78.2178	0.0825083	87.5648
19.437	78.3003	0	87.5648
19.4374	78.3003	0.165017	87.5648
19.4426	78.3828	0.0825083	87.5648
19.4568	78.4653	0	87.5648
19.4572	78.5066	0.0825083	87.5648
19.553	78.5891	0	87.5648
19.5756	78.5891	0	88.601
19.5763	78.6304	0.0825083	88.601
19.6189	78.7129	0	88.601
19.6262	78.7129	0.0825083	88.601
19.8698	78.7954	0	88.601
19.872	78.8366	0.0825083	88.601
19.8899	78.9191	0	88.601
19.8901	78.9191	0.0825083	88.601
19.9546	79.0016	0	88.601
19.9553	79.0016	0.165017	88.601
19.956	79.0842	0.0825083	88.601
19.9956	79.1667	0	88.601
19.9956	79.2079	0.0825083	88.601
20.0201	79.2904	0	88.601
20.0236	79.3317	0.0825083	88.601
20.2046	79.4142	0	88.601
20.2047	79.4142	0.165017	88.601
20.2055	79.4967	0.0825083	88.601
20.289	79.5792	0	88.601
20.2891	79.6205	0.0825083	88.601
20.2935	79.703	0	88.601
20.2939	79.703	0.165017	88.601
20.2951	79.7855	0.0825083	88.601
20.7127	79.868	0	88.601
20.7139	79.868	0.165017	88.601
20.7157	79.9505	0.0825083	88.601
20.7394	80.033	0	88.601
20.7412	80.033	0.165017	88.601
20.7424	80.1155	0.0825083	88.601
20.9224	80.198	0	88.601
20.9247	80.2393	0.0825083	88.601
20.9413	80.3218	0	88.601
20.9431	80.363	0.0825083	88.601
21.0093	80.4455	0	88.601
21.0122	80.4868	0.0825083	88.601
21.0131	80.5693	0	88.601
21.0133	80.6106	0.0825083	88.601
21.0486	80.6931	0	88.601
21.0557	80.7343	0.0825083	88.601
21.1907	80.8168	0	88.601
21.1964	80.8581	0.0825083	88.601
21.1968	80.8581	0.165017	88.601
21.1972	80.9406	0.0825083	88.601
21.3487	81.0231	0	88.601
21.3518	81.0231	0.0825083	88.601
21.3796	81.1056	0	88.601
21.3813	81.1056	0.165017	88.601
21.3839	81.1881	0.0825083	88.601
21.4414	81.2706	0	88.601
21.4421	81.2706	0.165017	88.601
21.4432	81.3531	0.0825083	88.601
21.4467	81.4356	0	88.601
21.4469	81.4356	0.165017	88.601
21.4485	81.5182	0.0825083	88.601
21.7965	81.6007	0	88.601
21.7984	81.6419	0.0825083	88.601
21.8071	81.7244	0	88.601
21.8086	81.7657	0.0825083	88.601
21.8867	81.8482	0	88.601
21.8882	81.8894	0.0825083	88.601
21.9058	81.9719	0	88.601
21.9409	81.9719	0	89.6373
21.9458	82.0132	0.0825083	89.6373
21.946	82.0545	0.165017	89.6373
21.9474	82.137	0.0825083	89.6373
21.9551	82.2195	0	89.6373
21.958	82.2607	0.0825083	89.6373
21.9618	82.3432	0	89.6373
21.9628	82.3845	0.0825083	89.6373
22.0488	82.467	0	89.6373
22.0507	82.5082	0.0825083	89.6373
22.4021	82.5908	0	89.6373
22.4024	82.5908	0.0825083	89.6373
22.4098	82.6733	0	89.6373
22.4121	82.7145	0.0825083	89.6373
22.4166	82.797	0	89.6373
22.4168	82.8383	0.0825083	89.6373
22.5085	82.9208	0	89.6373
22.51	82.962	0.0825083	89.6373
22.5103	82.962	0.165017	89.6373
22.5111	83.0446	0.0825083	89.6373
22.5324	83.1271	0	89.6373
22.5332	83.1271	0.165017	89.6373
22.5342	83.2096	0.0825083	89.6373
22.6934	83.2921	0	89.6373
22.6949	83.3333	0.0825083	89.6373
22.7234	83.4158	0	89.6373
22.7238	83.4158	0.165017	89.6373
22.7241	83.4984	0.0825083	89.6373
22.7385	83.5809	0	89.6373
22.7398	83.5809	0.0825083	89.6373
22.7542	83.6634	0	89.6373
22.7563	83.7046	0.0825083	89.6373
22.7824	83.7871	0	89.6373
22.7866	83.7871	0.165017	89.6373
22.7906	83.8696	0.0825083	89.6373
23.0963	83.9521	0	89.6373
23.0969	83.9934	0.0825083	89.6373
23.1351	84.0759	0	89.6373
23.1361	84.1172	0.0825083	89.6373
23.1536	84.1997	0	89.6373
23.1942	84.1997	0	90.6736
23.2299	84.1997	0	91.7098
23.23	84.2409	0.0825083	91.7098
23.302	84.3234	0	91.7098
23.3066	84.3647	0.0825083	91.7098
23.3745	84.4472	0	91.7098
23.3771	84.4884	0.0825083	91.7098
23.506	84.571	0	91.7098
23.5087	84.571	0.0825083	91.7098
23.5613	84.6535	0	91.7098
23.5619	84.6535	0.0825083	91.7098
23.6277	84.736	0	91.7098
23.6333	84.736	0.0825083	91.7098
23.6415	84.8185	0	91.7098
23.649	84.8597	0.0825083	91.7098
23.7952	84.9422	0	91.7098
23.7977	84.9835	0.0825083	91.7098
24.0712	85.066	0	91.7098
24.0713	85.066	0.165017	91.7098
24.0731	85.1485	0.0825083	91.7098
24.2673	85.231	0	91.7098
24.2681	85.231	0.165017	91.7098
24.2692	85.3135	0.0825083	91.7098
24.3362	85.396	0	91.7098
24.3363	85.396	0.165017	91.7098
24.3374	85.4785	0.0825083	91.7098
24.4062	85.5611	0	91.7098
24.4084	85.6023	0.0825083	91.7098
24.8734	85.6848	0	91.7098
24.874	85.7261	0.0825083	91.7098
24.9129	85.8086	0	91.7098
25.0196	85.8086	0	92.7461
25.0201	85.8498	0.0825083	92.7461
25.069	85.9323	0	92.7461
25.0701	85.9736	0.0825083	92.7461
25.0969	86.0561	0	92.7461
25.0975	86.0561	0.165017	92.7461
25.0982	86.1386	0.0825083	92.7461
25.148	86.2211	0	92.7461
25.149	86.2624	0.0825083	92.7461
25.1799	86.3449	0	92.7461
25.1812	86.3449	0.0825083	92.7461
25.2248	86.4274	0	92.7461
25.226	86.4686	0.0825083	92.7461
25.4449	86.5512	0	92.7461
25.4449	86.5512	0.165017	92.7461
25.4459	86.6337	0.0825083	92.7461
25.8127	86.7162	0	92.7461
25.8144	86.7574	0.0825083	92.7461
26.074	86.8399	0	92.7461
26.0765	86.8812	0.0825083	92.7461
26.1495	86.9637	0	92.7461
26.1496	87.005	0.0825083	92.7461
26.1641	87.0875	0	92.7461
26.1643	87.0875	0.165017	92.7461
26.1657	87.17	0.0825083	92.7461
26.202	87.2525	0	92.7461
26.2024	87.2937	0.0825083	92.7461
26.3683	87.3762	0	92.7461
26.3694	87.4175	0.0825083	92.7461
26.3875	87.5	0	92.7461
26.3897	87.5413	0.0825083	92.7461
26.4027	87.6238	0	92.7461
26.4053	87.6238	0.0825083	92.7461
26.4077	87.665	0.165017	92.7461
26.4093	87.7475	0.0825083	92.7461
26.5741	87.83	0	92.7461
26.581	87.8713	0.0825083	92.7461
26.7839	87.9538	0	92.7461
26.7901	87.995	0.0825083	92.7461
27.1683	88.0776	0	92.7461
27.169	88.1188	0.0825083	92.7461
27.1696	88.2013	0	92.7461
27.1701	88.2013	0.165017	92.7461
27.1786	88.2838	0.0825083	92.7461
27.2764	88.3663	0	92.7461
27.2767	88.4076	0.0825083	92.7461
27.7049	88.4901	0	92.7461
27.707	88.5314	0.0825083	92.7461
28.2867	88.6139	0	92.7461
28.2892	88.6139	0.165017	92.7461
28.2924	88.6964	0.0825083	92.7461
28.3519	88.7789	0	92.7461
28.3526	88.8201	0.0825083	92.7461
28.3544	88.9026	0	92.7461
28.3547	88.9026	0.165017	92.7461
28.3555	88.9851	0.0825083	92.7461
28.7185	89.0677	0	92.7461
28.7185	89.0677	0.0825083	92.7461
28.8922	89.1502	0	92.7461
28.8928	89.1502	0.0825083	92.7461
28.8947	89.1914	0.165017	92.7461
28.8947	89.2739	0.0825083	92.7461
29.1346	89.3564	0	92.7461
29.1367	89.3977	0.0825083	92.7461
29.1683	89.4802	0	92.7461
29.1693	89.5215	0.0825083	92.7461
29.2295	89.604	0	92.7461
29.2305	89.6452	0.0825083	92.7461
29.2503	89.7277	0	92.7461
29.2512	89.769	0.0825083	92.7461
29.5392	89.8515	0	92.7461
29.5399	89.8927	0.0825083	92.7461
29.6308	89.9753	0	92.7461
29.6312	90.0165	0.0825083	92.7461
30.4251	90.099	0	92.7461
30.4259	90.1403	0.0825083	92.7461
30.456	90.2228	0	92.7461
30.4577	90.264	0.0825083	92.7461
30.4987	90.3465	0	92.7461
30.5027	90.3878	0.0825083	92.7461
30.8838	90.4703	0	92.7461
30.8882	90.5116	0.0825083	92.7461
31.2666	90.5941	0	92.7461
31.2682	90.6353	0.0825083	92.7461
31.4261	90.7178	0	92.7461
31.4261	90.7591	0.0825083	92.7461
31.4841	90.8416	0	92.7461
31.4861	90.8828	0.0825083	92.7461
31.6694	90.9653	0	92.7461
31.6702	90.9653	0.165017	92.7461
31.6723	91.0479	0.0825083	92.7461
32.6463	91.1304	0	92.7461
32.6471	91.1716	0.0825083	92.7461
32.8553	91.2541	0	92.7461
32.8557	91.2954	0.0825083	92.7461
32.8885	91.3779	0	92.7461
32.895	91.4191	0.0825083	92.7461
33.2336	91.5016	0	92.7461
34.0046	91.5016	0	93.7824
34.0049	91.5016	0.165017	93.7824
34.0056	91.5842	0.0825083	93.7824
34.1752	91.6667	0	93.7824
34.1777	91.7079	0.0825083	93.7824
34.3392	91.7904	0	93.7824
34.3427	91.8317	0.0825083	93.7824
35.2855	91.9142	0	93.7824
35.287	91.9554	0.0825083	93.7824
35.6818	92.038	0	93.7824
35.682	92.0792	0.0825083	93.7824
35.737	92.1617	0	93.7824
35.7426	92.203	0.0825083	93.7824
35.8928	92.2855	0	93.7824
35.8946	92.3267	0.0825083	93.7824
36.698	92.4092	0	93.7824
36.6983	92.4505	0.0825083	93.7824
36.7569	92.533	0	93.7824
36.7619	92.5743	0.0825083	93.7824
37.1183	92.6568	0	93.7824
37.1195	92.698	0.0825083	93.7824
37.1981	92.7805	0	93.7824
37.1991	92.8218	0.0825083	93.7824
38.4495	92.9043	0	93.7824
38.4512	92.9455	0.0825083	93.7824
38.5294	93.0281	0	93.7824
38.53	93.0281	0.165017	93.7824
38.534	93.1106	0.0825083	93.7824
38.5969	93.1931	0	93.7824
38.5975	93.1931	0.165017	93.7824
38.5978	93.2756	0.0825083	93.7824
39.71	93.3581	0	93.7824
39.7123	93.3993	0.0825083	93.7824
40.015	93.4818	0	93.7824
40.0163	93.5231	0.0825083	93.7824
40.6714	93.6056	0	93.7824
40.6717	93.6469	0.0825083	93.7824
41.4773	93.7294	0	93.7824
41.4801	93.7706	0.0825083	93.7824
41.771	93.8531	0	93.7824
41.7721	93.8944	0.0825083	93.7824
41.8846	93.9769	0	93.7824
41.8873	94.0182	0.0825083	93.7824
43.3919	94.1007	0	93.7824
43.392	94.1007	0.165017	93.7824
43.3939	94.1832	0.0825083	93.7824
43.4296	94.2657	0	93.7824
43.4351	94.3069	0.0825083	93.7824
43.9416	94.3894	0	93.7824
43.9421	94.4307	0.0825083	93.7824
44.4213	94.5132	0	93.7824
45.0156	94.5132	0	94.3005
45.0196	94.5545	0.0825083	94.3005
45.3391	94.637	0	94.3005
45.3394	94.6782	0.0825083	94.3005
49.1166	94.7607	0	94.3005
49.1191	94.802	0.0825083	94.3005
50.5297	94.8845	0	94.3005
50.5299	94.9257	0.0825083	94.3005
51.0636	95.0082	0	94.3005
51.066	95.0495	0.0825083	94.3005
51.2368	95.132	0	94.3005
51.2371	95.132	0.165017	94.3005
51.2374	95.2145	0.0825083	94.3005
55.5674	95.297	0	94.3005
55.5681	95.3383	0.0825083	94.3005
56.4012	95.4208	0	94.3005
56.4013	95.4208	0.165017	94.3005
56.4046	95.5033	0.0825083	94.3005
59.1804	95.5858	0	94.3005
59.1822	95.5858	0.165017	94.3005
59.1824	95.6683	0.0825083	94.3005
69.7564	95.7508	0	94.3005
69.7569	95.7508	0.165017	94.3005
69.7585	95.8333	0.0825083	94.3005
109.324	95.9158	0	94.3005
157.316	95.9158	0	94.8186
212.73	95.9158	0	95.3368
213.497	95.9158	0.165017	95.3368
213.925	95.9984	0.0825083	95.3368
584.317	96.0809	0	95.3368
584.854	96.0809	0.0825083	95.3368
585.029	96.1634	0	95.3368
585.029	96.2046	0.0825083	95.3368
611.518	96.2871	0	95.3368
830.66	96.2871	0	96.3731
855.923	96.2871	0	97.4093
856.527	96.2871	0.165017	97.4093
857.274	96.3696	0.0825083	97.4093
961.328	96.4521	0	97.4093
1138.26	96.4521	0	98.4456
1139.69	96.4521	0	98.9637
1139.69	96.4521	0.0825083	98.9637
1443.2	96.5347	0	98.9637
1448.37	96.5347	0	100
1449.09	96.5759	0.0825083	100
2743.39	96.6584	0	100
2743.39	96.6584	0.0825083	100
2967.56	96.7409	0	100
2972.42	96.7822	0.0825083	100
3041.06	96.8647	0	100
3041.66	96.8647	0.165017	100
3041.88	96.9472	0.0825083	100
3048.26	97.0297	0	100
3048.26	97.0297	0.0825083	100
3319.94	97.1122	0	100
3321.99	97.1535	0.0825083	100
4873.53	97.236	0	100
4874.02	97.2772	0.0825083	100
5763.2	97.3597	0	100
5763.2	97.3597	0.0825083	100
5883.57	97.4422	0	100
5883.57	97.4422	0.0825083	100
6396.55	97.5247	0	100
6397.05	97.566	0.0825083	100
6639.56	97.6485	0	100
6641.5	97.6898	0.0825083	100
7593.71	97.7723	0	100
7593.71	97.7723	0.0825083	100
7826.07	97.8548	0	100
7827.54	97.896	0.0825083	100
7832.17	97.9785	0	100
7832.83	97.9785	0.0825083	100
7835.55	98.0611	0	100
7836.27	98.1023	0.0825083	100
8374.98	98.1848	0	100
8376.51	98.2261	0.0825083	100
9832.39	98.3086	0	100
9832.75	98.3498	0.0825083	100
10708.9	98.4323	0	100
10709.2	98.4323	0.165017	100
10710	98.5149	0.0825083	100
10823.4	98.5974	0	100
10823.4	98.5974	0.0825083	100
12091.8	98.6799	0	100
12094.2	98.7211	0.0825083	100
13755.3	98.8036	0	100
13755.5	98.8449	0.0825083	100
14401.5	98.9274	0	100
14404	98.9274	0.0825083	100
14421.4	99.0099	0	100
14421.4	99.0512	0.0825083	100
14749.7	99.1337	0	100
14749.7	99.1337	0.0825083	100
17627.8	99.2162	0	100
17627.9	99.2162	0.165017	100
17628	99.2987	0.0825083	100
18904.9	99.3812	0	100
18904.9	99.3812	0.165017	100
18904.9	99.4637	0.0825083	100
20644.8	99.5462	0	100
20644.8	99.5462	0.0825083	100
21106.2	99.6287	0	100
21107.3	99.67	0.0825083	100
23577.6	99.7525	0	100
23579.2	99.7937	0.0825083	100
25839.2	99.8762	0	100
25842.1	99.9175	0.0825083	100
