2.60337e-05	0	0	0
3.2268e-05	0	0	0
3.98526e-05	0	0	0
5.64918e-05	0	0	0
6.39329e-05	0	0	0
6.46412e-05	0	0	0
7.5598e-05	0	0	0
8.02668e-05	0	0	0
8.54505e-05	0	0	0
9.56301e-05	0	0	0
0.000109245	0	0	0
0.000143591	0	0	0
0.000143817	0	0	0
0.000184609	0	0	0
0.000191391	0	0	0
0.000191892	0	0	0
0.000226924	0	0	0
0.000228943	0	0	0
0.000239565	0	0	0
0.000243508	0	0	0
0.00024834	0	0	0
0.000271021	0	0	0
0.000271957	0	0	0
0.00027204	0	0	0
0.000281708	0	0	0
0.000306508	0	0	0
0.000308503	0	0	0
0.000316125	0	0	0
0.000339783	0	0	0
0.000346893	0	0	0
0.000360464	0	0	0
0.000382356	0	0	0
0.000386447	0	0	0
0.000388487	0	0	0
0.000408716	0	0	0
0.000409928	0	0	0
0.000435938	0	0	0
0.000445762	0	0	0
0.000448665	0	0	0
0.000454088	0	0	0
0.000454851	0	0	0
0.000460433	0	0	0
0.000471686	0	0	0
0.000488531	0	0	0
0.000490272	0	0	0
0.000505689	0	0	0
0.000508577	0	0	0
0.000519949	0	0	0
0.000526815	0	0	0
0.000561166	0	0	0
0.000570985	0	0	0
0.00058429	0	0	0
0.000626058	0	0	0
0.000633587	0	0	0
0.000698489	0	0	0
0.000704615	0	0	0
0.000728761	0	0	0
0.000733443	0	0	0
0.000747188	0	0	0
0.000800142	0	0	0
0.00084411	0	0	0
0.00087501	0	0	0
0.000908347	0	0	0
0.000971914	0	0	0
0.000990529	0	0	0
0.00100109	0	0	0
0.00103473	0	0	0
0.00104103	0	0	0
0.00106808	0	0	0
0.0010989	0	0	0
0.00110386	0	0	0
0.00113382	0	0	0
0.00119074	0	0	0
0.00126875	0	0	0
0.00139152	0	0	0
0.0015161	0	0	0
0.00152471	0	0	0
0.00178582	0	0	0
0.00181367	0	0	0
0.00182988	0	0	0
0.0018976	0	0	0
0.00191627	0	0	0
0.00199877	0	0	0
0.00202549	0	0	0
0.00203789	0	0	0
0.00237525	0	0	0
0.00244646	0	0	0
0.00245713	0	0	0
0.00251993	0	0	0
0.00254659	0	0	0
0.00282256	0	0	0
0.00289459	0	0	0
0.00291451	0	0	0
0.00304174	0	0	0
0.00304872	0	0	0
0.00308466	0	0	0
0.00313527	0	0	0
0.00348737	0	0	0
0.00360881	0	0	0
0.00361065	0	0	0
0.00379897	0	0	0
0.00391163	0	0	0
0.00400374	0	0	0
0.00402823	0	0	0
0.00410293	0	0	0
0.00410308	0	0	0
0.00418234	0	0	0
0.00418464	0	0	0
0.0041996	0	0	0
0.00425013	0	0	0
0.0043638	0	0	0
0.00436858	0	0	0
0.00442432	0	0	0
0.00442947	0	0	0
0.00447985	0	0	0
0.00454202	0	0	0
0.00454576	0	0	0
0.00455927	0	0	0
0.00460295	0	0	0
0.00460439	0	0	0
0.00465196	0	0	0
0.00466008	0	0	0
0.00470076	0	0	0
0.00476189	0	0	0
0.00480668	0	0	0
0.00480792	0	0	0
0.0048133	0	0	0
0.00483951	0	0	0
0.00491547	0	0	0
0.00495976	0	0	0
0.00497326	0	0	0
0.00498436	0	0	0
0.00500874	0	0	0
0.00502822	0	0	0
0.00507076	0	0	0
0.00518917	0	0	0
0.0051935	0	0	0
0.00523227	0	0	0
0.00524833	0	0	0
0.0053142	0	0	0
0.00535928	0	0	0
0.00545949	0	0	0
0.00550408	0	0	0
0.00551363	0	0	0
0.00560329	0	0	0
0.0056662	0	0	0
0.00571371	0	0	0
0.00574876	0	0	0
0.00584211	0	0	0
0.00587889	0	0	0
0.00589047	0	0	0
0.00604634	0	0	0
0.00604814	0	0	0
0.00608712	0	0	0
0.0061005	0	0	0
0.00610211	0	0	0
0.00644279	0	0	0
0.00648743	0	0	0
0.00651329	0	0	0
0.00657542	0	0	0
0.00658599	0	0	0
0.0066236	0	0	0
0.00663169	0	0	0
0.00665162	0	0	0
0.00671685	0	0	0
0.00697576	0	0	0
0.00700899	0	0	0
0.00704066	0	0	0
0.00705312	0	0	0
0.00711949	0	0	0
0.00712377	0	0	0
0.00713234	0	0	0
0.00714206	0	0	0
0.00719546	0	0	0
0.00726719	0	0	0
0.00730883	0	0	0
0.00734858	0	0	0
0.00736682	0	0	0
0.00738306	0	0	0
0.00741029	0	0	0
0.00754808	0	0	0
0.00756236	0	0	0
0.00761511	0	0	0
0.00786316	0	0	0
0.00794637	0	0	0.515464
0.00810718	0	0	0.515464
0.0081551	0	0	0.515464
0.00818034	0	0	0.515464
0.00835313	0	0	0.515464
0.0085437	0	0	0.515464
0.00858621	0	0	0.515464
0.00887883	0	0	0.515464
0.00897821	0	0	0.515464
0.00936988	0	0	0.515464
0.00949072	0	0	0.515464
0.00982048	0	0	0.515464
0.00992387	0	0	0.515464
0.0100493	0	0	0.515464
0.0100776	0	0	0.515464
0.010291	0	0	0.515464
0.0102923	0	0	0.515464
0.0103336	0	0	0.515464
0.0103984	0	0	0.515464
0.0105236	0	0	0.515464
0.0105762	0	0	0.515464
0.0105976	0	0	0.515464
0.0106275	0	0	0.515464
0.0106354	0	0	0.515464
0.0107946	0	0	0.515464
0.011054	0	0	0.515464
0.0110804	0	0	0.515464
0.0112366	0	0	0.515464
0.0112523	0	0	0.515464
0.0112736	0	0	0.515464
0.0113755	0	0	0.515464
0.0113814	0	0	0.515464
0.0114178	0	0	0.515464
0.0114754	0	0	0.515464
0.0114821	0	0	0.515464
0.0115709	0	0	0.515464
0.0115831	0	0	0.515464
0.0115853	0	0	0.515464
0.0116026	0	0	0.515464
0.0116332	0	0	0.515464
0.0117117	0	0	0.515464
0.0119337	0	0	0.515464
0.0121121	0	0	0.515464
0.0121416	0	0	0.515464
0.0121524	0	0	0.515464
0.0122729	0	0	0.515464
0.0122748	0	0	0.515464
0.0122816	0	0	0.515464
0.0122838	0	0	0.515464
0.0122857	0	0	0.515464
0.0125528	0	0	0.515464
0.0128378	0	0	0.515464
0.0130434	0	0	0.515464
0.013312	0	0	0.515464
0.0133909	0	0	0.515464
0.0133911	0	0	0.515464
0.0133937	0	0	0.515464
0.0134637	0	0	0.515464
0.0135882	0	0	0.515464
0.013648	0	0	0.515464
0.0136967	0	0	0.515464
0.0137609	0	0	0.515464
0.013767	0	0	0.515464
0.0139025	0	0	0.515464
0.0140964	0	0	0.515464
0.0141137	0	0	0.515464
0.014212	0	0	0.515464
0.0142263	0	0	0.515464
0.0142304	0	0	0.515464
0.014244	0	0	0.515464
0.0142553	0	0	0.515464
0.0142642	0	0	0.515464
0.0144096	0	0	0.515464
0.0144697	0	0	0.515464
0.0145358	0	0	0.515464
0.0145444	0	0	0.515464
0.0147176	0	0	0.515464
0.0148606	0	0	0.515464
0.0151434	0	0	0.515464
0.0153579	0	0	0.515464
0.0155511	0	0	0.515464
0.0156911	0	0	0.515464
0.015724	0	0	0.515464
0.0157562	0	0	0.515464
0.0158038	0	0	0.515464
0.0158171	0	0	0.515464
0.0160706	0	0	0.515464
0.0161082	0	0	0.515464
0.0161769	0	0	0.515464
0.0162425	0	0	0.515464
0.016306	0	0	0.515464
0.0163267	0	0	0.515464
0.0163344	0	0	0.515464
0.0163676	0	0	0.515464
0.0164697	0	0	0.515464
0.016479	0	0	0.515464
0.0165167	0	0	0.515464
0.0165209	0	0	0.515464
0.0165913	0	0	0.515464
0.0167511	0	0	0.515464
0.0168357	0	0	0.515464
0.0168554	0.0412541	0.0825083	0.515464
0.0168964	0.0412541	0.0825083	0.515464
0.0169053	0.0412541	0.0825083	0.515464
0.0170098	0.0412541	0.0825083	0.515464
0.0170376	0.0412541	0.0825083	0.515464
0.017066	0.0412541	0.0825083	0.515464
0.0171431	0.0412541	0.0825083	0.515464
0.0172816	0.0412541	0.0825083	0.515464
0.0172842	0.0412541	0.0825083	0.515464
0.0172898	0.0412541	0.0825083	0.515464
0.017443	0.0412541	0.0825083	0.515464
0.0174631	0.123762	0	0.515464
0.0175517	0.123762	0	0.515464
0.0178303	0.123762	0	0.515464
0.0181872	0.123762	0	0.515464
0.0182053	0.123762	0	0.515464
0.0183306	0.123762	0	0.515464
0.0186239	0.123762	0	0.515464
0.0186538	0.123762	0	0.515464
0.0188162	0.123762	0	0.515464
0.0191778	0.123762	0	0.515464
0.0192215	0.123762	0	0.515464
0.0193064	0.123762	0	0.515464
0.019307	0.123762	0	0.515464
0.0193562	0.123762	0	0.515464
0.0193915	0.123762	0	0.515464
0.0194034	0.123762	0	0.515464
0.019462	0.123762	0	0.515464
0.019526	0.123762	0	0.515464
0.0195631	0.123762	0	0.515464
0.0197024	0.123762	0	0.515464
0.0198207	0.123762	0	0.515464
0.0198557	0.123762	0	0.515464
0.0199951	0.123762	0	0.515464
0.0200861	0.123762	0	0.515464
0.0202073	0.123762	0	0.515464
0.020379	0.123762	0	0.515464
0.0203862	0.123762	0	0.515464
0.0204232	0.123762	0	0.515464
0.0204487	0.123762	0	0.515464
0.020561	0.123762	0	0.515464
0.0206032	0.123762	0	0.515464
0.0206986	0.123762	0	0.515464
0.0207424	0.123762	0	0.515464
0.0210484	0.123762	0	0.515464
0.0210562	0.123762	0	0.515464
0.0211342	0.123762	0	0.515464
0.0213507	0.123762	0	0.515464
0.0213811	0.123762	0	0.515464
0.0217244	0.123762	0	0.515464
0.0222803	0.123762	0	0.515464
0.0224221	0.123762	0	0.515464
0.0226189	0.123762	0	0.515464
0.022717	0.123762	0	0.515464
0.0228245	0.123762	0	0.515464
0.0228386	0.123762	0	0.515464
0.0228825	0.123762	0	0.515464
0.0229878	0.123762	0	0.515464
0.0230483	0.123762	0	0.515464
0.0231573	0.123762	0	0.515464
0.0232365	0.123762	0	0.515464
0.0233681	0.123762	0	0.515464
0.0233849	0.123762	0	0.515464
0.023671	0.123762	0	0.515464
0.0236756	0.123762	0	0.515464
0.0237681	0.123762	0	0.515464
0.0238517	0.123762	0	0.515464
0.023989	0.123762	0	0.515464
0.0241182	0.123762	0	0.515464
0.0241203	0.123762	0	0.515464
0.0241259	0.123762	0	0.515464
0.0242588	0.123762	0	0.515464
0.0243182	0.123762	0	0.515464
0.0243406	0.123762	0	0.515464
0.0243881	0.123762	0	0.515464
0.0244112	0.123762	0	0.515464
0.0244608	0.123762	0	0.515464
0.0244951	0.123762	0	0.515464
0.0245346	0.123762	0	0.515464
0.0246401	0.123762	0	0.515464
0.0247102	0.123762	0	0.515464
0.02474	0.123762	0	0.515464
0.0248966	0.123762	0	0.515464
0.0250464	0.123762	0	0.515464
0.0250713	0.123762	0	0.515464
0.0250836	0.123762	0	0.515464
0.0251974	0.123762	0	0.515464
0.0252753	0.123762	0	0.515464
0.0253064	0.123762	0	0.515464
0.0253089	0.123762	0	0.515464
0.025347	0.123762	0	0.515464
0.0253615	0.123762	0	0.515464
0.0253762	0.123762	0	0.515464
0.0254595	0.123762	0	0.515464
0.0255431	0.123762	0	0.515464
0.0256151	0.123762	0	0.515464
0.0256295	0.123762	0	0.515464
0.0257483	0.123762	0	0.515464
0.025839	0.123762	0	0.515464
0.0258493	0.123762	0	0.515464
0.0258752	0.123762	0	0.515464
0.0259006	0.123762	0	0.515464
0.0259011	0.123762	0	0.515464
0.0259427	0.123762	0	0.515464
0.0261462	0.123762	0	0.515464
0.0261818	0.123762	0	0.515464
0.0261947	0.123762	0	0.515464
0.0263238	0.123762	0	0.515464
0.0263356	0.123762	0	0.515464
0.0263745	0.123762	0	0.515464
0.0264502	0.123762	0	0.515464
0.0265825	0.123762	0	0.515464
0.0266126	0.123762	0	0.515464
0.026739	0.123762	0	0.515464
0.0268175	0.123762	0	0.515464
0.0268931	0.123762	0	0.515464
0.0269714	0.123762	0	0.515464
0.0269727	0.123762	0	0.515464
0.0269754	0.123762	0	0.515464
0.0270666	0.123762	0	0.515464
0.0271191	0.123762	0	0.515464
0.0271633	0.123762	0	0.515464
0.0271885	0.123762	0	0.515464
0.0272532	0.123762	0	0.515464
0.0273083	0.123762	0	0.515464
0.0273599	0.123762	0	0.515464
0.0273656	0.123762	0	0.515464
0.0274045	0.123762	0	0.515464
0.0274236	0.123762	0	0.515464
0.027572	0.123762	0	0.515464
0.0279042	0.123762	0	0.515464
0.0279895	0.123762	0	0.515464
0.0283803	0.123762	0	0.515464
0.0285084	0.123762	0	0.515464
0.0289688	0.123762	0	0.515464
0.0290228	0.123762	0	0.515464
0.0294756	0.123762	0	0.515464
0.0295654	0.123762	0	0.515464
0.0295741	0.123762	0	0.515464
0.0296932	0.123762	0	0.515464
0.0301458	0.123762	0	0.515464
0.0303339	0.123762	0	0.515464
0.0305307	0.123762	0	0.515464
0.0309313	0.123762	0	0.515464
0.0331555	0.123762	0	0.515464
0.0331914	0.123762	0	1.03093
0.0334064	0.123762	0	1.03093
0.0335447	0.123762	0	1.03093
0.0336452	0.123762	0	1.03093
0.0338288	0.123762	0	1.03093
0.0338396	0.123762	0	1.03093
0.0338633	0.123762	0	1.03093
0.0341323	0.123762	0	1.03093
0.0341378	0.123762	0	1.03093
0.034244	0.123762	0	1.03093
0.0345189	0.123762	0	1.03093
0.0345856	0.123762	0	1.03093
0.0346331	0.123762	0	1.03093
0.0346412	0.123762	0	1.03093
0.0347741	0.123762	0	1.03093
0.0349295	0.123762	0	1.03093
0.0350481	0.123762	0	1.03093
0.0350897	0.123762	0	1.03093
0.0351284	0.123762	0	1.03093
0.0351868	0.123762	0	1.03093
0.0352402	0.123762	0	1.03093
0.0352823	0.123762	0	1.03093
0.0353228	0.123762	0	1.03093
0.0353346	0.123762	0	1.03093
0.0353486	0.123762	0	1.03093
0.0353849	0.123762	0	1.03093
0.0353975	0.123762	0	1.03093
0.035515	0.123762	0	1.03093
0.0355472	0.123762	0	1.03093
0.0356242	0.123762	0	1.03093
0.0356348	0.123762	0	1.03093
0.0356449	0.123762	0	1.03093
0.0357067	0.123762	0	1.03093
0.0357283	0.123762	0	1.03093
0.0357376	0.123762	0	1.03093
0.0357657	0.123762	0	1.03093
0.0357973	0.123762	0	1.03093
0.0358106	0.123762	0	1.03093
0.0358141	0.123762	0	1.03093
0.0358181	0.123762	0	1.03093
0.0358526	0.123762	0	1.03093
0.0358537	0.123762	0	1.03093
0.0358561	0.123762	0	1.03093
0.0358745	0.123762	0	1.03093
0.035944	0.123762	0	1.03093
0.0359808	0.123762	0	1.03093
0.0359865	0.123762	0	1.03093
0.0360138	0.123762	0	1.03093
0.0360413	0.123762	0	1.03093
0.0360513	0.123762	0	1.03093
0.0360935	0.123762	0	1.03093
0.0361973	0.123762	0	1.03093
0.0362194	0.123762	0	1.03093
0.0362259	0.123762	0	1.03093
0.0362673	0.123762	0	1.03093
0.0363223	0.123762	0	1.03093
0.0363975	0.123762	0	1.03093
0.0363981	0.123762	0	1.03093
0.036463	0.123762	0	1.03093
0.0364933	0.123762	0	1.03093
0.0365193	0.123762	0	1.03093
0.0365551	0.123762	0	1.03093
0.0365774	0.123762	0	1.03093
0.036596	0.123762	0	1.03093
0.036609	0.123762	0	1.03093
0.0366163	0.123762	0	1.03093
0.0366256	0.123762	0	1.03093
0.036665	0.123762	0	1.03093
0.0366949	0.123762	0	1.03093
0.0367006	0.123762	0	1.03093
0.0367136	0.123762	0	1.03093
0.0367623	0.123762	0	1.03093
0.0368401	0.123762	0	1.03093
0.0369003	0.123762	0	1.03093
0.0369288	0.123762	0	1.03093
0.0370455	0.123762	0	1.03093
0.0370537	0.123762	0	1.03093
0.0370756	0.123762	0	1.03093
0.0372423	0.123762	0	1.03093
0.0372758	0.123762	0	1.03093
0.0374233	0.123762	0	1.03093
0.037432	0.123762	0	1.03093
0.0374509	0.123762	0	1.03093
0.0374676	0.123762	0	1.03093
0.0375122	0.123762	0	1.03093
0.0375818	0.123762	0	1.03093
0.0376073	0.123762	0	1.03093
0.0376432	0.123762	0	1.03093
0.0376847	0.123762	0	1.03093
0.0377568	0.123762	0	1.03093
0.0377913	0.123762	0	1.03093
0.0378263	0.123762	0	1.03093
0.0379193	0.123762	0	1.03093
0.0379365	0.123762	0	1.03093
0.0379811	0.123762	0	1.03093
0.0380221	0.123762	0	1.03093
0.0380285	0.123762	0	1.03093
0.0380417	0.123762	0	1.03093
0.0380658	0.123762	0	1.03093
0.0380681	0.123762	0	1.03093
0.0380918	0.123762	0	1.03093
0.0381946	0.123762	0	1.03093
0.0383075	0.123762	0	1.03093
0.0383432	0.123762	0	1.03093
0.0383568	0.123762	0	1.03093
0.0383868	0.123762	0	1.03093
0.0384224	0.123762	0	1.03093
0.038456	0.123762	0	1.03093
0.0386003	0.123762	0	1.03093
0.0387233	0.123762	0	1.03093
0.0387447	0.123762	0	1.03093
0.0389067	0.123762	0	1.03093
0.0389201	0.123762	0	1.03093
0.038996	0.123762	0	1.03093
0.0390165	0.123762	0	1.03093
0.0390554	0.123762	0	1.03093
0.0391805	0.123762	0	1.03093
0.0392992	0.123762	0	1.03093
0.0393197	0.123762	0	1.03093
0.0393538	0.123762	0	1.03093
0.0394162	0.123762	0	1.03093
0.0394665	0.123762	0	1.03093
0.039502	0.123762	0	1.03093
0.0395144	0.123762	0	1.03093
0.0395417	0.123762	0	1.03093
0.0396698	0.123762	0	1.03093
0.0397411	0.123762	0	1.03093
0.0397519	0.123762	0	1.03093
0.0398369	0.123762	0	1.03093
0.0399188	0.123762	0	1.03093
0.0399553	0.123762	0	1.03093
0.0400291	0.123762	0	1.03093
0.0400433	0.123762	0	1.03093
0.0401412	0.123762	0	1.03093
0.0401467	0.123762	0	1.03093
0.0401499	0.123762	0	1.03093
0.0402003	0.123762	0	1.03093
0.0402417	0.123762	0	1.03093
0.040255	0.123762	0	1.03093
0.0402763	0.123762	0	1.03093
0.040308	0.123762	0	1.03093
0.0403545	0.123762	0	1.03093
0.0403568	0.123762	0	1.03093
0.0403695	0.123762	0	1.03093
0.0404502	0.123762	0	1.03093
0.0405009	0.123762	0	1.03093
0.0405048	0.123762	0	1.03093
0.0405442	0.123762	0	1.03093
0.0406732	0.123762	0	1.03093
0.0406918	0.123762	0	1.03093
0.0407311	0.123762	0	1.03093
0.0407517	0.123762	0	1.03093
0.0407779	0.123762	0	1.03093
0.0408537	0.123762	0	1.03093
0.0408933	0.123762	0	1.03093
0.0409372	0.123762	0	1.03093
0.0409822	0.123762	0	1.03093
0.0410044	0.123762	0	1.03093
0.0411269	0.123762	0	1.03093
0.041318	0.123762	0	1.03093
0.0413266	0.123762	0	1.03093
0.041338	0.123762	0	1.03093
0.0414445	0.123762	0	1.03093
0.0416694	0.123762	0	1.03093
0.0417227	0.123762	0	1.03093
0.0418959	0.123762	0	1.03093
0.0419253	0.123762	0	1.03093
0.0419321	0.123762	0	1.03093
0.0419688	0.123762	0	1.03093
0.0419943	0.123762	0	1.03093
0.0422331	0.123762	0	1.03093
0.0424692	0.123762	0	1.03093
0.042494	0.123762	0	1.03093
0.0425185	0.123762	0	1.03093
0.0425297	0.123762	0	1.03093
0.0425452	0.123762	0	1.03093
0.0427833	0.123762	0	1.03093
0.0428162	0.123762	0	1.03093
0.0431376	0.123762	0	1.03093
0.043139	0.123762	0	1.03093
0.0431766	0.123762	0	1.03093
0.0432704	0.123762	0	1.03093
0.0434223	0.123762	0	1.03093
0.0434345	0.123762	0	1.03093
0.043446	0.123762	0	1.03093
0.0436431	0.123762	0	1.03093
0.0436528	0.123762	0	1.03093
0.0437765	0.123762	0	1.03093
0.0438261	0.123762	0	1.03093
0.0439168	0.123762	0	1.03093
0.0439267	0.123762	0	1.03093
0.0440195	0.123762	0	1.03093
0.0440623	0.123762	0	1.03093
0.0440985	0.123762	0	1.03093
0.0441069	0.123762	0	1.03093
0.0441084	0.123762	0	1.03093
0.04415	0.123762	0	1.03093
0.0442199	0.123762	0	1.03093
0.0442605	0.123762	0	1.03093
0.0442865	0.123762	0	1.03093
0.0443624	0.123762	0	1.03093
0.0443678	0.123762	0	1.03093
0.0443858	0.123762	0	1.03093
0.0444247	0.123762	0	1.03093
0.0444493	0.123762	0	1.03093
0.0444663	0.123762	0	1.03093
0.0444745	0.123762	0	1.03093
0.0445819	0.123762	0	1.03093
0.044617	0.123762	0	1.03093
0.0446486	0.123762	0	1.03093
0.0446664	0.123762	0	1.03093
0.0446717	0.123762	0	1.03093
0.044694	0.123762	0	1.03093
0.0447329	0.123762	0	1.03093
0.0447922	0.123762	0	1.03093
0.04487	0.123762	0	1.03093
0.0450524	0.123762	0	1.03093
0.0450751	0.123762	0	1.03093
0.0451499	0.123762	0	1.03093
0.0452328	0.123762	0	1.03093
0.045248	0.123762	0	1.03093
0.0452807	0.123762	0	1.03093
0.0453063	0.123762	0	1.03093
0.0453293	0.123762	0	1.03093
0.045347	0.123762	0	1.03093
0.0453834	0.123762	0	1.03093
0.0454078	0.123762	0	1.03093
0.0454507	0.123762	0	1.03093
0.0455163	0.123762	0	1.03093
0.0455676	0.123762	0	1.03093
0.0456066	0.123762	0	1.03093
0.0457166	0.123762	0	1.03093
0.0457618	0.123762	0	1.03093
0.0458809	0.123762	0	1.03093
0.0458835	0.123762	0	1.03093
0.0461178	0.123762	0	1.03093
0.0461974	0.123762	0	1.03093
0.0462319	0.123762	0	1.03093
0.0463234	0.123762	0	1.03093
0.0463692	0.123762	0	1.03093
0.0463807	0.123762	0	1.03093
0.0464238	0.123762	0	1.03093
0.0464277	0.123762	0	1.03093
0.0464341	0.123762	0	1.03093
0.0464478	0.123762	0	1.03093
0.0465756	0.123762	0	1.03093
0.0466167	0.123762	0	1.03093
0.0466562	0.123762	0	1.03093
0.0467586	0.123762	0	1.03093
0.0468441	0.123762	0	1.03093
0.0469296	0.123762	0	1.03093
0.0469553	0.165017	0.0825083	1.03093
0.0470592	0.165017	0.0825083	1.03093
0.0472265	0.165017	0.0825083	1.03093
0.0474741	0.165017	0.0825083	1.03093
0.0478074	0.165017	0.0825083	1.03093
0.0480746	0.165017	0.0825083	1.03093
0.0480915	0.165017	0.0825083	1.03093
0.0482023	0.247525	0	1.03093
0.0482619	0.247525	0	1.03093
0.0482625	0.247525	0	1.03093
0.0483641	0.247525	0	1.03093
0.0483874	0.247525	0	1.03093
0.048413	0.247525	0	1.03093
0.0485573	0.247525	0	1.03093
0.0485621	0.247525	0	1.03093
0.0486045	0.247525	0	1.03093
0.048696	0.247525	0	1.03093
0.0488751	0.247525	0	1.03093
0.0489328	0.247525	0	1.03093
0.0489959	0.247525	0	1.03093
0.0491392	0.247525	0	1.03093
0.0491698	0.247525	0	1.03093
0.0491905	0.247525	0	1.03093
0.0491942	0.247525	0	1.03093
0.0492106	0.247525	0	1.03093
0.0492569	0.247525	0	1.03093
0.0492654	0.247525	0	1.03093
0.0493148	0.247525	0	1.03093
0.0493575	0.247525	0	1.03093
0.0493747	0.247525	0	1.03093
0.0494026	0.247525	0	1.03093
0.0494243	0.247525	0	1.03093
0.0494734	0.247525	0	1.03093
0.0494809	0.247525	0	1.03093
0.0495504	0.247525	0	1.03093
0.0495862	0.247525	0	1.03093
0.049675	0.247525	0	1.03093
0.0497363	0.247525	0	1.03093
0.0498135	0.247525	0	1.03093
0.0498888	0.247525	0	1.03093
0.0500369	0.247525	0	1.03093
0.0502274	0.247525	0	1.03093
0.050395	0.247525	0	1.03093
0.0504533	0.247525	0	1.03093
0.0509284	0.247525	0	1.03093
0.0509566	0.247525	0	1.03093
0.0509699	0.247525	0	1.03093
0.0513684	0.247525	0	1.03093
0.0514018	0.247525	0	1.03093
0.0514802	0.288779	0.0825083	1.03093
0.051501	0.288779	0.0825083	1.03093
0.0515474	0.288779	0.0825083	1.03093
0.0515873	0.288779	0.0825083	1.03093
0.0517301	0.288779	0.0825083	1.03093
0.0517709	0.288779	0.0825083	1.03093
0.0517972	0.288779	0.0825083	1.03093
0.0519299	0.288779	0.0825083	1.03093
0.0520382	0.288779	0.0825083	1.03093
0.0520678	0.288779	0.0825083	1.03093
0.0529524	0.288779	0.0825083	1.03093
0.0530727	0.371287	0	1.03093
0.0535405	0.371287	0	1.03093
0.0536251	0.412541	0.0825083	1.03093
0.0536438	0.412541	0.0825083	1.03093
0.0537058	0.412541	0.0825083	1.03093
0.0539721	0.412541	0.0825083	1.03093
0.0541016	0.412541	0.0825083	1.03093
0.0552526	0.412541	0.0825083	1.03093
0.0560269	0.412541	0.0825083	1.03093
0.0560626	0.412541	0.0825083	1.03093
0.0605344	0.49505	0	1.03093
0.0622218	0.49505	0.0825083	1.03093
0.0623718	0.577558	0	1.03093
0.0645323	0.618812	0.0825083	1.03093
0.0820638	0.70132	0	1.03093
0.0929259	0.70132	0	1.03093
0.0944888	0.742574	0.0825083	1.03093
0.0975393	0.825082	0	1.03093
0.0977513	0.825082	0.165017	1.03093
0.0989088	0.907591	0.0825083	1.03093
0.0990864	0.948845	0.165017	1.03093
0.0995971	1.03135	0.0825083	1.03093
0.100237	1.07261	0.165017	1.03093
0.101497	1.15512	0.0825083	1.03093
0.101675	1.23762	0	1.03093
0.102292	1.27888	0.0825083	1.03093
0.104763	1.27888	0.0825083	1.03093
0.110869	1.36139	0	1.03093
0.111233	1.40264	0.0825083	1.03093
0.111507	1.48515	0	1.03093
0.112139	1.5264	0.0825083	1.03093
0.151027	1.60891	0	1.03093
0.151632	1.65016	0.0825083	1.03093
0.152281	1.65016	0.247525	1.03093
0.152283	1.73267	0.165017	1.03093
0.153604	1.81518	0.0825083	1.03093
0.159285	1.89769	0	1.03093
0.159448	1.89769	0.165017	1.03093
0.160323	1.9802	0.0825083	1.03093
0.171528	2.06271	0	1.03093
0.172949	2.10396	0.0825083	1.03093
0.173288	2.18647	0	1.03093
0.191918	2.18647	0	1.03093
0.192863	2.18647	0.0825083	1.03093
0.224428	2.26898	0	1.03093
0.225425	2.26898	0.165017	1.03093
0.228817	2.35149	0.0825083	1.03093
0.232224	2.43399	0	1.03093
0.235439	2.43399	0.165017	1.03093
0.23774	2.5165	0.0825083	1.03093
0.241672	2.59901	0	1.03093
0.311576	2.59901	0	1.03093
0.312107	2.59901	0.165017	1.03093
0.312312	2.68152	0.0825083	1.03093
0.312321	2.72277	0.165017	1.03093
0.313312	2.80528	0.0825083	1.03093
0.319257	2.88779	0	1.03093
0.328552	2.88779	0	1.03093
0.328692	2.92904	0.0825083	1.03093
0.331863	3.01155	0	1.03093
0.336769	3.01155	0	1.03093
0.339064	3.01155	0.0825083	1.03093
0.340919	3.09406	0	1.03093
0.356106	3.09406	0	1.03093
0.358713	3.09406	0	1.03093
0.358887	3.13531	0.0825083	1.03093
0.359964	3.21782	0	1.03093
0.360188	3.21782	0.0825083	1.03093
0.360196	3.30033	0	1.03093
0.373996	3.30033	0	1.03093
0.378671	3.34158	0.0825083	1.03093
0.384341	3.42409	0	1.03093
0.396506	3.42409	0	1.03093
0.416722	3.42409	0	1.03093
0.419321	3.46535	0.0825083	1.03093
0.424304	3.54785	0	1.03093
0.424643	3.58911	0.0825083	1.03093
0.424927	3.63036	0.165017	1.03093
0.425308	3.71287	0.0825083	1.03093
0.429326	3.79538	0	1.03093
0.432975	3.79538	0.0825083	1.03093
0.444581	3.87789	0	1.03093
0.44478	3.87789	0.165017	1.03093
0.445503	3.9604	0.0825083	1.03093
0.47813	4.0429	0	1.03093
0.488033	4.0429	0	1.03093
0.489325	4.08416	0.0825083	1.03093
0.493904	4.16667	0	1.03093
0.505405	4.16667	0	1.03093
0.505864	4.16667	0.165017	1.03093
0.506304	4.24918	0.0825083	1.03093
0.522921	4.33168	0	1.03093
0.527256	4.37294	0.0825083	1.03093
0.540341	4.45545	0	1.03093
0.542119	4.45545	0.0825083	1.03093
0.542444	4.45545	0.0825083	1.03093
0.5452	4.53795	0	1.03093
0.546511	4.57921	0.0825083	1.03093
0.546826	4.62046	0.165017	1.03093
0.548451	4.66172	0.247525	1.03093
0.549309	4.74422	0.165017	1.03093
0.549745	4.74422	0.330033	1.03093
0.550043	4.82673	0.247525	1.03093
0.550189	4.90924	0.165017	1.03093
0.551831	4.99175	0.0825083	1.03093
0.564931	5.07426	0	1.03093
0.565965	5.11551	0.0825083	1.03093
0.599253	5.19802	0	1.03093
0.599256	5.19802	0.0825083	1.03093
0.611288	5.28053	0	1.03093
0.615611	5.28053	0.0825083	1.03093
0.633998	5.36304	0	1.03093
0.637576	5.36304	0	1.03093
0.638853	5.36304	0.165017	1.03093
0.639344	5.44554	0.0825083	1.03093
0.639713	5.44554	0.0825083	1.03093
0.644895	5.52805	0	1.03093
0.645591	5.52805	0	1.54639
0.662468	5.52805	0	2.06186
0.690787	5.52805	0	2.57732
0.698577	5.56931	0.0825083	2.57732
0.704848	5.65182	0	2.57732
0.715006	5.65182	0	2.57732
0.736518	5.65182	0	3.09278
0.7436	5.65182	0	3.60825
0.781599	5.65182	0	3.60825
0.787023	5.65182	0	3.60825
0.788541	5.69307	0.0825083	3.60825
0.795174	5.77558	0	3.60825
0.795639	5.77558	0.0825083	3.60825
0.805967	5.85809	0	3.60825
0.808898	5.85809	0.0825083	3.60825
0.809512	5.94059	0	3.60825
0.813267	5.94059	0	3.60825
0.840444	5.94059	0	4.12371
0.848961	5.94059	0	4.12371
0.851444	5.98185	0.0825083	4.12371
0.851771	5.98185	0.0825083	4.63918
0.852091	6.06436	0	4.63918
0.852426	6.06436	0	4.63918
0.854012	6.10561	0.0825083	4.63918
0.867215	6.18812	0	4.63918
0.868657	6.22937	0.0825083	4.63918
0.873408	6.31188	0	4.63918
0.873629	6.35314	0.0825083	4.63918
0.874042	6.43564	0	4.63918
0.876217	6.4769	0.0825083	4.63918
0.882259	6.55941	0	4.63918
0.949228	6.55941	0	5.15464
0.950362	6.55941	0.165017	5.15464
0.952096	6.64191	0.0825083	5.15464
0.954514	6.68317	0.165017	5.15464
0.956391	6.76568	0.0825083	5.15464
0.962948	6.84818	0	5.15464
0.96488	6.88944	0.0825083	5.15464
0.978335	6.97195	0	5.15464
0.978584	6.97195	0.165017	5.15464
0.98401	7.05446	0.0825083	5.15464
0.990727	7.13696	0	5.15464
1.04573	7.13696	0	5.6701
1.04721	7.13696	0.0825083	5.6701
1.05274	7.21947	0	5.6701
1.05668	7.26073	0.0825083	5.6701
1.05676	7.30198	0.165017	5.6701
1.05947	7.38449	0.0825083	5.6701
1.06324	7.467	0	5.6701
1.06344	7.467	0.0825083	5.6701
1.06376	7.5495	0	5.6701
1.06413	7.5495	0.165017	5.6701
1.06496	7.63201	0.0825083	5.6701
1.06637	7.63201	0.0825083	5.6701
1.06652	7.71452	0	5.6701
1.07096	7.75578	0.0825083	5.6701
1.07803	7.83828	0	5.6701
1.07873	7.83828	0.165017	5.6701
1.07894	7.92079	0.0825083	5.6701
1.07931	8.0033	0	5.6701
1.0799	8.04455	0.0825083	5.6701
1.08412	8.12706	0	5.6701
1.08512	8.12706	0.0825083	5.6701
1.08678	8.20957	0	5.6701
1.08932	8.20957	0.0825083	5.6701
1.08949	8.20957	0.165017	5.6701
1.09098	8.29208	0.0825083	5.6701
1.09478	8.37459	0	5.6701
1.10241	8.37459	0	6.18557
1.1071	8.37459	0	6.18557
1.11229	8.37459	0	6.70103
1.18188	8.37459	0	6.70103
1.19493	8.37459	0	7.2165
1.19979	8.37459	0	7.73196
1.20054	8.37459	0.0825083	7.73196
1.22116	8.4571	0	7.73196
1.24445	8.4571	0	8.24742
1.24749	8.49835	0.0825083	8.24742
1.24822	8.5396	0.165017	8.24742
1.25224	8.62211	0.0825083	8.24742
1.25502	8.70462	0	8.24742
1.25533	8.70462	0.165017	8.24742
1.25632	8.78713	0.0825083	8.24742
1.25653	8.86964	0	8.24742
1.29898	8.86964	0	8.24742
1.3218	8.86964	0	8.76289
1.32373	8.91089	0.0825083	8.76289
1.32579	8.9934	0	8.76289
1.32608	8.9934	0	9.27835
1.32789	8.9934	0	9.79381
1.36914	8.9934	0	10.3093
1.37176	9.03465	0.0825083	10.3093
1.3734	9.11716	0	10.3093
1.37518	9.15842	0.0825083	10.3093
1.37875	9.24092	0	10.3093
1.3877	9.24092	0.0825083	10.3093
1.38907	9.24092	0.0825083	10.8247
1.39025	9.28218	0.165017	10.8247
1.40581	9.36469	0.0825083	10.8247
1.40844	9.40594	0.165017	10.8247
1.4141	9.48845	0.0825083	10.8247
1.41429	9.5297	0.165017	10.8247
1.46033	9.61221	0.0825083	10.8247
1.46292	9.61221	0.0825083	10.8247
1.46425	9.61221	0.165017	10.8247
1.47075	9.69472	0.0825083	10.8247
1.47085	9.73597	0.165017	10.8247
1.4902	9.81848	0.0825083	10.8247
1.49129	9.81848	0.247525	10.8247
1.49426	9.90099	0.165017	10.8247
1.50275	9.9835	0.0825083	10.8247
1.50465	10.0248	0.165017	10.8247
1.55744	10.1073	0.0825083	10.8247
1.56002	10.1485	0.165017	10.8247
1.56985	10.231	0.0825083	10.8247
1.57876	10.231	0.0825083	11.3402
1.57984	10.231	0.247525	11.3402
1.58408	10.3135	0.165017	11.3402
1.60101	10.396	0.0825083	11.3402
1.60128	10.4373	0.165017	11.3402
1.612	10.5198	0.0825083	11.3402
1.62235	10.5198	0.0825083	11.8557
1.62243	10.5611	0.165017	11.8557
1.62982	10.6436	0.0825083	11.8557
1.63264	10.6848	0.165017	11.8557
1.64307	10.7673	0.0825083	11.8557
1.64343	10.8086	0.165017	11.8557
1.64778	10.8911	0.0825083	11.8557
1.64949	10.9323	0.165017	11.8557
1.65594	11.0149	0.0825083	11.8557
1.66819	11.0149	0.0825083	12.3711
1.66916	11.0561	0.165017	12.3711
1.68351	11.1386	0.0825083	12.3711
1.68364	11.1799	0.165017	12.3711
1.69842	11.2624	0.0825083	12.3711
1.69994	11.3036	0.165017	12.3711
1.70049	11.3861	0.0825083	12.3711
1.70089	11.3861	0.247525	12.3711
1.7021	11.4274	0.330033	12.3711
1.70211	11.5099	0.247525	12.3711
1.70271	11.5924	0.165017	12.3711
1.71418	11.6749	0.0825083	12.3711
1.71436	11.7162	0.165017	12.3711
1.72348	11.7987	0.0825083	12.3711
1.7251	11.7987	0.165017	12.3711
1.74874	11.8812	0.0825083	12.3711
1.74941	11.9224	0.165017	12.3711
1.7685	12.005	0.0825083	12.3711
1.79377	12.005	0.0825083	12.8866
1.79408	12.005	0.247525	12.8866
1.79457	12.0875	0.165017	12.8866
1.80139	12.17	0.0825083	12.8866
1.81054	12.17	0.0825083	13.4021
1.81167	12.2112	0.165017	13.4021
1.81469	12.2937	0.0825083	13.4021
1.81539	12.335	0.165017	13.4021
1.84226	12.4175	0.0825083	13.4021
1.84237	12.4587	0.165017	13.4021
1.84262	12.4587	0.330033	13.4021
1.84343	12.4587	0.330033	13.4021
1.84419	12.5413	0.247525	13.4021
1.84567	12.6238	0.165017	13.4021
1.85912	12.7063	0.0825083	13.4021
1.85985	12.7063	0.165017	13.4021
1.86956	12.7888	0.0825083	13.4021
1.8779	12.7888	0.0825083	13.9175
1.87886	12.83	0.165017	13.9175
1.89462	12.9125	0.0825083	13.9175
1.89483	12.9538	0.165017	13.9175
1.89621	13.0363	0.0825083	13.9175
1.89752	13.0363	0.247525	13.9175
1.89792	13.1188	0.165017	13.9175
1.90516	13.2013	0.0825083	13.9175
1.90661	13.2013	0.165017	13.9175
1.9128	13.2838	0.0825083	13.9175
1.91386	13.3251	0.165017	13.9175
1.93128	13.4076	0.0825083	13.9175
1.9321	13.4488	0.165017	13.9175
1.95543	13.5314	0.0825083	13.9175
1.96157	13.5726	0.165017	13.9175
1.97164	13.6551	0.0825083	13.9175
1.97171	13.6964	0.165017	13.9175
1.98185	13.7789	0.0825083	13.9175
1.98293	13.7789	0.0825083	14.9485
1.98314	13.7789	0.165017	14.9485
1.98354	13.8201	0.247525	14.9485
1.98404	13.9026	0.165017	14.9485
1.99579	13.9851	0.0825083	14.9485
1.99714	14.0264	0.165017	14.9485
2.0324	14.1089	0.0825083	14.9485
2.03308	14.1502	0.165017	14.9485
2.04999	14.2327	0.0825083	14.9485
2.05074	14.2327	0.165017	14.9485
2.06518	14.3152	0.0825083	14.9485
2.06684	14.3564	0.165017	14.9485
2.09595	14.4389	0.0825083	14.9485
2.09621	14.4389	0.165017	14.9485
2.09942	14.5215	0.0825083	14.9485
2.10308	14.5215	0.0825083	15.4639
2.10447	14.5215	0.0825083	16.4948
2.10504	14.5627	0.165017	16.4948
2.12161	14.6452	0.0825083	16.4948
2.12299	14.6865	0.165017	16.4948
2.12896	14.769	0.0825083	16.4948
2.12896	14.8102	0.165017	16.4948
2.15529	14.8927	0.0825083	16.4948
2.23312	14.8927	0.0825083	16.4948
2.23597	14.8927	0.247525	16.4948
2.23603	14.9752	0.165017	16.4948
2.23664	15.0578	0.0825083	16.4948
2.2389	15.1403	0	16.4948
2.23909	15.1403	0.165017	16.4948
2.24005	15.2228	0.0825083	16.4948
2.25289	15.3053	0	16.4948
2.25707	15.3053	0	17.0103
2.25742	15.3053	0.165017	17.0103
2.25759	15.3878	0.0825083	17.0103
2.27162	15.4703	0	17.0103
2.29081	15.4703	0	17.5258
2.29349	15.5116	0.0825083	17.5258
2.30969	15.5941	0	17.5258
2.3161	15.5941	0	18.0412
2.31689	15.6353	0.0825083	18.0412
2.32061	15.7178	0	18.0412
2.32143	15.7591	0.0825083	18.0412
2.32452	15.8416	0	18.0412
2.3282	15.8828	0.0825083	18.0412
2.35102	15.9653	0	18.0412
2.35113	16.0066	0.0825083	18.0412
2.38196	16.0891	0	18.0412
2.38396	16.1304	0.0825083	18.0412
2.387	16.2129	0	18.0412
2.3883	16.2541	0.0825083	18.0412
2.41179	16.3366	0	18.0412
2.41332	16.3366	0	18.5567
2.42508	16.3366	0	19.0722
2.42603	16.3779	0.0825083	19.0722
2.43013	16.4604	0	19.0722
2.43134	16.5016	0.0825083	19.0722
2.44267	16.5842	0	19.0722
2.44316	16.6254	0.0825083	19.0722
2.46387	16.7079	0	19.0722
2.465	16.7079	0.165017	19.0722
2.465	16.7904	0.0825083	19.0722
2.47393	16.8729	0	19.0722
2.47432	16.8729	0.165017	19.0722
2.47732	16.9554	0.0825083	19.0722
2.49733	17.038	0	19.0722
2.4992	17.038	0.165017	19.0722
2.50137	17.1205	0.0825083	19.0722
2.53504	17.203	0	19.0722
2.5647	17.203	0	20.1031
2.59582	17.203	0	20.6186
2.59796	17.203	0	20.6186
2.59799	17.2442	0.0825083	20.6186
2.5995	17.3267	0	20.6186
2.59994	17.3267	0.165017	20.6186
2.6	17.4092	0.0825083	20.6186
2.60413	17.4917	0	20.6186
2.60519	17.4917	0	20.6186
2.61069	17.4917	0	21.134
2.61372	17.533	0.0825083	21.134
2.62713	17.6155	0	21.134
2.62739	17.6568	0.0825083	21.134
2.67283	17.7393	0	21.134
2.67456	17.7393	0.165017	21.134
2.6756	17.8218	0.0825083	21.134
2.686	17.9043	0	21.134
2.72648	17.9043	0	21.6495
2.72864	17.9043	0.0825083	21.6495
2.74139	17.9868	0	21.6495
2.74229	18.0281	0.0825083	21.6495
2.77463	18.1106	0	21.6495
2.77822	18.1106	0	22.1649
2.7797	18.1518	0.0825083	22.1649
2.7945	18.2343	0	22.1649
2.79509	18.2343	0.165017	22.1649
2.79686	18.3168	0.0825083	22.1649
2.81645	18.3993	0	22.1649
2.81828	18.4406	0.0825083	22.1649
2.83001	18.5231	0	22.1649
2.83068	18.5644	0.0825083	22.1649
2.85289	18.6469	0	22.1649
2.85874	18.6469	0	22.6804
2.86185	18.6881	0.0825083	22.6804
2.87105	18.7706	0	22.6804
2.87124	18.7706	0.165017	22.6804
2.87524	18.8531	0.0825083	22.6804
2.89217	18.9356	0	22.6804
2.89423	18.9769	0.0825083	22.6804
2.90835	19.0594	0	22.6804
2.91632	19.0594	0	23.1959
2.91905	19.0594	0	23.7113
2.92073	19.0594	0.0825083	23.7113
2.92176	19.1419	0	23.7113
2.92197	19.1832	0.0825083	23.7113
2.92469	19.2657	0	23.7113
2.92472	19.2657	0.165017	23.7113
2.92615	19.3482	0.0825083	23.7113
2.94945	19.4307	0	23.7113
2.9503	19.4307	0.165017	23.7113
2.95255	19.5132	0.0825083	23.7113
2.95294	19.5957	0	23.7113
2.95311	19.5957	0.165017	23.7113
2.95328	19.6782	0.0825083	23.7113
2.95459	19.6782	0.247525	23.7113
2.95526	19.7607	0.165017	23.7113
2.95541	19.8432	0.0825083	23.7113
3.01136	19.9257	0	23.7113
3.0117	19.967	0.0825083	23.7113
3.04069	20.0495	0	23.7113
3.04183	20.0908	0.0825083	23.7113
3.06477	20.1733	0	23.7113
3.0649	20.1733	0.165017	23.7113
3.06678	20.2558	0.0825083	23.7113
3.08297	20.3383	0	23.7113
3.08435	20.3383	0.165017	23.7113
3.08905	20.4208	0.0825083	23.7113
3.10027	20.5033	0	23.7113
3.10086	20.5033	0.165017	23.7113
3.10125	20.5858	0.0825083	23.7113
3.11162	20.6683	0	23.7113
3.11196	20.6683	0.165017	23.7113
3.11588	20.7508	0.0825083	23.7113
3.12817	20.8333	0	23.7113
3.14318	20.8333	0	24.2268
3.15485	20.8333	0	24.2268
3.16992	20.8333	0	24.7423
3.17078	20.8746	0.0825083	24.7423
3.17425	20.9571	0	24.7423
3.1788	20.9571	0.0825083	24.7423
3.24243	21.0396	0	24.7423
3.24688	21.0809	0.0825083	24.7423
3.25571	21.1634	0	24.7423
3.25585	21.1634	0.165017	24.7423
3.2561	21.2459	0.0825083	24.7423
3.27068	21.3284	0	24.7423
3.2713	21.3696	0.0825083	24.7423
3.28692	21.4521	0	24.7423
3.29964	21.4521	0	25.2577
3.3007	21.4934	0.0825083	25.2577
3.31287	21.5759	0	25.2577
3.31291	21.5759	0.0825083	25.2577
3.33352	21.6584	0	25.2577
3.33376	21.6997	0.0825083	25.2577
3.33638	21.6997	0.0825083	25.7732
3.36072	21.7822	0	25.7732
3.36631	21.8234	0.0825083	25.7732
3.38138	21.9059	0	25.7732
3.3837	21.9472	0.0825083	25.7732
3.39532	22.0297	0	25.7732
3.39565	22.0297	0.0825083	25.7732
3.43679	22.1122	0	25.7732
3.4372	22.1122	0.0825083	25.7732
3.43745	22.1122	0.0825083	25.7732
3.45676	22.1947	0	25.7732
3.45829	22.236	0.0825083	25.7732
3.46137	22.3185	0	25.7732
3.46234	22.3597	0.0825083	25.7732
3.47383	22.4422	0	25.7732
3.47456	22.4422	0.0825083	25.7732
3.48017	22.5248	0	25.7732
3.48367	22.566	0.0825083	25.7732
3.49093	22.6485	0	25.7732
3.49146	22.6485	0.165017	25.7732
3.49294	22.731	0.0825083	25.7732
3.50029	22.8135	0	25.7732
3.50273	22.8548	0.0825083	25.7732
3.50653	22.9373	0	25.7732
3.51946	22.9373	0	25.7732
3.51956	22.9373	0.0825083	25.7732
3.5271	23.0198	0	25.7732
3.55072	23.0198	0	26.8041
3.55649	23.0611	0.0825083	26.8041
3.57644	23.1436	0	26.8041
3.57694	23.1848	0.0825083	26.8041
3.58346	23.2673	0	26.8041
3.58606	23.3086	0.0825083	26.8041
3.58632	23.3086	0.247525	26.8041
3.58866	23.3911	0.165017	26.8041
3.59258	23.4736	0.0825083	26.8041
3.59406	23.5561	0	26.8041
3.59443	23.5974	0.0825083	26.8041
3.62892	23.6799	0	26.8041
3.62998	23.6799	0.165017	26.8041
3.63069	23.7624	0.0825083	26.8041
3.63747	23.8449	0	26.8041
3.63844	23.8861	0.0825083	26.8041
3.64398	23.9686	0	26.8041
3.64463	24.0099	0.0825083	26.8041
3.66344	24.0924	0	26.8041
3.66486	24.1337	0.0825083	26.8041
3.70146	24.2162	0	26.8041
3.70303	24.2574	0.0825083	26.8041
3.71557	24.3399	0	26.8041
3.71755	24.3812	0.0825083	26.8041
3.75025	24.4637	0	26.8041
3.75301	24.5049	0.0825083	26.8041
3.76248	24.5875	0	26.8041
3.76258	24.6287	0.0825083	26.8041
3.76638	24.7112	0	26.8041
3.76695	24.7112	0.0825083	26.8041
3.79542	24.7937	0	26.8041
3.79917	24.835	0.0825083	26.8041
3.82448	24.9175	0	26.8041
3.82467	24.9175	0.165017	26.8041
3.82542	24.9175	0.165017	26.8041
3.82555	25	0.0825083	26.8041
3.8263	25.0413	0.165017	26.8041
3.82651	25.1238	0.0825083	26.8041
3.83683	25.2063	0	26.8041
3.8417	25.2063	0.0825083	26.8041
3.84267	25.2888	0	26.8041
3.84291	25.33	0.0825083	26.8041
3.85416	25.4125	0	26.8041
3.85761	25.4538	0.0825083	26.8041
3.8581	25.5363	0	26.8041
3.85968	25.5363	0.165017	26.8041
3.86039	25.6188	0.0825083	26.8041
3.8639	25.7013	0	26.8041
3.86532	25.7013	0.165017	26.8041
3.8667	25.7838	0.0825083	26.8041
3.91515	25.8663	0	26.8041
3.94557	25.8663	0	27.3196
3.95726	25.8663	0	27.3196
3.95896	25.9076	0.0825083	27.3196
3.99785	25.9901	0	27.3196
3.99958	25.9901	0	27.8351
4.00004	26.0314	0.0825083	27.8351
4.00565	26.1139	0	27.8351
4.00821	26.1139	0	28.3505
4.00968	26.1139	0.165017	28.3505
4.01015	26.1964	0.0825083	28.3505
4.01021	26.2376	0.165017	28.3505
4.01097	26.3201	0.0825083	28.3505
4.02163	26.4026	0	28.3505
4.02242	26.4439	0.0825083	28.3505
4.02737	26.5264	0	28.3505
4.02748	26.5677	0.0825083	28.3505
4.03925	26.6502	0	28.3505
4.04191	26.6914	0.0825083	28.3505
4.05861	26.7739	0	28.3505
4.09931	26.7739	0	28.866
4.11719	26.7739	0	29.3814
4.11753	26.8152	0.0825083	29.3814
4.1318	26.8977	0	29.3814
4.13811	26.8977	0.165017	29.3814
4.13824	26.9802	0.0825083	29.3814
4.14712	27.0627	0	29.3814
4.15033	27.104	0.0825083	29.3814
4.17195	27.1865	0	29.3814
4.17306	27.1865	0.0825083	29.3814
4.17359	27.1865	0.165017	29.3814
4.17427	27.269	0.0825083	29.3814
4.18749	27.3515	0	29.3814
4.18782	27.3515	0.165017	29.3814
4.18843	27.434	0.0825083	29.3814
4.18964	27.5165	0	29.3814
4.18971	27.5165	0.0825083	29.3814
4.19135	27.5165	0.0825083	29.3814
4.19775	27.599	0	29.3814
4.19934	27.599	0.165017	29.3814
4.19935	27.6815	0.0825083	29.3814
4.20571	27.764	0	29.3814
4.20675	27.8053	0.0825083	29.3814
4.20988	27.8878	0	29.3814
4.21216	27.929	0.0825083	29.3814
4.22596	28.0116	0	29.3814
4.23129	28.0116	0	29.8969
4.23164	28.0116	0.165017	29.8969
4.23462	28.0941	0.0825083	29.8969
4.25396	28.1766	0	29.8969
4.25571	28.2178	0.0825083	29.8969
4.26076	28.3003	0	29.8969
4.26153	28.3003	0.165017	29.8969
4.2629	28.3828	0.0825083	29.8969
4.29182	28.4653	0	29.8969
4.29264	28.5066	0.0825083	29.8969
4.30089	28.5891	0	29.8969
4.30273	28.6304	0.0825083	29.8969
4.33148	28.7129	0	29.8969
4.33376	28.7129	0.0825083	29.8969
4.33557	28.7541	0.165017	29.8969
4.33895	28.8366	0.0825083	29.8969
4.34791	28.9191	0	29.8969
4.34799	28.9191	0.165017	29.8969
4.34818	29.0016	0.0825083	29.8969
4.3532	29.0842	0	29.8969
4.35649	29.1254	0.0825083	29.8969
4.36054	29.2079	0	29.8969
4.36217	29.2492	0.0825083	29.8969
4.37578	29.3317	0	29.8969
4.37694	29.3729	0.0825083	29.8969
4.38579	29.4554	0	29.8969
4.38717	29.4554	0.165017	29.8969
4.38739	29.4967	0.247525	29.8969
4.38847	29.5792	0.165017	29.8969
4.39048	29.6617	0.0825083	29.8969
4.40241	29.7442	0	29.8969
4.42936	29.7442	0	30.9278
4.43047	29.7442	0	31.4433
4.43495	29.7855	0.0825083	31.4433
4.46861	29.868	0	31.4433
4.47114	29.868	0.0825083	31.4433
4.48173	29.9505	0	31.4433
4.48378	29.9505	0.0825083	31.4433
4.49037	30.033	0	31.4433
4.49322	30.0743	0.0825083	31.4433
4.49329	30.1155	0.165017	31.4433
4.49519	30.198	0.0825083	31.4433
4.5151	30.2805	0	31.4433
4.51816	30.3218	0.0825083	31.4433
4.52081	30.4043	0	31.4433
4.52298	30.4455	0.0825083	31.4433
4.52914	30.5281	0	31.4433
4.52939	30.5693	0.0825083	31.4433
4.54805	30.6518	0	31.4433
4.54853	30.6931	0.0825083	31.4433
4.55235	30.7756	0	31.4433
4.5535	30.8168	0.0825083	31.4433
4.55356	30.8168	0.0825083	32.4742
4.55681	30.8993	0	32.4742
4.59474	30.8993	0	32.9897
4.59567	30.9406	0.0825083	32.9897
4.61098	31.0231	0	32.9897
4.61134	31.0644	0.0825083	32.9897
4.62337	31.1469	0	32.9897
4.67384	31.1469	0	33.5052
4.67435	31.1469	0.0825083	33.5052
4.68058	31.2294	0	33.5052
4.71798	31.2294	0	34.0206
4.719	31.2706	0.0825083	34.0206
4.72393	31.3531	0	34.0206
4.72399	31.3531	0.0825083	34.0206
4.72665	31.4356	0	34.0206
4.72676	31.4769	0.0825083	34.0206
4.72738	31.5182	0.165017	34.0206
4.72765	31.6007	0.0825083	34.0206
4.74234	31.6832	0	34.0206
4.74384	31.7244	0.0825083	34.0206
4.78889	31.8069	0	34.0206
4.7922	31.8069	0.165017	34.0206
4.79359	31.8894	0.0825083	34.0206
4.79574	31.8894	0.0825083	34.5361
4.80609	31.9719	0	34.5361
4.80653	32.0132	0.0825083	34.5361
4.83238	32.0957	0	34.5361
4.83518	32.137	0.0825083	34.5361
4.85343	32.2195	0	34.5361
4.87864	32.2195	0	35.567
4.87936	32.2607	0.0825083	35.567
4.88768	32.3432	0	35.567
4.88826	32.3432	0.0825083	35.567
4.89043	32.3845	0.165017	35.567
4.89216	32.467	0.0825083	35.567
4.92414	32.5495	0	35.567
4.92438	32.5495	0.165017	35.567
4.92556	32.632	0.0825083	35.567
4.93828	32.7145	0	35.567
4.94653	32.7145	0	36.0825
4.94773	32.7558	0.0825083	36.0825
4.95202	32.8383	0	36.0825
4.9537	32.8795	0.0825083	36.0825
4.9599	32.962	0	36.0825
4.97711	32.962	0	36.5979
4.97722	33.0033	0.0825083	36.5979
4.98905	33.0858	0	36.5979
5.04693	33.0858	0	37.6289
5.05498	33.0858	0	38.1443
5.05757	33.1271	0.0825083	38.1443
5.06282	33.2096	0	38.1443
5.06388	33.2508	0.0825083	38.1443
5.10046	33.3333	0	38.1443
5.1038	33.3746	0.0825083	38.1443
5.11686	33.4571	0	38.1443
5.11971	33.4983	0.0825083	38.1443
5.16993	33.5809	0	38.1443
5.17809	33.5809	0.0825083	38.1443
5.18494	33.6634	0	38.1443
5.18597	33.7046	0.0825083	38.1443
5.23302	33.7871	0	38.1443
5.23418	33.7871	0.165017	38.1443
5.2346	33.8696	0.0825083	38.1443
5.24387	33.9521	0	38.1443
5.26691	33.9521	0	38.6598
5.27243	33.9934	0.0825083	38.6598
5.28324	34.0759	0	38.6598
5.34434	34.0759	0	39.6907
5.34484	34.0759	0.0825083	39.6907
5.34761	34.1584	0	39.6907
5.35092	34.1584	0.165017	39.6907
5.35167	34.2409	0.0825083	39.6907
5.35177	34.2822	0.165017	39.6907
5.3527	34.3647	0.0825083	39.6907
5.38197	34.4472	0	39.6907
5.38267	34.4472	0.165017	39.6907
5.38289	34.5297	0.0825083	39.6907
5.40213	34.6122	0	39.6907
5.41676	34.6122	0	40.2062
5.42686	34.6122	0	40.2062
5.4312	34.6535	0.0825083	40.2062
5.45174	34.736	0	40.2062
5.48557	34.736	0	41.2371
5.48869	34.736	0.165017	41.2371
5.49202	34.8185	0.0825083	41.2371
5.49925	34.901	0	41.2371
5.49972	34.9422	0.0825083	41.2371
5.50574	35.0248	0	41.2371
5.50738	35.066	0.0825083	41.2371
5.5398	35.1485	0	41.2371
5.54106	35.1898	0.0825083	41.2371
5.57738	35.2723	0	41.2371
5.57844	35.3135	0.0825083	41.2371
5.5833	35.396	0	41.2371
5.58337	35.4373	0.0825083	41.2371
5.62196	35.5198	0	41.2371
5.62217	35.5611	0.0825083	41.2371
5.62224	35.6436	0	41.2371
5.62265	35.6436	0.165017	41.2371
5.62271	35.7261	0.0825083	41.2371
5.63118	35.8086	0	41.2371
5.63143	35.8086	0.165017	41.2371
5.63208	35.8911	0.0825083	41.2371
5.67965	35.9736	0	41.2371
5.67992	35.9736	0.165017	41.2371
5.68395	36.0561	0.0825083	41.2371
5.69503	36.1386	0	41.2371
5.69511	36.1799	0.0825083	41.2371
5.70619	36.2624	0	41.2371
5.70677	36.3036	0.0825083	41.2371
5.7148	36.3861	0	41.2371
5.71553	36.3861	0.0825083	41.2371
5.71598	36.3861	0.0825083	41.2371
5.75884	36.4686	0	41.2371
5.75891	36.5099	0.0825083	41.2371
5.76015	36.5512	0.165017	41.2371
5.76039	36.6337	0.0825083	41.2371
5.76401	36.7162	0	41.2371
5.76403	36.7162	0.165017	41.2371
5.76406	36.7987	0.0825083	41.2371
5.78594	36.8812	0	41.2371
5.78639	36.9224	0.0825083	41.2371
5.79238	37.005	0	41.2371
5.79728	37.0462	0.0825083	41.2371
5.81402	37.1287	0	41.2371
5.81571	37.17	0.0825083	41.2371
5.82792	37.2525	0	41.2371
5.83037	37.2525	0.0825083	41.2371
5.84026	37.335	0	41.2371
5.84039	37.3762	0.0825083	41.2371
5.85867	37.4587	0	41.2371
5.86777	37.4587	0.0825083	41.2371
5.87641	37.5413	0	41.2371
5.89854	37.5413	0	41.7526
5.89948	37.5825	0.0825083	41.7526
5.90233	37.5825	0.165017	41.7526
5.90302	37.665	0.0825083	41.7526
5.92549	37.7475	0	41.7526
5.92725	37.7888	0.0825083	41.7526
5.95922	37.8713	0	41.7526
5.97685	37.8713	0	42.268
5.97779	37.8713	0.0825083	42.268
5.99526	37.9538	0	42.268
5.99606	37.9538	0.165017	42.268
5.99842	38.0363	0.0825083	42.268
6.05965	38.1188	0	42.268
6.06004	38.1188	0.0825083	42.268
6.06051	38.1188	0.165017	42.268
6.0668	38.2013	0.0825083	42.268
6.10205	38.2838	0	42.268
6.10341	38.3251	0.0825083	42.268
6.1104	38.4076	0	42.268
6.11482	38.4076	0.0825083	42.268
6.13353	38.4901	0	42.268
6.13435	38.4901	0.165017	42.268
6.13475	38.5726	0.0825083	42.268
6.19514	38.6551	0	42.268
6.19852	38.6551	0.0825083	42.268
6.20656	38.7376	0	42.268
6.20663	38.7789	0.0825083	42.268
6.2113	38.8614	0	42.268
6.21268	38.9026	0.0825083	42.268
6.23569	38.9851	0	42.268
6.23902	39.0264	0.0825083	42.268
6.23991	39.1089	0	42.268
6.26105	39.1089	0	42.7835
6.26226	39.1502	0.0825083	42.7835
6.26453	39.2327	0	42.7835
6.28089	39.2327	0	43.299
6.29347	39.2327	0	43.8144
6.30659	39.2327	0	44.3299
6.30963	39.2739	0.0825083	44.3299
6.36518	39.3564	0	44.3299
6.3672	39.3977	0.0825083	44.3299
6.40195	39.4802	0	44.3299
6.40542	39.5215	0.0825083	44.3299
6.49083	39.604	0	44.3299
6.49728	39.604	0	45.3608
6.51081	39.604	0	45.8763
6.51138	39.6452	0.0825083	45.8763
6.55986	39.7277	0	45.8763
6.56423	39.7277	0	46.9072
6.62464	39.7277	0	47.4227
6.62572	39.769	0.0825083	47.4227
6.6354	39.8515	0	47.4227
6.63611	39.8515	0.165017	47.4227
6.63859	39.934	0.0825083	47.4227
6.64437	40.0165	0	47.4227
6.6487	40.0165	0.0825083	47.4227
6.65085	40.099	0	47.4227
6.65246	40.1403	0.0825083	47.4227
6.65256	40.1403	0.165017	47.4227
6.65463	40.1815	0.247525	47.4227
6.65878	40.264	0.165017	47.4227
6.68527	40.3465	0.0825083	47.4227
6.68702	40.3878	0.165017	47.4227
6.75475	40.4703	0.0825083	47.4227
6.77365	40.4703	0.0825083	47.9381
6.77615	40.5116	0.165017	47.9381
6.8142	40.5941	0.0825083	47.9381
6.81513	40.6353	0.165017	47.9381
6.81544	40.7178	0.0825083	47.9381
6.81649	40.7178	0.0825083	48.4536
6.81921	40.7591	0.165017	48.4536
6.82229	40.8416	0.0825083	48.4536
6.83898	40.8416	0.0825083	48.9691
6.83939	40.8828	0.165017	48.9691
6.84714	40.9653	0.0825083	48.9691
6.84738	40.9653	0.165017	48.9691
6.85465	41.0479	0.0825083	48.9691
6.85852	41.0891	0.165017	48.9691
6.89497	41.1716	0.0825083	48.9691
6.94609	41.1716	0.0825083	50
7.04895	41.1716	0.0825083	51.0309
7.04911	41.2129	0.165017	51.0309
7.12049	41.2954	0.0825083	51.0309
7.12823	41.2954	0.0825083	51.5464
7.12883	41.3366	0.165017	51.5464
7.12964	41.3779	0.247525	51.5464
7.13292	41.4604	0.165017	51.5464
7.17325	41.5429	0.0825083	51.5464
7.21048	41.5429	0.0825083	52.5773
7.21646	41.5842	0.165017	52.5773
7.22553	41.6667	0.0825083	52.5773
7.23678	41.6667	0.0825083	53.6082
7.23735	41.7079	0.165017	53.6082
7.28639	41.7904	0.0825083	53.6082
7.28688	41.8317	0.165017	53.6082
7.34835	41.9142	0.0825083	53.6082
7.34864	41.9554	0.165017	53.6082
7.37917	42.038	0.0825083	53.6082
7.38002	42.038	0.0825083	54.6392
7.38058	42.038	0.247525	54.6392
7.38145	42.1205	0.165017	54.6392
7.40272	42.203	0.0825083	54.6392
7.4048	42.203	0.165017	54.6392
7.44708	42.2855	0.0825083	54.6392
7.45706	42.3267	0.165017	54.6392
7.45953	42.4092	0.0825083	54.6392
7.46134	42.4092	0.247525	54.6392
7.46166	42.4917	0.165017	54.6392
7.47149	42.5743	0.0825083	54.6392
7.4728	42.5743	0.247525	54.6392
7.47601	42.6568	0.165017	54.6392
7.48106	42.7393	0.0825083	54.6392
7.48115	42.7393	0.247525	54.6392
7.48132	42.8218	0.165017	54.6392
7.50372	42.9043	0.0825083	54.6392
7.50432	42.9043	0.247525	54.6392
7.50633	42.9868	0.165017	54.6392
7.51236	43.0693	0.0825083	54.6392
7.51357	43.0693	0.247525	54.6392
7.51429	43.1518	0.165017	54.6392
7.5427	43.2343	0.0825083	54.6392
7.54286	43.2756	0.165017	54.6392
7.55462	43.3581	0.0825083	54.6392
7.55674	43.3581	0.0825083	55.6701
7.55853	43.3993	0.165017	55.6701
7.5707	43.4818	0.0825083	55.6701
7.57095	43.4818	0.0825083	56.1856
7.57126	43.4818	0.247525	56.1856
7.573	43.5644	0.165017	56.1856
7.57405	43.6056	0.247525	56.1856
7.57477	43.6881	0.165017	56.1856
7.58579	43.7706	0.0825083	56.1856
7.58976	43.7706	0.165017	56.1856
7.59377	43.8531	0.0825083	56.1856
7.60168	43.8944	0.165017	56.1856
7.60597	43.9769	0.0825083	56.1856
7.6068	43.9769	0.247525	56.1856
7.60809	44.0594	0.165017	56.1856
7.61191	44.1419	0.0825083	56.1856
7.6161	44.1419	0.247525	56.1856
7.61692	44.2244	0.165017	56.1856
7.62725	44.3069	0.0825083	56.1856
7.6326	44.3069	0.0825083	57.2165
7.63658	44.3482	0.165017	57.2165
7.64906	44.4307	0.0825083	57.2165
7.64908	44.4719	0.165017	57.2165
7.65762	44.5545	0.0825083	57.2165
7.65804	44.5545	0.247525	57.2165
7.65846	44.637	0.165017	57.2165
7.70988	44.7195	0.0825083	57.2165
7.71022	44.7195	0.247525	57.2165
7.71244	44.802	0.165017	57.2165
7.72248	44.8845	0.0825083	57.2165
7.72256	44.9257	0.165017	57.2165
7.72627	45.0083	0.0825083	57.2165
7.7297	45.0495	0.165017	57.2165
7.76797	45.132	0.0825083	57.2165
7.76902	45.1733	0.165017	57.2165
7.77256	45.2145	0.247525	57.2165
7.7733	45.2558	0.330033	57.2165
7.77393	45.3383	0.247525	57.2165
7.77393	45.4208	0.165017	57.2165
7.77464	45.4208	0.165017	57.732
7.79386	45.5033	0.0825083	57.732
7.79651	45.5446	0.165017	57.732
7.79947	45.6271	0.0825083	57.732
7.80119	45.6683	0.165017	57.732
7.8283	45.7508	0.0825083	57.732
7.85366	45.7508	0.0825083	58.2474
7.85368	45.7508	0.247525	58.2474
7.85545	45.8333	0.165017	58.2474
7.85846	45.9158	0.0825083	58.2474
7.85853	45.9571	0.165017	58.2474
7.86107	46.0396	0.0825083	58.2474
7.86298	46.0396	0.247525	58.2474
7.86354	46.1221	0.165017	58.2474
7.89658	46.2046	0.0825083	58.2474
7.89673	46.2459	0.165017	58.2474
7.90604	46.3284	0.0825083	58.2474
7.90624	46.3284	0.247525	58.2474
7.90666	46.4109	0.165017	58.2474
7.90787	46.4934	0.0825083	58.2474
7.9141	46.5347	0.165017	58.2474
7.95384	46.6172	0.0825083	58.2474
7.95456	46.6172	0.165017	58.2474
7.95539	46.6997	0.0825083	58.2474
7.95543	46.7409	0.165017	58.2474
7.95644	46.7409	0.165017	58.2474
7.96569	46.8234	0.0825083	58.2474
7.96681	46.8647	0.165017	58.2474
8.02624	46.9472	0.0825083	58.2474
8.02645	46.9884	0.165017	58.2474
8.02693	47.0297	0.247525	58.2474
8.0279	47.1122	0.165017	58.2474
8.04204	47.1947	0.0825083	58.2474
8.04868	47.1947	0.0825083	58.7629
8.05046	47.1947	0.165017	58.7629
8.05866	47.2772	0.0825083	58.7629
8.0608	47.3185	0.165017	58.7629
8.07881	47.401	0.0825083	58.7629
8.07899	47.401	0.247525	58.7629
8.08143	47.4835	0.165017	58.7629
8.12408	47.566	0.0825083	58.7629
8.12462	47.6073	0.165017	58.7629
8.12983	47.6898	0.0825083	58.7629
8.13039	47.731	0.165017	58.7629
8.2017	47.8135	0.0825083	58.7629
8.20906	47.8548	0.165017	58.7629
8.21169	47.9373	0.0825083	58.7629
8.21395	47.9785	0.165017	58.7629
8.26269	48.0611	0.0825083	58.7629
8.2642	48.1023	0.165017	58.7629
8.28536	48.1848	0.0825083	58.7629
8.28639	48.1848	0.247525	58.7629
8.28681	48.2673	0.165017	58.7629
8.29333	48.3498	0.0825083	58.7629
8.29429	48.3498	0.247525	58.7629
8.29432	48.4323	0.165017	58.7629
8.29798	48.5149	0.0825083	58.7629
8.29827	48.5149	0.247525	58.7629
8.30092	48.5974	0.165017	58.7629
8.33798	48.6799	0.0825083	58.7629
8.33823	48.6799	0.247525	58.7629
8.33847	48.7624	0.165017	58.7629
8.3393	48.8449	0.0825083	58.7629
8.33932	48.8449	0.247525	58.7629
8.34028	48.9274	0.165017	58.7629
8.34217	49.0099	0.0825083	58.7629
8.36463	49.0099	0.0825083	58.7629
8.36533	49.0099	0.165017	58.7629
8.36642	49.0924	0.0825083	58.7629
8.37251	49.1337	0.165017	58.7629
8.46506	49.2162	0.0825083	58.7629
8.46867	49.2162	0.165017	58.7629
8.46901	49.2987	0.0825083	58.7629
8.46961	49.2987	0.247525	58.7629
8.47119	49.3812	0.165017	58.7629
8.51834	49.4637	0.0825083	58.7629
8.51866	49.505	0.165017	58.7629
8.56831	49.5875	0.0825083	58.7629
8.64336	49.5875	0.0825083	59.2784
8.64401	49.6287	0.165017	59.2784
8.71846	49.7112	0.0825083	59.2784
8.72325	49.7525	0.165017	59.2784
8.74056	49.835	0.0825083	59.2784
8.74064	49.8762	0.165017	59.2784
8.75663	49.9587	0.0825083	59.2784
8.75722	50	0.165017	59.2784
8.76302	50.0825	0.0825083	59.2784
8.76544	50.0825	0.165017	59.2784
8.80321	50.165	0.0825083	59.2784
8.80557	50.165	0.0825083	59.7938
8.80807	50.165	0.0825083	60.3093
8.8088	50.165	0.247525	60.3093
8.80958	50.2475	0.165017	60.3093
8.81516	50.33	0.0825083	60.3093
8.81757	50.33	0.165017	60.3093
8.84397	50.4125	0.0825083	60.3093
8.84651	50.4538	0.165017	60.3093
8.84949	50.5363	0.0825083	60.3093
8.84999	50.5363	0.247525	60.3093
8.85334	50.6188	0.165017	60.3093
8.8668	50.7013	0.0825083	60.3093
8.86959	50.7426	0.165017	60.3093
8.86991	50.7426	0.330033	60.3093
8.86991	50.8251	0.247525	60.3093
8.87606	50.9076	0.165017	60.3093
8.88384	50.9901	0.0825083	60.3093
8.88482	51.0314	0.165017	60.3093
8.88566	51.1139	0.0825083	60.3093
8.88721	51.1139	0.165017	60.3093
8.90773	51.1964	0.0825083	60.3093
8.90838	51.2376	0.165017	60.3093
8.94033	51.3201	0.0825083	60.3093
8.94071	51.3614	0.165017	60.3093
8.97605	51.4439	0.0825083	60.3093
8.97763	51.4851	0.165017	60.3093
8.99384	51.5677	0.0825083	60.3093
8.99728	51.6089	0.165017	60.3093
9.03527	51.6914	0.0825083	60.3093
9.12031	51.6914	0.0825083	61.3402
9.12126	51.7327	0.165017	61.3402
9.1223	51.8152	0.0825083	61.3402
9.12321	51.8564	0.165017	61.3402
9.15319	51.9389	0.0825083	61.3402
9.15406	51.9802	0.165017	61.3402
9.15877	52.0627	0.0825083	61.3402
9.15994	52.0627	0.247525	61.3402
9.16286	52.1452	0.165017	61.3402
9.18605	52.2277	0.0825083	61.3402
9.18734	52.269	0.165017	61.3402
9.18773	52.3515	0.0825083	61.3402
9.23536	52.3515	0.0825083	61.8557
9.23701	52.3927	0.165017	61.8557
9.25479	52.4752	0.0825083	61.8557
9.25556	52.4752	0.247525	61.8557
9.25566	52.5578	0.165017	61.8557
9.26409	52.6403	0.0825083	61.8557
9.26459	52.6403	0.0825083	62.3711
9.276	52.6403	0.0825083	63.4021
9.27997	52.6815	0.165017	63.4021
9.28519	52.764	0.0825083	63.4021
9.28607	52.8053	0.165017	63.4021
9.32938	52.8878	0.0825083	63.4021
9.32971	52.8878	0.247525	63.4021
9.33176	52.9703	0.165017	63.4021
9.34132	53.0528	0.0825083	63.4021
9.36192	53.0528	0.0825083	64.433
9.36812	53.0941	0.165017	64.433
9.39038	53.1766	0.0825083	64.433
9.39843	53.1766	0.0825083	65.4639
9.40101	53.2178	0.165017	65.4639
9.49914	53.3003	0.0825083	65.4639
9.49948	53.3416	0.165017	65.4639
9.55237	53.4241	0.0825083	65.4639
9.55348	53.4653	0.165017	65.4639
9.55556	53.5479	0.0825083	65.4639
9.55576	53.5479	0.247525	65.4639
9.55585	53.6304	0.165017	65.4639
9.5785	53.7129	0.0825083	65.4639
9.58025	53.7541	0.165017	65.4639
9.59262	53.8366	0.0825083	65.4639
9.59464	53.8779	0.165017	65.4639
9.62852	53.9604	0.0825083	65.4639
9.6295	54.0017	0.165017	65.4639
9.63206	54.0842	0.0825083	65.4639
9.63377	54.1254	0.165017	65.4639
9.65184	54.2079	0.0825083	65.4639
9.6527	54.2079	0.247525	65.4639
9.65287	54.2904	0.165017	65.4639
9.65438	54.2904	0.165017	65.4639
9.65765	54.3729	0.0825083	65.4639
9.66364	54.4554	0	65.4639
9.66676	54.4554	0.165017	65.4639
9.66739	54.538	0.0825083	65.4639
9.69396	54.6205	0	65.4639
9.69535	54.6205	0.165017	65.4639
9.69701	54.703	0.0825083	65.4639
9.71337	54.7855	0	65.4639
9.72971	54.7855	0	65.9794
9.73024	54.8267	0.0825083	65.9794
9.74369	54.9092	0	65.9794
9.78581	54.9092	0	66.4948
9.78724	54.9505	0.0825083	66.4948
9.85338	55.033	0	66.4948
9.85579	55.0743	0.0825083	66.4948
9.86019	55.1568	0	66.4948
9.86055	55.1568	0.165017	66.4948
9.86139	55.2393	0.0825083	66.4948
9.87181	55.3218	0	66.4948
9.87264	55.3218	0.165017	66.4948
9.87608	55.4043	0.0825083	66.4948
9.89528	55.4868	0	66.4948
9.89545	55.5281	0.0825083	66.4948
9.91581	55.6106	0	66.4948
9.91625	55.6106	0.165017	66.4948
9.91719	55.6931	0.0825083	66.4948
9.92193	55.7756	0	66.4948
9.92232	55.8168	0.0825083	66.4948
9.92592	55.8993	0	66.4948
9.92596	55.8993	0.165017	66.4948
9.92615	55.9818	0.0825083	66.4948
9.93922	56.0644	0	66.4948
9.94309	56.1056	0.0825083	66.4948
9.9622	56.1881	0	66.4948
9.96679	56.2294	0.0825083	66.4948
10.0015	56.3119	0	66.4948
10.0016	56.3119	0.165017	66.4948
10.0026	56.3944	0.0825083	66.4948
10.0244	56.4769	0	66.4948
10.0247	56.5182	0.0825083	66.4948
10.0655	56.6007	0	66.4948
10.0681	56.6007	0.165017	66.4948
10.0688	56.6832	0.0825083	66.4948
10.0811	56.7657	0	66.4948
10.086	56.8069	0.0825083	66.4948
10.1589	56.8894	0	66.4948
10.1592	56.8894	0.165017	66.4948
10.1599	56.9719	0.0825083	66.4948
10.1731	57.0545	0	66.4948
10.1748	57.0957	0.0825083	66.4948
10.2024	57.1782	0	66.4948
10.2028	57.2195	0.0825083	66.4948
10.2568	57.302	0	66.4948
10.2572	57.302	0.165017	66.4948
10.2589	57.3845	0.0825083	66.4948
10.2687	57.467	0	66.4948
10.2711	57.5083	0.0825083	66.4948
10.3285	57.5908	0	66.4948
10.3327	57.5908	0	67.0103
10.3359	57.5908	0	67.5258
10.3381	57.632	0.0825083	67.5258
10.3506	57.7145	0	67.5258
10.3898	57.7145	0	68.0412
10.3921	57.7145	0.0825083	68.0412
10.4779	57.797	0	68.0412
10.4785	57.797	0.165017	68.0412
10.4838	57.8795	0.0825083	68.0412
10.5139	57.962	0	68.0412
10.514	57.962	0.165017	68.0412
10.5172	58.0446	0.0825083	68.0412
10.5488	58.1271	0	68.0412
10.549	58.1683	0.0825083	68.0412
10.5526	58.2508	0	68.0412
10.5557	58.2921	0.0825083	68.0412
10.5843	58.3746	0	68.0412
10.5854	58.4158	0.0825083	68.0412
10.6722	58.4983	0	68.0412
10.673	58.5396	0.0825083	68.0412
10.6836	58.6221	0	68.0412
10.6866	58.6221	0.165017	68.0412
10.6892	58.7046	0.0825083	68.0412
10.7292	58.7871	0	68.0412
10.7299	58.7871	0.0825083	68.0412
10.7465	58.8696	0	68.0412
10.7469	58.9109	0.0825083	68.0412
10.7833	58.9934	0	68.0412
10.7843	59.0347	0.0825083	68.0412
10.7952	59.1172	0	68.0412
10.7979	59.1584	0.0825083	68.0412
10.8092	59.2409	0	68.0412
10.8136	59.2822	0.0825083	68.0412
10.8387	59.3647	0	68.0412
10.8395	59.4059	0.0825083	68.0412
10.8456	59.4884	0	68.0412
10.8458	59.4884	0.0825083	68.0412
10.8461	59.4884	0.0825083	68.5567
10.8593	59.571	0	68.5567
10.8615	59.571	0.0825083	68.5567
10.8801	59.6535	0	68.5567
10.881	59.6947	0.0825083	68.5567
10.8966	59.7772	0	68.5567
10.8968	59.8185	0.0825083	68.5567
10.8972	59.8185	0.247525	68.5567
10.8985	59.901	0.165017	68.5567
10.8995	59.9835	0.0825083	68.5567
11.0046	60.066	0	68.5567
11.0122	60.1073	0.0825083	68.5567
11.0312	60.1898	0	68.5567
11.032	60.231	0.0825083	68.5567
11.1529	60.3135	0	68.5567
11.1568	60.3548	0.0825083	68.5567
11.2017	60.4373	0	68.5567
11.2031	60.4785	0.0825083	68.5567
11.2151	60.5611	0	68.5567
11.2164	60.5611	0.0825083	68.5567
11.3123	60.6436	0	68.5567
11.314	60.6848	0.0825083	68.5567
11.3299	60.7673	0	68.5567
11.3458	60.7673	0	69.5876
11.3494	60.7673	0.165017	69.5876
11.3501	60.8498	0.0825083	69.5876
11.3504	60.8498	0.165017	69.5876
11.3823	60.9323	0.0825083	69.5876
11.445	60.9323	0.0825083	70.6186
11.4452	60.9736	0.165017	70.6186
11.4996	61.0561	0.0825083	70.6186
11.527	61.0561	0.0825083	71.6495
11.5272	61.0974	0.165017	71.6495
11.5408	61.1799	0.0825083	71.6495
11.5447	61.2211	0.165017	71.6495
11.5571	61.3036	0.0825083	71.6495
11.5574	61.3036	0.0825083	72.6804
11.5615	61.3036	0.0825083	73.7113
11.5625	61.3449	0.165017	73.7113
11.6496	61.4274	0.0825083	73.7113
11.6506	61.4686	0.165017	73.7113
11.6802	61.5512	0.0825083	73.7113
11.6822	61.5924	0.165017	73.7113
11.7026	61.6749	0.0825083	73.7113
11.7051	61.7162	0.165017	73.7113
11.7065	61.7987	0.0825083	73.7113
11.7077	61.8399	0.165017	73.7113
11.7078	61.8812	0.247525	73.7113
11.7102	61.9637	0.165017	73.7113
11.7319	62.0462	0.0825083	73.7113
11.7321	62.0875	0.165017	73.7113
11.7551	62.17	0.0825083	73.7113
11.7562	62.17	0.165017	73.7113
11.7603	62.2525	0.0825083	73.7113
11.7641	62.2937	0.165017	73.7113
11.8857	62.3762	0.0825083	73.7113
11.9669	62.3762	0.0825083	74.7423
11.9687	62.4175	0.165017	74.7423
12.0309	62.5	0.0825083	74.7423
12.0312	62.5	0.247525	74.7423
12.0361	62.5825	0.165017	74.7423
12.0567	62.665	0.0825083	74.7423
12.0608	62.7063	0.165017	74.7423
12.0645	62.7888	0.0825083	74.7423
12.0652	62.7888	0.165017	74.7423
12.1064	62.8713	0.0825083	74.7423
12.1081	62.8713	0.165017	74.7423
12.1363	62.9538	0.0825083	74.7423
12.1537	63.0363	0	74.7423
12.1544	63.0363	0.0825083	74.7423
12.1644	63.1188	0	74.7423
12.1703	63.1188	0	75.7732
12.1709	63.1188	0.165017	75.7732
12.1763	63.2013	0.0825083	75.7732
12.2338	63.2838	0	75.7732
12.2535	63.2838	0	76.8041
12.255	63.3251	0.0825083	76.8041
12.3372	63.4076	0	76.8041
12.3385	63.4076	0	77.8351
12.3414	63.4076	0.0825083	77.8351
12.3922	63.4901	0	77.8351
12.4557	63.4901	0	78.866
12.456	63.5314	0.0825083	78.866
12.5325	63.6139	0	78.866
12.5325	63.6139	0.165017	78.866
12.5346	63.6964	0.0825083	78.866
12.5354	63.7789	0	78.866
12.5369	63.7789	0.0825083	78.866
12.5562	63.8614	0	78.866
12.5564	63.9026	0.0825083	78.866
12.6434	63.9851	0	78.866
12.6459	64.0264	0.0825083	78.866
12.6697	64.1089	0	78.866
12.6719	64.1502	0.0825083	78.866
12.6728	64.1914	0.165017	78.866
12.6772	64.2739	0.0825083	78.866
12.7223	64.3564	0	78.866
12.7245	64.3977	0.0825083	78.866
12.7264	64.4802	0	78.866
12.7799	64.4802	0	79.3814
12.7805	64.5215	0.0825083	79.3814
12.8164	64.604	0	79.3814
12.8276	64.6452	0.0825083	79.3814
12.834	64.6865	0.165017	79.3814
12.8361	64.769	0.0825083	79.3814
12.8366	64.769	0.247525	79.3814
12.8376	64.8515	0.165017	79.3814
12.844	64.934	0.0825083	79.3814
12.8457	64.9753	0.165017	79.3814
12.9023	65.0578	0.0825083	79.3814
12.9024	65.0578	0.247525	79.3814
12.9038	65.1403	0.165017	79.3814
12.9084	65.2228	0.0825083	79.3814
12.91	65.264	0.165017	79.3814
12.9151	65.3465	0.0825083	79.3814
12.9157	65.3878	0.165017	79.3814
12.9171	65.429	0.247525	79.3814
12.9206	65.5116	0.165017	79.3814
12.9468	65.5941	0.0825083	79.3814
12.9473	65.6353	0.165017	79.3814
12.9728	65.7178	0.0825083	79.3814
12.973	65.7591	0.165017	79.3814
13.0034	65.8416	0.0825083	79.3814
13.0034	65.8828	0.165017	79.3814
13.0062	65.9653	0.0825083	79.3814
13.0184	65.9653	0.0825083	80.4124
13.0222	66.0066	0.165017	80.4124
13.0408	66.0891	0.0825083	80.4124
13.0418	66.1304	0.165017	80.4124
13.045	66.1304	0.165017	81.4433
13.0595	66.2129	0.0825083	81.4433
13.0598	66.2129	0.247525	81.4433
13.0647	66.2954	0.165017	81.4433
13.1168	66.3779	0.0825083	81.4433
13.117	66.4191	0.165017	81.4433
13.1252	66.5016	0.0825083	81.4433
13.1258	66.5016	0.247525	81.4433
13.1274	66.5842	0.165017	81.4433
13.1582	66.6667	0.0825083	81.4433
13.1584	66.6667	0.247525	81.4433
13.1595	66.7492	0.165017	81.4433
13.2867	66.8317	0.0825083	81.4433
13.2867	66.8317	0.247525	81.4433
13.2896	66.9142	0.165017	81.4433
13.3302	66.9967	0.0825083	81.4433
13.3324	67.038	0.165017	81.4433
13.3723	67.1205	0.0825083	81.4433
13.3791	67.1617	0.165017	81.4433
13.4006	67.2442	0.0825083	81.4433
13.4016	67.2442	0.247525	81.4433
13.405	67.3267	0.165017	81.4433
13.4382	67.4092	0.0825083	81.4433
13.4386	67.4092	0.247525	81.4433
13.4399	67.4918	0.165017	81.4433
13.4464	67.5743	0.0825083	81.4433
13.45	67.6155	0.165017	81.4433
13.5144	67.698	0.0825083	81.4433
13.5154	67.698	0.247525	81.4433
13.522	67.7805	0.165017	81.4433
13.5231	67.863	0.0825083	81.4433
13.5236	67.9043	0.165017	81.4433
13.5461	67.9868	0.0825083	81.4433
13.5799	67.9868	0.0825083	82.4742
13.58	68.0281	0.165017	82.4742
13.604	68.1106	0.0825083	82.4742
13.605	68.1518	0.165017	82.4742
13.6926	68.2343	0.0825083	82.4742
13.6936	68.2343	0.247525	82.4742
13.6963	68.3168	0.165017	82.4742
13.703	68.3993	0.0825083	82.4742
13.7033	68.4406	0.165017	82.4742
13.7487	68.5231	0.0825083	82.4742
13.7496	68.5231	0.247525	82.4742
13.7506	68.6056	0.165017	82.4742
13.8015	68.6881	0.0825083	82.4742
13.8025	68.7294	0.165017	82.4742
13.8564	68.8119	0.0825083	82.4742
13.8584	68.8119	0.247525	82.4742
13.8585	68.8944	0.165017	82.4742
13.8658	68.9769	0.0825083	82.4742
13.8671	69.0182	0.165017	82.4742
14.0572	69.1007	0.0825083	82.4742
14.067	69.1007	0.0825083	83.5052
14.0707	69.1007	0.165017	83.5052
14.1506	69.1832	0.0825083	83.5052
14.1522	69.2244	0.165017	83.5052
14.174	69.3069	0.0825083	83.5052
14.1744	69.3482	0.165017	83.5052
14.2452	69.4307	0.0825083	83.5052
14.2486	69.4719	0.165017	83.5052
14.2575	69.5545	0.0825083	83.5052
14.2628	69.5545	0.165017	83.5052
14.2656	69.637	0.0825083	83.5052
14.3522	69.7195	0	83.5052
14.357	69.7607	0.0825083	83.5052
14.3983	69.8432	0	83.5052
14.3984	69.8432	0.0825083	83.5052
14.414	69.9257	0	83.5052
14.4147	69.967	0.0825083	83.5052
14.5729	70.0495	0	83.5052
14.5734	70.0908	0.0825083	83.5052
14.5746	70.132	0.165017	83.5052
14.5769	70.2145	0.0825083	83.5052
14.6331	70.297	0	83.5052
14.6586	70.297	0	84.5361
14.6634	70.3383	0.0825083	84.5361
14.6635	70.3795	0.165017	84.5361
14.6644	70.462	0.0825083	84.5361
14.8442	70.5446	0	84.5361
14.8446	70.5446	0.165017	84.5361
14.8469	70.6271	0.0825083	84.5361
14.8485	70.7096	0	84.5361
14.8498	70.7096	0.165017	84.5361
14.8571	70.7921	0.0825083	84.5361
14.8641	70.8746	0	84.5361
14.8651	70.9158	0.0825083	84.5361
14.8652	70.9984	0	84.5361
14.8692	71.0396	0.0825083	84.5361
14.886	71.1221	0	84.5361
14.8875	71.1634	0.0825083	84.5361
14.9216	71.2459	0	84.5361
14.9217	71.2871	0.0825083	84.5361
14.9239	71.3696	0	84.5361
14.9244	71.4109	0.0825083	84.5361
15.0219	71.4934	0	84.5361
15.0563	71.4934	0	85.0515
15.0564	71.4934	0.165017	85.0515
15.0565	71.5759	0.0825083	85.0515
15.0612	71.6584	0	85.0515
15.0631	71.6997	0.0825083	85.0515
15.1275	71.7822	0	85.0515
15.1277	71.8234	0.0825083	85.0515
15.2077	71.9059	0	85.0515
15.2101	71.9472	0.0825083	85.0515
15.2326	72.0297	0	85.0515
15.2341	72.071	0.0825083	85.0515
15.2844	72.1535	0	85.0515
15.2873	72.1947	0.0825083	85.0515
15.2991	72.2772	0	85.0515
15.3016	72.3185	0.0825083	85.0515
15.366	72.401	0	85.0515
15.3664	72.4422	0.0825083	85.0515
15.4314	72.5247	0	85.0515
15.4331	72.566	0.0825083	85.0515
15.4525	72.6485	0	85.0515
15.4557	72.6898	0.0825083	85.0515
15.5314	72.7723	0	85.0515
15.5323	72.8135	0.0825083	85.0515
15.5341	72.896	0	85.0515
15.5367	72.9373	0.0825083	85.0515
15.6241	73.0198	0	85.0515
15.6278	73.0611	0.0825083	85.0515
15.675	73.1436	0	85.0515
15.7236	73.1436	0	86.0825
15.7245	73.1436	0.0825083	86.0825
15.7301	73.2261	0	86.0825
15.7319	73.2673	0.0825083	86.0825
15.7801	73.3498	0	86.0825
15.7811	73.3498	0.165017	86.0825
15.7828	73.4323	0.0825083	86.0825
15.8115	73.5149	0	86.0825
15.8129	73.5561	0.0825083	86.0825
15.9299	73.6386	0	86.0825
15.9312	73.6799	0.0825083	86.0825
15.9341	73.7624	0	86.0825
15.9352	73.8036	0.0825083	86.0825
15.951	73.8861	0	86.0825
15.953	73.9274	0.0825083	86.0825
16.0374	74.0099	0	86.0825
16.0385	74.0512	0.0825083	86.0825
16.0616	74.1337	0	86.0825
16.0645	74.1749	0.0825083	86.0825
16.0754	74.2574	0	86.0825
16.0763	74.2987	0.0825083	86.0825
16.077	74.3812	0	86.0825
16.0774	74.4224	0.0825083	86.0825
16.0797	74.505	0	86.0825
16.0804	74.505	0.165017	86.0825
16.0804	74.5875	0.0825083	86.0825
16.1052	74.67	0	86.0825
16.1056	74.67	0.165017	86.0825
16.1075	74.7525	0.0825083	86.0825
16.1301	74.835	0	86.0825
16.1309	74.835	0.0825083	86.0825
16.2076	74.9175	0	86.0825
16.2078	74.9587	0.0825083	86.0825
16.2084	75.0413	0	86.0825
16.2094	75.0413	0.165017	86.0825
16.2121	75.1238	0.0825083	86.0825
16.2737	75.2063	0	86.0825
16.2746	75.2475	0.0825083	86.0825
16.2962	75.33	0	86.0825
16.2965	75.3713	0.0825083	86.0825
16.303	75.4538	0	86.0825
16.3033	75.4538	0.165017	86.0825
16.3043	75.5363	0.0825083	86.0825
16.3825	75.6188	0	86.0825
16.3853	75.6601	0.0825083	86.0825
16.3913	75.7426	0	86.0825
16.3947	75.7838	0.0825083	86.0825
16.4184	75.8663	0	86.0825
16.4195	75.8663	0.165017	86.0825
16.4209	75.9488	0.0825083	86.0825
16.462	76.0314	0	86.0825
16.4955	76.0314	0	86.5979
16.4984	76.0726	0.0825083	86.5979
16.5535	76.1551	0	86.5979
16.5553	76.1551	0.165017	86.5979
16.5553	76.2376	0.0825083	86.5979
16.6053	76.3201	0	86.5979
16.606	76.3614	0.0825083	86.5979
16.6062	76.4439	0	86.5979
16.6129	76.4851	0.0825083	86.5979
16.6282	76.5677	0	86.5979
16.738	76.5677	0	87.6289
16.7442	76.6089	0.0825083	87.6289
16.7531	76.6914	0	87.6289
16.7567	76.7327	0.0825083	87.6289
16.7974	76.8152	0	87.6289
16.8354	76.8152	0	88.1443
16.8376	76.8564	0.0825083	88.1443
16.9447	76.9389	0	88.1443
16.9504	76.9802	0.0825083	88.1443
17.1351	77.0627	0	88.1443
17.1367	77.104	0.0825083	88.1443
17.1638	77.1865	0	88.1443
17.1653	77.2277	0.0825083	88.1443
17.1866	77.3102	0	88.1443
17.1894	77.3515	0.0825083	88.1443
17.2491	77.434	0	88.1443
17.2529	77.4753	0.0825083	88.1443
17.2683	77.5578	0	88.1443
17.2696	77.599	0.0825083	88.1443
17.3814	77.6815	0	88.1443
17.3834	77.7228	0.0825083	88.1443
17.4275	77.8053	0	88.1443
17.4278	77.8465	0.0825083	88.1443
17.5293	77.929	0	88.1443
17.5327	77.929	0.165017	88.1443
17.5333	78.0116	0.0825083	88.1443
17.5619	78.0941	0	88.1443
17.5654	78.0941	0.0825083	88.1443
17.5926	78.1766	0	88.1443
17.5973	78.2178	0.0825083	88.1443
17.6242	78.3003	0	88.1443
17.6244	78.3003	0.165017	88.1443
17.6281	78.3828	0.0825083	88.1443
17.6944	78.4653	0	88.1443
17.6965	78.5066	0.0825083	88.1443
17.7401	78.5891	0	88.1443
17.7404	78.5891	0.0825083	88.1443
18.1616	78.6716	0	88.1443
18.1638	78.7129	0.0825083	88.1443
18.2652	78.7954	0	88.1443
18.2662	78.7954	0.165017	88.1443
18.2666	78.8779	0.0825083	88.1443
18.2896	78.9604	0	88.1443
18.2917	79.0016	0.0825083	88.1443
18.3063	79.0842	0	88.1443
18.3082	79.1254	0.0825083	88.1443
18.4616	79.2079	0	88.1443
18.4617	79.2492	0.0825083	88.1443
18.4618	79.2904	0.165017	88.1443
18.4647	79.3729	0.0825083	88.1443
18.583	79.4554	0	88.1443
18.5833	79.4554	0.165017	88.1443
18.584	79.538	0.0825083	88.1443
18.6469	79.6205	0	88.1443
18.6519	79.6617	0.0825083	88.1443
18.7219	79.7442	0	88.1443
18.7219	79.7442	0.165017	88.1443
18.7249	79.8267	0.0825083	88.1443
18.7443	79.9092	0	88.1443
18.7481	79.9505	0.0825083	88.1443
18.7726	80.033	0	88.1443
18.7749	80.033	0.165017	88.1443
18.776	80.1155	0.0825083	88.1443
18.7785	80.1568	0.165017	88.1443
18.7899	80.2393	0.0825083	88.1443
18.7904	80.2805	0.165017	88.1443
18.9862	80.363	0.0825083	88.1443
19.2312	80.4455	0	88.1443
19.2318	80.4868	0.0825083	88.1443
19.3125	80.5693	0	88.1443
19.3161	80.6106	0.0825083	88.1443
19.3837	80.6931	0	88.1443
19.3853	80.7343	0.0825083	88.1443
19.388	80.8168	0	88.1443
19.3907	80.8581	0.0825083	88.1443
19.4237	80.9406	0	88.1443
19.4253	80.9406	0.0825083	88.1443
19.4319	81.0231	0	88.1443
19.4327	81.0644	0.0825083	88.1443
19.4654	81.1469	0	88.1443
19.4688	81.1881	0.0825083	88.1443
19.5934	81.2706	0	88.1443
19.5954	81.3119	0.0825083	88.1443
19.6265	81.3944	0	88.1443
19.9872	81.3944	0	89.1753
19.9883	81.4356	0.0825083	89.1753
20.0948	81.5182	0	89.1753
20.0963	81.5594	0.0825083	89.1753
20.2275	81.6419	0	89.1753
20.2287	81.6419	0.165017	89.1753
20.2292	81.7244	0.0825083	89.1753
20.273	81.8069	0	89.1753
20.2763	81.8069	0.165017	89.1753
20.2779	81.8894	0.0825083	89.1753
20.4462	81.9719	0	89.1753
20.4463	81.9719	0.165017	89.1753
20.4467	82.0545	0.0825083	89.1753
20.4901	82.137	0	89.1753
20.4902	82.1782	0.0825083	89.1753
20.5779	82.2607	0	89.1753
20.5826	82.302	0.0825083	89.1753
20.6565	82.3845	0	89.1753
20.6582	82.4257	0.0825083	89.1753
20.6769	82.5082	0	89.1753
20.6952	82.5082	0	89.6907
20.7641	82.5082	0	90.7216
20.7668	82.5495	0.0825083	90.7216
20.8327	82.632	0	90.7216
20.8331	82.6733	0.0825083	90.7216
20.9022	82.7558	0	90.7216
20.9078	82.797	0.0825083	90.7216
21.0011	82.8795	0	90.7216
21.0036	82.9208	0.0825083	90.7216
21.1791	83.0033	0	90.7216
21.1793	83.0033	0.165017	90.7216
21.1799	83.0858	0.0825083	90.7216
21.2157	83.1683	0	90.7216
21.2172	83.2096	0.0825083	90.7216
21.3068	83.2921	0	90.7216
21.3094	83.2921	0.0825083	90.7216
21.3204	83.3746	0	90.7216
21.3239	83.4158	0.0825083	90.7216
21.4998	83.4984	0	90.7216
21.5159	83.5396	0.0825083	90.7216
21.6253	83.6221	0	90.7216
21.6267	83.6221	0.165017	90.7216
21.6284	83.7046	0.0825083	90.7216
21.691	83.7871	0	90.7216
21.6915	83.8284	0.0825083	90.7216
22.043	83.9109	0	90.7216
22.0487	83.9109	0.0825083	90.7216
22.2231	83.9934	0	90.7216
22.2237	84.0347	0.0825083	90.7216
22.2568	84.1172	0	90.7216
22.257	84.1172	0.0825083	90.7216
22.3614	84.1997	0	90.7216
22.3638	84.2409	0.0825083	90.7216
22.4669	84.3234	0	90.7216
22.4683	84.3647	0.0825083	90.7216
22.4834	84.4472	0	90.7216
22.4835	84.4884	0.0825083	90.7216
22.6815	84.571	0	90.7216
22.6824	84.6122	0.0825083	90.7216
22.7291	84.6947	0	90.7216
22.7298	84.736	0.0825083	90.7216
22.9083	84.8185	0	90.7216
22.9087	84.8185	0.165017	90.7216
22.9102	84.901	0.0825083	90.7216
23.2566	84.9835	0	90.7216
23.2581	84.9835	0.0825083	90.7216
23.3419	85.066	0	90.7216
23.346	85.1073	0.0825083	90.7216
23.4606	85.1898	0	90.7216
23.4614	85.231	0.0825083	90.7216
23.5032	85.3135	0	90.7216
23.5035	85.3135	0.0825083	90.7216
23.6662	85.396	0	90.7216
23.6673	85.396	0.165017	90.7216
23.6675	85.4785	0.0825083	90.7216
23.8568	85.5611	0	90.7216
23.8574	85.5611	0.165017	90.7216
23.8579	85.6436	0.0825083	90.7216
24.0801	85.7261	0	90.7216
24.1111	85.7261	0	91.7526
24.1113	85.7673	0.0825083	91.7526
24.5996	85.8498	0	91.7526
24.6002	85.8911	0.0825083	91.7526
24.6177	85.9736	0	91.7526
24.6178	86.0149	0.0825083	91.7526
24.707	86.0974	0	91.7526
24.7084	86.0974	0.165017	91.7526
24.7099	86.1799	0.0825083	91.7526
24.7805	86.2624	0	91.7526
24.7817	86.3036	0.0825083	91.7526
24.8965	86.3861	0	91.7526
24.8976	86.3861	0.165017	91.7526
24.9508	86.4686	0.0825083	91.7526
24.9518	86.5099	0.165017	91.7526
24.9769	86.5924	0.0825083	91.7526
24.978	86.6337	0.165017	91.7526
25.0169	86.7162	0.0825083	91.7526
25.0184	86.7574	0.165017	91.7526
25.2305	86.8399	0.0825083	91.7526
25.2323	86.8812	0.165017	91.7526
25.2418	86.9637	0.0825083	91.7526
25.2441	87.005	0.165017	91.7526
25.3994	87.0875	0.0825083	91.7526
25.4002	87.1287	0.165017	91.7526
25.4046	87.2112	0.0825083	91.7526
25.6086	87.2112	0.0825083	92.7835
25.764	87.2937	0	92.7835
25.7654	87.335	0.0825083	92.7835
25.8429	87.4175	0	92.7835
25.8479	87.4587	0.0825083	92.7835
25.8664	87.5413	0	92.7835
25.8667	87.5825	0.0825083	92.7835
26.044	87.665	0	92.7835
26.0462	87.7063	0.0825083	92.7835
26.1636	87.7888	0	92.7835
26.165	87.7888	0.165017	92.7835
26.165	87.8713	0.0825083	92.7835
26.4357	87.9538	0	92.7835
26.436	87.9538	0.165017	92.7835
26.4384	88.0363	0.0825083	92.7835
26.7645	88.1188	0	92.7835
26.8822	88.1188	0	93.8144
26.8851	88.1601	0.0825083	93.8144
26.9398	88.2426	0	93.8144
26.9804	88.2426	0	94.8454
27.1329	88.2426	0	95.8763
27.1361	88.2426	0.0825083	95.8763
27.3525	88.3251	0	95.8763
27.354	88.3251	0.165017	95.8763
27.3581	88.4076	0.0825083	95.8763
27.4324	88.4901	0	95.8763
27.4342	88.5314	0.0825083	95.8763
27.6534	88.6139	0	95.8763
27.6536	88.6139	0.165017	95.8763
27.6538	88.6964	0.0825083	95.8763
27.8325	88.7789	0	95.8763
27.8352	88.8201	0.0825083	95.8763
27.907	88.9026	0	95.8763
27.9071	88.9026	0.0825083	95.8763
28.0959	88.9851	0	95.8763
28.0984	88.9851	0.0825083	95.8763
28.0992	89.0677	0	95.8763
28.106	89.1089	0.0825083	95.8763
28.1933	89.1914	0	95.8763
28.1965	89.2327	0.0825083	95.8763
28.2012	89.3152	0	95.8763
28.2038	89.3564	0.0825083	95.8763
28.9787	89.4389	0	95.8763
28.9805	89.4802	0.0825083	95.8763
29.1516	89.5627	0	95.8763
29.1521	89.604	0.0825083	95.8763
29.3324	89.6865	0	95.8763
29.3335	89.7277	0.0825083	95.8763
29.3649	89.8102	0	95.8763
29.3651	89.8102	0.165017	95.8763
29.3663	89.8927	0.0825083	95.8763
29.4249	89.9753	0	95.8763
29.4261	89.9753	0.165017	95.8763
29.4293	90.0578	0.0825083	95.8763
29.8794	90.1403	0	95.8763
29.8797	90.1815	0.0825083	95.8763
29.9104	90.264	0	95.8763
29.9117	90.3053	0.0825083	95.8763
30.043	90.3878	0	95.8763
30.0433	90.429	0.0825083	95.8763
30.0956	90.5116	0	95.8763
30.0963	90.5528	0.0825083	95.8763
30.2493	90.6353	0	95.8763
30.251	90.6766	0.0825083	95.8763
30.4555	90.7591	0	95.8763
30.4564	90.7591	0.165017	95.8763
30.4566	90.8416	0.0825083	95.8763
30.4612	90.9241	0	95.8763
30.4613	90.9241	0.165017	95.8763
30.4614	91.0066	0.0825083	95.8763
30.9203	91.0891	0	95.8763
30.9249	91.0891	0.0825083	95.8763
31.3717	91.1716	0	95.8763
31.3718	91.1716	0.0825083	95.8763
32.7137	91.2541	0	95.8763
32.7164	91.2954	0.0825083	95.8763
33.2057	91.3779	0	95.8763
33.2069	91.3779	0.165017	95.8763
33.2098	91.4604	0.0825083	95.8763
34.193	91.5429	0	95.8763
34.198	91.5842	0.0825083	95.8763
34.3276	91.6667	0	95.8763
34.3277	91.7079	0.0825083	95.8763
34.6004	91.7904	0	95.8763
34.6009	91.8317	0.0825083	95.8763
34.8506	91.9142	0	95.8763
34.8509	91.9554	0.0825083	95.8763
34.9583	92.038	0	95.8763
34.9588	92.0792	0.0825083	95.8763
34.9599	92.0792	0.247525	95.8763
34.9604	92.1617	0.165017	95.8763
34.9611	92.2442	0.0825083	95.8763
35.1186	92.3267	0	95.8763
35.1191	92.3267	0.165017	95.8763
35.1207	92.4092	0.0825083	95.8763
35.1591	92.4918	0	95.8763
35.1594	92.533	0.0825083	95.8763
35.2778	92.6155	0	95.8763
35.2786	92.6568	0.0825083	95.8763
35.2998	92.7393	0	95.8763
35.3032	92.7805	0.0825083	95.8763
35.6039	92.863	0	95.8763
35.604	92.863	0.165017	95.8763
35.6064	92.9455	0.0825083	95.8763
35.8875	93.0281	0	95.8763
35.8879	93.0693	0.0825083	95.8763
36.2718	93.1518	0	95.8763
36.2807	93.1931	0.0825083	95.8763
36.3719	93.2756	0	95.8763
36.3723	93.3168	0.0825083	95.8763
36.4117	93.3993	0	95.8763
36.4121	93.4406	0.0825083	95.8763
36.8597	93.5231	0	95.8763
36.8598	93.5644	0.0825083	95.8763
36.8789	93.6469	0	95.8763
36.8807	93.6881	0.0825083	95.8763
37.296	93.7706	0	95.8763
37.2974	93.7706	0.165017	95.8763
37.2983	93.8531	0.0825083	95.8763
37.3154	93.9356	0	95.8763
37.3155	93.9769	0.0825083	95.8763
37.7439	94.0594	0	95.8763
37.7457	94.1007	0.0825083	95.8763
38.4308	94.1832	0	95.8763
38.4316	94.1832	0.0825083	95.8763
38.4816	94.2657	0	95.8763
38.49	94.3069	0.0825083	95.8763
38.6901	94.3894	0	95.8763
38.6933	94.4307	0.0825083	95.8763
39.0604	94.5132	0	95.8763
39.0689	94.5545	0.0825083	95.8763
39.3802	94.637	0	95.8763
39.3824	94.6782	0.0825083	95.8763
39.8377	94.7607	0	95.8763
39.8383	94.802	0.0825083	95.8763
39.9367	94.8845	0	95.8763
39.937	94.8845	0.0825083	95.8763
40.5879	94.967	0	95.8763
40.5883	95.0082	0.0825083	95.8763
42.4333	95.0908	0	95.8763
42.4353	95.0908	0.165017	95.8763
42.436	95.132	0.247525	95.8763
42.4361	95.2145	0.165017	95.8763
42.4366	95.297	0.0825083	95.8763
43.1782	95.3795	0	95.8763
43.1794	95.4208	0.0825083	95.8763
43.3458	95.5033	0	95.8763
43.3475	95.5446	0.0825083	95.8763
43.9497	95.6271	0	95.8763
43.9507	95.6271	0.165017	95.8763
43.9518	95.7096	0.0825083	95.8763
44.5395	95.7921	0	95.8763
44.5396	95.7921	0.165017	95.8763
44.5436	95.8746	0.0825083	95.8763
45.3188	95.9571	0	95.8763
45.3214	95.9571	0.165017	95.8763
45.3216	96.0396	0.0825083	95.8763
48.8861	96.1221	0	95.8763
48.8924	96.1634	0.0825083	95.8763
50.3323	96.2459	0	95.8763
50.3326	96.2871	0.0825083	95.8763
55.0678	96.3696	0	95.8763
55.0683	96.4109	0.0825083	95.8763
63.1749	96.4934	0	95.8763
63.1766	96.4934	0.165017	95.8763
63.1808	96.5759	0.0825083	95.8763
125.66	96.6584	0	95.8763
125.669	96.6584	0.0825083	95.8763
153.081	96.7409	0	95.8763
198.674	96.7409	0	96.9072
489.859	96.7409	0	97.4227
493.831	96.7409	0	97.9381
832.461	96.7409	0	98.9691
833.615	96.7822	0.0825083	98.9691
837.241	96.8647	0	98.9691
837.598	96.9059	0.0825083	98.9691
852.822	96.9884	0	98.9691
853.777	97.0297	0.0825083	98.9691
1018.98	97.1122	0	98.9691
1018.99	97.1122	0.0825083	98.9691
1180.19	97.1947	0	98.9691
1317.32	97.1947	0	100
1318	97.1947	0.165017	100
1318.86	97.2772	0.0825083	100
1469.55	97.3597	0	100
1471.24	97.401	0.0825083	100
2548.48	97.4835	0	100
2549.1	97.5247	0.0825083	100
3432.83	97.6073	0	100
3432.83	97.6073	0.165017	100
3433.26	97.6898	0.0825083	100
5974.79	97.7723	0	100
5974.82	97.8135	0.0825083	100
6770.82	97.896	0	100
6772.84	97.9373	0.0825083	100
8951.09	98.0198	0	100
8952.57	98.0611	0.0825083	100
11573.2	98.1436	0	100
11574.7	98.1848	0.0825083	100
13153	98.2673	0	100
13153.2	98.2673	0.165017	100
13153.3	98.3498	0.0825083	100
13273.2	98.4323	0	100
13273.2	98.4323	0.165017	100
13276.2	98.5149	0.0825083	100
14498.2	98.5974	0	100
14500	98.5974	0.0825083	100
14518.5	98.6799	0	100
14518.5	98.7211	0.0825083	100
15101.6	98.8036	0	100
15104	98.8036	0.165017	100
15104.4	98.8861	0.0825083	100
23276.8	98.9686	0	100
23277	98.9686	0.165017	100
23279.2	99.0512	0.0825083	100
24466.8	99.1337	0	100
24466.8	99.1337	0.0825083	100
27549.7	99.2162	0	100
27549.8	99.2574	0.0825083	100
30548.7	99.3399	0	100
30548.8	99.3399	0.165017	100
30549.9	99.4224	0.0825083	100
36036.9	99.505	0	100
36037.3	99.505	0.165017	100
36038.5	99.5875	0.0825083	100
40217.9	99.67	0	100
40218.9	99.67	0.165017	100
40220.5	99.7525	0.0825083	100
40763.4	99.835	0	100
40764.2	99.835	0.165017	100
40764.4	99.9175	0.0825083	100
