9.19443e-06	0	0	0
9.21934e-06	0	0	0
2.16015e-05	0	0	0
3.30752e-05	0	0	0
3.63796e-05	0	0	0
4.25842e-05	0	0	0
4.33808e-05	0	0	0
4.61839e-05	0	0	0
4.89684e-05	0	0	0
5.11617e-05	0	0	0
5.28249e-05	0	0	0
6.18974e-05	0	0	0
6.60326e-05	0	0	0
6.63651e-05	0	0	0
8.35716e-05	0	0	0
8.84532e-05	0	0	0
8.86709e-05	0	0	0
9.19138e-05	0	0	0
9.38583e-05	0	0	0
9.50269e-05	0	0	0
0.000100461	0	0	0
0.000105602	0	0	0
0.000115784	0	0	0
0.000119746	0	0	0
0.000120516	0	0	0
0.000129329	0	0	0
0.000137158	0	0	0
0.000159172	0	0	0
0.000160174	0	0	0
0.000161917	0	0	0
0.000164812	0	0	0
0.000172626	0	0	0
0.000175358	0	0	0
0.000186108	0	0	0
0.000188427	0	0	0
0.000189364	0	0	0
0.000194505	0	0	0
0.000197366	0	0	0
0.000206897	0	0	0
0.000211341	0	0	0
0.000226989	0	0	0
0.000227493	0	0	0
0.000232288	0	0	0
0.000234043	0	0	0
0.000236911	0	0	0
0.000237136	0	0	0
0.000241214	0	0	0
0.000246221	0	0	0
0.000247232	0	0	0
0.000248789	0	0	0
0.000263755	0	0	0
0.000269902	0	0	0
0.000273513	0	0	0
0.000277436	0	0	0
0.000278651	0	0	0
0.000281092	0	0	0
0.000288745	0	0	0
0.000295056	0	0	0
0.000301091	0	0	0
0.000304399	0	0	0
0.000308725	0	0	0
0.00031103	0	0	0
0.00031248	0	0	0
0.000326249	0	0	0
0.000339472	0	0	0
0.00034094	0	0	0
0.000341969	0	0	0
0.000343092	0	0	0
0.00037405	0	0	0
0.000375229	0	0	0
0.000379207	0	0	0
0.000394602	0	0	0
0.000396644	0	0	0
0.000397549	0	0	0
0.000421651	0	0	0
0.000422488	0	0	0
0.000423642	0	0	0
0.000432709	0	0	0
0.00043432	0	0	0
0.000446424	0	0	0
0.000453421	0	0	0
0.000459339	0	0	0
0.00047975	0	0	0
0.000483386	0	0	0
0.000487148	0	0	0
0.000489448	0	0	0
0.000494551	0	0	0
0.000499859	0	0	0
0.000505028	0	0	0
0.00051735	0	0	0
0.000526596	0	0	0
0.000533718	0	0	0
0.000537137	0	0	0
0.00054102	0	0	0
0.000542889	0	0	0
0.000552478	0	0	0
0.000561468	0	0	0
0.000561689	0	0	0
0.000567857	0	0	0
0.00057132	0	0	0
0.000574748	0	0	0
0.000576912	0	0	0
0.000580911	0	0	0
0.000588942	0	0	0
0.000596995	0	0	0
0.00060359	0	0	0
0.000604305	0	0	0
0.000613887	0	0	0
0.000616659	0	0	0
0.000629766	0	0	0
0.000639551	0	0	0
0.000643313	0	0	0
0.000645004	0	0	0
0.000649911	0	0	0
0.000652831	0	0	0
0.000658698	0	0	0
0.00066069	0	0	0
0.000662008	0	0	0
0.000662886	0	0	0
0.000665212	0	0	0
0.000665696	0	0	0
0.000666612	0	0	0
0.000668201	0	0	0
0.000670149	0	0	0
0.000672552	0	0	0
0.000672675	0	0	0
0.000676676	0	0	0
0.000676842	0	0	0
0.000679778	0	0	0
0.000683503	0	0	0
0.000685434	0	0	0
0.000688052	0	0	0
0.000688304	0	0	0
0.000688557	0	0	0
0.000689081	0	0	0
0.000689331	0	0	0
0.000690535	0	0	0
0.000693048	0	0	0
0.000696754	0	0	0
0.000698076	0	0	0
0.000706212	0	0	0
0.000706706	0	0	0
0.000707041	0	0	0
0.000710008	0	0	0
0.000722475	0	0	0
0.000735507	0	0	0
0.000739027	0	0	0
0.000747172	0	0	0
0.000751537	0	0	0
0.000752285	0	0	0
0.000758149	0	0	0
0.000760247	0	0	0
0.000761811	0	0	0
0.000765282	0	0	0
0.000770154	0	0	0
0.000773718	0	0	0
0.000776526	0	0	0
0.000778505	0	0	0
0.000782682	0	0	0
0.000789555	0	0	0
0.000795947	0	0	0
0.000796083	0	0	0
0.000796552	0	0	0
0.000808395	0	0	0
0.000809042	0	0	0
0.000809401	0	0	0
0.000815493	0	0	0
0.000820733	0	0	0
0.000824219	0	0	0
0.000825258	0	0	0
0.000826567	0	0	0
0.000830586	0	0	0
0.000844498	0	0	0
0.000852415	0	0	0
0.000856466	0	0	0
0.000860459	0	0	0
0.000860981	0	0	0
0.00086374	0	0	0
0.00086415	0	0	0
0.000866149	0	0	0
0.000867828	0	0	0
0.00086823	0	0	0
0.000868452	0	0	0
0.000869801	0	0	0
0.000876893	0	0	0
0.000877913	0	0	0
0.000880825	0	0	0
0.000889948	0	0	0
0.00089219	0	0	0
0.000894056	0	0	0
0.00089792	0	0	0
0.000898212	0	0	0
0.000899762	0	0	0
0.000902621	0	0	0
0.000905748	0	0	0
0.0009062	0	0	0
0.000923256	0	0	0
0.000926548	0	0	0
0.000926674	0	0	0
0.000927966	0	0	0
0.000928069	0	0	0
0.000932518	0	0	0
0.000935249	0	0	0
0.000936148	0	0	0
0.000937642	0	0	0
0.000939412	0	0	0
0.000939935	0	0	0
0.000944235	0	0	0
0.000946213	0	0	0
0.000947713	0	0	0
0.000948314	0	0	0
0.000950492	0	0	0
0.000950495	0	0	0
0.000952772	0	0	0
0.000958436	0	0	0
0.00095905	0	0	0
0.000982093	0	0	0
0.000995564	0	0	0
0.000996091	0	0	0
0.00100098	0	0	0
0.00101043	0	0	0
0.00101115	0	0	0
0.00102179	0	0	0
0.00102653	0	0	0
0.00103143	0	0	0
0.00104192	0	0	0
0.00104776	0	0	0
0.00105425	0	0	0
0.00105444	0	0	0
0.00106036	0	0	0
0.00106264	0	0	0
0.00106782	0	0	0
0.00106983	0	0	0
0.00107121	0	0	0
0.00107676	0	0	0
0.0010944	0	0	0
0.00109686	0	0	0
0.00109936	0	0	0
0.0011045	0	0	0
0.00110747	0	0	0
0.00110913	0	0	0
0.00110962	0	0	0
0.00111151	0	0	0
0.0011122	0	0	0
0.00111626	0	0	0
0.00112155	0	0	0
0.00112242	0	0	0
0.00112279	0	0	0
0.00112398	0	0	0
0.00112752	0	0	0
0.00113183	0	0	0
0.00113304	0	0	0
0.0011337	0	0	0
0.00113774	0	0	0
0.00114019	0	0	0
0.00115052	0	0	0
0.00115475	0	0	0
0.00116052	0	0	0
0.00116458	0	0	0
0.00116488	0	0	0
0.00116788	0	0	0
0.00117687	0	0	0
0.0011781	0	0	0
0.00117986	0	0	0
0.00118072	0	0	0
0.00118466	0	0	0
0.00118509	0	0	0
0.00118565	0	0	0
0.00118876	0	0	0
0.00119065	0	0	0
0.00119167	0	0	0
0.00119762	0	0	0
0.00120185	0	0	0
0.00120242	0	0	0
0.00120278	0	0	0
0.00120648	0	0	0
0.00120767	0	0	0
0.00120924	0	0	0
0.00121006	0	0	0
0.00121344	0	0	0
0.00121349	0	0	0
0.00122823	0	0	0
0.00122998	0	0	0
0.00123111	0	0	0
0.00123445	0	0	0
0.00124774	0	0	0
0.00124817	0	0	0
0.00124849	0	0	0
0.00125028	0	0	0
0.00125596	0	0	0
0.00125632	0	0	0
0.00125876	0	0	0
0.00125985	0	0	0
0.00126061	0	0	0
0.00126112	0	0	0
0.00126278	0	0	0
0.00126777	0	0	0
0.00127073	0	0	0
0.00127594	0	0	0
0.0012806	0	0	0
0.00128668	0	0	0
0.00128964	0	0	0
0.00129163	0	0	0
0.00129284	0	0	0
0.00130056	0	0	0
0.00130476	0	0	0
0.00131051	0	0	0
0.00131291	0	0	0
0.00131631	0	0	0
0.00131741	0	0	0
0.00131812	0	0	0
0.00131835	0	0	0
0.00132284	0	0	0
0.00132417	0	0	0
0.00132814	0	0	0
0.00132873	0	0	0
0.00132991	0	0	0
0.00133331	0	0	0
0.00133348	0	0	0
0.0013344	0	0	0
0.00133572	0	0	0
0.0013382	0	0	0
0.00134168	0	0	0
0.00134542	0	0	0
0.00134812	0	0	0
0.00135468	0	0	0
0.00135501	0	0	0
0.00135866	0	0	0
0.0013596	0	0	0
0.00136361	0	0	0
0.00136393	0	0	0
0.00136589	0	0	0
0.00137574	0	0	0
0.00137786	0	0	0
0.00137789	0	0	0
0.00138081	0	0	0
0.00138198	0	0	0
0.00138388	0	0	0
0.00138396	0	0	0
0.00138852	0	0	0
0.00138955	0	0	0
0.001395	0	0	0
0.00139523	0	0	0
0.00139625	0	0	0
0.00140515	0	0	0
0.00140849	0	0	0
0.00141397	0	0	0
0.00141838	0	0	0
0.0014218	0	0	0
0.00142508	0	0	0
0.00142521	0	0	0
0.00142787	0	0	0
0.00143788	0	0	0
0.00143894	0	0	0
0.00144187	0	0	0
0.00144319	0	0	0
0.00144322	0	0	0
0.0014434	0	0	0
0.00144411	0	0	0
0.00144548	0	0	0
0.00146193	0	0	0
0.00146685	0	0	0
0.00146911	0	0	0
0.00147223	0	0	0
0.00147236	0	0	0
0.00147933	0	0	0
0.00148232	0	0	0
0.00148324	0	0	0
0.00148394	0	0	0
0.00148432	0	0	0
0.001495	0	0	0
0.00149644	0	0	0
0.00150632	0	0	0
0.00150838	0	0	0
0.00151021	0	0	0
0.0015153	0	0	0
0.00151565	0	0	0
0.00151651	0	0	0
0.00151699	0	0	0
0.00151752	0	0	0
0.00152225	0	0	0
0.00152609	0	0	0
0.00152802	0	0	0
0.00153125	0	0	0
0.00153308	0	0	0
0.00154577	0	0	0
0.00155857	0	0	0
0.00156762	0	0	0
0.00156871	0	0	0
0.00157038	0	0	0
0.00157391	0	0	0
0.00157571	0	0	0
0.00157687	0	0	0
0.00157886	0	0	0
0.00158018	0	0	0
0.00158118	0	0	0
0.0015839	0	0	0
0.00159578	0	0	0
0.00160388	0	0	0
0.00161011	0	0	0
0.0016118	0	0	0
0.00162157	0	0	0
0.00163396	0	0	0
0.00163682	0	0	0
0.00164067	0	0	0
0.00164289	0	0	0
0.00164887	0	0	0
0.00165187	0	0	0
0.00166339	0	0	0
0.0016701	0	0	0
0.00167034	0	0	0
0.00169256	0	0	0
0.00169598	0	0	0
0.00169737	0	0	0
0.00169769	0	0	0
0.00169949	0	0	0
0.00171317	0	0	0
0.00171594	0	0	0
0.00171851	0	0	0
0.00172037	0	0	0
0.00172077	0	0	0
0.00172833	0	0	0
0.00172907	0	0	0
0.00173313	0	0	0
0.00174041	0	0	0
0.00174182	0	0	0
0.00174583	0	0	0
0.00174631	0	0	0
0.00174932	0	0	0
0.00174948	0	0	0
0.00175164	0	0	0
0.00175183	0	0	0
0.00175984	0	0	0
0.00175997	0	0	0
0.00176599	0	0	0
0.00176718	0	0	0
0.00177304	0	0	0
0.00177578	0	0	0
0.00178996	0	0	0
0.00179059	0	0	0
0.00179173	0	0	0
0.00180361	0	0	0
0.00180479	0	0	0
0.00181147	0	0	0
0.00181671	0	0	0
0.00182064	0	0	0
0.00182842	0	0	0
0.0018285	0	0	0
0.00183377	0	0	0
0.00183531	0	0	0
0.0018403	0	0	0
0.00184713	0	0	0
0.00185007	0	0	0
0.0018508	0	0	0
0.00185388	0	0	0
0.00185942	0	0	0
0.00186217	0	0	0
0.00186502	0	0	0
0.0018829	0	0	0
0.00188732	0	0	0
0.00189145	0	0	0
0.00189769	0	0	0
0.0018981	0	0	0
0.00190859	0	0	0
0.00190884	0	0	0
0.00191046	0	0	0
0.00191304	0	0	0
0.00191793	0	0	0
0.0019205	0	0	0
0.00192424	0	0	0
0.00192976	0	0	0
0.0019325	0	0	0
0.00193604	0	0	0
0.00193641	0	0	0
0.00194779	0	0	0
0.00194969	0	0	0
0.00195063	0	0	0
0.00195262	0	0	0
0.00195428	0	0	0
0.00197265	0	0	0
0.00198035	0	0	0
0.00198073	0	0	0
0.00199668	0	0	0
0.00199875	0	0	0
0.00200088	0	0	0
0.00200373	0	0	0
0.00201675	0	0	0
0.00203283	0	0	0
0.00203465	0	0	0
0.00204909	0	0	0
0.00205631	0	0	0
0.00206939	0	0	0
0.00206988	0	0	0
0.00208137	0	0	0
0.00208317	0	0	0
0.00208324	0	0	0
0.00210046	0	0	0
0.00210412	0	0	0
0.0021055	0	0	0
0.00210596	0	0	0
0.0021064	0	0	0
0.00211978	0	0	0
0.00212349	0	0	0
0.00212354	0	0	0
0.00212581	0	0	0
0.00212856	0	0	0
0.0021309	0	0	0
0.0021312	0	0	0
0.002132	0	0	0
0.00214413	0	0	0
0.00214602	0	0	0
0.00215122	0	0	0
0.00216662	0	0	0
0.00217109	0	0	0
0.00217142	0	0	0
0.00218012	0	0	0
0.00218046	0	0	0
0.00218187	0	0	0
0.00219811	0	0	0
0.00219842	0	0	0
0.00220626	0	0	0
0.00221036	0	0	0
0.00221635	0	0	0
0.00222207	0	0	0
0.00222457	0	0	0
0.00222802	0	0	0
0.00222892	0	0	0
0.00223685	0	0	0
0.00226272	0	0	0
0.00226506	0	0	0
0.0022715	0	0	0
0.00228399	0	0	0
0.00228554	0	0	0
0.00228663	0	0	0
0.0022933	0	0	0
0.00230002	0	0	0
0.00230483	0	0	0
0.00231116	0	0	0
0.00231714	0	0	0
0.00231912	0	0	0
0.0023251	0	0	0
0.00232646	0	0	0
0.00235643	0	0	0
0.00235797	0	0	0
0.00235994	0	0	0
0.00239427	0	0	0
0.00239964	0	0	0
0.00241661	0	0	0
0.00241727	0	0	0
0.00241761	0	0	0
0.00242162	0	0	0
0.00243043	0	0	0
0.00243677	0	0	0
0.00243758	0	0	0
0.00243979	0	0	0
0.00244445	0	0	0
0.00244675	0	0	0
0.00245615	0	0	0
0.00245874	0	0	0
0.00246296	0	0	0
0.00247008	0	0	0
0.00248961	0	0	0
0.00249578	0	0	0
0.00250003	0	0	0
0.00250279	0	0	0
0.00253005	0	0	0
0.00253135	0	0	0
0.00253231	0	0	0
0.00253849	0	0	0
0.00253901	0	0	0
0.00255792	0	0	0
0.00256122	0	0	0
0.00256931	0	0	0
0.00258585	0	0	0
0.0026118	0	0	0
0.00261194	0	0	0
0.00261446	0	0	0
0.00262028	0	0	0
0.00262705	0	0	0
0.00262792	0	0	0
0.00263658	0	0	0
0.00267433	0	0	0
0.00267516	0	0	0
0.00267618	0	0	0
0.00267702	0	0	0
0.00269347	0	0	0
0.00271183	0	0	0
0.00271639	0	0	0
0.00273057	0	0	0
0.00273414	0	0	0
0.00274653	0	0	0
0.00274721	0	0	0
0.00274778	0	0	0
0.00274958	0	0	0
0.00274972	0	0	0
0.00275505	0	0	0
0.00275767	0	0	0
0.0027578	0	0	0
0.00277702	0	0	0
0.00278511	0	0	0
0.00279848	0	0	0
0.00284942	0	0	0
0.00286542	0	0	0
0.00286829	0	0	0
0.00287085	0	0	0
0.00287161	0	0	0
0.00288033	0	0	0
0.0028896	0	0	0
0.00289522	0	0	0
0.00290642	0	0	0
0.00292227	0	0	0
0.00293641	0	0	0
0.00297659	0	0	0
0.00299031	0	0	0
0.00300556	0	0	0
0.00300733	0	0	0
0.00301658	0	0	0
0.00302294	0	0	0
0.00302509	0	0	0
0.00302657	0	0	0
0.0030292	0	0	0
0.00302945	0	0	0
0.00305616	0	0	0
0.00307736	0	0	0
0.00308098	0	0	0
0.00309375	0	0	0
0.00309979	0	0	0
0.00311988	0	0	0
0.00315184	0	0	0
0.00315912	0	0	0
0.00316397	0	0	0
0.00316867	0	0	0
0.00317774	0	0	0
0.00319424	0	0	0
0.00323887	0	0	0
0.00324454	0	0	0
0.00325933	0	0	0
0.00326616	0	0	0
0.00327821	0	0	0
0.00328153	0	0	0
0.00328264	0	0	0.50505
0.00329068	0	0	0.50505
0.0032908	0	0	0.50505
0.00329871	0	0	0.50505
0.00330535	0	0	0.50505
0.0033074	0	0	0.50505
0.00333569	0	0	0.50505
0.00333703	0	0	0.50505
0.00334159	0	0	0.50505
0.00334984	0	0	0.50505
0.00335991	0	0	0.50505
0.00336388	0	0	0.50505
0.00338236	0	0	0.50505
0.00341506	0	0	0.50505
0.00343402	0	0	0.50505
0.00343873	0	0	0.50505
0.00344942	0	0	0.50505
0.00345196	0	0	0.50505
0.00346374	0	0	0.50505
0.00346669	0	0	0.50505
0.00347602	0	0	0.50505
0.00348421	0	0	0.50505
0.00349706	0	0	0.50505
0.00350507	0	0	0.50505
0.00351488	0	0	0.50505
0.00351554	0	0	0.50505
0.00355093	0	0	0.50505
0.00358421	0	0	0.50505
0.00360907	0	0	0.50505
0.00361127	0	0	0.50505
0.00369057	0	0	0.50505
0.00370293	0	0	0.50505
0.00372383	0	0	0.50505
0.00374085	0	0	0.50505
0.00374941	0	0	0.50505
0.00375975	0	0	0.50505
0.003771	0	0	0.50505
0.00377424	0	0	0.50505
0.0038094	0	0	0.50505
0.00382999	0	0	0.50505
0.00384376	0	0	0.50505
0.00384906	0	0	0.50505
0.00388678	0	0	0.50505
0.00389518	0	0	0.50505
0.00390502	0	0	0.50505
0.00397998	0	0	0.50505
0.00398744	0	0	0.50505
0.00402508	0	0	0.50505
0.00415096	0	0	0.50505
0.00417508	0	0	0.50505
0.00421534	0	0	0.50505
0.00421783	0	0	0.50505
0.00424716	0	0	0.50505
0.00427199	0	0	0.50505
0.00428485	0	0	0.50505
0.00428869	0	0	0.50505
0.00433992	0	0	0.50505
0.00449117	0	0	0.50505
0.00449894	0	0	0.50505
0.00450355	0	0	0.50505
0.00458417	0	0	0.50505
0.00465839	0	0	0.50505
0.00467909	0	0	0.50505
0.00479666	0	0	0.50505
0.00487861	0	0	0.50505
0.00490463	0	0	0.50505
0.00491419	0	0	0.50505
0.0051486	0	0	0.50505
0.00527659	0	0	0.50505
0.00535352	0	0	0.50505
0.00543641	0	0	0.50505
0.00556514	0	0	0.50505
0.00590603	0	0	0.50505
0.00601562	0	0	0.50505
0.00607006	0	0	0.50505
0.00607885	0	0	0.50505
0.00612674	0	0	0.50505
0.00625856	0	0	0.50505
0.00671476	0	0	0.50505
0.00718335	0	0	0.50505
0.00791005	0	0	0.50505
0.0084581	0	0	0.50505
0.00923893	0	0	0.50505
0.00924207	0	0	0.50505
0.0219628	0	0	0.50505
0.0237042	0	0	0.50505
0.0242652	0.0412541	0.0825083	0.50505
0.026161	0.123762	0	0.50505
0.02723	0.165017	0.0825083	0.50505
0.0311821	0.247525	0	0.50505
0.0470933	0.247525	0	0.50505
0.07312	0.247525	0	0.50505
0.0735123	0.247525	0.165017	0.50505
0.0737804	0.330033	0.0825083	0.50505
0.131344	0.412541	0	0.50505
0.13269	0.412541	0	1.0101
0.133934	0.412541	0.165017	1.0101
0.134763	0.49505	0.0825083	1.0101
0.134834	0.536304	0.165017	1.0101
0.136261	0.536304	0.330033	1.0101
0.137921	0.618812	0.247525	1.0101
0.138538	0.70132	0.165017	1.0101
0.15527	0.783828	0.0825083	1.0101
0.159667	0.825082	0.165017	1.0101
0.160065	0.907591	0.0825083	1.0101
0.160133	0.948845	0.165017	1.0101
0.174465	1.03135	0.0825083	1.0101
0.181429	1.03135	0.0825083	1.51515
0.186536	1.03135	0.0825083	1.51515
0.189838	1.07261	0.165017	1.51515
0.19724	1.15512	0.0825083	1.51515
0.19753	1.15512	0.247525	1.51515
0.198144	1.23762	0.165017	1.51515
0.198979	1.32013	0.0825083	1.51515
0.200908	1.36139	0.165017	1.51515
0.216503	1.44389	0.0825083	1.51515
0.216701	1.44389	0.0825083	2.0202
0.226078	1.44389	0.0825083	2.52525
0.226827	1.48515	0.165017	2.52525
0.227837	1.56766	0.0825083	2.52525
0.228975	1.60891	0.165017	2.52525
0.232793	1.69142	0.0825083	2.52525
0.234404	1.73267	0.165017	2.52525
0.264254	1.81518	0.0825083	2.52525
0.267721	1.81518	0.165017	2.52525
0.273757	1.89769	0.0825083	2.52525
0.27797	1.89769	0.0825083	3.0303
0.280658	1.89769	0.0825083	4.0404
0.282238	1.93894	0.165017	4.0404
0.296001	2.02145	0.0825083	4.0404
0.296188	2.02145	0.165017	4.0404
0.305757	2.10396	0.0825083	4.0404
0.307925	2.10396	0.165017	4.0404
0.330749	2.18647	0.0825083	4.0404
0.339795	2.18647	0.0825083	4.0404
0.340678	2.18647	0.165017	4.0404
0.340842	2.26898	0.0825083	4.0404
0.343137	2.26898	0.0825083	4.0404
0.346558	2.26898	0.0825083	4.0404
0.35102	2.26898	0.0825083	4.54545
0.351351	2.31023	0.165017	4.54545
0.356336	2.39274	0.0825083	4.54545
0.356425	2.39274	0.165017	4.54545
0.359551	2.47525	0.0825083	4.54545
0.361225	2.47525	0.165017	4.54545
0.379848	2.55776	0.0825083	4.54545
0.379924	2.59901	0.165017	4.54545
0.381135	2.59901	0.330033	4.54545
0.381206	2.68152	0.247525	4.54545
0.381501	2.76403	0.165017	4.54545
0.391203	2.84653	0.0825083	4.54545
0.412155	2.84653	0.0825083	4.54545
0.412527	2.84653	0.165017	4.54545
0.41293	2.88779	0.247525	4.54545
0.412952	2.9703	0.165017	4.54545
0.46354	3.05281	0.0825083	4.54545
0.465678	3.05281	0.165017	4.54545
0.46763	3.05281	0.165017	5.05051
0.468001	3.05281	0.330033	5.05051
0.469743	3.13531	0.247525	5.05051
0.470406	3.21782	0.165017	5.05051
0.47545	3.30033	0.0825083	5.05051
0.475951	3.34158	0.165017	5.05051
0.487444	3.42409	0.0825083	5.05051
0.487867	3.42409	0.165017	5.05051
0.495426	3.42409	0.165017	6.06061
0.51741	3.5066	0.0825083	6.06061
0.518087	3.5066	0.165017	6.06061
0.519549	3.58911	0.0825083	6.06061
0.522917	3.58911	0.165017	6.06061
0.536583	3.67162	0.0825083	6.06061
0.552034	3.67162	0.0825083	6.56566
0.552399	3.67162	0.0825083	7.57576
0.588898	3.67162	0.0825083	7.57576
0.590251	3.67162	0.247525	7.57576
0.594608	3.75413	0.165017	7.57576
0.594712	3.83663	0.0825083	7.57576
0.596273	3.83663	0.247525	7.57576
0.596364	3.91914	0.165017	7.57576
0.601221	4.00165	0.0825083	7.57576
0.606696	4.00165	0.0825083	7.57576
0.614232	4.00165	0.0825083	8.08081
0.623125	4.00165	0.0825083	8.58586
0.63956	4.00165	0.0825083	8.58586
0.640053	4.00165	0.247525	8.58586
0.641722	4.08416	0.165017	8.58586
0.642156	4.16667	0.0825083	8.58586
0.643195	4.16667	0.247525	8.58586
0.643725	4.24918	0.165017	8.58586
0.653572	4.33168	0.0825083	8.58586
0.656369	4.37294	0.165017	8.58586
0.675791	4.45545	0.0825083	8.58586
0.676548	4.45545	0.247525	8.58586
0.678092	4.53795	0.165017	8.58586
0.696779	4.62046	0.0825083	8.58586
0.698988	4.66172	0.165017	8.58586
0.700899	4.74422	0.0825083	8.58586
0.701168	4.74422	0.247525	8.58586
0.701936	4.82673	0.165017	8.58586
0.711519	4.90924	0.0825083	8.58586
0.716328	4.90924	0.165017	8.58586
0.726349	4.99175	0.0825083	8.58586
0.72793	5.033	0.165017	8.58586
0.743295	5.11551	0.0825083	8.58586
0.744137	5.11551	0.247525	8.58586
0.74592	5.19802	0.165017	8.58586
0.783651	5.28053	0.0825083	8.58586
0.785011	5.28053	0.247525	8.58586
0.789869	5.36304	0.165017	8.58586
0.80281	5.44554	0.0825083	8.58586
0.806111	5.44554	0.247525	8.58586
0.807708	5.52805	0.165017	8.58586
0.814078	5.61056	0.0825083	8.58586
0.815922	5.65182	0.165017	8.58586
0.821462	5.73432	0.0825083	8.58586
0.835839	5.73432	0.0825083	8.58586
0.837172	5.73432	0.247525	8.58586
0.838416	5.81683	0.165017	8.58586
0.841902	5.89934	0.0825083	8.58586
0.84193	5.89934	0.0825083	8.58586
0.843399	5.98185	0	8.58586
0.843567	6.0231	0.0825083	8.58586
0.844162	6.10561	0	8.58586
0.844479	6.14686	0.0825083	8.58586
0.845241	6.14686	0.165017	8.58586
0.847357	6.22937	0.0825083	8.58586
0.848737	6.31188	0	8.58586
0.875775	6.31188	0	8.58586
0.886828	6.31188	0	8.58586
0.88801	6.31188	0	8.58586
0.890188	6.31188	0.0825083	8.58586
0.890197	6.31188	0.247525	8.58586
0.8906	6.31188	0.330033	8.58586
0.891132	6.39439	0.247525	8.58586
0.891524	6.4769	0.165017	8.58586
0.907015	6.55941	0.0825083	8.58586
0.908852	6.55941	0.165017	8.58586
0.914826	6.64191	0.0825083	8.58586
0.915123	6.68317	0.165017	8.58586
0.917426	6.76568	0.0825083	8.58586
0.922465	6.76568	0.165017	8.58586
0.924122	6.84818	0.0825083	8.58586
0.925106	6.84818	0.165017	8.58586
0.928761	6.93069	0.0825083	8.58586
0.935869	6.93069	0.0825083	8.58586
0.93744	6.93069	0.165017	8.58586
0.955105	7.0132	0.0825083	8.58586
0.956143	7.0132	0.165017	8.58586
0.966159	7.09571	0.0825083	8.58586
0.9909	7.17822	0	8.58586
0.991283	7.17822	0.165017	8.58586
0.991402	7.26073	0.0825083	8.58586
0.992333	7.34323	0	8.58586
0.993634	7.38449	0.0825083	8.58586
0.993857	7.38449	0.165017	8.58586
0.994304	7.467	0.0825083	8.58586
0.99773	7.5495	0	8.58586
0.999887	7.5495	0.165017	8.58586
1.00067	7.63201	0.0825083	8.58586
1.00151	7.71452	0	8.58586
1.00163	7.71452	0.165017	8.58586
1.00263	7.79703	0.0825083	8.58586
1.0052	7.87954	0	8.58586
1.00543	7.87954	0.165017	8.58586
1.00649	7.96205	0.0825083	8.58586
1.01229	8.04455	0	8.58586
1.01316	8.08581	0.0825083	8.58586
1.02473	8.16832	0	8.58586
1.02584	8.20957	0.0825083	8.58586
1.03524	8.29208	0	8.58586
1.04777	8.29208	0	9.09091
1.0511	8.33333	0.0825083	9.09091
1.05158	8.41584	0	9.09091
1.05182	8.41584	0.165017	9.09091
1.05331	8.49835	0.0825083	9.09091
1.05346	8.58086	0	9.09091
1.05347	8.58086	0.165017	9.09091
1.05364	8.66337	0.0825083	9.09091
1.05455	8.66337	0.165017	9.09091
1.05681	8.74587	0.0825083	9.09091
1.058	8.74587	0.0825083	9.59596
1.08133	8.82838	0	9.59596
1.08169	8.82838	0.165017	9.59596
1.0829	8.91089	0.0825083	9.59596
1.1109	8.9934	0	9.59596
1.11118	8.9934	0.165017	9.59596
1.11296	9.07591	0.0825083	9.59596
1.11915	9.15842	0	9.59596
1.11918	9.19967	0.0825083	9.59596
1.14223	9.28218	0	9.59596
1.14243	9.32343	0.0825083	9.59596
1.14334	9.40594	0	9.59596
1.14424	9.40594	0.165017	9.59596
1.1445	9.48845	0.0825083	9.59596
1.14772	9.57096	0	9.59596
1.14844	9.61221	0.0825083	9.59596
1.16016	9.69472	0	9.59596
1.16234	9.69472	0	9.59596
1.16327	9.69472	0.0825083	9.59596
1.17335	9.77723	0	9.59596
1.20587	9.77723	0	10.101
1.22862	9.77723	0	10.6061
1.23082	9.81848	0.0825083	10.6061
1.23092	9.90099	0	10.6061
1.23344	9.90099	0.165017	10.6061
1.23412	9.9835	0.0825083	10.6061
1.26571	10.066	0	10.6061
1.26585	10.1073	0.0825083	10.6061
1.2705	10.1898	0	10.6061
1.28217	10.1898	0	11.1111
1.28304	10.1898	0.165017	11.1111
1.28327	10.2723	0.0825083	11.1111
1.33178	10.3548	0	11.1111
1.33318	10.396	0.0825083	11.1111
1.35061	10.4785	0	11.1111
1.3526	10.4785	0.0825083	11.1111
1.37225	10.5611	0	11.1111
1.37245	10.5611	0.165017	11.1111
1.37433	10.6436	0.0825083	11.1111
1.38768	10.7261	0	11.1111
1.38816	10.7261	0.165017	11.1111
1.39677	10.8086	0.0825083	11.1111
1.3974	10.8086	0.165017	11.1111
1.39895	10.8911	0.0825083	11.1111
1.40002	10.9736	0	11.1111
1.40016	10.9736	0.165017	11.1111
1.4035	11.0561	0.0825083	11.1111
1.4078	11.1386	0	11.1111
1.40854	11.1799	0.0825083	11.1111
1.41435	11.2624	0	11.1111
1.41467	11.2624	0.165017	11.1111
1.41618	11.3449	0.0825083	11.1111
1.42181	11.4274	0	11.1111
1.42853	11.4274	0	11.1111
1.45143	11.4274	0	11.6162
1.45191	11.4686	0.0825083	11.6162
1.45224	11.5512	0	11.6162
1.47209	11.5512	0	11.6162
1.47591	11.5512	0.165017	11.6162
1.47707	11.6337	0.0825083	11.6162
1.48026	11.7162	0	11.6162
1.50035	11.7162	0	12.1212
1.50588	11.7162	0	12.1212
1.50765	11.7162	0.0825083	12.1212
1.51299	11.7987	0	12.1212
1.5141	11.7987	0.0825083	12.1212
1.52121	11.8812	0	12.1212
1.52292	11.9224	0.0825083	12.1212
1.52387	11.9637	0.165017	12.1212
1.52393	12.0462	0.0825083	12.1212
1.57165	12.1287	0	12.1212
1.57516	12.1287	0.0825083	12.1212
1.58065	12.2112	0	12.1212
1.5971	12.2112	0	12.6263
1.59743	12.2112	0.165017	12.6263
1.59992	12.2937	0.0825083	12.6263
1.65422	12.3762	0	12.6263
1.65473	12.3762	0.165017	12.6263
1.66587	12.4587	0.0825083	12.6263
1.68357	12.5413	0	12.6263
1.68438	12.5825	0.0825083	12.6263
1.68647	12.665	0	12.6263
1.68692	12.665	0	13.1313
1.69115	12.7063	0.0825083	13.1313
1.69435	12.7888	0	13.1313
1.6989	12.7888	0	13.1313
1.69941	12.83	0.0825083	13.1313
1.70246	12.9125	0	13.1313
1.70262	12.9538	0.0825083	13.1313
1.70309	12.995	0.165017	13.1313
1.70538	13.0776	0.0825083	13.1313
1.70648	13.1601	0	13.1313
1.7066	13.1601	0.165017	13.1313
1.7099	13.2426	0.0825083	13.1313
1.71679	13.3251	0	13.1313
1.71691	13.3663	0.0825083	13.1313
1.73313	13.4488	0	13.1313
1.73462	13.4901	0.0825083	13.1313
1.73532	13.5726	0	13.1313
1.73754	13.6139	0.0825083	13.1313
1.73758	13.6139	0.247525	13.1313
1.73785	13.6964	0.165017	13.1313
1.74113	13.7789	0.0825083	13.1313
1.76694	13.8614	0	13.1313
1.76757	13.8614	0.0825083	13.1313
1.76847	13.9439	0	13.1313
1.76948	13.9439	0.165017	13.1313
1.77087	14.0264	0.0825083	13.1313
1.78011	14.1089	0	13.1313
1.79449	14.1089	0	13.6364
1.79513	14.1502	0.0825083	13.6364
1.8222	14.2327	0	13.6364
1.82672	14.2739	0.0825083	13.6364
1.84658	14.3564	0	13.6364
1.84744	14.3564	0.165017	13.6364
1.8535	14.4389	0.0825083	13.6364
1.86102	14.5215	0	13.6364
1.8849	14.5215	0	14.1414
1.88712	14.5627	0.0825083	14.1414
1.88752	14.6452	0	14.1414
1.88991	14.6865	0.0825083	14.1414
1.90414	14.769	0	14.1414
1.90597	14.8102	0.0825083	14.1414
1.9096	14.8927	0	14.1414
1.91066	14.934	0.0825083	14.1414
1.91207	14.934	0.0825083	14.6465
1.9125	15.0165	0	14.6465
1.91334	15.0165	0	15.6566
1.91438	15.0165	0.165017	15.6566
1.91481	15.099	0.0825083	15.6566
1.92517	15.1815	0	15.6566
1.92545	15.2228	0.0825083	15.6566
1.92557	15.2228	0.0825083	15.6566
1.95014	15.3053	0	15.6566
1.95019	15.3465	0.0825083	15.6566
1.95158	15.429	0	15.6566
1.95344	15.429	0	16.1616
1.95436	15.429	0.0825083	16.1616
1.96866	15.5116	0	16.1616
1.99839	15.5116	0	16.6667
2.0053	15.5116	0	17.1717
2.00707	15.5528	0.0825083	17.1717
2.01096	15.6353	0	17.1717
2.01361	15.6766	0.0825083	17.1717
2.03572	15.7591	0	17.1717
2.06334	15.7591	0	18.1818
2.06492	15.7591	0.0825083	18.1818
2.06863	15.8416	0	18.1818
2.06926	15.8416	0.165017	18.1818
2.0718	15.9241	0.0825083	18.1818
2.08668	16.0066	0	18.1818
2.08777	16.0066	0.0825083	18.1818
2.10387	16.0891	0	18.1818
2.11735	16.0891	0	18.1818
2.11921	16.1304	0.0825083	18.1818
2.12628	16.2129	0	18.1818
2.12629	16.2541	0.0825083	18.1818
2.12663	16.3366	0	18.1818
2.12756	16.3366	0.165017	18.1818
2.13984	16.4191	0.0825083	18.1818
2.15616	16.5016	0	18.1818
2.15911	16.5429	0.0825083	18.1818
2.15925	16.6254	0	18.1818
2.1594	16.6667	0.0825083	18.1818
2.16107	16.6667	0.0825083	18.1818
2.18064	16.7492	0	18.1818
2.18152	16.7904	0.0825083	18.1818
2.18712	16.8729	0	18.1818
2.18866	16.9142	0.0825083	18.1818
2.20781	16.9967	0	18.1818
2.20834	16.9967	0.165017	18.1818
2.20967	17.0792	0.0825083	18.1818
2.2289	17.1617	0	18.1818
2.23768	17.1617	0	18.6869
2.24054	17.1617	0.165017	18.6869
2.24314	17.2442	0.0825083	18.6869
2.24498	17.3267	0	18.6869
2.25333	17.3267	0	19.1919
2.26978	17.3267	0	19.697
2.2726	17.368	0.0825083	19.697
2.27948	17.4505	0	19.697
2.27971	17.4917	0.0825083	19.697
2.28021	17.4917	0.0825083	20.202
2.30254	17.5743	0	20.202
2.3163	17.5743	0	21.2121
2.33463	17.5743	0	22.2222
2.3353	17.5743	0.0825083	22.2222
2.33598	17.5743	0.0825083	22.2222
2.39015	17.6568	0	22.2222
2.39543	17.6568	0	22.7273
2.45869	17.6568	0	23.7374
2.46021	17.698	0.0825083	23.7374
2.46362	17.7805	0	23.7374
2.46398	17.7805	0.0825083	23.7374
2.4837	17.863	0	23.7374
2.48537	17.863	0.0825083	23.7374
2.51139	17.9455	0	23.7374
2.51504	17.9455	0	24.2424
2.5155	17.9455	0.165017	24.2424
2.51832	18.0281	0.0825083	24.2424
2.53849	18.1106	0	24.2424
2.55879	18.1106	0	25.2525
2.56646	18.1106	0	25.7576
2.56769	18.1106	0.165017	25.7576
2.56843	18.1931	0.0825083	25.7576
2.57723	18.2756	0	25.7576
2.58065	18.3168	0.0825083	25.7576
2.58095	18.3581	0.165017	25.7576
2.58509	18.4406	0.0825083	25.7576
2.58713	18.4406	0.0825083	26.2626
2.61314	18.5231	0	26.2626
2.61424	18.5231	0.165017	26.2626
2.61448	18.6056	0.0825083	26.2626
2.63881	18.6881	0	26.2626
2.63929	18.7294	0.0825083	26.2626
2.6491	18.8119	0	26.2626
2.65326	18.8119	0.165017	26.2626
2.65351	18.8944	0.0825083	26.2626
2.65866	18.9769	0	26.2626
2.65965	18.9769	0	26.7677
2.68442	18.9769	0	26.7677
2.68631	19.0182	0.0825083	26.7677
2.69057	19.1007	0	26.7677
2.69073	19.1007	0.165017	26.7677
2.69235	19.1832	0.0825083	26.7677
2.71196	19.2657	0	26.7677
2.72709	19.2657	0	27.2727
2.72819	19.3069	0.0825083	27.2727
2.72843	19.3894	0	27.2727
2.74569	19.3894	0	27.2727
2.74588	19.3894	0.165017	27.2727
2.74655	19.4719	0.0825083	27.2727
2.74762	19.5545	0	27.2727
2.74957	19.5957	0.0825083	27.2727
2.77672	19.6782	0	27.2727
2.77819	19.7195	0.0825083	27.2727
2.81458	19.802	0	27.2727
2.81759	19.8432	0.0825083	27.2727
2.81775	19.9257	0	27.2727
2.83161	19.9257	0	27.7778
2.83685	19.9257	0	27.7778
2.83789	19.967	0.0825083	27.7778
2.84173	20.0495	0	27.7778
2.84639	20.0908	0.0825083	27.7778
2.84685	20.0908	0.0825083	28.7879
2.89713	20.1733	0	28.7879
2.8977	20.1733	0.165017	28.7879
2.89945	20.2558	0.0825083	28.7879
2.90895	20.3383	0	28.7879
2.90904	20.3795	0.0825083	28.7879
2.91637	20.462	0	28.7879
2.93894	20.462	0	29.2929
2.94117	20.5033	0.0825083	29.2929
2.95585	20.5858	0	29.2929
2.95772	20.6271	0.0825083	29.2929
2.98665	20.7096	0	29.2929
2.98947	20.7508	0.0825083	29.2929
2.99548	20.8333	0	29.2929
2.99631	20.8333	0.165017	29.2929
2.99725	20.9158	0.0825083	29.2929
3.0047	20.9984	0	29.2929
3.00602	20.9984	0.0825083	29.2929
3.01974	21.0809	0	29.2929
3.01977	21.1221	0.0825083	29.2929
3.02346	21.2046	0	29.2929
3.02686	21.2459	0.0825083	29.2929
3.03592	21.3284	0	29.2929
3.03737	21.3284	0	29.2929
3.10607	21.3284	0	29.798
3.10786	21.3284	0	30.303
3.11157	21.3284	0	30.303
3.11901	21.3284	0	30.8081
3.11985	21.3284	0.165017	30.8081
3.12053	21.3284	0.165017	31.3131
3.12837	21.4109	0.0825083	31.3131
3.13496	21.4934	0	31.3131
3.1374	21.5347	0.0825083	31.3131
3.13912	21.6172	0	31.3131
3.1393	21.6172	0.0825083	31.3131
3.14033	21.6997	0	31.3131
3.14208	21.6997	0	31.8182
3.14356	21.7409	0.0825083	31.8182
3.14397	21.7409	0.247525	31.8182
3.1441	21.8234	0.165017	31.8182
3.14411	21.9059	0.0825083	31.8182
3.16715	21.9884	0	31.8182
3.16718	22.0297	0.0825083	31.8182
3.17463	22.1122	0	31.8182
3.17668	22.1535	0.0825083	31.8182
3.22115	22.236	0	31.8182
3.22191	22.236	0.165017	31.8182
3.22305	22.3185	0.0825083	31.8182
3.23588	22.401	0	31.8182
3.25017	22.401	0	32.3232
3.2524	22.4422	0.0825083	32.3232
3.29472	22.5248	0	32.3232
3.2957	22.5248	0.165017	32.3232
3.2959	22.6073	0.0825083	32.3232
3.31261	22.6898	0	32.3232
3.31303	22.731	0.0825083	32.3232
3.33047	22.8135	0	32.3232
3.33125	22.8135	0.0825083	32.3232
3.36141	22.896	0	32.3232
3.3644	22.9373	0.0825083	32.3232
3.36555	23.0198	0	32.3232
3.36641	23.0198	0.0825083	32.3232
3.36817	23.0198	0.0825083	32.3232
3.37042	23.1023	0	32.3232
3.37344	23.1023	0	32.3232
3.42493	23.1023	0	33.3333
3.42786	23.1436	0.0825083	33.3333
3.43373	23.2261	0	33.3333
3.43417	23.2261	0.165017	33.3333
3.43524	23.3086	0.0825083	33.3333
3.43816	23.3911	0	33.3333
3.45607	23.3911	0	33.8384
3.45863	23.3911	0	34.3434
3.46502	23.3911	0	35.3535
3.46791	23.3911	0.165017	35.3535
3.46984	23.4736	0.0825083	35.3535
3.47013	23.5149	0.165017	35.3535
3.47024	23.5974	0.0825083	35.3535
3.47819	23.6799	0	35.3535
3.48013	23.6799	0.165017	35.3535
3.48301	23.7624	0.0825083	35.3535
3.49145	23.8449	0	35.3535
3.49241	23.8861	0.0825083	35.3535
3.49645	23.9686	0	35.3535
3.50451	24.0099	0.0825083	35.3535
3.52841	24.0924	0	35.3535
3.5299	24.1337	0.0825083	35.3535
3.53626	24.2162	0	35.3535
3.54202	24.2574	0.0825083	35.3535
3.54238	24.3399	0	35.3535
3.54363	24.3812	0.0825083	35.3535
3.56106	24.4637	0	35.3535
3.56213	24.5049	0.0825083	35.3535
3.56947	24.5875	0	35.3535
3.5699	24.6287	0.0825083	35.3535
3.57356	24.7112	0	35.3535
3.57362	24.7112	0.165017	35.3535
3.57379	24.7937	0.0825083	35.3535
3.5833	24.8762	0	35.3535
3.58368	24.9175	0.0825083	35.3535
3.61225	25	0	35.3535
3.62667	25	0	35.8586
3.64009	25	0	36.3636
3.64133	25	0.165017	36.3636
3.64269	25.0825	0.0825083	36.3636
3.65179	25.165	0	36.3636
3.6854	25.165	0	36.3636
3.68577	25.2063	0.0825083	36.3636
3.70057	25.2888	0	36.3636
3.70362	25.33	0.0825083	36.3636
3.71141	25.4125	0	36.3636
3.73173	25.4125	0	36.8687
3.73185	25.4125	0.0825083	36.8687
3.7347	25.4951	0	36.8687
3.73523	25.4951	0.165017	36.8687
3.73574	25.5776	0.0825083	36.8687
3.73736	25.6601	0	36.8687
3.75005	25.6601	0	37.3737
3.75292	25.7013	0.0825083	37.3737
3.77126	25.7838	0	37.3737
3.77249	25.7838	0	37.8788
3.77446	25.8251	0.0825083	37.8788
3.7811	25.9076	0	37.8788
3.81653	25.9076	0	38.3838
3.82074	25.9076	0	38.8889
3.82154	25.9488	0.0825083	38.8889
3.82901	26.0314	0	38.8889
3.83274	26.0314	0	39.899
3.83368	26.0726	0.0825083	39.899
3.83908	26.1551	0	39.899
3.83991	26.1551	0.165017	39.899
3.84056	26.2376	0.0825083	39.899
3.84199	26.2376	0.0825083	40.404
3.84405	26.3201	0	40.404
3.85144	26.3201	0	40.9091
3.85195	26.3614	0.0825083	40.9091
3.85384	26.4439	0	40.9091
3.85412	26.4851	0.0825083	40.9091
3.87269	26.5677	0	40.9091
3.87277	26.5677	0.165017	40.9091
3.87343	26.6502	0.0825083	40.9091
3.91128	26.7327	0	40.9091
3.91212	26.7327	0.165017	40.9091
3.91293	26.8152	0.0825083	40.9091
3.93199	26.8977	0	40.9091
3.93308	26.9389	0.0825083	40.9091
3.93949	27.0215	0	40.9091
3.94031	27.0215	0.0825083	40.9091
3.97676	27.104	0	40.9091
3.97724	27.104	0	41.4141
4.01938	27.104	0	41.9192
4.01996	27.104	0.165017	41.9192
4.02045	27.1865	0.0825083	41.9192
4.0286	27.269	0	41.9192
4.02869	27.269	0.165017	41.9192
4.02908	27.3515	0.0825083	41.9192
4.04623	27.434	0	41.9192
4.09271	27.434	0	42.4242
4.09456	27.434	0.165017	42.4242
4.09531	27.5165	0.0825083	42.4242
4.11963	27.599	0	42.4242
4.12105	27.6403	0.0825083	42.4242
4.16622	27.7228	0	42.4242
4.16647	27.7228	0.0825083	42.4242
4.17699	27.8053	0	42.4242
4.17824	27.8465	0.0825083	42.4242
4.2054	27.929	0	42.4242
4.20563	27.929	0.165017	42.4242
4.20728	28.0116	0.0825083	42.4242
4.21528	28.0941	0	42.4242
4.21551	28.0941	0.165017	42.4242
4.22066	28.1766	0.0825083	42.4242
4.22473	28.2591	0	42.4242
4.22493	28.2591	0.0825083	42.4242
4.29093	28.3416	0	42.4242
4.29383	28.3828	0.0825083	42.4242
4.32329	28.4653	0	42.4242
4.32615	28.5066	0.0825083	42.4242
4.32743	28.5891	0	42.4242
4.3284	28.6304	0.0825083	42.4242
4.37329	28.7129	0	42.4242
4.37716	28.7129	0	42.9293
4.37829	28.7129	0.165017	42.9293
4.38126	28.7954	0.0825083	42.9293
4.39301	28.8779	0	42.9293
4.39719	28.8779	0.0825083	42.9293
4.39987	28.9604	0	42.9293
4.40019	28.9604	0.165017	42.9293
4.4013	29.0429	0.0825083	42.9293
4.43587	29.1254	0	42.9293
4.44077	29.1254	0	43.4343
4.44078	29.1667	0.0825083	43.4343
4.44112	29.2492	0	43.4343
4.4413	29.2492	0.165017	43.4343
4.44167	29.3317	0.0825083	43.4343
4.49991	29.4142	0	43.4343
4.50014	29.4142	0.0825083	43.4343
4.50316	29.4967	0	43.4343
4.50342	29.4967	0.165017	43.4343
4.51053	29.5792	0.0825083	43.4343
4.53003	29.6617	0	43.4343
4.53052	29.703	0.0825083	43.4343
4.5514	29.7855	0	43.4343
4.55262	29.8267	0.0825083	43.4343
4.5528	29.8267	0.247525	43.4343
4.55518	29.9092	0.165017	43.4343
4.55544	29.9917	0.0825083	43.4343
4.56437	30.0743	0	43.4343
4.56615	30.0743	0.165017	43.4343
4.56697	30.0743	0.330033	43.4343
4.56764	30.1568	0.247525	43.4343
4.56768	30.2393	0.165017	43.4343
4.57063	30.3218	0.0825083	43.4343
4.57697	30.4043	0	43.4343
4.57743	30.4455	0.0825083	43.4343
4.58404	30.5281	0	43.4343
4.5907	30.5693	0.0825083	43.4343
4.61139	30.6518	0	43.4343
4.64914	30.6518	0	43.9394
4.67373	30.6518	0	44.9495
4.67547	30.6931	0.0825083	44.9495
4.68046	30.7756	0	44.9495
4.71517	30.7756	0	44.9495
4.71527	30.7756	0	45.4545
4.71575	30.8168	0.0825083	45.4545
4.71916	30.8993	0	45.4545
4.7192	30.8993	0.0825083	45.4545
4.73389	30.9818	0	45.4545
4.73584	31.0231	0.0825083	45.4545
4.78125	31.1056	0	45.4545
4.78311	31.1056	0.0825083	45.4545
4.78773	31.1881	0	45.4545
4.78927	31.2294	0.0825083	45.4545
4.80565	31.3119	0	45.4545
4.80644	31.3531	0.0825083	45.4545
4.84385	31.4356	0	45.4545
4.84529	31.4769	0.0825083	45.4545
4.85765	31.5594	0	45.4545
4.90731	31.5594	0	45.9596
4.90911	31.5594	0.0825083	45.9596
4.91505	31.6419	0	45.9596
4.91534	31.6419	0.165017	45.9596
4.91537	31.7244	0.0825083	45.9596
4.93984	31.8069	0	45.9596
4.94028	31.8482	0.0825083	45.9596
4.96926	31.9307	0	45.9596
4.98501	31.9307	0	46.4646
4.98589	31.9719	0.0825083	46.4646
4.99306	32.0545	0	46.4646
4.99389	32.0957	0.0825083	46.4646
4.99774	32.1782	0	46.4646
5.02438	32.1782	0	46.9697
5.02511	32.2195	0.0825083	46.9697
5.0252	32.302	0	46.9697
5.02707	32.302	0.165017	46.9697
5.02907	32.3845	0.0825083	46.9697
5.05908	32.467	0	46.9697
5.0612	32.5083	0.0825083	46.9697
5.07435	32.5908	0	46.9697
5.07563	32.632	0.0825083	46.9697
5.07566	32.6733	0.165017	46.9697
5.07617	32.7558	0.0825083	46.9697
5.09305	32.8383	0	46.9697
5.09515	32.8795	0.0825083	46.9697
5.14484	32.962	0	46.9697
5.14804	32.962	0.0825083	46.9697
5.16112	33.0446	0	46.9697
5.18675	33.0446	0	47.9798
5.25946	33.0446	0	48.4848
5.26089	33.0446	0.0825083	48.4848
5.29057	33.1271	0	48.4848
5.31131	33.1271	0	48.9899
5.31231	33.1683	0.0825083	48.9899
5.33895	33.2508	0	48.9899
5.33923	33.2921	0.0825083	48.9899
5.35406	33.3746	0	48.9899
5.35651	33.4158	0.0825083	48.9899
5.39991	33.4983	0	48.9899
5.40051	33.5396	0.0825083	48.9899
5.41478	33.6221	0	48.9899
5.41557	33.6634	0.0825083	48.9899
5.4261	33.7459	0	48.9899
5.44194	33.7459	0	49.4949
5.44301	33.7459	0.165017	49.4949
5.44344	33.8284	0.0825083	49.4949
5.44356	33.8284	0.165017	49.4949
5.44713	33.9109	0.0825083	49.4949
5.44913	33.9109	0.0825083	49.4949
5.46801	33.9934	0	49.4949
5.46836	34.0347	0.0825083	49.4949
5.47747	34.1172	0	49.4949
5.47885	34.1584	0.0825083	49.4949
5.48782	34.2409	0	49.4949
5.48828	34.2822	0.0825083	49.4949
5.49261	34.3647	0	49.4949
5.52038	34.3647	0	50
5.55327	34.3647	0	50.5051
5.60316	34.3647	0	51.0101
5.60558	34.4059	0.0825083	51.0101
5.60882	34.4884	0	51.0101
5.61038	34.4884	0.0825083	51.0101
5.61374	34.571	0	51.0101
5.61512	34.571	0.165017	51.0101
5.61579	34.6535	0.0825083	51.0101
5.61656	34.736	0	51.0101
5.61698	34.7772	0.0825083	51.0101
5.63799	34.8597	0	51.0101
5.63911	34.8597	0.165017	51.0101
5.64037	34.9422	0.0825083	51.0101
5.64307	34.9835	0.165017	51.0101
5.64568	35.066	0.0825083	51.0101
5.64584	35.1485	0	51.0101
5.65165	35.1898	0.0825083	51.0101
5.65407	35.2723	0	51.0101
5.65596	35.2723	0.165017	51.0101
5.65632	35.3548	0.0825083	51.0101
5.65635	35.396	0.165017	51.0101
5.66057	35.4785	0.0825083	51.0101
5.66451	35.4785	0.0825083	51.5152
5.68173	35.5611	0	51.5152
5.68257	35.5611	0	52.0202
5.68287	35.6023	0.0825083	52.0202
5.68725	35.6848	0	52.0202
5.6877	35.7261	0.0825083	52.0202
5.72666	35.8086	0	52.0202
5.73135	35.8086	0	53.0303
5.73461	35.8498	0.0825083	53.0303
5.73549	35.8911	0.165017	53.0303
5.74053	35.9736	0.0825083	53.0303
5.77152	36.0561	0	53.0303
5.77243	36.0974	0.0825083	53.0303
5.77586	36.1799	0	53.0303
5.77818	36.2211	0.0825083	53.0303
5.85583	36.3036	0	53.0303
5.85637	36.3036	0.165017	53.0303
5.85678	36.3861	0.0825083	53.0303
5.86973	36.4686	0	53.0303
5.87014	36.5099	0.0825083	53.0303
5.87409	36.5924	0	53.0303
5.91739	36.5924	0.0825083	53.0303
5.93072	36.5924	0.0825083	54.0404
5.9432	36.5924	0.0825083	54.5455
5.94695	36.6749	0	54.5455
5.94919	36.7162	0.0825083	54.5455
5.96061	36.7987	0	54.5455
5.96231	36.8399	0.0825083	54.5455
5.96365	36.9224	0	54.5455
5.96418	36.9637	0.0825083	54.5455
5.96435	36.9637	0.247525	54.5455
5.96453	37.0462	0.165017	54.5455
5.96538	37.1287	0.0825083	54.5455
5.96869	37.2112	0	54.5455
5.9697	37.2525	0.0825083	54.5455
5.97124	37.2525	0.247525	54.5455
5.97129	37.335	0.165017	54.5455
5.97416	37.4175	0.0825083	54.5455
5.98912	37.5	0	54.5455
5.98975	37.5413	0.0825083	54.5455
6.00135	37.6238	0	54.5455
6.00912	37.6238	0	55.5556
6.02268	37.6238	0	56.0606
6.02458	37.6238	0.0825083	56.0606
6.03463	37.7063	0	56.0606
6.03671	37.7063	0	57.0707
6.03692	37.7063	0	58.0808
6.03815	37.7475	0.0825083	58.0808
6.03834	37.7475	0.165017	58.0808
6.03854	37.83	0.0825083	58.0808
6.04038	37.83	0.0825083	58.0808
6.04205	37.83	0.165017	58.0808
6.04388	37.9125	0.0825083	58.0808
6.0488	37.995	0	58.0808
6.05031	38.0363	0.0825083	58.0808
6.10644	38.1188	0	58.0808
6.10683	38.1601	0.0825083	58.0808
6.1151	38.2426	0	58.0808
6.13511	38.2426	0	59.0909
6.13647	38.2838	0.0825083	59.0909
6.15035	38.3663	0	59.0909
6.1543	38.4076	0.0825083	59.0909
6.15481	38.4076	0.0825083	60.101
6.16607	38.4901	0	60.101
6.17725	38.4901	0	61.1111
6.17839	38.5314	0.0825083	61.1111
6.19456	38.6139	0	61.1111
6.19757	38.6551	0.0825083	61.1111
6.20114	38.7376	0	61.1111
6.20231	38.7376	0.0825083	61.1111
6.22325	38.8201	0	61.1111
6.24203	38.8201	0	61.6162
6.24284	38.8201	0.165017	61.6162
6.24409	38.9026	0.0825083	61.6162
6.25919	38.9851	0	61.6162
6.25952	39.0264	0.0825083	61.6162
6.31658	39.1089	0	61.6162
6.34778	39.1089	0	62.6263
6.35258	39.1502	0.0825083	62.6263
6.39645	39.2327	0	62.6263
6.39786	39.2739	0.0825083	62.6263
6.41308	39.3564	0	62.6263
6.41695	39.3564	0.0825083	62.6263
6.43241	39.4389	0	62.6263
6.43254	39.4802	0.0825083	62.6263
6.4335	39.5627	0	62.6263
6.43412	39.5627	0.165017	62.6263
6.4353	39.6452	0.0825083	62.6263
6.45853	39.7277	0	62.6263
6.47682	39.7277	0	63.6364
6.48135	39.7277	0.0825083	63.6364
6.49377	39.8102	0	63.6364
6.4977	39.8102	0.0825083	63.6364
6.51825	39.8927	0	63.6364
6.51933	39.934	0.0825083	63.6364
6.54418	40.0165	0	63.6364
6.54625	40.0578	0.0825083	63.6364
6.57329	40.1403	0	63.6364
6.57474	40.1403	0.0825083	63.6364
6.58764	40.2228	0	63.6364
6.5877	40.264	0.0825083	63.6364
6.61327	40.3465	0	63.6364
6.61802	40.3465	0.0825083	63.6364
6.74329	40.429	0	63.6364
6.74472	40.429	0.0825083	63.6364
6.8102	40.5116	0	63.6364
6.81114	40.5528	0.0825083	63.6364
6.81123	40.5528	0.165017	63.6364
6.81148	40.6353	0.0825083	63.6364
6.8152	40.7178	0	63.6364
6.82124	40.7178	0	64.1414
6.82277	40.7591	0.0825083	64.1414
6.82301	40.7591	0.247525	64.1414
6.82385	40.8416	0.165017	64.1414
6.82465	40.9241	0.0825083	64.1414
6.82558	40.9241	0.0825083	64.6465
6.83596	41.0066	0	64.6465
6.83745	41.0479	0.0825083	64.6465
6.84578	41.1304	0	64.6465
6.84605	41.1716	0.0825083	64.6465
6.86704	41.2541	0	64.6465
6.86706	41.2954	0.0825083	64.6465
6.86738	41.3779	0	64.6465
6.87214	41.4191	0.0825083	64.6465
6.88775	41.5017	0	64.6465
6.88937	41.5429	0.0825083	64.6465
7.05817	41.6254	0	64.6465
7.06049	41.6254	0.0825083	64.6465
7.06664	41.7079	0	64.6465
7.09037	41.7079	0	65.6566
7.0907	41.7492	0.0825083	65.6566
7.1033	41.8317	0	65.6566
7.10569	41.8317	0.0825083	65.6566
7.15131	41.9142	0	65.6566
7.15339	41.9554	0.0825083	65.6566
7.15868	42.038	0	65.6566
7.16156	42.0792	0.0825083	65.6566
7.19513	42.1617	0	65.6566
7.26253	42.1617	0	66.1616
7.2675	42.203	0.0825083	66.1616
7.27101	42.2855	0	66.1616
7.27143	42.3267	0.0825083	66.1616
7.27397	42.4092	0	66.1616
7.27741	42.4505	0.0825083	66.1616
7.28844	42.533	0	66.1616
7.28901	42.533	0.165017	66.1616
7.28971	42.6155	0.0825083	66.1616
7.32852	42.698	0	66.1616
7.33004	42.7393	0.0825083	66.1616
7.40798	42.8218	0	66.1616
7.40948	42.8218	0.165017	66.1616
7.41489	42.9043	0.0825083	66.1616
7.43129	42.9868	0	66.1616
7.47557	42.9868	0	66.6667
7.48027	42.9868	0	67.6768
7.48264	43.0281	0.0825083	67.6768
7.49404	43.1106	0	67.6768
7.49697	43.1518	0.0825083	67.6768
7.508	43.2343	0	67.6768
7.5095	43.2343	0.165017	67.6768
7.51078	43.3168	0.0825083	67.6768
7.5128	43.3993	0	67.6768
7.52251	43.3993	0.0825083	67.6768
7.5245	43.4818	0	67.6768
7.53899	43.4818	0	68.6869
7.54616	43.4818	0	69.1919
7.55299	43.4818	0	69.697
7.60005	43.4818	0	70.202
7.60105	43.5231	0.0825083	70.202
7.61386	43.6056	0	70.202
7.62095	43.6469	0.0825083	70.202
7.62639	43.7294	0	70.202
7.62661	43.7294	0.0825083	70.202
7.62752	43.8119	0	70.202
7.62758	43.8119	0.165017	70.202
7.63044	43.8944	0.0825083	70.202
7.63525	43.9769	0	70.202
7.63697	44.0182	0.0825083	70.202
7.63994	44.1007	0	70.202
7.64474	44.1419	0.0825083	70.202
7.65004	44.2244	0	70.202
7.65165	44.2657	0.0825083	70.202
7.67232	44.3482	0	70.202
7.6751	44.3482	0.0825083	70.202
7.72688	44.4307	0	70.202
7.72734	44.4307	0	71.2121
7.74572	44.4307	0	71.7172
7.74605	44.4719	0.0825083	71.7172
7.83147	44.5545	0	71.7172
7.83296	44.5545	0.0825083	71.7172
7.85228	44.637	0	71.7172
7.85241	44.6782	0.0825083	71.7172
7.86373	44.7607	0	71.7172
7.91941	44.7607	0	72.2222
7.9195	44.802	0.0825083	72.2222
7.96297	44.8845	0	72.2222
7.96721	44.8845	0	73.2323
7.96769	44.9257	0.0825083	73.2323
7.9922	45.0083	0	73.2323
7.99634	45.0083	0.0825083	73.2323
8.00468	45.0908	0	73.2323
8.00583	45.132	0.0825083	73.2323
8.0089	45.2145	0	73.2323
8.00997	45.2145	0.0825083	73.2323
8.01009	45.297	0	73.2323
8.01015	45.297	0.165017	73.2323
8.012	45.3795	0.0825083	73.2323
8.01945	45.462	0	73.2323
8.0328	45.462	0	74.2424
8.06163	45.462	0	75.2525
8.06654	45.5033	0.0825083	75.2525
8.11122	45.5858	0	75.2525
8.11125	45.5858	0.165017	75.2525
8.11308	45.6683	0.0825083	75.2525
8.15622	45.7508	0	75.2525
8.1586	45.7508	0.165017	75.2525
8.16233	45.8333	0.0825083	75.2525
8.18769	45.9158	0	75.2525
8.19184	45.9571	0.0825083	75.2525
8.22869	46.0396	0	75.2525
8.22879	46.0396	0.165017	75.2525
8.22894	46.1221	0.0825083	75.2525
8.23173	46.2046	0	75.2525
8.23898	46.2459	0.0825083	75.2525
8.27597	46.3284	0	75.2525
8.27835	46.3696	0.0825083	75.2525
8.32371	46.4521	0	75.2525
8.32721	46.4521	0	75.7576
8.32942	46.4521	0.165017	75.7576
8.33063	46.5347	0.0825083	75.7576
8.35707	46.6172	0	75.7576
8.37924	46.6172	0	76.7677
8.43093	46.6172	0	77.7778
8.43123	46.6584	0.0825083	77.7778
8.50394	46.7409	0	77.7778
8.50416	46.7822	0.0825083	77.7778
8.64226	46.8647	0	77.7778
8.64562	46.9059	0.0825083	77.7778
8.67838	46.9884	0	77.7778
8.67958	47.0297	0.0825083	77.7778
8.74532	47.1122	0	77.7778
8.74602	47.1122	0.165017	77.7778
8.74665	47.1947	0.0825083	77.7778
8.7802	47.2772	0	77.7778
8.78394	47.3185	0.0825083	77.7778
8.82131	47.401	0	77.7778
8.8244	47.401	0.0825083	77.7778
8.82535	47.401	0.0825083	77.7778
8.84473	47.4835	0	77.7778
8.84611	47.5248	0.0825083	77.7778
8.87733	47.6073	0	77.7778
8.87778	47.6485	0.0825083	77.7778
8.93565	47.731	0	77.7778
8.93784	47.7723	0.0825083	77.7778
8.93937	47.8548	0	77.7778
8.9396	47.8548	0.165017	77.7778
8.93996	47.9373	0.0825083	77.7778
8.97667	48.0198	0	77.7778
8.97694	48.0611	0.0825083	77.7778
9.00046	48.1436	0	77.7778
9.00368	48.1848	0.0825083	77.7778
9.06802	48.2673	0	77.7778
9.07044	48.2673	0.165017	77.7778
9.07606	48.3498	0.0825083	77.7778
9.14493	48.4323	0	77.7778
9.14635	48.4736	0.0825083	77.7778
9.1492	48.5561	0	77.7778
9.14931	48.5974	0.0825083	77.7778
9.18792	48.6799	0	77.7778
9.19019	48.7211	0.0825083	77.7778
9.22147	48.8036	0	77.7778
9.22224	48.8036	0.165017	77.7778
9.22415	48.8861	0.0825083	77.7778
9.23614	48.9686	0	77.7778
9.23677	49.0099	0.0825083	77.7778
9.24792	49.0924	0	77.7778
9.25196	49.1337	0.0825083	77.7778
9.25926	49.2162	0	77.7778
9.25937	49.2162	0.165017	77.7778
9.25943	49.2574	0.247525	77.7778
9.26041	49.3399	0.165017	77.7778
9.2609	49.4224	0.0825083	77.7778
9.26183	49.505	0	77.7778
9.26353	49.5462	0.0825083	77.7778
9.27159	49.6287	0	77.7778
9.27464	49.6287	0.0825083	77.7778
9.28307	49.7112	0	77.7778
9.28437	49.7112	0.0825083	77.7778
9.35745	49.7937	0	77.7778
9.35993	49.835	0.0825083	77.7778
9.41781	49.9175	0	77.7778
9.41847	49.9587	0.0825083	77.7778
9.50146	50.0413	0	77.7778
9.50199	50.0825	0.0825083	77.7778
9.53571	50.165	0	77.7778
9.53765	50.2063	0.0825083	77.7778
9.60828	50.2888	0	77.7778
9.60976	50.33	0.0825083	77.7778
9.6151	50.4125	0	77.7778
9.61847	50.4125	0.0825083	77.7778
9.63101	50.495	0	77.7778
9.63335	50.495	0	78.2828
9.63435	50.5363	0.0825083	78.2828
9.65308	50.6188	0	78.2828
9.65343	50.6188	0.0825083	78.2828
9.65988	50.7013	0	78.2828
9.66151	50.7426	0.0825083	78.2828
9.72621	50.8251	0	78.2828
9.72955	50.8663	0.0825083	78.2828
9.73514	50.9488	0	78.2828
9.73894	50.9488	0.0825083	78.2828
9.76077	51.0314	0	78.2828
9.76396	51.0726	0.0825083	78.2828
9.76693	51.1551	0	78.2828
9.7675	51.1964	0.0825083	78.2828
9.81171	51.2789	0	78.2828
9.81266	51.3201	0.0825083	78.2828
9.84267	51.4026	0	78.2828
9.84503	51.4439	0.0825083	78.2828
9.84799	51.5264	0	78.2828
9.85258	51.5264	0.0825083	78.2828
9.86911	51.6089	0	78.2828
9.86945	51.6502	0.0825083	78.2828
9.89092	51.7327	0	78.2828
9.92833	51.7327	0	78.7879
9.93006	51.7739	0.0825083	78.7879
9.93099	51.8564	0	78.7879
9.93383	51.8977	0.0825083	78.7879
9.93621	51.9802	0	78.7879
9.9376	51.9802	0.165017	78.7879
9.93782	52.0627	0.0825083	78.7879
9.98375	52.1452	0	78.7879
9.9873	52.1452	0	79.2929
9.98888	52.1865	0.0825083	79.2929
10.0622	52.269	0	79.2929
10.0643	52.269	0	79.798
10.0643	52.3102	0.0825083	79.798
10.0881	52.3927	0	79.798
10.0884	52.434	0.0825083	79.798
10.139	52.5165	0	79.798
10.1441	52.5165	0.0825083	79.798
10.1499	52.599	0	79.798
10.151	52.6403	0.0825083	79.798
10.1691	52.7228	0	79.798
10.1714	52.764	0.0825083	79.798
10.1939	52.8465	0	79.798
10.2258	52.8465	0	80.8081
10.2284	52.8465	0.165017	80.8081
10.2321	52.929	0.0825083	80.8081
10.2644	53.0116	0	80.8081
10.2665	53.0116	0.0825083	80.8081
10.2691	53.0941	0	80.8081
10.2705	53.1353	0.0825083	80.8081
10.2719	53.2178	0	80.8081
10.2743	53.2591	0.0825083	80.8081
10.2933	53.3416	0	80.8081
10.2939	53.3416	0.0825083	80.8081
10.3142	53.4241	0	80.8081
10.3145	53.4241	0.165017	80.8081
10.3147	53.5066	0.0825083	80.8081
10.3281	53.5891	0	80.8081
10.3319	53.6304	0.0825083	80.8081
10.3682	53.7129	0	80.8081
10.3695	53.7129	0.165017	80.8081
10.3777	53.7954	0.0825083	80.8081
10.4365	53.8779	0	80.8081
10.4381	53.9191	0.0825083	80.8081
10.4753	54.0017	0	80.8081
10.4765	54.0017	0.165017	80.8081
10.4773	54.0842	0.0825083	80.8081
10.5357	54.1667	0	80.8081
10.536	54.1667	0.0825083	80.8081
10.564	54.2492	0	80.8081
10.6306	54.2492	0	81.8182
10.6306	54.2904	0.0825083	81.8182
10.6375	54.3729	0	81.8182
10.6541	54.3729	0.0825083	81.8182
10.6555	54.3729	0.247525	81.8182
10.6556	54.4554	0.165017	81.8182
10.7078	54.538	0.0825083	81.8182
10.7085	54.5792	0.165017	81.8182
10.7609	54.6617	0.0825083	81.8182
10.7617	54.6617	0.165017	81.8182
10.7767	54.7442	0.0825083	81.8182
10.7814	54.7855	0.165017	81.8182
10.784	54.868	0.0825083	81.8182
10.7853	54.9092	0.165017	81.8182
10.7998	54.9917	0.0825083	81.8182
10.8016	55.033	0.165017	81.8182
10.841	55.1155	0.0825083	81.8182
10.842	55.198	0	81.8182
10.8432	55.2393	0.0825083	81.8182
10.9403	55.3218	0	81.8182
10.9431	55.3218	0.165017	81.8182
10.9439	55.4043	0.0825083	81.8182
10.9947	55.4868	0	81.8182
10.998	55.5281	0.0825083	81.8182
11.004	55.6106	0	81.8182
11.0047	55.6106	0.165017	81.8182
11.006	55.6931	0.0825083	81.8182
11.0409	55.7756	0	81.8182
11.0411	55.7756	0.165017	81.8182
11.0421	55.8581	0.0825083	81.8182
11.2242	55.9406	0	81.8182
11.2264	55.9818	0.0825083	81.8182
11.2364	56.0644	0	81.8182
11.2368	56.0644	0.165017	81.8182
11.2395	56.1469	0.0825083	81.8182
11.2567	56.2294	0	81.8182
11.2591	56.2706	0.0825083	81.8182
11.2955	56.3531	0	81.8182
11.2962	56.3531	0.165017	81.8182
11.2969	56.4356	0.0825083	81.8182
11.3263	56.5182	0	81.8182
11.3447	56.5182	0	82.3232
11.346	56.5594	0.0825083	82.3232
11.361	56.6419	0	82.3232
11.3622	56.6832	0.0825083	82.3232
11.3865	56.7657	0	82.3232
11.3866	56.8069	0.0825083	82.3232
11.3944	56.8894	0	82.3232
11.3947	56.8894	0.0825083	82.3232
11.4223	56.9719	0	82.3232
11.4249	57.0132	0.0825083	82.3232
11.4914	57.0957	0	82.3232
11.4925	57.137	0.0825083	82.3232
11.5055	57.2195	0	82.3232
11.506	57.2607	0.0825083	82.3232
11.5218	57.3432	0	82.3232
11.5234	57.3432	0.165017	82.3232
11.5243	57.4257	0.0825083	82.3232
11.5743	57.5083	0	82.3232
11.5761	57.5495	0.0825083	82.3232
11.6083	57.632	0	82.3232
11.6103	57.632	0.165017	82.3232
11.6108	57.7145	0.0825083	82.3232
11.7265	57.797	0	82.3232
11.7287	57.8383	0.0825083	82.3232
11.7537	57.9208	0	82.3232
11.7547	57.9208	0.165017	82.3232
11.7555	58.0033	0.0825083	82.3232
11.7609	58.0858	0	82.3232
11.7621	58.0858	0.165017	82.3232
11.7625	58.1683	0.0825083	82.3232
11.7821	58.2508	0	82.3232
11.7829	58.2508	0.165017	82.3232
11.7837	58.3333	0.0825083	82.3232
11.7861	58.4158	0	82.3232
11.7861	58.4158	0.165017	82.3232
11.7889	58.4983	0.0825083	82.3232
11.9178	58.5809	0	82.3232
11.9181	58.5809	0.165017	82.3232
11.92	58.6634	0.0825083	82.3232
11.9281	58.7459	0	82.3232
11.9581	58.7459	0	83.3333
11.9594	58.7459	0.0825083	83.3333
12.0284	58.8284	0	83.3333
12.146	58.8284	0	84.3434
12.1493	58.8696	0.0825083	84.3434
12.1518	58.9521	0	84.3434
12.1558	58.9934	0.0825083	84.3434
12.163	59.0759	0	84.3434
12.1675	59.1172	0.0825083	84.3434
12.1984	59.1997	0	84.3434
12.1989	59.2409	0.0825083	84.3434
12.2001	59.3234	0	84.3434
12.2039	59.3647	0.0825083	84.3434
12.2341	59.4472	0	84.3434
12.2365	59.4884	0.0825083	84.3434
12.2835	59.571	0	84.3434
12.2837	59.6122	0.0825083	84.3434
12.2991	59.6947	0	84.3434
12.3016	59.736	0.0825083	84.3434
12.3652	59.8185	0	84.3434
12.3687	59.8597	0.0825083	84.3434
12.4168	59.9422	0	84.3434
12.4182	59.9835	0.0825083	84.3434
12.4222	60.066	0	84.3434
12.4227	60.066	0.165017	84.3434
12.423	60.1485	0.0825083	84.3434
12.501	60.231	0	84.3434
12.503	60.231	0.165017	84.3434
12.5051	60.3135	0.0825083	84.3434
12.62	60.396	0	84.3434
12.6219	60.396	0.165017	84.3434
12.6239	60.4785	0.0825083	84.3434
12.6394	60.5611	0	84.3434
12.6398	60.6023	0.0825083	84.3434
12.6645	60.6848	0	84.3434
12.6656	60.6848	0.0825083	84.3434
12.6672	60.7673	0	84.3434
12.6836	60.7673	0	84.3434
12.6868	60.8086	0.0825083	84.3434
12.7134	60.8911	0	84.3434
12.7503	60.8911	0	85.3535
12.7521	60.8911	0.0825083	85.3535
12.8146	60.9736	0	85.3535
12.8163	61.0149	0.0825083	85.3535
12.8362	61.0974	0	85.3535
12.838	61.1386	0.0825083	85.3535
12.8751	61.2211	0	85.3535
12.8765	61.2624	0.0825083	85.3535
12.916	61.3449	0	85.3535
12.919	61.3861	0.0825083	85.3535
12.9818	61.4686	0	85.3535
12.9824	61.4686	0.165017	85.3535
12.9837	61.5512	0.0825083	85.3535
13.0047	61.6337	0	85.3535
13.0066	61.6749	0.0825083	85.3535
13.0218	61.7574	0	85.3535
13.0231	61.7987	0.0825083	85.3535
13.0293	61.8812	0	85.3535
13.0317	61.8812	0.165017	85.3535
13.0335	61.9637	0.0825083	85.3535
13.0783	62.0462	0	85.3535
13.0804	62.0462	0.0825083	85.3535
13.0979	62.1287	0	85.3535
13.1022	62.1287	0.0825083	85.3535
13.1422	62.2112	0	85.3535
13.1423	62.2112	0.0825083	85.3535
13.1801	62.2937	0	85.3535
13.1839	62.335	0.0825083	85.3535
13.1913	62.4175	0	85.3535
13.1925	62.4175	0.165017	85.3535
13.1961	62.4587	0.247525	85.3535
13.23	62.5413	0.165017	85.3535
13.2318	62.5825	0.247525	85.3535
13.2609	62.665	0.165017	85.3535
13.2617	62.7063	0.247525	85.3535
13.2695	62.7888	0.165017	85.3535
13.2695	62.83	0.247525	85.3535
13.3005	62.9125	0.165017	85.3535
13.3005	62.9125	0.330033	85.3535
13.3012	62.995	0.247525	85.3535
13.3615	63.0776	0.165017	85.3535
13.3843	63.0776	0.165017	86.3636
13.388	63.1188	0.247525	86.3636
13.407	63.2013	0.165017	86.3636
13.4404	63.2838	0.0825083	86.3636
13.4575	63.2838	0.0825083	86.8687
13.4585	63.3251	0.165017	86.8687
13.47	63.4076	0.0825083	86.8687
13.4715	63.4488	0.165017	86.8687
13.5206	63.5314	0.0825083	86.8687
13.5525	63.5314	0.0825083	87.3737
13.5528	63.5726	0.165017	87.3737
13.6861	63.6551	0.0825083	87.3737
13.6887	63.6551	0.165017	87.3737
13.7402	63.7376	0.0825083	87.3737
13.7408	63.7376	0.247525	87.3737
13.742	63.8201	0.165017	87.3737
13.7496	63.9026	0.0825083	87.3737
13.7541	63.9439	0.165017	87.3737
13.7757	64.0264	0.0825083	87.3737
13.7812	64.0677	0.165017	87.3737
13.7904	64.1502	0.0825083	87.3737
13.7904	64.1914	0.165017	87.3737
13.7957	64.2739	0.0825083	87.3737
13.7985	64.3152	0.165017	87.3737
13.8005	64.3977	0.0825083	87.3737
13.8084	64.3977	0.0825083	87.8788
13.8087	64.4389	0.165017	87.8788
13.87	64.5215	0.0825083	87.8788
13.8739	64.5627	0.165017	87.8788
13.8834	64.6452	0.0825083	87.8788
13.8991	64.7277	0	87.8788
13.9002	64.7277	0.165017	87.8788
13.9072	64.8102	0.0825083	87.8788
14.0379	64.8927	0	87.8788
14.0393	64.8927	0.165017	87.8788
14.0401	64.9753	0.0825083	87.8788
14.1266	65.0578	0	87.8788
14.1283	65.099	0.0825083	87.8788
14.1584	65.1815	0	87.8788
14.1627	65.2228	0.0825083	87.8788
14.1674	65.3053	0	87.8788
14.1684	65.3053	0.0825083	87.8788
14.2566	65.3878	0	87.8788
14.2585	65.3878	0.165017	87.8788
14.2592	65.4703	0.0825083	87.8788
14.2784	65.5528	0	87.8788
14.3046	65.5528	0	88.8889
14.3059	65.5941	0.0825083	88.8889
14.4701	65.6766	0	88.8889
14.5712	65.7178	0.0825083	88.8889
14.5823	65.7591	0.165017	88.8889
14.6186	65.8416	0.0825083	88.8889
14.6187	65.8828	0.165017	88.8889
14.6343	65.9653	0.0825083	88.8889
14.693	65.9653	0.165017	88.8889
14.6931	65.9653	0.330033	88.8889
14.6971	66.0479	0.247525	88.8889
14.8416	66.1304	0.165017	88.8889
14.8427	66.1304	0.330033	88.8889
14.8547	66.2129	0.247525	88.8889
14.8621	66.2954	0.165017	88.8889
14.8627	66.3366	0.247525	88.8889
14.8907	66.4191	0.165017	88.8889
14.893	66.4604	0.247525	88.8889
14.8933	66.5429	0.165017	88.8889
14.8941	66.5842	0.247525	88.8889
14.9807	66.6667	0.165017	88.8889
14.9816	66.6667	0.330033	88.8889
14.9912	66.7492	0.247525	88.8889
14.996	66.8317	0.165017	88.8889
14.9982	66.8729	0.247525	88.8889
15.0129	66.9554	0.165017	88.8889
15.0568	66.9554	0.247525	88.8889
15.0571	66.9967	0.330033	88.8889
15.0772	67.0792	0.247525	88.8889
15.0831	67.0792	0.247525	89.3939
15.0846	67.1205	0.330033	89.3939
15.1404	67.203	0.247525	89.3939
15.1422	67.2442	0.330033	89.3939
15.1615	67.3267	0.247525	89.3939
15.1616	67.368	0.330033	89.3939
15.2553	67.4505	0.247525	89.3939
15.2565	67.4918	0.330033	89.3939
15.3149	67.5743	0.247525	89.3939
15.3164	67.5743	0.412541	89.3939
15.3165	67.6155	0.49505	89.3939
15.3187	67.698	0.412541	89.3939
15.3205	67.7805	0.330033	89.3939
15.3404	67.863	0.247525	89.3939
15.3407	67.9043	0.330033	89.3939
15.3487	67.9868	0.247525	89.3939
15.3506	67.9868	0.412541	89.3939
15.3523	68.0693	0.330033	89.3939
15.4359	68.1518	0.247525	89.3939
15.4362	68.1931	0.330033	89.3939
15.5319	68.2756	0.247525	89.3939
15.5328	68.3168	0.330033	89.3939
15.5945	68.3993	0.247525	89.3939
15.5965	68.3993	0.412541	89.3939
15.5975	68.4818	0.330033	89.3939
15.6555	68.5644	0.247525	89.3939
15.6576	68.5644	0.412541	89.3939
15.6602	68.6469	0.330033	89.3939
15.7077	68.7294	0.247525	89.3939
15.7085	68.7294	0.412541	89.3939
15.7123	68.8119	0.330033	89.3939
15.8666	68.8944	0.247525	89.3939
15.8697	68.8944	0.330033	89.3939
15.9002	68.9769	0.247525	89.3939
15.9012	69.0182	0.330033	89.3939
15.9262	69.1007	0.247525	89.3939
15.9576	69.1007	0.247525	90.404
15.9578	69.1419	0.330033	90.404
15.9971	69.2244	0.247525	90.404
15.9972	69.2244	0.412541	90.404
15.9984	69.3069	0.330033	90.404
16.0022	69.3894	0.247525	90.404
16.0042	69.4719	0.165017	90.404
16.0053	69.5132	0.247525	90.404
16.0835	69.5957	0.165017	90.404
16.1743	69.637	0.247525	90.404
16.207	69.7195	0.165017	90.404
16.2116	69.7607	0.247525	90.404
16.2411	69.8432	0.165017	90.404
16.2415	69.8845	0.247525	90.404
16.2642	69.967	0.165017	90.404
16.2645	69.967	0.330033	90.404
16.2659	70.0495	0.247525	90.404
16.2765	70.132	0.165017	90.404
16.2777	70.1733	0.247525	90.404
16.2782	70.1733	0.412541	90.404
16.2784	70.2558	0.330033	90.404
16.2813	70.3383	0.247525	90.404
16.3134	70.4208	0.165017	90.404
16.3167	70.462	0.247525	90.404
16.3655	70.5446	0.165017	90.404
16.3675	70.5446	0.330033	90.404
16.368	70.6271	0.247525	90.404
16.529	70.7096	0.165017	90.404
16.5327	70.7508	0.247525	90.404
16.5766	70.8333	0.165017	90.404
16.5799	70.8746	0.247525	90.404
16.624	70.9571	0.165017	90.404
16.6296	70.9571	0.247525	90.404
16.7351	71.0396	0.165017	90.404
16.7357	71.0396	0.330033	90.404
16.7366	71.1221	0.247525	90.404
16.8476	71.2046	0.165017	90.404
16.8487	71.2046	0.330033	90.404
16.9093	71.2871	0.247525	90.404
16.9094	71.3284	0.330033	90.404
16.9173	71.4109	0.247525	90.404
16.9215	71.4109	0.330033	90.404
17.0134	71.4934	0.247525	90.404
17.0202	71.5347	0.330033	90.404
17.1599	71.6172	0.247525	90.404
17.1614	71.6172	0.412541	90.404
17.1624	71.6997	0.330033	90.404
17.2011	71.7822	0.247525	90.404
17.2012	71.8234	0.330033	90.404
17.2675	71.9059	0.247525	90.404
17.2681	71.9059	0.247525	91.4141
17.3133	71.9059	0.247525	92.4242
17.3137	71.9472	0.330033	92.4242
17.3439	72.0297	0.247525	92.4242
17.3448	72.071	0.330033	92.4242
17.3469	72.1535	0.247525	92.4242
17.3503	72.1947	0.330033	92.4242
17.3521	72.236	0.412541	92.4242
17.3535	72.3185	0.330033	92.4242
17.4276	72.401	0.247525	92.4242
17.4292	72.4422	0.330033	92.4242
17.4396	72.5247	0.247525	92.4242
17.5696	72.6073	0.165017	92.4242
17.5709	72.6485	0.247525	92.4242
17.6718	72.731	0.165017	92.4242
17.677	72.7723	0.247525	92.4242
17.9531	72.8548	0.165017	92.4242
17.9535	72.8548	0.247525	92.4242
18.0109	72.9373	0.165017	92.4242
18.0114	72.9373	0.247525	92.4242
18.0618	73.0198	0.165017	92.4242
18.062	73.0611	0.247525	92.4242
18.1005	73.1436	0.165017	92.4242
18.1006	73.1436	0.330033	92.4242
18.1014	73.2261	0.247525	92.4242
18.1486	73.3086	0.165017	92.4242
18.1491	73.3498	0.247525	92.4242
18.2191	73.4323	0.165017	92.4242
18.2198	73.4323	0.330033	92.4242
18.2232	73.5149	0.247525	92.4242
18.4669	73.5974	0.165017	92.4242
18.4726	73.6386	0.247525	92.4242
18.5441	73.7211	0.165017	92.4242
18.5467	73.7624	0.247525	92.4242
18.5833	73.8449	0.165017	92.4242
18.7019	73.8449	0.165017	92.9293
18.7025	73.8861	0.247525	92.9293
18.8602	73.9686	0.165017	92.9293
18.8651	74.0099	0.247525	92.9293
18.8874	74.0924	0.165017	92.9293
18.888	74.1337	0.247525	92.9293
18.9513	74.2162	0.165017	92.9293
18.9531	74.2574	0.247525	92.9293
19.0061	74.3399	0.165017	92.9293
19.0064	74.3399	0.330033	92.9293
19.0075	74.4224	0.247525	92.9293
19.05	74.505	0.165017	92.9293
19.0725	74.505	0.165017	93.9394
19.0736	74.5462	0.247525	93.9394
19.0752	74.6287	0.165017	93.9394
19.0762	74.67	0.247525	93.9394
19.1206	74.7525	0.165017	93.9394
19.1207	74.7937	0.247525	93.9394
19.2392	74.8762	0.165017	93.9394
19.2404	74.8762	0.247525	93.9394
19.3088	74.9587	0.165017	93.9394
19.3105	75	0.247525	93.9394
19.3267	75.0825	0.165017	93.9394
19.328	75.1238	0.247525	93.9394
19.3628	75.2063	0.165017	93.9394
19.3669	75.2475	0.247525	93.9394
19.3803	75.33	0.165017	93.9394
19.3819	75.3713	0.247525	93.9394
19.5193	75.4538	0.165017	93.9394
19.5237	75.495	0.247525	93.9394
19.6049	75.5776	0.165017	93.9394
19.627	75.6601	0.0825083	93.9394
19.6278	75.7013	0.165017	93.9394
19.7067	75.7838	0.0825083	93.9394
19.709	75.7838	0.165017	93.9394
19.7345	75.8663	0.0825083	93.9394
19.7355	75.8663	0.247525	93.9394
19.7386	75.9488	0.165017	93.9394
19.7779	76.0314	0.0825083	93.9394
19.7803	76.0314	0.247525	93.9394
19.7847	76.1139	0.165017	93.9394
19.8012	76.1964	0.0825083	93.9394
19.8025	76.2376	0.165017	93.9394
19.8564	76.3201	0.0825083	93.9394
19.857	76.3614	0.165017	93.9394
19.8972	76.4439	0.0825083	93.9394
19.8976	76.4851	0.165017	93.9394
19.9939	76.5677	0.0825083	93.9394
19.9952	76.6089	0.165017	93.9394
20.0335	76.6914	0.0825083	93.9394
20.0361	76.7327	0.165017	93.9394
20.1175	76.8152	0.0825083	93.9394
20.1176	76.8152	0.247525	93.9394
20.1182	76.8977	0.165017	93.9394
20.2345	76.9802	0.0825083	93.9394
20.2349	76.9802	0.247525	93.9394
20.2368	77.0627	0.165017	93.9394
20.3432	77.1452	0.0825083	93.9394
20.3471	77.1865	0.165017	93.9394
20.5283	77.269	0.0825083	93.9394
20.6044	77.3102	0.165017	93.9394
20.6078	77.3102	0.330033	93.9394
20.611	77.3927	0.247525	93.9394
20.7151	77.4753	0.165017	93.9394
20.7153	77.5165	0.247525	93.9394
20.7962	77.599	0.165017	93.9394
20.7966	77.599	0.247525	93.9394
20.8948	77.6815	0.165017	93.9394
20.8962	77.7228	0.247525	93.9394
20.9137	77.8053	0.165017	93.9394
20.9159	77.8465	0.247525	93.9394
20.9491	77.929	0.165017	93.9394
20.9511	77.9703	0.247525	93.9394
21.0567	78.0528	0.165017	93.9394
21.0567	78.0528	0.330033	93.9394
21.0579	78.1353	0.247525	93.9394
21.1725	78.2178	0.165017	93.9394
21.1734	78.2178	0.330033	93.9394
21.1798	78.3003	0.247525	93.9394
21.1922	78.3828	0.165017	93.9394
21.1961	78.4241	0.247525	93.9394
21.2311	78.5066	0.165017	93.9394
21.2351	78.5479	0.247525	93.9394
21.2982	78.6304	0.165017	93.9394
21.305	78.6716	0.247525	93.9394
21.3095	78.7541	0.165017	93.9394
21.3097	78.7954	0.247525	93.9394
21.3143	78.8779	0.165017	93.9394
21.3146	78.8779	0.330033	93.9394
21.3169	78.9604	0.247525	93.9394
21.3529	79.0429	0.165017	93.9394
21.3536	79.0842	0.247525	93.9394
21.3925	79.1667	0.165017	93.9394
21.3927	79.1667	0.330033	93.9394
21.3932	79.2492	0.247525	93.9394
21.3991	79.3317	0.165017	93.9394
21.3995	79.3729	0.247525	93.9394
21.4242	79.4554	0.165017	93.9394
21.4847	79.538	0.0825083	93.9394
21.4864	79.5792	0.165017	93.9394
21.5391	79.6617	0.0825083	93.9394
21.5411	79.703	0.165017	93.9394
21.6568	79.7855	0.0825083	93.9394
21.657	79.8267	0.165017	93.9394
21.6725	79.9092	0.0825083	93.9394
21.6787	79.9505	0.165017	93.9394
21.7182	80.033	0.0825083	93.9394
21.7391	80.1155	0	93.9394
21.7419	80.1568	0.0825083	93.9394
21.7828	80.2393	0	93.9394
21.7836	80.2393	0.0825083	93.9394
21.8301	80.3218	0	93.9394
21.8301	80.3218	0.165017	93.9394
21.8309	80.4043	0.0825083	93.9394
21.8413	80.4868	0	93.9394
21.8415	80.4868	0.0825083	93.9394
21.8478	80.5693	0	93.9394
21.8497	80.6106	0.0825083	93.9394
21.8849	80.6931	0	93.9394
21.8897	80.7343	0.0825083	93.9394
21.919	80.8168	0	93.9394
21.9197	80.8168	0.0825083	93.9394
21.9201	80.8581	0.165017	93.9394
21.9241	80.9406	0.0825083	93.9394
22.0453	81.0231	0	93.9394
22.051	81.0644	0.0825083	93.9394
22.0842	81.1469	0	93.9394
22.0847	81.1881	0.0825083	93.9394
22.1714	81.2706	0	93.9394
22.1726	81.2706	0.0825083	93.9394
22.3065	81.3531	0	93.9394
22.4237	81.3944	0.0825083	93.9394
22.4242	81.3944	0.165017	93.9394
22.5198	81.4769	0.0825083	93.9394
22.5228	81.4769	0.165017	93.9394
22.6211	81.5594	0.0825083	93.9394
22.6233	81.6007	0.165017	93.9394
22.6443	81.6832	0.0825083	93.9394
22.6479	81.7244	0.165017	93.9394
22.6811	81.8069	0.0825083	93.9394
22.6853	81.8482	0.165017	93.9394
22.7006	81.9307	0.0825083	93.9394
22.7016	81.9719	0.165017	93.9394
22.9532	82.0545	0.0825083	93.9394
22.9547	82.0957	0.165017	93.9394
22.9586	82.1782	0.0825083	93.9394
22.9631	82.2195	0.165017	93.9394
22.9864	82.302	0.0825083	93.9394
22.9916	82.3432	0.165017	93.9394
23.1743	82.4257	0.0825083	93.9394
23.2098	82.4257	0.0825083	94.9495
23.21	82.467	0.165017	94.9495
23.2253	82.5495	0.0825083	94.9495
23.2254	82.5908	0.165017	94.9495
23.4661	82.6733	0.0825083	94.9495
23.4667	82.7145	0.165017	94.9495
23.4825	82.797	0.0825083	94.9495
23.4838	82.8383	0.165017	94.9495
23.5165	82.9208	0.0825083	94.9495
23.5198	82.9208	0.165017	94.9495
23.6723	83.0033	0.0825083	94.9495
23.6724	83.0446	0.165017	94.9495
23.9014	83.1271	0.0825083	94.9495
23.9932	83.2096	0	94.9495
23.9938	83.2096	0.165017	94.9495
23.999	83.2921	0.0825083	94.9495
24.005	83.3746	0	94.9495
24.0085	83.4158	0.0825083	94.9495
24.0265	83.4984	0	94.9495
24.027	83.4984	0.165017	94.9495
24.0287	83.5809	0.0825083	94.9495
24.2738	83.6634	0	94.9495
24.2751	83.6634	0.0825083	94.9495
24.4593	83.7459	0	94.9495
24.4622	83.7871	0.0825083	94.9495
24.7561	83.8696	0	94.9495
24.7562	83.9109	0.0825083	94.9495
24.955	83.9934	0	94.9495
24.9588	83.9934	0.0825083	94.9495
25.1361	84.0759	0	94.9495
25.1367	84.1172	0.0825083	94.9495
25.2742	84.1997	0	94.9495
25.2748	84.1997	0.165017	94.9495
25.2768	84.2822	0.0825083	94.9495
25.2824	84.3647	0	94.9495
25.2849	84.4059	0.0825083	94.9495
25.3136	84.4884	0	94.9495
25.3136	84.4884	0.165017	94.9495
25.3139	84.571	0.0825083	94.9495
25.3924	84.6535	0	94.9495
25.3925	84.6947	0.0825083	94.9495
25.487	84.7772	0	94.9495
25.4877	84.8185	0.0825083	94.9495
25.5463	84.901	0	94.9495
25.5463	84.9422	0.0825083	94.9495
25.6003	85.0247	0	94.9495
25.605	85.066	0.0825083	94.9495
25.6484	85.1485	0	94.9495
25.6495	85.1898	0.0825083	94.9495
25.6858	85.2723	0	94.9495
25.6925	85.3135	0.0825083	94.9495
25.8197	85.396	0	94.9495
25.8205	85.4373	0.0825083	94.9495
25.8797	85.5198	0	94.9495
25.8836	85.5198	0.0825083	94.9495
25.8932	85.6023	0	94.9495
25.8936	85.6023	0.165017	94.9495
25.8938	85.6848	0.0825083	94.9495
25.9518	85.7673	0	94.9495
25.9534	85.8086	0.0825083	94.9495
25.9748	85.8911	0	94.9495
25.9762	85.8911	0.165017	94.9495
25.9765	85.9736	0.0825083	94.9495
26.1189	86.0561	0	94.9495
26.1196	86.0974	0.0825083	94.9495
26.2914	86.1799	0	94.9495
26.2934	86.1799	0.165017	94.9495
26.2944	86.2624	0.0825083	94.9495
26.3325	86.3449	0	94.9495
26.3345	86.3861	0.0825083	94.9495
26.6195	86.4686	0	94.9495
26.6281	86.5099	0.0825083	94.9495
26.6894	86.5924	0	94.9495
26.6901	86.6337	0.0825083	94.9495
26.8488	86.7162	0	94.9495
26.8504	86.7574	0.0825083	94.9495
27.1213	86.8399	0	94.9495
27.1229	86.8399	0.0825083	94.9495
27.2929	86.9224	0	94.9495
27.2957	86.9637	0.0825083	94.9495
27.3627	87.0462	0	94.9495
27.3669	87.0875	0.0825083	94.9495
27.4041	87.17	0	94.9495
27.4056	87.17	0.165017	94.9495
27.4096	87.2525	0.0825083	94.9495
27.7926	87.335	0	94.9495
27.7943	87.335	0.0825083	94.9495
27.795	87.335	0.247525	94.9495
27.7956	87.4175	0.165017	94.9495
27.796	87.5	0.0825083	94.9495
27.8871	87.5825	0	94.9495
27.8881	87.6238	0.0825083	94.9495
28.0098	87.7063	0	94.9495
28.0117	87.7475	0.0825083	94.9495
28.2228	87.83	0	94.9495
28.2231	87.8713	0.0825083	94.9495
28.2564	87.9538	0	94.9495
28.2566	87.995	0.0825083	94.9495
28.7069	88.0776	0	94.9495
28.7082	88.0776	0.0825083	94.9495
28.9059	88.1601	0	94.9495
28.9064	88.2013	0.0825083	94.9495
28.9081	88.2838	0	94.9495
28.9132	88.2838	0.0825083	94.9495
28.9423	88.3663	0	94.9495
28.9425	88.4076	0.0825083	94.9495
29.1195	88.4901	0	94.9495
29.1215	88.5314	0.0825083	94.9495
29.2156	88.6139	0	94.9495
29.2194	88.6551	0.0825083	94.9495
29.3684	88.7376	0	94.9495
29.3689	88.7789	0.0825083	94.9495
29.6269	88.8614	0	94.9495
29.6269	88.9026	0.0825083	94.9495
29.629	88.9439	0.165017	94.9495
29.6319	89.0264	0.0825083	94.9495
30.2465	89.1089	0	94.9495
30.2488	89.1089	0.0825083	94.9495
30.3249	89.1914	0	94.9495
30.3258	89.2327	0.0825083	94.9495
30.612	89.3152	0	94.9495
30.6132	89.3564	0.0825083	94.9495
30.7239	89.4389	0	94.9495
30.7244	89.4802	0.0825083	94.9495
30.7942	89.5627	0	94.9495
30.8005	89.604	0.0825083	94.9495
30.8424	89.6865	0	94.9495
30.8445	89.7277	0.0825083	94.9495
30.8447	89.769	0.165017	94.9495
30.8477	89.8515	0.0825083	94.9495
31.0098	89.934	0	94.9495
31.0112	89.9753	0.0825083	94.9495
31.1804	90.0578	0	94.9495
31.1815	90.099	0.0825083	94.9495
31.5381	90.1815	0	94.9495
31.5389	90.2228	0.0825083	94.9495
31.6243	90.3053	0	94.9495
31.6274	90.3465	0.0825083	94.9495
31.8034	90.429	0	94.9495
31.8045	90.4703	0.0825083	94.9495
31.8441	90.5528	0	94.9495
31.8468	90.5528	0.165017	94.9495
31.847	90.6353	0.0825083	94.9495
32.2338	90.7178	0	94.9495
32.2353	90.7178	0.0825083	94.9495
32.279	90.8003	0	94.9495
32.2808	90.8416	0.0825083	94.9495
32.5225	90.9241	0	94.9495
32.524	90.9653	0.0825083	94.9495
32.8853	91.0479	0	94.9495
32.8885	91.0891	0.0825083	94.9495
32.9461	91.1716	0	94.9495
32.9464	91.1716	0.165017	94.9495
32.9477	91.2541	0.0825083	94.9495
32.9631	91.3366	0	94.9495
32.9676	91.3779	0.0825083	94.9495
33.3252	91.4604	0	94.9495
33.3264	91.5016	0.0825083	94.9495
33.7838	91.5842	0	94.9495
33.7842	91.5842	0.165017	94.9495
33.7854	91.6667	0.0825083	94.9495
33.8599	91.7492	0	94.9495
33.8603	91.7904	0.0825083	94.9495
33.9278	91.8729	0	94.9495
33.9285	91.9142	0.0825083	94.9495
34.1078	91.9967	0	94.9495
34.1087	92.038	0.0825083	94.9495
34.2702	92.1205	0	94.9495
34.271	92.1617	0.0825083	94.9495
34.4866	92.2442	0	94.9495
34.4867	92.2442	0.165017	94.9495
34.4869	92.3267	0.0825083	94.9495
35.0989	92.4092	0	94.9495
35.099	92.4505	0.0825083	94.9495
35.1417	92.533	0	94.9495
35.1424	92.533	0.0825083	94.9495
35.7068	92.6155	0	94.9495
35.7084	92.6155	0.165017	94.9495
35.7093	92.698	0.0825083	94.9495
35.8427	92.7805	0	94.9495
35.843	92.8218	0.0825083	94.9495
36.6235	92.9043	0	94.9495
36.6284	92.9455	0.0825083	94.9495
36.804	93.0281	0	94.9495
36.8054	93.0693	0.0825083	94.9495
36.8817	93.1518	0	94.9495
36.8863	93.1931	0.0825083	94.9495
37.0041	93.2756	0	94.9495
37.0061	93.2756	0.0825083	94.9495
37.9456	93.3581	0	94.9495
37.9466	93.3993	0.0825083	94.9495
38.6155	93.4818	0	94.9495
38.616	93.5231	0.0825083	94.9495
38.8338	93.6056	0	94.9495
38.8348	93.6056	0.0825083	94.9495
38.8662	93.6881	0	94.9495
38.8713	93.7294	0.0825083	94.9495
39.105	93.8119	0	94.9495
39.1058	93.8531	0.0825083	94.9495
39.2355	93.9356	0	94.9495
39.2365	93.9356	0.165017	94.9495
39.2402	94.0182	0.0825083	94.9495
39.2469	94.1007	0	94.9495
39.2484	94.1419	0.0825083	94.9495
39.5449	94.2244	0	94.9495
39.5452	94.2657	0.0825083	94.9495
40.1163	94.3482	0	94.9495
40.1187	94.3894	0.0825083	94.9495
40.2701	94.4719	0	94.9495
40.2708	94.4719	0.165017	94.9495
40.2747	94.5545	0.0825083	94.9495
40.4115	94.637	0	94.9495
40.413	94.6782	0.0825083	94.9495
41.8178	94.7607	0	94.9495
41.8183	94.802	0.0825083	94.9495
41.892	94.8845	0	94.9495
41.8921	94.9257	0.0825083	94.9495
42.1216	95.0082	0	94.9495
42.1232	95.0495	0.0825083	94.9495
43.5918	95.132	0	94.9495
43.5923	95.1733	0.0825083	94.9495
44.8649	95.2558	0	94.9495
44.8667	95.2558	0.165017	94.9495
44.8682	95.3383	0.0825083	94.9495
47.2196	95.4208	0	94.9495
47.2209	95.462	0.0825083	94.9495
48.2741	95.5446	0	94.9495
48.282	95.5858	0.0825083	94.9495
49.6407	95.6683	0	94.9495
49.6408	95.7096	0.0825083	94.9495
50.2807	95.7921	0	94.9495
50.2816	95.8333	0.0825083	94.9495
51.3543	95.9158	0	94.9495
51.3569	95.9571	0.0825083	94.9495
52.4331	96.0396	0	94.9495
52.4348	96.0809	0.0825083	94.9495
53.3081	96.1634	0	94.9495
53.3083	96.2046	0.0825083	94.9495
53.3699	96.2871	0	94.9495
53.3704	96.2871	0.165017	94.9495
53.3721	96.3696	0.0825083	94.9495
53.8717	96.4521	0	94.9495
53.8734	96.4934	0.0825083	94.9495
54.7085	96.5759	0	94.9495
54.7102	96.6172	0.0825083	94.9495
54.7461	96.6997	0	94.9495
54.7483	96.7409	0.0825083	94.9495
56.0747	96.8234	0	94.9495
56.076	96.8647	0.0825083	94.9495
59.2886	96.9472	0	94.9495
59.2894	96.9884	0.0825083	94.9495
61.4742	97.071	0	94.9495
61.4744	97.071	0.0825083	94.9495
70.3537	97.1535	0	94.9495
70.3539	97.1535	0.165017	94.9495
70.3551	97.236	0.0825083	94.9495
71.5985	97.3185	0	94.9495
71.599	97.3597	0.0825083	94.9495
73.6626	97.4422	0	94.9495
73.6667	97.4422	0.165017	94.9495
73.6673	97.5247	0.0825083	94.9495
92.8028	97.6073	0	94.9495
160.356	97.6073	0	95.9596
471.732	97.6073	0	96.9697
471.945	97.6485	0.0825083	96.9697
499.168	97.731	0	96.9697
510.272	97.731	0	97.9798
806.435	97.731	0	98.9899
1108.01	97.731	0	100
1108.59	97.731	0.0825083	100
1129.26	97.8135	0	100
1129.64	97.8548	0.0825083	100
1335.06	97.9373	0	100
1335.76	97.9785	0.0825083	100
2061.14	98.0611	0	100
2063.07	98.1023	0.0825083	100
2495.45	98.1848	0	100
2496.77	98.2261	0.0825083	100
3157.98	98.3086	0	100
3157.98	98.3086	0.0825083	100
5000.6	98.3911	0	100
5001.15	98.3911	0.0825083	100
5052.86	98.4736	0	100
5052.86	98.5149	0.0825083	100
6670.7	98.5974	0	100
6673.72	98.6386	0.0825083	100
7604.61	98.7211	0	100
7605.26	98.7624	0.0825083	100
8585.57	98.8449	0	100
8585.57	98.8449	0.165017	100
8585.84	98.9274	0.0825083	100
10537.3	99.0099	0	100
10538	99.0099	0.165017	100
10538.4	99.0924	0.0825083	100
13769	99.1749	0	100
13769.6	99.1749	0.165017	100
13769.7	99.2574	0.0825083	100
16049.6	99.3399	0	100
16049.6	99.3399	0.0825083	100
17099.1	99.4224	0	100
17099.3	99.4224	0.165017	100
17100.4	99.505	0.0825083	100
17128.8	99.5875	0	100
17133.5	99.6287	0.0825083	100
30208.3	99.7112	0	100
30208.3	99.7112	0.165017	100
30209.3	99.7937	0.0825083	100
39276.5	99.8762	0	100
39276.7	99.9175	0.0825083	100
