2.03678e-05	0	0	0
5.52858e-05	0	0	0
6.26075e-05	0	0	0
8.23227e-05	0	0	0
8.3423e-05	0	0	0
9.98128e-05	0	0	0
0.000102812	0	0	0
0.000114803	0	0	0
0.000136908	0	0	0
0.000162114	0	0	0
0.000185092	0	0	0
0.000191247	0	0	0
0.000196473	0	0	0
0.000203726	0	0	0
0.000208643	0	0	0
0.000215674	0	0	0
0.000226576	0	0	0
0.00022693	0	0	0
0.000253196	0	0	0
0.000260925	0	0	0
0.000278238	0	0	0
0.000282301	0	0	0
0.000297914	0	0	0
0.000300255	0	0	0
0.000323863	0	0	0
0.000331646	0	0	0
0.000346976	0	0	0
0.000357322	0	0	0
0.000371771	0	0	0
0.000381497	0	0	0
0.000389953	0	0	0
0.000392885	0	0	0
0.000407552	0	0	0
0.000408328	0	0	0
0.000435322	0	0	0
0.000437291	0	0	0
0.00048912	0	0	0
0.00049398	0	0	0
0.00050053	0	0	0
0.00050348	0	0	0
0.000508808	0	0	0
0.00052598	0	0	0
0.000538473	0	0	0
0.000546102	0	0	0
0.000569193	0	0	0
0.000570357	0	0	0
0.000582038	0	0	0
0.000624328	0	0	0
0.000625961	0	0	0
0.000632503	0	0	0
0.000652147	0	0	0
0.000677325	0	0	0
0.000679559	0	0	0
0.00070802	0	0	0
0.000745944	0	0	0
0.000752173	0	0	0
0.000767482	0	0	0
0.000792536	0	0	0
0.000815957	0	0	0
0.000836067	0	0	0
0.000844768	0	0	0
0.000873809	0	0	0
0.000884151	0	0	0
0.000923932	0	0	0
0.000975366	0	0	0
0.000977372	0	0	0
0.000998984	0	0	0
0.00101434	0	0	0
0.00103557	0	0	0
0.0010391	0	0	0
0.00106509	0	0	0
0.00109759	0	0	0
0.0011003	0	0	0
0.00111141	0	0	0
0.00111792	0	0	0
0.00114163	0	0	0
0.00116982	0	0	0
0.00117526	0	0	0
0.00117675	0	0	0
0.0011846	0	0	0
0.00121633	0	0	0
0.00123887	0	0	0
0.00127757	0	0	0
0.00127866	0	0	0
0.00130644	0	0	0
0.00131075	0	0	0
0.00131134	0	0	0
0.00131235	0	0	0
0.0013339	0	0	0
0.00133562	0	0	0
0.00134995	0	0	0
0.00136343	0	0	0
0.00137809	0	0	0
0.00139918	0	0	0
0.00140074	0	0	0
0.0014046	0	0	0
0.00141893	0	0	0
0.00146662	0	0	0
0.00146901	0	0	0
0.00147879	0	0	0
0.00151506	0	0	0
0.00151815	0	0	0
0.0015185	0	0	0
0.00152092	0	0	0
0.001529	0	0	0
0.00153314	0	0	0
0.0015508	0	0	0
0.00156867	0	0	0
0.00162847	0	0	0
0.00163983	0	0	0
0.00167384	0	0	0
0.00168392	0	0	0
0.0016868	0	0	0
0.00169274	0	0	0
0.00173832	0	0	0
0.00174348	0	0	0
0.00175921	0	0	0
0.00176247	0	0	0
0.00178738	0	0	0
0.001806	0	0	0
0.00187639	0	0	0
0.00190161	0	0	0
0.00193023	0	0	0
0.00195388	0	0	0
0.00199129	0	0	0
0.00199529	0	0	0
0.00201295	0	0	0
0.00205283	0	0	0
0.00209656	0	0	0
0.00210243	0	0	0
0.0021403	0	0	0
0.00214574	0	0	0
0.0021854	0	0	0
0.00219103	0	0	0
0.00220112	0	0	0
0.00220274	0	0	0
0.00222885	0	0	0
0.00228992	0	0	0
0.00229504	0	0	0
0.00231614	0	0	0
0.00233114	0	0	0
0.00242573	0	0	0
0.00243151	0	0	0
0.00245049	0	0	0
0.00245223	0	0	0
0.0024935	0	0	0
0.0025049	0	0	0
0.00250714	0	0	0
0.00251544	0	0	0
0.00253042	0	0	0
0.00254253	0	0	0
0.00254845	0	0	0
0.00256259	0	0	0
0.00260045	0	0	0
0.00260792	0	0	0
0.00261817	0	0	0
0.00263187	0	0	0
0.00265134	0	0	0
0.00265167	0	0	0
0.00267132	0	0	0
0.00269258	0	0	0
0.00270544	0	0	0
0.0027062	0	0	0
0.00271607	0	0	0
0.00272699	0	0	0
0.00274905	0	0	0
0.00275813	0	0	0
0.00275966	0	0	0
0.00276898	0	0	0
0.00277182	0	0	0
0.00280083	0	0	0
0.0028034	0	0	0
0.00282888	0	0	0
0.00284551	0	0	0
0.00287974	0	0	0
0.00288161	0	0	0
0.00298858	0	0	0
0.00299681	0	0	0
0.00299827	0	0	0
0.00299839	0	0	0
0.00303997	0	0	0
0.00305228	0	0	0
0.00307343	0	0	0
0.0030742	0	0	0
0.0031387	0	0	0
0.00320395	0	0	0
0.00323065	0	0	0
0.00325906	0	0	0
0.00326629	0	0	0
0.00328054	0	0	0
0.00329477	0	0	0
0.00331483	0	0	0
0.00342072	0	0	0
0.00343267	0	0	0
0.00345938	0	0	0
0.0034663	0	0	0
0.00353647	0	0	0
0.00354703	0	0	0
0.00354717	0	0	0
0.003581	0	0	0
0.00361499	0	0	0
0.00362014	0	0	0
0.00364827	0	0	0
0.00368608	0	0	0
0.0037021	0	0	0
0.00370971	0	0	0
0.00372462	0	0	0
0.00372737	0	0	0
0.00373047	0	0	0
0.00378317	0	0	0
0.00379418	0	0	0
0.00384149	0	0	0
0.00386797	0	0	0
0.00393006	0	0	0
0.00399519	0	0	0
0.00401669	0	0	0
0.004072	0	0	0
0.00412953	0	0	0
0.00435302	0	0	0
0.00436511	0	0	0
0.00469789	0	0	0
0.00480079	0	0	0
0.00484042	0	0	0
0.00485557	0	0	0
0.00511568	0	0	0
0.00535287	0	0	0
0.00538409	0	0	0
0.00540909	0	0	0
0.00543669	0	0	0
0.00559304	0	0	0
0.00559828	0	0	0
0.0056597	0	0	0
0.0056639	0	0	0
0.00567431	0	0	0
0.0057027	0	0	0
0.00573594	0	0	0
0.00578494	0	0	0
0.00579983	0	0	0
0.00580502	0	0	0
0.00581199	0	0	0
0.00583842	0	0	0
0.00596738	0	0	0
0.00597182	0	0	0
0.00598334	0	0	0
0.00602233	0	0	0
0.00603112	0	0	0
0.00604103	0	0	0
0.00604986	0	0	0
0.00607408	0	0	0
0.00609676	0	0	0
0.00617624	0	0	0
0.00620927	0	0	0
0.00626021	0	0	0
0.00634409	0	0	0
0.00640275	0	0	0
0.00644464	0	0	0
0.00647777	0	0	0
0.00650884	0	0	0
0.00651326	0	0	0
0.00652716	0	0	0
0.00652892	0	0	0
0.00652911	0	0	0
0.00655349	0	0	0
0.00661074	0	0	0
0.00668113	0	0	0
0.00671777	0	0	0
0.00672303	0	0	0
0.00690238	0	0	0
0.0069209	0	0	0
0.0069705	0	0	0
0.00698014	0	0	0
0.00698596	0	0	0
0.00703681	0	0	0
0.00705263	0	0	0
0.00721397	0	0	0
0.00726049	0	0	0
0.00738038	0	0	0
0.00742167	0	0	0
0.00754421	0	0	0
0.00755503	0	0	0
0.00767203	0	0	0
0.00789877	0	0	0
0.00797176	0	0	0
0.00819907	0	0	0
0.00832177	0	0	0
0.0084603	0	0	0
0.00864671	0	0	0
0.00878096	0	0	0
0.00886994	0	0	0
0.00887239	0	0	0
0.00888306	0	0	0
0.00905536	0	0	0
0.00905642	0	0	0
0.0090681	0	0	0
0.00910152	0	0	0
0.00913542	0	0	0
0.00916552	0	0	0
0.00938243	0	0	0
0.00946479	0	0	0
0.00946707	0	0	0
0.00956766	0	0	0
0.00959643	0	0	0
0.00967998	0	0	0
0.00978809	0	0	0
0.0097981	0	0	0
0.00995889	0	0	0
0.0100982	0	0	0
0.0100986	0	0	0
0.0101176	0	0	0
0.0101319	0	0	0
0.0101523	0	0	0
0.0102137	0	0	0
0.0102265	0	0	0
0.0102709	0	0	0
0.0102995	0	0	0
0.0103209	0	0	0
0.0103284	0	0	0
0.0103666	0	0	0
0.010388	0	0	0
0.0104045	0	0	0
0.0104377	0	0	0
0.010478	0	0	0
0.0105509	0	0	0
0.0105691	0	0	0
0.0105822	0	0	0
0.0106328	0	0	0
0.0106345	0	0	0
0.0108132	0	0	0
0.0108152	0	0	0
0.0108182	0	0	0
0.010839	0	0	0
0.0108464	0	0	0
0.0108473	0	0	0
0.0108719	0	0	0
0.0109499	0	0	0
0.0109847	0	0	0
0.0109856	0	0	0
0.0111583	0	0	0
0.0113201	0	0	0
0.0113339	0	0	0
0.0113387	0	0	0
0.0113635	0	0	0
0.011376	0	0	0
0.0113781	0	0	0
0.0113865	0	0	0
0.011444	0	0	0
0.01163	0	0	0
0.0116729	0	0	0
0.0117016	0	0	0
0.0117659	0	0	0
0.0118614	0	0	0
0.0119628	0	0	0
0.012176	0	0	0
0.0122035	0	0	0
0.0122332	0	0	0
0.0123876	0	0	0
0.0125829	0	0	0
0.0125899	0	0	0
0.0125912	0	0	0
0.0127224	0	0	0
0.0127475	0	0	0
0.0127634	0	0	0
0.0127644	0	0	0
0.0127742	0	0	0
0.0127989	0	0	0
0.012816	0	0	0
0.012852	0	0	0
0.0129225	0	0	0
0.0129454	0	0	0
0.0130309	0	0	0
0.0130709	0	0	0
0.013084	0	0	0
0.0131234	0	0	0
0.0131685	0	0	0
0.0131807	0	0	0
0.0132215	0	0	0
0.0132844	0	0	0
0.013309	0	0	0
0.0133104	0	0	0
0.0133142	0	0	0
0.0133229	0	0	0
0.0133529	0	0	0
0.013414	0	0	0
0.0134416	0	0	0
0.0134557	0	0	0
0.0134854	0	0	0
0.0135134	0	0	0
0.0136309	0	0	0
0.0136844	0	0	0
0.0137281	0	0	0
0.0137761	0	0	0
0.0137763	0	0	0
0.0138558	0	0	0
0.0140085	0	0	0
0.0140096	0	0	0
0.0140953	0	0	0
0.014117	0	0	0
0.0141928	0	0	0
0.0143125	0	0	0
0.0143627	0	0	0
0.014406	0	0	0
0.0144969	0	0	0
0.0146459	0	0	0
0.0146551	0	0	0
0.0147202	0	0	0
0.0147479	0	0	0
0.0147632	0	0	0
0.0147876	0	0	0
0.0147963	0	0	0
0.0148599	0	0	0
0.0148748	0	0	0
0.0150603	0	0	0
0.015088	0	0	0
0.0151582	0	0	0
0.0158283	0	0	0
0.0158849	0	0	0
0.0160248	0	0	0
0.0181104	0	0	0
0.0202906	0	0	0
0.0644025	0	0	0
0.064452	0	0	0
0.0646027	0	0	0
0.0648724	0	0	0
0.0649138	0	0	0
0.0649176	0	0	0
0.0651183	0	0	0
0.0651488	0	0	0
0.0653071	0	0	0
0.0653666	0	0	0
0.0656268	0	0	0
0.0656349	0	0	0
0.0657534	0	0	0
0.0657781	0	0	0
0.0658184	0	0	0
0.0658292	0	0	0
0.0660036	0	0	0
0.0660048	0	0	0
0.0660467	0	0	0
0.0660521	0	0	0
0.0660556	0	0	0
0.0661531	0	0	0
0.0662131	0	0	0
0.0663004	0	0	0
0.0663793	0	0	0
0.0664056	0	0	0
0.0664262	0	0	0
0.0665058	0	0	0
0.0665956	0	0	0
0.0665971	0	0	0
0.0666269	0	0	0
0.0666631	0	0	0
0.066674	0	0	0
0.0667215	0	0	0
0.0667652	0	0	0
0.0667813	0	0	0
0.0668213	0	0	0
0.0668509	0	0	0
0.0669685	0	0	0
0.0669771	0	0	0
0.0670768	0	0	0
0.0670859	0	0	0
0.0671252	0	0	0
0.0671941	0	0	0
0.0672046	0	0	0
0.0672228	0	0	0
0.0673006	0	0	0
0.067344	0	0	0
0.0674199	0	0	0
0.0676729	0	0	0
0.0678172	0	0	0
0.067822	0	0	0
0.0678864	0	0	0
0.0680063	0	0	0
0.0681423	0	0	0
0.0682507	0	0	0
0.0683068	0	0	0
0.0683371	0	0	0
0.068451	0	0	0
0.06852	0	0	0
0.0685691	0	0	0
0.0686	0	0	0
0.0687043	0	0	0
0.0687828	0	0	0
0.0688949	0	0	0
0.0689212	0	0	0
0.068943	0	0	0
0.0690725	0	0	0
0.069293	0	0	0
0.0694908	0	0	0
0.0695238	0	0	0
0.0696474	0	0	0
0.0696983	0	0	0
0.0698668	0	0	0
0.0698903	0	0	0
0.0699023	0	0	0
0.0707413	0	0	0
0.0708129	0	0	0
0.0708185	0	0	0
0.0708826	0	0	0
0.0709087	0	0	0
0.0709238	0	0	0
0.0709589	0	0	0
0.0709693	0	0	0
0.0709973	0	0	0
0.0710309	0	0	0
0.0711631	0	0	0
0.0711642	0	0	0
0.0711718	0	0	0
0.0711733	0	0	0
0.0711837	0	0	0
0.0712285	0	0	0
0.071238	0	0	0
0.0712434	0	0	0
0.0712602	0	0	0
0.0713736	0	0	0
0.0713916	0	0	0
0.071471	0	0	0
0.0714754	0	0	0
0.0715081	0	0	0
0.0715385	0	0	0
0.0716067	0	0	0
0.0716507	0	0	0
0.0716886	0	0	0
0.0717545	0	0	0
0.0719892	0	0	0
0.0721056	0	0	0
0.0721154	0	0	0
0.0721214	0	0	0
0.072202	0	0.165017	0
0.0722309	0	0.165017	0
0.0722768	0	0.165017	0
0.0723821	0	0.165017	0
0.0724531	0	0.165017	0
0.07248	0	0.165017	0
0.0725857	0	0.165017	0
0.0726314	0	0.165017	0
0.0726624	0	0.165017	0
0.0730516	0.0825083	0.0825083	0
0.0731977	0.0825083	0.0825083	0
0.0732802	0.0825083	0.0825083	0
0.0733729	0.0825083	0.0825083	0
0.0735118	0.0825083	0.0825083	0
0.0736437	0.0825083	0.0825083	0
0.0736784	0.0825083	0.0825083	0
0.0739858	0.0825083	0.0825083	0
0.0740317	0.0825083	0.0825083	0
0.0740317	0.0825083	0.0825083	0
0.0740637	0.0825083	0.0825083	0
0.0741174	0.0825083	0.0825083	0
0.0741528	0.0825083	0.0825083	0
0.0741793	0.0825083	0.0825083	0
0.0741872	0.0825083	0.0825083	0
0.0741992	0.0825083	0.0825083	0
0.0742053	0.0825083	0.0825083	0
0.0742092	0.0825083	0.0825083	0
0.0742098	0.0825083	0.0825083	0
0.0742756	0.0825083	0.0825083	0
0.074279	0.0825083	0.0825083	0
0.0742913	0.0825083	0.0825083	0
0.0744134	0.165017	0	0
0.0745248	0.165017	0	0
0.0745808	0.165017	0	0
0.0747861	0.165017	0	0
0.0748052	0.165017	0	0
0.0748987	0.165017	0	0
0.0749477	0.165017	0	0
0.0755766	0.165017	0	0
0.0757694	0.165017	0	0
0.0757789	0.165017	0	0
0.0757852	0.165017	0	0
0.0758018	0.165017	0	0
0.0759483	0.165017	0	0
0.0759598	0.165017	0	0
0.0762062	0.165017	0	0
0.0763473	0.165017	0	0
0.0763656	0.165017	0	0
0.0764054	0.165017	0	0
0.0764067	0.165017	0	0
0.0764682	0.165017	0	0
0.0765742	0.165017	0	0
0.0766627	0.165017	0	0
0.0767582	0.165017	0	0
0.0767929	0.165017	0	0
0.0768007	0.165017	0	0
0.0769062	0.165017	0	0
0.0770165	0.165017	0	0
0.0770169	0.165017	0	0
0.0770754	0.165017	0	0
0.0771318	0.165017	0	0
0.0771526	0.165017	0	0
0.0771967	0.165017	0	0
0.0772886	0.165017	0	0
0.0773032	0.165017	0	0
0.0773049	0.165017	0	0
0.0773052	0.165017	0	0
0.0773082	0.165017	0	0
0.0773334	0.165017	0	0
0.0773789	0.165017	0	0
0.0774405	0.165017	0	0
0.0774547	0.165017	0	0
0.0774647	0.165017	0	0
0.0774962	0.165017	0	0
0.0775209	0.165017	0	0
0.0776878	0.165017	0	0
0.0776927	0.165017	0	0
0.0777027	0.165017	0	0
0.0777065	0.165017	0	0
0.0777067	0.165017	0	0
0.0777098	0.165017	0	0
0.0777507	0.165017	0	0
0.0778235	0.165017	0	0
0.0778485	0.165017	0	0
0.0778909	0.165017	0	0
0.07792	0.165017	0	0
0.0779651	0.165017	0	0
0.0780163	0.165017	0	0
0.0780448	0.165017	0	0
0.0781432	0.165017	0	0
0.0781475	0.165017	0	0
0.0781515	0.165017	0	0
0.078365	0.165017	0	0
0.0787398	0.165017	0	0
0.0787467	0.165017	0	0
0.0789391	0.165017	0	0
0.0789534	0.165017	0	0
0.0789745	0.165017	0	0
0.0790504	0.165017	0	0
0.0791476	0.165017	0	0
0.0792968	0.165017	0	0
0.0794298	0.165017	0	0
0.07967	0.165017	0	0
0.0799169	0.165017	0	0
0.0802598	0.165017	0	0
0.0802798	0.165017	0	0
0.0804399	0.165017	0	0
0.0809813	0.165017	0	0
0.0814994	0.165017	0	0
0.0815524	0.165017	0	0
0.0818716	0.165017	0	0
0.0818949	0.165017	0	0
0.0818955	0.165017	0	0
0.0820256	0.165017	0	0
0.0820576	0.165017	0	0
0.0821123	0.165017	0	0
0.0823324	0.165017	0	0
0.0823332	0.165017	0	0.526316
0.0823406	0.165017	0	0.526316
0.0823744	0.165017	0	0.526316
0.0823772	0.165017	0	0.526316
0.0824463	0.165017	0	0.526316
0.0825253	0.165017	0	0.526316
0.082531	0.165017	0	0.526316
0.0825754	0.165017	0	0.526316
0.0827769	0.165017	0	0.526316
0.0831162	0.165017	0	0.526316
0.0831566	0.165017	0	0.526316
0.0831744	0.165017	0	0.526316
0.083211	0.165017	0	0.526316
0.0832329	0.165017	0	0.526316
0.0833215	0.165017	0	0.526316
0.0833252	0.165017	0	0.526316
0.0833403	0.165017	0	0.526316
0.0835785	0.165017	0	0.526316
0.0835854	0.165017	0	0.526316
0.0838444	0.165017	0	0.526316
0.0839618	0.165017	0	0.526316
0.0841097	0.165017	0	0.526316
0.0842446	0.165017	0	0.526316
0.0842677	0.165017	0	0.526316
0.0844993	0.165017	0	0.526316
0.0845352	0.165017	0	0.526316
0.0846	0.165017	0	0.526316
0.0846292	0.165017	0	0.526316
0.0846299	0.165017	0	0.526316
0.0847331	0.165017	0	0.526316
0.084737	0.165017	0	0.526316
0.0848192	0.165017	0	0.526316
0.0849018	0.165017	0	0.526316
0.0850358	0.165017	0	0.526316
0.0852335	0.165017	0	0.526316
0.0852744	0.165017	0	0.526316
0.085423	0.165017	0	0.526316
0.0854734	0.165017	0	0.526316
0.0856773	0.165017	0	0.526316
0.0857082	0.165017	0	0.526316
0.085928	0.165017	0	0.526316
0.0859812	0.165017	0	0.526316
0.0863285	0.165017	0	0.526316
0.0866154	0.165017	0	0.526316
0.0867448	0.165017	0	0.526316
0.0868294	0.165017	0	0.526316
0.0868489	0.165017	0	0.526316
0.0869469	0.165017	0	0.526316
0.08701	0.165017	0	0.526316
0.0870229	0.165017	0	0.526316
0.0870429	0.165017	0	0.526316
0.0870894	0.165017	0	0.526316
0.0871055	0.165017	0	0.526316
0.0873386	0.165017	0	0.526316
0.0873858	0.165017	0	0.526316
0.0876199	0.165017	0	0.526316
0.0878004	0.165017	0	0.526316
0.0879459	0.165017	0	0.526316
0.0881235	0.165017	0	0.526316
0.0881332	0.165017	0	0.526316
0.0885529	0.165017	0	0.526316
0.0888964	0.165017	0	0.526316
0.0889005	0.165017	0.165017	0.526316
0.0894419	0.165017	0.165017	0.526316
0.0894807	0.165017	0.165017	0.526316
0.0895222	0.247525	0.0825083	0.526316
0.0896152	0.247525	0.0825083	0.526316
0.0896434	0.247525	0.0825083	0.526316
0.0897827	0.247525	0.0825083	0.526316
0.0898447	0.247525	0.0825083	0.526316
0.0898448	0.247525	0.0825083	0.526316
0.0898941	0.247525	0.0825083	0.526316
0.0900242	0.247525	0.0825083	0.526316
0.0900371	0.247525	0.0825083	0.526316
0.0901045	0.247525	0.0825083	0.526316
0.0901105	0.247525	0.0825083	0.526316
0.0904381	0.247525	0.0825083	0.526316
0.0905269	0.247525	0.0825083	0.526316
0.0907457	0.247525	0.0825083	0.526316
0.0910176	0.247525	0.0825083	0.526316
0.0910406	0.247525	0.0825083	0.526316
0.0911842	0.247525	0.0825083	0.526316
0.0912317	0.247525	0.0825083	0.526316
0.0912335	0.247525	0.0825083	0.526316
0.0915975	0.247525	0.0825083	0.526316
0.0916927	0.247525	0.0825083	0.526316
0.0917118	0.247525	0.0825083	0.526316
0.0917491	0.247525	0.0825083	0.526316
0.0920581	0.247525	0.0825083	0.526316
0.0922176	0.247525	0.0825083	0.526316
0.0925808	0.247525	0.0825083	0.526316
0.0925827	0.247525	0.0825083	0.526316
0.0926367	0.247525	0.0825083	0.526316
0.0931855	0.247525	0.0825083	0.526316
0.094394	0.247525	0.0825083	0.526316
0.0966444	0.247525	0.0825083	0.526316
0.101136	0.330033	0	0.526316
0.101763	0.330033	0.165017	0.526316
0.105349	0.412541	0.0825083	0.526316
0.105364	0.49505	0	0.526316
0.105728	0.536304	0.0825083	0.526316
0.106508	0.618812	0	0.526316
0.106534	0.660066	0.0825083	0.526316
0.107384	0.660066	0.0825083	1.05263
0.112041	0.742574	0	1.05263
0.11215	0.783828	0.0825083	1.05263
0.11713	0.866337	0	1.05263
0.118248	0.866337	0.165017	1.05263
0.12014	0.948845	0.0825083	1.05263
0.132851	1.03135	0	1.05263
0.133638	1.03135	0	1.05263
0.135503	1.07261	0.0825083	1.05263
0.137008	1.15512	0	1.05263
0.141174	1.15512	0.165017	1.05263
0.146534	1.23762	0.0825083	1.05263
0.148114	1.32013	0	1.05263
0.15017	1.36139	0.0825083	1.05263
0.156664	1.44389	0	1.05263
0.158671	1.44389	0.0825083	1.05263
0.161064	1.5264	0	1.05263
0.176188	1.5264	0	1.57895
0.176893	1.56766	0.0825083	1.57895
0.182101	1.65016	0	1.57895
0.182803	1.69142	0.0825083	1.57895
0.184737	1.77393	0	1.57895
0.191551	1.77393	0	2.10526
0.199551	1.77393	0	2.63158
0.201359	1.77393	0.0825083	2.63158
0.20215	1.85644	0	2.63158
0.206173	1.89769	0.0825083	2.63158
0.234422	1.9802	0	2.63158
0.23488	1.9802	0.165017	2.63158
0.235893	2.06271	0.0825083	2.63158
0.248107	2.14521	0	2.63158
0.248117	2.18647	0.0825083	2.63158
0.261815	2.26898	0	2.63158
0.262008	2.31023	0.0825083	2.63158
0.277554	2.39274	0	2.63158
0.279264	2.43399	0.0825083	2.63158
0.279461	2.43399	0.165017	2.63158
0.282013	2.5165	0.0825083	2.63158
0.315469	2.59901	0	2.63158
0.331992	2.59901	0	2.63158
0.334224	2.64026	0.0825083	2.63158
0.337754	2.72277	0	2.63158
0.343333	2.72277	0.165017	2.63158
0.349508	2.80528	0.0825083	2.63158
0.361423	2.88779	0	2.63158
0.362494	2.92904	0.0825083	2.63158
0.363559	2.9703	0.165017	2.63158
0.36378	2.9703	0.330033	2.63158
0.364945	3.05281	0.247525	2.63158
0.365394	3.09406	0.330033	2.63158
0.367315	3.17657	0.247525	2.63158
0.367485	3.25908	0.165017	2.63158
0.368511	3.25908	0.330033	2.63158
0.370438	3.34158	0.247525	2.63158
0.370826	3.42409	0.165017	2.63158
0.371355	3.5066	0.0825083	2.63158
0.371842	3.58911	0	2.63158
0.371957	3.58911	0.165017	2.63158
0.377993	3.67162	0.0825083	2.63158
0.379804	3.75413	0	2.63158
0.380961	3.79538	0.0825083	2.63158
0.3812	3.79538	0.0825083	2.63158
0.381592	3.79538	0.247525	2.63158
0.382938	3.87789	0.165017	2.63158
0.385572	3.9604	0.0825083	2.63158
0.386833	4.0429	0	2.63158
0.390111	4.0429	0	2.63158
0.391976	4.08416	0.0825083	2.63158
0.408585	4.16667	0	2.63158
0.411424	4.20792	0.0825083	2.63158
0.423459	4.29043	0	2.63158
0.424151	4.33168	0.0825083	2.63158
0.452274	4.41419	0	2.63158
0.456154	4.41419	0	3.15789
0.456227	4.45545	0.0825083	3.15789
0.456945	4.45545	0.247525	3.15789
0.456946	4.53795	0.165017	3.15789
0.462587	4.62046	0.0825083	3.15789
0.463837	4.70297	0	3.15789
0.468206	4.74422	0.0825083	3.15789
0.478033	4.82673	0	3.15789
0.478034	4.82673	0.165017	3.15789
0.479181	4.90924	0.0825083	3.15789
0.481629	4.99175	0	3.15789
0.484181	4.99175	0	3.15789
0.488347	4.99175	0	3.15789
0.488523	4.99175	0.0825083	3.15789
0.490257	5.07426	0	3.15789
0.490976	5.07426	0.0825083	3.15789
0.495255	5.15677	0	3.15789
0.495346	5.15677	0.0825083	3.15789
0.496106	5.15677	0.0825083	3.15789
0.521278	5.23927	0	3.15789
0.521956	5.28053	0.0825083	3.15789
0.521958	5.32178	0.165017	3.15789
0.524033	5.40429	0.0825083	3.15789
0.535394	5.4868	0	3.15789
0.548166	5.4868	0	3.68421
0.548392	5.4868	0.165017	3.68421
0.550063	5.56931	0.0825083	3.68421
0.555871	5.65182	0	3.68421
0.561956	5.65182	0	4.21053
0.584015	5.65182	0	4.73684
0.585704	5.69307	0.0825083	4.73684
0.590734	5.77558	0	4.73684
0.593332	5.77558	0	4.73684
0.599547	5.77558	0	5.26316
0.60597	5.77558	0	6.31579
0.607872	5.77558	0.165017	6.31579
0.609597	5.85809	0.0825083	6.31579
0.624584	5.94059	0	6.31579
0.625499	5.98185	0.0825083	6.31579
0.648547	6.06436	0	6.31579
0.66195	6.06436	0	6.31579
0.662491	6.06436	0.0825083	6.31579
0.667064	6.14686	0	6.31579
0.668314	6.18812	0.0825083	6.31579
0.67102	6.27063	0	6.31579
0.674146	6.27063	0	6.84211
0.704655	6.27063	0	6.84211
0.705021	6.27063	0.165017	6.84211
0.706457	6.35314	0.0825083	6.84211
0.718977	6.43564	0	6.84211
0.721392	6.4769	0.0825083	6.84211
0.728396	6.55941	0	6.84211
0.736187	6.55941	0	7.36842
0.737073	6.55941	0.165017	7.36842
0.738725	6.64191	0.0825083	7.36842
0.745106	6.72442	0	7.36842
0.752271	6.72442	0	7.36842
0.753171	6.72442	0	7.89474
0.754816	6.72442	0.165017	7.89474
0.755544	6.80693	0.0825083	7.89474
0.780986	6.88944	0	7.89474
0.781227	6.88944	0.165017	7.89474
0.781752	6.88944	0.165017	7.89474
0.783302	6.97195	0.0825083	7.89474
0.783805	7.05446	0	7.89474
0.795656	7.05446	0	7.89474
0.797242	7.05446	0.165017	7.89474
0.797304	7.13696	0.0825083	7.89474
0.803721	7.21947	0	7.89474
0.805259	7.26073	0.0825083	7.89474
0.81953	7.34323	0	7.89474
0.822595	7.34323	0.165017	7.89474
0.823254	7.34323	0.165017	8.42105
0.826879	7.42574	0.0825083	8.42105
0.833566	7.50825	0	8.42105
0.833945	7.50825	0	8.94737
0.837598	7.50825	0.165017	8.94737
0.839759	7.50825	0.165017	8.94737
0.843471	7.59076	0.0825083	8.94737
0.846455	7.67327	0	8.94737
0.84669	7.71452	0.0825083	8.94737
0.853353	7.79703	0	8.94737
0.855675	7.83828	0.0825083	8.94737
0.871003	7.92079	0	8.94737
0.871685	7.96205	0.0825083	8.94737
0.901288	8.04455	0	8.94737
0.901461	8.08581	0.0825083	8.94737
0.902904	8.16832	0	8.94737
0.907771	8.16832	0	8.94737
0.913834	8.20957	0.0825083	8.94737
0.950311	8.29208	0	8.94737
0.962895	8.29208	0	8.94737
0.964755	8.29208	0	8.94737
0.969024	8.33333	0.0825083	8.94737
0.971382	8.41584	0	8.94737
0.972459	8.4571	0.0825083	8.94737
0.975407	8.5396	0	8.94737
0.97554	8.58086	0.0825083	8.94737
1.00258	8.66337	0	8.94737
1.00463	8.70462	0.0825083	8.94737
1.01363	8.78713	0	8.94737
1.01905	8.78713	0	9.47368
1.02446	8.82838	0.0825083	9.47368
1.05646	8.91089	0	9.47368
1.0565	8.91089	0.0825083	9.47368
1.07608	8.9934	0	9.47368
1.08419	8.9934	0	9.47368
1.09304	8.9934	0	9.47368
1.09352	8.9934	0.165017	9.47368
1.09451	9.07591	0.0825083	9.47368
1.10315	9.15842	0	9.47368
1.11262	9.15842	0	10
1.11382	9.15842	0	10
1.11573	9.19967	0.0825083	10
1.12053	9.28218	0	10
1.12437	9.28218	0	10
1.12437	9.28218	0.165017	10
1.12662	9.36469	0.0825083	10
1.14356	9.4472	0	10
1.14423	9.48845	0.0825083	10
1.14604	9.57096	0	10
1.14845	9.57096	0	10.5263
1.22038	9.57096	0	11.0526
1.22944	9.57096	0	11.5789
1.23205	9.61221	0.0825083	11.5789
1.23236	9.61221	0.0825083	12.1053
1.24664	9.69472	0	12.1053
1.25091	9.73597	0.0825083	12.1053
1.26575	9.81848	0	12.1053
1.26646	9.81848	0.165017	12.1053
1.27144	9.90099	0.0825083	12.1053
1.28005	9.9835	0	12.1053
1.29071	9.9835	0	12.6316
1.29106	9.9835	0.0825083	12.6316
1.2985	10.066	0	12.6316
1.29919	10.1073	0.0825083	12.6316
1.30572	10.1898	0	12.6316
1.30577	10.231	0.0825083	12.6316
1.31119	10.3135	0	12.6316
1.31451	10.3135	0	12.6316
1.32255	10.3135	0	13.1579
1.32606	10.3135	0.165017	13.1579
1.3265	10.396	0.0825083	13.1579
1.32695	10.396	0.247525	13.1579
1.32725	10.4785	0.165017	13.1579
1.32955	10.5611	0.0825083	13.1579
1.33681	10.6436	0	13.1579
1.34879	10.6436	0	13.1579
1.35053	10.6848	0.0825083	13.1579
1.35218	10.7673	0	13.1579
1.35249	10.8086	0.0825083	13.1579
1.36908	10.8911	0	13.1579
1.37002	10.8911	0	13.6842
1.37155	10.9323	0.0825083	13.6842
1.39553	11.0149	0	13.6842
1.39555	11.0149	0.0825083	13.6842
1.39645	11.0561	0.165017	13.6842
1.39698	11.0974	0.247525	13.6842
1.39755	11.1799	0.165017	13.6842
1.3982	11.2624	0.0825083	13.6842
1.41985	11.3449	0	13.6842
1.42121	11.3861	0.0825083	13.6842
1.42484	11.4686	0	13.6842
1.42653	11.5099	0.0825083	13.6842
1.44671	11.5924	0	13.6842
1.44748	11.5924	0.165017	13.6842
1.44957	11.6749	0.0825083	13.6842
1.45509	11.7574	0	13.6842
1.45645	11.7987	0.0825083	13.6842
1.457	11.8812	0	13.6842
1.45743	11.8812	0.165017	13.6842
1.46007	11.9637	0.0825083	13.6842
1.46066	12.0462	0	13.6842
1.47137	12.0462	0	14.2105
1.47232	12.0875	0.0825083	14.2105
1.47771	12.17	0	14.2105
1.48021	12.17	0.165017	14.2105
1.48089	12.2525	0.0825083	14.2105
1.50339	12.335	0	14.2105
1.50469	12.335	0	14.2105
1.50473	12.335	0.165017	14.2105
1.50824	12.4175	0.0825083	14.2105
1.51814	12.5	0	14.2105
1.51874	12.5	0.165017	14.2105
1.52375	12.5825	0.0825083	14.2105
1.53589	12.665	0	14.2105
1.55863	12.665	0	14.2105
1.56058	12.665	0.165017	14.2105
1.56101	12.7475	0.0825083	14.2105
1.56106	12.7475	0.165017	14.2105
1.56189	12.7475	0.330033	14.2105
1.5625	12.83	0.247525	14.2105
1.565	12.9125	0.165017	14.2105
1.56588	12.995	0.0825083	14.2105
1.56858	13.0776	0	14.2105
1.57035	13.0776	0	14.7368
1.57224	13.0776	0.165017	14.7368
1.57361	13.1601	0.0825083	14.7368
1.59216	13.2426	0	14.7368
1.59246	13.2838	0.0825083	14.7368
1.59332	13.3663	0	14.7368
1.601	13.4076	0.0825083	14.7368
1.61172	13.4901	0	14.7368
1.61348	13.5314	0.0825083	14.7368
1.64626	13.6139	0	14.7368
1.64742	13.6139	0	15.2632
1.66004	13.6139	0	15.7895
1.66121	13.6551	0.0825083	15.7895
1.66194	13.6551	0.0825083	16.3158
1.66585	13.7376	0	16.3158
1.68859	13.7376	0	16.8421
1.68916	13.7789	0.0825083	16.8421
1.70272	13.8614	0	16.8421
1.70273	13.8614	0.0825083	16.8421
1.70611	13.9439	0	16.8421
1.7305	13.9439	0	17.3684
1.73055	13.9439	0.0825083	17.3684
1.73417	14.0264	0	17.3684
1.73669	14.0677	0.0825083	17.3684
1.77245	14.1502	0	17.3684
1.77898	14.1914	0.0825083	17.3684
1.80309	14.2739	0	17.3684
1.80723	14.3152	0.0825083	17.3684
1.81146	14.3977	0	17.3684
1.81284	14.3977	0.165017	17.3684
1.81642	14.4802	0.0825083	17.3684
1.83285	14.5627	0	17.3684
1.84648	14.5627	0	17.8947
1.85468	14.5627	0	17.8947
1.86231	14.5627	0	18.4211
1.86386	14.5627	0.165017	18.4211
1.8652	14.6452	0.0825083	18.4211
1.87074	14.7277	0	18.4211
1.87129	14.769	0.0825083	18.4211
1.89332	14.8515	0	18.4211
1.89471	14.8927	0.0825083	18.4211
1.89482	14.9752	0	18.4211
1.89909	14.9752	0.0825083	18.4211
1.90233	15.0578	0	18.4211
1.90257	15.099	0.0825083	18.4211
1.95706	15.1815	0	18.4211
1.9574	15.2228	0.0825083	18.4211
1.9817	15.3053	0	18.4211
1.98222	15.3465	0.0825083	18.4211
2.00245	15.429	0	18.4211
2.00464	15.4703	0.0825083	18.4211
2.03494	15.5528	0	18.4211
2.03555	15.5528	0.0825083	18.4211
2.05926	15.6353	0	18.4211
2.05985	15.6353	0.165017	18.4211
2.06476	15.7178	0.0825083	18.4211
2.07077	15.8003	0	18.4211
2.07079	15.8416	0.0825083	18.4211
2.07215	15.8416	0.247525	18.4211
2.07241	15.9241	0.165017	18.4211
2.07886	16.0066	0.0825083	18.4211
2.09051	16.0891	0	18.4211
2.11076	16.0891	0	18.9474
2.1132	16.0891	0.0825083	18.9474
2.11739	16.1716	0	18.9474
2.11848	16.1716	0.165017	18.9474
2.1191	16.2541	0.0825083	18.9474
2.17888	16.3366	0	18.9474
2.17972	16.3366	0.165017	18.9474
2.18336	16.4191	0.0825083	18.9474
2.18375	16.5016	0	18.9474
2.18511	16.5429	0.0825083	18.9474
2.19576	16.6254	0	18.9474
2.19692	16.6254	0	19.4737
2.20298	16.6254	0	20.5263
2.24196	16.6254	0	20.5263
2.24519	16.6254	0.165017	20.5263
2.24694	16.7079	0.0825083	20.5263
2.27576	16.7904	0	20.5263
2.27738	16.8317	0.0825083	20.5263
2.29146	16.9142	0	20.5263
2.30667	16.9554	0.0825083	20.5263
2.31478	17.038	0	20.5263
2.32362	17.038	0	21.0526
2.32585	17.0792	0.0825083	21.0526
2.33437	17.1617	0	21.0526
2.34755	17.1617	0	22.1053
2.37117	17.1617	0	22.6316
2.38155	17.1617	0	22.6316
2.38529	17.203	0.0825083	22.6316
2.38757	17.2855	0	22.6316
2.38774	17.3267	0.0825083	22.6316
2.42717	17.4092	0	22.6316
2.42721	17.4505	0.0825083	22.6316
2.43103	17.533	0	22.6316
2.43136	17.533	0.165017	22.6316
2.43288	17.6155	0.0825083	22.6316
2.4333	17.698	0	22.6316
2.43342	17.698	0.165017	22.6316
2.43446	17.7805	0.0825083	22.6316
2.43455	17.8218	0.165017	22.6316
2.43655	17.9043	0.0825083	22.6316
2.43704	17.9455	0.165017	22.6316
2.43765	18.0281	0.0825083	22.6316
2.4601	18.1106	0	22.6316
2.4649	18.1106	0	23.1579
2.46895	18.1518	0.0825083	23.1579
2.47168	18.2343	0	23.1579
2.47773	18.2343	0	23.6842
2.48283	18.2756	0.0825083	23.6842
2.49398	18.3581	0	23.6842
2.49407	18.3581	0.165017	23.6842
2.49488	18.4406	0.0825083	23.6842
2.49542	18.5231	0	23.6842
2.49949	18.5231	0	24.2105
2.528	18.5231	0	24.7368
2.52936	18.5231	0.165017	24.7368
2.5329	18.6056	0.0825083	24.7368
2.54494	18.6881	0	24.7368
2.54587	18.6881	0.0825083	24.7368
2.56554	18.7706	0	24.7368
2.5694	18.8119	0.0825083	24.7368
2.57239	18.8119	0.0825083	25.2632
2.57317	18.8119	0.247525	25.2632
2.57336	18.8944	0.165017	25.2632
2.57589	18.9769	0.0825083	25.2632
2.59319	19.0594	0	25.2632
2.59381	19.1007	0.0825083	25.2632
2.59649	19.1832	0	25.2632
2.59736	19.2244	0.0825083	25.2632
2.62759	19.3069	0	25.2632
2.64564	19.3069	0	26.3158
2.6472	19.3482	0.0825083	26.3158
2.65281	19.4307	0	26.3158
2.65372	19.4719	0.0825083	26.3158
2.65469	19.5545	0	26.3158
2.65687	19.5545	0	26.8421
2.66537	19.5545	0	27.3684
2.66549	19.5545	0	27.8947
2.70627	19.5545	0	28.4211
2.70674	19.5545	0.165017	28.4211
2.70702	19.637	0.0825083	28.4211
2.71977	19.7195	0	28.4211
2.72652	19.7195	0	28.9474
2.72663	19.7195	0.165017	28.9474
2.72788	19.802	0.0825083	28.9474
2.73796	19.8845	0	28.9474
2.7389	19.9257	0.0825083	28.9474
2.76131	20.0083	0	28.9474
2.76356	20.0495	0.0825083	28.9474
2.77274	20.132	0	28.9474
2.77372	20.1733	0.0825083	28.9474
2.79265	20.2558	0	28.9474
2.7934	20.297	0.0825083	28.9474
2.82459	20.3795	0	28.9474
2.82545	20.3795	0	29.4737
2.82584	20.3795	0.165017	29.4737
2.82879	20.462	0.0825083	29.4737
2.84643	20.5446	0	29.4737
2.85044	20.5446	0	30.5263
2.85075	20.5858	0.0825083	30.5263
2.85951	20.6683	0	30.5263
2.86009	20.6683	0.0825083	30.5263
2.86341	20.7508	0	30.5263
2.86374	20.7921	0.0825083	30.5263
2.88758	20.8746	0	30.5263
2.90428	20.8746	0	31.5789
2.91013	20.8746	0	32.1053
2.91114	20.9158	0.0825083	32.1053
2.9119	20.9984	0	32.1053
2.95539	20.9984	0	33.1579
2.95646	20.9984	0.165017	33.1579
2.95869	21.0809	0.0825083	33.1579
2.96106	21.1634	0	33.1579
2.96168	21.1634	0.0825083	33.1579
2.96375	21.1634	0.247525	33.1579
2.96468	21.2459	0.165017	33.1579
2.9654	21.3284	0.0825083	33.1579
2.97744	21.4109	0	33.1579
2.9775	21.4521	0.0825083	33.1579
2.99122	21.5347	0	33.1579
2.99149	21.5347	0.0825083	33.1579
2.99748	21.6172	0	33.1579
2.99797	21.6584	0.0825083	33.1579
3.01713	21.7409	0	33.1579
3.01766	21.7409	0.165017	33.1579
3.02176	21.8234	0.0825083	33.1579
3.03842	21.9059	0	33.1579
3.03939	21.9472	0.0825083	33.1579
3.05877	22.0297	0	33.1579
3.06617	22.0297	0	33.6842
3.06752	22.071	0.0825083	33.6842
3.07086	22.1535	0	33.6842
3.07451	22.1535	0	34.2105
3.07486	22.1947	0.0825083	34.2105
3.07763	22.2772	0	34.2105
3.07785	22.2772	0.165017	34.2105
3.086	22.3597	0.0825083	34.2105
3.1442	22.4422	0	34.2105
3.14694	22.4835	0.0825083	34.2105
3.15984	22.566	0	34.2105
3.16004	22.6073	0.0825083	34.2105
3.16136	22.6898	0	34.2105
3.18098	22.6898	0	34.2105
3.18112	22.6898	0	34.7368
3.1828	22.731	0.0825083	34.7368
3.18742	22.8135	0	34.7368
3.18768	22.8548	0.0825083	34.7368
3.20653	22.9373	0	34.7368
3.20735	22.9373	0	35.2632
3.20759	22.9785	0.0825083	35.2632
3.21326	23.0611	0	35.2632
3.21554	23.0611	0.165017	35.2632
3.21583	23.1436	0.0825083	35.2632
3.22444	23.2261	0	35.2632
3.226	23.2673	0.0825083	35.2632
3.23759	23.3498	0	35.2632
3.23853	23.3498	0.165017	35.2632
3.23869	23.3498	0.165017	35.2632
3.2419	23.4323	0.0825083	35.2632
3.24419	23.5149	0	35.2632
3.24466	23.5149	0.0825083	35.2632
3.24692	23.5974	0	35.2632
3.25921	23.5974	0	35.2632
3.26017	23.6386	0.0825083	35.2632
3.35329	23.7211	0	35.2632
3.35797	23.7624	0.0825083	35.2632
3.37204	23.8449	0	35.2632
3.37289	23.8449	0.165017	35.2632
3.37299	23.9274	0.0825083	35.2632
3.38001	24.0099	0	35.2632
3.38302	24.0099	0.165017	35.2632
3.38394	24.0924	0.0825083	35.2632
3.39848	24.1749	0	35.2632
3.39878	24.2162	0.0825083	35.2632
3.41495	24.2987	0	35.2632
3.41579	24.3399	0.0825083	35.2632
3.43115	24.4224	0	35.2632
3.44252	24.4224	0	36.3158
3.4465	24.4637	0.0825083	36.3158
3.49754	24.5462	0	36.3158
3.49888	24.5462	0.165017	36.3158
3.49985	24.6287	0.0825083	36.3158
3.50005	24.7112	0	36.3158
3.50155	24.7525	0.0825083	36.3158
3.52797	24.835	0	36.3158
3.52832	24.835	0.165017	36.3158
3.53189	24.9175	0.0825083	36.3158
3.53393	25	0	36.3158
3.53404	25	0.165017	36.3158
3.53508	25	0.247525	36.3158
3.53681	25.0825	0.165017	36.3158
3.53712	25.165	0.0825083	36.3158
3.57508	25.2475	0	36.3158
3.57899	25.2475	0.165017	36.3158
3.58055	25.33	0.0825083	36.3158
3.58075	25.4125	0	36.3158
3.5814	25.4125	0.0825083	36.3158
3.58643	25.4951	0	36.3158
3.58885	25.5363	0.0825083	36.3158
3.61793	25.6188	0	36.3158
3.61905	25.6188	0.0825083	36.3158
3.62075	25.7013	0	36.3158
3.62145	25.7013	0.165017	36.3158
3.62182	25.7838	0.0825083	36.3158
3.62343	25.8251	0.165017	36.3158
3.62372	25.9076	0.0825083	36.3158
3.62716	25.9901	0	36.3158
3.63115	25.9901	0	36.8421
3.63182	26.0314	0.0825083	36.8421
3.64023	26.1139	0	36.8421
3.64229	26.1551	0.0825083	36.8421
3.64896	26.2376	0	36.8421
3.65132	26.2789	0.0825083	36.8421
3.65296	26.2789	0.247525	36.8421
3.65423	26.3614	0.165017	36.8421
3.65558	26.4439	0.0825083	36.8421
3.65872	26.5264	0	36.8421
3.65985	26.5264	0.165017	36.8421
3.66094	26.6089	0.0825083	36.8421
3.6642	26.6914	0	36.8421
3.66427	26.7327	0.0825083	36.8421
3.67814	26.8152	0	36.8421
3.68158	26.8564	0.0825083	36.8421
3.72428	26.9389	0	36.8421
3.72533	26.9802	0.0825083	36.8421
3.73747	27.0627	0	36.8421
3.73791	27.0627	0.165017	36.8421
3.74028	27.1452	0.0825083	36.8421
3.74774	27.2277	0	36.8421
3.74803	27.269	0.0825083	36.8421
3.74865	27.269	0.165017	36.8421
3.74871	27.3515	0.0825083	36.8421
3.77321	27.434	0	36.8421
3.77385	27.434	0.165017	36.8421
3.77433	27.5165	0.0825083	36.8421
3.77453	27.599	0	36.8421
3.77525	27.6403	0.0825083	36.8421
3.87593	27.7228	0	36.8421
3.87613	27.7228	0.0825083	36.8421
3.87979	27.8053	0	36.8421
3.88416	27.8053	0.165017	36.8421
3.88476	27.8878	0.0825083	36.8421
3.91981	27.9703	0	36.8421
3.92054	28.0116	0.0825083	36.8421
3.92079	28.0941	0	36.8421
3.92092	28.0941	0.165017	36.8421
3.92252	28.1353	0.247525	36.8421
3.9234	28.2178	0.165017	36.8421
3.9234	28.3003	0.0825083	36.8421
3.92342	28.3828	0	36.8421
3.92479	28.4241	0.0825083	36.8421
3.92855	28.5066	0	36.8421
3.92916	28.5479	0.0825083	36.8421
3.93947	28.6304	0	36.8421
3.94091	28.6716	0.0825083	36.8421
3.94918	28.7541	0	36.8421
3.95273	28.7954	0.0825083	36.8421
3.95874	28.8779	0	36.8421
3.96004	28.8779	0.0825083	36.8421
3.99044	28.9604	0	36.8421
3.99203	29.0016	0.0825083	36.8421
3.99472	29.0842	0	36.8421
3.99562	29.1254	0.0825083	36.8421
3.99604	29.1254	0.165017	36.8421
3.99665	29.2079	0.0825083	36.8421
3.9999	29.2904	0	36.8421
4.00362	29.3317	0.0825083	36.8421
4.00523	29.3317	0.165017	36.8421
4.00874	29.4142	0.0825083	36.8421
4.00909	29.4967	0	36.8421
4.00998	29.4967	0.165017	36.8421
4.012	29.5792	0.0825083	36.8421
4.01613	29.6617	0	36.8421
4.04814	29.6617	0	37.8947
4.04828	29.703	0.0825083	37.8947
4.04857	29.7855	0	37.8947
4.05038	29.7855	0.0825083	37.8947
4.07775	29.868	0	37.8947
4.08056	29.868	0.165017	37.8947
4.08466	29.9505	0.0825083	37.8947
4.08773	30.033	0	37.8947
4.09038	30.033	0.0825083	37.8947
4.11669	30.1155	0	37.8947
4.11791	30.1155	0.0825083	37.8947
4.11809	30.1155	0.165017	37.8947
4.12253	30.198	0.0825083	37.8947
4.1338	30.2805	0	37.8947
4.13469	30.3218	0.0825083	37.8947
4.14252	30.4043	0	37.8947
4.14462	30.4455	0.0825083	37.8947
4.15743	30.5281	0	37.8947
4.15775	30.5281	0.0825083	37.8947
4.17008	30.6106	0	37.8947
4.17292	30.6518	0.0825083	37.8947
4.18728	30.7343	0	37.8947
4.18822	30.7343	0.0825083	37.8947
4.19313	30.8168	0	37.8947
4.20601	30.8168	0	38.4211
4.20801	30.8581	0.0825083	38.4211
4.2108	30.9406	0	38.4211
4.21302	30.9818	0.0825083	38.4211
4.21438	31.0644	0	38.4211
4.21534	31.0644	0.165017	38.4211
4.22154	31.1469	0.0825083	38.4211
4.23376	31.2294	0	38.4211
4.23458	31.2706	0.0825083	38.4211
4.29394	31.3531	0	38.4211
4.2974	31.3944	0.0825083	38.4211
4.30675	31.4769	0	38.4211
4.30694	31.4769	0.165017	38.4211
4.30979	31.5594	0.0825083	38.4211
4.3112	31.6419	0	38.4211
4.31461	31.6832	0.0825083	38.4211
4.33046	31.7657	0	38.4211
4.33397	31.8069	0.0825083	38.4211
4.36232	31.8894	0	38.4211
4.36244	31.9307	0.0825083	38.4211
4.40709	32.0132	0	38.4211
4.40772	32.0545	0.0825083	38.4211
4.43511	32.137	0	38.4211
4.43878	32.137	0	39.4737
4.45118	32.137	0	40
4.45393	32.1782	0.0825083	40
4.47125	32.2607	0	40
4.4743	32.302	0.0825083	40
4.48466	32.3845	0	40
4.48508	32.4257	0.0825083	40
4.49325	32.5083	0	40
4.65601	32.5083	0	40.5263
4.65714	32.5495	0.0825083	40.5263
4.65815	32.5908	0.165017	40.5263
4.66231	32.6733	0.0825083	40.5263
4.66406	32.7558	0	40.5263
4.67671	32.7558	0	41.5789
4.68114	32.797	0.0825083	41.5789
4.69432	32.8795	0	41.5789
4.72845	32.8795	0	41.5789
4.72907	32.8795	0.165017	41.5789
4.72944	32.962	0.0825083	41.5789
4.73065	33.0446	0	41.5789
4.73538	33.0858	0.0825083	41.5789
4.76143	33.1683	0	41.5789
4.76248	33.2096	0.0825083	41.5789
4.76986	33.2921	0	41.5789
4.77097	33.3333	0.0825083	41.5789
4.77384	33.4158	0	41.5789
4.77487	33.4571	0.0825083	41.5789
4.81491	33.5396	0	41.5789
4.81649	33.5396	0.0825083	41.5789
4.85126	33.6221	0	41.5789
4.85192	33.6221	0.165017	41.5789
4.85319	33.7046	0.0825083	41.5789
4.89605	33.7871	0	41.5789
4.8985	33.7871	0.165017	41.5789
4.90593	33.8696	0.0825083	41.5789
4.9254	33.9521	0	41.5789
4.94866	33.9521	0	42.1053
4.949	33.9934	0.0825083	42.1053
4.99174	34.0759	0	42.1053
4.99545	34.0759	0.0825083	42.1053
5.02001	34.1584	0	42.1053
5.02022	34.1584	0.165017	42.1053
5.02235	34.2409	0.0825083	42.1053
5.03268	34.3234	0	42.1053
5.03313	34.3647	0.0825083	42.1053
5.06362	34.4472	0	42.1053
5.08662	34.4472	0	42.6316
5.08817	34.4884	0.0825083	42.6316
5.148	34.571	0	42.6316
5.19279	34.571	0	42.6316
5.19494	34.6122	0.0825083	42.6316
5.19614	34.6947	0	42.6316
5.19871	34.736	0.0825083	42.6316
5.28316	34.8185	0	42.6316
5.2834	34.8597	0.0825083	42.6316
5.28474	34.9422	0	42.6316
5.28555	34.9835	0.0825083	42.6316
5.28649	35.0248	0.165017	42.6316
5.28699	35.1073	0.0825083	42.6316
5.30371	35.1898	0	42.6316
5.30457	35.1898	0.0825083	42.6316
5.30761	35.231	0.165017	42.6316
5.30799	35.3135	0.0825083	42.6316
5.37647	35.396	0	42.6316
5.37822	35.4373	0.0825083	42.6316
5.4139	35.5198	0	42.6316
5.41484	35.5198	0.0825083	42.6316
5.41535	35.6023	0	42.6316
5.42876	35.6023	0	42.6316
5.42901	35.6023	0.0825083	42.6316
5.45792	35.6848	0	42.6316
5.45917	35.7261	0.0825083	42.6316
5.46065	35.8086	0	42.6316
5.48563	35.8086	0	42.6316
5.49201	35.8086	0	43.6842
5.52196	35.8086	0	44.2105
5.52689	35.8498	0.0825083	44.2105
5.52835	35.9323	0	44.2105
5.53617	35.9323	0	44.7368
5.53848	35.9736	0.0825083	44.7368
5.54467	36.0561	0	44.7368
5.58792	36.0561	0	45.2632
5.58912	36.0561	0	45.7895
5.59658	36.0561	0	46.3158
5.62869	36.0561	0	46.8421
5.6303	36.0974	0.0825083	46.8421
5.63055	36.0974	0.247525	46.8421
5.6311	36.1799	0.165017	46.8421
5.63169	36.2624	0.0825083	46.8421
5.63351	36.3449	0	46.8421
5.63585	36.3861	0.0825083	46.8421
5.66963	36.4686	0	46.8421
5.67442	36.5099	0.0825083	46.8421
5.69775	36.5924	0	46.8421
5.69888	36.6337	0.0825083	46.8421
5.73014	36.7162	0	46.8421
5.73278	36.7574	0.0825083	46.8421
5.74006	36.8399	0	46.8421
5.74068	36.8812	0.0825083	46.8421
5.74539	36.9637	0	46.8421
5.75949	36.9637	0	47.8947
5.76303	37.005	0.0825083	47.8947
5.76981	37.0875	0	47.8947
5.77421	37.0875	0	48.4211
5.77517	37.1287	0.0825083	48.4211
5.77641	37.2112	0	48.4211
5.77657	37.2112	0.165017	48.4211
5.77776	37.2937	0.0825083	48.4211
5.78713	37.3762	0	48.4211
5.78746	37.4175	0.0825083	48.4211
5.79723	37.5	0	48.4211
5.7977	37.5413	0.0825083	48.4211
5.8216	37.6238	0	48.4211
5.82697	37.6238	0	49.4737
5.82828	37.6238	0.0825083	49.4737
5.83232	37.7063	0	49.4737
5.83269	37.7063	0.165017	49.4737
5.83453	37.7888	0.0825083	49.4737
5.84244	37.8713	0	49.4737
5.84308	37.8713	0.165017	49.4737
5.84433	37.9538	0.0825083	49.4737
5.84545	37.995	0.165017	49.4737
5.84632	38.0776	0.0825083	49.4737
5.8528	38.1601	0	49.4737
5.85641	38.1601	0.0825083	49.4737
5.85804	38.2013	0.165017	49.4737
5.85911	38.2838	0.0825083	49.4737
5.88425	38.3663	0	49.4737
5.88743	38.3663	0.0825083	49.4737
5.88794	38.4076	0.165017	49.4737
5.89224	38.4901	0.0825083	49.4737
5.89363	38.5726	0	49.4737
5.89999	38.6139	0.0825083	49.4737
5.90541	38.6964	0	49.4737
5.90816	38.6964	0.0825083	49.4737
5.92017	38.7789	0	49.4737
5.92393	38.8201	0.0825083	49.4737
5.92579	38.9026	0	49.4737
5.92632	38.9026	0.165017	49.4737
5.93193	38.9851	0.0825083	49.4737
5.93682	39.0677	0	49.4737
5.93869	39.1089	0.0825083	49.4737
5.97109	39.1914	0	49.4737
5.97125	39.2327	0.0825083	49.4737
5.97315	39.3152	0	49.4737
5.97936	39.3152	0	50
5.98064	39.3152	0.0825083	50
5.99031	39.3977	0	50
6.00282	39.3977	0	50.5263
6.01717	39.3977	0	51.0526
6.0191	39.3977	0.165017	51.0526
6.01957	39.4802	0.0825083	51.0526
6.04963	39.5627	0	51.0526
6.05636	39.5627	0	51.5789
6.05664	39.5627	0	52.6316
6.09536	39.5627	0	53.1579
6.09779	39.5627	0	53.1579
6.09787	39.5627	0.165017	53.1579
6.09849	39.6452	0.0825083	53.1579
6.11773	39.7277	0	53.1579
6.1196	39.769	0.0825083	53.1579
6.1215	39.8515	0	53.1579
6.12154	39.8927	0.0825083	53.1579
6.12506	39.9752	0	53.1579
6.12703	40.0165	0.0825083	53.1579
6.13428	40.099	0	53.1579
6.13582	40.099	0.165017	53.1579
6.14214	40.1815	0.0825083	53.1579
6.14873	40.264	0	53.1579
6.14962	40.264	0.0825083	53.1579
6.18161	40.3465	0	53.1579
6.18177	40.3878	0.0825083	53.1579
6.18286	40.429	0.165017	53.1579
6.18379	40.5116	0.0825083	53.1579
6.20231	40.5941	0	53.1579
6.2037	40.5941	0.165017	53.1579
6.20521	40.6766	0.0825083	53.1579
6.21855	40.7591	0	53.1579
6.21897	40.7591	0.165017	53.1579
6.21951	40.8416	0.0825083	53.1579
6.26785	40.9241	0	53.1579
6.28144	40.9241	0	53.6842
6.28173	40.9241	0.0825083	53.6842
6.28935	41.0066	0	53.6842
6.29065	41.0066	0	54.2105
6.29593	41.0066	0	54.7368
6.298	41.0479	0.0825083	54.7368
6.3361	41.1304	0	54.7368
6.34017	41.1304	0.0825083	54.7368
6.39689	41.2129	0	54.7368
6.39962	41.2541	0.0825083	54.7368
6.40251	41.3366	0	54.7368
6.40392	41.3779	0.0825083	54.7368
6.43297	41.4604	0	54.7368
6.47365	41.4604	0	55.2632
6.48521	41.4604	0	55.7895
6.48553	41.5017	0.0825083	55.7895
6.50603	41.5842	0	55.7895
6.50658	41.6254	0.0825083	55.7895
6.5184	41.7079	0	55.7895
6.52004	41.7492	0.0825083	55.7895
6.53916	41.8317	0	55.7895
6.53965	41.8729	0.0825083	55.7895
6.54236	41.9554	0	55.7895
6.54269	41.9554	0.165017	55.7895
6.54305	42.038	0.0825083	55.7895
6.55294	42.1205	0	55.7895
6.57984	42.1205	0	56.3158
6.58071	42.1617	0.0825083	56.3158
6.62974	42.2442	0	56.3158
6.6412	42.2442	0	57.3684
6.64421	42.2855	0.0825083	57.3684
6.73117	42.368	0	57.3684
6.73119	42.368	0.165017	57.3684
6.73626	42.4505	0.0825083	57.3684
6.73749	42.4505	0.0825083	57.8947
6.7981	42.533	0	57.8947
6.79892	42.533	0.165017	57.8947
6.7993	42.6155	0.0825083	57.8947
6.80141	42.6568	0.165017	57.8947
6.80191	42.7393	0.0825083	57.8947
6.8286	42.8218	0	57.8947
6.83069	42.863	0.0825083	57.8947
6.83472	42.9455	0	57.8947
6.83519	42.9868	0.0825083	57.8947
6.84551	43.0693	0	57.8947
6.84635	43.1106	0.0825083	57.8947
6.85496	43.1931	0	57.8947
6.85509	43.2343	0.0825083	57.8947
6.87697	43.3168	0	57.8947
6.88126	43.3168	0	58.4211
6.88369	43.3168	0.0825083	58.4211
6.89006	43.3993	0	58.4211
6.89232	43.4406	0.0825083	58.4211
6.91563	43.5231	0	58.4211
6.91638	43.5231	0.165017	58.4211
6.9177	43.6056	0.0825083	58.4211
6.94543	43.6881	0	58.4211
6.94731	43.7294	0.0825083	58.4211
6.97763	43.8119	0	58.4211
6.97934	43.8119	0.165017	58.4211
6.98	43.8944	0.0825083	58.4211
6.98063	43.9769	0	58.4211
6.98158	44.0182	0.0825083	58.4211
7.01019	44.1007	0	58.4211
7.01022	44.1007	0.0825083	58.4211
7.01449	44.1832	0	58.4211
7.01815	44.2244	0.0825083	58.4211
7.04991	44.3069	0	58.4211
7.05033	44.3482	0.0825083	58.4211
7.08199	44.4307	0	58.4211
7.08427	44.4307	0.0825083	58.4211
7.10127	44.5132	0	58.4211
7.10243	44.5132	0.165017	58.4211
7.10761	44.5957	0.0825083	58.4211
7.1736	44.6782	0	58.4211
7.18578	44.6782	0	58.9474
7.21293	44.6782	0	60
7.21344	44.6782	0.0825083	60
7.23121	44.7607	0	60
7.23377	44.802	0.0825083	60
7.25389	44.8845	0	60
7.26226	44.8845	0	60.5263
7.26258	44.9257	0.0825083	60.5263
7.27019	45.0083	0	60.5263
7.27356	45.0083	0.165017	60.5263
7.27358	45.0908	0.0825083	60.5263
7.29477	45.1733	0	60.5263
7.2989	45.2145	0.0825083	60.5263
7.31975	45.297	0	60.5263
7.32112	45.297	0.165017	60.5263
7.32858	45.3795	0.0825083	60.5263
7.35289	45.462	0	60.5263
7.35294	45.5033	0.0825083	60.5263
7.36351	45.5858	0	60.5263
7.3639	45.5858	0.165017	60.5263
7.36447	45.5858	0.165017	61.0526
7.36604	45.6683	0.0825083	61.0526
7.38139	45.7508	0	61.0526
7.38337	45.7508	0.165017	61.0526
7.3851	45.8333	0.0825083	61.0526
7.41313	45.9158	0	61.0526
7.42054	45.9571	0.0825083	61.0526
7.43535	46.0396	0	61.0526
7.43686	46.0809	0.0825083	61.0526
7.59889	46.1634	0	61.0526
7.60046	46.2046	0.0825083	61.0526
7.68163	46.2871	0	61.0526
7.68197	46.3284	0.0825083	61.0526
7.72937	46.4109	0	61.0526
7.72993	46.4109	0.165017	61.0526
7.73054	46.4934	0.0825083	61.0526
7.78679	46.5759	0	61.0526
7.78749	46.6172	0.0825083	61.0526
7.80028	46.6997	0	61.0526
7.807	46.6997	0	62.1053
7.80781	46.6997	0	62.6316
7.80987	46.7409	0.0825083	62.6316
7.83226	46.8234	0	62.6316
7.83343	46.8234	0.165017	62.6316
7.83386	46.9059	0.0825083	62.6316
7.83457	46.9884	0	62.6316
7.83713	47.0297	0.0825083	62.6316
7.83974	47.0297	0.0825083	63.1579
7.8474	47.1122	0	63.1579
7.84974	47.1122	0.0825083	63.1579
7.85237	47.1122	0.0825083	64.2105
7.85297	47.1947	0	64.2105
7.85385	47.236	0.0825083	64.2105
7.87474	47.3185	0	64.2105
7.87543	47.3185	0.0825083	64.2105
7.96922	47.401	0	64.2105
7.96922	47.401	0.165017	64.2105
7.97255	47.4835	0.0825083	64.2105
8.03472	47.566	0	64.2105
8.03476	47.566	0.0825083	64.2105
8.05061	47.6485	0	64.2105
8.05076	47.6898	0.0825083	64.2105
8.05647	47.7723	0	64.2105
8.08578	47.7723	0	65.2632
8.08734	47.7723	0	66.3158
8.08736	47.7723	0.165017	66.3158
8.08877	47.8548	0.0825083	66.3158
8.10442	47.9373	0	66.3158
8.10493	47.9373	0	67.3684
8.13567	47.9373	0	68.4211
8.13664	47.9785	0.0825083	68.4211
8.14506	48.0611	0	68.4211
8.14833	48.1023	0.0825083	68.4211
8.16382	48.1848	0	68.4211
8.16558	48.2261	0.0825083	68.4211
8.17915	48.3086	0	68.4211
8.1795	48.3498	0.0825083	68.4211
8.18794	48.4323	0	68.4211
8.19078	48.4736	0.0825083	68.4211
8.28123	48.5561	0	68.4211
8.33278	48.5561	0	68.9474
8.3344	48.5974	0.0825083	68.9474
8.3351	48.6799	0	68.9474
8.33532	48.7211	0.0825083	68.9474
8.37278	48.8036	0	68.9474
8.37315	48.8449	0.0825083	68.9474
8.45023	48.9274	0	68.9474
8.45065	48.9686	0.0825083	68.9474
8.46271	49.0512	0	68.9474
8.4723	49.0924	0.0825083	68.9474
8.49792	49.1749	0	68.9474
8.50236	49.2162	0.0825083	68.9474
8.50295	49.2574	0.165017	68.9474
8.50982	49.3399	0.0825083	68.9474
8.53596	49.4224	0	68.9474
8.54018	49.4637	0.0825083	68.9474
8.54094	49.5462	0	68.9474
8.54186	49.5462	0.165017	68.9474
8.54541	49.6287	0.0825083	68.9474
8.56804	49.7112	0	68.9474
8.56899	49.7525	0.0825083	68.9474
8.63865	49.835	0	68.9474
8.63886	49.8762	0.0825083	68.9474
8.67728	49.9587	0	68.9474
8.67743	49.9587	0.165017	68.9474
8.67972	50.0413	0.0825083	68.9474
8.72359	50.1238	0	68.9474
8.73407	50.1238	0	69.4737
8.85231	50.1238	0	70.5263
8.85491	50.165	0.0825083	70.5263
8.87159	50.2475	0	70.5263
8.87249	50.2475	0.165017	70.5263
8.87256	50.33	0.0825083	70.5263
8.90351	50.4125	0	70.5263
8.90488	50.4538	0.0825083	70.5263
8.90776	50.5363	0	70.5263
8.91176	50.5776	0.0825083	70.5263
8.91389	50.6188	0.165017	70.5263
8.91433	50.7013	0.0825083	70.5263
8.92291	50.7838	0	70.5263
8.92311	50.8251	0.0825083	70.5263
8.93151	50.9076	0	70.5263
8.95957	50.9076	0	71.5789
8.96176	50.9076	0.165017	71.5789
8.96187	50.9901	0.0825083	71.5789
8.97914	51.0726	0	71.5789
9.02074	51.0726	0	72.1053
9.02511	51.1139	0.0825083	72.1053
9.17872	51.1964	0	72.1053
9.17899	51.1964	0.165017	72.1053
9.17979	51.2789	0.0825083	72.1053
9.18958	51.3614	0	72.1053
9.19508	51.4026	0.0825083	72.1053
9.21334	51.4851	0	72.1053
9.21806	51.5264	0.0825083	72.1053
9.23389	51.6089	0	72.1053
9.28512	51.6089	0	72.6316
9.28597	51.6502	0.0825083	72.6316
9.33488	51.7327	0	72.6316
9.33576	51.7327	0.165017	72.6316
9.33778	51.8152	0.0825083	72.6316
9.43645	51.8977	0	72.6316
9.43984	51.9389	0.0825083	72.6316
9.46218	52.0215	0	72.6316
9.46311	52.0215	0.0825083	72.6316
9.50394	52.104	0	72.6316
9.50504	52.104	0.165017	72.6316
9.51062	52.1865	0.0825083	72.6316
9.54947	52.269	0	72.6316
9.55025	52.3102	0.0825083	72.6316
9.60426	52.3927	0	72.6316
9.60532	52.3927	0.165017	72.6316
9.60722	52.4752	0.0825083	72.6316
9.61253	52.5578	0	72.6316
9.61285	52.599	0.0825083	72.6316
9.63746	52.6815	0	72.6316
9.63804	52.6815	0.165017	72.6316
9.641	52.764	0.0825083	72.6316
9.67807	52.8465	0	72.6316
9.67867	52.8465	0.165017	72.6316
9.67925	52.929	0.0825083	72.6316
9.71206	53.0116	0	72.6316
9.71223	53.0116	0.165017	72.6316
9.71696	53.0941	0.0825083	72.6316
9.78076	53.1766	0	72.6316
9.78263	53.1766	0.165017	72.6316
9.78267	53.2591	0.0825083	72.6316
9.78751	53.3416	0	72.6316
9.78921	53.3416	0.165017	72.6316
9.79174	53.4241	0.0825083	72.6316
9.79659	53.5066	0	72.6316
9.79715	53.5479	0.0825083	72.6316
9.87027	53.6304	0	72.6316
9.87102	53.6716	0.0825083	72.6316
9.87525	53.7541	0	72.6316
9.87669	53.7954	0.0825083	72.6316
9.91046	53.8779	0	72.6316
9.91275	53.8779	0.165017	72.6316
9.91481	53.9604	0.0825083	72.6316
9.92473	54.0429	0	72.6316
9.92635	54.0429	0.0825083	72.6316
9.9264	54.1254	0	72.6316
9.92949	54.1667	0.0825083	72.6316
9.93887	54.2492	0	72.6316
9.93891	54.2904	0.0825083	72.6316
9.95262	54.3729	0	72.6316
9.9556	54.3729	0.165017	72.6316
9.95687	54.4554	0.0825083	72.6316
9.96386	54.538	0	72.6316
9.96443	54.538	0.0825083	72.6316
9.97378	54.6205	0	72.6316
9.9747	54.6617	0.0825083	72.6316
10.0019	54.7442	0	72.6316
10.008	54.7442	0	73.1579
10.008	54.7855	0.0825083	73.1579
10.0251	54.868	0	73.1579
10.0251	54.9092	0.0825083	73.1579
10.0274	54.9917	0	73.1579
10.0291	55.033	0.0825083	73.1579
10.0521	55.1155	0	73.1579
10.0544	55.1568	0.0825083	73.1579
10.1219	55.2393	0	73.1579
10.1317	55.2393	0.0825083	73.1579
10.1441	55.3218	0	73.1579
10.1444	55.363	0.0825083	73.1579
10.159	55.4455	0	73.1579
10.1598	55.4868	0.0825083	73.1579
10.1883	55.5693	0	73.1579
10.1908	55.5693	0.165017	73.1579
10.1956	55.6518	0.0825083	73.1579
10.22	55.7343	0	73.1579
10.2211	55.7343	0.0825083	73.1579
10.2211	55.7343	0.0825083	74.2105
10.2465	55.8168	0	74.2105
10.2467	55.8581	0.0825083	74.2105
10.3487	55.9406	0	74.2105
10.35	55.9818	0.0825083	74.2105
10.4276	56.0644	0	74.2105
10.4276	56.0644	0.165017	74.2105
10.4277	56.1469	0.0825083	74.2105
10.4311	56.2294	0	74.2105
10.4326	56.2706	0.0825083	74.2105
10.4469	56.3531	0	74.2105
10.4469	56.3944	0.0825083	74.2105
10.4518	56.4769	0	74.2105
10.4541	56.4769	0.165017	74.2105
10.4549	56.5594	0.0825083	74.2105
10.4729	56.6419	0	74.2105
10.4746	56.6419	0.165017	74.2105
10.4807	56.7244	0.0825083	74.2105
10.5025	56.8069	0	74.2105
10.5095	56.8069	0	74.7368
10.5095	56.8069	0.165017	74.7368
10.5142	56.8894	0.0825083	74.7368
10.5618	56.9719	0	74.7368
10.5637	57.0132	0.0825083	74.7368
10.6261	57.0957	0	74.7368
10.6263	57.137	0.0825083	74.7368
10.6437	57.2195	0	74.7368
10.6443	57.2195	0.165017	74.7368
10.6444	57.302	0.0825083	74.7368
10.6449	57.302	0.247525	74.7368
10.6452	57.3845	0.165017	74.7368
10.6456	57.467	0.0825083	74.7368
10.6488	57.5495	0	74.7368
10.6535	57.5495	0.0825083	74.7368
10.6922	57.632	0	74.7368
10.6935	57.632	0.165017	74.7368
10.6949	57.7145	0.0825083	74.7368
10.7113	57.797	0	74.7368
10.7114	57.797	0.165017	74.7368
10.7122	57.8795	0.0825083	74.7368
10.7293	57.962	0	74.7368
10.7304	57.962	0.165017	74.7368
10.7309	58.0446	0.0825083	74.7368
10.7465	58.1271	0	74.7368
10.7466	58.1683	0.0825083	74.7368
10.806	58.2508	0	74.7368
10.8069	58.2508	0	75.7895
10.8096	58.2508	0.0825083	75.7895
10.8215	58.3333	0	75.7895
10.8216	58.3333	0.165017	75.7895
10.8283	58.4158	0.0825083	75.7895
10.9759	58.4983	0	75.7895
10.9772	58.5396	0.0825083	75.7895
11.0366	58.6221	0	75.7895
11.0371	58.6221	0.165017	75.7895
11.0377	58.7046	0.0825083	75.7895
11.1036	58.7871	0	75.7895
11.1902	58.7871	0	76.8421
11.1908	58.8284	0.0825083	76.8421
11.2051	58.9109	0	76.8421
11.2065	58.9521	0.0825083	76.8421
11.2131	59.0347	0	76.8421
11.2136	59.0347	0.0825083	76.8421
11.2142	59.0347	0.0825083	76.8421
11.3485	59.1172	0	76.8421
11.3489	59.1584	0.0825083	76.8421
11.387	59.2409	0	76.8421
11.3892	59.2409	0.0825083	76.8421
11.4402	59.3234	0	76.8421
11.4427	59.3647	0.0825083	76.8421
11.4637	59.4472	0	76.8421
11.4642	59.4472	0.165017	76.8421
11.4644	59.5297	0.0825083	76.8421
11.5957	59.6122	0	76.8421
11.5961	59.6535	0.0825083	76.8421
11.5972	59.736	0	76.8421
11.5989	59.736	0.165017	76.8421
11.6007	59.8185	0.0825083	76.8421
11.6084	59.901	0	76.8421
11.6121	59.9422	0.0825083	76.8421
11.6465	60.0248	0	76.8421
11.6475	60.066	0.0825083	76.8421
11.7307	60.1485	0	76.8421
11.7334	60.1898	0.0825083	76.8421
11.7341	60.231	0.165017	76.8421
11.7349	60.3135	0.0825083	76.8421
11.7557	60.396	0	76.8421
11.7558	60.4373	0.0825083	76.8421
11.7778	60.5198	0	76.8421
11.7779	60.5198	0.165017	76.8421
11.78	60.6023	0.0825083	76.8421
11.7834	60.6848	0	76.8421
11.7839	60.6848	0.165017	76.8421
11.7872	60.7673	0.0825083	76.8421
11.8355	60.8498	0	76.8421
11.8714	60.8498	0	77.8947
11.8724	60.8911	0.0825083	77.8947
11.8828	60.9736	0	77.8947
11.8851	61.0149	0.0825083	77.8947
11.9401	61.0974	0	77.8947
11.9428	61.0974	0.165017	77.8947
11.9453	61.1799	0.0825083	77.8947
11.9461	61.2211	0.165017	77.8947
11.9481	61.3036	0.0825083	77.8947
11.986	61.3861	0	77.8947
11.9872	61.4274	0.0825083	77.8947
12.0131	61.5099	0	77.8947
12.0165	61.5099	0.0825083	77.8947
12.0346	61.5924	0	77.8947
12.0347	61.6337	0.0825083	77.8947
12.0559	61.7162	0	77.8947
12.0604	61.7162	0.0825083	77.8947
12.0791	61.7987	0	77.8947
12.0792	61.8399	0.0825083	77.8947
12.1734	61.9224	0	77.8947
12.1763	61.9224	0.165017	77.8947
12.182	62.005	0.0825083	77.8947
12.1929	62.0875	0	77.8947
12.1957	62.0875	0.0825083	77.8947
12.2309	62.17	0	77.8947
12.2312	62.2112	0.0825083	77.8947
12.2561	62.2937	0	77.8947
12.2577	62.335	0.0825083	77.8947
12.279	62.4175	0	77.8947
12.2797	62.4175	0.165017	77.8947
12.28	62.5	0.0825083	77.8947
12.2869	62.5825	0	77.8947
12.2875	62.5825	0.165017	77.8947
12.2914	62.665	0.0825083	77.8947
12.2959	62.7475	0	77.8947
12.2992	62.7888	0.0825083	77.8947
12.3147	62.8713	0	77.8947
12.3211	62.9125	0.0825083	77.8947
12.3488	62.995	0	77.8947
12.3568	63.0363	0.0825083	77.8947
12.3792	63.1188	0	77.8947
12.3851	63.1601	0.0825083	77.8947
12.3962	63.2426	0	77.8947
12.3976	63.2838	0.0825083	77.8947
12.4078	63.3663	0	77.8947
12.4082	63.3663	0.0825083	77.8947
12.4207	63.4488	0	77.8947
12.4237	63.4488	0.165017	77.8947
12.4262	63.5314	0.0825083	77.8947
12.4881	63.6139	0	77.8947
12.4884	63.6139	0.165017	77.8947
12.4888	63.6964	0.0825083	77.8947
12.7178	63.7789	0	77.8947
12.7191	63.8201	0.0825083	77.8947
12.7733	63.9026	0	77.8947
12.7736	63.9026	0.0825083	77.8947
13.0165	63.9851	0	77.8947
13.0168	64.0264	0.0825083	77.8947
13.0432	64.1089	0	77.8947
13.0445	64.1502	0.0825083	77.8947
13.0633	64.2327	0	77.8947
13.0635	64.2739	0.0825083	77.8947
13.1921	64.3564	0	77.8947
13.1923	64.3977	0.0825083	77.8947
13.2512	64.4802	0	77.8947
13.2533	64.5215	0.0825083	77.8947
13.2554	64.604	0	77.8947
13.256	64.604	0.0825083	77.8947
13.2645	64.6865	0	77.8947
13.265	64.6865	0.165017	77.8947
13.2666	64.769	0.0825083	77.8947
13.2785	64.8515	0	77.8947
13.2788	64.8515	0.165017	77.8947
13.2799	64.934	0.0825083	77.8947
13.3137	65.0165	0	77.8947
13.3175	65.0578	0.0825083	77.8947
13.3184	65.099	0.165017	77.8947
13.3194	65.1815	0.0825083	77.8947
13.3231	65.264	0	77.8947
13.3242	65.3053	0.0825083	77.8947
13.3462	65.3878	0	77.8947
13.3472	65.429	0.0825083	77.8947
13.3753	65.5116	0	77.8947
13.3754	65.5528	0.0825083	77.8947
13.3984	65.6353	0	77.8947
13.3998	65.6353	0.0825083	77.8947
13.4001	65.6353	0.247525	77.8947
13.401	65.7178	0.165017	77.8947
13.4023	65.8003	0.0825083	77.8947
13.4517	65.8828	0	77.8947
13.4518	65.8828	0.165017	77.8947
13.4533	65.9653	0.0825083	77.8947
13.4654	66.0479	0	77.8947
13.4667	66.0891	0.0825083	77.8947
13.5291	66.1716	0	77.8947
13.5339	66.2129	0.0825083	77.8947
13.55	66.2954	0	77.8947
13.5508	66.2954	0.165017	77.8947
13.5521	66.3779	0.0825083	77.8947
13.6114	66.4604	0	77.8947
13.6668	66.4604	0	78.9474
13.6672	66.5016	0.0825083	78.9474
13.6957	66.5842	0	78.9474
13.7001	66.6254	0.0825083	78.9474
13.7566	66.7079	0	78.9474
13.7571	66.7079	0.165017	78.9474
13.7579	66.7079	0.165017	80
13.7594	66.7904	0.0825083	80
13.8442	66.8729	0	80
13.8481	66.9142	0.0825083	80
13.8667	66.9967	0	80
13.9032	66.9967	0	80.5263
13.9549	66.9967	0	81.5789
13.9565	66.9967	0.165017	81.5789
13.9571	67.0792	0.0825083	81.5789
13.973	67.1617	0	81.5789
13.9752	67.203	0.0825083	81.5789
13.9756	67.2855	0	81.5789
13.9759	67.2855	0.165017	81.5789
13.977	67.368	0.0825083	81.5789
14.0386	67.4505	0	81.5789
14.0387	67.4918	0.0825083	81.5789
14.0725	67.5743	0	81.5789
14.0727	67.5743	0.165017	81.5789
14.0739	67.6568	0.0825083	81.5789
14.0741	67.7393	0	81.5789
14.0766	67.7805	0.0825083	81.5789
14.0775	67.8218	0.165017	81.5789
14.0786	67.9043	0.0825083	81.5789
14.0936	67.9868	0	81.5789
14.0948	68.0281	0.0825083	81.5789
14.2085	68.1106	0	81.5789
14.2103	68.1518	0.0825083	81.5789
14.2441	68.2343	0	81.5789
14.2465	68.2756	0.0825083	81.5789
14.2659	68.3581	0	81.5789
14.2662	68.3993	0.0825083	81.5789
14.3309	68.4818	0	81.5789
14.3352	68.5231	0.0825083	81.5789
14.3502	68.6056	0	81.5789
14.3518	68.6469	0.0825083	81.5789
14.4014	68.7294	0	81.5789
14.4027	68.7294	0.165017	81.5789
14.4048	68.8119	0.0825083	81.5789
14.407	68.8944	0	81.5789
14.4108	68.9356	0.0825083	81.5789
14.4382	69.0182	0	81.5789
14.4388	69.0182	0.0825083	81.5789
14.4872	69.1007	0	81.5789
14.4961	69.1007	0	82.6316
14.4975	69.1007	0.165017	82.6316
14.502	69.1832	0.0825083	82.6316
14.5029	69.2657	0	82.6316
14.5038	69.3069	0.0825083	82.6316
14.5563	69.3894	0	82.6316
14.5577	69.4307	0.0825083	82.6316
14.5625	69.5132	0	82.6316
14.5632	69.5545	0.0825083	82.6316
14.6455	69.637	0	82.6316
14.7249	69.637	0	83.6842
14.7253	69.637	0.0825083	83.6842
14.7855	69.7195	0	83.6842
14.7863	69.7607	0.0825083	83.6842
14.7882	69.8432	0	83.6842
14.7884	69.8432	0.0825083	83.6842
14.7971	69.9257	0	83.6842
14.7995	69.9257	0.0825083	83.6842
14.8556	70.0082	0	83.6842
14.8557	70.0495	0.0825083	83.6842
14.9775	70.132	0	83.6842
14.9832	70.132	0.0825083	83.6842
14.9913	70.2145	0	83.6842
14.9955	70.2558	0.0825083	83.6842
15.015	70.3383	0	83.6842
15.019	70.3795	0.0825083	83.6842
15.0398	70.462	0	83.6842
15.0419	70.5033	0.0825083	83.6842
15.1966	70.5858	0	83.6842
15.2471	70.5858	0	84.7368
15.249	70.5858	0.0825083	84.7368
15.2605	70.6683	0	84.7368
15.2616	70.6683	0.165017	84.7368
15.262	70.7508	0.0825083	84.7368
15.4135	70.8333	0	84.7368
15.4154	70.8333	0.165017	84.7368
15.4155	70.9158	0.0825083	84.7368
15.4284	70.9984	0	84.7368
15.4285	70.9984	0.0825083	84.7368
15.4333	71.0809	0	84.7368
15.4445	71.1221	0.0825083	84.7368
15.4534	71.2046	0	84.7368
15.4535	71.2459	0.0825083	84.7368
15.4538	71.2871	0.165017	84.7368
15.4578	71.3696	0.0825083	84.7368
15.4891	71.4521	0	84.7368
15.4931	71.4934	0.0825083	84.7368
15.5394	71.5759	0	84.7368
15.5414	71.6172	0.0825083	84.7368
15.5516	71.6997	0	84.7368
15.561	71.7409	0.0825083	84.7368
15.5894	71.8234	0	84.7368
15.5996	71.8647	0.0825083	84.7368
15.8288	71.9472	0	84.7368
15.8297	71.9472	0.165017	84.7368
15.8298	72.0297	0.0825083	84.7368
15.8547	72.1122	0	84.7368
15.8562	72.1535	0.0825083	84.7368
15.9554	72.236	0	84.7368
15.96	72.2772	0.0825083	84.7368
16.0291	72.3597	0	84.7368
16.0293	72.401	0.0825083	84.7368
16.0316	72.4835	0	84.7368
16.032	72.5247	0.0825083	84.7368
16.0764	72.6073	0	84.7368
16.0812	72.6485	0.0825083	84.7368
16.1086	72.731	0	84.7368
16.1098	72.731	0.165017	84.7368
16.1101	72.8135	0.0825083	84.7368
16.111	72.8135	0.247525	84.7368
16.1112	72.896	0.165017	84.7368
16.1122	72.9785	0.0825083	84.7368
16.1123	72.9785	0.165017	84.7368
16.1155	73.0611	0.0825083	84.7368
16.1413	73.1436	0	84.7368
16.1415	73.1848	0.0825083	84.7368
16.1941	73.2673	0	84.7368
16.2273	73.2673	0	85.7895
16.2273	73.3086	0.0825083	85.7895
16.2488	73.3911	0	85.7895
16.2493	73.4323	0.0825083	85.7895
16.3588	73.5149	0	85.7895
16.4056	73.5149	0	86.8421
16.4073	73.5149	0.0825083	86.8421
16.4099	73.5974	0	86.8421
16.4151	73.6386	0.0825083	86.8421
16.4299	73.7211	0	86.8421
16.4303	73.7624	0.0825083	86.8421
16.4918	73.8449	0	86.8421
16.4924	73.8861	0.0825083	86.8421
16.5131	73.9686	0	86.8421
16.5189	73.9686	0.0825083	86.8421
16.5783	74.0512	0	86.8421
16.6365	74.0512	0	87.8947
16.6378	74.0924	0.0825083	87.8947
16.6429	74.1749	0	87.8947
16.6435	74.1749	0.165017	87.8947
16.6448	74.2574	0.0825083	87.8947
16.8572	74.3399	0	87.8947
16.8576	74.3812	0.0825083	87.8947
16.9033	74.4637	0	87.8947
16.9033	74.505	0.0825083	87.8947
16.9231	74.5875	0	87.8947
16.9255	74.6287	0.0825083	87.8947
16.9418	74.7112	0	87.8947
16.9428	74.7525	0.0825083	87.8947
17.0026	74.835	0	87.8947
17.0053	74.8762	0.0825083	87.8947
17.0152	74.9587	0	87.8947
17.0168	75	0.0825083	87.8947
17.0372	75.0825	0	87.8947
17.0376	75.1238	0.0825083	87.8947
17.0902	75.2063	0	87.8947
17.0902	75.2063	0.165017	87.8947
17.0934	75.2888	0.0825083	87.8947
17.1791	75.3713	0	87.8947
17.3888	75.3713	0	88.9474
17.3923	75.4125	0.0825083	88.9474
17.4808	75.495	0	88.9474
17.4838	75.495	0.165017	88.9474
17.4852	75.5776	0.0825083	88.9474
17.6158	75.6601	0	88.9474
17.616	75.6601	0.165017	88.9474
17.6184	75.7426	0.0825083	88.9474
17.6516	75.8251	0	88.9474
17.6547	75.8663	0.0825083	88.9474
17.6663	75.9488	0	88.9474
17.6664	75.9901	0.0825083	88.9474
17.7789	76.0726	0	88.9474
17.7793	76.0726	0.165017	88.9474
17.7796	76.1551	0.0825083	88.9474
17.8099	76.2376	0	88.9474
17.8106	76.2789	0.0825083	88.9474
18.2396	76.3614	0	88.9474
18.2398	76.4026	0.0825083	88.9474
18.4572	76.4851	0	88.9474
18.4627	76.5264	0.0825083	88.9474
18.5238	76.6089	0	88.9474
18.532	76.6502	0.0825083	88.9474
18.5576	76.7327	0	88.9474
18.5581	76.7739	0.0825083	88.9474
18.5614	76.8564	0	88.9474
18.5624	76.8564	0.0825083	88.9474
18.5776	76.9389	0	88.9474
18.578	76.9389	0.0825083	88.9474
18.5799	77.0215	0	88.9474
18.5842	77.0215	0.0825083	88.9474
18.7332	77.104	0	88.9474
18.7335	77.1452	0.0825083	88.9474
18.7576	77.2277	0	88.9474
18.7577	77.2277	0.165017	88.9474
18.7626	77.3102	0.0825083	88.9474
18.8265	77.3927	0	88.9474
18.8317	77.434	0.0825083	88.9474
18.9127	77.5165	0	88.9474
18.9152	77.5165	0.0825083	88.9474
18.9163	77.599	0	88.9474
18.9475	77.599	0	90
18.9494	77.6403	0.0825083	90
19.1379	77.7228	0	90
19.1385	77.764	0.0825083	90
19.235	77.8465	0	90
19.2377	77.8878	0.0825083	90
19.2642	77.9703	0	90
19.2666	78.0116	0.0825083	90
19.32	78.0941	0	90
19.3266	78.1353	0.0825083	90
19.423	78.2178	0	90
19.4231	78.2591	0.0825083	90
19.4441	78.3416	0	90
19.4474	78.3416	0.0825083	90
19.4474	78.4241	0	90
19.4475	78.4653	0.0825083	90
19.4975	78.5479	0	90
19.5022	78.5891	0.0825083	90
19.6145	78.6716	0	90
19.6168	78.7129	0.0825083	90
19.6231	78.7954	0	90
19.6431	78.7954	0	90.5263
19.644	78.8366	0.0825083	90.5263
19.7853	78.9191	0	90.5263
19.834	78.9191	0	91.5789
19.8349	78.9191	0.165017	91.5789
19.8384	79.0016	0.0825083	91.5789
19.9152	79.0842	0	91.5789
19.9744	79.0842	0	92.6316
19.9833	79.1254	0.0825083	92.6316
19.9859	79.1667	0.165017	92.6316
19.9879	79.2492	0.0825083	92.6316
20.0191	79.3317	0	92.6316
20.0274	79.3729	0.0825083	92.6316
20.0644	79.4554	0	92.6316
20.0665	79.4967	0.0825083	92.6316
20.0878	79.5792	0	92.6316
20.0879	79.5792	0.0825083	92.6316
20.2134	79.6617	0	92.6316
20.2135	79.6617	0.165017	92.6316
20.2146	79.7442	0.0825083	92.6316
20.2169	79.8267	0	92.6316
20.2319	79.8267	0	93.6842
20.2323	79.8267	0.165017	93.6842
20.2328	79.9092	0.0825083	93.6842
20.2665	79.9918	0	93.6842
20.2681	80.033	0.0825083	93.6842
20.2714	80.1155	0	93.6842
20.2725	80.1568	0.0825083	93.6842
20.3396	80.2393	0	93.6842
20.3416	80.2805	0.0825083	93.6842
20.3998	80.363	0	93.6842
20.4007	80.363	0.0825083	93.6842
20.4886	80.4455	0	93.6842
20.4898	80.4868	0.0825083	93.6842
20.5367	80.5693	0	93.6842
20.5403	80.6106	0.0825083	93.6842
20.7757	80.6931	0	93.6842
20.7764	80.6931	0.165017	93.6842
20.7781	80.7756	0.0825083	93.6842
20.798	80.8581	0	93.6842
20.8517	80.8581	0	94.7368
20.8546	80.8581	0.165017	94.7368
20.8549	80.9406	0.0825083	94.7368
20.9169	81.0231	0	94.7368
20.9189	81.0231	0.0825083	94.7368
21.0657	81.1056	0	94.7368
21.0658	81.1469	0.0825083	94.7368
21.2228	81.2294	0	94.7368
21.5944	81.2706	0.0825083	94.7368
21.5961	81.2706	0.165017	94.7368
21.6184	81.3531	0.0825083	94.7368
21.619	81.3944	0.165017	94.7368
21.7547	81.4769	0.0825083	94.7368
21.7582	81.5182	0.165017	94.7368
21.8935	81.6007	0.0825083	94.7368
21.9001	81.6007	0.0825083	95.7895
21.9007	81.6007	0.165017	95.7895
21.9463	81.6832	0.0825083	95.7895
21.9475	81.6832	0.165017	95.7895
21.9541	81.7657	0.0825083	95.7895
21.9553	81.8069	0.165017	95.7895
22.0273	81.8894	0.0825083	95.7895
22.0308	81.9307	0.165017	95.7895
22.088	82.0132	0.0825083	95.7895
22.0883	82.0545	0.165017	95.7895
22.1479	82.137	0.0825083	95.7895
22.1482	82.1782	0.165017	95.7895
22.2864	82.2607	0.0825083	95.7895
22.5053	82.3432	0	95.7895
22.5057	82.3432	0.165017	95.7895
22.5116	82.4257	0.0825083	95.7895
22.5662	82.5082	0	95.7895
22.5684	82.5082	0.0825083	95.7895
22.5895	82.5908	0	95.7895
22.5902	82.5908	0.165017	95.7895
22.5904	82.6733	0.0825083	95.7895
22.9943	82.7558	0	95.7895
22.9987	82.7558	0.165017	95.7895
22.9991	82.8383	0.0825083	95.7895
23.1303	82.9208	0	95.7895
23.1303	82.962	0.0825083	95.7895
23.2053	83.0446	0	95.7895
23.2096	83.0858	0.0825083	95.7895
23.3049	83.1683	0	95.7895
23.3074	83.2096	0.0825083	95.7895
23.3283	83.2921	0	95.7895
23.3294	83.2921	0.165017	95.7895
23.3308	83.3746	0.0825083	95.7895
23.5636	83.4571	0	95.7895
23.5695	83.4984	0.0825083	95.7895
23.5998	83.5809	0	95.7895
23.6011	83.5809	0.165017	95.7895
23.6013	83.6634	0.0825083	95.7895
23.8008	83.7459	0	95.7895
23.8033	83.7459	0.165017	95.7895
23.8064	83.8284	0.0825083	95.7895
24.0781	83.9109	0	95.7895
24.0809	83.9521	0.0825083	95.7895
24.3732	84.0347	0	95.7895
24.3786	84.0759	0.0825083	95.7895
24.455	84.1584	0	95.7895
24.4606	84.1997	0.0825083	95.7895
24.5581	84.2822	0	95.7895
24.5618	84.3234	0.0825083	95.7895
24.6916	84.4059	0	95.7895
24.6934	84.4059	0.165017	95.7895
24.6972	84.4884	0.0825083	95.7895
25.0824	84.571	0	95.7895
25.0838	84.6122	0.0825083	95.7895
25.1381	84.6947	0	95.7895
25.1402	84.736	0.0825083	95.7895
25.2261	84.8185	0	95.7895
25.2274	84.8597	0.0825083	95.7895
25.2828	84.9422	0	95.7895
25.2839	84.9835	0.0825083	95.7895
25.3349	85.066	0	95.7895
25.3362	85.066	0.0825083	95.7895
25.8073	85.1485	0	95.7895
25.8074	85.1898	0.0825083	95.7895
25.8647	85.2723	0	95.7895
25.8651	85.3135	0.0825083	95.7895
25.8694	85.396	0	95.7895
25.8706	85.4373	0.0825083	95.7895
26.0471	85.5198	0	95.7895
26.0473	85.5611	0.0825083	95.7895
26.1597	85.6436	0	95.7895
26.1605	85.6848	0.0825083	95.7895
26.266	85.7673	0	95.7895
26.2664	85.7673	0.165017	95.7895
26.2671	85.8498	0.0825083	95.7895
26.4244	85.9323	0	95.7895
26.4248	85.9736	0.0825083	95.7895
26.4734	86.0561	0	95.7895
26.474	86.0974	0.0825083	95.7895
26.5154	86.1799	0	95.7895
26.5163	86.2211	0.0825083	95.7895
26.7121	86.3036	0	95.7895
26.7128	86.3449	0.0825083	95.7895
26.776	86.4274	0	95.7895
26.7777	86.4686	0.0825083	95.7895
26.8118	86.5512	0	95.7895
26.8121	86.5924	0.0825083	95.7895
26.8251	86.6749	0	95.7895
26.8252	86.7162	0.0825083	95.7895
27.1743	86.7987	0	95.7895
27.1751	86.8399	0.0825083	95.7895
27.1906	86.9224	0	95.7895
27.1923	86.9637	0.0825083	95.7895
27.1945	87.0462	0	95.7895
27.1949	87.0875	0.0825083	95.7895
27.3145	87.17	0	95.7895
27.3161	87.17	0.165017	95.7895
27.3171	87.2525	0.0825083	95.7895
27.4695	87.335	0	95.7895
27.4702	87.335	0.165017	95.7895
27.4722	87.4175	0.0825083	95.7895
27.5629	87.5	0	95.7895
27.5647	87.5413	0.0825083	95.7895
27.8224	87.6238	0	95.7895
27.8251	87.665	0.0825083	95.7895
27.9038	87.7475	0	95.7895
27.9047	87.7888	0.0825083	95.7895
28.0297	87.8713	0	95.7895
28.031	87.9125	0.0825083	95.7895
28.09	87.995	0	95.7895
28.0905	88.0363	0.0825083	95.7895
28.1226	88.1188	0	95.7895
28.1261	88.1601	0.0825083	95.7895
28.1417	88.2426	0	95.7895
28.146	88.2838	0.0825083	95.7895
28.4443	88.3663	0	95.7895
28.4468	88.4076	0.0825083	95.7895
28.4479	88.4901	0	95.7895
28.4482	88.5314	0.0825083	95.7895
28.456	88.6139	0	95.7895
28.4567	88.6551	0.0825083	95.7895
28.5213	88.7376	0	95.7895
28.5223	88.7789	0.0825083	95.7895
28.5388	88.8614	0	95.7895
28.539	88.8614	0.165017	95.7895
28.5396	88.9439	0.0825083	95.7895
28.9683	89.0264	0	95.7895
28.9688	89.0264	0.165017	95.7895
28.9704	89.1089	0.0825083	95.7895
29.2294	89.1914	0	95.7895
29.2356	89.2327	0.0825083	95.7895
29.2475	89.3152	0	95.7895
29.2485	89.3152	0.0825083	95.7895
29.7973	89.3977	0	95.7895
29.7975	89.4389	0.0825083	95.7895
30.5484	89.5215	0	95.7895
30.5501	89.5627	0.0825083	95.7895
30.7654	89.6452	0	95.7895
30.7666	89.6865	0.0825083	95.7895
30.9679	89.769	0	95.7895
30.9687	89.8102	0.0825083	95.7895
31.1092	89.8927	0	95.7895
31.1127	89.934	0.0825083	95.7895
31.7041	90.0165	0	95.7895
31.7065	90.0578	0.0825083	95.7895
31.7269	90.1403	0	95.7895
31.7287	90.1815	0.0825083	95.7895
32.3108	90.264	0	95.7895
32.3109	90.3053	0.0825083	95.7895
32.6869	90.3878	0	95.7895
32.6883	90.429	0.0825083	95.7895
32.8236	90.5116	0	95.7895
32.8258	90.5528	0.0825083	95.7895
33.0764	90.6353	0	95.7895
33.0769	90.6353	0.165017	95.7895
33.0774	90.7178	0.0825083	95.7895
33.3242	90.8003	0	95.7895
33.3261	90.8416	0.0825083	95.7895
33.6262	90.9241	0	95.7895
33.6271	90.9241	0.165017	95.7895
33.6297	91.0066	0.0825083	95.7895
33.749	91.0891	0	95.7895
33.7511	91.1304	0.0825083	95.7895
34.9592	91.2129	0	95.7895
34.9595	91.2129	0.0825083	95.7895
34.9626	91.2954	0	95.7895
34.9631	91.2954	0.165017	95.7895
34.967	91.3779	0.0825083	95.7895
35.6337	91.4604	0	95.7895
35.6363	91.5016	0.0825083	95.7895
35.7983	91.5842	0	95.7895
35.8017	91.6254	0.0825083	95.7895
35.9401	91.7079	0	95.7895
35.9407	91.7492	0.0825083	95.7895
36.0187	91.8317	0	95.7895
36.0201	91.8729	0.0825083	95.7895
36.0548	91.9554	0	95.7895
36.0563	91.9967	0.0825083	95.7895
36.1514	92.0792	0	95.7895
36.152	92.0792	0.165017	95.7895
36.1529	92.1617	0.0825083	95.7895
36.2269	92.2442	0	95.7895
36.23	92.2855	0.0825083	95.7895
36.8362	92.368	0	95.7895
36.8363	92.368	0.165017	95.7895
36.838	92.4505	0.0825083	95.7895
37.4182	92.533	0	95.7895
37.4198	92.5743	0.0825083	95.7895
37.6436	92.6568	0	95.7895
37.6443	92.698	0.0825083	95.7895
37.655	92.7805	0	95.7895
37.6563	92.8218	0.0825083	95.7895
38.132	92.9043	0	95.7895
38.1336	92.9043	0.0825083	95.7895
38.3098	92.9868	0	95.7895
38.3103	92.9868	0.165017	95.7895
38.3104	93.0693	0.0825083	95.7895
38.629	93.1518	0	95.7895
38.632	93.1518	0.0825083	95.7895
39.8791	93.2343	0	95.7895
39.8798	93.2756	0.0825083	95.7895
40.9833	93.3581	0	95.7895
40.9833	93.3993	0.0825083	95.7895
41.1003	93.4818	0	95.7895
41.1064	93.5231	0.0825083	95.7895
41.6225	93.6056	0	95.7895
43.6522	93.6469	0.0825083	95.7895
44.5785	93.7294	0	95.7895
44.5788	93.7706	0.0825083	95.7895
44.8167	93.8531	0	95.7895
44.8167	93.8531	0.165017	95.7895
44.8168	93.9356	0.0825083	95.7895
45.1778	94.0182	0	95.7895
45.1785	94.0594	0.0825083	95.7895
45.4888	94.1419	0	95.7895
45.4907	94.1832	0.0825083	95.7895
46.1089	94.2657	0	95.7895
46.1114	94.3069	0.0825083	95.7895
46.4591	94.3894	0	95.7895
46.4613	94.4307	0.0825083	95.7895
48.2104	94.5132	0	95.7895
48.2111	94.5545	0.0825083	95.7895
48.7445	94.637	0	95.7895
48.7455	94.6782	0.0825083	95.7895
51.7916	94.7607	0	95.7895
51.7921	94.7607	0.165017	95.7895
51.7929	94.8432	0.0825083	95.7895
52.3545	94.9257	0	95.7895
52.3551	94.967	0.0825083	95.7895
57.4518	95.0495	0	95.7895
57.4547	95.0908	0.0825083	95.7895
57.7618	95.1733	0	95.7895
57.764	95.1733	0.165017	95.7895
57.7643	95.2558	0.0825083	95.7895
59.41	95.3383	0	95.7895
59.4103	95.3795	0.0825083	95.7895
60.5174	95.462	0	95.7895
60.5174	95.5033	0.0825083	95.7895
60.8648	95.5858	0	95.7895
60.8651	95.6271	0.0825083	95.7895
62.0874	95.7096	0	95.7895
62.0878	95.7096	0.165017	95.7895
62.0913	95.7921	0.0825083	95.7895
73.8521	95.8746	0	95.7895
73.8584	95.9158	0.0825083	95.7895
103.778	95.9984	0	95.7895
103.778	95.9984	0.165017	95.7895
103.781	96.0809	0.0825083	95.7895
106.401	96.1634	0	95.7895
107.809	96.2046	0.0825083	95.7895
170.378	96.2871	0	95.7895
170.38	96.2871	0.165017	95.7895
170.654	96.3696	0.0825083	95.7895
196.058	96.4521	0	95.7895
745.871	96.4521	0	96.8421
1099.42	96.4521	0	97.8947
1099.51	96.4934	0.0825083	97.8947
1136.03	96.5759	0	97.8947
1422.06	96.5759	0	98.9474
1663.11	96.5759	0	100
1663.11	96.5759	0.165017	100
1663.31	96.6584	0.0825083	100
2177.56	96.7409	0	100
2177.57	96.7409	0.0825083	100
3023.04	96.8234	0	100
3023.04	96.8234	0.0825083	100
4466.18	96.9059	0	100
4466.18	96.9059	0.0825083	100
4624.08	96.9884	0	100
4624.1	96.9884	0.165017	100
4625.13	97.071	0.0825083	100
4756.1	97.1535	0	100
4756.37	97.1535	0.165017	100
4757.15	97.236	0.0825083	100
5028.65	97.3185	0	100
5031.19	97.3597	0.0825083	100
5985.38	97.4422	0	100
5985.96	97.4835	0.0825083	100
8296.69	97.566	0	100
8296.69	97.566	0.0825083	100
8297.25	97.6485	0	100
8297.25	97.6485	0.0825083	100
9189.82	97.731	0	100
9189.83	97.731	0.165017	100
9190.07	97.8135	0.0825083	100
9647.38	97.896	0	100
9647.46	97.896	0.0825083	100
9663.92	97.9785	0	100
9663.93	98.0198	0.0825083	100
10585.1	98.1023	0	100
10585.9	98.1436	0.0825083	100
11689.3	98.2261	0	100
11690.6	98.2673	0.0825083	100
12251.7	98.3498	0	100
12252	98.3498	0.165017	100
12252.5	98.4323	0.0825083	100
16831	98.5149	0	100
16831	98.5149	0.0825083	100
17435.5	98.5974	0	100
17435.5	98.5974	0.0825083	100
19936.6	98.6799	0	100
19938.1	98.7211	0.0825083	100
20675.8	98.8036	0	100
20676.3	98.8449	0.0825083	100
21057	98.9274	0	100
21060.6	98.9686	0.0825083	100
21932.2	99.0512	0	100
21935.3	99.0924	0.0825083	100
23614.7	99.1749	0	100
23614.7	99.1749	0.165017	100
23615.6	99.2574	0.0825083	100
24099.8	99.3399	0	100
24099.8	99.3399	0.0825083	100
27559.2	99.4224	0	100
27559.3	99.4637	0.0825083	100
28997.6	99.5462	0	100
28997.6	99.5462	0.0825083	100
30391.6	99.6287	0	100
30392.8	99.67	0.0825083	100
31056.9	99.7525	0	100
31057.2	99.7937	0.0825083	100
37110.9	99.8762	0	100
37111.1	99.9175	0.0825083	100
