6.51366e-06	0	0	0
9.88391e-06	0	0	0
1.20902e-05	0	0	0
2.36321e-05	0	0	0
2.48986e-05	0	0	0
2.52282e-05	0	0	0
2.78717e-05	0	0	0
2.81448e-05	0	0	0
2.90489e-05	0	0	0
3.50452e-05	0	0	0
3.74144e-05	0	0	0
3.7666e-05	0	0	0
4.08179e-05	0	0	0
4.51532e-05	0	0	0
5.89878e-05	0	0	0
5.95357e-05	0	0	0
6.36759e-05	0	0	0
6.83863e-05	0	0	0
8.08033e-05	0	0	0
8.11523e-05	0	0	0
8.18057e-05	0	0	0
8.4419e-05	0	0	0
8.72941e-05	0	0	0
8.80377e-05	0	0	0
9.58849e-05	0	0	0
9.61855e-05	0	0	0
0.000109194	0	0	0
0.000109256	0	0	0
0.000128251	0	0	0
0.000128918	0	0	0
0.000134872	0	0	0
0.000135907	0	0	0
0.000148684	0	0	0
0.000157012	0	0	0
0.000157842	0	0	0
0.00015815	0	0	0
0.000158291	0	0	0
0.000163522	0	0	0
0.000166701	0	0	0
0.000171499	0	0	0
0.000176126	0	0	0
0.000181802	0	0	0
0.000189644	0	0	0
0.000193693	0	0	0
0.000197008	0	0	0
0.00020049	0	0	0
0.000218567	0	0	0
0.000223564	0	0	0
0.000225052	0	0	0
0.000225761	0	0	0
0.000228552	0	0	0
0.000235675	0	0	0
0.000238283	0	0	0
0.000242359	0	0	0
0.000243912	0	0	0
0.000246048	0	0	0
0.000256738	0	0	0
0.000259731	0	0	0
0.000260442	0	0	0
0.000267946	0	0	0
0.000273376	0	0	0
0.000276103	0	0	0
0.000284482	0	0	0
0.00028896	0	0	0
0.000294556	0	0	0
0.000297976	0	0	0
0.000298508	0	0	0
0.000301509	0	0	0
0.00030405	0	0	0
0.000305916	0	0	0
0.000319267	0	0	0
0.000319747	0	0	0
0.000320487	0	0	0
0.000321721	0	0	0
0.000322938	0	0	0
0.000329147	0	0	0
0.000332437	0	0	0
0.000343631	0	0	0
0.000346417	0	0	0
0.000346823	0	0	0
0.000347271	0	0	0
0.000350114	0	0	0
0.000352708	0	0	0
0.000355426	0	0	0
0.000357638	0	0	0
0.000363442	0	0	0
0.000374586	0	0	0
0.00037742	0	0	0
0.0003779	0	0	0
0.000381008	0	0	0
0.000388007	0	0	0
0.000391169	0	0	0
0.000392245	0	0	0
0.000393802	0	0	0
0.000397188	0	0	0
0.000403627	0	0	0
0.00040501	0	0	0
0.000405258	0	0	0
0.00040967	0	0	0
0.000414746	0	0	0
0.000418866	0	0	0
0.000420654	0	0	0
0.000426432	0	0	0
0.000428187	0	0	0
0.000428537	0	0	0
0.000432229	0	0	0
0.00043228	0	0	0
0.000435364	0	0	0
0.000437196	0	0	0
0.000439246	0	0	0
0.00044196	0	0	0
0.000443459	0	0	0
0.000444942	0	0	0
0.000446069	0	0	0
0.000449599	0	0	0
0.000467786	0	0	0
0.000469972	0	0	0
0.000475719	0	0	0
0.000485105	0	0	0
0.000493078	0	0	0
0.000513085	0	0	0
0.000513468	0	0	0
0.00051831	0	0	0
0.000521109	0	0	0
0.000525887	0	0	0
0.000527385	0	0	0
0.000527594	0	0	0
0.000530941	0	0	0
0.000531709	0	0	0
0.000548219	0	0	0
0.00055074	0	0	0
0.000556296	0	0	0
0.000565028	0	0	0
0.000570583	0	0	0
0.00057372	0	0	0
0.000576537	0	0	0
0.000576836	0	0	0
0.000581114	0	0	0
0.000590789	0	0	0
0.000594941	0	0	0
0.000597508	0	0	0
0.000601504	0	0	0
0.000603825	0	0	0
0.000610841	0	0	0
0.000611415	0	0	0
0.000612458	0	0	0
0.000613534	0	0	0
0.000618562	0	0	0
0.000621008	0	0	0
0.000623537	0	0	0
0.000624295	0	0	0
0.000626309	0	0	0
0.00062644	0	0	0
0.000635265	0	0	0
0.000636758	0	0	0
0.000637134	0	0	0
0.00063907	0	0	0
0.000639824	0	0	0
0.000649401	0	0	0
0.000650192	0	0	0
0.000652807	0	0	0
0.000653909	0	0	0
0.000662805	0	0	0
0.000668127	0	0	0
0.000670364	0	0	0
0.000672366	0	0	0
0.000674005	0	0	0
0.000674512	0	0	0
0.000675314	0	0	0
0.000676859	0	0	0
0.000683321	0	0	0
0.000686836	0	0	0
0.000688179	0	0	0
0.000688651	0	0	0
0.000691089	0	0	0
0.00069316	0	0	0
0.000695971	0	0	0
0.000697081	0	0	0
0.000697442	0	0	0
0.000697718	0	0	0
0.000699812	0	0	0
0.000701319	0	0	0
0.000706196	0	0	0
0.000708234	0	0	0
0.000712866	0	0	0
0.000715735	0	0	0
0.000721003	0	0	0
0.00072223	0	0	0
0.000728143	0	0	0
0.000728268	0	0	0
0.000729277	0	0	0
0.000732654	0	0	0
0.00073341	0	0	0
0.000737944	0	0	0
0.000738658	0	0	0
0.000740019	0	0	0
0.000740265	0	0	0
0.000743858	0	0	0
0.000749282	0	0	0
0.000752885	0	0	0
0.000754908	0	0	0
0.000755276	0	0	0
0.000760039	0	0	0
0.000766833	0	0	0
0.00076719	0	0	0
0.000770516	0	0	0
0.000775929	0	0	0
0.000776361	0	0	0
0.00079283	0	0	0
0.000800353	0	0	0
0.0008038	0	0	0
0.000805922	0	0	0
0.000813532	0	0	0
0.000813929	0	0	0
0.000814847	0	0	0
0.000816973	0	0	0
0.000818099	0	0	0
0.000818561	0	0	0
0.000819324	0	0	0
0.000820152	0	0	0
0.000829315	0	0	0
0.000833946	0	0	0
0.000836901	0	0	0
0.000839338	0	0	0
0.000846874	0	0	0
0.000847031	0	0	0
0.000848508	0	0	0
0.000852485	0	0	0
0.000852867	0	0	0
0.000859304	0	0	0
0.000861175	0	0	0
0.000863481	0	0	0
0.00087176	0	0	0
0.00087245	0	0	0
0.000873006	0	0	0
0.000878402	0	0	0
0.000880635	0	0	0
0.000883144	0	0	0
0.000884858	0	0	0
0.000884949	0	0	0
0.00088698	0	0	0
0.000889316	0	0	0
0.000890523	0	0	0
0.000891916	0	0	0
0.000897903	0	0	0
0.000900811	0	0	0
0.000902176	0	0	0
0.000902762	0	0	0
0.000907366	0	0	0
0.000912453	0	0	0
0.000915165	0	0	0
0.000918867	0	0	0
0.000923457	0	0	0
0.000925721	0	0	0
0.000931765	0	0	0
0.000933683	0	0	0
0.0009342	0	0	0
0.000936429	0	0	0
0.000936594	0	0	0
0.000944025	0	0	0
0.00094438	0	0	0
0.000945514	0	0	0
0.000945993	0	0	0
0.000950594	0	0	0
0.000951517	0	0	0
0.000953878	0	0	0
0.000954226	0	0	0
0.000955119	0	0	0
0.000956743	0	0	0
0.000960318	0	0	0
0.00096574	0	0	0
0.000966279	0	0	0
0.000968136	0	0	0
0.00097191	0	0	0
0.00097653	0	0	0
0.000977959	0	0	0
0.000979697	0	0	0
0.000981271	0	0	0
0.000982235	0	0	0
0.000985552	0	0	0
0.000991677	0	0	0
0.000992905	0	0	0
0.000994431	0	0	0
0.000996062	0	0	0
0.00100528	0	0	0
0.00101117	0	0	0
0.00101438	0	0	0
0.00101533	0	0	0
0.00101898	0	0	0
0.00101906	0	0	0
0.00101923	0	0	0
0.00102039	0	0	0
0.00102065	0	0	0
0.00102217	0	0	0
0.00103056	0	0	0
0.00103186	0	0	0
0.0010375	0	0	0
0.00103832	0	0	0
0.00103891	0	0	0
0.00104178	0	0	0
0.00104903	0	0	0
0.00105177	0	0	0
0.00105542	0	0	0
0.00106419	0	0	0
0.00106592	0	0	0
0.00106806	0	0	0
0.00106937	0	0	0
0.00107635	0	0	0
0.00107934	0	0	0
0.00108324	0	0	0
0.00109104	0	0	0
0.00109237	0	0	0
0.00109475	0	0	0
0.00109485	0	0	0
0.00109858	0	0	0
0.00109991	0	0	0
0.00110139	0	0	0
0.00110182	0	0	0
0.00110437	0	0	0
0.00110596	0	0	0
0.00111338	0	0	0
0.00111362	0	0	0
0.00111564	0	0	0
0.00111597	0	0	0
0.00111628	0	0	0
0.00112801	0	0	0
0.0011301	0	0	0
0.00113679	0	0	0
0.00113772	0	0	0
0.00114055	0	0	0
0.00114108	0	0	0
0.0011481	0	0	0
0.00114864	0	0	0
0.00115126	0	0	0
0.00115159	0	0	0
0.0011527	0	0	0
0.00115334	0	0	0
0.00115608	0	0	0
0.00116098	0	0	0
0.00116143	0	0	0
0.00116343	0	0	0
0.00116559	0	0	0
0.00117012	0	0	0
0.00117172	0	0	0
0.00117446	0	0	0
0.00117455	0	0	0
0.00117715	0	0	0
0.00118296	0	0	0
0.00119271	0	0	0
0.00119368	0	0	0
0.00119429	0	0	0
0.00120048	0	0	0
0.00120109	0	0	0
0.00120387	0	0	0
0.00120914	0	0	0
0.00120982	0	0	0
0.00121058	0	0	0
0.00121525	0	0	0
0.00122016	0	0	0
0.00122231	0	0	0
0.00122777	0	0	0
0.00123295	0	0	0
0.00123724	0	0	0
0.00123847	0	0	0
0.00123915	0	0	0
0.0012402	0	0	0
0.00124881	0	0	0
0.00125076	0	0	0
0.00125973	0	0	0
0.00126534	0	0	0
0.00127104	0	0	0
0.00127214	0	0	0
0.00127254	0	0	0
0.00127422	0	0	0
0.00127474	0	0	0
0.00127552	0	0	0
0.00127849	0	0	0
0.00127978	0	0	0
0.00128477	0	0	0
0.00128672	0	0	0
0.00128722	0	0	0
0.0012889	0	0	0
0.00129166	0	0	0
0.00129411	0	0	0
0.00129848	0	0	0
0.00130066	0	0	0
0.00130911	0	0	0
0.00131826	0	0	0
0.00132213	0	0	0
0.00132221	0	0	0
0.00133264	0	0	0
0.00135269	0	0	0
0.00135392	0	0	0
0.0013631	0	0	0
0.00136636	0	0	0
0.00137286	0	0	0
0.00137492	0	0	0
0.00137591	0	0	0
0.00137739	0	0	0
0.00138045	0	0	0
0.00138401	0	0	0
0.00138516	0	0	0
0.00138668	0	0	0
0.00139708	0	0	0
0.00141037	0	0	0
0.00141892	0	0	0
0.00142175	0	0	0
0.00142563	0	0	0
0.00142823	0	0	0
0.00142851	0	0	0
0.00142859	0	0	0
0.00142944	0	0	0
0.00142962	0	0	0
0.00143405	0	0	0
0.00144117	0	0	0
0.00144481	0	0	0
0.00145314	0	0	0
0.00145817	0	0	0
0.00145907	0	0	0
0.00146055	0	0	0
0.00146573	0	0	0
0.00146832	0	0	0
0.00146876	0	0	0
0.00146883	0	0	0
0.00147638	0	0	0
0.00147785	0	0	0
0.00147927	0	0	0
0.00148061	0	0	0
0.00148759	0	0	0
0.00148923	0	0	0
0.00148999	0	0	0
0.00149017	0	0	0
0.00149228	0	0	0
0.00149321	0	0	0
0.00149392	0	0	0
0.00149674	0	0	0
0.0015011	0	0	0
0.00150789	0	0	0
0.00151452	0	0	0
0.0015232	0	0	0
0.00152647	0	0	0
0.00153093	0	0	0
0.00153571	0	0	0
0.00156133	0	0	0
0.00156867	0	0	0
0.00157274	0	0	0
0.00157925	0	0	0
0.00158288	0	0	0
0.0015856	0	0	0
0.00158658	0	0	0
0.00159317	0	0	0
0.0016019	0	0	0
0.00160281	0	0	0
0.00160656	0	0	0
0.00161353	0	0	0
0.00161572	0	0	0
0.00163168	0	0	0
0.00163445	0	0	0
0.00164426	0	0	0
0.00164598	0	0	0
0.00164666	0	0	0
0.00165584	0	0	0
0.00165674	0	0	0
0.00165771	0	0	0
0.00165773	0	0	0
0.0016604	0	0	0
0.0016744	0	0	0
0.00167465	0	0	0
0.00167786	0	0	0
0.00168491	0	0	0
0.0016958	0	0	0
0.00169634	0	0	0
0.00170251	0	0	0
0.00170348	0	0	0
0.00171755	0	0	0
0.00171775	0	0	0
0.00172394	0	0	0
0.00172709	0	0	0
0.0017271	0	0	0
0.00172917	0	0	0
0.00175233	0	0	0
0.00175597	0	0	0
0.001763	0	0	0
0.0017709	0	0	0
0.00177186	0	0	0
0.00177227	0	0	0
0.00177841	0	0	0
0.00178342	0	0	0
0.00178421	0	0	0
0.00178501	0	0	0
0.00179176	0	0	0
0.0018102	0	0	0
0.00181162	0	0	0
0.00181256	0	0	0
0.00181885	0	0	0
0.00182447	0	0	0
0.00182697	0	0	0
0.00182851	0	0	0
0.0018303	0	0	0
0.00183108	0	0	0
0.00183806	0	0	0
0.00183995	0	0	0
0.00185978	0	0	0
0.00186063	0	0	0
0.0018685	0	0	0
0.00187347	0	0	0
0.00187487	0	0	0
0.00187659	0	0	0
0.00188235	0	0	0
0.0018896	0	0	0
0.00190828	0	0	0
0.00190987	0	0	0
0.00191812	0	0	0
0.00193249	0	0	0
0.00194178	0	0	0
0.00194348	0	0	0
0.00194401	0	0	0
0.00194619	0	0	0
0.00194734	0	0	0
0.00195332	0	0	0
0.00197677	0	0	0
0.00198774	0	0	0
0.00198793	0	0	0
0.00199276	0	0	0
0.00199837	0	0	0
0.00200464	0	0	0
0.00201452	0	0	0
0.00202131	0	0	0
0.00202155	0	0	0
0.00202172	0	0	0
0.0020318	0	0	0
0.00203438	0	0	0
0.00203695	0	0	0
0.00204197	0	0	0
0.00205653	0	0	0
0.0020843	0	0	0
0.00208801	0	0	0
0.00210143	0	0	0
0.00211548	0	0	0
0.00211606	0	0	0
0.00212132	0	0	0
0.00212193	0	0	0
0.00213369	0	0	0
0.00213595	0	0	0
0.00213643	0	0	0
0.00213845	0	0	0
0.00214308	0	0	0
0.00215745	0	0	0
0.00215791	0	0	0
0.00216018	0	0	0
0.00216287	0	0	0
0.00216567	0	0	0
0.00217044	0	0	0
0.00217171	0	0	0
0.00217192	0	0	0
0.00217622	0	0	0
0.00217762	0	0	0
0.00218217	0	0	0
0.00218571	0	0	0
0.00218778	0	0	0
0.00219632	0	0	0
0.00219966	0	0	0
0.00220746	0	0	0
0.00221123	0	0	0
0.0022168	0	0	0
0.00221797	0	0	0
0.00221965	0	0	0
0.00222069	0	0	0
0.00222196	0	0	0
0.00222866	0	0	0
0.00223315	0	0	0
0.00225223	0	0	0
0.00225893	0	0	0
0.00226473	0	0	0
0.00226647	0	0	0
0.00228866	0	0	0
0.00229016	0	0	0
0.00230075	0	0	0
0.00232492	0	0	0
0.00236008	0	0	0
0.0023704	0	0	0
0.00238246	0	0	0
0.00239164	0	0	0
0.00239936	0	0	0
0.00240821	0	0	0
0.00241338	0	0	0
0.00243007	0	0	0
0.00244574	0	0	0
0.00244748	0	0	0
0.00244785	0	0	0
0.00244818	0	0	0
0.00244843	0	0	0
0.00245165	0	0	0
0.00245882	0	0	0
0.00246132	0	0	0
0.00246271	0	0	0
0.00246481	0	0	0
0.00247182	0	0	0
0.00248233	0	0	0
0.00248609	0	0	0
0.00249787	0	0	0
0.0025025	0	0	0
0.00251464	0	0	0
0.00252372	0	0	0
0.00252912	0	0	0
0.0025476	0	0	0
0.00255949	0	0	0
0.00256441	0	0	0
0.00257186	0	0	0
0.00257608	0	0	0
0.00257943	0	0	0
0.00258252	0	0	0
0.00258656	0	0	0
0.00259789	0	0	0
0.00260129	0	0	0
0.00260439	0	0	0
0.00260522	0	0	0
0.00260577	0	0	0
0.00260819	0	0	0
0.00261184	0	0	0
0.00261341	0	0	0
0.00262325	0	0	0
0.00263185	0	0	0
0.00263269	0	0	0
0.00264322	0	0	0
0.00266198	0	0	0
0.00266401	0	0	0
0.00267551	0	0	0
0.00268459	0	0	0
0.00271301	0	0	0
0.00271369	0	0	0
0.00272166	0	0	0
0.00274784	0	0	0
0.00274827	0	0	0
0.00276608	0	0	0
0.00277195	0	0	0
0.00277893	0	0	0
0.00279617	0	0	0
0.00279852	0	0	0
0.0028102	0	0	0
0.00282239	0	0	0
0.00282929	0	0	0
0.00284563	0	0	0
0.00285152	0	0	0
0.00288113	0	0	0
0.0028877	0	0	0
0.00290974	0	0	0
0.00291261	0	0	0
0.00294948	0	0	0
0.00295053	0	0	0
0.00295455	0	0	0
0.00297008	0	0	0
0.00297755	0	0	0
0.00298236	0	0	0
0.00298437	0	0	0
0.00298826	0	0	0
0.00299127	0	0	0
0.00304621	0	0	0
0.00304836	0	0	0
0.00306638	0	0	0
0.0030997	0	0	0
0.0031214	0	0	0
0.00313105	0	0	0
0.00314143	0	0	0
0.0031475	0	0	0
0.00315877	0	0	0
0.00315918	0	0	0
0.00322128	0	0	0
0.00323417	0	0	0
0.00326896	0	0	0
0.00327429	0	0	0
0.0032766	0	0	0
0.00328266	0	0	0
0.00329067	0	0	0
0.00333395	0	0	0
0.00333557	0	0	0
0.00339464	0	0	0
0.00340098	0	0	0
0.00341846	0	0	0
0.00343347	0	0	0
0.0034813	0	0	0
0.00349209	0	0	0
0.00349548	0	0	0
0.00349975	0	0	0
0.00350978	0	0	0
0.00351138	0	0	0
0.00355929	0	0	0
0.00360977	0	0	0
0.00361389	0	0	0
0.00362588	0	0	0
0.00364384	0	0	0
0.00367084	0	0	0
0.00373465	0	0	0
0.00381465	0	0	0
0.00384802	0	0	0
0.00389008	0	0	0
0.0039255	0	0	0
0.0040016	0	0	0
0.00403914	0	0	0
0.00413196	0	0	0
0.00414056	0	0	0
0.00417069	0	0	0
0.00420096	0	0	0
0.00424049	0	0	0
0.00428222	0	0	0
0.0043431	0	0	0
0.00438673	0	0	0
0.00447537	0	0	0
0.0046799	0	0	0
0.00469821	0	0	0
0.00470016	0	0	0
0.00471081	0	0	0
0.00476579	0	0	0
0.00492272	0	0	0
0.004992	0	0	0
0.00506873	0	0	0
0.00568952	0	0	0
0.00574273	0	0	0
0.00574295	0	0	0
0.00595227	0	0	0
0.00604762	0	0	0
0.00657527	0	0	0
0.00675928	0	0	0
0.00745646	0	0	0
0.00755119	0	0	0
0.00821778	0	0.0825083	0
0.0192464	0.0825083	0	0
0.0317372	0.0825083	0	0.520833
0.0323046	0.123762	0.0825083	0.520833
0.0576726	0.206271	0	0.520833
0.0603977	0.206271	0.165017	0.520833
0.0606139	0.288779	0.0825083	0.520833
0.0629198	0.371287	0	0.520833
0.0840778	0.371287	0	0.520833
0.0857329	0.371287	0.165017	0.520833
0.0867981	0.453795	0.0825083	0.520833
0.089199	0.536304	0	0.520833
0.0900937	0.577558	0.0825083	0.520833
0.0942193	0.660066	0	0.520833
0.0942725	0.660066	0.165017	0.520833
0.0990476	0.742574	0.0825083	0.520833
0.0993338	0.783828	0.165017	0.520833
0.106906	0.866337	0.0825083	0.520833
0.109875	0.866337	0.247525	0.520833
0.115667	0.948845	0.165017	0.520833
0.120534	1.03135	0.0825083	0.520833
0.120896	1.03135	0.165017	0.520833
0.137391	1.11386	0.0825083	0.520833
0.1477	1.11386	0.0825083	0.520833
0.187393	1.11386	0.0825083	1.04167
0.187671	1.15512	0.165017	1.04167
0.208437	1.23762	0.0825083	1.04167
0.214576	1.23762	0.0825083	1.5625
0.218145	1.23762	0.0825083	1.5625
0.219397	1.23762	0.165017	1.5625
0.219595	1.23762	0.165017	1.5625
0.230751	1.32013	0.0825083	1.5625
0.231454	1.32013	0.247525	1.5625
0.234946	1.40264	0.165017	1.5625
0.235671	1.44389	0.247525	1.5625
0.239973	1.5264	0.165017	1.5625
0.272559	1.60891	0.0825083	1.5625
0.273959	1.65016	0.165017	1.5625
0.281173	1.73267	0.0825083	1.5625
0.283089	1.73267	0.0825083	2.08333
0.28428	1.73267	0.165017	2.08333
0.287503	1.81518	0.0825083	2.08333
0.290762	1.85644	0.165017	2.08333
0.291049	1.85644	0.330033	2.08333
0.29173	1.93894	0.247525	2.08333
0.29355	2.02145	0.165017	2.08333
0.294923	2.10396	0.0825083	2.08333
0.299242	2.14521	0.165017	2.08333
0.300503	2.22772	0.0825083	2.08333
0.300719	2.26898	0.165017	2.08333
0.305019	2.35149	0.0825083	2.08333
0.308058	2.39274	0.165017	2.08333
0.309571	2.39274	0.247525	2.08333
0.309576	2.47525	0.165017	2.08333
0.311266	2.55776	0.0825083	2.08333
0.312468	2.55776	0.0825083	2.08333
0.313243	2.55776	0.247525	2.08333
0.315097	2.64026	0.165017	2.08333
0.328161	2.72277	0.0825083	2.08333
0.331984	2.72277	0.165017	2.08333
0.36164	2.80528	0.0825083	2.08333
0.374582	2.80528	0.165017	2.08333
0.391885	2.80528	0.165017	2.60417
0.39419	2.80528	0.165017	3.125
0.395535	2.80528	0.165017	3.125
0.407234	2.80528	0.165017	3.125
0.407757	2.80528	0.165017	3.125
0.410813	2.80528	0.330033	3.125
0.413504	2.88779	0.247525	3.125
0.423465	2.9703	0.165017	3.125
0.425106	2.9703	0.330033	3.125
0.433376	3.05281	0.247525	3.125
0.433425	3.09406	0.330033	3.125
0.465217	3.17657	0.247525	3.125
0.500031	3.17657	0.247525	3.64583
0.501455	3.17657	0.330033	3.64583
0.513218	3.25908	0.247525	3.64583
0.513333	3.30033	0.330033	3.64583
0.513641	3.30033	0.330033	4.16667
0.515358	3.38284	0.247525	4.16667
0.518394	3.42409	0.330033	4.16667
0.5191	3.5066	0.247525	4.16667
0.519514	3.5066	0.412541	4.16667
0.519695	3.58911	0.330033	4.16667
0.524469	3.67162	0.247525	4.16667
0.525928	3.71287	0.330033	4.16667
0.536375	3.79538	0.247525	4.16667
0.537667	3.79538	0.412541	4.16667
0.539253	3.87789	0.330033	4.16667
0.558518	3.9604	0.247525	4.16667
0.558528	4.00165	0.330033	4.16667
0.575555	4.08416	0.247525	4.16667
0.57631	4.08416	0.412541	4.16667
0.576918	4.16667	0.330033	4.16667
0.578525	4.24918	0.247525	4.16667
0.580241	4.29043	0.330033	4.16667
0.590258	4.37294	0.247525	4.16667
0.590946	4.41419	0.330033	4.16667
0.649234	4.4967	0.247525	4.16667
0.649896	4.4967	0.412541	4.16667
0.64997	4.57921	0.330033	4.16667
0.675279	4.66172	0.247525	4.16667
0.678402	4.66172	0.247525	4.16667
0.680874	4.74422	0.165017	4.16667
0.688383	4.78548	0.247525	4.16667
0.689455	4.82673	0.330033	4.16667
0.690135	4.90924	0.247525	4.16667
0.728077	4.99175	0.165017	4.16667
0.732273	4.99175	0.165017	4.6875
0.743492	4.99175	0.165017	4.6875
0.743748	4.99175	0.330033	4.6875
0.744321	5.07426	0.247525	4.6875
0.760635	5.15677	0.165017	4.6875
0.763899	5.15677	0.165017	5.20833
0.765994	5.15677	0.247525	5.20833
0.773603	5.23927	0.165017	5.20833
0.774632	5.28053	0.247525	5.20833
0.781611	5.36304	0.165017	5.20833
0.782668	5.36304	0.247525	5.20833
0.783203	5.36304	0.247525	5.20833
0.822976	5.44554	0.165017	5.20833
0.823826	5.4868	0.247525	5.20833
0.825905	5.56931	0.165017	5.20833
0.856068	5.56931	0.165017	5.20833
0.857331	5.61056	0.247525	5.20833
0.859887	5.69307	0.165017	5.20833
0.860141	5.73432	0.247525	5.20833
0.892731	5.81683	0.165017	5.20833
0.900066	5.85809	0.247525	5.20833
0.926985	5.94059	0.165017	5.20833
0.927009	5.98185	0.247525	5.20833
0.927073	6.0231	0.330033	5.20833
0.92965	6.10561	0.247525	5.20833
0.930853	6.10561	0.247525	5.20833
0.932808	6.10561	0.247525	5.20833
0.934129	6.10561	0.247525	5.20833
0.939963	6.18812	0.165017	5.20833
0.954082	6.18812	0.165017	5.72917
0.954243	6.18812	0.330033	5.72917
0.954459	6.27063	0.247525	5.72917
0.957933	6.35314	0.165017	5.72917
0.961156	6.35314	0.165017	6.25
0.96199	6.39439	0.247525	6.25
0.964125	6.4769	0.165017	6.25
0.965357	6.51815	0.247525	6.25
0.971289	6.60066	0.165017	6.25
1.00458	6.60066	0.165017	6.25
1.00734	6.60066	0.165017	6.77083
1.01107	6.60066	0.247525	6.77083
1.03838	6.68317	0.165017	6.77083
1.0384	6.72442	0.247525	6.77083
1.09903	6.80693	0.165017	6.77083
1.10248	6.80693	0.330033	6.77083
1.10521	6.88944	0.247525	6.77083
1.10694	6.97195	0.165017	6.77083
1.10976	7.0132	0.247525	6.77083
1.13057	7.0132	0.247525	7.29167
1.13275	7.05446	0.330033	7.29167
1.15455	7.13696	0.247525	7.29167
1.15523	7.13696	0.412541	7.29167
1.15761	7.21947	0.330033	7.29167
1.16681	7.30198	0.247525	7.29167
1.16793	7.34323	0.330033	7.29167
1.16799	7.34323	0.412541	7.29167
1.16801	7.42574	0.330033	7.29167
1.18157	7.50825	0.247525	7.29167
1.1819	7.5495	0.330033	7.29167
1.20057	7.63201	0.247525	7.29167
1.2041	7.63201	0.247525	7.29167
1.20503	7.67327	0.330033	7.29167
1.23637	7.75578	0.247525	7.29167
1.24449	7.75578	0.247525	7.8125
1.27263	7.75578	0.247525	8.33333
1.27268	7.75578	0.247525	8.85417
1.27326	7.75578	0.412541	8.85417
1.27479	7.75578	0.577558	8.85417
1.27668	7.83828	0.49505	8.85417
1.27896	7.92079	0.412541	8.85417
1.2825	8.0033	0.330033	8.85417
1.28613	8.0033	0.330033	9.375
1.30852	8.08581	0.247525	9.375
1.30897	8.12706	0.330033	9.375
1.31255	8.20957	0.247525	9.375
1.31491	8.25082	0.330033	9.375
1.3172	8.33333	0.247525	9.375
1.32029	8.33333	0.247525	9.89583
1.32732	8.33333	0.247525	9.89583
1.32875	8.37459	0.330033	9.89583
1.34996	8.4571	0.247525	9.89583
1.35033	8.49835	0.330033	9.89583
1.36173	8.58086	0.247525	9.89583
1.36193	8.62211	0.330033	9.89583
1.36426	8.70462	0.247525	9.89583
1.36573	8.70462	0.412541	9.89583
1.36576	8.78713	0.330033	9.89583
1.39281	8.86964	0.247525	9.89583
1.39341	8.86964	0.330033	9.89583
1.3946	8.86964	0.49505	9.89583
1.39517	8.95215	0.412541	9.89583
1.39622	9.03465	0.330033	9.89583
1.39955	9.03465	0.330033	10.4167
1.41703	9.11716	0.247525	10.4167
1.41875	9.15842	0.330033	10.4167
1.44267	9.24092	0.247525	10.4167
1.44349	9.28218	0.330033	10.4167
1.44582	9.36469	0.247525	10.4167
1.44881	9.40594	0.330033	10.4167
1.45777	9.48845	0.247525	10.4167
1.45817	9.5297	0.330033	10.4167
1.46618	9.61221	0.247525	10.4167
1.46702	9.61221	0.412541	10.4167
1.46941	9.65347	0.49505	10.4167
1.47145	9.73597	0.412541	10.4167
1.47163	9.81848	0.330033	10.4167
1.47171	9.85974	0.412541	10.4167
1.47246	9.85974	0.412541	10.9375
1.47256	9.94224	0.330033	10.9375
1.48008	9.94224	0.330033	11.4583
1.48194	9.94224	0.330033	11.9792
1.48306	9.94224	0.330033	11.9792
1.49465	9.94224	0.330033	11.9792
1.49577	9.9835	0.412541	11.9792
1.4971	10.066	0.330033	11.9792
1.49956	10.1073	0.412541	11.9792
1.52344	10.1898	0.330033	11.9792
1.52487	10.1898	0.412541	11.9792
1.52496	10.2723	0.330033	11.9792
1.52857	10.3135	0.412541	11.9792
1.54189	10.396	0.330033	11.9792
1.54201	10.396	0.330033	12.5
1.54504	10.4373	0.412541	12.5
1.54648	10.5198	0.330033	12.5
1.54828	10.5611	0.412541	12.5
1.55529	10.6436	0.330033	12.5
1.55783	10.6436	0.412541	12.5
1.56341	10.7261	0.330033	12.5
1.56403	10.7673	0.412541	12.5
1.59389	10.8498	0.330033	12.5
1.59488	10.8498	0.49505	12.5
1.59668	10.9323	0.412541	12.5
1.60076	11.0149	0.330033	12.5
1.60172	11.0561	0.412541	12.5
1.60558	11.1386	0.330033	12.5
1.64131	11.1386	0.330033	13.0208
1.64791	11.1386	0.330033	14.0625
1.64942	11.1386	0.330033	14.5833
1.64971	11.1386	0.49505	14.5833
1.64996	11.2211	0.412541	14.5833
1.65247	11.3036	0.330033	14.5833
1.65314	11.3036	0.412541	14.5833
1.65426	11.3861	0.330033	14.5833
1.65692	11.4686	0.247525	14.5833
1.65723	11.4686	0.412541	14.5833
1.66215	11.5512	0.330033	14.5833
1.66307	11.6337	0.247525	14.5833
1.66352	11.6749	0.330033	14.5833
1.67523	11.7574	0.247525	14.5833
1.67846	11.7987	0.330033	14.5833
1.68845	11.8812	0.247525	14.5833
1.71469	11.8812	0.247525	15.1042
1.71663	11.9224	0.330033	15.1042
1.72018	12.005	0.247525	15.1042
1.72705	12.005	0.247525	15.625
1.72776	12.0462	0.330033	15.625
1.72856	12.1287	0.247525	15.625
1.73102	12.17	0.330033	15.625
1.73434	12.2525	0.247525	15.625
1.73517	12.2525	0.330033	15.625
1.74312	12.335	0.247525	15.625
1.74481	12.335	0.412541	15.625
1.745	12.4175	0.330033	15.625
1.74757	12.4587	0.412541	15.625
1.74887	12.5413	0.330033	15.625
1.76854	12.6238	0.247525	15.625
1.77045	12.665	0.330033	15.625
1.78657	12.7475	0.247525	15.625
1.79514	12.7888	0.330033	15.625
1.79923	12.8713	0.247525	15.625
1.80009	12.8713	0.412541	15.625
1.80815	12.9538	0.330033	15.625
1.82558	13.0363	0.247525	15.625
1.82559	13.0363	0.412541	15.625
1.82711	13.1188	0.330033	15.625
1.83958	13.2013	0.247525	15.625
1.86462	13.2838	0.165017	15.625
1.8658	13.3251	0.247525	15.625
1.88801	13.4076	0.165017	15.625
1.88895	13.4488	0.247525	15.625
1.8893	13.4901	0.330033	15.625
1.88973	13.5726	0.247525	15.625
1.89472	13.6551	0.165017	15.625
1.91276	13.6551	0.165017	15.625
1.91779	13.6964	0.247525	15.625
1.9307	13.7789	0.165017	15.625
1.93245	13.7789	0.247525	15.625
1.93297	13.8614	0.165017	15.625
1.93297	13.8614	0.330033	15.625
1.93371	13.9439	0.247525	15.625
1.95328	14.0264	0.165017	15.625
1.95338	14.0677	0.247525	15.625
1.95451	14.1502	0.165017	15.625
1.95495	14.1914	0.247525	15.625
1.95803	14.2739	0.165017	15.625
1.95954	14.3152	0.247525	15.625
1.97715	14.3977	0.165017	15.625
1.97761	14.4389	0.247525	15.625
1.98094	14.5215	0.165017	15.625
1.98351	14.5215	0.330033	15.625
1.98433	14.604	0.247525	15.625
1.99742	14.6865	0.165017	15.625
1.99758	14.6865	0.247525	15.625
2.00122	14.769	0.165017	15.625
2.0042	14.769	0.330033	15.625
2.00465	14.8515	0.247525	15.625
2.00642	14.8927	0.330033	15.625
2.00777	14.9752	0.247525	15.625
2.00781	14.9752	0.247525	16.1458
2.00885	15.0578	0.165017	16.1458
2.00997	15.099	0.247525	16.1458
2.01559	15.1815	0.165017	16.1458
2.0237	15.1815	0.165017	16.1458
2.02468	15.1815	0.165017	16.6667
2.02517	15.2228	0.247525	16.6667
2.03307	15.3053	0.165017	16.6667
2.03496	15.3465	0.247525	16.6667
2.03682	15.429	0.165017	16.6667
2.04355	15.429	0.330033	16.6667
2.04702	15.5116	0.247525	16.6667
2.04764	15.5941	0.165017	16.6667
2.05866	15.5941	0.165017	17.7083
2.05929	15.6353	0.247525	17.7083
2.07691	15.7178	0.165017	17.7083
2.07933	15.7178	0.330033	17.7083
2.07953	15.8003	0.247525	17.7083
2.08767	15.8828	0.165017	17.7083
2.1019	15.8828	0.165017	17.7083
2.10229	15.9241	0.247525	17.7083
2.11481	16.0066	0.165017	17.7083
2.11766	16.0066	0.165017	18.75
2.13836	16.0066	0.165017	19.2708
2.1387	16.0066	0.247525	19.2708
2.1688	16.0891	0.165017	19.2708
2.17847	16.0891	0.165017	19.7917
2.17902	16.1304	0.247525	19.7917
2.21708	16.2129	0.165017	19.7917
2.23762	16.2129	0.165017	20.8333
2.23803	16.2129	0.330033	20.8333
2.24002	16.2954	0.247525	20.8333
2.25178	16.3779	0.165017	20.8333
2.2549	16.3779	0.247525	20.8333
2.2609	16.4191	0.330033	20.8333
2.26101	16.5016	0.247525	20.8333
2.26222	16.5429	0.330033	20.8333
2.27351	16.6254	0.247525	20.8333
2.29344	16.6254	0.247525	21.3542
2.29848	16.6667	0.330033	21.3542
2.31042	16.7492	0.247525	21.3542
2.31346	16.7492	0.247525	21.875
2.31347	16.7492	0.412541	21.875
2.3135	16.8317	0.330033	21.875
2.32077	16.9142	0.247525	21.875
2.33579	16.9967	0.165017	21.875
2.36692	16.9967	0.165017	22.3958
2.3696	16.9967	0.330033	22.3958
2.36975	17.0792	0.247525	22.3958
2.41342	17.1617	0.165017	22.3958
2.41619	17.1617	0.165017	22.9167
2.42403	17.1617	0.165017	23.4375
2.42798	17.2442	0.0825083	23.4375
2.43307	17.2442	0.0825083	23.9583
2.43311	17.2855	0.165017	23.9583
2.43599	17.368	0.0825083	23.9583
2.43673	17.4092	0.165017	23.9583
2.44182	17.4917	0.0825083	23.9583
2.44262	17.4917	0.165017	23.9583
2.47097	17.5743	0.0825083	23.9583
2.47917	17.6155	0.165017	23.9583
2.48436	17.698	0.0825083	23.9583
2.48663	17.698	0.247525	23.9583
2.4874	17.7805	0.165017	23.9583
2.50025	17.863	0.0825083	23.9583
2.5065	17.9043	0.165017	23.9583
2.50836	17.9455	0.247525	23.9583
2.51278	18.0281	0.165017	23.9583
2.53481	18.1106	0.0825083	23.9583
2.54102	18.1106	0.0825083	24.4792
2.55196	18.1518	0.165017	24.4792
2.58137	18.2343	0.0825083	24.4792
2.58145	18.2343	0.247525	24.4792
2.58153	18.3168	0.165017	24.4792
2.58935	18.3993	0.0825083	24.4792
2.58954	18.3993	0.247525	24.4792
2.59204	18.4818	0.165017	24.4792
2.60979	18.5644	0.0825083	24.4792
2.61164	18.6056	0.165017	24.4792
2.61199	18.6469	0.247525	24.4792
2.61266	18.6881	0.330033	24.4792
2.61291	18.7706	0.247525	24.4792
2.61534	18.8531	0.165017	24.4792
2.61917	18.9356	0.0825083	24.4792
2.62177	18.9769	0.165017	24.4792
2.62894	19.0594	0.0825083	24.4792
2.63362	19.0594	0.165017	24.4792
2.66106	19.1419	0.0825083	24.4792
2.66567	19.1419	0.0825083	24.4792
2.66638	19.1832	0.165017	24.4792
2.68493	19.2657	0.0825083	24.4792
2.68589	19.3069	0.165017	24.4792
2.70469	19.3894	0.0825083	24.4792
2.7059	19.4307	0.165017	24.4792
2.70954	19.5132	0.0825083	24.4792
2.71142	19.5545	0.165017	24.4792
2.71998	19.637	0.0825083	24.4792
2.72768	19.6782	0.165017	24.4792
2.74727	19.7607	0.0825083	24.4792
2.74811	19.802	0.165017	24.4792
2.75835	19.8845	0.0825083	24.4792
2.75854	19.9257	0.165017	24.4792
2.76991	20.0083	0.0825083	24.4792
2.77529	20.0495	0.165017	24.4792
2.79102	20.132	0.0825083	24.4792
2.79232	20.132	0.247525	24.4792
2.79361	20.2145	0.165017	24.4792
2.82534	20.297	0.0825083	24.4792
2.83865	20.297	0.0825083	25
2.83915	20.297	0.165017	25
2.84072	20.3795	0.0825083	25
2.84095	20.4208	0.165017	25
2.87534	20.5033	0.0825083	25
2.88975	20.5858	0	25
2.89043	20.5858	0.0825083	25
2.89276	20.6683	0	25
2.89343	20.7096	0.0825083	25
2.89398	20.7096	0.165017	25
2.89404	20.7921	0.0825083	25
2.89406	20.8333	0.165017	25
2.89969	20.9158	0.0825083	25
2.90087	20.9984	0	25
2.92611	20.9984	0	25.5208
2.94292	20.9984	0	26.0417
2.94537	20.9984	0.165017	26.0417
2.94544	20.9984	0.165017	26.0417
2.9486	21.0809	0.0825083	26.0417
2.9558	21.1634	0	26.0417
2.96496	21.1634	0	26.0417
2.96501	21.1634	0.0825083	26.0417
2.97755	21.2459	0	26.0417
2.97916	21.2459	0.0825083	26.0417
2.98083	21.3284	0	26.0417
2.982	21.3284	0.165017	26.0417
2.98213	21.4109	0.0825083	26.0417
2.98223	21.4521	0.165017	26.0417
2.98323	21.5347	0.0825083	26.0417
2.98342	21.6172	0	26.0417
2.98349	21.6172	0	26.5625
2.98644	21.6584	0.0825083	26.5625
2.9871	21.6584	0.247525	26.5625
2.98824	21.7409	0.165017	26.5625
2.99027	21.8234	0.0825083	26.5625
3.00655	21.9059	0	26.5625
3.00818	21.9059	0.0825083	26.5625
3.00911	21.9884	0	26.5625
3.0108	22.0297	0.0825083	26.5625
3.01959	22.1122	0	26.5625
3.01967	22.1122	0.165017	26.5625
3.0199	22.1947	0.0825083	26.5625
3.0281	22.2772	0	26.5625
3.02814	22.2772	0.165017	26.5625
3.02917	22.2772	0.165017	27.0833
3.03075	22.3597	0.0825083	27.0833
3.0364	22.4422	0	27.0833
3.03702	22.4422	0.165017	27.0833
3.0373	22.5248	0.0825083	27.0833
3.05644	22.6073	0	27.0833
3.05858	22.6485	0.0825083	27.0833
3.0854	22.731	0	27.0833
3.08587	22.731	0.165017	27.0833
3.08681	22.8135	0.0825083	27.0833
3.10134	22.896	0	27.0833
3.10242	22.9373	0.0825083	27.0833
3.12011	23.0198	0	27.0833
3.12387	23.0198	0	27.6042
3.12507	23.0198	0.165017	27.6042
3.12593	23.1023	0.0825083	27.6042
3.12921	23.1848	0	27.6042
3.13307	23.2261	0.0825083	27.6042
3.13462	23.2673	0.165017	27.6042
3.13703	23.3498	0.0825083	27.6042
3.13773	23.3498	0.247525	27.6042
3.13852	23.4323	0.165017	27.6042
3.13992	23.5149	0.0825083	27.6042
3.14516	23.5974	0	27.6042
3.14668	23.6386	0.0825083	27.6042
3.15796	23.7211	0	27.6042
3.15828	23.7211	0.0825083	27.6042
3.17998	23.8036	0	27.6042
3.19317	23.8036	0	28.125
3.19487	23.8449	0.0825083	28.125
3.21822	23.9274	0	28.125
3.21985	23.9274	0.0825083	28.125
3.22936	24.0099	0	28.125
3.2312	24.0512	0.0825083	28.125
3.23902	24.1337	0	28.125
3.23909	24.1749	0.0825083	28.125
3.24067	24.2574	0	28.125
3.25101	24.2574	0	28.6458
3.26897	24.2574	0.0825083	28.6458
3.26914	24.2574	0.247525	28.6458
3.27092	24.3399	0.165017	28.6458
3.27217	24.4224	0.0825083	28.6458
3.27269	24.4224	0.247525	28.6458
3.27385	24.5049	0.165017	28.6458
3.28047	24.5462	0.247525	28.6458
3.29737	24.6287	0.165017	28.6458
3.29916	24.6287	0.165017	28.6458
3.31318	24.6287	0.165017	29.1667
3.32125	24.6287	0.165017	29.6875
3.32528	24.67	0.247525	29.6875
3.33151	24.7525	0.165017	29.6875
3.33232	24.7525	0.247525	29.6875
3.33797	24.835	0.165017	29.6875
3.3436	24.9175	0.0825083	29.6875
3.35493	24.9175	0.0825083	30.2083
3.35562	24.9175	0.165017	30.2083
3.36569	25	0.0825083	30.2083
3.37502	25.0413	0.165017	30.2083
3.37649	25.0413	0.247525	30.2083
3.37694	25.1238	0.165017	30.2083
3.38391	25.165	0.247525	30.2083
3.39892	25.2475	0.165017	30.2083
3.40373	25.2888	0.247525	30.2083
3.42351	25.3713	0.165017	30.2083
3.425	25.4125	0.247525	30.2083
3.43856	25.4951	0.165017	30.2083
3.4527	25.4951	0.165017	30.7292
3.45294	25.5363	0.247525	30.7292
3.47537	25.6188	0.165017	30.7292
3.4756	25.6188	0.165017	31.25
3.49508	25.6188	0.165017	31.25
3.4973	25.6188	0.247525	31.25
3.4998	25.7013	0.165017	31.25
3.50149	25.7426	0.247525	31.25
3.50255	25.7426	0.247525	31.7708
3.50267	25.7426	0.412541	31.7708
3.5029	25.8251	0.330033	31.7708
3.50402	25.9076	0.247525	31.7708
3.51012	25.9901	0.165017	31.7708
3.5115	25.9901	0.330033	31.7708
3.51406	26.0726	0.247525	31.7708
3.5189	26.1551	0.165017	31.7708
3.54813	26.1551	0.165017	32.2917
3.56935	26.1551	0.165017	33.3333
3.57022	26.1551	0.330033	33.3333
3.57032	26.2376	0.247525	33.3333
3.57183	26.2376	0.247525	34.375
3.58468	26.3201	0.165017	34.375
3.58478	26.3201	0.247525	34.375
3.58676	26.4026	0.165017	34.375
3.58717	26.4439	0.247525	34.375
3.59107	26.5264	0.165017	34.375
3.60007	26.6089	0.0825083	34.375
3.60076	26.6502	0.165017	34.375
3.60117	26.7327	0.0825083	34.375
3.60311	26.7739	0.165017	34.375
3.60776	26.8564	0.0825083	34.375
3.61005	26.8564	0.165017	34.375
3.61645	26.9389	0.0825083	34.375
3.62056	26.9802	0.165017	34.375
3.62078	27.0215	0.247525	34.375
3.62151	27.104	0.165017	34.375
3.63659	27.1865	0.0825083	34.375
3.63842	27.1865	0.247525	34.375
3.63893	27.269	0.165017	34.375
3.6581	27.3515	0.0825083	34.375
3.66637	27.3515	0.165017	34.375
3.66653	27.434	0.0825083	34.375
3.66742	27.434	0.247525	34.375
3.66937	27.5165	0.165017	34.375
3.66977	27.5578	0.247525	34.375
3.67014	27.6403	0.165017	34.375
3.68446	27.7228	0.0825083	34.375
3.68656	27.764	0.165017	34.375
3.69166	27.8465	0.0825083	34.375
3.69302	27.8465	0.165017	34.375
3.69438	27.929	0.0825083	34.375
3.699	27.929	0.247525	34.375
3.69913	28.0116	0.165017	34.375
3.71736	28.0941	0.0825083	34.375
3.71788	28.1353	0.165017	34.375
3.73202	28.2178	0.0825083	34.375
3.73209	28.2591	0.165017	34.375
3.74991	28.3416	0.0825083	34.375
3.75159	28.3416	0.247525	34.375
3.75572	28.4241	0.165017	34.375
3.76847	28.5066	0.0825083	34.375
3.7691	28.5066	0.165017	34.375
3.79009	28.5891	0.0825083	34.375
3.79076	28.5891	0.247525	34.375
3.79101	28.5891	0.247525	34.8958
3.79234	28.6716	0.165017	34.8958
3.79723	28.7541	0.0825083	34.8958
3.79734	28.7954	0.165017	34.8958
3.82487	28.8779	0.0825083	34.8958
3.85285	28.8779	0.0825083	35.9375
3.89955	28.8779	0.0825083	36.4583
3.90057	28.8779	0.247525	36.4583
3.90211	28.9604	0.165017	36.4583
3.90862	29.0429	0.0825083	36.4583
3.91082	29.0429	0.165017	36.4583
3.95281	29.1254	0.0825083	36.4583
3.95411	29.1254	0.165017	36.4583
3.96344	29.2079	0.0825083	36.4583
3.96386	29.2079	0.0825083	37.5
3.99765	29.2079	0.0825083	38.0208
4.00346	29.2492	0.165017	38.0208
4.10747	29.3317	0.0825083	38.0208
4.15328	29.3317	0.0825083	39.0625
4.1547	29.3729	0.165017	39.0625
4.19393	29.4554	0.0825083	39.0625
4.19455	29.4967	0.165017	39.0625
4.25455	29.5792	0.0825083	39.0625
4.25552	29.6205	0.165017	39.0625
4.29439	29.703	0.0825083	39.0625
4.29507	29.7442	0.165017	39.0625
4.31091	29.8267	0.0825083	39.0625
4.31602	29.8267	0.165017	39.0625
4.36099	29.9092	0.0825083	39.0625
4.37291	29.9092	0.0825083	39.0625
4.38616	29.9092	0.0825083	40.1042
4.38742	29.9092	0.165017	40.1042
4.39174	29.9917	0.0825083	40.1042
4.40576	29.9917	0.0825083	41.1458
4.40898	30.033	0.165017	41.1458
4.42349	30.1155	0.0825083	41.1458
4.45063	30.1155	0.0825083	41.6667
4.45194	30.1155	0.0825083	42.1875
4.45239	30.1568	0.165017	42.1875
4.46482	30.2393	0.0825083	42.1875
4.47406	30.2393	0.0825083	43.2292
4.47682	30.2805	0.165017	43.2292
4.48615	30.363	0.0825083	43.2292
4.49186	30.363	0.0825083	43.75
4.50698	30.363	0.0825083	44.2708
4.50931	30.363	0.247525	44.2708
4.5143	30.4455	0.165017	44.2708
4.55617	30.5281	0.0825083	44.2708
4.55628	30.5281	0.247525	44.2708
4.55937	30.6106	0.165017	44.2708
4.57555	30.6931	0.0825083	44.2708
4.58011	30.6931	0.0825083	45.3125
4.58041	30.7343	0.165017	45.3125
4.58337	30.7343	0.165017	46.3542
4.60938	30.8168	0.0825083	46.3542
4.61002	30.8581	0.165017	46.3542
4.62587	30.9406	0.0825083	46.3542
4.6454	30.9406	0.0825083	47.3958
4.64733	30.9406	0.0825083	47.9167
4.64871	30.9818	0.165017	47.9167
4.65267	31.0644	0.0825083	47.9167
4.6529	31.1056	0.165017	47.9167
4.7062	31.1881	0.0825083	47.9167
4.70628	31.1881	0.247525	47.9167
4.707	31.2706	0.165017	47.9167
4.70866	31.3531	0.0825083	47.9167
4.70871	31.3944	0.165017	47.9167
4.7188	31.4769	0.0825083	47.9167
4.71915	31.5182	0.165017	47.9167
4.73611	31.6007	0.0825083	47.9167
4.74304	31.6419	0.165017	47.9167
4.78214	31.7244	0.0825083	47.9167
4.78429	31.7244	0.247525	47.9167
4.78506	31.8069	0.165017	47.9167
4.81581	31.8894	0.0825083	47.9167
4.8315	31.8894	0.0825083	48.4375
4.84687	31.8894	0.0825083	48.4375
4.85457	31.8894	0.0825083	48.9583
4.85571	31.9307	0.165017	48.9583
4.86332	32.0132	0.0825083	48.9583
4.86606	32.0132	0.247525	48.9583
4.86711	32.0957	0.165017	48.9583
4.87424	32.1782	0.0825083	48.9583
4.87535	32.2195	0.165017	48.9583
4.89784	32.302	0.0825083	48.9583
4.90482	32.3432	0.165017	48.9583
4.90616	32.4257	0.0825083	48.9583
4.9064	32.4257	0.247525	48.9583
4.90959	32.5083	0.165017	48.9583
4.91986	32.5908	0.0825083	48.9583
4.92262	32.5908	0.165017	48.9583
4.92388	32.6733	0.0825083	48.9583
4.92397	32.7145	0.165017	48.9583
4.95072	32.797	0.0825083	48.9583
4.95484	32.8383	0.165017	48.9583
5.00119	32.9208	0.0825083	48.9583
5.00158	32.962	0.165017	48.9583
5.01793	33.0446	0.0825083	48.9583
5.01804	33.0858	0.165017	48.9583
5.03799	33.1683	0.0825083	48.9583
5.03912	33.1683	0.247525	48.9583
5.04076	33.1683	0.247525	49.4792
5.04333	33.2508	0.165017	49.4792
5.06245	33.3333	0.0825083	49.4792
5.06371	33.3333	0.247525	49.4792
5.06444	33.4158	0.165017	49.4792
5.08675	33.4983	0.0825083	49.4792
5.08906	33.4983	0.165017	49.4792
5.0976	33.5809	0.0825083	49.4792
5.10131	33.5809	0.165017	49.4792
5.11378	33.6634	0.0825083	49.4792
5.11666	33.6634	0.247525	49.4792
5.11865	33.7459	0.165017	49.4792
5.12986	33.8284	0.0825083	49.4792
5.13077	33.8696	0.165017	49.4792
5.16094	33.9521	0.0825083	49.4792
5.16229	33.9934	0.165017	49.4792
5.163	33.9934	0.165017	50
5.17126	34.0759	0.0825083	50
5.18437	34.0759	0.0825083	50.5208
5.18762	34.1172	0.165017	50.5208
5.24519	34.1997	0.0825083	50.5208
5.2453	34.2409	0.165017	50.5208
5.30267	34.3234	0.0825083	50.5208
5.30664	34.3647	0.165017	50.5208
5.31396	34.4472	0.0825083	50.5208
5.34026	34.4472	0.0825083	51.0417
5.3416	34.4472	0.0825083	52.0833
5.34285	34.4884	0.165017	52.0833
5.35561	34.571	0.0825083	52.0833
5.35712	34.571	0.247525	52.0833
5.35835	34.6535	0.165017	52.0833
5.38554	34.736	0.0825083	52.0833
5.38613	34.7772	0.165017	52.0833
5.38845	34.8597	0.0825083	52.0833
5.39379	34.901	0.165017	52.0833
5.40156	34.901	0.247525	52.0833
5.4053	34.9835	0.165017	52.0833
5.40714	34.9835	0.330033	52.0833
5.40894	35.066	0.247525	52.0833
5.41013	35.1485	0.165017	52.0833
5.4129	35.1485	0.330033	52.0833
5.41571	35.231	0.247525	52.0833
5.42448	35.3135	0.165017	52.0833
5.42471	35.3548	0.247525	52.0833
5.43934	35.4373	0.165017	52.0833
5.43949	35.4373	0.247525	52.0833
5.44554	35.5198	0.165017	52.0833
5.44744	35.5198	0.247525	52.0833
5.44909	35.6023	0.165017	52.0833
5.45127	35.6023	0.330033	52.0833
5.45279	35.6848	0.247525	52.0833
5.47737	35.7673	0.165017	52.0833
5.47845	35.8086	0.247525	52.0833
5.481	35.8911	0.165017	52.0833
5.48288	35.8911	0.330033	52.0833
5.4842	35.9736	0.247525	52.0833
5.48967	36.0561	0.165017	52.0833
5.52853	36.0561	0.165017	52.6042
5.5286	36.0974	0.247525	52.6042
5.5735	36.1799	0.165017	52.6042
5.57531	36.2211	0.247525	52.6042
5.5775	36.3036	0.165017	52.6042
5.57979	36.3036	0.330033	52.6042
5.58922	36.3861	0.247525	52.6042
5.59311	36.4686	0.165017	52.6042
5.59634	36.4686	0.330033	52.6042
5.60172	36.5512	0.247525	52.6042
5.6426	36.6337	0.165017	52.6042
5.64391	36.6337	0.165017	53.125
5.64406	36.6337	0.330033	53.125
5.65513	36.7162	0.247525	53.125
5.65638	36.7987	0.165017	53.125
5.65644	36.8399	0.247525	53.125
5.69496	36.9224	0.165017	53.125
5.69584	36.9637	0.247525	53.125
5.70278	37.0462	0.165017	53.125
5.70318	37.0875	0.247525	53.125
5.71615	37.17	0.165017	53.125
5.71652	37.2112	0.247525	53.125
5.7167	37.2937	0.165017	53.125
5.71714	37.335	0.247525	53.125
5.72726	37.4175	0.165017	53.125
5.72829	37.4587	0.247525	53.125
5.7488	37.5413	0.165017	53.125
5.75059	37.5413	0.330033	53.125
5.7511	37.6238	0.247525	53.125
5.79058	37.7063	0.165017	53.125
5.79241	37.7063	0.247525	53.125
5.81091	37.7888	0.165017	53.125
5.84922	37.7888	0.165017	54.1667
5.85026	37.83	0.247525	54.1667
5.92508	37.9125	0.165017	54.1667
5.92577	37.9538	0.247525	54.1667
5.92802	38.0363	0.165017	54.1667
5.93438	38.0776	0.247525	54.1667
5.94233	38.1601	0.165017	54.1667
5.944	38.2013	0.247525	54.1667
5.94452	38.2013	0.330033	54.1667
5.94635	38.2838	0.247525	54.1667
5.9465	38.2838	0.412541	54.1667
5.94667	38.3663	0.330033	54.1667
5.94734	38.4488	0.247525	54.1667
5.98095	38.5314	0.165017	54.1667
6.03327	38.6139	0.0825083	54.1667
6.04053	38.6551	0.165017	54.1667
6.0627	38.7376	0.0825083	54.1667
6.06732	38.7376	0.247525	54.1667
6.0685	38.8201	0.165017	54.1667
6.07512	38.9026	0.0825083	54.1667
6.07884	38.9439	0.165017	54.1667
6.11567	39.0264	0.0825083	54.1667
6.12672	39.0677	0.165017	54.1667
6.1653	39.1502	0.0825083	54.1667
6.16604	39.1914	0.165017	54.1667
6.25013	39.2739	0.0825083	54.1667
6.25201	39.3152	0.165017	54.1667
6.26862	39.3977	0.0825083	54.1667
6.3467	39.3977	0.0825083	54.6875
6.34747	39.4389	0.165017	54.6875
6.34822	39.5215	0.0825083	54.6875
6.35125	39.5627	0.165017	54.6875
6.3688	39.6452	0.0825083	54.6875
6.36925	39.6452	0.247525	54.6875
6.3715	39.7277	0.165017	54.6875
6.37702	39.8102	0.0825083	54.6875
6.38082	39.8102	0.165017	54.6875
6.41726	39.8927	0.0825083	54.6875
6.42103	39.934	0.165017	54.6875
6.42142	39.9752	0.247525	54.6875
6.4228	40.0578	0.165017	54.6875
6.43473	40.1403	0.0825083	54.6875
6.45496	40.1403	0.0825083	55.7292
6.45724	40.1815	0.165017	55.7292
6.47083	40.264	0.0825083	55.7292
6.48383	40.264	0.0825083	56.25
6.48905	40.3053	0.165017	56.25
6.49267	40.3878	0.0825083	56.25
6.49705	40.3878	0.165017	56.25
6.50461	40.4703	0.0825083	56.25
6.50732	40.4703	0.0825083	57.2917
6.51199	40.4703	0.0825083	58.3333
6.512	40.4703	0.165017	58.3333
6.56223	40.5528	0.0825083	58.3333
6.5643	40.5941	0.165017	58.3333
6.56549	40.6353	0.247525	58.3333
6.57128	40.7178	0.165017	58.3333
6.5717	40.8003	0.0825083	58.3333
6.57223	40.8003	0.165017	58.3333
6.61422	40.8828	0.0825083	58.3333
6.61706	40.9653	0	58.3333
6.61775	40.9653	0.165017	58.3333
6.61972	41.0479	0.0825083	58.3333
6.62314	41.1304	0	58.3333
6.6273	41.1716	0.0825083	58.3333
6.65935	41.2541	0	58.3333
6.66203	41.2954	0.0825083	58.3333
6.66297	41.3779	0	58.3333
6.66316	41.3779	0.0825083	58.3333
6.67833	41.4604	0	58.3333
6.67929	41.4604	0.165017	58.3333
6.68202	41.5429	0.0825083	58.3333
6.71233	41.6254	0	58.3333
6.71274	41.6667	0.0825083	58.3333
6.73839	41.7492	0	58.3333
6.7415	41.7904	0.0825083	58.3333
6.75717	41.8729	0	58.3333
6.76039	41.9142	0.0825083	58.3333
6.77662	41.9967	0	58.3333
6.77752	42.038	0.0825083	58.3333
6.78454	42.1205	0	58.3333
6.87684	42.1205	0	59.375
6.87805	42.1205	0.165017	59.375
6.88365	42.203	0.0825083	59.375
6.8879	42.2855	0	59.375
6.88997	42.3267	0.0825083	59.375
6.92667	42.4092	0	59.375
6.92696	42.4505	0.0825083	59.375
6.93288	42.533	0	59.375
6.93831	42.5743	0.0825083	59.375
7.01084	42.6568	0	59.375
7.01095	42.6568	0.165017	59.375
7.0118	42.7393	0.0825083	59.375
7.05009	42.8218	0	59.375
7.05033	42.8218	0.0825083	59.375
7.05336	42.9043	0	59.375
7.05366	42.9043	0.165017	59.375
7.05381	42.9455	0.247525	59.375
7.05494	43.0281	0.165017	59.375
7.05766	43.1106	0.0825083	59.375
7.07427	43.1931	0	59.375
7.07542	43.1931	0.0825083	59.375
7.12464	43.2756	0	59.375
7.12515	43.2756	0.0825083	59.375
7.12899	43.3581	0	59.375
7.13051	43.3581	0.0825083	59.375
7.15021	43.4406	0	59.375
7.15026	43.4818	0.0825083	59.375
7.15055	43.5644	0	59.375
7.15606	43.6056	0.0825083	59.375
7.16247	43.6881	0	59.375
7.16325	43.6881	0.165017	59.375
7.16385	43.7706	0.0825083	59.375
7.19281	43.8531	0	59.375
7.20653	43.8531	0.0825083	59.375
7.21004	43.8531	0.0825083	59.8958
7.24726	43.9356	0	59.8958
7.29085	43.9356	0	60.4167
7.29342	43.9769	0.0825083	60.4167
7.29433	44.0594	0	60.4167
7.29474	44.0594	0.165017	60.4167
7.29545	44.1419	0.0825083	60.4167
7.30292	44.2244	0	60.4167
7.32749	44.2244	0	60.9375
7.32972	44.2244	0.0825083	60.9375
7.33078	44.3069	0	60.9375
7.33189	44.3482	0.0825083	60.9375
7.34461	44.4307	0	60.9375
7.34957	44.4307	0.0825083	60.9375
7.37591	44.5132	0	60.9375
7.39659	44.5545	0.0825083	60.9375
7.44156	44.5545	0.0825083	61.4583
7.44656	44.5957	0.165017	61.4583
7.49518	44.6782	0.0825083	61.4583
7.49614	44.6782	0.165017	61.4583
7.50383	44.7607	0.0825083	61.4583
7.50477	44.802	0.165017	61.4583
7.5078	44.802	0.165017	61.9792
7.52876	44.8845	0.0825083	61.9792
7.52989	44.8845	0.247525	61.9792
7.53029	44.967	0.165017	61.9792
7.53112	45.0083	0.247525	61.9792
7.53386	45.0908	0.165017	61.9792
7.53391	45.132	0.247525	61.9792
7.53817	45.2145	0.165017	61.9792
7.54219	45.297	0.0825083	61.9792
7.54267	45.297	0.247525	61.9792
7.55132	45.3795	0.165017	61.9792
7.55195	45.462	0.0825083	61.9792
7.55277	45.462	0.165017	61.9792
7.59819	45.5446	0.0825083	61.9792
7.59902	45.5858	0.165017	61.9792
7.59941	45.6683	0.0825083	61.9792
7.5995	45.6683	0.247525	61.9792
7.60125	45.7508	0.165017	61.9792
7.61741	45.8333	0.0825083	61.9792
7.61834	45.8333	0.247525	61.9792
7.61869	45.9158	0.165017	61.9792
7.61977	45.9983	0.0825083	61.9792
7.62087	45.9983	0.247525	61.9792
7.62756	46.0809	0.165017	61.9792
7.74687	46.1634	0.0825083	61.9792
7.78673	46.1634	0.0825083	63.0208
7.79071	46.1634	0.0825083	63.5417
7.79375	46.1634	0.0825083	64.5833
7.79618	46.1634	0.165017	64.5833
7.80299	46.2459	0.0825083	64.5833
7.8039	46.2459	0.247525	64.5833
7.80468	46.3284	0.165017	64.5833
7.82531	46.4109	0.0825083	64.5833
7.82631	46.4109	0.165017	64.5833
7.87132	46.4934	0.0825083	64.5833
7.8806	46.4934	0.0825083	65.625
7.88853	46.4934	0.0825083	66.6667
7.88931	46.5347	0.165017	66.6667
7.95506	46.6172	0.0825083	66.6667
7.95506	46.6172	0.247525	66.6667
7.95866	46.6997	0.165017	66.6667
7.95984	46.7409	0.247525	66.6667
7.96043	46.7822	0.330033	66.6667
7.9632	46.8647	0.247525	66.6667
7.96506	46.9472	0.165017	66.6667
8.01467	47.0297	0.0825083	66.6667
8.01576	47.0297	0.247525	66.6667
8.04466	47.1122	0.165017	66.6667
8.04685	47.1535	0.247525	66.6667
8.09767	47.236	0.165017	66.6667
8.10052	47.236	0.247525	66.6667
8.10095	47.3185	0.165017	66.6667
8.10597	47.3597	0.247525	66.6667
8.15561	47.4422	0.165017	66.6667
8.15565	47.4835	0.247525	66.6667
8.1577	47.566	0.165017	66.6667
8.15778	47.6073	0.247525	66.6667
8.16181	47.6898	0.165017	66.6667
8.16239	47.6898	0.330033	66.6667
8.16355	47.7723	0.247525	66.6667
8.17985	47.8548	0.165017	66.6667
8.18135	47.8548	0.247525	66.6667
8.21565	47.9373	0.165017	66.6667
8.23972	47.9373	0.165017	67.7083
8.24019	47.9785	0.247525	67.7083
8.24222	48.0611	0.165017	67.7083
8.24274	48.0611	0.247525	67.7083
8.24529	48.1436	0.165017	67.7083
8.24691	48.1436	0.247525	67.7083
8.25305	48.2261	0.165017	67.7083
8.2559	48.2261	0.247525	67.7083
8.27311	48.3086	0.165017	67.7083
8.2756	48.3498	0.247525	67.7083
8.37078	48.4323	0.165017	67.7083
8.37428	48.4323	0.247525	67.7083
8.3924	48.5149	0.165017	67.7083
8.44081	48.5974	0.0825083	67.7083
8.44285	48.5974	0.247525	67.7083
8.44322	48.6799	0.165017	67.7083
8.44351	48.6799	0.247525	67.7083
8.44555	48.7624	0.165017	67.7083
8.53956	48.8449	0.0825083	67.7083
8.54202	48.8449	0.247525	67.7083
8.54772	48.9274	0.165017	67.7083
8.55396	49.0099	0.0825083	67.7083
8.55398	49.0099	0.165017	67.7083
8.56738	49.0924	0.0825083	67.7083
8.5675	49.1337	0.165017	67.7083
8.59659	49.2162	0.0825083	67.7083
8.6099	49.2574	0.165017	67.7083
8.65435	49.3399	0.0825083	67.7083
8.65461	49.3399	0.247525	67.7083
8.65749	49.4224	0.165017	67.7083
8.7005	49.505	0.0825083	67.7083
8.70154	49.505	0.247525	67.7083
8.70465	49.5875	0.165017	67.7083
8.77048	49.67	0.0825083	67.7083
8.7738	49.67	0.165017	67.7083
8.80794	49.7525	0.0825083	67.7083
8.81032	49.7937	0.165017	67.7083
8.82937	49.8762	0.0825083	67.7083
8.86613	49.9587	0	67.7083
8.86693	49.9587	0.0825083	67.7083
8.86711	49.9587	0.165017	67.7083
8.86757	50	0.247525	67.7083
8.87006	50.0825	0.165017	67.7083
8.87308	50.165	0.0825083	67.7083
8.8736	50.2063	0.165017	67.7083
8.8778	50.2888	0.0825083	67.7083
8.8812	50.3713	0	67.7083
8.88439	50.4125	0.0825083	67.7083
8.91135	50.495	0	67.7083
8.91167	50.495	0.165017	67.7083
8.91489	50.5776	0.0825083	67.7083
8.93739	50.6601	0	67.7083
9.00147	50.7013	0.0825083	67.7083
9.00185	50.7013	0.165017	67.7083
9.00935	50.7838	0.0825083	67.7083
9.01089	50.8251	0.165017	67.7083
9.01418	50.9076	0.0825083	67.7083
9.0153	50.9488	0.165017	67.7083
9.01857	51.0314	0.0825083	67.7083
9.02254	51.0726	0.165017	67.7083
9.06456	51.1551	0.0825083	67.7083
9.08811	51.1551	0.0825083	68.2292
9.08829	51.1551	0.247525	68.2292
9.0892	51.1964	0.330033	68.2292
9.08958	51.2789	0.247525	68.2292
9.09049	51.2789	0.412541	68.2292
9.09168	51.3614	0.330033	68.2292
9.12083	51.4439	0.247525	68.2292
9.14269	51.4439	0.247525	68.75
9.14336	51.4851	0.330033	68.75
9.14861	51.5677	0.247525	68.75
9.14882	51.5677	0.247525	69.2708
9.1603	51.5677	0.247525	70.3125
9.1878	51.5677	0.247525	70.8333
9.19724	51.5677	0.330033	70.8333
9.23469	51.6502	0.247525	70.8333
9.24773	51.6502	0.247525	71.3542
9.25185	51.6914	0.330033	71.3542
9.27398	51.7739	0.247525	71.3542
9.29228	51.7739	0.247525	72.3958
9.29252	51.7739	0.412541	72.3958
9.29536	51.8564	0.330033	72.3958
9.30142	51.9389	0.247525	72.3958
9.30209	51.9802	0.330033	72.3958
9.30588	52.0627	0.247525	72.3958
9.30593	52.0627	0.412541	72.3958
9.30643	52.1452	0.330033	72.3958
9.34336	52.2277	0.247525	72.3958
9.34701	52.269	0.330033	72.3958
9.34715	52.3515	0.247525	72.3958
9.35361	52.434	0.165017	72.3958
9.37167	52.5165	0.0825083	72.3958
9.37225	52.5165	0.247525	72.3958
9.37307	52.599	0.165017	72.3958
9.37966	52.6815	0.0825083	72.3958
9.38912	52.7228	0.165017	72.3958
9.39496	52.8053	0.0825083	72.3958
9.41599	52.8053	0.0825083	72.9167
9.4173	52.8053	0.247525	72.9167
9.42307	52.8878	0.165017	72.9167
9.4963	52.9703	0.0825083	72.9167
9.49716	53.0116	0.165017	72.9167
9.50763	53.0941	0.0825083	72.9167
9.50993	53.0941	0.247525	72.9167
9.51084	53.1766	0.165017	72.9167
9.5233	53.2591	0.0825083	72.9167
9.52453	53.3003	0.165017	72.9167
9.55104	53.3828	0.0825083	72.9167
9.55301	53.4241	0.165017	72.9167
9.55432	53.4653	0.247525	72.9167
9.55458	53.5479	0.165017	72.9167
9.58862	53.6304	0.0825083	72.9167
9.59172	53.6304	0.165017	72.9167
9.6028	53.7129	0.0825083	72.9167
9.60432	53.7541	0.165017	72.9167
9.7276	53.8366	0.0825083	72.9167
9.7282	53.8366	0.247525	72.9167
9.73121	53.9191	0.165017	72.9167
9.74881	54.0017	0.0825083	72.9167
9.74984	54.0429	0.165017	72.9167
9.75076	54.1254	0.0825083	72.9167
9.75177	54.1667	0.165017	72.9167
9.76004	54.2492	0.0825083	72.9167
9.76123	54.2904	0.165017	72.9167
9.85152	54.3729	0.0825083	72.9167
9.85385	54.3729	0.165017	72.9167
9.88871	54.4554	0.0825083	72.9167
9.9162	54.4554	0.165017	72.9167
9.9176	54.4967	0.247525	72.9167
9.95532	54.5792	0.165017	72.9167
9.9638	54.5792	0.165017	73.4375
9.96527	54.5792	0.330033	73.4375
9.96553	54.6617	0.247525	73.4375
9.9844	54.7442	0.165017	73.4375
10.0284	54.8267	0.0825083	73.4375
10.0724	54.8267	0.0825083	74.4792
10.1004	54.8267	0.0825083	75
10.1073	54.8267	0.165017	75
10.1083	54.9092	0.0825083	75
10.1108	54.9505	0.165017	75
10.1445	55.033	0.0825083	75
10.1449	55.0743	0.165017	75
10.1852	55.1568	0.0825083	75
10.1857	55.1568	0.165017	75
10.2087	55.2393	0.0825083	75
10.2123	55.2805	0.165017	75
10.2163	55.363	0.0825083	75
10.2188	55.363	0.0825083	76.0417
10.2226	55.363	0.247525	76.0417
10.2236	55.4455	0.165017	76.0417
10.2236	55.5281	0.0825083	76.0417
10.2244	55.5693	0.165017	76.0417
10.2295	55.6518	0.0825083	76.0417
10.2321	55.6518	0.247525	76.0417
10.2335	55.7343	0.165017	76.0417
10.3346	55.8168	0.0825083	76.0417
10.3347	55.8581	0.165017	76.0417
10.3365	55.9406	0.0825083	76.0417
10.3392	55.9406	0.247525	76.0417
10.3405	56.0231	0.165017	76.0417
10.3703	56.1056	0.0825083	76.0417
10.3705	56.1469	0.165017	76.0417
10.382	56.2294	0.0825083	76.0417
10.3825	56.2706	0.165017	76.0417
10.4187	56.3531	0.0825083	76.0417
10.4198	56.3944	0.165017	76.0417
10.4267	56.4769	0.0825083	76.0417
10.429	56.5182	0.165017	76.0417
10.4473	56.6007	0.0825083	76.0417
10.4483	56.6419	0.165017	76.0417
10.4593	56.7244	0.0825083	76.0417
10.4621	56.7244	0.165017	76.0417
10.4667	56.8069	0.0825083	76.0417
10.5668	56.8069	0.0825083	76.5625
10.5671	56.8482	0.165017	76.5625
10.5689	56.9307	0.0825083	76.5625
10.5701	56.9719	0.165017	76.5625
10.5898	57.0545	0.0825083	76.5625
10.5902	57.0545	0.247525	76.5625
10.5914	57.137	0.165017	76.5625
10.6193	57.2195	0.0825083	76.5625
10.6194	57.2607	0.165017	76.5625
10.8526	57.3432	0.0825083	76.5625
10.855	57.3845	0.165017	76.5625
10.8888	57.467	0.0825083	76.5625
10.8925	57.5083	0.165017	76.5625
10.9138	57.5908	0.0825083	76.5625
10.9155	57.5908	0.165017	76.5625
10.9312	57.6733	0.0825083	76.5625
10.9358	57.7145	0.165017	76.5625
11.0393	57.797	0.0825083	76.5625
11.0564	57.797	0.0825083	77.6042
11.0565	57.8383	0.165017	77.6042
11.0745	57.9208	0.0825083	77.6042
11.0749	57.9208	0.247525	77.6042
11.0773	58.0033	0.165017	77.6042
11.08	58.0858	0.0825083	77.6042
11.0814	58.1271	0.165017	77.6042
11.0821	58.2096	0.0825083	77.6042
11.0832	58.2508	0.165017	77.6042
11.1537	58.3333	0.0825083	77.6042
11.1539	58.3333	0.247525	77.6042
11.1589	58.4158	0.165017	77.6042
11.1656	58.4983	0.0825083	77.6042
11.1662	58.4983	0.165017	77.6042
11.168	58.5809	0.0825083	77.6042
11.1685	58.5809	0.247525	77.6042
11.1686	58.6634	0.165017	77.6042
11.2185	58.7459	0.0825083	77.6042
11.2221	58.7871	0.165017	77.6042
11.2415	58.8696	0.0825083	77.6042
11.2417	58.9109	0.165017	77.6042
11.4063	58.9934	0.0825083	77.6042
11.4085	58.9934	0.247525	77.6042
11.4122	59.0759	0.165017	77.6042
11.4856	59.1584	0.0825083	77.6042
11.4886	59.1584	0.247525	77.6042
11.4927	59.2409	0.165017	77.6042
11.5033	59.3234	0.0825083	77.6042
11.5036	59.3647	0.165017	77.6042
11.5312	59.4472	0.0825083	77.6042
11.5884	59.5297	0	77.6042
11.5895	59.571	0.0825083	77.6042
11.5896	59.571	0.165017	77.6042
11.5898	59.571	0.247525	77.6042
11.591	59.6535	0.165017	77.6042
11.5912	59.736	0.0825083	77.6042
11.6355	59.8185	0	77.6042
11.6362	59.8597	0.0825083	77.6042
11.6759	59.9422	0	77.6042
11.676	59.9422	0.165017	77.6042
11.6779	60.0248	0.0825083	77.6042
11.7929	60.1073	0	77.6042
11.7931	60.1073	0.165017	77.6042
11.795	60.1898	0.0825083	77.6042
11.8161	60.2723	0	77.6042
11.8162	60.3135	0.0825083	77.6042
11.8407	60.396	0	77.6042
11.8408	60.396	0.165017	77.6042
11.8412	60.4785	0.0825083	77.6042
11.844	60.5611	0	77.6042
11.8442	60.5611	0.0825083	77.6042
11.8582	60.6436	0	77.6042
11.8603	60.6848	0.0825083	77.6042
11.9128	60.7673	0	77.6042
11.916	60.8086	0.0825083	77.6042
11.9219	60.8911	0	77.6042
11.9341	60.8911	0.0825083	77.6042
11.943	60.9736	0	77.6042
11.9439	60.9736	0.0825083	77.6042
11.9439	60.9736	0.165017	77.6042
11.9452	61.0561	0.0825083	77.6042
11.9776	61.1386	0	77.6042
11.9781	61.1386	0.165017	77.6042
11.9783	61.1386	0.330033	77.6042
11.9794	61.2211	0.247525	77.6042
11.9797	61.3036	0.165017	77.6042
12.0466	61.3861	0.0825083	77.6042
12.049	61.3861	0.247525	77.6042
12.0547	61.4686	0.165017	77.6042
12.0593	61.5512	0.0825083	77.6042
12.0617	61.5924	0.165017	77.6042
12.2212	61.6749	0.0825083	77.6042
12.2222	61.6749	0.247525	77.6042
12.2264	61.7574	0.165017	77.6042
12.2516	61.8399	0.0825083	77.6042
12.2545	61.8399	0.165017	77.6042
12.2556	61.9224	0.0825083	77.6042
12.2568	61.9637	0.165017	77.6042
12.2729	62.0462	0.0825083	77.6042
12.2754	62.0875	0.165017	77.6042
12.3019	62.17	0.0825083	77.6042
12.302	62.2112	0.165017	77.6042
12.3029	62.2112	0.330033	77.6042
12.3044	62.2937	0.247525	77.6042
12.3056	62.3762	0.165017	77.6042
12.4222	62.4587	0.0825083	77.6042
12.4239	62.5	0.165017	77.6042
12.4508	62.5825	0.0825083	77.6042
12.4511	62.5825	0.165017	77.6042
12.5404	62.665	0.0825083	77.6042
12.5408	62.7063	0.165017	77.6042
12.5442	62.7888	0.0825083	77.6042
12.5464	62.7888	0.165017	77.6042
12.5636	62.8713	0.0825083	77.6042
12.567	62.8713	0.0825083	78.6458
12.5751	62.8713	0.0825083	79.6875
12.5765	62.8713	0.165017	79.6875
12.578	62.9538	0.0825083	79.6875
12.5792	62.9538	0.247525	79.6875
12.5795	63.0363	0.165017	79.6875
12.6181	63.1188	0.0825083	79.6875
12.6276	63.1188	0.0825083	80.7292
12.6299	63.1601	0.165017	80.7292
12.6376	63.2426	0.0825083	80.7292
12.6381	63.2838	0.165017	80.7292
12.7218	63.3663	0.0825083	80.7292
12.7225	63.4076	0.165017	80.7292
12.8549	63.4901	0.0825083	80.7292
12.8553	63.5314	0.165017	80.7292
12.9205	63.6139	0.0825083	80.7292
12.9229	63.6551	0.165017	80.7292
13.0068	63.7376	0.0825083	80.7292
13.0072	63.7376	0.247525	80.7292
13.024	63.8201	0.165017	80.7292
13.0941	63.9026	0.0825083	80.7292
13.0964	63.9439	0.165017	80.7292
13.123	64.0264	0.0825083	80.7292
13.1245	64.0264	0.165017	80.7292
13.1256	64.1089	0.0825083	80.7292
13.1424	64.1502	0.165017	80.7292
13.1548	64.2327	0.0825083	80.7292
13.1555	64.2327	0.0825083	81.7708
13.157	64.2739	0.165017	81.7708
13.1875	64.3564	0.0825083	81.7708
13.1878	64.3564	0.247525	81.7708
13.1905	64.4389	0.165017	81.7708
13.3724	64.5215	0.0825083	81.7708
13.4122	64.5215	0.0825083	82.2917
13.4126	64.5627	0.165017	82.2917
13.5221	64.6452	0.0825083	82.2917
13.5264	64.6865	0.165017	82.2917
13.5899	64.769	0.0825083	82.2917
13.59	64.769	0.247525	82.2917
13.5951	64.8515	0.165017	82.2917
13.6462	64.934	0.0825083	82.2917
13.6498	64.9753	0.165017	82.2917
13.7983	65.0578	0.0825083	82.2917
13.8052	65.099	0.165017	82.2917
13.822	65.1815	0.0825083	82.2917
13.8223	65.2228	0.165017	82.2917
13.8378	65.3053	0.0825083	82.2917
13.8399	65.3053	0.165017	82.2917
13.8501	65.3878	0.0825083	82.2917
13.8511	65.429	0.165017	82.2917
13.8888	65.5116	0.0825083	82.2917
13.89	65.5528	0.165017	82.2917
13.9399	65.6353	0.0825083	82.2917
13.9432	65.6353	0.165017	82.2917
13.9539	65.7178	0.0825083	82.2917
13.9554	65.7591	0.165017	82.2917
13.9564	65.8416	0.0825083	82.2917
13.957	65.8828	0.165017	82.2917
13.9786	65.9653	0.0825083	82.2917
13.9787	66.0066	0.165017	82.2917
13.9795	66.0066	0.165017	83.3333
13.982	66.0891	0.0825083	83.3333
13.9864	66.1304	0.165017	83.3333
14.0032	66.2129	0.0825083	83.3333
14.004	66.2541	0.165017	83.3333
14.0922	66.3366	0.0825083	83.3333
14.0933	66.3779	0.165017	83.3333
14.0945	66.4604	0.0825083	83.3333
14.0958	66.5016	0.165017	83.3333
14.2042	66.5842	0.0825083	83.3333
14.2046	66.5842	0.247525	83.3333
14.2073	66.6667	0.165017	83.3333
14.2084	66.7492	0.0825083	83.3333
14.2287	66.7492	0.0825083	84.375
14.2294	66.7492	0.247525	84.375
14.2298	66.8317	0.165017	84.375
14.2596	66.9142	0.0825083	84.375
14.2605	66.9554	0.165017	84.375
14.2906	67.038	0.0825083	84.375
14.2917	67.038	0.247525	84.375
14.2942	67.1205	0.165017	84.375
14.3027	67.203	0.0825083	84.375
14.3029	67.2442	0.165017	84.375
14.4232	67.3267	0.0825083	84.375
14.4251	67.368	0.165017	84.375
14.4625	67.4505	0.0825083	84.375
14.4661	67.4918	0.165017	84.375
14.4686	67.5743	0.0825083	84.375
14.4733	67.6155	0.165017	84.375
14.5098	67.698	0.0825083	84.375
14.5618	67.698	0.0825083	85.4167
14.5667	67.698	0.165017	85.4167
14.5893	67.7805	0.0825083	85.4167
14.5893	67.7805	0.165017	85.4167
14.5899	67.8218	0.247525	85.4167
14.5904	67.9043	0.165017	85.4167
14.5941	67.9868	0.0825083	85.4167
14.596	68.0281	0.165017	85.4167
14.5967	68.1106	0.0825083	85.4167
14.5969	68.1106	0.247525	85.4167
14.598	68.1931	0.165017	85.4167
14.6192	68.2756	0.0825083	85.4167
14.6209	68.3168	0.165017	85.4167
14.6745	68.3993	0.0825083	85.4167
14.6796	68.3993	0.165017	85.4167
14.7948	68.4818	0.0825083	85.4167
14.795	68.4818	0.247525	85.4167
14.7979	68.5644	0.165017	85.4167
14.8305	68.6469	0.0825083	85.4167
14.8358	68.6469	0.165017	85.4167
14.8454	68.7294	0.0825083	85.4167
14.8499	68.7706	0.165017	85.4167
14.8576	68.8531	0.0825083	85.4167
14.8583	68.8531	0.247525	85.4167
14.8609	68.9356	0.165017	85.4167
15.0347	69.0182	0.0825083	85.4167
15.0368	69.0594	0.165017	85.4167
15.0542	69.1419	0.0825083	85.4167
15.0557	69.1832	0.165017	85.4167
15.1403	69.2657	0.0825083	85.4167
15.1453	69.3069	0.165017	85.4167
15.1907	69.3894	0.0825083	85.4167
15.1955	69.4307	0.165017	85.4167
15.2107	69.5132	0.0825083	85.4167
15.2118	69.5545	0.165017	85.4167
15.2747	69.637	0.0825083	85.4167
15.2771	69.6782	0.165017	85.4167
15.2931	69.7607	0.0825083	85.4167
15.2937	69.7607	0.165017	85.4167
15.3138	69.8432	0.0825083	85.4167
15.3139	69.8845	0.165017	85.4167
15.3256	69.967	0.0825083	85.4167
15.3685	69.967	0.0825083	86.4583
15.3711	70.0082	0.165017	86.4583
15.3726	70.0908	0.0825083	86.4583
15.3731	70.0908	0.247525	86.4583
15.375	70.1733	0.165017	86.4583
15.3915	70.2558	0.0825083	86.4583
15.395	70.297	0.165017	86.4583
15.4073	70.3795	0.0825083	86.4583
15.4078	70.4208	0.165017	86.4583
15.4284	70.5033	0.0825083	86.4583
15.4285	70.5033	0.247525	86.4583
15.4292	70.5858	0.165017	86.4583
15.4966	70.6683	0.0825083	86.4583
15.557	70.6683	0.0825083	87.5
15.5581	70.7096	0.165017	87.5
15.6055	70.7921	0.0825083	87.5
15.6061	70.8333	0.165017	87.5
15.6347	70.9158	0.0825083	87.5
15.6355	70.9571	0.165017	87.5
15.7119	71.0396	0.0825083	87.5
15.7127	71.0809	0.165017	87.5
15.8294	71.1634	0.0825083	87.5
15.8306	71.2046	0.165017	87.5
16.0734	71.2871	0.0825083	87.5
16.0756	71.3284	0.165017	87.5
16.0825	71.4109	0.0825083	87.5
16.0827	71.4521	0.165017	87.5
16.0998	71.5347	0.0825083	87.5
16.1007	71.5759	0.165017	87.5
16.149	71.6584	0.0825083	87.5
16.1496	71.6997	0.165017	87.5
16.2247	71.7822	0.0825083	87.5
16.2262	71.7822	0.247525	87.5
16.2288	71.8647	0.165017	87.5
16.3063	71.9472	0.0825083	87.5
16.3083	71.9472	0.247525	87.5
16.3101	72.0297	0.165017	87.5
16.4366	72.1122	0.0825083	87.5
16.4371	72.1122	0.247525	87.5
16.44	72.1947	0.165017	87.5
16.4957	72.2772	0.0825083	87.5
16.4992	72.3185	0.165017	87.5
16.5563	72.401	0.0825083	87.5
16.5574	72.401	0.165017	87.5
16.5919	72.4835	0.0825083	87.5
16.5944	72.5247	0.165017	87.5
16.6298	72.6073	0.0825083	87.5
16.6331	72.6073	0.165017	87.5
16.6564	72.6898	0.0825083	87.5
16.6572	72.731	0.165017	87.5
16.6618	72.8135	0.0825083	87.5
16.6619	72.8548	0.165017	87.5
16.6736	72.9373	0.0825083	87.5
16.8008	72.9373	0.0825083	88.5417
16.8009	72.9373	0.247525	88.5417
16.8113	73.0198	0.165017	88.5417
16.8124	73.1023	0.0825083	88.5417
16.8357	73.1848	0	88.5417
16.8364	73.1848	0.0825083	88.5417
16.913	73.2673	0	88.5417
16.9133	73.2673	0.165017	88.5417
16.9169	73.3498	0.0825083	88.5417
17.2419	73.4323	0	88.5417
17.242	73.4736	0.0825083	88.5417
17.2537	73.5561	0	88.5417
17.2544	73.5561	0.165017	88.5417
17.2561	73.6386	0.0825083	88.5417
17.366	73.7211	0	88.5417
17.3747	73.7211	0.0825083	88.5417
17.4026	73.8036	0	88.5417
17.4055	73.8449	0.0825083	88.5417
17.4801	73.9274	0	88.5417
17.4847	73.9686	0.0825083	88.5417
17.4887	74.0512	0	88.5417
17.4896	74.0512	0.0825083	88.5417
17.5222	74.1337	0	88.5417
17.524	74.1749	0.0825083	88.5417
17.5468	74.2574	0	88.5417
17.5473	74.2987	0.0825083	88.5417
17.5749	74.3812	0	88.5417
17.577	74.4224	0.0825083	88.5417
17.7201	74.505	0	88.5417
17.7207	74.505	0.165017	88.5417
17.7208	74.5875	0.0825083	88.5417
17.7302	74.67	0	88.5417
17.7306	74.7112	0.0825083	88.5417
17.7893	74.7937	0	88.5417
17.7895	74.7937	0.165017	88.5417
17.7897	74.8762	0.0825083	88.5417
17.7962	74.9587	0	88.5417
17.7977	74.9587	0.165017	88.5417
17.7994	75.0413	0.0825083	88.5417
17.803	75.1238	0	88.5417
17.8088	75.165	0.0825083	88.5417
17.9217	75.2475	0	88.5417
17.9225	75.2888	0.0825083	88.5417
18.1357	75.3713	0	88.5417
18.1378	75.4125	0.0825083	88.5417
18.1386	75.4125	0.247525	88.5417
18.1394	75.495	0.165017	88.5417
18.1405	75.5776	0.0825083	88.5417
18.2583	75.6601	0	88.5417
18.2611	75.7013	0.0825083	88.5417
18.3804	75.7838	0	88.5417
18.3813	75.7838	0.165017	88.5417
18.3814	75.8663	0.0825083	88.5417
18.4282	75.9488	0	88.5417
18.4289	75.9901	0.0825083	88.5417
18.4987	76.0726	0	88.5417
18.4995	76.1139	0.0825083	88.5417
18.565	76.1964	0	88.5417
18.565	76.2376	0.0825083	88.5417
18.5651	76.3201	0	88.5417
18.5654	76.3201	0.0825083	88.5417
18.5932	76.4026	0	88.5417
18.5933	76.4439	0.0825083	88.5417
18.6415	76.5264	0	88.5417
18.648	76.5677	0.0825083	88.5417
18.7964	76.6502	0	88.5417
18.7988	76.6502	0.0825083	88.5417
18.8376	76.7327	0	88.5417
18.839	76.7327	0.165017	88.5417
18.8394	76.8152	0.0825083	88.5417
18.8757	76.8977	0	88.5417
18.8767	76.8977	0.165017	88.5417
18.882	76.9802	0.0825083	88.5417
18.8967	77.0627	0	88.5417
18.8968	77.104	0.0825083	88.5417
18.9166	77.1865	0	88.5417
18.9263	77.2277	0.0825083	88.5417
18.927	77.2277	0.165017	88.5417
18.9273	77.3102	0.0825083	88.5417
19.0236	77.3927	0	88.5417
19.0238	77.434	0.0825083	88.5417
19.1487	77.5165	0	88.5417
19.1488	77.5578	0.0825083	88.5417
19.1683	77.6403	0	88.5417
19.1694	77.6815	0.0825083	88.5417
19.1986	77.764	0	88.5417
19.1996	77.8053	0.0825083	88.5417
19.2857	77.8878	0	88.5417
19.2859	77.929	0.0825083	88.5417
19.3861	78.0116	0	88.5417
19.3875	78.0116	0.165017	88.5417
19.3881	78.0941	0.0825083	88.5417
19.3889	78.1766	0	88.5417
19.3927	78.1766	0.165017	88.5417
19.3931	78.1766	0.330033	88.5417
19.3939	78.2591	0.247525	88.5417
19.3953	78.3416	0.165017	88.5417
19.3955	78.4241	0.0825083	88.5417
19.4619	78.5066	0	88.5417
19.4676	78.5066	0.0825083	88.5417
19.7457	78.5891	0	88.5417
19.8376	78.5891	0	89.5833
19.841	78.6304	0.0825083	89.5833
20.0461	78.7129	0	89.5833
20.0498	78.7129	0.0825083	89.5833
20.0866	78.7954	0	89.5833
20.0901	78.8366	0.0825083	89.5833
20.099	78.9191	0	89.5833
20.1055	78.9604	0.0825083	89.5833
20.1874	79.0429	0	89.5833
20.1878	79.0842	0.0825083	89.5833
20.2823	79.1667	0	89.5833
20.2826	79.1667	0.165017	89.5833
20.2843	79.2492	0.0825083	89.5833
20.2874	79.3317	0	89.5833
20.2889	79.3729	0.0825083	89.5833
20.3642	79.4554	0	89.5833
20.3644	79.4554	0.165017	89.5833
20.3645	79.538	0.0825083	89.5833
20.4456	79.6205	0	89.5833
20.446	79.6205	0.165017	89.5833
20.4498	79.703	0.0825083	89.5833
20.4683	79.7855	0	89.5833
20.4692	79.7855	0.0825083	89.5833
20.5197	79.868	0	89.5833
20.5202	79.9092	0.0825083	89.5833
20.6282	79.9918	0	89.5833
20.6302	80.033	0.0825083	89.5833
20.6685	80.1155	0	89.5833
20.6691	80.1568	0.0825083	89.5833
20.6701	80.198	0.165017	89.5833
20.671	80.2805	0.0825083	89.5833
20.738	80.363	0	89.5833
20.7412	80.4043	0.0825083	89.5833
20.9129	80.4868	0	89.5833
20.913	80.5281	0.0825083	89.5833
21.0356	80.6106	0	89.5833
21.0385	80.6518	0.0825083	89.5833
21.0584	80.7343	0	89.5833
21.0586	80.7756	0.0825083	89.5833
21.3041	80.8581	0	89.5833
21.3059	80.8993	0.0825083	89.5833
21.3752	80.9818	0	89.5833
21.3808	81.0231	0.0825083	89.5833
21.4988	81.1056	0	89.5833
21.4996	81.1056	0.165017	89.5833
21.5037	81.1881	0.0825083	89.5833
21.603	81.2706	0	89.5833
21.6032	81.3119	0.0825083	89.5833
21.7067	81.3944	0	89.5833
21.7083	81.3944	0.165017	89.5833
21.7127	81.4769	0.0825083	89.5833
21.7338	81.5594	0	89.5833
21.7373	81.6007	0.0825083	89.5833
22.0692	81.6832	0	89.5833
22.0702	81.7244	0.0825083	89.5833
22.0879	81.8069	0	89.5833
22.0882	81.8069	0.165017	89.5833
22.0885	81.8894	0.0825083	89.5833
22.2215	81.9719	0	89.5833
22.2222	82.0132	0.0825083	89.5833
22.2368	82.0957	0	89.5833
22.2394	82.137	0.0825083	89.5833
22.2445	82.2195	0	89.5833
22.2466	82.2607	0.0825083	89.5833
22.3156	82.3432	0	89.5833
22.3162	82.3845	0.0825083	89.5833
22.4831	82.467	0	89.5833
22.4851	82.467	0.0825083	89.5833
22.4994	82.5495	0	89.5833
22.4998	82.5908	0.0825083	89.5833
22.6152	82.6733	0	89.5833
22.6161	82.7145	0.0825083	89.5833
22.6921	82.797	0	89.5833
22.6928	82.8383	0.0825083	89.5833
22.9861	82.9208	0	89.5833
22.9864	82.9208	0.165017	89.5833
22.9879	83.0033	0.0825083	89.5833
23.1897	83.0858	0	89.5833
23.1917	83.1271	0.0825083	89.5833
23.2559	83.2096	0	89.5833
23.2564	83.2096	0.165017	89.5833
23.2569	83.2921	0.0825083	89.5833
23.2831	83.3746	0	89.5833
23.2851	83.4158	0.0825083	89.5833
23.3425	83.4984	0	89.5833
23.3427	83.4984	0.0825083	89.5833
23.369	83.5809	0	89.5833
23.37	83.5809	0.165017	89.5833
23.3728	83.6634	0.0825083	89.5833
23.4007	83.7459	0	89.5833
23.4019	83.7871	0.0825083	89.5833
23.5273	83.8696	0	89.5833
23.5278	83.9109	0.0825083	89.5833
23.5412	83.9934	0	89.5833
23.6922	83.9934	0	90.625
23.6929	83.9934	0.165017	90.625
23.6945	84.0759	0.0825083	90.625
23.6946	84.1172	0.165017	90.625
23.6979	84.1997	0.0825083	90.625
23.7227	84.2822	0	90.625
23.7251	84.3234	0.0825083	90.625
23.7277	84.4059	0	90.625
23.7295	84.4472	0.0825083	90.625
23.7441	84.5297	0	90.625
23.7442	84.571	0.0825083	90.625
23.7603	84.6535	0	90.625
23.7604	84.6535	0.165017	90.625
23.7606	84.736	0.0825083	90.625
24.0471	84.8185	0	90.625
24.049	84.8185	0.165017	90.625
24.0515	84.901	0.0825083	90.625
24.1726	84.9835	0	90.625
24.1737	85.0247	0.0825083	90.625
24.4726	85.1073	0	90.625
24.4732	85.1485	0.0825083	90.625
24.5567	85.231	0	90.625
24.5572	85.231	0.0825083	90.625
24.7326	85.3135	0	90.625
24.7337	85.3548	0.0825083	90.625
24.8033	85.4373	0	90.625
24.806	85.4785	0.0825083	90.625
24.8335	85.5611	0	90.625
24.8352	85.6023	0.0825083	90.625
25.0365	85.6848	0	90.625
25.0392	85.7261	0.0825083	90.625
25.0684	85.8086	0	90.625
25.0699	85.8086	0.0825083	90.625
25.251	85.8911	0	90.625
25.2524	85.8911	0.0825083	90.625
25.3152	85.9736	0	90.625
25.3185	85.9736	0.165017	90.625
25.3218	86.0561	0.0825083	90.625
25.4455	86.1386	0	90.625
25.4487	86.1799	0.0825083	90.625
25.4649	86.2624	0	90.625
25.4668	86.3036	0.0825083	90.625
25.5102	86.3861	0	90.625
25.6731	86.4274	0.0825083	90.625
25.6773	86.4686	0.165017	90.625
25.7948	86.5512	0.0825083	90.625
25.7954	86.5512	0.247525	90.625
25.7961	86.6337	0.165017	90.625
25.8188	86.7162	0.0825083	90.625
25.8203	86.7162	0.165017	90.625
25.8387	86.7987	0.0825083	90.625
26.0691	86.8399	0.165017	90.625
26.0696	86.8399	0.330033	90.625
26.0697	86.9224	0.247525	90.625
26.1539	87.005	0.165017	90.625
26.1612	87.0462	0.247525	90.625
26.3471	87.1287	0.165017	90.625
26.3925	87.17	0.247525	90.625
26.4231	87.2525	0.165017	90.625
26.6196	87.335	0.0825083	90.625
26.6215	87.335	0.247525	90.625
26.6226	87.4175	0.165017	90.625
26.7227	87.5	0.0825083	90.625
26.7239	87.5	0.247525	90.625
26.7268	87.5825	0.165017	90.625
27.1426	87.665	0.0825083	90.625
27.1441	87.7063	0.165017	90.625
27.1441	87.7888	0.0825083	90.625
27.1755	87.8713	0	90.625
27.1778	87.9125	0.0825083	90.625
27.4156	87.995	0	90.625
27.4166	87.995	0.165017	90.625
27.418	88.0776	0.0825083	90.625
27.4811	88.1601	0	90.625
27.4812	88.2013	0.0825083	90.625
27.5045	88.2838	0	90.625
27.5125	88.2838	0	91.6667
27.5151	88.3251	0.0825083	91.6667
27.7043	88.4076	0	91.6667
27.7046	88.4488	0.0825083	91.6667
28.1591	88.5314	0	91.6667
28.1615	88.5314	0.165017	91.6667
28.1635	88.6139	0.0825083	91.6667
28.313	88.6964	0	91.6667
28.3147	88.6964	0.165017	91.6667
28.3153	88.7789	0.0825083	91.6667
28.5214	88.8614	0	91.6667
28.5265	88.9026	0.0825083	91.6667
28.5789	88.9851	0	91.6667
28.5806	89.0264	0.0825083	91.6667
28.9753	89.1089	0	91.6667
28.9767	89.1502	0.0825083	91.6667
29.0279	89.2327	0	91.6667
29.028	89.2739	0.0825083	91.6667
29.308	89.3564	0	91.6667
29.3454	89.3564	0	92.7083
29.3488	89.3977	0.0825083	92.7083
29.4242	89.4802	0	92.7083
29.4256	89.5215	0.0825083	92.7083
29.61	89.604	0	92.7083
29.6101	89.6452	0.0825083	92.7083
29.6198	89.7277	0	92.7083
29.6239	89.769	0.0825083	92.7083
29.6714	89.8515	0	92.7083
29.6739	89.8927	0.0825083	92.7083
29.856	89.9753	0	92.7083
29.8601	90.0165	0.0825083	92.7083
30.1185	90.099	0	92.7083
30.1244	90.1403	0.0825083	92.7083
30.7754	90.2228	0	92.7083
30.7754	90.264	0.0825083	92.7083
31.0366	90.3465	0	92.7083
31.0367	90.3878	0.0825083	92.7083
31.1663	90.4703	0	92.7083
31.1699	90.5116	0.0825083	92.7083
31.2688	90.5941	0	92.7083
31.3616	90.6353	0.0825083	92.7083
31.3622	90.6353	0.247525	92.7083
31.3642	90.7178	0.165017	92.7083
31.4653	90.8003	0.0825083	92.7083
31.4737	90.8416	0.165017	92.7083
31.5174	90.9241	0.0825083	92.7083
31.5199	91.0066	0	92.7083
31.524	91.0479	0.0825083	92.7083
31.6896	91.1304	0	92.7083
31.6938	91.1716	0.0825083	92.7083
32.2399	91.2541	0	92.7083
32.2401	91.2954	0.0825083	92.7083
32.5112	91.3779	0	92.7083
32.5135	91.4191	0.0825083	92.7083
32.6396	91.5016	0	92.7083
32.64	91.5016	0.0825083	92.7083
32.6409	91.5842	0	92.7083
32.6415	91.5842	0.165017	92.7083
32.6451	91.6667	0.0825083	92.7083
32.7833	91.7492	0	92.7083
32.7883	91.7904	0.0825083	92.7083
33.1115	91.8729	0	92.7083
33.1154	91.9142	0.0825083	92.7083
33.5741	91.9967	0	92.7083
33.5761	91.9967	0.165017	92.7083
33.5792	92.0792	0.0825083	92.7083
33.598	92.1617	0	92.7083
33.598	92.203	0.0825083	92.7083
34.4524	92.2855	0	92.7083
34.4529	92.2855	0.165017	92.7083
34.4543	92.368	0.0825083	92.7083
34.7426	92.4505	0	92.7083
35.1539	92.4505	0	93.75
35.154	92.4918	0.0825083	93.75
35.2583	92.5743	0	93.75
35.2597	92.6155	0.0825083	93.75
35.9507	92.698	0	93.75
35.9539	92.7393	0.0825083	93.75
36.0499	92.8218	0	93.75
36.0509	92.863	0.0825083	93.75
36.0879	92.9455	0	93.75
36.0975	92.9455	0.0825083	93.75
36.4203	93.0281	0	93.75
36.4216	93.0693	0.0825083	93.75
36.4627	93.1518	0	93.75
36.4635	93.1931	0.0825083	93.75
37.2514	93.2756	0	93.75
37.2529	93.2756	0.165017	93.75
37.2529	93.3581	0.0825083	93.75
37.4378	93.4406	0	93.75
37.4388	93.4406	0.165017	93.75
37.4431	93.5231	0.0825083	93.75
37.5226	93.6056	0	93.75
37.5245	93.6056	0.165017	93.75
37.5245	93.6881	0.0825083	93.75
37.5587	93.7706	0	93.75
37.5615	93.8119	0.0825083	93.75
37.8135	93.8944	0	93.75
37.8263	93.9356	0.0825083	93.75
38.0492	94.0182	0	93.75
38.0536	94.0594	0.0825083	93.75
38.3592	94.1419	0	93.75
38.5714	94.1419	0	94.7917
38.5781	94.1832	0.0825083	94.7917
39.1905	94.2657	0	94.7917
39.1937	94.3069	0.0825083	94.7917
39.3578	94.3894	0	94.7917
39.358	94.3894	0.165017	94.7917
39.3596	94.4719	0.0825083	94.7917
39.606	94.5545	0	94.7917
39.6062	94.5545	0.0825083	94.7917
39.7458	94.637	0	94.7917
39.752	94.6782	0.0825083	94.7917
40.1928	94.7607	0	94.7917
40.1937	94.802	0.0825083	94.7917
40.2888	94.8845	0	94.7917
40.2899	94.9257	0.0825083	94.7917
40.4555	95.0082	0	94.7917
40.4571	95.0082	0.0825083	94.7917
40.6446	95.0908	0	94.7917
40.646	95.132	0.0825083	94.7917
40.9753	95.2145	0	94.7917
40.9774	95.2145	0.0825083	94.7917
41.1874	95.297	0	94.7917
41.1882	95.297	0.165017	94.7917
41.1911	95.3795	0.0825083	94.7917
41.33	95.462	0	94.7917
41.3303	95.5033	0.0825083	94.7917
41.5117	95.5858	0	94.7917
41.515	95.5858	0.0825083	94.7917
41.6307	95.6683	0	94.7917
41.6322	95.7096	0.0825083	94.7917
41.7646	95.7921	0	94.7917
41.7646	95.8333	0.0825083	94.7917
41.8369	95.9158	0	94.7917
41.8385	95.9571	0.0825083	94.7917
41.8837	96.0396	0	94.7917
41.8846	96.0809	0.0825083	94.7917
42.1939	96.1634	0	94.7917
42.1998	96.2046	0.0825083	94.7917
42.4192	96.2871	0	94.7917
42.4197	96.2871	0.165017	94.7917
42.4198	96.3696	0.0825083	94.7917
43.4606	96.4521	0	94.7917
43.4612	96.4934	0.0825083	94.7917
43.9069	96.5759	0	94.7917
43.9084	96.6172	0.0825083	94.7917
43.937	96.6997	0	94.7917
43.9436	96.6997	0.0825083	94.7917
44.7424	96.7822	0	94.7917
44.7449	96.8234	0.0825083	94.7917
44.9847	96.9059	0	94.7917
44.9848	96.9472	0.0825083	94.7917
45.855	97.0297	0	94.7917
45.8582	97.071	0.0825083	94.7917
46.0456	97.1535	0	94.7917
46.0462	97.1535	0.165017	94.7917
46.0481	97.236	0.0825083	94.7917
46.3829	97.3185	0	94.7917
46.3851	97.3185	0.165017	94.7917
46.3857	97.401	0.0825083	94.7917
48.5808	97.4835	0	94.7917
48.5825	97.5247	0.0825083	94.7917
49.5995	97.6073	0	94.7917
49.6014	97.6485	0.0825083	94.7917
49.7784	97.731	0	94.7917
49.7787	97.7723	0.0825083	94.7917
55.5564	97.8548	0	94.7917
55.5564	97.8548	0.165017	94.7917
55.5569	97.9373	0.0825083	94.7917
58.2416	98.0198	0	94.7917
58.2451	98.0611	0.0825083	94.7917
61.5786	98.1436	0	94.7917
61.9417	98.1436	0.0825083	94.7917
62.2939	98.2261	0	94.7917
62.2953	98.2673	0.0825083	94.7917
66.9959	98.3498	0	94.7917
66.9989	98.3911	0.0825083	94.7917
67.5744	98.4736	0	94.7917
67.5764	98.4736	0.0825083	94.7917
69.3487	98.5561	0	94.7917
69.3489	98.5974	0.0825083	94.7917
69.7281	98.6799	0	94.7917
69.7286	98.7211	0.0825083	94.7917
70.4455	98.8036	0	94.7917
70.4459	98.8036	0.165017	94.7917
70.4483	98.8861	0.0825083	94.7917
76.7746	98.9686	0	94.7917
76.7747	99.0099	0.0825083	94.7917
77.6182	99.0924	0	94.7917
665.895	99.0924	0	95.8333
943.729	99.0924	0	96.875
1130.3	99.0924	0	97.9167
1727.16	99.0924	0	98.9583
2963.1	99.0924	0	100
2966.07	99.1337	0.0825083	100
4734.75	99.2162	0	100
4734.75	99.2162	0.0825083	100
5533.47	99.2987	0	100
5534.72	99.3399	0.0825083	100
5904.33	99.4224	0	100
5905.05	99.4637	0.0825083	100
6139.19	99.5462	0	100
6139.92	99.5875	0.0825083	100
6400.2	99.67	0	100
6400.69	99.67	0.165017	100
6404.44	99.7525	0.0825083	100
24307	99.835	0	100
24307.2	99.835	0.165017	100
24307.5	99.9175	0.0825083	100
