2.22278e-06	0	0	0
1.0908e-05	0	0	0
2.09039e-05	0	0	0
2.31183e-05	0	0	0
2.38145e-05	0	0	0
2.51825e-05	0	0	0
2.76418e-05	0	0	0
3.11419e-05	0	0	0
3.259e-05	0	0	0
3.78178e-05	0	0	0
4.34281e-05	0	0	0
5.62736e-05	0	0	0
5.69245e-05	0	0	0
5.72644e-05	0	0	0
6.13912e-05	0	0	0
6.28324e-05	0	0	0
6.37955e-05	0	0	0
7.55797e-05	0	0	0
8.10581e-05	0	0	0
8.14313e-05	0	0	0
8.15078e-05	0	0	0
8.40195e-05	0	0	0
0.000107507	0	0	0
0.000108505	0	0	0
0.000111438	0	0	0
0.000114262	0	0	0
0.000118512	0	0	0
0.000123038	0	0	0
0.000124292	0	0	0
0.000129308	0	0	0
0.000130007	0	0	0
0.000131044	0	0	0
0.000132536	0	0	0
0.000132537	0	0	0
0.000140045	0	0	0
0.000140213	0	0	0
0.000140923	0	0	0
0.000144639	0	0	0
0.000148785	0	0	0
0.000161778	0	0	0
0.00016465	0	0	0
0.000165012	0	0	0
0.000166191	0	0	0
0.000171653	0	0	0
0.000172657	0	0	0
0.000190244	0	0	0
0.000190654	0	0	0
0.000194108	0	0	0
0.0001971	0	0	0
0.000203318	0	0	0
0.000203457	0	0	0
0.000209512	0	0	0
0.000211752	0	0	0
0.000212423	0	0	0
0.000214212	0	0	0
0.000217908	0	0	0
0.000229094	0	0	0
0.0002372	0	0	0
0.000246466	0	0	0
0.0002536	0	0	0
0.000270528	0	0	0
0.000276645	0	0	0
0.000286366	0	0	0
0.000294814	0	0	0
0.00029872	0	0	0
0.000316078	0	0	0
0.000316238	0	0	0
0.000318043	0	0	0
0.000320585	0	0	0
0.000326109	0	0	0
0.00033195	0	0	0
0.000332493	0	0	0
0.000335847	0	0	0
0.000337256	0	0	0
0.000340692	0	0	0
0.000341467	0	0	0
0.000346359	0	0	0
0.000352654	0	0	0
0.00036284	0	0	0
0.000367122	0	0	0
0.000373694	0	0	0
0.000391955	0	0	0
0.000398679	0	0	0
0.000398998	0	0	0
0.000403127	0	0	0
0.000404895	0	0	0
0.000411638	0	0	0
0.000416869	0	0	0
0.000419542	0	0	0
0.000421231	0	0	0
0.000422821	0	0	0
0.000431834	0	0	0
0.000437888	0	0	0
0.000441963	0	0	0
0.000443223	0	0	0
0.000446593	0	0	0
0.000450834	0	0	0
0.000455895	0	0	0
0.000462826	0	0	0
0.000465199	0	0	0
0.000468473	0	0	0
0.00047777	0	0	0
0.000479084	0	0	0
0.000479853	0	0	0
0.000482334	0	0	0
0.000482717	0	0	0
0.000483094	0	0	0
0.00048761	0	0	0
0.000490034	0	0	0
0.000499123	0	0	0
0.000500456	0	0	0
0.00050291	0	0	0
0.000505193	0	0	0
0.000508298	0	0	0
0.000509209	0	0	0
0.000509217	0	0	0
0.000519339	0	0	0
0.000520156	0	0	0
0.000523431	0	0	0
0.000523451	0	0	0
0.000524236	0	0	0
0.000539157	0	0	0
0.000543788	0	0	0
0.000545945	0	0	0
0.000547953	0	0	0
0.000549042	0	0	0
0.000551324	0	0	0
0.000551936	0	0	0
0.000556886	0	0	0
0.00056852	0	0	0
0.000571798	0	0	0
0.000578435	0	0	0
0.000578702	0	0	0
0.000580761	0	0	0
0.000582939	0	0	0
0.000584102	0	0	0
0.000588378	0	0	0
0.000596055	0	0	0
0.000596904	0	0	0
0.000605367	0	0	0
0.000610135	0	0	0
0.000610896	0	0	0
0.000616336	0	0	0
0.000620663	0	0	0
0.000637427	0	0	0
0.000638566	0	0	0
0.00063893	0	0	0
0.000640921	0	0	0
0.000641942	0	0	0
0.000642381	0	0	0
0.000644682	0	0	0
0.000646714	0	0	0
0.000650487	0	0	0
0.000653117	0	0	0
0.00065486	0	0	0
0.000657762	0	0	0
0.000662669	0	0	0
0.000662735	0	0	0
0.000663182	0	0	0
0.000669425	0	0	0
0.000676958	0	0	0
0.000677604	0	0	0
0.000687972	0	0	0
0.00069159	0	0	0
0.000694472	0	0	0
0.000694623	0	0	0
0.000696045	0	0	0
0.000705733	0	0	0
0.000706932	0	0	0
0.000723075	0	0	0
0.00072996	0	0	0
0.000730092	0	0	0
0.000734152	0	0	0
0.00073426	0	0	0
0.000734902	0	0	0
0.000738959	0	0	0
0.000741257	0	0	0
0.000745282	0	0	0
0.000751097	0	0	0
0.000753587	0	0	0
0.000760653	0	0	0
0.000761099	0	0	0
0.000767758	0	0	0
0.000773052	0	0	0
0.0007765	0	0	0
0.000780731	0	0	0
0.000781993	0	0	0
0.000785366	0	0	0
0.000787423	0	0	0
0.000789743	0	0	0
0.000793091	0	0	0
0.000794054	0	0	0
0.000794722	0	0	0
0.000801717	0	0	0
0.000808373	0	0	0
0.000808776	0	0	0
0.00081037	0	0	0
0.00081356	0	0	0
0.000814125	0	0	0
0.000816105	0	0	0
0.000817136	0	0	0
0.000817178	0	0	0
0.000818499	0	0	0
0.000821658	0	0	0
0.000824239	0	0	0
0.000832767	0	0	0
0.0008402	0	0	0
0.000846619	0	0	0
0.000847123	0	0	0
0.000849856	0	0	0
0.000855906	0	0	0
0.000857692	0	0	0
0.000865864	0	0	0
0.000875711	0	0	0
0.000877648	0	0	0
0.000880171	0	0	0
0.000883277	0	0	0
0.000896672	0	0	0
0.000899866	0	0	0
0.000901518	0	0	0
0.000903372	0	0	0
0.000918903	0	0	0
0.00092069	0	0	0
0.000925286	0	0	0
0.000925326	0	0	0
0.000925709	0	0	0
0.000926226	0	0	0
0.000926598	0	0	0
0.000929054	0	0	0
0.000937086	0	0	0
0.000944981	0	0	0
0.000946794	0	0	0
0.000948388	0	0	0
0.000951108	0	0	0
0.00096115	0	0	0
0.000965992	0	0	0
0.000969988	0	0	0
0.000970085	0	0	0
0.000970692	0	0	0
0.000977671	0	0	0
0.000981438	0	0	0
0.000986081	0	0	0
0.00098785	0	0	0
0.000988562	0	0	0
0.000988719	0	0	0
0.000997151	0	0	0
0.000997378	0	0	0
0.00100395	0	0	0
0.00100436	0	0	0
0.00100637	0	0	0
0.00100843	0	0	0
0.00100988	0	0	0
0.00101547	0	0	0
0.00101734	0	0	0
0.00101808	0	0	0
0.00102181	0	0	0
0.00104198	0	0	0
0.00104627	0	0	0
0.00105484	0	0	0
0.00106018	0	0	0
0.00106047	0	0	0
0.00106263	0	0	0
0.0010646	0	0	0
0.00107036	0	0	0
0.0010714	0	0	0
0.00107857	0	0	0
0.00108024	0	0	0
0.00108204	0	0	0
0.00108549	0	0	0
0.00108611	0	0	0
0.00108747	0	0	0
0.00108791	0	0	0
0.00109054	0	0	0
0.0010908	0	0	0
0.00109293	0	0	0
0.00109657	0	0	0
0.00110084	0	0	0
0.00110303	0	0	0
0.00110381	0	0	0
0.00111023	0	0	0
0.00111385	0	0	0
0.00111835	0	0	0
0.00111854	0	0	0
0.00112131	0	0	0
0.00112465	0	0	0
0.00113336	0	0	0
0.00113992	0	0	0
0.00114401	0	0	0
0.00114662	0	0	0
0.00115112	0	0	0
0.00115396	0	0	0
0.00115466	0	0	0
0.00115513	0	0	0
0.00115544	0	0	0
0.00115827	0	0	0
0.00115854	0	0	0
0.00116228	0	0	0
0.00116246	0	0	0
0.00116424	0	0	0
0.00117008	0	0	0
0.00117057	0	0	0
0.00117562	0	0	0
0.00118105	0	0	0
0.00118234	0	0	0
0.00118412	0	0	0
0.00118767	0	0	0
0.00119002	0	0	0
0.00119646	0	0	0
0.00119933	0	0	0
0.00120223	0	0	0
0.00120434	0	0	0
0.00121032	0	0	0
0.00121507	0	0	0
0.00122014	0	0	0
0.00124761	0	0	0
0.00124829	0	0	0
0.00124837	0	0	0
0.00125285	0	0	0
0.00125571	0	0	0
0.00125594	0	0	0
0.00126424	0	0	0
0.00126849	0	0	0
0.00127377	0	0	0
0.00127652	0	0	0
0.00127857	0	0	0
0.00128168	0	0	0
0.00128764	0	0	0
0.00128899	0	0	0
0.00129614	0	0	0
0.00129973	0	0	0
0.00130233	0	0	0
0.00130822	0	0	0
0.0013088	0	0	0
0.00131273	0	0	0
0.00131475	0	0	0
0.00132076	0	0	0
0.00133402	0	0	0
0.00133585	0	0	0
0.00133664	0	0	0
0.00134096	0	0	0
0.00134196	0	0	0
0.00134265	0	0	0
0.00134543	0	0	0
0.00134948	0	0	0
0.00135052	0	0	0
0.00135342	0	0	0
0.00135981	0	0	0
0.00135984	0	0	0
0.00137011	0	0	0
0.00137058	0	0	0
0.00137229	0	0	0
0.00138182	0	0	0
0.00139266	0	0	0
0.00139894	0	0	0
0.00139966	0	0	0
0.00140015	0	0	0
0.00140182	0	0	0
0.00140348	0	0	0
0.00140571	0	0	0
0.00141161	0	0	0
0.00141174	0	0	0
0.00141566	0	0	0
0.00141749	0	0	0
0.00142252	0	0	0
0.00142447	0	0	0
0.00142679	0	0	0
0.00143899	0	0	0
0.00144887	0	0	0
0.00145262	0	0	0
0.001453	0	0	0
0.00145623	0	0	0
0.0014599	0	0	0
0.00146032	0	0	0
0.00146225	0	0	0
0.00146357	0	0	0
0.0014643	0	0	0
0.00146586	0	0	0
0.00147071	0	0	0
0.0014716	0	0	0
0.00147454	0	0	0
0.0014759	0	0	0
0.00148421	0	0	0
0.00148542	0	0	0
0.00149027	0	0	0
0.00149321	0	0	0
0.00149637	0	0	0
0.00150328	0	0	0
0.00150383	0	0	0
0.00150742	0	0	0
0.0015166	0	0	0
0.00151894	0	0	0
0.00153019	0	0	0
0.00153923	0	0	0
0.00154424	0	0	0
0.00154426	0	0	0
0.00155219	0	0	0
0.00155536	0	0	0
0.00156057	0	0	0
0.00156071	0	0	0
0.00156317	0	0	0
0.00157054	0	0	0
0.00157265	0	0	0
0.00158173	0	0	0
0.00158227	0	0	0
0.00158333	0	0	0
0.00159079	0	0	0
0.00159355	0	0	0
0.00159996	0	0	0
0.00160297	0	0	0
0.00160398	0	0	0
0.00161236	0	0	0
0.00161417	0	0	0
0.00161712	0	0	0
0.00161956	0	0	0
0.00162818	0	0	0
0.00163382	0	0	0
0.00163453	0	0	0
0.00163598	0	0	0
0.00164997	0	0	0
0.00166928	0	0	0
0.00168484	0	0	0
0.00168787	0	0	0
0.00169898	0	0	0
0.00170078	0	0	0
0.00171017	0	0	0
0.00171178	0	0	0
0.00171368	0	0	0
0.00171503	0	0	0
0.00171544	0	0	0
0.00171547	0	0	0
0.00172097	0	0	0
0.00172365	0	0	0
0.00173975	0	0	0
0.00174046	0	0	0
0.00174464	0	0	0
0.00174793	0	0	0
0.00174924	0	0	0
0.00175235	0	0	0
0.00176015	0	0	0
0.00176621	0	0	0
0.00176964	0	0	0
0.00177318	0	0	0
0.00177828	0	0	0
0.00177983	0	0	0
0.00178152	0	0	0
0.00178337	0	0	0
0.0017847	0	0	0
0.00178649	0	0	0
0.00179036	0	0	0
0.00179359	0	0	0
0.00180146	0	0	0
0.0018023	0	0	0
0.00180354	0	0	0
0.00180716	0	0	0
0.00180768	0	0	0
0.00182176	0	0	0
0.0018288	0	0	0
0.00183025	0	0	0
0.00183235	0	0	0
0.00183418	0	0	0
0.00184112	0	0	0
0.00184638	0	0	0
0.00184931	0	0	0
0.00184999	0	0	0
0.00185108	0	0	0
0.00186145	0	0	0
0.00186287	0	0	0
0.00186365	0	0	0
0.00188015	0	0	0
0.00188232	0	0	0
0.00188918	0	0	0
0.00189181	0	0	0
0.00189526	0	0	0
0.00189533	0	0	0
0.00189736	0	0	0
0.00191526	0	0	0
0.00191723	0	0	0
0.00191911	0	0	0
0.00192466	0	0	0
0.00192636	0	0	0
0.00193152	0	0	0
0.00193516	0	0	0
0.00193741	0	0	0
0.00194349	0	0	0
0.0019436	0	0	0
0.00194383	0	0	0
0.00194924	0	0	0
0.00195084	0	0	0
0.00196783	0	0	0
0.00197166	0	0	0
0.00198139	0	0	0
0.00198406	0	0	0
0.00199151	0	0	0
0.00199492	0	0	0
0.00199578	0	0	0
0.0020033	0	0	0
0.00200648	0	0	0
0.00201269	0	0	0
0.00201398	0	0	0
0.00201476	0	0	0
0.00201787	0	0	0
0.00202246	0	0	0
0.00202381	0	0	0
0.00203798	0	0	0
0.00204411	0	0	0
0.0020517	0	0	0
0.00205288	0	0	0
0.00205462	0	0	0
0.00205553	0	0	0
0.00205604	0	0	0
0.00206635	0	0	0
0.0020682	0	0	0
0.00207184	0	0	0
0.00208304	0	0	0
0.00208313	0	0	0
0.00209369	0	0	0
0.00209779	0	0	0
0.00210021	0	0	0
0.00210686	0	0	0
0.00211107	0	0	0
0.00212061	0	0	0
0.00212294	0	0	0
0.00212362	0	0	0
0.0021254	0	0	0
0.00214082	0	0	0
0.00214085	0	0	0
0.00214308	0	0	0
0.00214503	0	0	0
0.00214741	0	0	0
0.00215547	0	0	0
0.0021696	0	0	0
0.00217571	0	0	0
0.0021772	0	0	0
0.00218857	0	0	0
0.00218891	0	0	0
0.00219268	0	0	0
0.00219717	0	0	0
0.00220243	0	0	0
0.00220363	0	0	0
0.00220788	0	0	0
0.00221271	0	0	0
0.00221486	0	0	0
0.00222105	0	0	0
0.00222304	0	0	0
0.00223297	0	0	0
0.00223351	0	0	0
0.00223398	0	0	0
0.00224125	0	0	0
0.00224154	0	0	0
0.00224816	0	0	0
0.00226185	0	0	0
0.00226668	0	0	0
0.00228277	0	0	0
0.00229456	0	0	0
0.00229462	0	0	0
0.00229482	0	0	0
0.00229578	0	0	0
0.00231203	0	0	0
0.00232328	0	0	0
0.00232688	0	0	0
0.00233294	0	0	0
0.00233833	0	0	0
0.00234917	0	0	0
0.00235405	0	0	0
0.00235805	0	0	0
0.00236118	0	0	0
0.00238994	0	0	0
0.00239183	0	0	0
0.0024011	0	0	0
0.00240743	0	0	0
0.0024247	0	0	0
0.0024299	0	0	0
0.00243038	0	0	0
0.00243709	0	0	0
0.0024405	0	0	0
0.0024648	0	0	0
0.00247569	0	0	0
0.00248894	0	0	0
0.00249623	0	0	0
0.00249884	0	0	0
0.00249924	0	0	0
0.0025354	0	0	0
0.00253795	0	0	0
0.00254095	0	0	0
0.00254178	0	0	0
0.00254196	0	0	0
0.00254664	0	0	0
0.0025487	0	0	0
0.0025526	0	0	0
0.00257367	0	0	0
0.00257698	0	0	0
0.00258241	0	0	0
0.00259029	0	0	0
0.00259659	0	0	0
0.00260671	0	0	0
0.00260905	0	0	0
0.00262515	0	0	0
0.00262567	0	0	0
0.00262637	0	0	0
0.00263873	0	0	0
0.00265078	0	0	0
0.00265411	0	0	0
0.00267418	0	0	0
0.00267849	0	0	0
0.00267893	0	0	0
0.00267896	0	0	0
0.00268375	0	0	0
0.00268491	0	0	0
0.00269378	0	0	0
0.00269916	0	0	0
0.00270494	0	0	0
0.00271063	0	0	0
0.00271472	0	0	0
0.00275695	0	0	0
0.00276079	0	0	0
0.00276601	0	0	0
0.00277048	0	0	0
0.00277457	0	0	0
0.00277575	0	0	0
0.00279058	0	0	0
0.00279169	0	0	0
0.00280393	0	0	0
0.0028145	0	0	0
0.00283355	0	0	0
0.0028449	0	0	0
0.00284643	0	0	0
0.00284647	0	0	0
0.00285288	0	0	0
0.00285591	0	0	0
0.00286757	0	0	0
0.00286883	0	0	0
0.00287148	0	0	0
0.00288493	0	0	0
0.00290063	0	0	0
0.00290136	0	0	0
0.00290419	0	0	0
0.00290569	0	0	0
0.0029127	0	0	0
0.00293016	0	0	0
0.0029334	0	0	0
0.00295424	0	0	0
0.00295652	0	0	0
0.00295686	0	0	0
0.00296971	0	0	0
0.0029846	0	0	0
0.00300314	0	0	0
0.00300366	0	0	0
0.00301543	0	0	0
0.00305176	0	0	0
0.00306893	0	0	0
0.00307124	0	0	0
0.00310158	0	0	0
0.00310547	0	0	0
0.0031168	0	0	0
0.00314772	0	0	0
0.00315632	0	0	0
0.00315648	0	0	0
0.00320443	0	0	0
0.00320463	0	0	0
0.00324767	0	0	0
0.00326271	0	0	0
0.00328143	0	0	0
0.00329754	0	0	0
0.00330325	0	0	0
0.00332104	0	0	0
0.00332345	0	0	0
0.00334323	0	0	0
0.00336441	0	0	0
0.00336783	0	0	0
0.00339747	0	0	0
0.00343447	0	0	0
0.00346506	0	0	0
0.00347365	0	0	0
0.00348441	0	0	0
0.00350192	0	0	0
0.00350251	0	0	0
0.00354169	0	0	0
0.00356245	0	0	0
0.00358618	0	0	0
0.00361986	0	0	0
0.00362826	0	0	0
0.00366261	0	0	0
0.00368371	0	0	0
0.00370914	0	0	0
0.00375375	0	0	0
0.00376504	0	0	0
0.00378717	0	0	0
0.003789	0	0	0
0.00381382	0	0	0
0.0038458	0	0	0
0.00392058	0	0	0
0.00398792	0	0	0
0.00403236	0	0	0
0.00408545	0	0	0
0.0041111	0	0	0
0.00414884	0	0	0
0.0041568	0	0	0
0.00419261	0	0	0
0.0042656	0	0	0
0.00432971	0	0	0
0.00433067	0	0	0
0.00436926	0	0	0
0.00438455	0	0	0
0.00439281	0	0	0
0.00440941	0	0	0
0.0044427	0	0	0
0.00446087	0	0	0
0.00447961	0	0	0
0.00457907	0	0	0
0.00458795	0	0	0
0.00464239	0	0	0
0.00492342	0	0	0
0.00494873	0	0	0
0.00495031	0	0	0
0.00498842	0	0	0
0.00499857	0	0	0
0.0050695	0	0	0
0.00507392	0	0	0
0.00509224	0	0	0
0.00514146	0	0	0
0.00548582	0	0	0
0.00551957	0	0	0
0.0055338	0	0	0
0.00554781	0	0	0
0.00563423	0	0	0
0.00564343	0	0	0
0.00587902	0	0	0
0.00630424	0	0	0
0.00649855	0	0	0
0.0066587	0	0	0
0.00683853	0	0	0
0.00693626	0.0412541	0.0825083	0
0.00797172	0.123762	0	0
0.00842062	0.123762	0	0
0.00924936	0.123762	0	0
0.00967364	0.123762	0	0
0.0103914	0.123762	0	0
0.0121638	0.123762	0	0
0.0146035	0.123762	0	0
0.0152655	0.165017	0.0825083	0
0.0266302	0.247525	0	0
0.027898	0.247525	0	0.510204
0.0284053	0.288779	0.0825083	0.510204
0.0479826	0.371287	0	0.510204
0.0501494	0.371287	0	0.510204
0.08589	0.371287	0	0.510204
0.0882587	0.412541	0.0825083	0.510204
0.110813	0.49505	0	0.510204
0.112646	0.536304	0.0825083	0.510204
0.11384	0.536304	0.0825083	1.02041
0.118641	0.618812	0	1.02041
0.120926	0.618812	0	1.02041
0.121739	0.618812	0.0825083	1.02041
0.160688	0.70132	0	1.02041
0.161396	0.70132	0	1.53061
0.161591	0.70132	0.165017	1.53061
0.164986	0.783828	0.0825083	1.53061
0.187669	0.866337	0	1.53061
0.191169	0.907591	0.0825083	1.53061
0.194538	0.990099	0	1.53061
0.196234	0.990099	0.0825083	1.53061
0.200978	0.990099	0.0825083	1.53061
0.203895	1.07261	0	1.53061
0.204518	1.11386	0.0825083	1.53061
0.20571	1.19637	0	1.53061
0.217832	1.19637	0	2.04082
0.219072	1.23762	0.0825083	2.04082
0.223972	1.32013	0	2.04082
0.224504	1.36139	0.0825083	2.04082
0.226643	1.44389	0	2.04082
0.232301	1.48515	0.0825083	2.04082
0.238108	1.48515	0.0825083	2.04082
0.285305	1.56766	0	2.04082
0.298224	1.56766	0	2.04082
0.298836	1.60891	0.0825083	2.04082
0.303887	1.69142	0	2.04082
0.324688	1.69142	0	2.55102
0.324917	1.69142	0.165017	2.55102
0.329218	1.77393	0.0825083	2.55102
0.334988	1.85644	0	2.55102
0.338202	1.85644	0.0825083	2.55102
0.420279	1.93894	0	2.55102
0.42102	1.93894	0.0825083	2.55102
0.421179	1.93894	0.0825083	3.06122
0.424477	1.93894	0.0825083	3.06122
0.42515	2.02145	0	3.06122
0.430224	2.06271	0.0825083	3.06122
0.440353	2.14521	0	3.06122
0.441765	2.14521	0.165017	3.06122
0.442364	2.22772	0.0825083	3.06122
0.45144	2.31023	0	3.06122
0.452803	2.35149	0.0825083	3.06122
0.473547	2.43399	0	3.06122
0.481151	2.43399	0	3.06122
0.482209	2.43399	0.165017	3.06122
0.482647	2.5165	0.0825083	3.06122
0.483242	2.5165	0.247525	3.06122
0.483251	2.59901	0.165017	3.06122
0.486256	2.68152	0.0825083	3.06122
0.489936	2.76403	0	3.06122
0.490249	2.80528	0.0825083	3.06122
0.514488	2.88779	0	3.06122
0.51461	2.92904	0.0825083	3.06122
0.525426	3.01155	0	3.06122
0.52631	3.05281	0.0825083	3.06122
0.544667	3.13531	0	3.06122
0.550558	3.13531	0	3.06122
0.550975	3.17657	0.0825083	3.06122
0.578639	3.25908	0	3.06122
0.588451	3.25908	0	3.06122
0.58895	3.25908	0	3.06122
0.590902	3.30033	0.0825083	3.06122
0.59113	3.38284	0	3.06122
0.591629	3.42409	0.0825083	3.06122
0.591943	3.42409	0.247525	3.06122
0.592264	3.5066	0.165017	3.06122
0.592795	3.58911	0.0825083	3.06122
0.594252	3.67162	0	3.06122
0.597048	3.67162	0	3.57143
0.598772	3.67162	0	3.57143
0.600781	3.71287	0.0825083	3.57143
0.622347	3.79538	0	3.57143
0.623706	3.79538	0.0825083	3.57143
0.625469	3.83663	0.165017	3.57143
0.626222	3.91914	0.0825083	3.57143
0.641319	4.00165	0	3.57143
0.642116	4.0429	0.0825083	3.57143
0.642199	4.12541	0	3.57143
0.643487	4.12541	0	3.57143
0.65956	4.12541	0	3.57143
0.660093	4.12541	0.0825083	3.57143
0.67979	4.20792	0	3.57143
0.680232	4.24918	0.0825083	3.57143
0.682067	4.24918	0.165017	3.57143
0.682243	4.33168	0.0825083	3.57143
0.720732	4.41419	0	3.57143
0.720969	4.41419	0.165017	3.57143
0.723744	4.4967	0.0825083	3.57143
0.728115	4.57921	0	3.57143
0.728699	4.57921	0.165017	3.57143
0.730808	4.66172	0.0825083	3.57143
0.742894	4.74422	0	3.57143
0.747283	4.78548	0.0825083	3.57143
0.778815	4.86799	0	3.57143
0.783831	4.86799	0	4.08163
0.785278	4.90924	0.0825083	4.08163
0.788178	4.99175	0	4.08163
0.807218	4.99175	0	4.08163
0.807509	4.99175	0	4.59184
0.809762	5.033	0.0825083	4.59184
0.824729	5.11551	0	4.59184
0.825329	5.15677	0.0825083	4.59184
0.826446	5.15677	0.165017	4.59184
0.830144	5.23927	0.0825083	4.59184
0.836909	5.32178	0	4.59184
0.836955	5.32178	0.165017	4.59184
0.83896	5.40429	0.0825083	4.59184
0.849928	5.4868	0	4.59184
0.85048	5.52805	0.0825083	4.59184
0.853498	5.61056	0	4.59184
0.853826	5.65182	0.0825083	4.59184
0.868633	5.73432	0	4.59184
0.870048	5.77558	0.0825083	4.59184
0.876558	5.85809	0	4.59184
0.879918	5.85809	0.0825083	4.59184
0.891369	5.94059	0	4.59184
0.891679	5.98185	0.0825083	4.59184
0.898492	6.06436	0	4.59184
0.898536	6.06436	0.0825083	4.59184
0.899508	6.14686	0	4.59184
0.901351	6.14686	0	4.59184
0.902334	6.18812	0.0825083	4.59184
0.905771	6.27063	0	4.59184
0.906213	6.31188	0.0825083	4.59184
0.907057	6.35314	0.165017	4.59184
0.907102	6.43564	0.0825083	4.59184
0.908323	6.51815	0	4.59184
0.912937	6.51815	0	5.10204
0.912996	6.51815	0.165017	5.10204
0.913609	6.60066	0.0825083	5.10204
0.918859	6.68317	0	5.10204
0.922679	6.72442	0.0825083	5.10204
0.936591	6.80693	0	5.10204
0.937004	6.84818	0.0825083	5.10204
0.967569	6.93069	0	5.10204
0.973583	6.93069	0	5.10204
0.974228	6.97195	0.0825083	5.10204
0.975972	7.05446	0	5.10204
0.976807	7.09571	0.0825083	5.10204
0.9812	7.17822	0	5.10204
0.984887	7.17822	0	5.61225
0.993224	7.17822	0	6.12245
0.993742	7.17822	0.165017	6.12245
0.99386	7.26073	0.0825083	6.12245
1.00876	7.34323	0	6.12245
1.00941	7.38449	0.0825083	6.12245
1.01339	7.467	0	6.12245
1.01369	7.467	0.165017	6.12245
1.01425	7.5495	0.0825083	6.12245
1.01471	7.5495	0.0825083	6.63265
1.04249	7.63201	0	6.63265
1.04635	7.67327	0.0825083	6.63265
1.04646	7.71452	0.165017	6.63265
1.04824	7.79703	0.0825083	6.63265
1.05006	7.79703	0.247525	6.63265
1.05068	7.87954	0.165017	6.63265
1.05153	7.96205	0.0825083	6.63265
1.05837	8.04455	0	6.63265
1.06395	8.04455	0	7.14286
1.06641	8.08581	0.0825083	7.14286
1.0793	8.16832	0	7.14286
1.08169	8.20957	0.0825083	7.14286
1.08172	8.25082	0.165017	7.14286
1.08264	8.33333	0.0825083	7.14286
1.08958	8.41584	0	7.14286
1.1372	8.41584	0	7.14286
1.13726	8.4571	0.0825083	7.14286
1.13837	8.5396	0	7.14286
1.14019	8.58086	0.0825083	7.14286
1.1512	8.66337	0	7.14286
1.15188	8.66337	0.0825083	7.14286
1.16912	8.74587	0	7.14286
1.17933	8.74587	0	7.14286
1.18447	8.78713	0.0825083	7.14286
1.18639	8.82838	0.165017	7.14286
1.18676	8.82838	0.247525	7.14286
1.18831	8.91089	0.165017	7.14286
1.19975	8.9934	0.0825083	7.14286
1.21123	9.07591	0	7.14286
1.21264	9.07591	0	7.65306
1.21362	9.11716	0.0825083	7.65306
1.23473	9.19967	0	7.65306
1.23497	9.24092	0.0825083	7.65306
1.23853	9.32343	0	7.65306
1.24259	9.32343	0.165017	7.65306
1.24401	9.40594	0.0825083	7.65306
1.2464	9.48845	0	7.65306
1.25107	9.48845	0.0825083	7.65306
1.25217	9.5297	0.165017	7.65306
1.25227	9.5297	0.330033	7.65306
1.25327	9.61221	0.247525	7.65306
1.25378	9.69472	0.165017	7.65306
1.25624	9.77723	0.0825083	7.65306
1.26585	9.85974	0	7.65306
1.26772	9.85974	0.0825083	7.65306
1.26774	9.90099	0.165017	7.65306
1.2898	9.9835	0.0825083	7.65306
1.29158	10.0248	0.165017	7.65306
1.29857	10.1073	0.0825083	7.65306
1.30366	10.1485	0.165017	7.65306
1.30735	10.231	0.0825083	7.65306
1.30866	10.2723	0.165017	7.65306
1.33132	10.3548	0.0825083	7.65306
1.33641	10.3548	0.165017	7.65306
1.33843	10.396	0.247525	7.65306
1.33918	10.4785	0.165017	7.65306
1.34347	10.5611	0.0825083	7.65306
1.34556	10.5611	0.247525	7.65306
1.34651	10.6436	0.165017	7.65306
1.35898	10.7261	0.0825083	7.65306
1.3606	10.7261	0.165017	7.65306
1.36337	10.8086	0.0825083	7.65306
1.36439	10.8086	0.165017	7.65306
1.37279	10.8911	0.0825083	7.65306
1.37283	10.9323	0.165017	7.65306
1.37927	11.0149	0.0825083	7.65306
1.37964	11.0149	0.0825083	8.16327
1.38103	11.0149	0.0825083	8.16327
1.41639	11.0149	0.0825083	8.67347
1.41646	11.0561	0.165017	8.67347
1.42459	11.1386	0.0825083	8.67347
1.43059	11.1386	0.0825083	8.67347
1.43184	11.1386	0.247525	8.67347
1.43305	11.2211	0.165017	8.67347
1.45922	11.3036	0.0825083	8.67347
1.46118	11.3036	0.0825083	8.67347
1.46154	11.3036	0.0825083	8.67347
1.46365	11.3861	0	8.67347
1.4651	11.4274	0.0825083	8.67347
1.50787	11.5099	0	8.67347
1.51475	11.5099	0	9.18367
1.5174	11.5099	0.0825083	9.18367
1.53765	11.5924	0	9.18367
1.5388	11.6337	0.0825083	9.18367
1.5509	11.7162	0	9.18367
1.55549	11.7574	0.0825083	9.18367
1.5561	11.7574	0.0825083	9.69388
1.55894	11.8399	0	9.69388
1.56015	11.8812	0.0825083	9.69388
1.5685	11.9637	0	9.69388
1.61035	11.9637	0	10.2041
1.61054	12.005	0.0825083	10.2041
1.61072	12.005	0.247525	10.2041
1.61155	12.0875	0.165017	10.2041
1.61306	12.17	0.0825083	10.2041
1.61992	12.2525	0	10.2041
1.6204	12.2937	0.0825083	10.2041
1.6283	12.3762	0	10.2041
1.62834	12.4175	0.0825083	10.2041
1.65811	12.5	0	10.2041
1.65811	12.5	0.0825083	10.2041
1.67192	12.5825	0	10.2041
1.67379	12.6238	0.0825083	10.2041
1.68411	12.7063	0	10.2041
1.68478	12.7063	0.165017	10.2041
1.68756	12.7888	0.0825083	10.2041
1.68761	12.83	0.165017	10.2041
1.6888	12.9125	0.0825083	10.2041
1.72008	12.995	0	10.2041
1.72205	13.0363	0.0825083	10.2041
1.72254	13.1188	0	10.2041
1.73403	13.1601	0.0825083	10.2041
1.75594	13.2426	0	10.2041
1.76214	13.2426	0	10.7143
1.76231	13.2838	0.0825083	10.7143
1.76407	13.3663	0	10.7143
1.76457	13.3663	0.0825083	10.7143
1.77803	13.4488	0	10.7143
1.82043	13.4488	0	11.2245
1.82123	13.4901	0.0825083	11.2245
1.83683	13.5726	0	11.2245
1.83798	13.5726	0.165017	11.2245
1.83977	13.6551	0.0825083	11.2245
1.85557	13.7376	0	11.2245
1.85562	13.7376	0.0825083	11.2245
1.85883	13.8201	0	11.2245
1.86231	13.8614	0.0825083	11.2245
1.87282	13.9439	0	11.2245
1.87544	13.9439	0.165017	11.2245
1.87632	14.0264	0.0825083	11.2245
1.90015	14.1089	0	11.2245
1.90044	14.1089	0.165017	11.2245
1.90405	14.1914	0.0825083	11.2245
1.90431	14.2327	0.165017	11.2245
1.91124	14.3152	0.0825083	11.2245
1.93002	14.3977	0	11.2245
1.9314	14.3977	0	11.7347
1.93995	14.3977	0	12.2449
1.94005	14.3977	0.165017	12.2449
1.94047	14.4802	0.0825083	12.2449
1.9615	14.5627	0	12.2449
1.96316	14.5627	0	12.7551
1.96349	14.5627	0.0825083	12.7551
1.96813	14.6452	0	12.7551
1.96965	14.6865	0.0825083	12.7551
1.97031	14.7277	0.165017	12.7551
1.97044	14.769	0.247525	12.7551
1.9713	14.8515	0.165017	12.7551
1.97301	14.934	0.0825083	12.7551
1.98202	15.0165	0	12.7551
1.98269	15.0165	0.165017	12.7551
1.98414	15.099	0.0825083	12.7551
2.00731	15.1815	0	12.7551
2.00874	15.2228	0.0825083	12.7551
2.01161	15.3053	0	12.7551
2.03819	15.3053	0	13.2653
2.03825	15.3465	0.0825083	13.2653
2.05733	15.429	0	13.2653
2.05754	15.429	0.165017	13.2653
2.0583	15.5116	0.0825083	13.2653
2.07263	15.5941	0	13.2653
2.07305	15.5941	0.165017	13.2653
2.07308	15.6766	0.0825083	13.2653
2.10413	15.7591	0	13.2653
2.105	15.7591	0.165017	13.2653
2.10684	15.8416	0.0825083	13.2653
2.14678	15.9241	0	13.2653
2.14779	15.9653	0.0825083	13.2653
2.16978	16.0479	0	13.2653
2.17162	16.0891	0.0825083	13.2653
2.1944	16.1716	0	13.2653
2.19579	16.2129	0.0825083	13.2653
2.20047	16.2954	0	13.2653
2.22606	16.2954	0	13.2653
2.22915	16.2954	0.0825083	13.2653
2.22942	16.3779	0	13.2653
2.22943	16.3779	0.0825083	13.2653
2.23061	16.3779	0.0825083	13.7755
2.23094	16.3779	0.0825083	14.2857
2.24362	16.4604	0	14.2857
2.24427	16.4604	0	14.7959
2.24568	16.4604	0.165017	14.7959
2.2483	16.5429	0.0825083	14.7959
2.24972	16.5842	0.165017	14.7959
2.25627	16.6667	0.0825083	14.7959
2.26505	16.6667	0.0825083	15.3061
2.26613	16.6667	0.165017	15.3061
2.26651	16.6667	0.247525	15.3061
2.26853	16.7492	0.165017	15.3061
2.2689	16.8317	0.0825083	15.3061
2.26913	16.8317	0.247525	15.3061
2.26927	16.9142	0.165017	15.3061
2.26943	16.9967	0.0825083	15.3061
2.27092	16.9967	0.247525	15.3061
2.27387	17.0792	0.165017	15.3061
2.28344	17.1617	0.0825083	15.3061
2.28369	17.1617	0.247525	15.3061
2.28832	17.2442	0.165017	15.3061
2.29303	17.3267	0.0825083	15.3061
2.32856	17.3267	0.0825083	15.3061
2.33003	17.368	0.165017	15.3061
2.33126	17.368	0.165017	15.8163
2.3582	17.4505	0.0825083	15.8163
2.35856	17.4505	0.0825083	15.8163
2.3592	17.4917	0.165017	15.8163
2.39493	17.5743	0.0825083	15.8163
2.39497	17.5743	0.247525	15.8163
2.3967	17.6568	0.165017	15.8163
2.41796	17.7393	0.0825083	15.8163
2.42086	17.7393	0.165017	15.8163
2.44098	17.8218	0.0825083	15.8163
2.4414	17.8218	0.247525	15.8163
2.4416	17.9043	0.165017	15.8163
2.45537	17.9868	0.0825083	15.8163
2.45783	18.0281	0.165017	15.8163
2.46005	18.1106	0.0825083	15.8163
2.46052	18.1518	0.165017	15.8163
2.46063	18.2343	0.0825083	15.8163
2.46201	18.2343	0.165017	15.8163
2.46623	18.3168	0.0825083	15.8163
2.46697	18.3581	0.165017	15.8163
2.46965	18.4406	0.0825083	15.8163
2.47297	18.4406	0.165017	15.8163
2.47343	18.5231	0.0825083	15.8163
2.48048	18.5644	0.165017	15.8163
2.4839	18.6469	0.0825083	15.8163
2.48501	18.6881	0.165017	15.8163
2.52126	18.7706	0.0825083	15.8163
2.5213	18.7706	0.247525	15.8163
2.52202	18.8119	0.330033	15.8163
2.52232	18.8944	0.247525	15.8163
2.52669	18.9769	0.165017	15.8163
2.58544	19.0594	0.0825083	15.8163
2.58599	19.0594	0.247525	15.8163
2.58672	19.1419	0.165017	15.8163
2.59118	19.1419	0.165017	16.8367
2.63101	19.2244	0.0825083	16.8367
2.63296	19.2244	0.165017	16.8367
2.69951	19.3069	0.0825083	16.8367
2.7006	19.3482	0.165017	16.8367
2.72408	19.4307	0.0825083	16.8367
2.72698	19.4307	0.0825083	17.3469
2.72884	19.4719	0.165017	17.3469
2.73	19.5545	0.0825083	17.3469
2.73402	19.5545	0.0825083	17.8571
2.73435	19.5957	0.165017	17.8571
2.73741	19.6782	0.0825083	17.8571
2.76808	19.6782	0.0825083	18.3673
2.77433	19.7195	0.165017	18.3673
2.7754	19.802	0.0825083	18.3673
2.77747	19.802	0.247525	18.3673
2.77763	19.8845	0.165017	18.3673
2.78941	19.967	0.0825083	18.3673
2.79213	20.0083	0.165017	18.3673
2.80865	20.0908	0.0825083	18.3673
2.81636	20.0908	0.0825083	18.8776
2.8188	20.0908	0.0825083	19.3878
2.82056	20.0908	0.247525	19.3878
2.8235	20.1733	0.165017	19.3878
2.82604	20.2558	0.0825083	19.3878
2.82725	20.2558	0.165017	19.3878
2.82746	20.297	0.247525	19.3878
2.828	20.297	0.412541	19.3878
2.82836	20.3795	0.330033	19.3878
2.82863	20.462	0.247525	19.3878
2.83127	20.5446	0.165017	19.3878
2.83164	20.5446	0.165017	19.898
2.8387	20.6271	0.0825083	19.898
2.84276	20.6271	0.0825083	20.4082
2.84281	20.6683	0.165017	20.4082
2.86108	20.7508	0.0825083	20.4082
2.86121	20.7508	0.0825083	20.9184
2.86292	20.7921	0.165017	20.9184
2.87627	20.8746	0.0825083	20.9184
2.88394	20.8746	0.0825083	21.4286
2.88458	20.8746	0.247525	21.4286
2.885	20.9571	0.165017	21.4286
2.89814	21.0396	0.0825083	21.4286
2.89824	21.0396	0.247525	21.4286
2.89956	21.1221	0.165017	21.4286
2.903	21.2046	0.0825083	21.4286
2.90325	21.2046	0.247525	21.4286
2.9131	21.2871	0.165017	21.4286
2.95791	21.3696	0.0825083	21.4286
2.9581	21.3696	0.0825083	21.9388
2.95899	21.3696	0.0825083	21.9388
2.95919	21.3696	0.0825083	21.9388
2.95968	21.3696	0.0825083	21.9388
2.97293	21.4521	0	21.9388
2.976	21.4934	0.0825083	21.9388
2.99509	21.5759	0	21.9388
2.99539	21.6172	0.0825083	21.9388
2.99643	21.6997	0	21.9388
2.9976	21.7409	0.0825083	21.9388
3.01158	21.8234	0	21.9388
3.01384	21.8647	0.0825083	21.9388
3.0277	21.9472	0	21.9388
3.02822	21.9884	0.0825083	21.9388
3.02863	21.9884	0.165017	21.9388
3.02981	22.071	0.0825083	21.9388
3.04187	22.1535	0	21.9388
3.0591	22.1535	0	22.449
3.07382	22.1947	0.0825083	22.449
3.07847	22.236	0.165017	22.449
3.0936	22.3185	0.0825083	22.449
3.14724	22.3185	0.0825083	22.9592
3.14865	22.3597	0.165017	22.9592
3.15219	22.3597	0.165017	23.4694
3.15222	22.3597	0.330033	23.4694
3.15385	22.4422	0.247525	23.4694
3.15664	22.5248	0.165017	23.4694
3.15999	22.6073	0.0825083	23.4694
3.1613	22.6073	0.165017	23.4694
3.17129	22.6898	0.0825083	23.4694
3.17624	22.731	0.165017	23.4694
3.17878	22.8135	0.0825083	23.4694
3.17916	22.8548	0.165017	23.4694
3.18852	22.9373	0.0825083	23.4694
3.1905	22.9373	0.0825083	23.9796
3.19204	22.9785	0.165017	23.9796
3.20141	23.0611	0.0825083	23.9796
3.20231	23.1023	0.165017	23.9796
3.20972	23.1848	0.0825083	23.9796
3.21016	23.2261	0.165017	23.9796
3.22573	23.3086	0.0825083	23.9796
3.24766	23.3086	0.0825083	24.4898
3.25024	23.3086	0.0825083	25.5102
3.25369	23.3086	0.165017	25.5102
3.28228	23.3911	0.0825083	25.5102
3.28789	23.3911	0.0825083	26.0204
3.28951	23.4323	0.165017	26.0204
3.30759	23.5149	0.0825083	26.0204
3.3089	23.5149	0.247525	26.0204
3.31667	23.5974	0.165017	26.0204
3.33357	23.6799	0.0825083	26.0204
3.33654	23.7211	0.165017	26.0204
3.337	23.7624	0.247525	26.0204
3.33843	23.8449	0.165017	26.0204
3.3664	23.9274	0.0825083	26.0204
3.36869	23.9274	0.247525	26.0204
3.36873	24.0099	0.165017	26.0204
3.37018	24.0924	0.0825083	26.0204
3.37498	24.0924	0.0825083	26.5306
3.38481	24.0924	0.0825083	27.0408
3.38489	24.0924	0.247525	27.0408
3.3849	24.1749	0.165017	27.0408
3.39863	24.2574	0.0825083	27.0408
3.39886	24.2987	0.165017	27.0408
3.48474	24.3812	0.0825083	27.0408
3.48769	24.4224	0.165017	27.0408
3.51516	24.5049	0.0825083	27.0408
3.5506	24.5049	0.0825083	28.0612
3.55165	24.5462	0.165017	28.0612
3.56875	24.6287	0.0825083	28.0612
3.56901	24.67	0.165017	28.0612
3.57581	24.7525	0.0825083	28.0612
3.57922	24.7937	0.165017	28.0612
3.58078	24.8762	0.0825083	28.0612
3.58184	24.9175	0.165017	28.0612
3.58247	25	0.0825083	28.0612
3.58294	25.0413	0.165017	28.0612
3.58498	25.1238	0.0825083	28.0612
3.58535	25.165	0.165017	28.0612
3.59868	25.2475	0.0825083	28.0612
3.59878	25.2888	0.165017	28.0612
3.59922	25.33	0.247525	28.0612
3.59996	25.4125	0.165017	28.0612
3.61961	25.4951	0.0825083	28.0612
3.62633	25.5363	0.165017	28.0612
3.62958	25.6188	0.0825083	28.0612
3.63143	25.6188	0.247525	28.0612
3.63235	25.7013	0.165017	28.0612
3.6376	25.7838	0.0825083	28.0612
3.64238	25.7838	0.165017	28.0612
3.67776	25.8663	0.0825083	28.0612
3.67777	25.9076	0.165017	28.0612
3.67814	25.9076	0.165017	28.5714
3.68476	25.9901	0.0825083	28.5714
3.68598	25.9901	0.247525	28.5714
3.6864	26.0726	0.165017	28.5714
3.68758	26.1551	0.0825083	28.5714
3.68812	26.1964	0.165017	28.5714
3.68826	26.2789	0.0825083	28.5714
3.69036	26.2789	0.247525	28.5714
3.69336	26.3614	0.165017	28.5714
3.69805	26.4439	0.0825083	28.5714
3.69834	26.4439	0.165017	28.5714
3.70246	26.5264	0.0825083	28.5714
3.70645	26.5264	0.165017	28.5714
3.71243	26.6089	0.0825083	28.5714
3.71417	26.6089	0.247525	28.5714
3.71642	26.6914	0.165017	28.5714
3.72318	26.7739	0.0825083	28.5714
3.72379	26.8152	0.165017	28.5714
3.72405	26.8564	0.247525	28.5714
3.72663	26.9389	0.165017	28.5714
3.75568	27.0215	0.0825083	28.5714
3.79046	27.0215	0.0825083	29.0816
3.79652	27.0215	0.0825083	30.102
3.80748	27.104	0	30.102
3.81096	27.104	0.0825083	30.102
3.81612	27.1865	0	30.102
3.81929	27.2277	0.0825083	30.102
3.83133	27.3102	0	30.102
3.8342	27.3102	0	30.6122
3.8358	27.3515	0.0825083	30.6122
3.85716	27.434	0	30.6122
3.86277	27.4752	0.0825083	30.6122
3.86336	27.5165	0.165017	30.6122
3.86626	27.599	0.0825083	30.6122
3.87982	27.6815	0	30.6122
3.8805	27.6815	0.0825083	30.6122
3.90803	27.764	0	30.6122
3.9105	27.764	0	31.1224
3.91846	27.764	0.0825083	31.1224
3.91929	27.8465	0	31.1224
3.92033	27.8878	0.0825083	31.1224
3.92097	27.8878	0.165017	31.1224
3.92893	27.9703	0.0825083	31.1224
3.96064	28.0528	0	31.1224
3.9617	28.0941	0.0825083	31.1224
3.96456	28.1766	0	31.1224
3.96658	28.1766	0.0825083	31.1224
3.97427	28.2591	0	31.1224
3.97594	28.2591	0.165017	31.1224
3.97686	28.3416	0.0825083	31.1224
4.00688	28.4241	0	31.1224
4.00959	28.4241	0.165017	31.1224
4.00966	28.5066	0.0825083	31.1224
4.01446	28.5891	0	31.1224
4.01657	28.5891	0	31.6327
4.01894	28.6304	0.0825083	31.6327
4.02114	28.6304	0.247525	31.6327
4.02167	28.7129	0.165017	31.6327
4.0234	28.7954	0.0825083	31.6327
4.02471	28.8779	0	31.6327
4.02501	28.8779	0.165017	31.6327
4.02588	28.9604	0.0825083	31.6327
4.05012	29.0429	0	31.6327
4.05079	29.0429	0.0825083	31.6327
4.07391	29.1254	0	31.6327
4.0741	29.1667	0.0825083	31.6327
4.08701	29.2492	0	31.6327
4.08733	29.2904	0.0825083	31.6327
4.09625	29.3729	0	31.6327
4.11952	29.3729	0	32.1429
4.13592	29.3729	0	32.6531
4.14461	29.3729	0.0825083	32.6531
4.15169	29.4554	0	32.6531
4.16531	29.4554	0	32.6531
4.16743	29.4967	0.0825083	32.6531
4.17078	29.5792	0	32.6531
4.17191	29.5792	0	32.6531
4.17345	29.5792	0.165017	32.6531
4.17636	29.6617	0.0825083	32.6531
4.18068	29.7442	0	32.6531
4.18185	29.7855	0.0825083	32.6531
4.1875	29.868	0	32.6531
4.27039	29.868	0	33.1633
4.27205	29.9092	0.0825083	33.1633
4.27538	29.9917	0	33.1633
4.27744	30.033	0.0825083	33.1633
4.27984	30.1155	0	33.1633
4.2927	30.1155	0	33.6735
4.2955	30.1568	0.0825083	33.6735
4.32964	30.2393	0	33.6735
4.33006	30.2805	0.0825083	33.6735
4.33335	30.363	0	33.6735
4.33427	30.4043	0.0825083	33.6735
4.3547	30.4868	0	33.6735
4.38096	30.4868	0	34.6939
4.38373	30.4868	0.0825083	34.6939
4.43625	30.5693	0	34.6939
4.43918	30.5693	0	35.2041
4.43961	30.5693	0.165017	35.2041
4.44034	30.6518	0.0825083	35.2041
4.4477	30.7343	0	35.2041
4.44959	30.7756	0.0825083	35.2041
4.49291	30.8581	0	35.2041
4.49427	30.8581	0.0825083	35.2041
4.49776	30.9406	0	35.2041
4.49867	30.9818	0.0825083	35.2041
4.50004	31.0231	0.165017	35.2041
4.50059	31.1056	0.0825083	35.2041
4.51047	31.1881	0	35.2041
4.51111	31.2294	0.0825083	35.2041
4.54307	31.3119	0	35.2041
4.54353	31.3119	0.0825083	35.2041
4.54486	31.3119	0.0825083	35.2041
4.54587	31.3944	0	35.2041
4.54793	31.3944	0	35.7143
4.55656	31.3944	0	36.2245
4.55786	31.4356	0.0825083	36.2245
4.56847	31.5182	0	36.2245
4.57062	31.5594	0.0825083	36.2245
4.5708	31.5594	0.165017	36.2245
4.57101	31.6419	0.0825083	36.2245
4.59728	31.7244	0	36.2245
4.59732	31.7244	0.165017	36.2245
4.59744	31.8069	0.0825083	36.2245
4.59986	31.8894	0	36.2245
4.63402	31.8894	0	36.7347
4.6341	31.9307	0.0825083	36.7347
4.64681	32.0132	0	36.7347
4.64747	32.0545	0.0825083	36.7347
4.65712	32.137	0	36.7347
4.65719	32.1782	0.0825083	36.7347
4.65909	32.2607	0	36.7347
4.6614	32.302	0.0825083	36.7347
4.67317	32.3845	0	36.7347
4.67342	32.3845	0.165017	36.7347
4.6751	32.467	0.0825083	36.7347
4.68041	32.5495	0	36.7347
4.6805	32.5495	0.165017	36.7347
4.68382	32.632	0.0825083	36.7347
4.68952	32.7145	0	36.7347
4.69827	32.7145	0	37.2449
4.7012	32.7145	0.0825083	37.2449
4.70737	32.797	0	37.2449
4.70785	32.8383	0.0825083	37.2449
4.71521	32.9208	0	37.2449
4.71796	32.962	0.0825083	37.2449
4.73145	33.0446	0	37.2449
4.73234	33.0446	0.0825083	37.2449
4.74488	33.1271	0	37.2449
4.74592	33.1271	0.0825083	37.2449
4.7708	33.2096	0	37.2449
4.77117	33.2508	0.0825083	37.2449
4.78411	33.3333	0	37.2449
4.78435	33.3746	0.0825083	37.2449
4.7854	33.4571	0	37.2449
4.79231	33.4571	0	37.7551
4.79272	33.4571	0.0825083	37.7551
4.80694	33.5396	0	37.7551
4.80884	33.5809	0.0825083	37.7551
4.82578	33.6634	0	37.7551
4.82806	33.7046	0.0825083	37.7551
4.82874	33.7871	0	37.7551
4.8311	33.8284	0.0825083	37.7551
4.83123	33.9109	0	37.7551
4.83678	33.9109	0	38.2653
4.84071	33.9109	0.165017	38.2653
4.84185	33.9934	0.0825083	38.2653
4.88842	34.0759	0	38.2653
4.90196	34.1172	0.0825083	38.2653
4.90278	34.1172	0.165017	38.2653
4.90551	34.1997	0.0825083	38.2653
4.90623	34.2409	0.165017	38.2653
4.92165	34.3234	0.0825083	38.2653
4.92263	34.3647	0.165017	38.2653
4.92712	34.4472	0.0825083	38.2653
4.92881	34.4472	0.247525	38.2653
4.92906	34.5297	0.165017	38.2653
4.93043	34.6122	0.0825083	38.2653
4.93214	34.6535	0.165017	38.2653
4.96884	34.736	0.0825083	38.2653
4.96939	34.736	0.247525	38.2653
4.9746	34.8185	0.165017	38.2653
4.98458	34.901	0.0825083	38.2653
4.98596	34.9422	0.165017	38.2653
5.01128	35.0248	0.0825083	38.2653
5.01878	35.0248	0.165017	38.2653
5.03284	35.0248	0.165017	38.2653
5.03312	35.066	0.247525	38.2653
5.04786	35.1485	0.165017	38.2653
5.04833	35.1898	0.247525	38.2653
5.0739	35.2723	0.165017	38.2653
5.07448	35.2723	0.247525	38.2653
5.09434	35.3548	0.165017	38.2653
5.11207	35.3548	0.165017	38.7755
5.11237	35.396	0.247525	38.7755
5.11435	35.4785	0.165017	38.7755
5.11488	35.5198	0.247525	38.7755
5.11761	35.6023	0.165017	38.7755
5.16584	35.6023	0.247525	38.7755
5.16676	35.6436	0.330033	38.7755
5.17128	35.7261	0.247525	38.7755
5.18579	35.7261	0.247525	39.2857
5.18688	35.7261	0.412541	39.2857
5.19013	35.8086	0.330033	39.2857
5.19071	35.8911	0.247525	39.2857
5.23306	35.8911	0.247525	39.7959
5.23657	35.9323	0.330033	39.7959
5.23831	35.9323	0.49505	39.7959
5.23842	36.0149	0.412541	39.7959
5.23918	36.0974	0.330033	39.7959
5.25101	36.1799	0.247525	39.7959
5.25145	36.2211	0.330033	39.7959
5.25966	36.3036	0.247525	39.7959
5.28714	36.3036	0.247525	40.8163
5.28726	36.3036	0.412541	40.8163
5.28799	36.3861	0.330033	40.8163
5.30533	36.4686	0.247525	40.8163
5.30979	36.5099	0.330033	40.8163
5.3326	36.5924	0.247525	40.8163
5.33268	36.6337	0.330033	40.8163
5.3407	36.7162	0.247525	40.8163
5.34075	36.7162	0.412541	40.8163
5.34213	36.7987	0.330033	40.8163
5.36779	36.8812	0.247525	40.8163
5.3678	36.8812	0.412541	40.8163
5.36788	36.9224	0.49505	40.8163
5.37001	37.005	0.412541	40.8163
5.37019	37.0875	0.330033	40.8163
5.41038	37.17	0.247525	40.8163
5.41249	37.2112	0.330033	40.8163
5.41733	37.2112	0.330033	41.3265
5.41757	37.2525	0.412541	41.3265
5.41794	37.335	0.330033	41.3265
5.4315	37.4175	0.247525	41.3265
5.43437	37.4175	0.247525	41.8367
5.46876	37.4175	0.247525	42.3469
5.46945	37.4587	0.330033	42.3469
5.47149	37.5413	0.247525	42.3469
5.47477	37.5825	0.330033	42.3469
5.47668	37.665	0.247525	42.3469
5.47908	37.7063	0.330033	42.3469
5.50474	37.7888	0.247525	42.3469
5.50914	37.83	0.330033	42.3469
5.5117	37.9125	0.247525	42.3469
5.51233	37.9538	0.330033	42.3469
5.54356	38.0363	0.247525	42.3469
5.54502	38.0776	0.330033	42.3469
5.55309	38.1601	0.247525	42.3469
5.58372	38.2426	0.165017	42.3469
5.58466	38.2426	0.247525	42.3469
5.64968	38.3251	0.165017	42.3469
5.66618	38.3251	0.165017	42.8571
5.66714	38.3663	0.247525	42.8571
5.69538	38.4488	0.165017	42.8571
5.69718	38.4901	0.247525	42.8571
5.70158	38.5726	0.165017	42.8571
5.70183	38.5726	0.330033	42.8571
5.70629	38.6551	0.247525	42.8571
5.71451	38.7376	0.165017	42.8571
5.71463	38.7789	0.247525	42.8571
5.74198	38.8614	0.165017	42.8571
5.78851	38.9439	0.0825083	42.8571
5.78854	38.9439	0.247525	42.8571
5.79175	39.0264	0.165017	42.8571
5.79312	39.1089	0.0825083	42.8571
5.79558	39.1089	0.0825083	43.3673
5.79759	39.1502	0.165017	43.3673
5.79889	39.2327	0.0825083	43.3673
5.81646	39.2327	0.0825083	43.8776
5.81656	39.2739	0.165017	43.8776
5.823	39.3564	0.0825083	43.8776
5.82641	39.3977	0.165017	43.8776
5.83785	39.4802	0.0825083	43.8776
5.83801	39.4802	0.165017	43.8776
5.84873	39.5627	0.0825083	43.8776
5.85595	39.604	0.165017	43.8776
5.87382	39.6865	0.0825083	43.8776
5.87436	39.6865	0.165017	43.8776
5.88623	39.769	0.0825083	43.8776
5.8867	39.769	0.247525	43.8776
5.88767	39.8515	0.165017	43.8776
5.90218	39.934	0.0825083	43.8776
5.90845	39.9752	0.165017	43.8776
5.90982	40.0165	0.247525	43.8776
5.91161	40.099	0.165017	43.8776
5.91742	40.1815	0.0825083	43.8776
5.92027	40.2228	0.165017	43.8776
5.99227	40.3053	0.0825083	43.8776
6.02825	40.3053	0.0825083	44.3878
6.02863	40.3465	0.165017	44.3878
6.04554	40.429	0.0825083	44.3878
6.04572	40.4703	0.165017	44.3878
6.07673	40.5528	0.0825083	44.3878
6.07739	40.5528	0.247525	44.3878
6.07798	40.6353	0.165017	44.3878
6.09324	40.7178	0.0825083	44.3878
6.09371	40.7178	0.165017	44.3878
6.10963	40.8003	0.0825083	44.3878
6.11001	40.8416	0.165017	44.3878
6.12299	40.9241	0.0825083	44.3878
6.12344	40.9241	0.247525	44.3878
6.12878	41.0066	0.165017	44.3878
6.14593	41.0891	0.0825083	44.3878
6.14703	41.1304	0.165017	44.3878
6.15437	41.2129	0.0825083	44.3878
6.15447	41.2129	0.247525	44.3878
6.15643	41.2954	0.165017	44.3878
6.1761	41.3779	0.0825083	44.3878
6.17832	41.3779	0.165017	44.3878
6.21026	41.4604	0.0825083	44.3878
6.2105	41.5017	0.165017	44.3878
6.2134	41.5842	0.0825083	44.3878
6.21376	41.6254	0.165017	44.3878
6.24805	41.7079	0.0825083	44.3878
6.24931	41.7492	0.165017	44.3878
6.24933	41.8317	0.0825083	44.3878
6.25245	41.8317	0.0825083	44.898
6.25364	41.8317	0.247525	44.898
6.25817	41.9142	0.165017	44.898
6.3068	41.9967	0.0825083	44.898
6.31336	41.9967	0.0825083	45.9184
6.3156	42.038	0.165017	45.9184
6.33893	42.1205	0.0825083	45.9184
6.34034	42.1617	0.165017	45.9184
6.34176	42.2442	0.0825083	45.9184
6.34628	42.2855	0.165017	45.9184
6.39991	42.368	0.0825083	45.9184
6.40688	42.4092	0.165017	45.9184
6.41496	42.4917	0.0825083	45.9184
6.41568	42.4917	0.247525	45.9184
6.4179	42.5743	0.165017	45.9184
6.41795	42.6568	0.0825083	45.9184
6.46117	42.6568	0.0825083	46.4286
6.49313	42.6568	0.0825083	47.449
6.49708	42.6568	0.165017	47.449
6.51468	42.7393	0.0825083	47.449
6.515	42.7393	0.247525	47.449
6.52065	42.8218	0.165017	47.449
6.52171	42.9043	0.0825083	47.449
6.52627	42.9043	0.0825083	48.4694
6.52658	42.9043	0.0825083	48.9796
6.54217	42.9043	0.0825083	49.4898
6.54342	42.9455	0.165017	49.4898
6.54586	43.0281	0.0825083	49.4898
6.54741	43.0281	0.165017	49.4898
6.54865	43.1106	0.0825083	49.4898
6.65041	43.1106	0.0825083	50
6.65415	43.1106	0.0825083	51.0204
6.65453	43.1518	0.165017	51.0204
6.68506	43.2343	0.0825083	51.0204
6.76462	43.2343	0.0825083	52.0408
6.76537	43.2343	0.165017	52.0408
6.76592	43.2343	0.330033	52.0408
6.76623	43.2756	0.412541	52.0408
6.76635	43.3581	0.330033	52.0408
6.76645	43.4406	0.247525	52.0408
6.76733	43.5231	0.165017	52.0408
6.79263	43.6056	0.0825083	52.0408
6.7928	43.6056	0.247525	52.0408
6.79309	43.6881	0.165017	52.0408
6.82634	43.7706	0.0825083	52.0408
6.88546	43.7706	0.0825083	52.551
6.88582	43.8119	0.165017	52.551
6.90361	43.8944	0.0825083	52.551
6.90466	43.9356	0.165017	52.551
6.94435	44.0182	0.0825083	52.551
6.94527	44.0182	0.165017	52.551
6.96523	44.1007	0.0825083	52.551
6.97336	44.1007	0.0825083	53.0612
6.97346	44.1007	0.247525	53.0612
6.97522	44.1832	0.165017	53.0612
6.98678	44.2657	0.0825083	53.0612
6.9868	44.2657	0.247525	53.0612
6.98721	44.3069	0.330033	53.0612
6.98747	44.3894	0.247525	53.0612
6.98767	44.4719	0.165017	53.0612
7.00138	44.5545	0.0825083	53.0612
7.00252	44.5957	0.165017	53.0612
7.0468	44.6782	0.0825083	53.0612
7.04701	44.7195	0.165017	53.0612
7.0674	44.802	0.0825083	53.0612
7.06817	44.8432	0.165017	53.0612
7.09375	44.9257	0.0825083	53.0612
7.09597	44.967	0.165017	53.0612
7.09765	45.0083	0.247525	53.0612
7.09782	45.0908	0.165017	53.0612
7.10133	45.0908	0.165017	54.0816
7.12137	45.1733	0.0825083	54.0816
7.13841	45.1733	0.0825083	54.5918
7.15123	45.2145	0.165017	54.5918
7.15197	45.2558	0.247525	54.5918
7.16308	45.3383	0.165017	54.5918
7.21086	45.3383	0.247525	54.5918
7.21247	45.3795	0.330033	54.5918
7.21831	45.462	0.247525	54.5918
7.22507	45.462	0.247525	55.102
7.22546	45.462	0.412541	55.102
7.228	45.5446	0.330033	55.102
7.23993	45.6271	0.247525	55.102
7.2669	45.6271	0.247525	56.1224
7.26743	45.6683	0.330033	56.1224
7.26971	45.7508	0.247525	56.1224
7.27018	45.7508	0.330033	56.1224
7.27227	45.7921	0.412541	56.1224
7.27665	45.8746	0.330033	56.1224
7.32734	45.9571	0.247525	56.1224
7.32841	45.9983	0.330033	56.1224
7.34082	46.0809	0.247525	56.1224
7.37323	46.0809	0.247525	56.6327
7.39644	46.0809	0.247525	57.1429
7.39817	46.1221	0.330033	57.1429
7.39893	46.2046	0.247525	57.1429
7.39982	46.2459	0.330033	57.1429
7.40047	46.3284	0.247525	57.1429
7.40605	46.3696	0.330033	57.1429
7.40828	46.4521	0.247525	57.1429
7.40934	46.4934	0.330033	57.1429
7.47116	46.5759	0.247525	57.1429
7.47339	46.6172	0.330033	57.1429
7.49506	46.6997	0.247525	57.1429
7.4962	46.7409	0.330033	57.1429
7.51119	46.8234	0.247525	57.1429
7.51136	46.8647	0.330033	57.1429
7.5141	46.9472	0.247525	57.1429
7.51517	46.9472	0.412541	57.1429
7.51604	47.0297	0.330033	57.1429
7.5383	47.1122	0.247525	57.1429
7.5383	47.1122	0.412541	57.1429
7.54024	47.1947	0.330033	57.1429
7.55278	47.2772	0.247525	57.1429
7.55816	47.3597	0.165017	57.1429
7.58582	47.3597	0.165017	57.6531
7.58641	47.401	0.247525	57.6531
7.58946	47.4835	0.165017	57.6531
7.59099	47.4835	0.330033	57.6531
7.59581	47.566	0.247525	57.6531
7.66003	47.6485	0.165017	57.6531
7.66175	47.6898	0.247525	57.6531
7.66318	47.7723	0.165017	57.6531
7.66335	47.8135	0.247525	57.6531
7.68346	47.896	0.165017	57.6531
7.68443	47.9373	0.247525	57.6531
7.69976	48.0198	0.165017	57.6531
7.70177	48.0611	0.247525	57.6531
7.7197	48.1436	0.165017	57.6531
7.72115	48.1848	0.247525	57.6531
7.77352	48.2673	0.165017	57.6531
7.77468	48.3086	0.247525	57.6531
7.77562	48.3911	0.165017	57.6531
7.77574	48.4323	0.247525	57.6531
7.78336	48.5149	0.165017	57.6531
7.78578	48.5561	0.247525	57.6531
7.82901	48.6386	0.165017	57.6531
7.83005	48.6799	0.247525	57.6531
7.83706	48.7624	0.165017	57.6531
7.83707	48.8036	0.247525	57.6531
7.85549	48.8861	0.165017	57.6531
7.85667	48.8861	0.247525	57.6531
7.86837	48.9686	0.165017	57.6531
7.87277	48.9686	0.330033	57.6531
7.875	49.0512	0.247525	57.6531
7.91976	49.1337	0.165017	57.6531
7.92059	49.1749	0.247525	57.6531
7.94315	49.2574	0.165017	57.6531
7.94401	49.2987	0.247525	57.6531
7.94945	49.3812	0.165017	57.6531
7.95235	49.3812	0.165017	58.6735
7.95313	49.4224	0.247525	58.6735
7.98291	49.505	0.165017	58.6735
7.98367	49.505	0.330033	58.6735
7.98404	49.5875	0.247525	58.6735
7.99375	49.67	0.165017	58.6735
8.00161	49.7525	0.0825083	58.6735
8.00889	49.7525	0.165017	58.6735
8.01654	49.835	0.0825083	58.6735
8.01664	49.8762	0.165017	58.6735
8.01689	49.9175	0.247525	58.6735
8.01888	50	0.165017	58.6735
8.02083	50	0.330033	58.6735
8.02156	50.0825	0.247525	58.6735
8.02201	50.165	0.165017	58.6735
8.05471	50.2475	0.0825083	58.6735
8.05593	50.2475	0.0825083	59.6939
8.05732	50.2475	0.165017	59.6939
8.10826	50.33	0.0825083	59.6939
8.10891	50.33	0.165017	59.6939
8.12224	50.4125	0.0825083	59.6939
8.12263	50.4125	0.247525	59.6939
8.12563	50.495	0.165017	59.6939
8.12782	50.5776	0.0825083	59.6939
8.13076	50.6188	0.165017	59.6939
8.13186	50.7013	0.0825083	59.6939
8.13217	50.7013	0.247525	59.6939
8.13295	50.7838	0.165017	59.6939
8.13831	50.8663	0.0825083	59.6939
8.13844	50.9076	0.165017	59.6939
8.14854	50.9901	0.0825083	59.6939
8.14884	50.9901	0.247525	59.6939
8.15025	51.0726	0.165017	59.6939
8.19041	51.1551	0.0825083	59.6939
8.19051	51.1964	0.165017	59.6939
8.21269	51.2789	0.0825083	59.6939
8.21548	51.2789	0.247525	59.6939
8.21645	51.3614	0.165017	59.6939
8.22369	51.4439	0.0825083	59.6939
8.22469	51.4439	0.165017	59.6939
8.23832	51.5264	0.0825083	59.6939
8.23889	51.5677	0.165017	59.6939
8.24278	51.6502	0.0825083	59.6939
8.24286	51.6914	0.165017	59.6939
8.25392	51.7739	0.0825083	59.6939
8.2554	51.8152	0.165017	59.6939
8.32053	51.8977	0.0825083	59.6939
8.32357	51.8977	0.247525	59.6939
8.32426	51.9802	0.165017	59.6939
8.34306	52.0627	0.0825083	59.6939
8.35655	52.0627	0.0825083	60.7143
8.38061	52.0627	0.0825083	61.2245
8.38751	52.0627	0.0825083	61.7347
8.39052	52.104	0.165017	61.7347
8.41303	52.1865	0.0825083	61.7347
8.41484	52.1865	0.0825083	62.7551
8.41485	52.1865	0.247525	62.7551
8.41635	52.269	0.165017	62.7551
8.44197	52.3515	0.0825083	62.7551
8.48113	52.3515	0.0825083	63.7755
8.48269	52.3515	0.247525	63.7755
8.48337	52.434	0.165017	63.7755
8.50918	52.5165	0.0825083	63.7755
8.55534	52.5165	0.0825083	64.7959
8.56294	52.5578	0.165017	64.7959
8.56307	52.599	0.247525	64.7959
8.58734	52.6815	0.165017	64.7959
8.58927	52.6815	0.330033	64.7959
8.58951	52.7228	0.412541	64.7959
8.59053	52.8053	0.330033	64.7959
8.5917	52.8878	0.247525	64.7959
8.60619	52.9703	0.165017	64.7959
8.61289	53.0528	0.0825083	64.7959
8.61508	53.0941	0.165017	64.7959
8.61596	53.1766	0.0825083	64.7959
8.61917	53.2178	0.165017	64.7959
8.65053	53.3003	0.0825083	64.7959
8.65186	53.3003	0.247525	64.7959
8.65467	53.3828	0.165017	64.7959
8.6705	53.4653	0.0825083	64.7959
8.67926	53.5066	0.165017	64.7959
8.71083	53.5891	0.0825083	64.7959
8.71103	53.6304	0.165017	64.7959
8.71374	53.7129	0.0825083	64.7959
8.73565	53.7129	0.0825083	65.3061
8.74184	53.7129	0.0825083	65.8163
8.83203	53.7129	0.0825083	66.3265
8.83247	53.7541	0.165017	66.3265
8.85843	53.8366	0.0825083	66.3265
8.85887	53.8779	0.165017	66.3265
8.86674	53.9604	0.0825083	66.3265
8.86837	54.0017	0.165017	66.3265
8.90432	54.0842	0.0825083	66.3265
8.90683	54.1254	0.165017	66.3265
8.91317	54.1667	0.247525	66.3265
8.93962	54.2492	0.165017	66.3265
8.94126	54.2904	0.247525	66.3265
8.98869	54.3729	0.165017	66.3265
8.98928	54.3729	0.330033	66.3265
8.99188	54.4554	0.247525	66.3265
8.99256	54.4554	0.330033	66.3265
8.99448	54.538	0.247525	66.3265
8.99658	54.538	0.247525	66.8367
9.00187	54.6205	0.165017	66.8367
9.0035	54.6617	0.247525	66.8367
9.00936	54.7442	0.165017	66.8367
9.01173	54.7855	0.247525	66.8367
9.05428	54.868	0.165017	66.8367
9.06117	54.9092	0.247525	66.8367
9.08265	54.9917	0.165017	66.8367
9.08487	54.9917	0.330033	66.8367
9.08718	55.0743	0.247525	66.8367
9.09207	55.1568	0.165017	66.8367
9.09449	55.198	0.247525	66.8367
9.09801	55.2805	0.165017	66.8367
9.0981	55.2805	0.330033	66.8367
9.09879	55.363	0.247525	66.8367
9.14909	55.4455	0.165017	66.8367
9.15013	55.4868	0.247525	66.8367
9.16077	55.5693	0.165017	66.8367
9.16343	55.6106	0.247525	66.8367
9.16484	55.6106	0.247525	67.8571
9.17403	55.6931	0.165017	67.8571
9.17455	55.7343	0.247525	67.8571
9.17567	55.7756	0.330033	67.8571
9.17625	55.8581	0.247525	67.8571
9.20035	55.9406	0.165017	67.8571
9.20314	55.9818	0.247525	67.8571
9.23309	56.0644	0.165017	67.8571
9.25438	56.0644	0.165017	68.8775
9.25612	56.0644	0.165017	69.3878
9.25995	56.1056	0.247525	69.3878
9.26748	56.1881	0.165017	69.3878
9.27225	56.2294	0.247525	69.3878
9.27288	56.2706	0.330033	69.3878
9.27467	56.3531	0.247525	69.3878
9.29724	56.4356	0.165017	69.3878
9.29726	56.4769	0.247525	69.3878
9.42873	56.5594	0.165017	69.3878
9.45275	56.5594	0.165017	69.898
9.45419	56.6007	0.247525	69.898
9.47726	56.6832	0.165017	69.898
9.47957	56.7244	0.247525	69.898
9.49769	56.8069	0.165017	69.898
9.50709	56.8069	0.165017	70.9184
9.50725	56.8482	0.247525	70.9184
9.55139	56.9307	0.165017	70.9184
9.55482	56.9719	0.247525	70.9184
9.6855	57.0545	0.165017	70.9184
9.68649	57.0545	0.330033	70.9184
9.68731	57.137	0.247525	70.9184
9.68993	57.2195	0.165017	70.9184
9.68997	57.2195	0.247525	70.9184
9.69208	57.302	0.165017	70.9184
9.74101	57.302	0.165017	71.4286
9.80179	57.302	0.165017	72.449
9.80268	57.302	0.330033	72.449
9.80285	57.3845	0.247525	72.449
9.81899	57.467	0.165017	72.449
9.82181	57.467	0.247525	72.449
9.82924	57.5495	0.165017	72.449
9.86367	57.5495	0.165017	73.4694
9.86454	57.5908	0.247525	73.4694
9.89201	57.6733	0.165017	73.4694
9.89438	57.7145	0.247525	73.4694
9.91621	57.797	0.165017	73.4694
9.91857	57.797	0.165017	73.9796
9.91988	57.797	0.330033	73.9796
9.92245	57.8795	0.247525	73.9796
9.93276	57.962	0.165017	73.9796
9.93327	58.0033	0.247525	73.9796
9.94359	58.0858	0.165017	73.9796
9.98435	58.0858	0.165017	74.4898
9.98482	58.1271	0.247525	74.4898
9.99727	58.2096	0.165017	74.4898
9.9978	58.2508	0.247525	74.4898
10.0031	58.3333	0.165017	74.4898
10.0071	58.3746	0.247525	74.4898
10.0586	58.4571	0.165017	74.4898
10.0598	58.4983	0.247525	74.4898
10.0643	58.5809	0.165017	74.4898
10.0656	58.5809	0.165017	75.5102
10.0659	58.5809	0.247525	75.5102
10.0923	58.6634	0.165017	75.5102
10.0928	58.7046	0.247525	75.5102
10.112	58.7871	0.165017	75.5102
10.1138	58.7871	0.330033	75.5102
10.1146	58.8696	0.247525	75.5102
10.1733	58.9521	0.165017	75.5102
10.1737	58.9521	0.330033	75.5102
10.1779	59.0347	0.247525	75.5102
10.1917	59.1172	0.165017	75.5102
10.2622	59.1997	0.0825083	75.5102
10.2623	59.1997	0.247525	75.5102
10.2626	59.1997	0.330033	75.5102
10.2633	59.2822	0.247525	75.5102
10.264	59.3647	0.165017	75.5102
10.274	59.4472	0.0825083	75.5102
10.2771	59.4884	0.165017	75.5102
10.3027	59.571	0.0825083	75.5102
10.303	59.571	0.247525	75.5102
10.3046	59.6535	0.165017	75.5102
10.3504	59.736	0.0825083	75.5102
10.3509	59.7772	0.165017	75.5102
10.3514	59.8185	0.247525	75.5102
10.3522	59.901	0.165017	75.5102
10.4178	59.9835	0.0825083	75.5102
10.4186	60.0248	0.165017	75.5102
10.4661	60.1073	0.0825083	75.5102
10.467	60.1485	0.165017	75.5102
10.4834	60.231	0.0825083	75.5102
10.4857	60.231	0.165017	75.5102
10.4997	60.3135	0.0825083	75.5102
10.5023	60.3548	0.165017	75.5102
10.5063	60.4373	0.0825083	75.5102
10.5395	60.4373	0.0825083	76.5306
10.5428	60.4373	0.165017	76.5306
10.5475	60.5198	0.0825083	76.5306
10.5476	60.5198	0.165017	76.5306
10.5487	60.6023	0.0825083	76.5306
10.6608	60.6023	0.0825083	77.551
10.661	60.6436	0.165017	77.551
10.6807	60.7261	0.0825083	77.551
10.6862	60.7261	0.165017	77.551
10.7	60.8086	0.0825083	77.551
10.7035	60.8498	0.165017	77.551
10.7442	60.9323	0.0825083	77.551
10.745	60.9736	0.165017	77.551
10.746	61.0561	0.0825083	77.551
10.7488	61.0974	0.165017	77.551
10.7636	61.1799	0.0825083	77.551
10.7663	61.2211	0.165017	77.551
10.8081	61.3036	0.0825083	77.551
10.8547	61.3036	0.0825083	78.5714
10.8607	61.3449	0.165017	78.5714
10.9476	61.4274	0.0825083	78.5714
11.0312	61.5099	0	78.5714
11.0317	61.5512	0.0825083	78.5714
11.0419	61.6337	0	78.5714
11.0436	61.6337	0.165017	78.5714
11.046	61.7162	0.0825083	78.5714
11.059	61.7987	0	78.5714
11.0659	61.8399	0.0825083	78.5714
11.0806	61.9224	0	78.5714
11.0808	61.9224	0.165017	78.5714
11.0881	62.005	0.0825083	78.5714
11.0934	62.0875	0	78.5714
11.0982	62.1287	0.0825083	78.5714
11.1005	62.2112	0	78.5714
11.1034	62.2525	0.0825083	78.5714
11.112	62.335	0	78.5714
11.1154	62.335	0.0825083	78.5714
11.1212	62.4175	0	78.5714
11.1225	62.4175	0.0825083	78.5714
11.2535	62.5	0	78.5714
11.2575	62.5413	0.0825083	78.5714
11.2577	62.5825	0.165017	78.5714
11.2588	62.6238	0.247525	78.5714
11.2596	62.7063	0.165017	78.5714
11.2695	62.7888	0.0825083	78.5714
11.3307	62.8713	0	78.5714
11.3312	62.8713	0.0825083	78.5714
11.4052	62.9538	0	78.5714
11.4056	62.9538	0.0825083	78.5714
11.4304	63.0363	0	78.5714
11.4308	63.0776	0.0825083	78.5714
11.4343	63.1601	0	78.5714
11.4358	63.2013	0.0825083	78.5714
11.4399	63.2838	0	78.5714
11.4415	63.2838	0.165017	78.5714
11.4415	63.3663	0.0825083	78.5714
11.4455	63.4488	0	78.5714
11.4468	63.4901	0.0825083	78.5714
11.565	63.5726	0	78.5714
11.5681	63.6139	0.0825083	78.5714
11.5938	63.6964	0	78.5714
11.5956	63.7376	0.0825083	78.5714
11.6493	63.8201	0	78.5714
11.6493	63.8614	0.0825083	78.5714
11.6936	63.9439	0	78.5714
11.8126	63.9439	0	79.0816
11.8147	63.9439	0.0825083	79.0816
11.8421	64.0264	0	79.0816
11.8427	64.0677	0.0825083	79.0816
11.8436	64.0677	0.165017	79.0816
11.8469	64.1502	0.0825083	79.0816
11.9071	64.2327	0	79.0816
11.9084	64.2327	0.0825083	79.0816
11.936	64.3152	0	79.0816
11.9369	64.3564	0.0825083	79.0816
11.9789	64.4389	0	79.0816
11.979	64.4389	0.0825083	79.0816
12.0007	64.5215	0	79.0816
12.0057	64.5627	0.0825083	79.0816
12.0441	64.6452	0	79.0816
12.049	64.6865	0.0825083	79.0816
12.0671	64.769	0	79.0816
12.0672	64.8102	0.0825083	79.0816
12.3017	64.8927	0	79.0816
12.3021	64.8927	0.165017	79.0816
12.3022	64.9753	0.0825083	79.0816
12.306	65.0578	0	79.0816
12.3093	65.099	0.0825083	79.0816
12.3263	65.1815	0	79.0816
12.327	65.1815	0.165017	79.0816
12.3321	65.264	0.0825083	79.0816
12.3421	65.3465	0	79.0816
12.3438	65.3465	0.0825083	79.0816
12.3793	65.429	0	79.0816
12.4369	65.429	0	80.102
12.4816	65.429	0	81.1225
12.4823	65.429	0.165017	81.1225
12.4908	65.5116	0.0825083	81.1225
12.521	65.5941	0	81.1225
12.5224	65.6353	0.0825083	81.1225
12.5693	65.7178	0	81.1225
12.5961	65.7178	0	81.6327
12.5977	65.7178	0.165017	81.6327
12.5994	65.8003	0.0825083	81.6327
12.6686	65.8828	0	81.6327
12.6699	65.8828	0.0825083	81.6327
12.6815	65.9653	0	81.6327
12.6823	66.0066	0.0825083	81.6327
12.6895	66.0891	0	81.6327
12.7005	66.0891	0	82.6531
12.7322	66.0891	0	83.1633
12.7343	66.1304	0.0825083	83.1633
12.7602	66.2129	0	83.1633
12.7613	66.2541	0.0825083	83.1633
12.8267	66.3366	0	83.1633
12.8271	66.3366	0.165017	83.1633
12.828	66.4191	0.0825083	83.1633
12.8387	66.5016	0	83.1633
12.8437	66.5016	0.0825083	83.1633
12.8676	66.5842	0	83.1633
12.8696	66.5842	0.0825083	83.1633
12.9246	66.6667	0	83.1633
12.9259	66.6667	0.165017	83.1633
12.9292	66.7492	0.0825083	83.1633
12.93	66.8317	0	83.1633
12.9302	66.8729	0.0825083	83.1633
13.0571	66.9554	0	83.1633
13.0572	66.9967	0.0825083	83.1633
13.0761	67.0792	0	83.1633
13.0775	67.1205	0.0825083	83.1633
13.1062	67.203	0	83.1633
13.1082	67.203	0.165017	83.1633
13.1094	67.2855	0.0825083	83.1633
13.1895	67.368	0	83.1633
13.1902	67.4092	0.0825083	83.1633
13.2778	67.4918	0	83.1633
13.2782	67.533	0.0825083	83.1633
13.2855	67.6155	0	83.1633
13.2885	67.6568	0.0825083	83.1633
13.3077	67.7393	0	83.1633
13.3144	67.7393	0	84.1837
13.3162	67.7805	0.0825083	84.1837
13.3251	67.863	0	84.1837
13.3292	67.9043	0.0825083	84.1837
13.3416	67.9868	0	84.1837
13.3433	67.9868	0.165017	84.1837
13.3448	68.0693	0.0825083	84.1837
13.4657	68.1518	0	84.1837
13.4669	68.1518	0.165017	84.1837
13.467	68.2343	0.0825083	84.1837
13.6033	68.3168	0	84.1837
13.6119	68.3168	0.0825083	84.1837
13.6818	68.3993	0	84.1837
13.6824	68.3993	0.165017	84.1837
13.6825	68.4818	0.0825083	84.1837
13.6842	68.5644	0	84.1837
13.6866	68.6056	0.0825083	84.1837
13.7322	68.6881	0	84.1837
13.7385	68.7294	0.0825083	84.1837
13.7721	68.8119	0	84.1837
13.7781	68.8531	0.0825083	84.1837
13.9044	68.9356	0	84.1837
13.9246	68.9356	0	85.2041
13.9277	68.9769	0.0825083	85.2041
13.9404	69.0594	0	85.2041
13.9404	69.1007	0.0825083	85.2041
13.9452	69.1832	0	85.2041
13.9463	69.2244	0.0825083	85.2041
13.965	69.3069	0	85.2041
13.9669	69.3069	0.0825083	85.2041
13.9872	69.3894	0	85.2041
13.9879	69.3894	0.165017	85.2041
13.9913	69.4719	0.0825083	85.2041
13.9915	69.4719	0.247525	85.2041
13.9916	69.5545	0.165017	85.2041
13.9921	69.637	0.0825083	85.2041
13.9965	69.7195	0	85.2041
13.9978	69.7607	0.0825083	85.2041
14.0248	69.8432	0	85.2041
14.0254	69.8845	0.0825083	85.2041
14.0734	69.967	0	85.2041
14.0738	69.967	0.165017	85.2041
14.0766	70.0495	0.0825083	85.2041
14.1011	70.132	0	85.2041
14.1038	70.132	0.0825083	85.2041
14.1042	70.1733	0.165017	85.2041
14.1936	70.2558	0.0825083	85.2041
14.1959	70.2558	0.247525	85.2041
14.1966	70.3383	0.165017	85.2041
14.2276	70.4208	0.0825083	85.2041
14.2283	70.462	0.165017	85.2041
14.3006	70.5446	0.0825083	85.2041
14.3014	70.5858	0.165017	85.2041
14.3694	70.6683	0.0825083	85.2041
14.379	70.7096	0.165017	85.2041
14.3996	70.7921	0.0825083	85.2041
14.402	70.8333	0.165017	85.2041
14.4918	70.9158	0.0825083	85.2041
14.4956	70.9158	0.247525	85.2041
14.4963	70.9984	0.165017	85.2041
14.5365	71.0809	0.0825083	85.2041
14.5379	71.1221	0.165017	85.2041
14.7028	71.2046	0.0825083	85.2041
14.7037	71.2459	0.165017	85.2041
14.7533	71.3284	0.0825083	85.2041
14.7576	71.3696	0.165017	85.2041
14.7734	71.4521	0.0825083	85.2041
14.7746	71.4934	0.165017	85.2041
14.8039	71.5759	0.0825083	85.2041
14.8048	71.6172	0.165017	85.2041
14.8057	71.6172	0.330033	85.2041
14.8063	71.6997	0.247525	85.2041
14.8068	71.7822	0.165017	85.2041
14.832	71.8647	0.0825083	85.2041
14.8332	71.9059	0.165017	85.2041
14.8376	71.9884	0.0825083	85.2041
14.8382	71.9884	0.247525	85.2041
14.8481	72.071	0.165017	85.2041
14.8608	72.1535	0.0825083	85.2041
14.861	72.1535	0.247525	85.2041
14.8613	72.236	0.165017	85.2041
14.8915	72.3185	0.0825083	85.2041
14.8921	72.3597	0.165017	85.2041
14.8928	72.401	0.247525	85.2041
14.8947	72.4835	0.165017	85.2041
14.9045	72.566	0.0825083	85.2041
14.905	72.6073	0.165017	85.2041
14.9357	72.6898	0.0825083	85.2041
14.9365	72.6898	0.247525	85.2041
14.9366	72.7723	0.165017	85.2041
14.937	72.8548	0.0825083	85.2041
14.9381	72.8548	0.247525	85.2041
14.9394	72.9373	0.165017	85.2041
14.9634	73.0198	0.0825083	85.2041
14.9642	73.0611	0.165017	85.2041
15.1044	73.1436	0.0825083	85.2041
15.1046	73.1436	0.165017	85.2041
15.1463	73.2261	0.0825083	85.2041
15.2003	73.2261	0.247525	85.2041
15.2276	73.3086	0.165017	85.2041
15.2287	73.3498	0.247525	85.2041
15.2603	73.4323	0.165017	85.2041
15.2627	73.4323	0.330033	85.2041
15.2633	73.5149	0.247525	85.2041
15.2666	73.5974	0.165017	85.2041
15.2668	73.5974	0.247525	85.2041
15.281	73.6799	0.165017	85.2041
15.2864	73.7211	0.247525	85.2041
15.4056	73.8036	0.165017	85.2041
15.4148	73.8449	0.247525	85.2041
15.4953	73.9274	0.165017	85.2041
15.4973	73.9686	0.247525	85.2041
15.5004	74.0512	0.165017	85.2041
15.501	74.0924	0.247525	85.2041
15.5321	74.1749	0.165017	85.2041
15.5333	74.1749	0.247525	85.2041
15.5476	74.2574	0.165017	85.2041
15.5489	74.2987	0.247525	85.2041
15.5515	74.2987	0.247525	85.7143
15.5902	74.3812	0.165017	85.7143
15.5916	74.3812	0.247525	85.7143
15.6296	74.4637	0.165017	85.7143
15.6303	74.4637	0.247525	85.7143
15.6623	74.5462	0.165017	85.7143
15.6632	74.5875	0.247525	85.7143
15.7642	74.67	0.165017	85.7143
15.7688	74.7112	0.247525	85.7143
15.7845	74.7937	0.165017	85.7143
15.7863	74.835	0.247525	85.7143
15.8236	74.9175	0.165017	85.7143
15.824	74.9175	0.330033	85.7143
15.8266	75	0.247525	85.7143
15.8455	75.0825	0.165017	85.7143
15.8469	75.0825	0.330033	85.7143
15.8501	75.165	0.247525	85.7143
15.9137	75.2475	0.165017	85.7143
15.9146	75.2888	0.247525	85.7143
15.9269	75.3713	0.165017	85.7143
15.9287	75.4125	0.247525	85.7143
15.9564	75.495	0.165017	85.7143
15.9567	75.495	0.330033	85.7143
15.9567	75.5776	0.247525	85.7143
15.9684	75.6601	0.165017	85.7143
15.9698	75.7013	0.247525	85.7143
16.0348	75.7838	0.165017	85.7143
16.0571	75.7838	0.165017	86.7347
16.0577	75.7838	0.330033	86.7347
16.0579	75.8663	0.247525	86.7347
16.0602	75.9488	0.165017	86.7347
16.0821	75.9488	0.165017	87.7551
16.0829	75.9901	0.247525	87.7551
16.087	76.0726	0.165017	87.7551
16.1922	76.1551	0.0825083	87.7551
16.1931	76.1964	0.165017	87.7551
16.2497	76.2789	0.0825083	87.7551
16.2519	76.3201	0.165017	87.7551
16.2995	76.4026	0.0825083	87.7551
16.3433	76.4026	0.0825083	88.7755
16.3439	76.4026	0.247525	88.7755
16.3449	76.4851	0.165017	88.7755
16.4124	76.5677	0.0825083	88.7755
16.4148	76.6089	0.165017	88.7755
16.541	76.6914	0.0825083	88.7755
16.5415	76.6914	0.247525	88.7755
16.5418	76.7739	0.165017	88.7755
16.5933	76.8564	0.0825083	88.7755
16.5953	76.8564	0.165017	88.7755
16.6226	76.9389	0.0825083	88.7755
16.6316	76.9389	0.0825083	89.2857
16.6322	76.9802	0.165017	89.2857
16.6409	77.0627	0.0825083	89.2857
16.6415	77.104	0.165017	89.2857
16.7114	77.1865	0.0825083	89.2857
16.7146	77.2277	0.165017	89.2857
16.7148	77.3102	0.0825083	89.2857
16.7158	77.3515	0.165017	89.2857
17.0384	77.434	0.0825083	89.2857
17.0394	77.4753	0.165017	89.2857
17.0968	77.5578	0.0825083	89.2857
17.0969	77.599	0.165017	89.2857
17.1	77.6815	0.0825083	89.2857
17.1765	77.6815	0.0825083	90.3061
17.2133	77.6815	0.0825083	90.8163
17.2164	77.7228	0.165017	90.8163
17.2201	77.8053	0.0825083	90.8163
17.2215	77.8053	0.247525	90.8163
17.2245	77.8878	0.165017	90.8163
17.2457	77.9703	0.0825083	90.8163
17.2475	78.0116	0.165017	90.8163
17.2969	78.0941	0.0825083	90.8163
17.2986	78.0941	0.165017	90.8163
17.3344	78.1766	0.0825083	90.8163
17.3348	78.1766	0.247525	90.8163
17.337	78.2591	0.165017	90.8163
17.3833	78.3416	0.0825083	90.8163
17.386	78.3828	0.165017	90.8163
17.5388	78.4653	0.0825083	90.8163
17.5392	78.4653	0.165017	90.8163
17.5773	78.5479	0.0825083	90.8163
17.5782	78.5479	0.165017	90.8163
17.5813	78.6304	0.0825083	90.8163
17.5817	78.6716	0.165017	90.8163
17.6262	78.7541	0.0825083	90.8163
17.6298	78.7954	0.165017	90.8163
17.6529	78.8779	0.0825083	90.8163
17.6529	78.9191	0.165017	90.8163
17.7099	79.0016	0.0825083	90.8163
17.7103	79.0016	0.247525	90.8163
17.7141	79.0842	0.165017	90.8163
17.8102	79.1667	0.0825083	90.8163
17.8106	79.1667	0.247525	90.8163
17.8107	79.2492	0.165017	90.8163
17.811	79.2492	0.330033	90.8163
17.8582	79.3317	0.247525	90.8163
17.8611	79.3317	0.412541	90.8163
17.8638	79.4142	0.330033	90.8163
17.9483	79.4967	0.247525	90.8163
17.9622	79.5792	0.165017	90.8163
17.9637	79.6205	0.247525	90.8163
17.9967	79.703	0.165017	90.8163
17.9977	79.703	0.330033	90.8163
17.9977	79.7855	0.247525	90.8163
18.1171	79.868	0.165017	90.8163
18.1174	79.9092	0.247525	90.8163
18.1529	79.9918	0.165017	90.8163
18.1537	80.033	0.247525	90.8163
18.2975	80.1155	0.165017	90.8163
18.2976	80.1568	0.247525	90.8163
18.3338	80.2393	0.165017	90.8163
18.3345	80.2393	0.330033	90.8163
18.3365	80.3218	0.247525	90.8163
18.3373	80.363	0.330033	90.8163
18.3401	80.4455	0.247525	90.8163
18.4417	80.5281	0.165017	90.8163
18.4443	80.5693	0.247525	90.8163
18.4877	80.6518	0.165017	90.8163
18.4879	80.6931	0.247525	90.8163
18.7329	80.7756	0.165017	90.8163
18.826	80.8581	0.0825083	90.8163
18.8317	80.8993	0.165017	90.8163
18.8416	80.9818	0.0825083	90.8163
18.8434	81.0231	0.165017	90.8163
18.8633	81.1056	0.0825083	90.8163
18.8636	81.1469	0.165017	90.8163
18.8875	81.2294	0.0825083	90.8163
18.9017	81.3119	0	90.8163
18.9065	81.3531	0.0825083	90.8163
19.0969	81.4356	0	90.8163
19.0999	81.4769	0.0825083	90.8163
19.1298	81.5594	0	90.8163
19.1321	81.6007	0.0825083	90.8163
19.199	81.6832	0	90.8163
19.1995	81.6832	0.0825083	90.8163
19.2066	81.7657	0	90.8163
19.2097	81.7657	0.0825083	90.8163
19.2543	81.8482	0	90.8163
19.2582	81.8894	0.0825083	90.8163
19.3063	81.9719	0	90.8163
19.307	82.0132	0.0825083	90.8163
19.3954	82.0957	0	90.8163
19.3955	82.0957	0.165017	90.8163
19.3964	82.1782	0.0825083	90.8163
19.5862	82.2607	0	90.8163
19.5887	82.302	0.0825083	90.8163
19.6215	82.3845	0	90.8163
19.6254	82.3845	0.0825083	90.8163
19.6669	82.467	0	90.8163
19.6678	82.5082	0.0825083	90.8163
19.6683	82.5908	0	90.8163
19.6687	82.632	0.0825083	90.8163
19.6706	82.6733	0.165017	90.8163
19.671	82.7558	0.0825083	90.8163
20.1264	82.8383	0	90.8163
20.1271	82.8383	0.165017	90.8163
20.1277	82.9208	0.0825083	90.8163
20.1288	83.0033	0	90.8163
20.1311	83.0446	0.0825083	90.8163
20.1926	83.1271	0	90.8163
20.193	83.1683	0.0825083	90.8163
20.3508	83.2508	0	90.8163
20.3534	83.2921	0.0825083	90.8163
20.3851	83.3746	0	90.8163
20.3864	83.4158	0.0825083	90.8163
20.4111	83.4984	0	90.8163
20.4127	83.5396	0.0825083	90.8163
20.6313	83.6221	0	90.8163
20.6327	83.6634	0.0825083	90.8163
20.6904	83.7459	0	90.8163
20.7309	83.7459	0	91.3265
20.7344	83.7459	0.0825083	91.3265
20.7751	83.8284	0	91.3265
20.7752	83.8284	0.0825083	91.3265
20.8135	83.9109	0	91.3265
20.8152	83.9521	0.0825083	91.3265
20.8443	84.0347	0	91.3265
20.8453	84.0759	0.0825083	91.3265
20.8839	84.1584	0	91.3265
20.8839	84.1584	0.165017	91.3265
20.887	84.2409	0.0825083	91.3265
20.9059	84.3234	0	91.3265
20.9068	84.3647	0.0825083	91.3265
20.9866	84.4472	0	91.3265
20.9868	84.4884	0.0825083	91.3265
21.2447	84.571	0	91.3265
21.2451	84.6122	0.0825083	91.3265
21.3055	84.6947	0	91.3265
21.3055	84.736	0.0825083	91.3265
21.378	84.8185	0	91.3265
21.3787	84.8185	0.165017	91.3265
21.3789	84.901	0.0825083	91.3265
21.4726	84.9835	0	91.3265
21.4755	85.0247	0.0825083	91.3265
21.5436	85.1073	0	91.3265
21.5442	85.1485	0.0825083	91.3265
22.0894	85.231	0	91.3265
22.0927	85.2723	0.0825083	91.3265
22.134	85.3548	0	91.3265
22.1345	85.396	0.0825083	91.3265
22.1421	85.4785	0	91.3265
22.1434	85.4785	0.165017	91.3265
22.1437	85.5611	0.0825083	91.3265
22.1686	85.6436	0	91.3265
22.1716	85.6848	0.0825083	91.3265
22.254	85.7673	0	91.3265
22.2573	85.8086	0.0825083	91.3265
22.3769	85.8911	0	91.3265
22.4808	85.8911	0	91.8367
22.4824	85.9323	0.0825083	91.8367
22.562	86.0149	0	91.8367
22.564	86.0561	0.0825083	91.8367
22.6088	86.1386	0	91.8367
22.6114	86.1799	0.0825083	91.8367
22.6852	86.2624	0	91.8367
22.6867	86.3036	0.0825083	91.8367
22.6938	86.3861	0	91.8367
22.6942	86.3861	0.165017	91.8367
22.6999	86.4686	0.0825083	91.8367
22.8813	86.5512	0	91.8367
22.8817	86.5512	0.165017	91.8367
22.8834	86.5512	0.330033	91.8367
22.884	86.6337	0.247525	91.8367
22.8851	86.7162	0.165017	91.8367
22.8851	86.7987	0.0825083	91.8367
22.9913	86.8812	0	91.8367
22.9922	86.9224	0.0825083	91.8367
23.0083	87.005	0	91.8367
23.0086	87.005	0.165017	91.8367
23.0097	87.0875	0.0825083	91.8367
23.0105	87.0875	0.247525	91.8367
23.0118	87.17	0.165017	91.8367
23.0162	87.2525	0.0825083	91.8367
23.0675	87.335	0	91.8367
23.0679	87.335	0.165017	91.8367
23.0683	87.4175	0.0825083	91.8367
23.1097	87.5	0	91.8367
23.1179	87.5413	0.0825083	91.8367
23.1495	87.6238	0	91.8367
23.1525	87.6238	0.0825083	91.8367
23.1681	87.7063	0	91.8367
23.1698	87.7063	0.165017	91.8367
23.1708	87.7888	0.0825083	91.8367
23.3625	87.8713	0	91.8367
23.3635	87.9125	0.0825083	91.8367
23.7726	87.995	0	91.8367
23.7748	87.995	0.0825083	91.8367
23.8716	88.0776	0	91.8367
23.9782	88.0776	0	92.8571
23.9792	88.0776	0.165017	92.8571
23.9829	88.1601	0.0825083	92.8571
24.0866	88.2426	0	92.8571
24.0883	88.2838	0.0825083	92.8571
24.2375	88.3663	0	92.8571
24.3444	88.4076	0.0825083	92.8571
24.4394	88.4076	0.0825083	93.8775
24.4431	88.4488	0.165017	93.8775
24.6392	88.5314	0.0825083	93.8775
24.9494	88.5314	0.0825083	94.898
24.9517	88.5726	0.165017	94.898
24.9698	88.6551	0.0825083	94.898
25.0737	88.6551	0.165017	94.898
25.1496	88.6551	0.165017	95.9184
25.1498	88.6551	0.330033	95.9184
25.151	88.7376	0.247525	95.9184
25.1623	88.8201	0.165017	95.9184
25.1634	88.8201	0.330033	95.9184
25.1645	88.9026	0.247525	95.9184
25.5942	88.9851	0.165017	95.9184
25.5973	89.0264	0.247525	95.9184
25.6416	89.1089	0.165017	95.9184
25.6425	89.1502	0.247525	95.9184
25.6778	89.2327	0.165017	95.9184
25.8364	89.3152	0.0825083	95.9184
25.8373	89.3152	0.247525	95.9184
25.842	89.3977	0.165017	95.9184
25.8559	89.4802	0.0825083	95.9184
25.8561	89.5215	0.165017	95.9184
25.862	89.604	0.0825083	95.9184
25.8667	89.6452	0.165017	95.9184
26.0844	89.7277	0.0825083	95.9184
26.0852	89.769	0.165017	95.9184
26.1125	89.8515	0.0825083	95.9184
26.1128	89.8515	0.247525	95.9184
26.113	89.934	0.165017	95.9184
26.1168	90.0165	0.0825083	95.9184
26.1174	90.0578	0.165017	95.9184
26.1313	90.1403	0.0825083	95.9184
26.1353	90.1815	0.165017	95.9184
26.3002	90.264	0.0825083	95.9184
26.3029	90.3053	0.165017	95.9184
26.5625	90.3878	0.0825083	95.9184
26.5652	90.429	0.165017	95.9184
26.705	90.5116	0.0825083	95.9184
26.7071	90.5116	0.247525	95.9184
26.7078	90.5941	0.165017	95.9184
26.7138	90.6766	0.0825083	95.9184
26.7177	90.6766	0.247525	95.9184
26.7178	90.7591	0.165017	95.9184
26.7417	90.8416	0.0825083	95.9184
26.7451	90.8828	0.165017	95.9184
26.7711	90.9653	0.0825083	95.9184
26.7787	91.0066	0.165017	95.9184
27.1824	91.0891	0.0825083	95.9184
27.1839	91.0891	0.247525	95.9184
27.1851	91.1716	0.165017	95.9184
27.1864	91.2129	0.247525	95.9184
27.1871	91.2954	0.165017	95.9184
27.3834	91.3779	0.0825083	95.9184
27.3835	91.4191	0.165017	95.9184
27.4595	91.5016	0.0825083	95.9184
27.4621	91.5429	0.165017	95.9184
27.5208	91.6254	0.0825083	95.9184
27.5219	91.6667	0.165017	95.9184
27.5658	91.7492	0.0825083	95.9184
27.567	91.7492	0.165017	95.9184
27.6957	91.8317	0.0825083	95.9184
27.6964	91.8317	0.247525	95.9184
27.6966	91.9142	0.165017	95.9184
27.769	91.9967	0.0825083	95.9184
27.7696	92.038	0.165017	95.9184
28.0091	92.1205	0.0825083	95.9184
28.0125	92.1205	0.165017	95.9184
28.0227	92.203	0.0825083	95.9184
28.0277	92.2442	0.165017	95.9184
28.1252	92.3267	0.0825083	95.9184
28.1253	92.368	0.165017	95.9184
28.2381	92.4505	0.0825083	95.9184
28.2384	92.4505	0.247525	95.9184
28.24	92.533	0.165017	95.9184
28.348	92.6155	0.0825083	95.9184
28.3523	92.6568	0.165017	95.9184
28.4492	92.7393	0.0825083	95.9184
28.7541	92.8218	0	95.9184
28.7565	92.863	0.0825083	95.9184
28.842	92.9455	0	95.9184
28.8428	92.9868	0.0825083	95.9184
29.0516	93.0693	0	95.9184
29.0522	93.0693	0.165017	95.9184
29.0524	93.1518	0.0825083	95.9184
30.1093	93.2343	0	95.9184
30.1103	93.2756	0.0825083	95.9184
30.1897	93.3581	0	95.9184
30.19	93.3993	0.0825083	95.9184
30.9251	93.4818	0	95.9184
31.393	93.4818	0	96.9388
31.3934	93.5231	0.0825083	96.9388
31.4183	93.6056	0	96.9388
31.4188	93.6056	0.165017	96.9388
31.4239	93.6881	0.0825083	96.9388
32.3386	93.7706	0	96.9388
32.3426	93.8119	0.0825083	96.9388
32.7091	93.8944	0	96.9388
32.7112	93.9356	0.0825083	96.9388
33.12	94.0182	0	96.9388
33.121	94.0594	0.0825083	96.9388
33.262	94.1419	0	96.9388
33.264	94.1832	0.0825083	96.9388
33.2963	94.2657	0	96.9388
33.3026	94.3069	0.0825083	96.9388
33.3765	94.3894	0	96.9388
33.3775	94.4307	0.0825083	96.9388
33.8221	94.5132	0	96.9388
33.8229	94.5132	0.0825083	96.9388
33.8389	94.5957	0	96.9388
33.8392	94.637	0.0825083	96.9388
34.0205	94.7195	0	96.9388
34.0229	94.7607	0.0825083	96.9388
34.5939	94.8432	0	96.9388
34.5948	94.8845	0.0825083	96.9388
35.0825	94.967	0	96.9388
35.0831	94.967	0.165017	96.9388
35.0881	95.0495	0.0825083	96.9388
36.3086	95.132	0	96.9388
36.3098	95.1733	0.0825083	96.9388
37.9654	95.2558	0	96.9388
37.9666	95.297	0.0825083	96.9388
38.207	95.3795	0	96.9388
38.2584	95.3795	0	97.9592
38.2597	95.3795	0.165017	97.9592
38.2599	95.462	0.0825083	97.9592
38.7043	95.5446	0	97.9592
38.7057	95.5858	0.0825083	97.9592
38.8082	95.6683	0	97.9592
38.8082	95.6683	0.0825083	97.9592
38.8267	95.7508	0	97.9592
38.8283	95.7921	0.0825083	97.9592
38.9631	95.8746	0	97.9592
38.9639	95.9158	0.0825083	97.9592
38.9846	95.9984	0	97.9592
38.9863	95.9984	0.0825083	97.9592
39.1383	96.0809	0	97.9592
39.1387	96.1221	0.0825083	97.9592
39.7009	96.2046	0	97.9592
39.7025	96.2459	0.0825083	97.9592
40.6937	96.3284	0	97.9592
40.7008	96.3696	0.0825083	97.9592
41.0181	96.4521	0	97.9592
41.0184	96.4934	0.0825083	97.9592
41.4925	96.5759	0	97.9592
41.4929	96.5759	0.165017	97.9592
41.4966	96.6584	0.0825083	97.9592
41.82	96.7409	0	97.9592
41.8239	96.7822	0.0825083	97.9592
43.041	96.8647	0	97.9592
43.0413	96.8647	0.165017	97.9592
43.0431	96.9472	0.0825083	97.9592
43.2713	97.0297	0	97.9592
43.273	97.071	0.0825083	97.9592
45.3838	97.1535	0	97.9592
45.3873	97.1535	0.165017	97.9592
45.3878	97.236	0.0825083	97.9592
45.5062	97.3185	0	97.9592
45.5072	97.3185	0.165017	97.9592
45.5073	97.401	0.0825083	97.9592
49.0703	97.4835	0	97.9592
49.0716	97.4835	0.165017	97.9592
49.0752	97.566	0.0825083	97.9592
49.8177	97.6485	0	97.9592
49.8208	97.6485	0.0825083	97.9592
50.3302	97.731	0	97.9592
50.3333	97.731	0.165017	97.9592
50.3353	97.8135	0.0825083	97.9592
51.9793	97.896	0	97.9592
51.9822	97.9373	0.0825083	97.9592
52.0299	98.0198	0	97.9592
52.0305	98.0611	0.0825083	97.9592
52.8181	98.1436	0	97.9592
52.8244	98.1848	0.0825083	97.9592
54.7193	98.2673	0	97.9592
54.7209	98.3086	0.0825083	97.9592
60.1443	98.3911	0	97.9592
60.1451	98.4323	0.0825083	97.9592
67.3978	98.5149	0	97.9592
67.4012	98.5149	0.165017	97.9592
69.7493	98.5974	0.0825083	97.9592
70.039	98.6799	0	97.9592
70.0443	98.7211	0.0825083	97.9592
667.592	98.8036	0	97.9592
668.034	98.8449	0.0825083	97.9592
792.851	98.9274	0	97.9592
826.645	98.9274	0	98.9796
827.145	98.9686	0.0825083	98.9796
1040.35	99.0512	0	98.9796
1179.88	99.0512	0	100
1180.5	99.0924	0.0825083	100
2749.06	99.1749	0	100
2751.51	99.2162	0.0825083	100
3372.32	99.2987	0	100
3373.6	99.3399	0.0825083	100
3836.58	99.4224	0	100
3837.47	99.4637	0.0825083	100
5283.16	99.5462	0	100
5283.37	99.5462	0.165017	100
5283.59	99.6287	0.0825083	100
6740.6	99.7112	0	100
6743.12	99.7525	0.0825083	100
7604.39	99.835	0	100
7604.86	99.835	0.165017	100
7607.06	99.9175	0.0825083	100
