2.59925e-06	0	0	0
4.20504e-06	0	0	0
2.03942e-05	0	0	0
2.36703e-05	0	0	0
2.47935e-05	0	0	0
2.6046e-05	0	0	0
3.04884e-05	0	0	0
5.75611e-05	0	0	0
5.94274e-05	0	0	0
6.65654e-05	0	0	0
7.63506e-05	0	0	0
7.71339e-05	0	0	0
7.78468e-05	0	0	0
8.40394e-05	0	0	0
8.82188e-05	0	0	0
9.10554e-05	0	0	0
9.41155e-05	0	0	0
9.43549e-05	0	0	0
0.000105055	0	0	0
0.000105626	0	0	0
0.000108277	0	0	0
0.000117667	0	0	0
0.00012422	0	0	0
0.000125838	0	0	0
0.000136805	0	0	0
0.000141227	0	0	0
0.00015332	0	0	0
0.000153514	0	0	0
0.000154727	0	0	0
0.000161946	0	0	0
0.000168938	0	0	0
0.000170366	0	0	0
0.000171482	0	0	0
0.00017459	0	0	0
0.000181148	0	0	0
0.000187728	0	0	0
0.000190671	0	0	0
0.000193444	0	0	0
0.000200587	0	0	0
0.000202634	0	0	0
0.000206285	0	0	0
0.00021214	0	0	0
0.000212208	0	0	0
0.000221067	0	0	0
0.000224595	0	0	0
0.000228112	0	0	0
0.000228188	0	0	0
0.000228986	0	0	0
0.000249714	0	0	0
0.000261295	0	0	0
0.000265257	0	0	0
0.000279477	0	0	0
0.000281545	0	0	0
0.000287753	0	0	0
0.000306185	0	0	0
0.000318204	0	0	0
0.000324459	0	0	0
0.000334401	0	0	0
0.000346644	0	0	0
0.00035071	0	0	0
0.000353429	0	0	0
0.00035464	0	0	0
0.000360734	0	0	0
0.0003661	0	0	0
0.000369457	0	0	0
0.00037254	0	0	0
0.000374629	0	0	0
0.000376818	0	0	0
0.000380236	0	0	0
0.00038191	0	0	0
0.000382817	0	0	0
0.000385204	0	0	0
0.00038588	0	0	0
0.000388635	0	0	0
0.000405536	0	0	0
0.000417882	0	0	0
0.000421725	0	0	0
0.0004274	0	0	0
0.000427877	0	0	0
0.000430157	0	0	0
0.00043062	0	0	0
0.000436978	0	0	0
0.000439427	0	0	0
0.000441529	0	0	0
0.000443826	0	0	0
0.000446912	0	0	0
0.000447606	0	0	0
0.000448408	0	0	0
0.000452657	0	0	0
0.000454653	0	0	0
0.000456971	0	0	0
0.000463973	0	0	0
0.000467108	0	0	0
0.000478283	0	0	0
0.000478556	0	0	0
0.000478655	0	0	0
0.000479683	0	0	0
0.000482846	0	0	0
0.000483733	0	0	0
0.000487427	0	0	0
0.000498323	0	0	0
0.000499535	0	0	0
0.000499756	0	0	0
0.000517703	0	0	0
0.000518725	0	0	0
0.000522212	0	0	0
0.000522673	0	0	0
0.00053771	0	0	0
0.000538042	0	0	0
0.000538236	0	0	0
0.000544439	0	0	0
0.000550563	0	0	0
0.00055224	0	0	0
0.000555737	0	0	0
0.000558777	0	0	0
0.00055994	0	0	0
0.000561737	0	0	0
0.000562688	0	0	0
0.000597466	0	0	0
0.000605562	0	0	0
0.000608472	0	0	0
0.000611302	0	0	0
0.000612731	0	0	0
0.000613704	0	0	0
0.000614993	0	0	0
0.000620558	0	0	0
0.000623093	0	0	0
0.000629054	0	0	0
0.000629764	0	0	0
0.000630609	0	0	0
0.000649914	0	0	0
0.000654436	0	0	0
0.000657191	0	0	0
0.000658137	0	0	0
0.000662227	0	0	0
0.00066498	0	0	0
0.000677569	0	0	0
0.000680848	0	0	0
0.000689028	0	0	0
0.000689343	0	0	0
0.000693984	0	0	0
0.000707107	0	0	0
0.000708438	0	0	0
0.000711247	0	0	0
0.000711651	0	0	0
0.000719844	0	0	0
0.000724484	0	0	0
0.000724645	0	0	0
0.000724719	0	0	0
0.000726123	0	0	0
0.000733787	0	0	0
0.000736704	0	0	0
0.000737277	0	0	0
0.00074227	0	0	0
0.000745693	0	0	0
0.000747285	0	0	0
0.000747878	0	0	0
0.000749673	0	0	0
0.000749915	0	0	0
0.000753042	0	0	0
0.000755628	0	0	0
0.000767511	0	0	0
0.000771364	0	0	0
0.000771579	0	0	0
0.00077177	0	0	0
0.000777607	0	0	0
0.000781218	0	0	0
0.000783141	0	0	0
0.000783369	0	0	0
0.000785891	0	0	0
0.00078625	0	0	0
0.000786855	0	0	0
0.000789054	0	0	0
0.000791794	0	0	0
0.000796225	0	0	0
0.000800976	0	0	0
0.000801598	0	0	0
0.000807633	0	0	0
0.000813079	0	0	0
0.000815391	0	0	0
0.000816237	0	0	0
0.000818282	0	0	0
0.000824528	0	0	0
0.000831268	0	0	0
0.000835955	0	0	0
0.000842763	0	0	0
0.000852177	0	0	0
0.000852936	0	0	0
0.000856291	0	0	0
0.000866198	0	0	0
0.000870575	0	0	0
0.000879663	0	0	0
0.00088103	0	0	0
0.000881063	0	0	0
0.00088136	0	0	0
0.000884637	0	0	0
0.000890047	0	0	0
0.000895177	0	0	0
0.000898787	0	0	0
0.00089895	0	0	0
0.000900946	0	0	0
0.000902891	0	0	0
0.000904873	0	0	0
0.000908724	0	0	0
0.000908918	0	0	0
0.000912951	0	0	0
0.000915211	0	0	0
0.000921696	0	0	0
0.000924673	0	0	0
0.000929917	0	0	0
0.000934235	0	0	0
0.000937494	0	0	0
0.000938318	0	0	0
0.000941329	0	0	0
0.000941863	0	0	0
0.000942314	0	0	0
0.00094442	0	0	0
0.000952803	0	0	0
0.000965129	0	0	0
0.000969943	0	0	0
0.000970824	0	0	0
0.000979641	0	0	0
0.000985003	0	0	0
0.000985253	0	0	0
0.000987783	0	0	0
0.000989908	0	0	0
0.000994693	0	0	0
0.000996648	0	0	0
0.000997371	0	0	0
0.00100193	0	0	0
0.00100431	0	0	0
0.00101169	0	0	0
0.00101986	0	0	0
0.00102909	0	0	0
0.0010319	0	0	0
0.00103284	0	0	0
0.00103801	0	0	0
0.00104073	0	0	0
0.00104361	0	0	0
0.00104773	0	0	0
0.00105256	0	0	0
0.0010526	0	0	0
0.00105335	0	0	0
0.00105553	0	0	0
0.00105737	0	0	0
0.00106163	0	0	0
0.00106168	0	0	0
0.00106794	0	0	0
0.00106827	0	0	0
0.00106959	0	0	0
0.00107631	0	0	0
0.00107664	0	0	0
0.0010772	0	0	0
0.00107889	0	0	0
0.00108386	0	0	0
0.00108605	0	0	0
0.00109292	0	0	0
0.00109702	0	0	0
0.00110389	0	0	0
0.00110664	0	0	0
0.0011084	0	0	0
0.00110986	0	0	0
0.00111286	0	0	0
0.00111375	0	0	0
0.00112637	0	0	0
0.00113052	0	0	0
0.00113089	0	0	0
0.00113374	0	0	0
0.00113958	0	0	0
0.00114014	0	0	0
0.00114076	0	0	0
0.00114161	0	0	0
0.00115111	0	0	0
0.00115407	0	0	0
0.00115714	0	0	0
0.00115729	0	0	0
0.00116023	0	0	0
0.00116436	0	0	0
0.00116917	0	0	0
0.00117187	0	0	0
0.00118968	0	0	0
0.00119514	0	0	0
0.00120474	0	0	0
0.00120677	0	0	0
0.00121384	0	0	0
0.00121485	0	0	0
0.00121502	0	0	0
0.0012189	0	0	0
0.00122766	0	0	0
0.00122976	0	0	0
0.00123133	0	0	0
0.00123236	0	0	0
0.00123403	0	0	0
0.00124119	0	0	0
0.00124233	0	0	0
0.00124448	0	0	0
0.00124639	0	0	0
0.00124804	0	0	0
0.00125664	0	0	0
0.00126509	0	0	0
0.00126545	0	0	0
0.00127018	0	0	0
0.00127684	0	0	0
0.00127791	0	0	0
0.00127791	0	0	0
0.00128937	0	0	0
0.00129086	0	0	0
0.00129912	0	0	0
0.00130029	0	0	0
0.00130332	0	0	0
0.00130761	0	0	0
0.00130857	0	0	0
0.00130916	0	0	0
0.00131008	0	0	0
0.00131197	0	0	0
0.00131306	0	0	0
0.00131664	0	0	0
0.0013167	0	0	0
0.0013208	0	0	0
0.00132606	0	0	0
0.00133169	0	0	0
0.00133884	0	0	0
0.00134359	0	0	0
0.00134507	0	0	0
0.00134813	0	0	0
0.00134982	0	0	0
0.00135008	0	0	0
0.00135862	0	0	0
0.00136593	0	0	0
0.00137197	0	0	0
0.00137422	0	0	0
0.0013785	0	0	0
0.00138212	0	0	0
0.00139226	0	0	0
0.00139324	0	0	0
0.00139515	0	0	0
0.00139698	0	0	0
0.00140061	0	0	0
0.00140136	0	0	0
0.00140451	0	0	0
0.00140463	0	0	0
0.00141023	0	0	0
0.00141177	0	0	0
0.0014151	0	0	0
0.00141706	0	0	0
0.00142196	0	0	0
0.00142386	0	0	0
0.001424	0	0	0
0.00142627	0	0	0
0.00142982	0	0	0
0.00143104	0	0	0
0.00143292	0	0	0
0.00143612	0	0	0
0.00144289	0	0	0
0.00144593	0	0	0
0.00145361	0	0	0
0.0014544	0	0	0
0.00145669	0	0	0
0.00146123	0	0	0
0.0014624	0	0	0
0.00146261	0	0	0
0.00146926	0	0	0
0.00147211	0	0	0
0.00147679	0	0	0
0.0014777	0	0	0
0.00148641	0	0	0
0.00148982	0	0	0
0.00148995	0	0	0
0.00149539	0	0	0
0.00150174	0	0	0
0.00151419	0	0	0
0.00151623	0	0	0
0.00151708	0	0	0
0.00152134	0	0	0
0.00152302	0	0	0
0.00152518	0	0	0
0.00152649	0	0	0
0.00153005	0	0	0
0.00153741	0	0	0
0.0015381	0	0	0
0.00155129	0	0	0
0.00155619	0	0	0
0.00155793	0	0	0
0.00156009	0	0	0
0.00156694	0	0	0
0.00157279	0	0	0
0.00157645	0	0	0
0.0015776	0	0	0
0.001578	0	0	0
0.00158094	0	0	0
0.00158474	0	0	0
0.00159057	0	0	0
0.00160041	0	0	0
0.00161136	0	0	0
0.00161385	0	0	0
0.00161773	0	0	0
0.00162121	0	0	0
0.00162783	0	0	0
0.0016286	0	0	0
0.0016311	0	0	0
0.00163216	0	0	0
0.00164082	0	0	0
0.00164089	0	0	0
0.00164107	0	0	0
0.00164692	0	0	0
0.00164827	0	0	0
0.00164868	0	0	0
0.00166026	0	0	0
0.00166088	0	0	0
0.00166326	0	0	0
0.00166423	0	0	0
0.00167278	0	0	0
0.00167312	0	0	0
0.00167472	0	0	0
0.0016808	0	0	0
0.00168302	0	0	0
0.00168642	0	0	0
0.0016903	0	0	0
0.00169655	0	0	0
0.00169806	0	0	0
0.00170073	0	0	0
0.00170223	0	0	0
0.00170839	0	0	0
0.00171465	0	0	0
0.00171585	0	0	0
0.00171865	0	0	0
0.00172077	0	0	0
0.00173276	0	0	0
0.00173748	0	0	0
0.00174067	0	0	0
0.00175277	0	0	0
0.00175787	0	0	0
0.00176799	0	0	0
0.00176923	0	0	0
0.00177652	0	0	0
0.00177656	0	0	0
0.00178025	0	0	0
0.00178039	0	0	0
0.00178321	0	0	0
0.00178671	0	0	0
0.00178964	0	0	0
0.00179046	0	0	0
0.00179452	0	0	0
0.00179561	0	0	0
0.00180236	0	0	0
0.00180703	0	0	0
0.00182335	0	0	0
0.00182738	0	0	0
0.00182884	0	0	0
0.00183534	0	0	0
0.00184114	0	0	0
0.00184133	0	0	0
0.00184545	0	0	0
0.0018455	0	0	0
0.00185029	0	0	0
0.00185166	0	0	0
0.00185306	0	0	0
0.00186192	0	0	0
0.00186923	0	0	0
0.00186947	0	0	0
0.00187122	0	0	0
0.00187241	0	0	0
0.00187831	0	0	0
0.00188099	0	0	0
0.00188585	0	0	0
0.00188796	0	0	0
0.00189123	0	0	0
0.00189288	0	0	0
0.00189444	0	0	0
0.0019023	0	0	0
0.00190639	0	0	0
0.00190717	0	0	0
0.00190889	0	0	0
0.00191366	0	0	0
0.00191729	0	0	0
0.00191746	0	0	0
0.00192266	0	0	0
0.00192669	0	0	0
0.00193532	0	0	0
0.00193869	0	0	0
0.00194694	0	0	0
0.00195108	0	0	0
0.0019534	0	0	0
0.00195676	0	0	0
0.00196124	0	0	0
0.00196303	0	0	0
0.00196511	0	0	0
0.00196578	0	0	0
0.00196645	0	0	0
0.00196841	0	0	0
0.00197839	0	0	0
0.00197859	0	0	0
0.00199382	0	0	0
0.00200625	0	0	0
0.00202377	0	0	0
0.00202635	0	0	0
0.00203109	0	0	0
0.00203271	0	0	0
0.00204519	0	0	0
0.002049	0	0	0
0.0020549	0	0	0
0.0020553	0	0	0
0.00205666	0	0	0
0.00205701	0	0	0
0.00205704	0	0	0
0.00205892	0	0	0
0.00205983	0	0	0
0.00206913	0	0	0
0.00207011	0	0	0
0.00207127	0	0	0
0.00207489	0	0	0
0.00207636	0	0	0
0.00207665	0	0	0
0.00207757	0	0	0
0.00208627	0	0	0
0.00209048	0	0	0
0.00209572	0	0	0
0.00210493	0	0	0
0.00210563	0	0	0
0.00211145	0	0	0
0.00211468	0	0	0
0.00212356	0	0	0
0.00212485	0	0	0
0.00212873	0	0	0
0.0021358	0	0	0
0.00214041	0	0	0
0.00214772	0	0	0
0.00215549	0	0	0
0.00216342	0	0	0
0.00216426	0	0	0
0.00216966	0	0	0
0.00218782	0	0	0
0.00218937	0	0	0
0.00219095	0	0	0
0.00219283	0	0	0
0.00220578	0	0	0
0.00222706	0	0	0
0.00223256	0	0	0
0.00223375	0	0	0
0.00223694	0	0	0
0.00223931	0	0	0
0.00225383	0	0	0
0.00226122	0	0	0
0.00226675	0	0	0
0.00226803	0	0	0
0.00227393	0	0	0
0.00227617	0	0	0
0.00228371	0	0	0
0.00229328	0	0	0
0.00230118	0	0	0
0.00230233	0	0	0
0.00230337	0	0	0
0.00230547	0	0	0
0.00230768	0	0	0
0.00232207	0	0	0
0.00232345	0	0	0
0.00232384	0	0	0
0.00235178	0	0	0
0.00235335	0	0	0
0.00235953	0	0	0
0.00236115	0	0	0
0.00237297	0	0	0
0.0023798	0	0	0
0.00238702	0	0	0
0.00238737	0	0	0
0.00238994	0	0	0
0.00239262	0	0	0
0.00241658	0	0	0
0.00244122	0	0	0
0.00244893	0	0	0
0.0024567	0	0	0
0.00246087	0	0	0
0.00246277	0	0	0
0.00246955	0	0	0
0.00247561	0	0	0
0.00247754	0	0	0
0.0024857	0	0	0
0.00249152	0	0	0
0.00251115	0	0	0
0.00252322	0	0	0
0.00252754	0	0	0
0.0025444	0	0	0
0.002548	0	0	0
0.00254806	0	0	0
0.00255678	0	0	0
0.0025768	0	0	0
0.00259483	0	0	0
0.00260116	0	0	0
0.00261357	0	0	0
0.00262106	0	0	0
0.00262253	0	0	0
0.0026249	0	0	0
0.00263694	0	0	0
0.00264201	0	0	0
0.00266835	0	0	0
0.00268857	0	0	0
0.00269497	0	0	0
0.00269743	0	0	0
0.00270415	0	0	0
0.002732	0	0	0
0.00275318	0	0	0
0.00275836	0	0	0
0.00276004	0	0	0
0.00276788	0	0	0
0.00278589	0	0	0
0.00278834	0	0	0
0.00280135	0	0	0
0.002804	0	0	0
0.00280982	0	0	0
0.00282603	0	0	0
0.00283234	0	0	0
0.00283795	0	0	0
0.00283812	0	0	0
0.0028547	0	0	0
0.00286519	0	0	0
0.00289138	0	0	0
0.00289493	0	0	0
0.00291493	0	0	0
0.00291573	0	0	0
0.00291795	0	0	0
0.00293513	0	0	0
0.00297574	0	0	0
0.00297719	0	0	0
0.00301696	0	0	0
0.00302194	0	0	0
0.00303431	0	0	0
0.00304293	0	0	0
0.00304891	0	0	0
0.00305921	0	0	0
0.00309831	0	0	0
0.00310733	0	0	0
0.00311863	0	0	0
0.00312239	0	0	0
0.00312379	0	0	0
0.00312612	0	0	0
0.00314803	0	0	0
0.00314838	0	0	0
0.00315164	0	0	0
0.00315911	0	0	0
0.00316967	0	0	0
0.00318757	0	0	0
0.00319085	0	0	0
0.00319203	0	0	0
0.00319256	0	0	0
0.00320973	0	0	0
0.00322297	0	0	0
0.00323384	0	0	0
0.00325505	0	0	0
0.00330221	0	0	0
0.00332082	0	0	0
0.00332586	0	0	0
0.00334114	0	0	0
0.00334236	0	0	0
0.00337749	0	0	0
0.00337879	0	0	0
0.00338575	0	0	0
0.00339012	0	0	0
0.00339204	0	0	0
0.00340104	0	0	0
0.00343276	0	0	0
0.00346123	0	0	0
0.00346543	0	0	0
0.00348693	0	0	0
0.00350143	0	0	0
0.0035061	0	0	0
0.00352526	0	0	0
0.00354988	0	0	0
0.00356158	0	0	0
0.00357229	0	0	0
0.00358428	0	0	0
0.0036283	0	0	0
0.00364698	0	0	0
0.00365342	0	0	0
0.00366313	0	0	0
0.00368844	0	0	0
0.00371279	0	0	0
0.0037249	0	0	0
0.00372652	0	0	0
0.00381399	0	0	0
0.00382131	0	0	0
0.00385518	0	0	0
0.00387184	0	0	0
0.00388964	0	0	0
0.00398349	0	0	0
0.00399881	0	0	0
0.00402767	0	0	0
0.00407264	0	0	0
0.00407647	0	0	0
0.00413416	0	0	0
0.00414507	0	0	0
0.00415862	0	0	0
0.00419057	0	0	0
0.00434042	0	0	0
0.00438192	0	0	0
0.0043918	0	0	0
0.00454217	0	0	0
0.00456156	0	0	0
0.00460159	0	0	0
0.00461882	0	0	0
0.00462605	0	0	0
0.00464298	0	0	0
0.00466229	0	0	0
0.00475578	0	0	0
0.00484065	0	0	0
0.00487462	0	0	0
0.00505308	0	0	0
0.00507954	0	0	0
0.00519055	0	0	0
0.0052096	0	0	0
0.00525449	0	0	0
0.0053504	0	0	0
0.00538838	0	0	0
0.00585521	0	0	0
0.00597953	0	0	0
0.00608836	0	0	0
0.00772882	0	0	0
0.00779192	0	0	0
0.0080947	0	0	0
0.00815468	0	0	0
0.00832835	0	0	0
0.0084855	0	0	0
0.00897948	0	0	0
0.0106533	0	0	0
0.0113419	0	0	0
0.0124731	0	0	0
0.0134619	0	0	0
0.0431504	0	0	0
0.043775	0.0412541	0.0825083	0
0.0539683	0.123762	0	0
0.0539795	0.123762	0.165017	0
0.0556706	0.206271	0.0825083	0
0.056112	0.288779	0	0
0.0575035	0.288779	0.165017	0
0.0575837	0.371287	0.0825083	0
0.0591127	0.453795	0	0
0.0871419	0.453795	0	0
0.0922822	0.49505	0.0825083	0
0.0927153	0.49505	0.247525	0
0.0930566	0.577558	0.165017	0
0.0931749	0.660066	0.0825083	0
0.10851	0.742574	0	0
0.111007	0.783828	0.0825083	0
0.119808	0.866337	0	0
0.123395	0.907591	0.0825083	0
0.158236	0.990099	0	0
0.164944	0.990099	0	0.512821
0.173566	0.990099	0	1.02564
0.176385	1.03135	0.0825083	1.02564
0.182346	1.11386	0	1.02564
0.182565	1.15512	0.0825083	1.02564
0.183952	1.23762	0	1.02564
0.184887	1.27888	0.0825083	1.02564
0.212349	1.36139	0	1.02564
0.215398	1.40264	0.0825083	1.02564
0.220539	1.48515	0	1.02564
0.227111	1.48515	0	1.53846
0.230213	1.48515	0	1.53846
0.230795	1.48515	0.165017	1.53846
0.237124	1.56766	0.0825083	1.53846
0.241293	1.60891	0.165017	1.53846
0.24159	1.69142	0.0825083	1.53846
0.246371	1.77393	0	1.53846
0.246875	1.77393	0.165017	1.53846
0.247846	1.85644	0.0825083	1.53846
0.250041	1.93894	0	1.53846
0.252995	1.93894	0.0825083	1.53846
0.265273	2.02145	0	1.53846
0.26798	2.06271	0.0825083	1.53846
0.270788	2.10396	0.165017	1.53846
0.271649	2.18647	0.0825083	1.53846
0.272528	2.26898	0	1.53846
0.273312	2.26898	0.0825083	1.53846
0.275254	2.35149	0	1.53846
0.276687	2.35149	0.0825083	1.53846
0.296927	2.43399	0	1.53846
0.297288	2.43399	0.0825083	1.53846
0.297533	2.5165	0	1.53846
0.2977	2.5165	0.165017	1.53846
0.300339	2.59901	0.0825083	1.53846
0.325363	2.68152	0	1.53846
0.325821	2.68152	0.165017	1.53846
0.3329	2.76403	0.0825083	1.53846
0.360523	2.84653	0	1.53846
0.361689	2.88779	0.0825083	1.53846
0.391933	2.9703	0	1.53846
0.392008	3.01155	0.0825083	1.53846
0.404083	3.09406	0	1.53846
0.404422	3.09406	0.0825083	1.53846
0.443329	3.17657	0	1.53846
0.444968	3.17657	0.165017	1.53846
0.445084	3.25908	0.0825083	1.53846
0.455116	3.34158	0	1.53846
0.455567	3.38284	0.0825083	1.53846
0.473855	3.46535	0	1.53846
0.483382	3.5066	0.0825083	1.53846
0.498508	3.58911	0	1.53846
0.498696	3.63036	0.0825083	1.53846
0.503138	3.71287	0	1.53846
0.505204	3.71287	0.165017	1.53846
0.505679	3.79538	0.0825083	1.53846
0.508105	3.87789	0	1.53846
0.509735	3.87789	0.0825083	1.53846
0.510077	3.9604	0	1.53846
0.510615	3.9604	0.0825083	1.53846
0.513999	4.0429	0	1.53846
0.514555	4.08416	0.0825083	1.53846
0.542378	4.16667	0	1.53846
0.559416	4.16667	0	2.05128
0.559805	4.16667	0.165017	2.05128
0.564333	4.24918	0.0825083	2.05128
0.566245	4.33168	0	2.05128
0.56645	4.33168	0.165017	2.05128
0.568098	4.41419	0.0825083	2.05128
0.577592	4.4967	0	2.05128
0.585676	4.4967	0	2.5641
0.588107	4.4967	0	3.07692
0.588457	4.4967	0.165017	3.07692
0.588992	4.57921	0.0825083	3.07692
0.640862	4.66172	0	3.07692
0.641496	4.70297	0.0825083	3.07692
0.642983	4.78548	0	3.07692
0.646761	4.78548	0	4.10256
0.647272	4.78548	0	4.10256
0.648992	4.78548	0	4.61538
0.650305	4.78548	0.0825083	4.61538
0.650996	4.78548	0.0825083	4.61538
0.652452	4.78548	0.0825083	4.61538
0.659765	4.86799	0	4.61538
0.675009	4.86799	0	5.12821
0.679934	4.86799	0	5.12821
0.684292	4.86799	0.165017	5.12821
0.687933	4.86799	0.247525	5.12821
0.688363	4.90924	0.330033	5.12821
0.688736	4.9505	0.412541	5.12821
0.68897	5.033	0.330033	5.12821
0.689173	5.033	0.330033	6.15385
0.689825	5.11551	0.247525	6.15385
0.70945	5.19802	0.165017	6.15385
0.709529	5.19802	0.247525	6.15385
0.721226	5.28053	0.165017	6.15385
0.722544	5.28053	0.247525	6.15385
0.724809	5.36304	0.165017	6.15385
0.730298	5.36304	0.247525	6.15385
0.768936	5.44554	0.165017	6.15385
0.76979	5.44554	0.247525	6.15385
0.802548	5.52805	0.165017	6.15385
0.814328	5.56931	0.247525	6.15385
0.833723	5.65182	0.165017	6.15385
0.834818	5.69307	0.247525	6.15385
0.84101	5.77558	0.165017	6.15385
0.842439	5.77558	0.165017	6.66667
0.843016	5.81683	0.247525	6.66667
0.848038	5.89934	0.165017	6.66667
0.858039	5.89934	0.165017	7.17949
0.858898	5.89934	0.247525	7.17949
0.860228	5.89934	0.412541	7.17949
0.863602	5.98185	0.330033	7.17949
0.864512	5.98185	0.412541	7.17949
0.870847	6.06436	0.330033	7.17949
0.871756	6.10561	0.412541	7.17949
0.878801	6.18812	0.330033	7.17949
0.88532	6.18812	0.330033	7.69231
0.885917	6.22937	0.412541	7.69231
0.887498	6.22937	0.412541	8.71795
0.888665	6.31188	0.330033	8.71795
0.891565	6.31188	0.330033	9.23077
0.896997	6.31188	0.412541	9.23077
0.901921	6.39439	0.330033	9.23077
0.905431	6.4769	0.247525	9.23077
0.905563	6.4769	0.412541	9.23077
0.906026	6.55941	0.330033	9.23077
0.911582	6.64191	0.247525	9.23077
0.913338	6.68317	0.330033	9.23077
0.918562	6.76568	0.247525	9.23077
0.920902	6.80693	0.330033	9.23077
0.937966	6.88944	0.247525	9.23077
0.938533	6.93069	0.330033	9.23077
0.95783	7.0132	0.247525	9.23077
0.958245	7.05446	0.330033	9.23077
0.996539	7.13696	0.247525	9.23077
0.998565	7.17822	0.330033	9.23077
0.999577	7.21947	0.412541	9.23077
1.00062	7.30198	0.330033	9.23077
1.00211	7.34323	0.412541	9.23077
1.00383	7.42574	0.330033	9.23077
1.00413	7.50825	0.247525	9.23077
1.00807	7.50825	0.247525	9.74359
1.00888	7.5495	0.330033	9.74359
1.01289	7.63201	0.247525	9.74359
1.03839	7.63201	0.247525	10.2564
1.04418	7.67327	0.330033	10.2564
1.05179	7.75578	0.247525	10.2564
1.0534	7.75578	0.412541	10.2564
1.05409	7.75578	0.49505	10.2564
1.0545	7.83828	0.412541	10.2564
1.05478	7.92079	0.330033	10.2564
1.0569	7.96205	0.412541	10.2564
1.05754	8.04455	0.330033	10.2564
1.05905	8.08581	0.412541	10.2564
1.06289	8.16832	0.330033	10.2564
1.06298	8.16832	0.330033	10.7692
1.06389	8.16832	0.49505	10.7692
1.06392	8.25082	0.412541	10.7692
1.06412	8.33333	0.330033	10.7692
1.06578	8.41584	0.247525	10.7692
1.06661	8.4571	0.330033	10.7692
1.0672	8.5396	0.247525	10.7692
1.06781	8.58086	0.330033	10.7692
1.07909	8.66337	0.247525	10.7692
1.0822	8.70462	0.330033	10.7692
1.08274	8.70462	0.330033	11.2821
1.08462	8.78713	0.247525	11.2821
1.08728	8.78713	0.247525	11.2821
1.08875	8.82838	0.330033	11.2821
1.08973	8.91089	0.247525	11.2821
1.0935	8.95215	0.330033	11.2821
1.11709	9.03465	0.247525	11.2821
1.11848	9.03465	0.412541	11.2821
1.11924	9.11716	0.330033	11.2821
1.12447	9.11716	0.330033	11.2821
1.12488	9.19967	0.247525	11.2821
1.20239	9.28218	0.165017	11.2821
1.21564	9.28218	0.165017	11.7949
1.21572	9.28218	0.330033	11.7949
1.21819	9.36469	0.247525	11.7949
1.22341	9.4472	0.165017	11.7949
1.2417	9.4472	0.165017	11.7949
1.24236	9.4472	0.330033	11.7949
1.24254	9.5297	0.247525	11.7949
1.24829	9.5297	0.330033	11.7949
1.24877	9.61221	0.247525	11.7949
1.25204	9.69472	0.165017	11.7949
1.25246	9.73597	0.247525	11.7949
1.26354	9.81848	0.165017	11.7949
1.26391	9.81848	0.330033	11.7949
1.2645	9.90099	0.247525	11.7949
1.28137	9.9835	0.165017	11.7949
1.28645	10.0248	0.247525	11.7949
1.28935	10.1073	0.165017	11.7949
1.29813	10.1485	0.247525	11.7949
1.31007	10.231	0.165017	11.7949
1.3106	10.231	0.330033	11.7949
1.31145	10.3135	0.247525	11.7949
1.33348	10.396	0.165017	11.7949
1.33659	10.4373	0.247525	11.7949
1.3477	10.5198	0.165017	11.7949
1.3483	10.5611	0.247525	11.7949
1.37672	10.6436	0.165017	11.7949
1.37985	10.6848	0.247525	11.7949
1.38817	10.7673	0.165017	11.7949
1.39389	10.7673	0.165017	12.3077
1.39829	10.8086	0.247525	12.3077
1.41457	10.8911	0.165017	12.3077
1.41502	10.8911	0.330033	12.3077
1.4154	10.9736	0.247525	12.3077
1.44447	11.0561	0.165017	12.3077
1.44641	11.0974	0.247525	12.3077
1.44877	11.1799	0.165017	12.3077
1.45227	11.1799	0.330033	12.3077
1.45567	11.2624	0.247525	12.3077
1.46413	11.3449	0.165017	12.3077
1.46416	11.3861	0.247525	12.3077
1.46703	11.4686	0.165017	12.3077
1.46844	11.4686	0.247525	12.3077
1.48553	11.5512	0.165017	12.3077
1.48753	11.5924	0.247525	12.3077
1.50499	11.6749	0.165017	12.3077
1.50514	11.7162	0.247525	12.3077
1.53132	11.7987	0.165017	12.3077
1.53243	11.8399	0.247525	12.3077
1.54403	11.9224	0.165017	12.3077
1.54572	11.9224	0.165017	12.8205
1.55765	11.9224	0.165017	13.3333
1.5601	11.9224	0.247525	13.3333
1.56031	11.9224	0.330033	13.3333
1.56113	12.005	0.247525	13.3333
1.56191	12.0462	0.330033	13.3333
1.563	12.1287	0.247525	13.3333
1.5653	12.17	0.330033	13.3333
1.56539	12.2525	0.247525	13.3333
1.57318	12.335	0.165017	13.3333
1.57388	12.335	0.165017	13.8462
1.57452	12.3762	0.247525	13.8462
1.58859	12.4587	0.165017	13.8462
1.59177	12.5	0.247525	13.8462
1.63021	12.5825	0.165017	13.8462
1.63058	12.6238	0.247525	13.8462
1.64128	12.7063	0.165017	13.8462
1.64217	12.7063	0.330033	13.8462
1.65222	12.7888	0.247525	13.8462
1.65242	12.83	0.330033	13.8462
1.66275	12.9125	0.247525	13.8462
1.66379	12.9125	0.330033	13.8462
1.69	12.995	0.247525	13.8462
1.69036	12.995	0.330033	13.8462
1.6918	12.995	0.330033	13.8462
1.71999	13.0776	0.247525	13.8462
1.72	13.0776	0.330033	13.8462
1.73858	13.1601	0.247525	13.8462
1.74159	13.2013	0.330033	13.8462
1.74231	13.2838	0.247525	13.8462
1.76595	13.2838	0.247525	14.359
1.76755	13.2838	0.412541	14.359
1.77013	13.3663	0.330033	14.359
1.783	13.4488	0.247525	14.359
1.78439	13.4488	0.412541	14.359
1.78603	13.4901	0.49505	14.359
1.78846	13.5726	0.412541	14.359
1.79049	13.6551	0.330033	14.359
1.80617	13.7376	0.247525	14.359
1.80712	13.7376	0.330033	14.359
1.80792	13.8201	0.247525	14.359
1.80812	13.8614	0.330033	14.359
1.81161	13.9439	0.247525	14.359
1.81371	13.9851	0.330033	14.359
1.81906	14.0677	0.247525	14.359
1.83406	14.0677	0.247525	14.8718
1.8487	14.0677	0.247525	14.8718
1.85235	14.0677	0.330033	14.8718
1.87178	14.1502	0.247525	14.8718
1.89608	14.1502	0.247525	15.3846
1.89624	14.1502	0.412541	15.3846
1.89824	14.2327	0.330033	15.3846
1.89887	14.2739	0.412541	15.3846
1.89978	14.3564	0.330033	15.3846
1.92097	14.4389	0.247525	15.3846
1.9265	14.4389	0.247525	16.4103
1.92845	14.4389	0.330033	16.4103
1.93099	14.4802	0.412541	16.4103
1.93226	14.5627	0.330033	16.4103
1.95114	14.6452	0.247525	16.4103
1.9545	14.6452	0.330033	16.4103
1.99286	14.7277	0.247525	16.4103
1.99659	14.769	0.330033	16.4103
2.01668	14.8515	0.247525	16.4103
2.01849	14.8927	0.330033	16.4103
2.06572	14.9752	0.247525	16.4103
2.07192	14.9752	0.330033	16.4103
2.07359	15.0578	0.247525	16.4103
2.09	15.0578	0.247525	16.9231
2.09148	15.0578	0.412541	16.9231
2.09164	15.1403	0.330033	16.9231
2.10987	15.2228	0.247525	16.9231
2.10995	15.2228	0.330033	16.9231
2.11104	15.2228	0.330033	16.9231
2.11965	15.3053	0.247525	16.9231
2.11984	15.3053	0.412541	16.9231
2.12509	15.3878	0.330033	16.9231
2.15299	15.4703	0.247525	16.9231
2.15627	15.5116	0.330033	16.9231
2.15628	15.5941	0.247525	16.9231
2.15801	15.5941	0.412541	16.9231
2.1585	15.6766	0.330033	16.9231
2.19322	15.7591	0.247525	16.9231
2.19429	15.8003	0.330033	16.9231
2.21291	15.8828	0.247525	16.9231
2.21335	15.8828	0.412541	16.9231
2.2157	15.9653	0.330033	16.9231
2.27962	16.0479	0.247525	16.9231
2.27976	16.0891	0.330033	16.9231
2.28662	16.1716	0.247525	16.9231
2.28698	16.2129	0.330033	16.9231
2.29947	16.2954	0.247525	16.9231
2.30044	16.3366	0.330033	16.9231
2.34678	16.4191	0.247525	16.9231
2.34814	16.4191	0.412541	16.9231
2.35502	16.5016	0.330033	16.9231
2.35628	16.5016	0.330033	17.9487
2.36669	16.5842	0.247525	17.9487
2.39269	16.5842	0.247525	18.4615
2.39988	16.5842	0.247525	18.9744
2.40003	16.5842	0.412541	18.9744
2.40135	16.6667	0.330033	18.9744
2.42754	16.7492	0.247525	18.9744
2.43034	16.7492	0.330033	18.9744
2.45819	16.8317	0.247525	18.9744
2.45895	16.8317	0.330033	18.9744
2.51268	16.9142	0.247525	18.9744
2.51305	16.9554	0.330033	18.9744
2.54729	17.038	0.247525	18.9744
2.54801	17.0792	0.330033	18.9744
2.55562	17.1617	0.247525	18.9744
2.56301	17.1617	0.247525	20
2.56443	17.1617	0.247525	20.5128
2.57558	17.1617	0.247525	20.5128
2.61832	17.1617	0.247525	21.0256
2.62142	17.1617	0.412541	21.0256
2.62202	17.2442	0.330033	21.0256
2.6405	17.3267	0.247525	21.0256
2.66809	17.368	0.330033	21.0256
2.67422	17.368	0.330033	21.5385
2.67585	17.4092	0.412541	21.5385
2.72465	17.4917	0.330033	21.5385
2.72708	17.4917	0.49505	21.5385
2.72722	17.5743	0.412541	21.5385
2.72928	17.6568	0.330033	21.5385
2.72933	17.6568	0.412541	21.5385
2.75347	17.7393	0.330033	21.5385
2.75414	17.7805	0.412541	21.5385
2.76304	17.863	0.330033	21.5385
2.7646	17.9043	0.412541	21.5385
2.85152	17.9868	0.330033	21.5385
2.8539	17.9868	0.412541	21.5385
2.85415	18.0693	0.330033	21.5385
2.85443	18.1518	0.247525	21.5385
2.85611	18.1931	0.330033	21.5385
2.92688	18.2756	0.247525	21.5385
2.92833	18.3581	0.165017	21.5385
2.93238	18.3993	0.247525	21.5385
2.94151	18.4818	0.165017	21.5385
2.94195	18.5231	0.247525	21.5385
2.94796	18.6056	0.165017	21.5385
2.94944	18.6056	0.247525	21.5385
2.96266	18.6881	0.165017	21.5385
2.9629	18.7294	0.247525	21.5385
2.99603	18.8119	0.165017	21.5385
3.00173	18.8531	0.247525	21.5385
3.03793	18.9356	0.165017	21.5385
3.04016	18.9769	0.247525	21.5385
3.0423	19.0594	0.165017	21.5385
3.04326	19.1007	0.247525	21.5385
3.06447	19.1832	0.165017	21.5385
3.06557	19.2244	0.247525	21.5385
3.06762	19.3069	0.165017	21.5385
3.06924	19.3069	0.247525	21.5385
3.1233	19.3894	0.165017	21.5385
3.12365	19.4307	0.247525	21.5385
3.12748	19.5132	0.165017	21.5385
3.13002	19.5545	0.247525	21.5385
3.1304	19.5545	0.330033	21.5385
3.13447	19.637	0.247525	21.5385
3.16259	19.7195	0.165017	21.5385
3.16425	19.7195	0.330033	21.5385
3.16495	19.802	0.247525	21.5385
3.18133	19.8845	0.165017	21.5385
3.18221	19.9257	0.247525	21.5385
3.18532	20.0083	0.165017	21.5385
3.23584	20.0083	0.165017	22.0513
3.236	20.0083	0.330033	22.0513
3.2364	20.0908	0.247525	22.0513
3.239	20.1733	0.165017	22.0513
3.23966	20.2145	0.247525	22.0513
3.27184	20.297	0.165017	22.0513
3.27245	20.3383	0.247525	22.0513
3.29514	20.4208	0.165017	22.0513
3.29693	20.4208	0.247525	22.0513
3.31328	20.5033	0.165017	22.0513
3.31456	20.5446	0.247525	22.0513
3.35265	20.6271	0.165017	22.0513
3.3551	20.6683	0.247525	22.0513
3.35751	20.7508	0.165017	22.0513
3.35968	20.7921	0.247525	22.0513
3.36405	20.8746	0.165017	22.0513
3.36455	20.8746	0.247525	22.0513
3.36484	20.9571	0.165017	22.0513
3.36486	20.9571	0.165017	22.0513
3.39227	20.9571	0.165017	22.0513
3.39282	20.9571	0.247525	22.0513
3.42339	21.0396	0.165017	22.0513
3.43662	21.0396	0.165017	22.0513
3.4462	21.0396	0.165017	22.5641
3.44644	21.0809	0.247525	22.5641
3.44849	21.1634	0.165017	22.5641
3.44858	21.2046	0.247525	22.5641
3.46613	21.2871	0.165017	22.5641
3.46741	21.3284	0.247525	22.5641
3.55327	21.4109	0.165017	22.5641
3.55345	21.4521	0.247525	22.5641
3.56778	21.5347	0.165017	22.5641
3.57131	21.5347	0.165017	23.0769
3.57225	21.5759	0.247525	23.0769
3.57694	21.6584	0.165017	23.0769
3.57842	21.6997	0.247525	23.0769
3.631	21.7822	0.165017	23.0769
3.63212	21.7822	0.330033	23.0769
3.63416	21.8647	0.247525	23.0769
3.63594	21.8647	0.330033	23.0769
3.63635	21.9472	0.247525	23.0769
3.64633	22.0297	0.165017	23.0769
3.64933	22.071	0.247525	23.0769
3.65278	22.1535	0.165017	23.0769
3.65342	22.1947	0.247525	23.0769
3.66283	22.2772	0.165017	23.0769
3.66328	22.3185	0.247525	23.0769
3.6766	22.401	0.165017	23.0769
3.67742	22.401	0.165017	23.5897
3.67852	22.401	0.330033	23.5897
3.67868	22.4835	0.247525	23.5897
3.68333	22.566	0.165017	23.5897
3.68429	22.6073	0.247525	23.5897
3.71317	22.6898	0.165017	23.5897
3.7143	22.731	0.247525	23.5897
3.71437	22.8135	0.165017	23.5897
3.7168	22.8548	0.247525	23.5897
3.7222	22.9373	0.165017	23.5897
3.72729	22.9373	0.330033	23.5897
3.72897	23.0198	0.247525	23.5897
3.7444	23.1023	0.165017	23.5897
3.74624	23.1436	0.247525	23.5897
3.74776	23.2261	0.165017	23.5897
3.75327	23.2261	0.165017	24.1026
3.75331	23.2261	0.330033	24.1026
3.75585	23.3086	0.247525	24.1026
3.85143	23.3911	0.165017	24.1026
3.85161	23.4323	0.247525	24.1026
3.87126	23.5149	0.165017	24.1026
3.87326	23.5561	0.247525	24.1026
3.90118	23.6386	0.165017	24.1026
3.9012	23.6386	0.330033	24.1026
3.90233	23.7211	0.247525	24.1026
3.92398	23.8036	0.165017	24.1026
3.92539	23.8449	0.247525	24.1026
3.92918	23.9274	0.165017	24.1026
3.9473	23.9274	0.165017	25.1282
3.95393	23.9686	0.247525	25.1282
3.98344	24.0512	0.165017	25.1282
4.03006	24.0512	0.165017	26.1538
4.03149	24.0924	0.247525	26.1538
4.03432	24.1749	0.165017	26.1538
4.03528	24.2162	0.247525	26.1538
4.0479	24.2987	0.165017	26.1538
4.05994	24.2987	0.165017	26.6667
4.12217	24.2987	0.165017	27.1795
4.12242	24.3399	0.247525	27.1795
4.12967	24.4224	0.165017	27.1795
4.13018	24.4224	0.330033	27.1795
4.13556	24.5049	0.247525	27.1795
4.13591	24.5462	0.330033	27.1795
4.13619	24.6287	0.247525	27.1795
4.14183	24.7112	0.165017	27.1795
4.14439	24.7112	0.247525	27.1795
4.16808	24.7937	0.165017	27.1795
4.17202	24.7937	0.165017	28.2051
4.17228	24.835	0.247525	28.2051
4.18217	24.9175	0.165017	28.2051
4.18283	24.9175	0.330033	28.2051
4.18349	25	0.247525	28.2051
4.18959	25.0825	0.165017	28.2051
4.20496	25.0825	0.165017	29.2308
4.209	25.0825	0.247525	29.2308
4.21436	25.165	0.165017	29.2308
4.21718	25.165	0.330033	29.2308
4.2184	25.2475	0.247525	29.2308
4.22884	25.33	0.165017	29.2308
4.23045	25.33	0.330033	29.2308
4.23102	25.4125	0.247525	29.2308
4.2448	25.4951	0.165017	29.2308
4.24523	25.4951	0.330033	29.2308
4.24653	25.5776	0.247525	29.2308
4.27924	25.6601	0.165017	29.2308
4.30797	25.6601	0.165017	29.7436
4.31182	25.7013	0.247525	29.7436
4.31595	25.7838	0.165017	29.7436
4.31801	25.8251	0.247525	29.7436
4.33014	25.9076	0.165017	29.7436
4.39254	25.9076	0.165017	30.2564
4.39528	25.9488	0.247525	30.2564
4.43257	26.0314	0.165017	30.2564
4.43281	26.0726	0.247525	30.2564
4.43939	26.1551	0.165017	30.2564
4.4582	26.1551	0.165017	30.7692
4.47907	26.2376	0.0825083	30.7692
4.47911	26.2789	0.165017	30.7692
4.50432	26.3614	0.0825083	30.7692
4.50541	26.3614	0.165017	30.7692
4.50754	26.4439	0.0825083	30.7692
4.50758	26.4851	0.165017	30.7692
4.52112	26.5677	0.0825083	30.7692
4.52547	26.5677	0.165017	30.7692
4.52593	26.5677	0.330033	30.7692
4.52602	26.6502	0.247525	30.7692
4.5261	26.7327	0.165017	30.7692
4.53714	26.8152	0.0825083	30.7692
4.53757	26.8564	0.165017	30.7692
4.55774	26.9389	0.0825083	30.7692
4.55815	26.9389	0.165017	30.7692
4.6132	27.0215	0.0825083	30.7692
4.61439	27.0215	0.247525	30.7692
4.61539	27.104	0.165017	30.7692
4.66556	27.1865	0.0825083	30.7692
4.66564	27.2277	0.165017	30.7692
4.6666	27.3102	0.0825083	30.7692
4.71215	27.3515	0.165017	30.7692
4.71342	27.3515	0.247525	30.7692
4.71414	27.3515	0.247525	31.2821
4.71988	27.434	0.165017	31.2821
4.72393	27.4752	0.247525	31.2821
4.74108	27.5578	0.165017	31.2821
4.74701	27.599	0.247525	31.2821
4.78231	27.6815	0.165017	31.2821
4.78248	27.6815	0.330033	31.2821
4.78605	27.764	0.247525	31.2821
4.78762	27.764	0.330033	31.2821
4.78819	27.8465	0.247525	31.2821
4.79884	27.929	0.165017	31.2821
4.80018	27.9703	0.247525	31.2821
4.80056	27.9703	0.247525	31.7949
4.82047	28.0528	0.165017	31.7949
4.82086	28.0941	0.247525	31.7949
4.85302	28.1766	0.165017	31.7949
4.85909	28.1766	0.165017	32.3077
4.86124	28.1766	0.165017	32.8205
4.87056	28.1766	0.330033	32.8205
4.87123	28.2178	0.412541	32.8205
4.87728	28.3003	0.330033	32.8205
4.87762	28.3416	0.412541	32.8205
4.9313	28.4241	0.330033	32.8205
4.93515	28.4653	0.412541	32.8205
4.93524	28.5066	0.49505	32.8205
4.93604	28.5891	0.412541	32.8205
4.93996	28.6304	0.49505	32.8205
4.94064	28.7129	0.412541	32.8205
4.9732	28.7954	0.330033	32.8205
4.97399	28.8366	0.412541	32.8205
4.99826	28.9191	0.330033	32.8205
4.99879	28.9191	0.49505	32.8205
5.00082	29.0016	0.412541	32.8205
5.0014	29.0842	0.330033	32.8205
5.00218	29.0842	0.49505	32.8205
5.00414	29.1667	0.412541	32.8205
5.03118	29.2492	0.330033	32.8205
5.0315	29.2492	0.49505	32.8205
5.03236	29.3317	0.412541	32.8205
5.052	29.4142	0.330033	32.8205
5.05507	29.4554	0.412541	32.8205
5.05797	29.538	0.330033	32.8205
5.06209	29.538	0.49505	32.8205
5.06293	29.6205	0.412541	32.8205
5.07467	29.703	0.330033	32.8205
5.07786	29.703	0.330033	33.8462
5.0787	29.7442	0.412541	33.8462
5.13062	29.8267	0.330033	33.8462
5.13281	29.8267	0.412541	33.8462
5.13767	29.9092	0.330033	33.8462
5.13768	29.9917	0.247525	33.8462
5.1381	30.033	0.330033	33.8462
5.18748	30.1155	0.247525	33.8462
5.18808	30.1568	0.330033	33.8462
5.19134	30.2393	0.247525	33.8462
5.1919	30.2393	0.412541	33.8462
5.19242	30.3218	0.330033	33.8462
5.21381	30.4043	0.247525	33.8462
5.22128	30.4043	0.247525	34.8718
5.22535	30.4455	0.330033	34.8718
5.23207	30.5281	0.247525	34.8718
5.24934	30.5281	0.247525	35.3846
5.25492	30.5693	0.330033	35.3846
5.28079	30.6518	0.247525	35.3846
5.32218	30.6518	0.247525	36.4103
5.32352	30.6518	0.412541	36.4103
5.32414	30.7343	0.330033	36.4103
5.32694	30.8168	0.247525	36.4103
5.32863	30.8168	0.412541	36.4103
5.3293	30.8993	0.330033	36.4103
5.34084	30.9818	0.247525	36.4103
5.34295	31.0231	0.330033	36.4103
5.3561	31.1056	0.247525	36.4103
5.35668	31.1056	0.412541	36.4103
5.36096	31.1881	0.330033	36.4103
5.37525	31.2706	0.247525	36.4103
5.37636	31.2706	0.412541	36.4103
5.37649	31.3531	0.330033	36.4103
5.37691	31.4356	0.247525	36.4103
5.42293	31.4356	0.247525	36.9231
5.42309	31.4356	0.412541	36.9231
5.42399	31.5182	0.330033	36.9231
5.45415	31.6007	0.247525	36.9231
5.45448	31.6007	0.330033	36.9231
5.46605	31.6832	0.247525	36.9231
5.46682	31.7244	0.330033	36.9231
5.48638	31.8069	0.247525	36.9231
5.48906	31.8482	0.330033	36.9231
5.55264	31.9307	0.247525	36.9231
5.56267	32.0132	0.165017	36.9231
5.56327	32.0132	0.330033	36.9231
5.56518	32.0957	0.247525	36.9231
5.56542	32.0957	0.412541	36.9231
5.56666	32.1782	0.330033	36.9231
5.57024	32.2607	0.247525	36.9231
5.57221	32.3432	0.165017	36.9231
5.57298	32.3845	0.247525	36.9231
5.60754	32.467	0.165017	36.9231
5.60862	32.5083	0.247525	36.9231
5.61022	32.5083	0.412541	36.9231
5.61133	32.5908	0.330033	36.9231
5.61142	32.6733	0.247525	36.9231
5.63209	32.7558	0.165017	36.9231
5.63814	32.797	0.247525	36.9231
5.63916	32.8795	0.165017	36.9231
5.63944	32.8795	0.247525	36.9231
5.64359	32.9208	0.330033	36.9231
5.6792	33.0033	0.247525	36.9231
5.68027	33.0033	0.412541	36.9231
5.68064	33.0858	0.330033	36.9231
5.68225	33.1271	0.412541	36.9231
5.68462	33.2096	0.330033	36.9231
5.68827	33.2921	0.247525	36.9231
5.69504	33.3333	0.330033	36.9231
5.70153	33.4158	0.247525	36.9231
5.72193	33.4158	0.247525	37.9487
5.82138	33.4158	0.247525	38.4615
5.82523	33.4158	0.247525	39.4872
5.82573	33.4571	0.330033	39.4872
5.84181	33.5396	0.247525	39.4872
5.84638	33.5809	0.330033	39.4872
5.85183	33.6634	0.247525	39.4872
5.85209	33.6634	0.412541	39.4872
5.85386	33.7459	0.330033	39.4872
5.85907	33.8284	0.247525	39.4872
5.85999	33.8284	0.412541	39.4872
5.86083	33.9109	0.330033	39.4872
5.89762	33.9934	0.247525	39.4872
5.91448	33.9934	0.247525	40.5128
5.91641	33.9934	0.330033	40.5128
5.95215	34.0759	0.247525	40.5128
5.95362	34.0759	0.330033	40.5128
6.03768	34.1584	0.247525	40.5128
6.03793	34.1997	0.330033	40.5128
6.05608	34.2822	0.247525	40.5128
6.05733	34.2822	0.330033	40.5128
6.05847	34.2822	0.330033	41.0256
6.09746	34.3647	0.247525	41.0256
6.16189	34.3647	0.247525	41.5385
6.16221	34.3647	0.330033	41.5385
6.20073	34.4472	0.247525	41.5385
6.20147	34.4472	0.412541	41.5385
6.2022	34.5297	0.330033	41.5385
6.21322	34.6122	0.247525	41.5385
6.21371	34.6535	0.330033	41.5385
6.22343	34.736	0.247525	41.5385
6.22411	34.7772	0.330033	41.5385
6.22565	34.8597	0.247525	41.5385
6.22758	34.8597	0.330033	41.5385
6.32616	34.9422	0.247525	41.5385
6.32627	34.9835	0.330033	41.5385
6.38258	35.066	0.247525	41.5385
6.38831	35.066	0.247525	42.0513
6.38994	35.1073	0.330033	42.0513
6.39389	35.1898	0.247525	42.0513
6.40023	35.1898	0.247525	42.5641
6.40582	35.231	0.330033	42.5641
6.40756	35.3135	0.247525	42.5641
6.40979	35.3548	0.330033	42.5641
6.41509	35.4373	0.247525	42.5641
6.41762	35.4785	0.330033	42.5641
6.42948	35.5611	0.247525	42.5641
6.43066	35.6023	0.330033	42.5641
6.4342	35.6848	0.247525	42.5641
6.43468	35.7261	0.330033	42.5641
6.43826	35.7261	0.330033	43.5897
6.43866	35.8086	0.247525	43.5897
6.44035	35.8086	0.330033	43.5897
6.47508	35.8911	0.247525	43.5897
6.47584	35.8911	0.330033	43.5897
6.47638	35.9736	0.247525	43.5897
6.47796	36.0149	0.330033	43.5897
6.52642	36.0974	0.247525	43.5897
6.52658	36.0974	0.330033	43.5897
6.55543	36.1799	0.247525	43.5897
6.5583	36.1799	0.247525	44.6154
6.56259	36.2211	0.330033	44.6154
6.57399	36.3036	0.247525	44.6154
6.57569	36.3449	0.330033	44.6154
6.58583	36.4274	0.247525	44.6154
6.58884	36.5099	0.165017	44.6154
6.59007	36.5512	0.247525	44.6154
6.59051	36.6337	0.165017	44.6154
6.59337	36.6749	0.247525	44.6154
6.62494	36.7574	0.165017	44.6154
6.62614	36.7574	0.247525	44.6154
6.62792	36.7987	0.330033	44.6154
6.62833	36.7987	0.412541	44.6154
6.62852	36.8812	0.330033	44.6154
6.629	36.8812	0.330033	44.6154
6.63237	36.9637	0.247525	44.6154
6.63495	37.0462	0.165017	44.6154
6.63665	37.0462	0.247525	44.6154
6.64218	37.1287	0.165017	44.6154
6.69161	37.2112	0.0825083	44.6154
6.74476	37.2112	0.0825083	45.1282
6.74503	37.2112	0.247525	45.1282
6.74564	37.2937	0.165017	45.1282
6.74574	37.335	0.247525	45.1282
6.74623	37.4175	0.165017	45.1282
6.75592	37.5	0.0825083	45.1282
6.75678	37.5	0.247525	45.1282
6.7574	37.5825	0.165017	45.1282
6.76775	37.665	0.0825083	45.1282
6.77212	37.665	0.0825083	46.1538
6.77247	37.7063	0.165017	46.1538
6.77726	37.7888	0.0825083	46.1538
6.77819	37.7888	0.247525	46.1538
6.78153	37.8713	0.165017	46.1538
6.80478	37.9538	0.0825083	46.1538
6.80498	37.995	0.165017	46.1538
6.82079	38.0776	0.0825083	46.1538
6.82134	38.0776	0.165017	46.1538
6.82257	38.1188	0.247525	46.1538
6.82283	38.2013	0.165017	46.1538
6.86172	38.2838	0.0825083	46.1538
6.865	38.2838	0.165017	46.1538
6.87173	38.3663	0.0825083	46.1538
6.87258	38.3663	0.247525	46.1538
6.87664	38.4488	0.165017	46.1538
6.8892	38.5314	0.0825083	46.1538
6.89047	38.5726	0.165017	46.1538
6.91955	38.6551	0.0825083	46.1538
6.92104	38.6964	0.165017	46.1538
6.9306	38.7789	0.0825083	46.1538
6.93089	38.7789	0.247525	46.1538
6.93214	38.8614	0.165017	46.1538
6.93941	38.9439	0.0825083	46.1538
6.9409	38.9851	0.165017	46.1538
6.99201	39.0677	0.0825083	46.1538
6.9939	39.1089	0.165017	46.1538
7.05138	39.1914	0.0825083	46.1538
7.05157	39.1914	0.247525	46.1538
7.05633	39.2739	0.165017	46.1538
7.06474	39.3564	0.0825083	46.1538
7.06779	39.3977	0.165017	46.1538
7.25326	39.4802	0.0825083	46.1538
7.25545	39.5215	0.165017	46.1538
7.2836	39.604	0.0825083	46.1538
7.28618	39.6452	0.165017	46.1538
7.29918	39.7277	0.0825083	46.1538
7.33722	39.7277	0.0825083	46.1538
7.33731	39.769	0.165017	46.1538
7.35178	39.8515	0.0825083	46.1538
7.36124	39.8927	0.165017	46.1538
7.39315	39.9752	0.0825083	46.1538
7.39431	40.0165	0.165017	46.1538
7.4149	40.099	0.0825083	46.1538
7.41856	40.1403	0.165017	46.1538
7.43082	40.2228	0.0825083	46.1538
7.43186	40.264	0.165017	46.1538
7.44121	40.3465	0.0825083	46.1538
7.44138	40.3878	0.165017	46.1538
7.44559	40.4703	0.0825083	46.1538
7.44629	40.5116	0.165017	46.1538
7.44632	40.5528	0.247525	46.1538
7.4469	40.6353	0.165017	46.1538
7.45362	40.7178	0.0825083	46.1538
7.4539	40.7178	0.247525	46.1538
7.45399	40.8003	0.165017	46.1538
7.46316	40.8828	0.0825083	46.1538
7.46363	40.9241	0.165017	46.1538
7.52736	41.0066	0.0825083	46.1538
7.52888	41.0479	0.165017	46.1538
7.55682	41.1304	0.0825083	46.1538
7.58077	41.1304	0.0825083	47.1795
7.59117	41.1304	0.165017	47.1795
7.60142	41.2129	0.0825083	47.1795
7.6031	41.2129	0.165017	47.1795
7.60321	41.2954	0.0825083	47.1795
7.6089	41.2954	0.0825083	47.6923
7.61118	41.3366	0.165017	47.6923
7.62206	41.4191	0.0825083	47.6923
7.62868	41.4604	0.165017	47.6923
7.62951	41.4604	0.330033	47.6923
7.62983	41.5429	0.247525	47.6923
7.63103	41.6254	0.165017	47.6923
7.63119	41.6254	0.165017	48.2051
7.71019	41.7079	0.0825083	48.2051
7.71513	41.7492	0.165017	48.2051
7.76363	41.8317	0.0825083	48.2051
7.76384	41.8729	0.165017	48.2051
7.85657	41.9554	0.0825083	48.2051
7.85758	41.9967	0.165017	48.2051
7.86276	42.0792	0.0825083	48.2051
7.86623	42.1205	0.165017	48.2051
7.86837	42.203	0.0825083	48.2051
7.87027	42.2442	0.165017	48.2051
7.92118	42.3267	0.0825083	48.2051
7.92289	42.368	0.165017	48.2051
7.94432	42.4505	0.0825083	48.2051
7.94449	42.4505	0.165017	48.2051
7.95295	42.533	0.0825083	48.2051
7.95776	42.5743	0.165017	48.2051
7.97395	42.6568	0.0825083	48.2051
8.00709	42.6568	0.0825083	48.7179
8.00714	42.6568	0.247525	48.7179
8.00865	42.7393	0.165017	48.7179
8.00875	42.7393	0.165017	49.2308
8.01317	42.8218	0.0825083	49.2308
8.01457	42.8218	0.165017	49.2308
8.0168	42.8218	0.165017	49.2308
8.01682	42.9043	0.0825083	49.2308
8.01865	42.9043	0.247525	49.2308
8.02072	42.9868	0.165017	49.2308
8.03275	43.0693	0.0825083	49.2308
8.04023	43.1106	0.165017	49.2308
8.05837	43.1931	0.0825083	49.2308
8.05923	43.1931	0.247525	49.2308
8.06103	43.2756	0.165017	49.2308
8.06104	43.3168	0.247525	49.2308
8.06185	43.3993	0.165017	49.2308
8.08156	43.4818	0.0825083	49.2308
8.08165	43.5231	0.165017	49.2308
8.09147	43.6056	0.0825083	49.2308
8.09489	43.6056	0.165017	49.2308
8.12168	43.6881	0.0825083	49.2308
8.12181	43.6881	0.165017	49.2308
8.15277	43.7706	0.0825083	49.2308
8.155	43.8119	0.165017	49.2308
8.16076	43.8944	0.0825083	49.2308
8.22113	43.8944	0.0825083	50.2564
8.25552	43.8944	0.0825083	50.7692
8.25767	43.8944	0.247525	50.7692
8.25803	43.9769	0.165017	50.7692
8.31743	44.0594	0.0825083	50.7692
8.31822	44.1007	0.165017	50.7692
8.31841	44.1007	0.330033	50.7692
8.3209	44.1832	0.247525	50.7692
8.32103	44.2657	0.165017	50.7692
8.3363	44.3482	0.0825083	50.7692
8.37949	44.3482	0.0825083	51.2821
8.38178	44.3894	0.165017	51.2821
8.44001	44.4719	0.0825083	51.2821
8.44024	44.5132	0.165017	51.2821
8.4532	44.5957	0.0825083	51.2821
8.45541	44.637	0.165017	51.2821
8.46362	44.7195	0.0825083	51.2821
8.46478	44.7195	0.247525	51.2821
8.46933	44.802	0.165017	51.2821
8.4831	44.8845	0.0825083	51.2821
8.4842	44.8845	0.247525	51.2821
8.48581	44.967	0.165017	51.2821
8.49229	45.0495	0.0825083	51.2821
8.49254	45.0908	0.165017	51.2821
8.49741	45.0908	0.165017	52.3077
8.51012	45.1733	0.0825083	52.3077
8.52768	45.2558	0	52.3077
8.52977	45.297	0.0825083	52.3077
8.59067	45.3795	0	52.3077
8.59602	45.3795	0	52.8205
8.5971	45.4208	0.0825083	52.8205
8.61252	45.5033	0	52.8205
8.61538	45.5033	0.0825083	52.8205
8.67898	45.5858	0	52.8205
8.71841	45.5858	0	53.3333
8.72479	45.6271	0.0825083	53.3333
8.72695	45.7096	0	53.3333
8.72737	45.7508	0.0825083	53.3333
8.76497	45.8333	0	53.3333
8.76608	45.8746	0.0825083	53.3333
8.76632	45.8746	0.247525	53.3333
8.7672	45.9571	0.165017	53.3333
8.76751	46.0396	0.0825083	53.3333
8.78854	46.1221	0	53.3333
8.79046	46.1634	0.0825083	53.3333
8.80512	46.2459	0	53.3333
8.81028	46.2459	0.0825083	53.3333
8.86369	46.3284	0	53.3333
8.86379	46.3284	0.165017	53.3333
8.86568	46.4109	0.0825083	53.3333
8.87125	46.4934	0	53.3333
8.88836	46.4934	0	54.359
8.89	46.5347	0.0825083	54.359
8.90148	46.6172	0	54.359
8.9024	46.6172	0.165017	54.359
8.90852	46.6997	0.0825083	54.359
8.91403	46.7822	0	54.359
8.9187	46.8234	0.0825083	54.359
8.91871	46.8647	0.165017	54.359
8.92096	46.9472	0.0825083	54.359
9.04162	47.0297	0	54.359
9.0441	47.071	0.0825083	54.359
9.05107	47.1535	0	54.359
9.05202	47.1535	0.165017	54.359
9.05561	47.236	0.0825083	54.359
9.06088	47.3185	0	54.359
9.06091	47.3597	0.0825083	54.359
9.06262	47.4422	0	54.359
9.06539	47.4835	0.0825083	54.359
9.07956	47.566	0	54.359
9.08252	47.6073	0.0825083	54.359
9.08317	47.6073	0.247525	54.359
9.08454	47.6898	0.165017	54.359
9.09225	47.7723	0.0825083	54.359
9.11655	47.8548	0	54.359
9.11661	47.8548	0.165017	54.359
9.11824	47.9373	0.0825083	54.359
9.13671	48.0198	0	54.359
9.1377	48.0198	0.0825083	54.359
9.1419	48.1023	0	54.359
9.14448	48.1436	0.0825083	54.359
9.15734	48.2261	0	54.359
9.15787	48.2261	0.0825083	54.359
9.15852	48.2673	0.165017	54.359
9.17218	48.3498	0.0825083	54.359
9.19179	48.4323	0	54.359
9.19463	48.4736	0.0825083	54.359
9.19512	48.5561	0	54.359
9.19746	48.5974	0.0825083	54.359
9.20295	48.6799	0	54.359
9.21277	48.6799	0.0825083	54.359
9.23091	48.7624	0	54.359
9.23155	48.7624	0.0825083	54.359
9.25372	48.8449	0	54.359
9.28514	48.8449	0	55.3846
9.28846	48.8861	0.0825083	55.3846
9.437	48.9686	0	55.3846
9.43754	49.0099	0.0825083	55.3846
9.45437	49.0924	0	55.3846
9.4624	49.1337	0.0825083	55.3846
9.46271	49.2162	0	55.3846
9.46437	49.2574	0.0825083	55.3846
9.46509	49.3399	0	55.3846
9.46708	49.3399	0.0825083	55.3846
9.46934	49.3812	0.165017	55.3846
9.46942	49.3812	0.247525	55.3846
9.47077	49.4637	0.165017	55.3846
9.54127	49.5462	0.0825083	55.3846
9.59456	49.5462	0.0825083	56.4103
9.59475	49.5875	0.165017	56.4103
9.60057	49.67	0.0825083	56.4103
9.60345	49.67	0.0825083	56.9231
9.60412	49.67	0.247525	56.9231
9.60794	49.7525	0.165017	56.9231
9.63173	49.835	0.0825083	56.9231
9.63184	49.835	0.247525	56.9231
9.6321	49.9175	0.165017	56.9231
9.63754	50	0.0825083	56.9231
9.63975	50.0413	0.165017	56.9231
9.72286	50.1238	0.0825083	56.9231
9.72292	50.1238	0.165017	56.9231
9.74703	50.2063	0.0825083	56.9231
9.74751	50.2475	0.165017	56.9231
9.77358	50.33	0.0825083	56.9231
9.80595	50.33	0.0825083	57.9487
9.80641	50.33	0.247525	57.9487
9.8073	50.4125	0.165017	57.9487
9.82075	50.495	0.0825083	57.9487
9.82086	50.5363	0.165017	57.9487
9.86792	50.6188	0.0825083	57.9487
9.86807	50.6188	0.247525	57.9487
9.87308	50.7013	0.165017	57.9487
9.89856	50.7838	0.0825083	57.9487
9.90118	50.7838	0.247525	57.9487
9.90345	50.8663	0.165017	57.9487
9.95519	50.9488	0.0825083	57.9487
9.95655	50.9901	0.165017	57.9487
9.97568	51.0726	0.0825083	57.9487
9.97571	51.1139	0.165017	57.9487
9.98903	51.1964	0.0825083	57.9487
9.99033	51.1964	0.165017	57.9487
10.0158	51.2789	0.0825083	57.9487
10.0184	51.3201	0.165017	57.9487
10.1124	51.4026	0.0825083	57.9487
10.1133	51.4026	0.247525	57.9487
10.1152	51.4851	0.165017	57.9487
10.1633	51.5677	0.0825083	57.9487
10.1638	51.5677	0.247525	57.9487
10.1651	51.6502	0.165017	57.9487
10.1664	51.6914	0.247525	57.9487
10.1665	51.7739	0.165017	57.9487
10.2704	51.8564	0.0825083	57.9487
10.272	51.8564	0.165017	57.9487
10.3147	51.9389	0.0825083	57.9487
10.3156	51.9802	0.165017	57.9487
10.3581	52.0627	0.0825083	57.9487
10.37	52.1452	0	57.9487
10.3714	52.1865	0.0825083	57.9487
10.3875	52.269	0	57.9487
10.4155	52.269	0	58.4615
10.4163	52.269	0.0825083	58.4615
10.4639	52.3515	0	58.4615
10.4654	52.3927	0.0825083	58.4615
10.4667	52.4752	0	58.4615
10.4693	52.5165	0.0825083	58.4615
10.4895	52.599	0	58.4615
10.4906	52.6403	0.0825083	58.4615
10.5097	52.7228	0	58.4615
10.5105	52.7228	0.165017	58.4615
10.5109	52.8053	0.0825083	58.4615
10.5559	52.8878	0	58.4615
10.5564	52.8878	0.165017	58.4615
10.5568	52.8878	0.330033	58.4615
10.5568	52.9703	0.247525	58.4615
10.5597	53.0528	0.165017	58.4615
10.5604	53.1353	0.0825083	58.4615
10.6058	53.2178	0	58.4615
10.6106	53.2591	0.0825083	58.4615
10.6546	53.3416	0	58.4615
10.6586	53.3416	0.0825083	58.4615
10.6902	53.4241	0	58.4615
10.6935	53.4653	0.0825083	58.4615
10.6971	53.5479	0	58.4615
10.6985	53.5891	0.0825083	58.4615
10.7127	53.6716	0	58.4615
10.7152	53.7129	0.0825083	58.4615
10.754	53.7954	0	58.4615
10.7603	53.8366	0.0825083	58.4615
10.7614	53.8779	0.165017	58.4615
10.7654	53.9604	0.0825083	58.4615
10.8169	54.0429	0	58.4615
10.8179	54.0842	0.0825083	58.4615
10.9049	54.1667	0	58.4615
10.9054	54.2079	0.0825083	58.4615
10.928	54.2904	0	58.4615
10.9294	54.3317	0.0825083	58.4615
10.9608	54.4142	0	58.4615
10.9608	54.4142	0.165017	58.4615
10.961	54.4967	0.0825083	58.4615
10.9692	54.5792	0	58.4615
10.9692	54.6205	0.0825083	58.4615
10.981	54.703	0	58.4615
10.9821	54.7442	0.0825083	58.4615
11.017	54.8267	0	58.4615
11.0937	54.8267	0	59.4872
11.0995	54.868	0.0825083	59.4872
11.114	54.9505	0	59.4872
11.1285	54.9505	0	60
11.1291	54.9505	0.0825083	60
11.1492	55.033	0	60
11.1501	55.0743	0.0825083	60
11.174	55.1568	0	60
11.1747	55.1568	0.165017	60
11.175	55.2393	0.0825083	60
11.1932	55.3218	0	60
11.1949	55.363	0.0825083	60
11.2395	55.4455	0	60
11.2406	55.4868	0.0825083	60
11.2519	55.5693	0	60
11.2522	55.5693	0.165017	60
11.2526	55.6518	0.0825083	60
11.3021	55.7343	0	60
11.3027	55.7343	0.165017	60
11.3042	55.8168	0.0825083	60
11.3476	55.8993	0	60
11.3512	55.8993	0.165017	60
11.3517	55.9818	0.0825083	60
11.3612	56.0644	0	60
11.3635	56.0644	0.0825083	60
11.3871	56.1469	0	60
11.3875	56.1881	0.0825083	60
11.4087	56.2706	0	60
11.4091	56.3119	0.0825083	60
11.466	56.3944	0	60
11.4688	56.4356	0.0825083	60
11.4843	56.5182	0	60
11.4849	56.5182	0.165017	60
11.4921	56.6007	0.0825083	60
11.4968	56.6832	0	60
11.4982	56.7244	0.0825083	60
11.5468	56.8069	0	60
11.5498	56.8069	0.165017	60
11.5504	56.8482	0.247525	60
11.5687	56.9307	0.165017	60
11.5697	56.9719	0.247525	60
11.5698	57.0545	0.165017	60
11.5728	57.0545	0.165017	61.0256
11.5776	57.0957	0.247525	61.0256
11.6078	57.1782	0.165017	61.0256
11.6087	57.2195	0.247525	61.0256
11.6128	57.302	0.165017	61.0256
11.6143	57.3432	0.247525	61.0256
11.6194	57.4257	0.165017	61.0256
11.6197	57.4257	0.330033	61.0256
11.6226	57.5083	0.247525	61.0256
11.6697	57.5908	0.165017	61.0256
11.6702	57.5908	0.247525	61.0256
11.6721	57.6733	0.165017	61.0256
11.6923	57.6733	0.165017	61.5385
11.6941	57.7145	0.247525	61.5385
11.7153	57.797	0.165017	61.5385
11.7172	57.797	0.330033	61.5385
11.7175	57.8795	0.247525	61.5385
11.7286	57.962	0.165017	61.5385
11.7773	57.962	0.165017	62.0513
11.8408	58.0033	0.247525	62.0513
11.8431	58.0446	0.330033	62.0513
11.8711	58.1271	0.247525	62.0513
11.873	58.1271	0.412541	62.0513
11.8733	58.2096	0.330033	62.0513
11.8751	58.2921	0.247525	62.0513
11.9345	58.3746	0.165017	62.0513
11.9347	58.3746	0.330033	62.0513
11.9394	58.4571	0.247525	62.0513
11.9505	58.5396	0.165017	62.0513
11.9507	58.5396	0.330033	62.0513
11.951	58.6221	0.247525	62.0513
11.973	58.7046	0.165017	62.0513
11.9766	58.7459	0.247525	62.0513
12.0353	58.8284	0.165017	62.0513
12.0361	58.8284	0.330033	62.0513
12.0403	58.9109	0.247525	62.0513
12.1336	58.9934	0.165017	62.0513
12.1357	59.0347	0.247525	62.0513
12.1766	59.1172	0.165017	62.0513
12.1772	59.1172	0.330033	62.0513
12.1793	59.1997	0.247525	62.0513
12.2114	59.2822	0.165017	62.0513
12.2173	59.3234	0.247525	62.0513
12.352	59.4059	0.165017	62.0513
12.3521	59.4472	0.247525	62.0513
12.3692	59.5297	0.165017	62.0513
12.3702	59.5297	0.330033	62.0513
12.3723	59.6122	0.247525	62.0513
12.3823	59.6947	0.165017	62.0513
12.3827	59.736	0.247525	62.0513
12.3828	59.8185	0.165017	62.0513
12.3865	59.8597	0.247525	62.0513
12.4907	59.9422	0.165017	62.0513
12.4914	59.9422	0.330033	62.0513
12.492	60.0248	0.247525	62.0513
12.4938	60.1073	0.165017	62.0513
12.5449	60.1073	0.165017	62.5641
12.5451	60.1073	0.330033	62.5641
12.5485	60.1898	0.247525	62.5641
12.5705	60.2723	0.165017	62.5641
12.5718	60.2723	0.247525	62.5641
12.6816	60.3548	0.165017	62.5641
12.6822	60.3548	0.330033	62.5641
12.684	60.4373	0.247525	62.5641
12.7958	60.5198	0.165017	62.5641
12.8006	60.5611	0.247525	62.5641
12.8414	60.6436	0.165017	62.5641
12.8479	60.6848	0.247525	62.5641
12.8492	60.6848	0.412541	62.5641
12.8503	60.7673	0.330033	62.5641
12.8505	60.8498	0.247525	62.5641
12.8644	60.9323	0.165017	62.5641
12.8812	61.0149	0.0825083	62.5641
12.888	61.0561	0.165017	62.5641
12.9741	61.1386	0.0825083	62.5641
12.9749	61.1386	0.247525	62.5641
12.9782	61.2211	0.165017	62.5641
12.9883	61.3036	0.0825083	62.5641
12.9884	61.3036	0.165017	62.5641
13.0101	61.3861	0.0825083	62.5641
13.0114	61.4274	0.165017	62.5641
13.0419	61.5099	0.0825083	62.5641
13.0421	61.5099	0.165017	62.5641
13.0582	61.5924	0.0825083	62.5641
13.0599	61.6337	0.165017	62.5641
13.086	61.7162	0.0825083	62.5641
13.1967	61.7162	0.0825083	63.0769
13.1983	61.7574	0.165017	63.0769
13.2255	61.8399	0.0825083	63.0769
13.2263	61.8812	0.165017	63.0769
13.2877	61.9637	0.0825083	63.0769
13.3173	61.9637	0.0825083	64.1026
13.3175	62.005	0.165017	64.1026
13.3529	62.0875	0.0825083	64.1026
13.3541	62.1287	0.165017	64.1026
13.4549	62.2112	0.0825083	64.1026
13.46	62.2525	0.165017	64.1026
13.4748	62.335	0.0825083	64.1026
13.488	62.335	0.0825083	64.6154
13.4883	62.3762	0.165017	64.6154
13.5208	62.4587	0.0825083	64.6154
13.5218	62.4587	0.247525	64.6154
13.5229	62.5413	0.165017	64.6154
13.5512	62.6238	0.0825083	64.6154
13.5546	62.665	0.165017	64.6154
13.5714	62.7475	0.0825083	64.6154
13.5727	62.7888	0.165017	64.6154
13.6113	62.8713	0.0825083	64.6154
13.612	62.8713	0.165017	64.6154
13.6171	62.9538	0.0825083	64.6154
13.6186	62.995	0.165017	64.6154
13.6228	63.0776	0.0825083	64.6154
13.6271	63.1188	0.165017	64.6154
13.6352	63.2013	0.0825083	64.6154
13.6396	63.2426	0.165017	64.6154
13.6945	63.3251	0.0825083	64.6154
13.6946	63.3663	0.165017	64.6154
13.7557	63.4488	0.0825083	64.6154
13.7652	63.5314	0	64.6154
13.7667	63.5726	0.0825083	64.6154
13.7904	63.6551	0	64.6154
13.7912	63.6964	0.0825083	64.6154
13.8562	63.7789	0	64.6154
13.8585	63.7789	0.0825083	64.6154
13.866	63.8614	0	64.6154
13.8663	63.8614	0.165017	64.6154
13.8687	63.9439	0.0825083	64.6154
13.8822	64.0264	0	64.6154
13.9261	64.0264	0	65.1282
13.9261	64.0264	0.165017	65.1282
13.9263	64.1089	0.0825083	65.1282
13.9265	64.1914	0	65.1282
13.9285	64.2327	0.0825083	65.1282
13.9411	64.3152	0	65.1282
13.9413	64.3152	0.165017	65.1282
13.9459	64.3977	0.0825083	65.1282
13.9556	64.4802	0	65.1282
13.9557	64.4802	0.165017	65.1282
13.9564	64.5627	0.0825083	65.1282
13.9853	64.6452	0	65.1282
13.9861	64.6452	0.0825083	65.1282
13.987	64.7277	0	65.1282
13.9878	64.7277	0.165017	65.1282
13.9886	64.8102	0.0825083	65.1282
14.0577	64.8927	0	65.1282
14.0627	64.934	0.0825083	65.1282
14.0635	65.0165	0	65.1282
14.0651	65.0578	0.0825083	65.1282
14.0767	65.1403	0	65.1282
14.0812	65.1815	0.0825083	65.1282
14.1205	65.264	0	65.1282
14.1206	65.3053	0.0825083	65.1282
14.1559	65.3878	0	65.1282
14.1569	65.429	0.0825083	65.1282
14.2091	65.5116	0	65.1282
14.232	65.5116	0	65.641
14.2373	65.5528	0.0825083	65.641
14.2648	65.6353	0	65.641
14.2652	65.6353	0.0825083	65.641
14.349	65.7178	0	65.641
14.3519	65.7591	0.0825083	65.641
14.3827	65.8416	0	65.641
14.3835	65.8828	0.0825083	65.641
14.3949	65.9653	0	65.641
14.395	66.0066	0.0825083	65.641
14.4075	66.0891	0	65.641
14.4093	66.1304	0.0825083	65.641
14.4453	66.2129	0	65.641
14.4479	66.2541	0.0825083	65.641
14.4499	66.3366	0	65.641
14.4522	66.3779	0.0825083	65.641
14.4556	66.4604	0	65.641
14.4565	66.5016	0.0825083	65.641
14.4649	66.5842	0	65.641
14.4691	66.6254	0.0825083	65.641
14.556	66.7079	0	65.641
14.556	66.7492	0.0825083	65.641
14.5977	66.8317	0	65.641
14.6901	66.8317	0	66.1538
14.6915	66.8317	0.0825083	66.1538
14.7064	66.9142	0	66.1538
14.7108	66.9554	0.0825083	66.1538
14.7256	67.038	0	66.1538
14.7268	67.0792	0.0825083	66.1538
14.7891	67.1617	0	66.1538
14.7903	67.1617	0.165017	66.1538
14.7906	67.2442	0.0825083	66.1538
14.7913	67.2855	0.165017	66.1538
14.7966	67.368	0.0825083	66.1538
14.926	67.4505	0	66.1538
14.9278	67.4505	0.165017	66.1538
14.9286	67.533	0.0825083	66.1538
14.9412	67.6155	0	66.1538
14.9434	67.6568	0.0825083	66.1538
15.0041	67.7393	0	66.1538
15.0077	67.7805	0.0825083	66.1538
15.189	67.863	0	66.1538
15.1898	67.9043	0.0825083	66.1538
15.237	67.9868	0	66.1538
15.2492	68.0281	0.0825083	66.1538
15.3071	68.1106	0	66.1538
15.3073	68.1106	0.165017	66.1538
15.3127	68.1931	0.0825083	66.1538
15.3867	68.2756	0	66.1538
15.3874	68.3168	0.0825083	66.1538
15.3951	68.3993	0	66.1538
15.3957	68.3993	0.165017	66.1538
15.3963	68.4818	0.0825083	66.1538
15.3964	68.4818	0.247525	66.1538
15.3975	68.5644	0.165017	66.1538
15.3984	68.6469	0.0825083	66.1538
15.4263	68.7294	0	66.1538
15.4296	68.7706	0.0825083	66.1538
15.4516	68.8531	0	66.1538
15.4552	68.8944	0.0825083	66.1538
15.4881	68.9769	0	66.1538
15.5865	68.9769	0.0825083	66.1538
15.5885	69.0182	0.165017	66.1538
15.6084	69.1007	0.0825083	66.1538
15.6102	69.1419	0.165017	66.1538
15.7454	69.2244	0.0825083	66.1538
15.7497	69.2657	0.165017	66.1538
15.8656	69.3482	0.0825083	66.1538
15.8673	69.3894	0.165017	66.1538
15.8793	69.4719	0.0825083	66.1538
15.8817	69.4719	0.247525	66.1538
15.8926	69.5545	0.165017	66.1538
15.9542	69.637	0.0825083	66.1538
15.9545	69.637	0.165017	66.1538
15.9616	69.7195	0.0825083	66.1538
15.9616	69.7607	0.165017	66.1538
16.0041	69.8432	0.0825083	66.1538
16.0077	69.8845	0.165017	66.1538
16.1044	69.967	0.0825083	66.1538
16.1057	70.0082	0.165017	66.1538
16.1294	70.0908	0.0825083	66.1538
16.1305	70.132	0.165017	66.1538
16.1739	70.2145	0.0825083	66.1538
16.1743	70.2558	0.165017	66.1538
16.1753	70.297	0.247525	66.1538
16.1778	70.3795	0.165017	66.1538
16.1837	70.462	0.0825083	66.1538
16.1844	70.5033	0.165017	66.1538
16.1873	70.5858	0.0825083	66.1538
16.1878	70.6271	0.165017	66.1538
16.2014	70.7096	0.0825083	66.1538
16.2014	70.7508	0.165017	66.1538
16.2378	70.8333	0.0825083	66.1538
16.2409	70.8746	0.165017	66.1538
16.2496	70.9571	0.0825083	66.1538
16.2513	70.9984	0.165017	66.1538
16.325	71.0809	0.0825083	66.1538
16.3271	71.1221	0.165017	66.1538
16.4764	71.2046	0.0825083	66.1538
16.477	71.2459	0.165017	66.1538
16.4905	71.3284	0.0825083	66.1538
16.4908	71.3284	0.247525	66.1538
16.492	71.4109	0.165017	66.1538
16.4973	71.4934	0.0825083	66.1538
16.4981	71.5347	0.165017	66.1538
16.544	71.6172	0.0825083	66.1538
16.6538	71.6172	0.0825083	67.1795
16.6543	71.6172	0.247525	67.1795
16.6551	71.6997	0.165017	67.1795
16.7193	71.7822	0.0825083	67.1795
16.7195	71.7822	0.247525	67.1795
16.721	71.8647	0.165017	67.1795
16.7339	71.9472	0.0825083	67.1795
16.738	71.9884	0.165017	67.1795
16.825	72.071	0.0825083	67.1795
16.8263	72.071	0.165017	67.1795
16.9368	72.1535	0.0825083	67.1795
16.9378	72.1535	0.247525	67.1795
16.9416	72.236	0.165017	67.1795
16.9886	72.3185	0.0825083	67.1795
16.9886	72.3597	0.165017	67.1795
17.0431	72.4422	0.0825083	67.1795
17.0432	72.4422	0.247525	67.1795
17.0437	72.5247	0.165017	67.1795
17.0454	72.6073	0.0825083	67.1795
17.1459	72.6898	0	67.1795
17.1482	72.731	0.0825083	67.1795
17.1588	72.8135	0	67.1795
17.167	72.8548	0.0825083	67.1795
17.2825	72.9373	0	67.1795
17.2846	72.9785	0.0825083	67.1795
17.4205	73.0611	0	67.1795
17.4326	73.1023	0.0825083	67.1795
17.4671	73.1848	0	67.1795
17.4673	73.1848	0.165017	67.1795
17.4688	73.2673	0.0825083	67.1795
17.5368	73.3498	0	67.1795
17.5403	73.3498	0	67.6923
17.5424	73.3911	0.0825083	67.6923
17.5493	73.4736	0	67.6923
17.552	73.5149	0.0825083	67.6923
17.614	73.5974	0	67.6923
17.6146	73.6386	0.0825083	67.6923
17.6695	73.7211	0	67.6923
17.7064	73.7211	0	68.2051
17.7098	73.7624	0.0825083	68.2051
17.7109	73.8449	0	68.2051
17.7114	73.8449	0.165017	68.2051
17.7119	73.9274	0.0825083	68.2051
17.8006	74.0099	0	68.2051
17.8011	74.0512	0.0825083	68.2051
17.8412	74.1337	0	68.2051
17.8419	74.1337	0.0825083	68.2051
17.928	74.2162	0	68.2051
17.9291	74.2574	0.0825083	68.2051
17.9734	74.3399	0	68.2051
17.9745	74.3399	0.165017	68.2051
17.9762	74.4224	0.0825083	68.2051
18.0491	74.505	0	68.2051
18.0503	74.505	0.0825083	68.2051
18.1917	74.5875	0	68.2051
18.1995	74.6287	0.0825083	68.2051
18.2295	74.7112	0	68.2051
18.2339	74.7112	0	69.2308
18.2354	74.7525	0.0825083	69.2308
18.2598	74.835	0	69.2308
18.2608	74.8762	0.0825083	69.2308
18.2611	74.9587	0	69.2308
18.3221	74.9587	0	70.2564
18.329	74.9587	0.0825083	70.2564
18.3586	75.0413	0	70.2564
18.3639	75.0825	0.0825083	70.2564
18.368	75.165	0	70.2564
18.372	75.165	0.165017	70.2564
18.401	75.2475	0.0825083	70.2564
18.401	75.2888	0.165017	70.2564
18.4111	75.3713	0.0825083	70.2564
18.4121	75.3713	0.247525	70.2564
18.4129	75.4538	0.165017	70.2564
18.461	75.5363	0.0825083	70.2564
18.463	75.5363	0.165017	70.2564
18.5062	75.6188	0.0825083	70.2564
18.5442	75.7013	0	70.2564
18.5508	75.7426	0.0825083	70.2564
18.6918	75.8251	0	70.2564
18.692	75.8663	0.0825083	70.2564
18.7806	75.9488	0	70.2564
18.9328	75.9488	0	70.7692
18.9331	75.9901	0.0825083	70.7692
18.9806	76.0726	0	70.7692
18.9812	76.0726	0.165017	70.7692
18.9828	76.1551	0.0825083	70.7692
19.2345	76.2376	0	70.7692
19.2352	76.2376	0.165017	70.7692
19.2369	76.3201	0.0825083	70.7692
19.2477	76.4026	0	70.7692
19.2487	76.4026	0.0825083	70.7692
19.2804	76.4851	0	70.7692
19.2833	76.5264	0.0825083	70.7692
19.2918	76.6089	0	70.7692
19.2926	76.6502	0.0825083	70.7692
19.2999	76.7327	0	70.7692
19.3001	76.7327	0.0825083	70.7692
19.4955	76.8152	0	70.7692
19.4998	76.8564	0.0825083	70.7692
19.5295	76.9389	0	70.7692
19.5339	76.9389	0.165017	70.7692
19.5354	77.0215	0.0825083	70.7692
19.6037	77.104	0	70.7692
19.6381	77.104	0	71.7949
19.6409	77.104	0.0825083	71.7949
19.6713	77.1865	0	71.7949
19.6741	77.2277	0.0825083	71.7949
19.6835	77.3102	0	71.7949
19.6844	77.3515	0.0825083	71.7949
19.7024	77.434	0	71.7949
19.7042	77.4753	0.0825083	71.7949
19.7125	77.5578	0	71.7949
19.713	77.599	0.0825083	71.7949
19.7722	77.6815	0	71.7949
19.7753	77.6815	0.0825083	71.7949
19.8301	77.764	0	71.7949
19.8322	77.764	0.165017	71.7949
19.8334	77.8465	0.0825083	71.7949
19.9225	77.929	0	71.7949
20.0429	77.929	0	72.8205
20.0456	77.929	0	73.3333
20.0459	77.9703	0.0825083	73.3333
20.0841	78.0528	0	73.3333
20.0857	78.0941	0.0825083	73.3333
20.0873	78.1766	0	73.3333
20.1695	78.1766	0	73.8462
20.1736	78.2178	0.0825083	73.8462
20.2425	78.3003	0	73.8462
20.2445	78.3003	0.165017	73.8462
20.2447	78.3416	0.247525	73.8462
20.2456	78.4241	0.165017	73.8462
20.2457	78.5066	0.0825083	73.8462
20.3337	78.5891	0	73.8462
20.3348	78.6304	0.0825083	73.8462
20.3589	78.7129	0	73.8462
20.3634	78.7541	0.0825083	73.8462
20.3986	78.8366	0	73.8462
20.4022	78.8779	0.0825083	73.8462
20.421	78.9604	0	73.8462
20.4303	78.9604	0	74.359
20.4315	78.9604	0.165017	74.359
20.432	79.0429	0.0825083	74.359
20.4444	79.1254	0	74.359
20.4996	79.1254	0.0825083	74.359
20.4998	79.1667	0.165017	74.359
20.5823	79.2492	0.0825083	74.359
20.5857	79.2904	0.165017	74.359
20.6002	79.3729	0.0825083	74.359
20.602	79.3729	0.165017	74.359
20.683	79.4554	0.0825083	74.359
20.6836	79.4967	0.165017	74.359
20.8276	79.5792	0.0825083	74.359
20.8956	79.5792	0.0825083	74.8718
20.8962	79.6205	0.165017	74.8718
20.9059	79.703	0.0825083	74.8718
20.9062	79.703	0.165017	74.8718
20.9514	79.7855	0.0825083	74.8718
20.9553	79.8267	0.165017	74.8718
21.0092	79.9092	0.0825083	74.8718
21.0134	79.9505	0.165017	74.8718
21.1719	80.033	0.0825083	74.8718
21.172	80.0743	0.165017	74.8718
21.2201	80.1568	0.0825083	74.8718
21.2202	80.198	0.165017	74.8718
21.2616	80.2805	0.0825083	74.8718
21.2617	80.3218	0.165017	74.8718
21.2994	80.4043	0.0825083	74.8718
21.3	80.4455	0.165017	74.8718
21.3071	80.5281	0.0825083	74.8718
21.3081	80.5693	0.165017	74.8718
21.4683	80.6518	0.0825083	74.8718
21.4685	80.6518	0.247525	74.8718
21.4696	80.7343	0.165017	74.8718
21.4698	80.7756	0.247525	74.8718
21.4717	80.8581	0.165017	74.8718
21.5885	80.9406	0.0825083	74.8718
21.5886	80.9818	0.165017	74.8718
21.6265	81.0644	0.0825083	74.8718
21.628	81.0644	0.165017	74.8718
21.6422	81.1469	0.0825083	74.8718
21.645	81.1469	0.165017	74.8718
21.7198	81.2294	0.0825083	74.8718
21.7203	81.2706	0.165017	74.8718
21.8502	81.3531	0.0825083	74.8718
21.851	81.3531	0.165017	74.8718
22.0003	81.4356	0.0825083	74.8718
22.0021	81.4769	0.165017	74.8718
22.173	81.5594	0.0825083	74.8718
22.1746	81.5594	0.247525	74.8718
22.1782	81.6419	0.165017	74.8718
22.2934	81.7244	0.0825083	74.8718
22.2956	81.7244	0.247525	74.8718
22.2958	81.8069	0.165017	74.8718
22.4923	81.8894	0.0825083	74.8718
22.4966	81.8894	0.0825083	75.3846
22.4985	81.9719	0	75.3846
22.5006	82.0132	0.0825083	75.3846
22.7513	82.0957	0	75.3846
22.7518	82.0957	0.165017	75.3846
22.7531	82.1782	0.0825083	75.3846
22.7736	82.2607	0	75.3846
22.7751	82.302	0.0825083	75.3846
22.8464	82.3845	0	75.3846
22.8505	82.3845	0.165017	75.3846
22.8505	82.467	0.0825083	75.3846
22.9825	82.5495	0	75.3846
22.9896	82.5908	0.0825083	75.3846
23.0354	82.6733	0	75.3846
23.0397	82.7145	0.0825083	75.3846
23.181	82.797	0	75.3846
23.181	82.797	0.165017	75.3846
23.1832	82.8795	0.0825083	75.3846
23.2173	82.962	0	75.3846
23.22	82.962	0.0825083	75.3846
23.2758	83.0446	0	75.3846
23.2764	83.0858	0.0825083	75.3846
23.2892	83.1683	0	75.3846
23.2907	83.2096	0.0825083	75.3846
23.3265	83.2921	0	75.3846
23.3278	83.2921	0.0825083	75.3846
23.3557	83.3746	0	75.3846
23.4412	83.3746	0	75.8974
23.4461	83.4158	0.0825083	75.8974
23.6019	83.4984	0	75.8974
23.6022	83.4984	0.0825083	75.8974
23.6597	83.5809	0	75.8974
23.6604	83.5809	0.0825083	75.8974
23.6938	83.6634	0	75.8974
23.6979	83.7046	0.0825083	75.8974
23.9187	83.7871	0	75.8974
23.919	83.8284	0.0825083	75.8974
24.1436	83.9109	0	75.8974
24.1453	83.9109	0.0825083	75.8974
24.2702	83.9934	0	75.8974
24.274	84.0347	0.0825083	75.8974
24.338	84.1172	0	75.8974
24.3404	84.1584	0.0825083	75.8974
24.3652	84.2409	0	75.8974
24.3721	84.2822	0.0825083	75.8974
24.4222	84.3647	0	75.8974
24.425	84.3647	0.0825083	75.8974
24.5367	84.4472	0	75.8974
24.7964	84.4472	0	76.4103
24.8059	84.4472	0.165017	76.4103
24.8069	84.4884	0.247525	76.4103
24.8455	84.571	0.165017	76.4103
24.8471	84.6535	0.0825083	76.4103
24.8497	84.6947	0.165017	76.4103
24.9782	84.7772	0.0825083	76.4103
24.9792	84.8185	0.165017	76.4103
25.1262	84.901	0.0825083	76.4103
25.3142	84.901	0.0825083	76.9231
25.3144	84.9422	0.165017	76.9231
25.3502	85.0247	0.0825083	76.9231
25.3522	85.066	0.165017	76.9231
25.3559	85.1485	0.0825083	76.9231
25.6102	85.1485	0.0825083	77.4359
25.6102	85.1485	0.247525	77.4359
25.6113	85.231	0.165017	77.4359
25.7151	85.3135	0.0825083	77.4359
25.7174	85.3548	0.165017	77.4359
25.895	85.4373	0.0825083	77.4359
25.8968	85.4373	0.247525	77.4359
25.9015	85.5198	0.165017	77.4359
26.0979	85.6023	0.0825083	77.4359
26.3767	85.6023	0.0825083	78.4615
26.3776	85.6436	0.165017	78.4615
26.438	85.7261	0.0825083	78.4615
26.5127	85.7261	0.0825083	78.9744
26.5152	85.7673	0.165017	78.9744
26.5583	85.8498	0.0825083	78.9744
26.5585	85.8498	0.247525	78.9744
26.5589	85.9323	0.165017	78.9744
26.8666	86.0149	0.0825083	78.9744
26.9696	86.0974	0	78.9744
26.9723	86.0974	0.165017	78.9744
26.9723	86.1799	0.0825083	78.9744
27.0675	86.2624	0	78.9744
27.0724	86.3036	0.0825083	78.9744
27.0727	86.3036	0.0825083	79.4872
27.0771	86.3861	0	79.4872
27.0807	86.4274	0.0825083	79.4872
27.2007	86.5099	0	79.4872
27.2019	86.5512	0.0825083	79.4872
27.2249	86.6337	0	79.4872
27.2253	86.6749	0.0825083	79.4872
27.258	86.7574	0	79.4872
27.2615	86.7987	0.0825083	79.4872
27.2928	86.8812	0	79.4872
27.2956	86.9224	0.0825083	79.4872
27.6326	87.005	0	79.4872
27.6357	87.0462	0.0825083	79.4872
27.7302	87.1287	0	79.4872
27.7307	87.17	0.0825083	79.4872
27.923	87.2525	0	79.4872
27.9305	87.2525	0.0825083	79.4872
27.9402	87.335	0	79.4872
27.9437	87.3762	0.0825083	79.4872
28.6244	87.4587	0	79.4872
28.6247	87.4587	0.0825083	79.4872
28.6433	87.5413	0	79.4872
28.6436	87.5413	0.165017	79.4872
28.6437	87.6238	0.0825083	79.4872
28.6486	87.7063	0	79.4872
28.6498	87.7475	0.0825083	79.4872
28.8037	87.83	0	79.4872
28.8044	87.8713	0.0825083	79.4872
29.1583	87.9538	0	79.4872
29.164	87.9538	0.0825083	79.4872
29.223	88.0363	0	79.4872
29.2238	88.0363	0.165017	79.4872
29.2308	88.1188	0.0825083	79.4872
29.2377	88.2013	0	79.4872
29.2385	88.2426	0.0825083	79.4872
29.4196	88.3251	0	79.4872
29.6481	88.3251	0	80.5128
29.8106	88.3251	0	81.0256
29.8119	88.3663	0.0825083	81.0256
29.9858	88.4488	0	81.0256
29.9859	88.4901	0.0825083	81.0256
30.0703	88.5726	0	81.0256
30.0809	88.6139	0.0825083	81.0256
30.2954	88.6964	0	81.0256
30.2974	88.7376	0.0825083	81.0256
30.3749	88.8201	0	81.0256
30.376	88.8614	0.0825083	81.0256
30.5182	88.9439	0	81.0256
30.5234	88.9851	0.0825083	81.0256
30.6006	89.0677	0	81.0256
30.6015	89.0677	0.165017	81.0256
30.605	89.1502	0.0825083	81.0256
30.6321	89.2327	0	81.0256
30.6325	89.2739	0.0825083	81.0256
30.7397	89.3564	0	81.0256
31.0321	89.3977	0.0825083	81.0256
31.0413	89.4389	0.165017	81.0256
31.1689	89.5215	0.0825083	81.0256
31.1697	89.5627	0.165017	81.0256
31.459	89.6452	0.0825083	81.0256
31.4598	89.6452	0.247525	81.0256
31.4601	89.7277	0.165017	81.0256
31.8974	89.8102	0.0825083	81.0256
31.8981	89.8515	0.165017	81.0256
32.5676	89.934	0.0825083	81.0256
32.5677	89.934	0.247525	81.0256
32.5696	90.0165	0.165017	81.0256
33.0439	90.099	0.0825083	81.0256
33.0448	90.099	0.247525	81.0256
33.0468	90.1815	0.165017	81.0256
33.0525	90.264	0.0825083	81.0256
33.0534	90.264	0.165017	81.0256
33.1509	90.3465	0.0825083	81.0256
33.1532	90.3878	0.165017	81.0256
33.4306	90.4703	0.0825083	81.0256
33.7221	90.5528	0	81.0256
33.7234	90.5941	0.0825083	81.0256
33.7271	90.6766	0	81.0256
33.7293	90.7178	0.0825083	81.0256
33.9733	90.8003	0	81.0256
33.9749	90.8416	0.0825083	81.0256
34.0031	90.9241	0	81.0256
34.0033	90.9653	0.0825083	81.0256
34.1828	91.0479	0	81.0256
34.183	91.0891	0.0825083	81.0256
34.3962	91.1716	0	81.0256
34.3966	91.2129	0.0825083	81.0256
34.5268	91.2954	0	81.0256
34.5289	91.3366	0.0825083	81.0256
34.5668	91.4191	0	81.0256
34.5669	91.4604	0.0825083	81.0256
34.7545	91.5429	0	81.0256
34.756	91.5842	0.0825083	81.0256
35.141	91.6667	0	81.0256
35.1429	91.7079	0.0825083	81.0256
35.1975	91.7904	0	81.0256
35.1977	91.8317	0.0825083	81.0256
35.2748	91.9142	0	81.0256
35.2799	91.9554	0.0825083	81.0256
35.5136	92.038	0	81.0256
35.5148	92.038	0.0825083	81.0256
35.7896	92.1205	0	81.0256
35.7911	92.1205	0.165017	81.0256
35.7918	92.203	0.0825083	81.0256
36.2375	92.2855	0	81.0256
36.238	92.3267	0.0825083	81.0256
36.6114	92.4092	0	81.0256
36.7389	92.4092	0	81.5385
36.7401	92.4092	0.165017	81.5385
36.7451	92.4918	0.0825083	81.5385
37.4298	92.5743	0	81.5385
38.0228	92.5743	0	82.0513
38.0229	92.6155	0.0825083	82.0513
38.0598	92.698	0	82.0513
38.5518	92.698	0	82.5641
38.5531	92.7393	0.0825083	82.5641
38.6944	92.8218	0	82.5641
39.4293	92.8218	0	83.5897
39.4299	92.863	0.0825083	83.5897
39.5692	92.9455	0	83.5897
39.6489	92.9455	0	84.1026
39.6499	92.9455	0.165017	84.1026
39.6513	93.0281	0.0825083	84.1026
39.7615	93.1106	0	84.1026
41.0104	93.1106	0	84.6154
41.0128	93.1106	0.0825083	84.6154
41.1124	93.1931	0	84.6154
41.1129	93.1931	0.165017	84.6154
41.1145	93.2756	0.0825083	84.6154
41.1446	93.3581	0	84.6154
41.5952	93.3581	0	85.1282
41.5952	93.3581	0.165017	85.1282
41.597	93.4406	0.0825083	85.1282
41.8119	93.5231	0	85.1282
41.8133	93.5644	0.0825083	85.1282
42.1473	93.6469	0	85.1282
42.5058	93.6469	0	85.641
42.511	93.6881	0.0825083	85.641
42.554	93.7706	0	85.641
42.5567	93.8119	0.0825083	85.641
42.6582	93.8944	0	85.641
42.659	93.9356	0.0825083	85.641
42.8225	94.0182	0	85.641
42.8235	94.0594	0.0825083	85.641
43.1	94.1419	0	85.641
43.1502	94.1419	0	86.1538
43.1502	94.1419	0.165017	86.1538
43.1526	94.2244	0.0825083	86.1538
43.8539	94.3069	0	86.1538
43.8549	94.3482	0.0825083	86.1538
45.0326	94.4307	0	86.1538
45.1585	94.4307	0	86.6667
45.1604	94.4307	0.0825083	86.6667
45.365	94.5132	0	86.6667
45.8423	94.5132	0	87.1795
45.8446	94.5132	0.0825083	87.1795
46.0697	94.5957	0	87.1795
46.07	94.637	0.0825083	87.1795
46.1887	94.7195	0	87.1795
46.5989	94.7195	0	87.6923
46.5993	94.7195	0.165017	87.6923
46.7077	94.802	0.0825083	87.6923
47.5843	94.8845	0	87.6923
47.5845	94.8845	0.165017	87.6923
47.5852	94.967	0.0825083	87.6923
47.6115	95.0495	0	87.6923
47.6115	95.0908	0.0825083	87.6923
47.6266	95.1733	0	87.6923
47.6267	95.1733	0.165017	87.6923
47.6277	95.2558	0.0825083	87.6923
48.2754	95.3383	0	87.6923
48.4601	95.3383	0	88.2051
48.4605	95.3383	0.165017	88.2051
48.4634	95.4208	0.0825083	88.2051
49.0954	95.5033	0	88.2051
49.6486	95.5033	0	88.7179
49.6709	95.5033	0	89.2308
50.4162	95.5033	0	89.7436
50.6301	95.5033	0	90.2564
51.3972	95.5033	0	90.7692
51.4015	95.5446	0.0825083	90.7692
51.4042	95.6271	0	90.7692
51.4058	95.6683	0.0825083	90.7692
52.3233	95.7508	0	90.7692
52.3234	95.7921	0.0825083	90.7692
52.7222	95.8746	0	90.7692
53.0871	95.8746	0	91.7949
53.089	95.8746	0.0825083	91.7949
53.4057	95.9571	0	91.7949
53.406	95.9571	0.165017	91.7949
53.4125	96.0396	0.0825083	91.7949
55.2468	96.1221	0	91.7949
55.2478	96.1634	0.0825083	91.7949
55.3508	96.2459	0	91.7949
55.351	96.2871	0.0825083	91.7949
55.7606	96.3696	0	91.7949
55.7633	96.4109	0.0825083	91.7949
57.1663	96.4934	0	91.7949
57.168	96.5347	0.0825083	91.7949
57.4735	96.6172	0	91.7949
57.4743	96.6584	0.0825083	91.7949
58.4434	96.7409	0	91.7949
58.8484	96.7409	0	92.3077
58.8493	96.7409	0.165017	92.3077
58.8513	96.8234	0.0825083	92.3077
59.0408	96.9059	0	92.3077
59.0414	96.9472	0.0825083	92.3077
60.4956	97.0297	0	92.3077
60.4986	97.071	0.0825083	92.3077
61.2355	97.1535	0	92.3077
61.2356	97.1535	0.165017	92.3077
61.2366	97.236	0.0825083	92.3077
61.2772	97.3185	0	92.3077
61.2794	97.3597	0.0825083	92.3077
62.1305	97.4422	0	92.3077
62.1308	97.4422	0.165017	92.3077
62.1312	97.5247	0.0825083	92.3077
62.7601	97.6073	0	92.3077
62.7606	97.6073	0.165017	92.3077
62.7616	97.6898	0.0825083	92.3077
64.774	97.7723	0	92.3077
65.9626	97.7723	0	92.8205
69.263	97.7723	0	93.3333
69.2634	97.8135	0.0825083	93.3333
70.2349	97.896	0	93.3333
72.375	97.896	0	93.8462
72.376	97.896	0.165017	93.8462
72.3787	97.9785	0.0825083	93.8462
72.795	98.0611	0	93.8462
74.0403	98.0611	0	94.359
74.0408	98.1023	0.0825083	94.359
74.1935	98.1848	0	94.359
86.904	98.1848	0	94.8718
87.8724	98.1848	0	95.8974
87.8736	98.1848	0.165017	95.8974
87.8739	98.2673	0.0825083	95.8974
88.2179	98.3498	0	95.8974
88.2185	98.3498	0.165017	95.8974
88.2191	98.4323	0.0825083	95.8974
344.891	98.5149	0	95.8974
399.508	98.5149	0	96.9231
1018.35	98.5149	0	97.9487
1321.42	98.5149	0	98.9744
1321.54	98.5561	0.0825083	98.9744
1685.11	98.6386	0	98.9744
1701.57	98.6386	0	100
1702.06	98.6799	0.0825083	100
2816.4	98.7624	0	100
2816.76	98.7624	0.165017	100
2816.8	98.8449	0.0825083	100
3799.97	98.9274	0	100
3799.98	98.9274	0.0825083	100
6134.95	99.0099	0	100
6135.47	99.0099	0.0825083	100
6159.26	99.0924	0	100
6159.26	99.1337	0.0825083	100
6725.74	99.2162	0	100
6727.61	99.2574	0.0825083	100
7124.48	99.3399	0	100
7124.49	99.3812	0.0825083	100
7822.86	99.4637	0	100
7823.33	99.505	0.0825083	100
14745.2	99.5875	0	100
14745.6	99.6287	0.0825083	100
14854.8	99.7112	0	100
14855.2	99.7525	0.0825083	100
36577.8	99.835	0	100
36577.8	99.835	0.165017	100
36578.9	99.9175	0.0825083	100
