1.17346e-06	0	0	0
3.43072e-06	0	0	0
3.98109e-06	0	0	0
5.88432e-06	0	0	0
1.32388e-05	0	0	0
1.40491e-05	0	0	0
1.4929e-05	0	0	0
1.75789e-05	0	0	0
1.77358e-05	0	0	0
1.7757e-05	0	0	0
2.1303e-05	0	0	0
3.07472e-05	0	0	0
3.14186e-05	0	0	0
3.24252e-05	0	0	0
4.44586e-05	0	0	0
5.17506e-05	0	0	0
5.56817e-05	0	0	0
6.20745e-05	0	0	0
6.40983e-05	0	0	0
6.48398e-05	0	0	0
6.82657e-05	0	0	0
7.09751e-05	0	0	0
7.89524e-05	0	0	0
7.90695e-05	0	0	0
8.19115e-05	0	0	0
8.44162e-05	0	0	0
8.81957e-05	0	0	0
9.24775e-05	0	0	0
9.36256e-05	0	0	0
0.000101311	0	0	0
0.000112108	0	0	0
0.000118225	0	0	0
0.000131361	0	0	0
0.00013434	0	0	0
0.000150027	0	0	0
0.000160685	0	0	0
0.000163833	0	0	0
0.000166256	0	0	0
0.000168844	0	0	0
0.000174156	0	0	0
0.000175166	0	0	0
0.000177194	0	0	0
0.000186254	0	0	0
0.000192808	0	0	0
0.000201105	0	0	0
0.000202117	0	0	0
0.000206977	0	0	0
0.000210037	0	0	0
0.000215609	0	0	0
0.000216724	0	0	0
0.000223514	0	0	0
0.000230593	0	0	0
0.000232668	0	0	0
0.000234777	0	0	0
0.00025268	0	0	0
0.000257281	0	0	0
0.000259125	0	0	0
0.000263495	0	0	0
0.000263542	0	0	0
0.000267148	0	0	0
0.000272753	0	0	0
0.000273284	0	0	0
0.000275286	0	0	0
0.00029296	0	0	0
0.00029599	0	0	0
0.000306071	0	0	0
0.000306374	0	0	0
0.000307641	0	0	0
0.000308167	0	0	0
0.000310184	0	0	0
0.000329518	0	0	0
0.000333257	0	0	0
0.000337991	0	0	0
0.000339159	0	0	0
0.000342111	0	0	0
0.000346233	0	0	0
0.000348214	0	0	0
0.000349214	0	0	0
0.000351375	0	0	0
0.000353769	0	0	0
0.000364083	0	0	0
0.000367837	0	0	0
0.000368312	0	0	0
0.000372574	0	0	0
0.000377432	0	0	0
0.000388115	0	0	0
0.000389763	0	0	0
0.000391463	0	0	0
0.000396281	0	0	0
0.000407931	0	0	0
0.000408003	0	0	0
0.000418209	0	0	0
0.000425841	0	0	0
0.000432206	0	0	0
0.000436803	0	0	0
0.000439085	0	0	0
0.000442412	0	0	0
0.000443198	0	0	0
0.000444332	0	0	0
0.000457535	0	0	0
0.000468348	0	0	0
0.00048114	0	0	0
0.000481342	0	0	0
0.000485443	0	0	0
0.000490843	0	0	0
0.000504604	0	0	0
0.000505053	0	0	0
0.000510882	0	0	0
0.000511417	0	0	0
0.000518439	0	0	0
0.000518851	0	0	0
0.000520696	0	0	0
0.000527424	0	0	0
0.000530457	0	0	0
0.000541694	0	0	0
0.000542662	0	0	0
0.000545536	0	0	0
0.000546362	0	0	0
0.000547116	0	0	0
0.000548384	0	0	0
0.000549987	0	0	0
0.000553794	0	0	0
0.0005624	0	0	0
0.000562431	0	0	0
0.000562899	0	0	0
0.000573347	0	0	0
0.000581592	0	0	0
0.000588122	0	0	0
0.000589213	0	0	0
0.000593564	0	0	0
0.000594239	0	0	0
0.000596133	0	0	0
0.000597309	0	0	0
0.00059746	0	0	0
0.000603656	0	0	0
0.000612403	0	0	0
0.000613721	0	0	0
0.000613824	0	0	0
0.000620088	0	0	0
0.000620134	0	0	0
0.000622689	0	0	0
0.000627992	0	0	0
0.000632279	0	0	0
0.000635792	0	0	0
0.000636177	0	0	0
0.000639548	0	0	0
0.000642339	0	0	0
0.000644303	0	0	0
0.000645508	0	0	0
0.000649057	0	0	0
0.000649682	0	0	0
0.000653024	0	0	0
0.000656624	0	0	0
0.000657747	0	0	0
0.000667927	0	0	0
0.000668473	0	0	0
0.000683781	0	0	0
0.000684031	0	0	0
0.000685031	0	0	0
0.000686714	0	0	0
0.00068694	0	0	0
0.000691575	0	0	0
0.000707778	0	0	0
0.000712022	0	0	0
0.000716258	0	0	0
0.000728137	0	0	0
0.000728918	0	0	0
0.000738248	0	0	0
0.000748626	0	0	0
0.000751672	0	0	0
0.000753264	0	0	0
0.00075588	0	0	0
0.000766709	0	0	0
0.00076853	0	0	0
0.000772383	0	0	0
0.00078599	0	0	0
0.00078721	0	0	0
0.000789238	0	0	0
0.00079023	0	0	0
0.000792861	0	0	0
0.000793455	0	0	0
0.000793547	0	0	0
0.000793745	0	0	0
0.000796591	0	0	0
0.000798151	0	0	0
0.000801367	0	0	0
0.00080198	0	0	0
0.000802922	0	0	0
0.000803039	0	0	0
0.00081405	0	0	0
0.000814105	0	0	0
0.00081565	0	0	0
0.000822881	0	0	0
0.000826807	0	0	0
0.000827087	0	0	0
0.000829144	0	0	0
0.00082991	0	0	0
0.000834174	0	0	0
0.00083467	0	0	0
0.00083492	0	0	0
0.000843221	0	0	0
0.000848107	0	0	0
0.000848895	0	0	0
0.000850191	0	0	0
0.000851589	0	0	0
0.000853049	0	0	0
0.000854312	0	0	0
0.000855029	0	0	0
0.000858271	0	0	0
0.000859289	0	0	0
0.000862453	0	0	0
0.0008645	0	0	0
0.00086854	0	0	0
0.000871794	0	0	0
0.000889485	0	0	0
0.000894697	0	0	0
0.000900914	0	0	0
0.000908226	0	0	0
0.000911821	0	0	0
0.000913964	0	0	0
0.0009153	0	0	0
0.000921322	0	0	0
0.000922962	0	0	0
0.000926019	0	0	0
0.000926557	0	0	0
0.000932285	0	0	0
0.000935399	0	0	0
0.000935608	0	0	0
0.000938642	0	0	0
0.000939559	0	0	0
0.000941575	0	0	0
0.000941731	0	0	0
0.000943109	0	0	0
0.000945238	0	0	0
0.000949327	0	0	0
0.000963156	0	0	0
0.000966849	0	0	0
0.000968262	0	0	0
0.000969494	0	0	0
0.000976627	0	0	0
0.000977459	0	0	0
0.000981846	0	0	0
0.000988026	0	0	0
0.000995229	0	0	0
0.000998303	0	0	0
0.000999125	0	0	0
0.00100399	0	0	0
0.00100567	0	0	0
0.00100682	0	0	0
0.00102183	0	0	0
0.0010229	0	0	0
0.00102998	0	0	0
0.00103823	0	0	0
0.00105221	0	0	0
0.00105829	0	0	0
0.00105919	0	0	0
0.00106069	0	0	0
0.00106155	0	0	0
0.00106575	0	0	0
0.00107098	0	0	0
0.00107514	0	0	0
0.00107791	0	0	0
0.00108797	0	0	0
0.00109035	0	0	0
0.00110739	0	0	0
0.00110905	0	0	0
0.00111021	0	0	0
0.0011121	0	0	0
0.00111276	0	0	0
0.00111386	0	0	0
0.00111453	0	0	0
0.00112162	0	0	0
0.00112227	0	0	0
0.00112462	0	0	0
0.00112885	0	0	0
0.00113055	0	0	0
0.00113211	0	0	0
0.00113813	0	0	0
0.00113883	0	0	0
0.00114502	0	0	0
0.00114932	0	0	0
0.0011524	0	0	0
0.00115767	0	0	0
0.00116022	0	0	0
0.0011607	0	0	0
0.00116869	0	0	0
0.00117272	0	0	0
0.00117875	0	0	0
0.00118288	0	0	0
0.00119198	0	0	0
0.00119211	0	0	0
0.0011958	0	0	0
0.00119735	0	0	0
0.00119739	0	0	0
0.00120271	0	0	0
0.00120684	0	0	0
0.00121408	0	0	0
0.00121542	0	0	0
0.00122055	0	0	0
0.00122157	0	0	0
0.00122756	0	0	0
0.00123122	0	0	0
0.00123435	0	0	0
0.00124557	0	0	0
0.00124806	0	0	0
0.00125092	0	0	0
0.00125703	0	0	0
0.00126056	0	0	0
0.00126075	0	0	0
0.00126109	0	0	0
0.00126132	0	0	0
0.00126154	0	0	0
0.00126615	0	0	0
0.00126735	0	0	0
0.00126929	0	0	0
0.00127593	0	0	0
0.00127645	0	0	0
0.00127649	0	0	0
0.00128191	0	0	0
0.00128339	0	0	0
0.00128946	0	0	0
0.00129247	0	0	0
0.0012972	0	0	0
0.00129837	0	0	0
0.00129899	0	0	0
0.00130521	0	0	0
0.00130553	0	0	0
0.00130744	0	0	0
0.00131347	0	0	0
0.00131586	0	0	0
0.0013314	0	0	0
0.00133471	0	0	0
0.00133483	0	0	0
0.00134004	0	0	0
0.00134025	0	0	0
0.00134169	0	0	0
0.00134195	0	0	0
0.00134339	0	0	0
0.00134511	0	0	0
0.00135069	0	0	0
0.00135587	0	0	0
0.00136744	0	0	0
0.00136857	0	0	0
0.00136959	0	0	0
0.00137099	0	0	0
0.0013732	0	0	0
0.00137585	0	0	0
0.00137763	0	0	0
0.0013823	0	0	0
0.00139342	0	0	0
0.00140213	0	0	0
0.00140454	0	0	0
0.00141078	0	0	0
0.00141564	0	0	0
0.001421	0	0	0
0.00142141	0	0	0
0.00142366	0	0	0
0.00142954	0	0	0
0.00143063	0	0	0
0.00143168	0	0	0
0.00143223	0	0	0
0.0014367	0	0	0
0.00144673	0	0	0
0.00145082	0	0	0
0.0014574	0	0	0
0.00145909	0	0	0
0.00146051	0	0	0
0.00146466	0	0	0
0.00146484	0	0	0
0.00146598	0	0	0
0.00146783	0	0	0
0.00147593	0	0	0
0.00147746	0	0	0
0.00148492	0	0	0
0.00148668	0	0	0
0.00148741	0	0	0
0.00148927	0	0	0
0.00149073	0	0	0
0.00149192	0	0	0
0.00149496	0	0	0
0.00150607	0	0	0
0.00150853	0	0	0
0.00150997	0	0	0
0.00151124	0	0	0
0.0015117	0	0	0
0.00151372	0	0	0
0.00151502	0	0	0
0.00151836	0	0	0
0.00152577	0	0	0
0.0015264	0	0	0
0.00153088	0	0	0
0.00153619	0	0	0
0.00154384	0	0	0
0.00154423	0	0	0
0.00155199	0	0	0
0.00155435	0	0	0
0.00155504	0	0	0
0.00156205	0	0	0
0.00156231	0	0	0
0.0015685	0	0	0
0.0015688	0	0	0
0.00157068	0	0	0
0.00157267	0	0	0
0.00157377	0	0	0
0.00157544	0	0	0
0.00158014	0	0	0
0.00158371	0	0	0
0.00158409	0	0	0
0.00158621	0	0	0
0.00159363	0	0	0
0.00160347	0	0	0
0.00160382	0	0	0
0.00161163	0	0	0
0.00161416	0	0	0
0.00162353	0	0	0
0.00164442	0	0	0
0.00165161	0	0	0
0.00165405	0	0	0
0.00165467	0	0	0
0.00165754	0	0	0
0.0016614	0	0	0
0.00166295	0	0	0
0.00166649	0	0	0
0.00166891	0	0	0
0.00167085	0	0	0
0.00167413	0	0	0
0.00167886	0	0	0
0.00168007	0	0	0
0.00169965	0	0	0
0.00171044	0	0	0
0.00171181	0	0	0
0.00172119	0	0	0
0.0017242	0	0	0
0.00173061	0	0	0
0.00173126	0	0	0
0.00173207	0	0	0
0.00173576	0	0	0
0.00173642	0	0	0
0.00174475	0	0	0
0.00174798	0	0	0
0.0017526	0	0	0
0.00176466	0	0	0
0.00177326	0	0	0
0.00177538	0	0	0
0.00177688	0	0	0
0.00178424	0	0	0
0.00178956	0	0	0
0.00179689	0	0	0
0.00180063	0	0	0
0.00180436	0	0	0
0.00180807	0	0	0
0.00181176	0	0	0
0.00181201	0	0	0
0.0018168	0	0	0
0.00182497	0	0	0
0.00183696	0	0	0
0.00183725	0	0	0
0.00183812	0	0	0
0.00184338	0	0	0
0.00184504	0	0	0
0.00184708	0	0	0
0.0018504	0	0	0
0.00185805	0	0	0
0.00185842	0	0	0
0.0018719	0	0	0
0.0018956	0	0	0
0.00190048	0	0	0
0.00190781	0	0	0
0.00192125	0	0	0
0.00193023	0	0	0
0.00193062	0	0	0
0.00193509	0	0	0
0.00193756	0	0	0
0.0019681	0	0	0
0.00197121	0	0	0
0.00197555	0	0	0
0.00198141	0	0	0
0.00198166	0	0	0
0.00198288	0	0	0
0.00198395	0	0	0
0.001984	0	0	0
0.00199431	0	0	0
0.00199799	0	0	0
0.00200183	0	0	0
0.00200881	0	0	0
0.0020207	0	0	0
0.00202246	0	0	0
0.00202848	0	0	0
0.00203047	0	0	0
0.00203535	0	0	0
0.00204107	0	0	0
0.00204134	0	0	0
0.00204753	0	0	0
0.00205583	0	0	0
0.0020561	0	0	0
0.00205732	0	0	0
0.00206078	0	0	0
0.00206257	0	0	0
0.00206617	0	0	0
0.00206939	0	0	0
0.00207381	0	0	0
0.00207704	0	0	0
0.0020847	0	0	0
0.00209008	0	0	0
0.00209254	0	0	0
0.00209506	0	0	0
0.00209553	0	0	0
0.0021068	0	0	0
0.00210914	0	0	0
0.00211387	0	0	0
0.00211709	0	0	0
0.00211977	0	0	0
0.0021268	0	0	0
0.00212762	0	0	0
0.00213142	0	0	0
0.00213177	0	0	0
0.00213256	0	0	0
0.00213277	0	0	0
0.00213929	0	0	0
0.00213994	0	0	0
0.00214598	0	0	0
0.00214636	0	0	0
0.00215441	0	0	0
0.00215559	0	0	0
0.00217036	0	0	0
0.00217159	0	0	0
0.00217903	0	0	0
0.00218218	0	0	0
0.00218566	0	0	0
0.00219526	0	0	0
0.00220135	0	0	0
0.00220147	0	0	0
0.00221459	0	0	0
0.00221945	0	0	0
0.00222072	0	0	0
0.00222941	0	0	0
0.00223776	0	0	0
0.00223936	0	0	0
0.00224266	0	0	0
0.00224939	0	0	0
0.00225301	0	0	0
0.00225763	0	0	0
0.00226902	0	0	0
0.0022744	0	0	0
0.00227725	0	0	0
0.00228999	0	0	0
0.0022934	0	0	0
0.00229541	0	0	0
0.00229881	0	0	0
0.00229968	0	0	0
0.00230049	0	0	0
0.00230296	0	0	0
0.00230728	0	0	0
0.00231917	0	0	0
0.00232206	0	0	0
0.0023349	0	0	0
0.00233653	0	0	0
0.00233683	0	0	0
0.00235208	0	0	0
0.00235849	0	0	0
0.00235894	0	0	0
0.00235957	0	0	0
0.00236101	0	0	0
0.0023666	0	0	0
0.00236862	0	0	0
0.00236893	0	0	0
0.00237431	0	0	0
0.00238069	0	0	0
0.00239986	0	0	0
0.00240274	0	0	0
0.0024042	0	0	0
0.0024078	0	0	0
0.00241849	0	0	0
0.0024191	0	0	0
0.00242002	0	0	0
0.00242707	0	0	0
0.00244308	0	0	0
0.00244663	0	0	0
0.00245802	0	0	0
0.00246405	0	0	0
0.00247483	0	0	0
0.00248022	0	0	0
0.00249034	0	0	0
0.0025078	0	0	0
0.00251073	0	0	0
0.00253986	0	0	0
0.00254421	0	0	0
0.00254543	0	0	0
0.0025649	0	0	0
0.00257753	0	0	0
0.00258234	0	0	0
0.0025962	0	0	0
0.00260417	0	0	0
0.00260742	0	0	0
0.00261126	0	0	0
0.0026265	0	0	0
0.00262679	0	0	0
0.00262684	0	0	0
0.0026277	0	0	0
0.00264075	0	0	0
0.00264835	0	0	0
0.00265118	0	0	0
0.00266305	0	0	0
0.00266344	0	0	0
0.0026712	0	0	0
0.00267211	0	0	0
0.00267235	0	0	0
0.00268696	0	0	0
0.0026919	0	0	0
0.00270749	0	0	0
0.00271084	0	0	0
0.00271272	0	0	0
0.0027243	0	0	0
0.00272686	0	0	0
0.0027486	0	0	0
0.00275595	0	0	0
0.00277846	0	0	0
0.00278434	0	0	0
0.00279807	0	0	0
0.0028078	0	0	0
0.00281977	0	0	0
0.00282664	0	0	0
0.0028339	0	0	0
0.00283599	0	0	0
0.00283781	0	0	0
0.00287783	0	0	0
0.00288411	0	0	0
0.0028907	0	0	0
0.00289432	0	0	0
0.00289561	0	0	0
0.00290665	0	0	0
0.00291859	0	0	0
0.0029205	0	0	0
0.00293029	0	0	0
0.00293286	0	0	0
0.00295256	0	0	0
0.00295952	0	0	0
0.00296056	0	0	0
0.00296102	0	0	0
0.0029643	0	0	0
0.00302621	0	0	0
0.00303769	0	0	0
0.00304196	0	0	0
0.00304271	0	0	0
0.00304902	0	0	0
0.00309302	0	0	0
0.00311567	0	0	0
0.00312502	0	0	0
0.00312823	0	0	0
0.00313372	0	0	0
0.00315326	0	0	0
0.00318751	0	0	0
0.00320257	0	0	0
0.00322056	0	0	0
0.00322108	0	0	0
0.0032223	0	0	0
0.00327075	0	0	0
0.00327699	0	0	0
0.00328254	0	0	0
0.00329631	0	0	0
0.00330243	0	0	0
0.00331974	0	0	0
0.0033994	0	0	0
0.00343288	0	0	0
0.00344145	0	0	0
0.00344765	0	0	0
0.00344941	0	0	0
0.00345737	0	0	0
0.00348728	0	0	0
0.00349488	0	0	0
0.0035032	0	0	0
0.00350687	0	0	0
0.00353235	0	0	0
0.00358926	0	0	0
0.00359392	0	0	0
0.00361993	0	0	0
0.00369452	0	0	0
0.00371708	0	0	0
0.00372926	0	0	0
0.00375717	0	0	0
0.00381284	0	0	0
0.00383456	0	0	0
0.00386219	0	0	0
0.00390713	0	0	0
0.00392263	0	0	0
0.0039417	0	0	0
0.00407225	0	0	0
0.00408133	0	0	0
0.00408697	0	0	0
0.00408772	0	0	0
0.00417172	0	0	0
0.0041937	0	0	0
0.00423743	0	0	0
0.00432218	0	0	0
0.00434342	0	0	0
0.00497338	0	0	0
0.00513605	0	0	0
0.00513621	0	0	0
0.0052088	0	0	0
0.00524098	0	0	0
0.00531239	0	0	0
0.00537687	0	0	0
0.00539617	0	0	0
0.00540413	0	0	0
0.00543737	0	0	0
0.00549166	0	0	0
0.00559342	0	0	0
0.00578905	0	0	0
0.00589552	0	0	0
0.00589713	0	0	0
0.00620925	0	0	0
0.0063248	0	0	0
0.00637448	0	0	0
0.00676666	0	0	0
0.00711764	0	0	0
0.00717157	0	0	0
0.0079032	0	0	0
0.0111964	0	0	0
0.0169438	0	0	0
0.0202997	0	0	0
0.0213326	0.0412541	0.0825083	0
0.079153	0.123762	0	0
0.0817269	0.123762	0.165017	0
0.0870243	0.206271	0.0825083	0
0.0986231	0.288779	0	0
0.0994394	0.330033	0.0825083	0
0.101548	0.412541	0	0
0.102838	0.453795	0.0825083	0
0.108082	0.536304	0	0
0.108403	0.536304	0.165017	0
0.10842	0.618812	0.0825083	0
0.111891	0.70132	0	0
0.115229	0.70132	0	0.518135
0.120755	0.70132	0	0.518135
0.121855	0.70132	0	0.518135
0.122009	0.70132	0.0825083	0.518135
0.161421	0.783828	0	0.518135
0.167963	0.825082	0.0825083	0.518135
0.175618	0.907591	0	0.518135
0.17681	0.907591	0.165017	0.518135
0.177755	0.990099	0.0825083	0.518135
0.179008	1.03135	0.165017	0.518135
0.179065	1.11386	0.0825083	0.518135
0.184068	1.19637	0	0.518135
0.185609	1.23762	0.0825083	0.518135
0.206343	1.32013	0	0.518135
0.222988	1.32013	0	0.518135
0.223931	1.32013	0.165017	0.518135
0.232455	1.40264	0.0825083	0.518135
0.233746	1.44389	0.165017	0.518135
0.234835	1.5264	0.0825083	0.518135
0.241236	1.60891	0	0.518135
0.244336	1.65016	0.0825083	0.518135
0.246671	1.73267	0	0.518135
0.247288	1.73267	0.165017	0.518135
0.249273	1.81518	0.0825083	0.518135
0.249332	1.89769	0	0.518135
0.251213	1.93894	0.0825083	0.518135
0.262074	2.02145	0	0.518135
0.281017	2.02145	0	0.518135
0.282641	2.02145	0.165017	0.518135
0.282987	2.02145	0.247525	0.518135
0.283903	2.10396	0.165017	0.518135
0.285563	2.10396	0.165017	1.03627
0.286057	2.18647	0.0825083	1.03627
0.293333	2.26898	0	1.03627
0.294226	2.31023	0.0825083	1.03627
0.297454	2.39274	0	1.03627
0.327551	2.39274	0	1.03627
0.329301	2.39274	0	1.5544
0.330107	2.43399	0.0825083	1.5544
0.341333	2.5165	0	1.5544
0.341694	2.5165	0	1.5544
0.342022	2.5165	0	1.5544
0.344079	2.5165	0.0825083	1.5544
0.3681	2.59901	0	1.5544
0.378049	2.59901	0	2.07254
0.379907	2.59901	0.165017	2.07254
0.380538	2.68152	0.0825083	2.07254
0.382408	2.76403	0	2.07254
0.384068	2.76403	0	2.59067
0.389857	2.76403	0	3.10881
0.390146	2.80528	0.0825083	3.10881
0.424095	2.88779	0	3.10881
0.426107	2.88779	0.0825083	3.10881
0.435757	2.88779	0.0825083	3.10881
0.436152	2.92904	0.165017	3.10881
0.436367	3.01155	0.0825083	3.10881
0.446084	3.09406	0	3.10881
0.449363	3.13531	0.0825083	3.10881
0.454758	3.21782	0	3.10881
0.459316	3.25908	0.0825083	3.10881
0.471015	3.34158	0	3.10881
0.473893	3.38284	0.0825083	3.10881
0.51184	3.46535	0	3.10881
0.522794	3.46535	0	3.10881
0.523031	3.46535	0.0825083	3.10881
0.534541	3.54785	0	3.10881
0.535184	3.54785	0.165017	3.10881
0.537405	3.63036	0.0825083	3.10881
0.555338	3.71287	0	3.10881
0.556762	3.71287	0	3.10881
0.557273	3.75413	0.0825083	3.10881
0.568093	3.83663	0	3.10881
0.569271	3.83663	0.165017	3.10881
0.571005	3.91914	0.0825083	3.10881
0.573033	4.00165	0	3.10881
0.574025	4.0429	0.0825083	3.10881
0.575076	4.08416	0.165017	3.10881
0.576976	4.16667	0.0825083	3.10881
0.587397	4.24918	0	3.10881
0.592578	4.24918	0	3.62694
0.599757	4.24918	0.0825083	3.62694
0.604253	4.33168	0	3.62694
0.605281	4.33168	0.165017	3.62694
0.607636	4.41419	0.0825083	3.62694
0.608947	4.41419	0.247525	3.62694
0.610449	4.4967	0.165017	3.62694
0.611342	4.4967	0.165017	4.14508
0.611695	4.57921	0.0825083	4.14508
0.63952	4.66172	0	4.14508
0.683668	4.66172	0	4.66321
0.685598	4.66172	0.165017	4.66321
0.688239	4.74422	0.0825083	4.66321
0.688506	4.82673	0	4.66321
0.689578	4.82673	0.165017	4.66321
0.689789	4.90924	0.0825083	4.66321
0.725314	4.99175	0	4.66321
0.727026	4.99175	0.165017	4.66321
0.730811	5.07426	0.0825083	4.66321
0.747811	5.15677	0	4.66321
0.748424	5.19802	0.0825083	4.66321
0.751298	5.28053	0	4.66321
0.752226	5.28053	0.0825083	4.66321
0.762238	5.36304	0	4.66321
0.762762	5.40429	0.0825083	4.66321
0.770838	5.4868	0	4.66321
0.781146	5.4868	0	5.69948
0.781196	5.4868	0.165017	5.69948
0.782032	5.56931	0.0825083	5.69948
0.782271	5.61056	0.165017	5.69948
0.782554	5.65182	0.247525	5.69948
0.782953	5.73432	0.165017	5.69948
0.788653	5.81683	0.0825083	5.69948
0.795051	5.89934	0	5.69948
0.795763	5.89934	0.165017	5.69948
0.795819	5.98185	0.0825083	5.69948
0.82359	6.06436	0	5.69948
0.832123	6.06436	0	6.21762
0.837844	6.10561	0.0825083	6.21762
0.874747	6.18812	0	6.21762
0.893287	6.18812	0	6.21762
0.914306	6.18812	0	6.73575
0.916211	6.18812	0	7.25389
0.921739	6.18812	0.165017	7.25389
0.92451	6.27063	0.0825083	7.25389
0.925188	6.35314	0	7.25389
0.927506	6.39439	0.0825083	7.25389
0.936746	6.4769	0	7.25389
0.937119	6.4769	0.165017	7.25389
0.938405	6.55941	0.0825083	7.25389
0.948641	6.64191	0	7.25389
0.948918	6.64191	0.0825083	7.25389
0.952451	6.72442	0	7.25389
0.955105	6.72442	0.0825083	7.25389
0.955119	6.72442	0.247525	7.25389
0.955146	6.80693	0.165017	7.25389
0.958936	6.88944	0.0825083	7.25389
0.964574	6.97195	0	7.25389
0.968038	6.97195	0.0825083	7.25389
0.968706	6.97195	0.247525	7.25389
0.968969	7.05446	0.165017	7.25389
0.97067	7.13696	0.0825083	7.25389
0.970675	7.13696	0.165017	7.25389
0.975234	7.21947	0.0825083	7.25389
0.97574	7.30198	0	7.25389
0.980852	7.30198	0	8.29016
0.981884	7.30198	0	8.80829
0.983316	7.30198	0.165017	8.80829
0.983717	7.38449	0.0825083	8.80829
0.986498	7.38449	0.0825083	8.80829
1.01247	7.467	0	8.80829
1.01342	7.50825	0.0825083	8.80829
1.01399	7.50825	0.0825083	9.32642
1.04332	7.59076	0	9.32642
1.0671	7.59076	0	9.84456
1.06736	7.63201	0.0825083	9.84456
1.06852	7.71452	0	9.84456
1.06857	7.75578	0.0825083	9.84456
1.06983	7.83828	0	9.84456
1.07074	7.87954	0.0825083	9.84456
1.08595	7.96205	0	9.84456
1.08697	8.0033	0.0825083	9.84456
1.09188	8.0033	0.0825083	10.3627
1.09203	8.0033	0.247525	10.3627
1.09275	8.08581	0.165017	10.3627
1.09379	8.16832	0.0825083	10.3627
1.09906	8.25082	0	10.3627
1.1031	8.25082	0.165017	10.3627
1.1038	8.25082	0.330033	10.3627
1.10406	8.33333	0.247525	10.3627
1.10425	8.33333	0.330033	10.3627
1.10502	8.41584	0.247525	10.3627
1.10649	8.49835	0.165017	10.3627
1.10652	8.58086	0.0825083	10.3627
1.10717	8.62211	0.165017	10.3627
1.10884	8.70462	0.0825083	10.3627
1.11297	8.78713	0	10.3627
1.11362	8.82838	0.0825083	10.3627
1.12213	8.91089	0	10.3627
1.12605	8.91089	0.0825083	10.3627
1.15379	8.9934	0	10.3627
1.15399	9.03465	0.0825083	10.3627
1.16503	9.11716	0	10.3627
1.16669	9.15842	0.0825083	10.3627
1.17065	9.24092	0	10.3627
1.1722	9.28218	0.0825083	10.3627
1.17246	9.32343	0.165017	10.3627
1.17423	9.40594	0.0825083	10.3627
1.18435	9.48845	0	10.3627
1.1848	9.5297	0.0825083	10.3627
1.22983	9.61221	0	10.3627
1.23019	9.61221	0.0825083	10.3627
1.24446	9.69472	0	10.3627
1.25345	9.69472	0	10.8808
1.28443	9.69472	0	10.8808
1.28487	9.69472	0.165017	10.8808
1.28618	9.77723	0.0825083	10.8808
1.28951	9.81848	0.165017	10.8808
1.29165	9.90099	0.0825083	10.8808
1.32121	9.9835	0	10.8808
1.35504	9.9835	0	11.399
1.36101	9.9835	0	11.399
1.36102	10.0248	0.0825083	11.399
1.39825	10.1073	0	11.399
1.40255	10.1485	0.0825083	11.399
1.40555	10.231	0	11.399
1.4311	10.231	0	11.9171
1.43132	10.2723	0.0825083	11.9171
1.4492	10.3548	0	11.9171
1.4794	10.3548	0	12.4352
1.48085	10.396	0.0825083	12.4352
1.51291	10.4785	0	12.4352
1.51587	10.4785	0.0825083	12.4352
1.52485	10.5611	0	12.4352
1.52782	10.5611	0	12.9534
1.52785	10.5611	0.165017	12.9534
1.53024	10.6436	0.0825083	12.9534
1.57871	10.7261	0	12.9534
1.58244	10.7673	0.0825083	12.9534
1.58509	10.8498	0	12.9534
1.58666	10.8911	0.0825083	12.9534
1.59567	10.9736	0	12.9534
1.63162	10.9736	0	13.9896
1.63228	10.9736	0.165017	13.9896
1.64184	11.0561	0.0825083	13.9896
1.64309	11.0561	0.165017	13.9896
1.64366	11.1386	0.0825083	13.9896
1.65952	11.2211	0	13.9896
1.71422	11.2211	0	15.0259
1.71842	11.2624	0.0825083	15.0259
1.71893	11.2624	0.247525	15.0259
1.71935	11.3449	0.165017	15.0259
1.71946	11.4274	0.0825083	15.0259
1.72877	11.5099	0	15.0259
1.75027	11.5512	0.0825083	15.0259
1.75796	11.5512	0.0825083	15.544
1.76307	11.5512	0.0825083	15.544
1.7638	11.5512	0.0825083	15.544
1.78421	11.5512	0.0825083	16.0622
1.78705	11.5512	0.0825083	16.5803
1.78785	11.5512	0.247525	16.5803
1.78819	11.6337	0.165017	16.5803
1.78819	11.6337	0.330033	16.5803
1.78917	11.7162	0.247525	16.5803
1.79157	11.7987	0.165017	16.5803
1.80043	11.8812	0.0825083	16.5803
1.80073	11.9224	0.165017	16.5803
1.85013	12.005	0.0825083	16.5803
1.85043	12.005	0.247525	16.5803
1.85275	12.0875	0.165017	16.5803
1.8641	12.17	0.0825083	16.5803
1.86544	12.17	0.0825083	17.0984
1.86677	12.2112	0.165017	17.0984
1.88605	12.2937	0.0825083	17.0984
1.88819	12.2937	0.0825083	17.6166
1.8887	12.335	0.165017	17.6166
1.89049	12.4175	0.0825083	17.6166
1.89054	12.4175	0.0825083	18.1347
1.89469	12.4175	0.247525	18.1347
1.8952	12.4587	0.330033	18.1347
1.89578	12.5413	0.247525	18.1347
1.89656	12.6238	0.165017	18.1347
1.91202	12.7063	0.0825083	18.1347
1.92593	12.7888	0	18.1347
1.92789	12.83	0.0825083	18.1347
1.92829	12.9125	0	18.1347
1.92844	12.9538	0.0825083	18.1347
1.93551	13.0363	0	18.1347
1.93933	13.0363	0.165017	18.1347
1.94149	13.1188	0.0825083	18.1347
1.94851	13.2013	0	18.1347
1.95135	13.2426	0.0825083	18.1347
1.95308	13.3251	0	18.1347
1.95786	13.3251	0	18.1347
1.95809	13.3251	0.165017	18.1347
1.9589	13.4076	0.0825083	18.1347
1.96041	13.4076	0.247525	18.1347
1.9616	13.4901	0.165017	18.1347
1.96167	13.4901	0.165017	19.171
1.96182	13.5726	0.0825083	19.171
1.96281	13.6139	0.165017	19.171
1.96304	13.6964	0.0825083	19.171
1.98361	13.7789	0	19.171
1.99142	13.8201	0.0825083	19.171
1.99276	13.9026	0	19.171
2.0334	13.9026	0	19.171
2.03381	13.9439	0.0825083	19.171
2.05993	14.0264	0	19.171
2.07129	14.0264	0	19.6891
2.07605	14.0264	0	20.2073
2.07742	14.0264	0.165017	20.2073
2.07889	14.1089	0.0825083	20.2073
2.08429	14.1914	0	20.2073
2.09481	14.1914	0	20.2073
2.09494	14.1914	0.165017	20.2073
2.09681	14.2739	0.0825083	20.2073
2.10323	14.3564	0	20.2073
2.12808	14.3564	0	20.7254
2.149	14.3564	0	21.2435
2.14956	14.3564	0	21.7617
2.15087	14.3564	0	22.2798
2.15236	14.3977	0.0825083	22.2798
2.15459	14.4802	0	22.2798
2.1603	14.5215	0.0825083	22.2798
2.16864	14.604	0	22.2798
2.1792	14.604	0	22.2798
2.17942	14.604	0.165017	22.2798
2.18005	14.6865	0.0825083	22.2798
2.18685	14.6865	0.0825083	22.2798
2.19127	14.769	0	22.2798
2.19283	14.8102	0.0825083	22.2798
2.2142	14.8927	0	22.2798
2.21613	14.934	0.0825083	22.2798
2.22486	15.0165	0	22.2798
2.22582	15.0165	0.165017	22.2798
2.22617	15.0165	0.330033	22.2798
2.22647	15.099	0.247525	22.2798
2.22892	15.1815	0.165017	22.2798
2.23133	15.264	0.0825083	22.2798
2.23205	15.3465	0	22.2798
2.2522	15.3465	0	22.7979
2.26028	15.3878	0.0825083	22.7979
2.31143	15.4703	0	22.7979
2.31155	15.4703	0.165017	22.7979
2.31159	15.5528	0.0825083	22.7979
2.31417	15.6353	0	22.7979
2.31518	15.6353	0.0825083	22.7979
2.33199	15.7178	0	22.7979
2.33813	15.7591	0.0825083	22.7979
2.34887	15.8416	0	22.7979
2.35013	15.8416	0.165017	22.7979
2.35015	15.9241	0.0825083	22.7979
2.35282	16.0066	0	22.7979
2.35304	16.0479	0.0825083	22.7979
2.35673	16.1304	0	22.7979
2.35891	16.1304	0.0825083	22.7979
2.39099	16.2129	0	22.7979
2.39231	16.2541	0.0825083	22.7979
2.41138	16.3366	0	22.7979
2.41219	16.3366	0.0825083	22.7979
2.45745	16.4191	0	22.7979
2.45777	16.4604	0.0825083	22.7979
2.47091	16.5429	0	22.7979
2.47236	16.5842	0.0825083	22.7979
2.47352	16.6667	0	22.7979
2.47542	16.6667	0.165017	22.7979
2.4793	16.7492	0.0825083	22.7979
2.49475	16.8317	0	22.7979
2.50232	16.8317	0	23.3161
2.50247	16.8729	0.0825083	23.3161
2.52898	16.9554	0	23.3161
2.52954	16.9554	0.165017	23.3161
2.53328	17.038	0.0825083	23.3161
2.53739	17.1205	0	23.3161
2.53862	17.1205	0.165017	23.3161
2.54347	17.203	0.0825083	23.3161
2.55338	17.2855	0	23.3161
2.55383	17.2855	0.165017	23.3161
2.55427	17.368	0.0825083	23.3161
2.55429	17.4505	0	23.3161
2.55776	17.4917	0.0825083	23.3161
2.55947	17.5743	0	23.3161
2.56155	17.5743	0	23.3161
2.56411	17.6155	0.0825083	23.3161
2.56509	17.6568	0.165017	23.3161
2.56585	17.7393	0.0825083	23.3161
2.6045	17.8218	0	23.3161
2.60521	17.8218	0.0825083	23.3161
2.60673	17.8218	0.165017	23.3161
2.60793	17.9043	0.0825083	23.3161
2.60801	17.9043	0.0825083	23.8342
2.64621	17.9868	0	23.8342
2.64864	18.0281	0.0825083	23.8342
2.68195	18.1106	0	23.8342
2.68336	18.1106	0.165017	23.8342
2.684	18.1518	0.247525	23.8342
2.6842	18.2343	0.165017	23.8342
2.68708	18.3168	0.0825083	23.8342
2.70512	18.3993	0	23.8342
2.70517	18.3993	0.165017	23.8342
2.70523	18.4818	0.0825083	23.8342
2.72612	18.5644	0	23.8342
2.73043	18.5644	0	24.3523
2.75546	18.5644	0	25.3886
2.7559	18.6056	0.0825083	25.3886
2.75871	18.6881	0	25.3886
2.75908	18.6881	0.0825083	25.3886
2.77378	18.7706	0	25.3886
2.80326	18.7706	0	25.9067
2.80463	18.8119	0.0825083	25.9067
2.80797	18.8944	0	25.9067
2.81003	18.8944	0	26.943
2.82429	18.8944	0	27.4611
2.83403	18.8944	0	27.9793
2.83504	18.8944	0.0825083	27.9793
2.84213	18.9769	0	27.9793
2.84233	19.0182	0.0825083	27.9793
2.88013	19.1007	0	27.9793
2.88101	19.1007	0.165017	27.9793
2.88346	19.1832	0.0825083	27.9793
2.9055	19.2657	0	27.9793
2.91022	19.2657	0	28.4974
2.91371	19.2657	0	29.0155
2.91403	19.2657	0.165017	29.0155
2.91489	19.3482	0.0825083	29.0155
2.92233	19.4307	0	29.0155
2.92244	19.4719	0.0825083	29.0155
2.94693	19.5545	0	29.0155
2.95236	19.5957	0.0825083	29.0155
2.95342	19.637	0.165017	29.0155
2.95347	19.7195	0.0825083	29.0155
2.96582	19.802	0	29.0155
2.96776	19.802	0.165017	29.0155
2.9685	19.8845	0.0825083	29.0155
2.96858	19.8845	0.247525	29.0155
2.96917	19.967	0.165017	29.0155
2.9709	20.0495	0.0825083	29.0155
2.98251	20.132	0	29.0155
2.98547	20.132	0	29.5337
2.98578	20.1733	0.0825083	29.5337
2.99595	20.2558	0	29.5337
3.02518	20.2558	0	30.5699
3.03721	20.2558	0.0825083	30.5699
3.0559	20.3383	0	30.5699
3.06023	20.3383	0	31.0881
3.06298	20.3795	0.0825083	31.0881
3.06742	20.462	0	31.0881
3.06823	20.462	0.165017	31.0881
3.06916	20.5033	0.247525	31.0881
3.06955	20.5858	0.165017	31.0881
3.07026	20.6683	0.0825083	31.0881
3.07713	20.7508	0	31.0881
3.07778	20.7508	0	31.6062
3.07786	20.7921	0.0825083	31.6062
3.08826	20.8746	0	31.6062
3.09042	20.9158	0.0825083	31.6062
3.09535	20.9984	0	31.6062
3.09994	20.9984	0	32.6425
3.10288	21.0396	0.0825083	32.6425
3.13534	21.1221	0	32.6425
3.13561	21.1221	0.165017	32.6425
3.13865	21.2046	0.0825083	32.6425
3.15266	21.2871	0	32.6425
3.15289	21.2871	0	32.6425
3.16147	21.2871	0	32.6425
3.16723	21.3284	0.0825083	32.6425
3.18323	21.4109	0	32.6425
3.18517	21.4521	0.0825083	32.6425
3.18975	21.5347	0	32.6425
3.19078	21.5759	0.0825083	32.6425
3.19364	21.6584	0	32.6425
3.19572	21.6997	0.0825083	32.6425
3.19593	21.7822	0	32.6425
3.215	21.7822	0	33.1606
3.21701	21.7822	0.0825083	33.1606
3.23278	21.8647	0	33.1606
3.23775	21.8647	0.0825083	33.1606
3.23807	21.9059	0.165017	33.1606
3.24081	21.9884	0.0825083	33.1606
3.26886	22.071	0	33.1606
3.3299	22.071	0	33.6788
3.3304	22.071	0.165017	33.6788
3.3321	22.1535	0.0825083	33.6788
3.37064	22.236	0	33.6788
3.37075	22.2772	0.0825083	33.6788
3.38605	22.3597	0	33.6788
3.38636	22.3597	0.165017	33.6788
3.38757	22.4422	0.0825083	33.6788
3.38783	22.5248	0	33.6788
3.38836	22.5248	0	34.715
3.39054	22.5248	0.165017	34.715
3.3925	22.6073	0.0825083	34.715
3.40437	22.6898	0	34.715
3.40498	22.6898	0.165017	34.715
3.40507	22.7723	0.0825083	34.715
3.40717	22.8548	0	34.715
3.40718	22.8548	0.165017	34.715
3.40796	22.9373	0.0825083	34.715
3.42254	23.0198	0	34.715
3.42406	23.0611	0.0825083	34.715
3.43765	23.1436	0	34.715
3.43836	23.1436	0.165017	34.715
3.43857	23.2261	0.0825083	34.715
3.45011	23.3086	0	34.715
3.45014	23.3086	0.165017	34.715
3.45166	23.3911	0.0825083	34.715
3.45186	23.4736	0	34.715
3.45409	23.4736	0	35.7513
3.45722	23.4736	0.0825083	35.7513
3.46236	23.5561	0	35.7513
3.46637	23.5561	0	36.2694
3.46644	23.5561	0.165017	36.2694
3.46698	23.6386	0.0825083	36.2694
3.47082	23.6799	0.165017	36.2694
3.47192	23.7624	0.0825083	36.2694
3.49698	23.8449	0	36.2694
3.49728	23.8449	0.165017	36.2694
3.50056	23.9274	0.0825083	36.2694
3.5212	24.0099	0	36.2694
3.52313	24.0512	0.0825083	36.2694
3.55417	24.1337	0	36.2694
3.55435	24.1337	0.0825083	36.2694
3.55646	24.2162	0	36.2694
3.55883	24.2162	0.165017	36.2694
3.5602	24.2987	0.0825083	36.2694
3.56679	24.3812	0	36.2694
3.56794	24.4224	0.0825083	36.2694
3.57393	24.5049	0	36.2694
3.57404	24.5462	0.0825083	36.2694
3.66344	24.6287	0	36.2694
3.66418	24.67	0.0825083	36.2694
3.67292	24.7525	0	36.2694
3.68865	24.7525	0	36.7876
3.69172	24.7525	0	37.3057
3.69178	24.7525	0.165017	37.3057
3.69426	24.835	0.0825083	37.3057
3.70872	24.9175	0	37.3057
3.71189	24.9587	0.0825083	37.3057
3.73664	25.0413	0	37.3057
3.73797	25.0413	0.0825083	37.3057
3.74659	25.1238	0	37.3057
3.76032	25.1238	0	37.8238
3.76227	25.165	0.0825083	37.8238
3.76766	25.2475	0	37.8238
3.76849	25.2888	0.0825083	37.8238
3.76963	25.3713	0	37.8238
3.77088	25.3713	0.0825083	37.8238
3.77169	25.3713	0.0825083	37.8238
3.77977	25.4538	0	37.8238
3.78047	25.4951	0.0825083	37.8238
3.78878	25.5776	0	37.8238
3.79455	25.5776	0	38.342
3.7947	25.5776	0.165017	38.342
3.79537	25.6601	0.0825083	38.342
3.79681	25.7426	0	38.342
3.79705	25.7426	0.0825083	38.342
3.80394	25.8251	0	38.342
3.80411	25.8251	0.0825083	38.342
3.83219	25.9076	0	38.342
3.83683	25.9488	0.0825083	38.342
3.8484	26.0314	0	38.342
3.85694	26.0314	0	38.8601
3.85791	26.0314	0.165017	38.8601
3.8602	26.1139	0.0825083	38.8601
3.86757	26.1964	0	38.8601
3.86833	26.2376	0.0825083	38.8601
3.88195	26.3201	0	38.8601
3.88265	26.3614	0.0825083	38.8601
3.88972	26.4439	0	38.8601
3.89074	26.4851	0.0825083	38.8601
3.8975	26.5677	0	38.8601
3.89976	26.6089	0.0825083	38.8601
3.92852	26.6914	0	38.8601
3.93061	26.7327	0.0825083	38.8601
3.93104	26.8152	0	38.8601
3.93237	26.8564	0.0825083	38.8601
3.94862	26.9389	0	38.8601
3.97705	26.9389	0	38.8601
3.97914	26.9802	0.0825083	38.8601
4.00978	27.0627	0	38.8601
4.01172	27.104	0.0825083	38.8601
4.01882	27.1865	0	38.8601
4.01925	27.1865	0.165017	38.8601
4.02322	27.269	0.0825083	38.8601
4.03038	27.3515	0	38.8601
4.04069	27.3927	0.0825083	38.8601
4.07048	27.4752	0	38.8601
4.07336	27.5165	0.0825083	38.8601
4.09616	27.599	0	38.8601
4.10391	27.599	0	39.3782
4.10429	27.599	0.0825083	39.3782
4.10668	27.6815	0	39.3782
4.10979	27.6815	0.0825083	39.3782
4.13926	27.764	0	39.3782
4.14043	27.8053	0.0825083	39.3782
4.1769	27.8878	0	39.3782
4.17891	27.929	0.0825083	39.3782
4.23646	28.0116	0	39.3782
4.23711	28.0116	0.0825083	39.3782
4.23786	28.0116	0.0825083	39.3782
4.25218	28.0941	0	39.3782
4.25234	28.1353	0.0825083	39.3782
4.25297	28.1353	0.0825083	39.8964
4.26667	28.2178	0	39.8964
4.28201	28.2178	0	40.4145
4.2856	28.2591	0.0825083	40.4145
4.29558	28.3416	0	40.4145
4.29603	28.3828	0.0825083	40.4145
4.32457	28.4653	0	40.4145
4.32516	28.4653	0.0825083	40.4145
4.35167	28.5479	0	40.4145
4.35456	28.5479	0	41.4508
4.36583	28.5479	0	41.9689
4.37077	28.5479	0	42.487
4.37105	28.5479	0.0825083	42.487
4.3718	28.6304	0	42.487
4.37764	28.6716	0.0825083	42.487
4.38885	28.7541	0	42.487
4.38969	28.7954	0.0825083	42.487
4.40541	28.8779	0	42.487
4.40825	28.9191	0.0825083	42.487
4.43399	29.0016	0	42.487
4.43559	29.0429	0.0825083	42.487
4.44977	29.1254	0	42.487
4.46948	29.1254	0	43.0052
4.47498	29.1667	0.0825083	43.0052
4.47533	29.2079	0.165017	43.0052
4.47557	29.2904	0.0825083	43.0052
4.56808	29.3729	0	43.0052
4.56945	29.4142	0.0825083	43.0052
4.62451	29.4967	0	43.0052
4.64728	29.4967	0	44.0415
4.65069	29.4967	0.0825083	44.0415
4.65872	29.5792	0	44.0415
4.6604	29.5792	0.165017	44.0415
4.66422	29.6617	0.0825083	44.0415
4.67442	29.7442	0	44.0415
4.67951	29.7855	0.0825083	44.0415
4.70607	29.868	0	44.0415
4.70793	29.9092	0.0825083	44.0415
4.73208	29.9917	0	44.0415
4.73542	30.033	0.0825083	44.0415
4.76029	30.1155	0	44.0415
4.76608	30.1155	0	44.5596
4.76646	30.1155	0.165017	44.5596
4.76808	30.198	0.0825083	44.5596
4.78465	30.2805	0	44.5596
4.78518	30.2805	0.165017	44.5596
4.79562	30.363	0.0825083	44.5596
4.80088	30.4455	0	44.5596
4.82861	30.4455	0	45.5959
4.82953	30.4455	0.0825083	45.5959
4.8391	30.5281	0	45.5959
4.8403	30.5693	0.0825083	45.5959
4.84097	30.5693	0.247525	45.5959
4.84129	30.6518	0.165017	45.5959
4.84328	30.7343	0.0825083	45.5959
4.84766	30.8168	0	45.5959
4.84792	30.8168	0.165017	45.5959
4.84937	30.8993	0.0825083	45.5959
4.84989	30.9818	0	45.5959
4.85398	30.9818	0.0825083	45.5959
4.89012	31.0644	0	45.5959
4.8942	31.1056	0.0825083	45.5959
4.9057	31.1881	0	45.5959
4.91674	31.1881	0	46.114
4.91917	31.2294	0.0825083	46.114
4.92177	31.3119	0	46.114
4.92388	31.3531	0.0825083	46.114
4.95111	31.4356	0	46.114
4.95146	31.4356	0.165017	46.114
4.95355	31.5182	0.0825083	46.114
4.97635	31.6007	0	46.114
4.97709	31.6007	0.165017	46.114
4.97767	31.6007	0.330033	46.114
4.97837	31.6832	0.247525	46.114
4.9816	31.7657	0.165017	46.114
4.98266	31.8482	0.0825083	46.114
4.98329	31.8482	0.165017	46.114
5.03128	31.9307	0.0825083	46.114
5.03233	31.9719	0.165017	46.114
5.03268	31.9719	0.330033	46.114
5.03308	32.0545	0.247525	46.114
5.03546	32.137	0.165017	46.114
5.06886	32.2195	0.0825083	46.114
5.07047	32.2607	0.165017	46.114
5.07117	32.3432	0.0825083	46.114
5.07369	32.3432	0.165017	46.114
5.08046	32.4257	0.0825083	46.114
5.08409	32.4257	0.247525	46.114
5.08789	32.5083	0.165017	46.114
5.09476	32.5908	0.0825083	46.114
5.09746	32.632	0.165017	46.114
5.10472	32.7145	0.0825083	46.114
5.10507	32.7145	0.247525	46.114
5.10961	32.797	0.165017	46.114
5.13932	32.8795	0.0825083	46.114
5.14061	32.8795	0.247525	46.114
5.14121	32.962	0.165017	46.114
5.14344	33.0446	0.0825083	46.114
5.14426	33.0858	0.165017	46.114
5.15882	33.1683	0.0825083	46.114
5.16148	33.1683	0.247525	46.114
5.16402	33.2508	0.165017	46.114
5.18209	33.3333	0.0825083	46.114
5.18524	33.3333	0.247525	46.114
5.18548	33.4158	0.165017	46.114
5.19442	33.4983	0.0825083	46.114
5.19447	33.4983	0.165017	46.114
5.19532	33.4983	0.165017	46.114
5.21427	33.5809	0.0825083	46.114
5.21456	33.6221	0.165017	46.114
5.21758	33.7046	0.0825083	46.114
5.21944	33.7459	0.165017	46.114
5.26681	33.8284	0.0825083	46.114
5.26759	33.8284	0.165017	46.114
5.28043	33.9109	0.0825083	46.114
5.2867	33.9521	0.165017	46.114
5.28931	33.9934	0.247525	46.114
5.29871	34.0759	0.165017	46.114
5.29917	34.0759	0.330033	46.114
5.29981	34.1584	0.247525	46.114
5.36492	34.2409	0.165017	46.114
5.36666	34.2822	0.247525	46.114
5.38039	34.3647	0.165017	46.114
5.3805	34.4472	0.0825083	46.114
5.38207	34.4472	0.165017	46.114
5.38338	34.4884	0.247525	46.114
5.38354	34.571	0.165017	46.114
5.38966	34.6122	0.247525	46.114
5.39228	34.6947	0.165017	46.114
5.394	34.7772	0.0825083	46.114
5.39454	34.8185	0.165017	46.114
5.41948	34.901	0.0825083	46.114
5.42015	34.9422	0.165017	46.114
5.42057	34.9422	0.165017	47.1503
5.46404	35.0248	0.0825083	47.1503
5.46417	35.0248	0.165017	47.1503
5.48384	35.1073	0.0825083	47.1503
5.48521	35.1073	0.165017	47.1503
5.49405	35.1898	0.0825083	47.1503
5.49527	35.1898	0.165017	47.1503
5.49712	35.2723	0.0825083	47.1503
5.49723	35.2723	0.165017	47.1503
5.55161	35.3548	0.0825083	47.1503
5.55602	35.396	0.165017	47.1503
5.58348	35.4785	0.0825083	47.1503
5.58388	35.4785	0.247525	47.1503
5.58834	35.5611	0.165017	47.1503
5.62348	35.6436	0.0825083	47.1503
5.62622	35.6848	0.165017	47.1503
5.62646	35.6848	0.165017	47.6684
5.63496	35.7673	0.0825083	47.6684
5.63659	35.8086	0.165017	47.6684
5.67338	35.8911	0.0825083	47.6684
5.67339	35.8911	0.247525	47.6684
5.67667	35.9736	0.165017	47.6684
5.67705	36.0149	0.247525	47.6684
5.6778	36.0974	0.165017	47.6684
5.71548	36.1799	0.0825083	47.6684
5.71572	36.1799	0.247525	47.6684
5.71783	36.2624	0.165017	47.6684
5.74489	36.3449	0.0825083	47.6684
5.74925	36.3861	0.165017	47.6684
5.76264	36.4686	0.0825083	47.6684
5.81071	36.4686	0.0825083	48.7047
5.82419	36.4686	0.0825083	49.2228
5.84394	36.4686	0.0825083	50.2591
5.84418	36.5099	0.165017	50.2591
5.86187	36.5924	0.0825083	50.2591
5.86191	36.5924	0.247525	50.2591
5.86645	36.6749	0.165017	50.2591
5.9551	36.7574	0.0825083	50.2591
5.96035	36.7574	0.165017	50.2591
5.98264	36.8399	0.0825083	50.2591
6.02363	36.8399	0.0825083	51.2953
6.08697	36.8399	0.0825083	51.8135
6.08807	36.8399	0.165017	51.8135
6.09913	36.9224	0.0825083	51.8135
6.10684	36.9224	0.165017	51.8135
6.1105	37.005	0.0825083	51.8135
6.11061	37.0462	0.165017	51.8135
6.15723	37.1287	0.0825083	51.8135
6.15768	37.17	0.165017	51.8135
6.16351	37.2525	0.0825083	51.8135
6.16904	37.2937	0.165017	51.8135
6.18169	37.3762	0.0825083	51.8135
6.18175	37.4175	0.165017	51.8135
6.20465	37.5	0.0825083	51.8135
6.20973	37.5413	0.165017	51.8135
6.2127	37.6238	0.0825083	51.8135
6.21277	37.6238	0.165017	51.8135
6.21671	37.7063	0.0825083	51.8135
6.21768	37.7063	0.165017	51.8135
6.22584	37.7888	0.0825083	51.8135
6.22826	37.83	0.165017	51.8135
6.22953	37.9125	0.0825083	51.8135
6.23015	37.9125	0.165017	51.8135
6.25336	37.995	0.0825083	51.8135
6.25716	38.0363	0.165017	51.8135
6.26809	38.1188	0.0825083	51.8135
6.27575	38.1188	0.0825083	52.3316
6.27885	38.1601	0.165017	52.3316
6.28559	38.2426	0.0825083	52.3316
6.28647	38.2838	0.165017	52.3316
6.31994	38.3663	0.0825083	52.3316
6.32156	38.4076	0.165017	52.3316
6.33184	38.4901	0.0825083	52.3316
6.33402	38.4901	0.0825083	53.3679
6.33436	38.4901	0.247525	53.3679
6.33796	38.5726	0.165017	53.3679
6.35192	38.6551	0.0825083	53.3679
6.3528	38.6551	0.165017	53.3679
6.38276	38.7376	0.0825083	53.3679
6.38322	38.7789	0.165017	53.3679
6.38371	38.8201	0.247525	53.3679
6.38582	38.9026	0.165017	53.3679
6.39431	38.9851	0.0825083	53.3679
6.40259	38.9851	0.0825083	53.886
6.4051	39.0677	0	53.886
6.40515	39.0677	0.0825083	53.886
6.43012	39.1502	0	53.886
6.46754	39.1914	0.0825083	53.886
6.46815	39.1914	0.247525	53.886
6.46894	39.2739	0.165017	53.886
6.49592	39.3564	0.0825083	53.886
6.49729	39.3564	0.247525	53.886
6.49903	39.4389	0.165017	53.886
6.53848	39.5215	0.0825083	53.886
6.54219	39.5627	0.165017	53.886
6.54955	39.6452	0.0825083	53.886
6.55144	39.6452	0.165017	53.886
6.57303	39.7277	0.0825083	53.886
6.5731	39.769	0.165017	53.886
6.61144	39.8515	0.0825083	53.886
6.61148	39.8927	0.165017	53.886
6.61968	39.9752	0.0825083	53.886
6.62055	39.9752	0.165017	53.886
6.62655	40.0578	0.0825083	53.886
6.62709	40.0578	0.165017	53.886
6.62932	40.1403	0.0825083	53.886
6.63248	40.1815	0.165017	53.886
6.70854	40.264	0.0825083	53.886
6.70938	40.3053	0.165017	53.886
6.72429	40.3878	0.0825083	53.886
6.72827	40.3878	0.165017	53.886
6.72834	40.4703	0.0825083	53.886
6.73674	40.4703	0.0825083	53.886
6.74075	40.4703	0.165017	53.886
6.75026	40.5528	0.0825083	53.886
6.75051	40.5941	0.165017	53.886
6.76401	40.6766	0.0825083	53.886
6.78132	40.6766	0.0825083	54.4041
6.78168	40.7178	0.165017	54.4041
6.80116	40.8003	0.0825083	54.4041
6.80489	40.8416	0.165017	54.4041
6.81106	40.9241	0.0825083	54.4041
6.812	40.9653	0.165017	54.4041
6.81221	41.0479	0.0825083	54.4041
6.81474	41.0479	0.165017	54.4041
6.84052	41.1304	0.0825083	54.4041
6.84219	41.1716	0.165017	54.4041
6.84519	41.2541	0.0825083	54.4041
6.84536	41.2541	0.247525	54.4041
6.8459	41.3366	0.165017	54.4041
6.85358	41.4191	0.0825083	54.4041
6.86154	41.4604	0.165017	54.4041
6.90071	41.5429	0.0825083	54.4041
6.95639	41.6254	0	54.4041
6.95773	41.6667	0.0825083	54.4041
6.97633	41.7492	0	54.4041
6.97771	41.7492	0.165017	54.4041
6.97857	41.8317	0.0825083	54.4041
6.98025	41.8317	0.165017	54.4041
6.98092	41.9142	0.0825083	54.4041
6.99431	41.9967	0	54.4041
7.00614	41.9967	0	55.4404
7.00895	42.038	0.0825083	55.4404
7.01092	42.1205	0	55.4404
7.0112	42.1617	0.0825083	55.4404
7.03379	42.2442	0	55.4404
7.03837	42.2855	0.0825083	55.4404
7.04044	42.368	0	55.4404
7.04178	42.368	0.165017	55.4404
7.04349	42.4505	0.0825083	55.4404
7.10165	42.533	0	55.4404
7.10527	42.533	0.0825083	55.4404
7.11487	42.6155	0	55.4404
7.11639	42.6155	0.0825083	55.4404
7.123	42.698	0	55.4404
7.12377	42.7393	0.0825083	55.4404
7.13894	42.8218	0	55.4404
7.13991	42.8218	0.165017	55.4404
7.13995	42.863	0.247525	55.4404
7.14279	42.9455	0.165017	55.4404
7.15351	42.9455	0.165017	56.4767
7.20397	42.9455	0.165017	56.9948
7.20661	42.9455	0.330033	56.9948
7.20702	43.0281	0.247525	56.9948
7.21542	43.1106	0.165017	56.9948
7.21549	43.1106	0.330033	56.9948
7.22544	43.1931	0.247525	56.9948
7.23711	43.2756	0.165017	56.9948
7.23928	43.3168	0.247525	56.9948
7.25445	43.3993	0.165017	56.9948
7.25515	43.3993	0.330033	56.9948
7.26021	43.4818	0.247525	56.9948
7.26273	43.5644	0.165017	56.9948
7.26326	43.6056	0.247525	56.9948
7.29986	43.6881	0.165017	56.9948
7.30475	43.7294	0.247525	56.9948
7.31393	43.8119	0.165017	56.9948
7.34144	43.8119	0.165017	57.513
7.34209	43.8119	0.330033	57.513
7.34247	43.8944	0.247525	57.513
7.34742	43.9769	0.165017	57.513
7.34801	43.9769	0.330033	57.513
7.35029	44.0594	0.247525	57.513
7.38267	44.1419	0.165017	57.513
7.39215	44.1832	0.247525	57.513
7.3974	44.2657	0.165017	57.513
7.40444	44.2657	0.165017	58.0311
7.40449	44.3069	0.247525	58.0311
7.41074	44.3894	0.165017	58.0311
7.41149	44.4307	0.247525	58.0311
7.41412	44.4719	0.330033	58.0311
7.41842	44.5545	0.247525	58.0311
7.54915	44.637	0.165017	58.0311
7.55611	44.6782	0.247525	58.0311
7.55647	44.7607	0.165017	58.0311
7.55737	44.802	0.247525	58.0311
7.55754	44.8845	0.165017	58.0311
7.59958	44.967	0.0825083	58.0311
7.60078	45.0083	0.165017	58.0311
7.60497	45.0908	0.0825083	58.0311
7.60711	45.132	0.165017	58.0311
7.64068	45.2145	0.0825083	58.0311
7.64094	45.2145	0.165017	58.0311
7.66522	45.297	0.0825083	58.0311
7.66694	45.3383	0.165017	58.0311
7.69858	45.4208	0.0825083	58.0311
7.70447	45.462	0.165017	58.0311
7.7201	45.5446	0.0825083	58.0311
7.72455	45.5858	0.165017	58.0311
7.72611	45.6683	0.0825083	58.0311
7.72654	45.6683	0.247525	58.0311
7.73087	45.7508	0.165017	58.0311
7.7322	45.8333	0.0825083	58.0311
7.73372	45.8333	0.247525	58.0311
7.73391	45.9158	0.165017	58.0311
7.76845	45.9983	0.0825083	58.0311
7.76849	45.9983	0.247525	58.0311
7.77517	46.0809	0.165017	58.0311
7.82338	46.1634	0.0825083	58.0311
7.83878	46.1634	0.0825083	59.0674
7.84193	46.2046	0.165017	59.0674
7.84588	46.2871	0.0825083	59.0674
7.8597	46.2871	0.0825083	60.1036
7.87226	46.3284	0.165017	60.1036
7.87428	46.4109	0.0825083	60.1036
7.87602	46.4521	0.165017	60.1036
7.90946	46.5347	0.0825083	60.1036
7.90996	46.5759	0.165017	60.1036
7.94534	46.6584	0.0825083	60.1036
7.94775	46.6997	0.165017	60.1036
8.04465	46.7822	0.0825083	60.1036
8.05233	46.7822	0.165017	60.1036
8.06415	46.8647	0.0825083	60.1036
8.06424	46.8647	0.165017	60.1036
8.07761	46.9472	0.0825083	60.1036
8.07924	46.9472	0.165017	60.1036
8.09918	47.0297	0.0825083	60.1036
8.10027	47.071	0.165017	60.1036
8.10542	47.1535	0.0825083	60.1036
8.10605	47.1535	0.165017	60.1036
8.13601	47.236	0.0825083	60.1036
8.14269	47.2772	0.165017	60.1036
8.15393	47.3597	0.0825083	60.1036
8.15698	47.3597	0.247525	60.1036
8.15721	47.4422	0.165017	60.1036
8.17531	47.5248	0.0825083	60.1036
8.1846	47.5248	0.0825083	61.1399
8.186	47.566	0.165017	61.1399
8.18746	47.6485	0.0825083	61.1399
8.18758	47.6485	0.247525	61.1399
8.18848	47.731	0.165017	61.1399
8.1904	47.8135	0.0825083	61.1399
8.22486	47.896	0	61.1399
8.22564	47.9373	0.0825083	61.1399
8.23057	48.0198	0	61.1399
8.23066	48.0198	0.0825083	61.1399
8.23197	48.0198	0.165017	61.1399
8.23368	48.1023	0.0825083	61.1399
8.25722	48.1848	0	61.1399
8.25899	48.2261	0.0825083	61.1399
8.29633	48.3086	0	61.1399
8.29698	48.3498	0.0825083	61.1399
8.3233	48.4323	0	61.1399
8.32463	48.4323	0.165017	61.1399
8.32608	48.5149	0.0825083	61.1399
8.35898	48.5974	0	61.1399
8.39751	48.5974	0	62.1762
8.39891	48.5974	0.0825083	62.1762
8.40891	48.6799	0	62.1762
8.40945	48.7211	0.0825083	62.1762
8.43711	48.8036	0	62.1762
8.43746	48.8449	0.0825083	62.1762
8.43966	48.9274	0	62.1762
8.44221	48.9686	0.0825083	62.1762
8.46991	49.0512	0	62.1762
8.47207	49.0924	0.0825083	62.1762
8.4862	49.1749	0	62.1762
8.48738	49.1749	0.165017	62.1762
8.48838	49.2574	0.0825083	62.1762
8.52263	49.3399	0	62.1762
8.52398	49.3399	0.165017	62.1762
8.5246	49.4224	0.0825083	62.1762
8.59464	49.505	0	62.1762
8.59526	49.5462	0.0825083	62.1762
8.6136	49.6287	0	62.1762
8.61412	49.6287	0.165017	62.1762
8.61979	49.7112	0.0825083	62.1762
8.63226	49.7937	0	62.1762
8.63248	49.7937	0.165017	62.1762
8.63256	49.835	0.247525	62.1762
8.63297	49.9175	0.165017	62.1762
8.63667	50	0.0825083	62.1762
8.66655	50.0825	0	62.1762
8.66655	50.0825	0.0825083	62.1762
8.69797	50.165	0	62.1762
8.73089	50.165	0	63.2124
8.74303	50.165	0	64.2487
8.74341	50.165	0.165017	64.2487
8.7437	50.2475	0.0825083	64.2487
8.75318	50.33	0	64.2487
8.75414	50.33	0.165017	64.2487
8.75462	50.4125	0.0825083	64.2487
8.76159	50.495	0	64.2487
8.76529	50.495	0	65.285
8.7669	50.495	0.165017	65.285
8.76738	50.5776	0.0825083	65.285
8.82049	50.6601	0	65.285
8.82054	50.6601	0.165017	65.285
8.82282	50.7426	0.0825083	65.285
8.8568	50.8251	0	65.285
8.86511	50.8251	0	65.8031
8.94869	50.8663	0.0825083	65.8031
8.94968	50.9076	0.165017	65.8031
9.00136	50.9901	0.0825083	65.8031
9.01772	51.0726	0	65.8031
9.01796	51.0726	0.165017	65.8031
9.01808	51.1551	0.0825083	65.8031
9.02295	51.2376	0	65.8031
9.03077	51.2376	0	66.8394
9.0334	51.2376	0.0825083	66.8394
9.17355	51.3201	0	66.8394
9.17375	51.3614	0.0825083	66.8394
9.18753	51.4439	0	66.8394
9.19122	51.4851	0.0825083	66.8394
9.21092	51.5677	0	66.8394
9.21227	51.6089	0.0825083	66.8394
9.23141	51.6914	0	66.8394
9.23165	51.6914	0.165017	66.8394
9.23264	51.7739	0.0825083	66.8394
9.2638	51.8564	0	66.8394
9.29468	51.8564	0	67.8756
9.29584	51.8564	0.165017	67.8756
9.29642	51.9389	0.0825083	67.8756
9.33179	52.0215	0	67.8756
9.33634	52.0215	0.0825083	67.8756
9.36779	52.104	0	67.8756
9.37444	52.1452	0.0825083	67.8756
9.37936	52.2277	0	67.8756
9.38012	52.269	0.0825083	67.8756
9.4175	52.3515	0	67.8756
9.41801	52.3927	0.0825083	67.8756
9.48755	52.4752	0	67.8756
9.48964	52.4752	0.0825083	67.8756
9.52544	52.5578	0	67.8756
9.5384	52.5578	0	68.9119
9.53878	52.5578	0.165017	68.9119
9.53884	52.6403	0.0825083	68.9119
9.53955	52.7228	0	68.9119
9.54088	52.764	0.0825083	68.9119
9.59348	52.8465	0	68.9119
9.62069	52.8465	0	69.4301
9.62171	52.8878	0.0825083	69.4301
9.6226	52.8878	0.165017	69.4301
9.62341	52.9703	0.0825083	69.4301
9.63022	53.0528	0	69.4301
9.63462	53.0941	0.0825083	69.4301
9.66689	53.1766	0	69.4301
9.66902	53.2178	0.0825083	69.4301
9.677	53.3003	0	69.4301
9.67879	53.3416	0.0825083	69.4301
9.68909	53.4241	0	69.4301
9.6897	53.4241	0.0825083	69.4301
9.69756	53.5066	0	69.4301
9.69919	53.5066	0.165017	69.4301
9.70018	53.5891	0.0825083	69.4301
9.70135	53.6716	0	69.4301
9.77587	53.6716	0	69.4301
9.78249	53.7129	0.0825083	69.4301
9.82177	53.7954	0	69.4301
9.82195	53.7954	0.165017	69.4301
9.82625	53.8779	0.0825083	69.4301
9.85212	53.9604	0	69.4301
9.94153	53.9604	0	69.9482
9.9422	54.0017	0.0825083	69.9482
9.94279	54.0017	0.247525	69.9482
9.94427	54.0842	0.165017	69.9482
9.94435	54.1667	0.0825083	69.9482
10.0455	54.2492	0	69.9482
10.0554	54.2492	0	70.9845
10.0575	54.2904	0.0825083	70.9845
10.067	54.3729	0	70.9845
10.0716	54.3729	0.165017	70.9845
10.0732	54.4554	0.0825083	70.9845
10.0864	54.538	0	70.9845
10.09	54.5792	0.0825083	70.9845
10.1043	54.6617	0	70.9845
10.1498	54.6617	0	72.0207
10.1501	54.6617	0.165017	72.0207
10.1525	54.7442	0.0825083	72.0207
10.1762	54.8267	0	72.0207
10.1772	54.868	0.0825083	72.0207
10.1914	54.9505	0	72.0207
10.1915	54.9505	0.165017	72.0207
10.1948	55.033	0.0825083	72.0207
10.216	55.1155	0	72.0207
10.2172	55.1568	0.0825083	72.0207
10.3036	55.2393	0	72.0207
10.3058	55.2393	0.0825083	72.0207
10.3484	55.3218	0	72.0207
10.3866	55.3218	0	72.5389
10.3885	55.3218	0.0825083	72.5389
10.405	55.4043	0	72.5389
10.4068	55.4455	0.0825083	72.5389
10.4093	55.5281	0	72.5389
10.4136	55.5693	0.0825083	72.5389
10.4261	55.6518	0	72.5389
10.4287	55.6931	0.0825083	72.5389
10.4797	55.7756	0	72.5389
10.5085	55.7756	0	73.5751
10.513	55.7756	0.0825083	73.5751
10.5302	55.8581	0	73.5751
10.5322	55.8993	0.0825083	73.5751
10.5452	55.9818	0	73.5751
10.5456	56.0231	0.0825083	73.5751
10.5574	56.1056	0	73.5751
10.5575	56.1469	0.0825083	73.5751
10.5728	56.2294	0	73.5751
10.5734	56.2706	0.0825083	73.5751
10.5815	56.3531	0	73.5751
10.5824	56.3944	0.0825083	73.5751
10.6157	56.4769	0	73.5751
10.6158	56.5182	0.0825083	73.5751
10.6808	56.6007	0	73.5751
10.6869	56.6419	0.0825083	73.5751
10.6886	56.6419	0.0825083	74.0933
10.6887	56.7244	0	74.0933
10.6934	56.7657	0.0825083	74.0933
10.741	56.8482	0	74.0933
10.7425	56.8482	0.165017	74.0933
10.7465	56.9307	0.0825083	74.0933
10.7778	57.0132	0	74.0933
10.783	57.0545	0.0825083	74.0933
10.8104	57.137	0	74.0933
10.8108	57.137	0.165017	74.0933
10.8177	57.2195	0.0825083	74.0933
10.8351	57.302	0	74.0933
10.8364	57.302	0.0825083	74.0933
10.8641	57.3845	0	74.0933
10.8649	57.3845	0.165017	74.0933
10.8655	57.467	0.0825083	74.0933
10.907	57.5495	0	74.0933
10.9075	57.5908	0.0825083	74.0933
10.9081	57.6733	0	74.0933
10.9086	57.6733	0.165017	74.0933
10.9118	57.7558	0.0825083	74.0933
10.9275	57.8383	0	74.0933
10.9288	57.8795	0.0825083	74.0933
10.9842	57.962	0	74.0933
10.9858	58.0033	0.0825083	74.0933
11.0364	58.0858	0	74.0933
11.0367	58.0858	0	75.1295
11.0436	58.1271	0.0825083	75.1295
11.0449	58.1271	0.0825083	76.1658
11.0464	58.2096	0	76.1658
11.0492	58.2096	0	77.2021
11.0492	58.2508	0.0825083	77.2021
11.2295	58.3333	0	77.2021
11.2328	58.3333	0.0825083	77.2021
11.2436	58.4158	0	77.2021
11.2464	58.4571	0.0825083	77.2021
11.2465	58.5396	0	77.2021
11.2521	58.5396	0.0825083	77.2021
11.3613	58.6221	0	77.2021
11.3615	58.6221	0.165017	77.2021
11.3673	58.7046	0.0825083	77.2021
11.4093	58.7871	0	77.2021
11.4097	58.7871	0.0825083	77.2021
11.4304	58.8696	0	77.2021
11.4342	58.9109	0.0825083	77.2021
11.4802	58.9934	0	77.2021
11.4922	59.0347	0.0825083	77.2021
11.5097	59.1172	0	77.2021
11.5111	59.1172	0.165017	77.2021
11.5125	59.1997	0.0825083	77.2021
11.5394	59.2822	0	77.2021
11.5419	59.2822	0.165017	77.2021
11.5632	59.3647	0.0825083	77.2021
11.5636	59.3647	0.247525	77.2021
11.5638	59.4472	0.165017	77.2021
11.5799	59.5297	0.0825083	77.2021
11.58	59.5297	0.247525	77.2021
11.583	59.6122	0.165017	77.2021
11.6618	59.6947	0.0825083	77.2021
11.6642	59.736	0.165017	77.2021
11.714	59.8185	0.0825083	77.2021
11.718	59.8597	0.165017	77.2021
11.7187	59.901	0.247525	77.2021
11.7219	59.9835	0.165017	77.2021
11.7276	60.066	0.0825083	77.2021
11.7289	60.066	0.165017	77.2021
11.7419	60.1485	0.0825083	77.2021
11.7469	60.1485	0.247525	77.2021
11.7476	60.231	0.165017	77.2021
11.81	60.3135	0.0825083	77.2021
11.8115	60.3548	0.165017	77.2021
11.8136	60.4373	0.0825083	77.2021
11.8137	60.4785	0.165017	77.2021
11.8744	60.5611	0.0825083	77.2021
11.8772	60.5611	0.165017	77.2021
11.89	60.6436	0.0825083	77.2021
11.9055	60.6436	0.0825083	78.2383
11.9071	60.6436	0.247525	78.2383
11.9077	60.7261	0.165017	78.2383
11.948	60.8086	0.0825083	78.2383
11.9498	60.8086	0.247525	78.2383
11.9512	60.8911	0.165017	78.2383
11.9932	60.9736	0.0825083	78.2383
11.9955	61.0149	0.165017	78.2383
12.0048	61.0974	0.0825083	78.2383
12.005	61.1386	0.165017	78.2383
12.0071	61.1799	0.247525	78.2383
12.0095	61.2624	0.165017	78.2383
12.0108	61.3036	0.247525	78.2383
12.0156	61.3861	0.165017	78.2383
12.0656	61.4686	0.0825083	78.2383
12.0681	61.5099	0.165017	78.2383
12.1134	61.5924	0.0825083	78.2383
12.1169	61.6337	0.165017	78.2383
12.1275	61.7162	0.0825083	78.2383
12.1276	61.7574	0.165017	78.2383
12.1391	61.8399	0.0825083	78.2383
12.1406	61.8812	0.165017	78.2383
12.1878	61.9637	0.0825083	78.2383
12.2119	61.9637	0.0825083	79.2746
12.2119	62.005	0.165017	79.2746
12.2332	62.0875	0.0825083	79.2746
12.2339	62.1287	0.165017	79.2746
12.2712	62.2112	0.0825083	79.2746
12.2729	62.2525	0.165017	79.2746
12.2802	62.335	0.0825083	79.2746
12.2808	62.335	0.247525	79.2746
12.2835	62.4175	0.165017	79.2746
12.3094	62.5	0.0825083	79.2746
12.3104	62.5	0.247525	79.2746
12.315	62.5825	0.165017	79.2746
12.3358	62.665	0.0825083	79.2746
12.3372	62.665	0.247525	79.2746
12.345	62.7475	0.165017	79.2746
12.3659	62.83	0.0825083	79.2746
12.369	62.8713	0.165017	79.2746
12.5047	62.9538	0.0825083	79.2746
12.5053	62.9538	0.165017	79.2746
12.5512	63.0363	0.0825083	79.2746
12.555	63.0776	0.165017	79.2746
12.5719	63.1601	0.0825083	79.2746
12.5728	63.2013	0.165017	79.2746
12.683	63.2838	0.0825083	79.2746
12.7604	63.3663	0	79.2746
12.7614	63.4076	0.0825083	79.2746
12.7626	63.4901	0	79.2746
12.763	63.5314	0.0825083	79.2746
12.863	63.6139	0	79.2746
12.8645	63.6139	0.165017	79.2746
12.8649	63.6964	0.0825083	79.2746
12.8717	63.7789	0	79.2746
12.8731	63.7789	0.165017	79.2746
12.8737	63.8614	0.0825083	79.2746
12.8777	63.9439	0	79.2746
12.8818	63.9439	0	79.7927
12.9132	63.9439	0	80.829
12.9143	63.9439	0.165017	80.829
12.9143	64.0264	0.0825083	80.829
12.9333	64.1089	0	80.829
12.9338	64.1502	0.0825083	80.829
12.9364	64.2327	0	80.829
12.9385	64.2739	0.0825083	80.829
12.941	64.3564	0	80.829
12.9417	64.3564	0.165017	80.829
12.9426	64.4389	0.0825083	80.829
12.9547	64.5215	0	80.829
12.9574	64.5627	0.0825083	80.829
13.127	64.6452	0	80.829
13.1281	64.6865	0.0825083	80.829
13.1879	64.769	0	80.829
13.1892	64.8102	0.0825083	80.829
13.2186	64.8927	0	80.829
13.2189	64.934	0.0825083	80.829
13.2322	65.0165	0	80.829
13.2333	65.0165	0.165017	80.829
13.237	65.099	0.0825083	80.829
13.2397	65.1815	0	80.829
13.2421	65.2228	0.0825083	80.829
13.351	65.3053	0	80.829
13.3512	65.3465	0.0825083	80.829
13.3896	65.429	0	80.829
13.3911	65.429	0.165017	80.829
13.395	65.5116	0.0825083	80.829
13.4372	65.5941	0	80.829
13.4387	65.6353	0.0825083	80.829
13.5521	65.7178	0	80.829
13.5522	65.7178	0.165017	80.829
13.5526	65.8003	0.0825083	80.829
13.6308	65.8828	0	80.829
13.6327	65.8828	0.0825083	80.829
13.6435	65.9653	0	80.829
13.8029	65.9653	0	81.3472
13.8035	66.0066	0.0825083	81.3472
13.8875	66.0891	0	81.3472
13.8881	66.1304	0.0825083	81.3472
13.9262	66.2129	0	81.3472
13.9264	66.2541	0.0825083	81.3472
13.9398	66.3366	0	81.3472
13.9403	66.3779	0.0825083	81.3472
13.9815	66.4604	0	81.3472
13.9836	66.4604	0.0825083	81.3472
14.0298	66.5429	0	81.3472
14.0298	66.5842	0.0825083	81.3472
14.0481	66.6667	0	81.3472
14.0484	66.6667	0.0825083	81.3472
14.1204	66.7492	0	81.3472
14.123	66.7492	0.0825083	81.3472
14.1788	66.8317	0	81.3472
14.179	66.8729	0.0825083	81.3472
14.1899	66.9554	0	81.3472
14.1914	66.9967	0.0825083	81.3472
14.2034	67.0792	0	81.3472
14.2054	67.1205	0.0825083	81.3472
14.2809	67.203	0	81.3472
14.2811	67.2442	0.0825083	81.3472
14.2992	67.3267	0	81.3472
14.2993	67.368	0.0825083	81.3472
14.4112	67.4505	0	81.3472
14.4132	67.4505	0.0825083	81.3472
14.5119	67.533	0	81.3472
14.5139	67.5743	0.0825083	81.3472
14.5261	67.6568	0	81.3472
14.5261	67.6568	0.165017	81.3472
14.5274	67.7393	0.0825083	81.3472
14.5628	67.8218	0	81.3472
14.5629	67.863	0.0825083	81.3472
14.7298	67.9455	0	81.3472
14.7311	67.9455	0.0825083	81.3472
14.8087	68.0281	0	81.3472
14.8105	68.0693	0.0825083	81.3472
14.8308	68.1518	0	81.3472
14.8361	68.1931	0.0825083	81.3472
14.8563	68.2756	0	81.3472
14.8583	68.3168	0.0825083	81.3472
14.8589	68.3581	0.165017	81.3472
14.8644	68.4406	0.0825083	81.3472
14.9575	68.5231	0	81.3472
14.9578	68.5644	0.0825083	81.3472
15.0008	68.6469	0	81.3472
15.0034	68.6881	0.0825083	81.3472
15.0677	68.7706	0	81.3472
15.068	68.7706	0.0825083	81.3472
15.193	68.8531	0	81.3472
15.1932	68.8944	0.0825083	81.3472
15.2072	68.9769	0	81.3472
15.2103	68.9769	0.165017	81.3472
15.211	69.0594	0.0825083	81.3472
15.2452	69.1419	0	81.3472
15.2487	69.1419	0.165017	81.3472
15.251	69.2244	0.0825083	81.3472
15.2886	69.3069	0	81.3472
15.4363	69.3069	0	82.3834
15.4406	69.3482	0.0825083	82.3834
15.4445	69.4307	0	82.3834
15.4445	69.4719	0.0825083	82.3834
15.5261	69.5545	0	82.3834
15.527	69.5545	0.0825083	82.3834
15.5557	69.637	0	82.3834
15.5611	69.6782	0.0825083	82.3834
15.599	69.7607	0	82.3834
15.6036	69.7607	0.0825083	82.3834
15.611	69.8432	0	82.3834
15.6129	69.8432	0.0825083	82.3834
15.6329	69.9257	0	82.3834
15.6392	69.967	0.0825083	82.3834
15.7074	70.0495	0	82.3834
15.7523	70.0495	0	83.4197
15.7946	70.0495	0	84.456
15.7962	70.0495	0.0825083	84.456
15.939	70.132	0	84.456
15.9415	70.1733	0.0825083	84.456
15.9504	70.2558	0	84.456
15.9523	70.297	0.0825083	84.456
16.0058	70.3795	0	84.456
16.0063	70.4208	0.0825083	84.456
16.1221	70.5033	0	84.456
16.1548	70.5446	0.0825083	84.456
16.1554	70.5446	0.165017	84.456
16.1615	70.6271	0.0825083	84.456
16.1639	70.6683	0.165017	84.456
16.1837	70.7508	0.0825083	84.456
16.1933	70.7508	0.165017	84.456
16.1939	70.7508	0.330033	84.456
16.194	70.8333	0.247525	84.456
16.1985	70.9158	0.165017	84.456
16.2396	70.9984	0.0825083	84.456
16.2719	70.9984	0.0825083	85.4922
16.2817	71.0396	0.165017	85.4922
16.291	71.1221	0.0825083	85.4922
16.2913	71.1634	0.165017	85.4922
16.3021	71.2459	0.0825083	85.4922
16.3067	71.2459	0.165017	85.4922
16.3336	71.3284	0.0825083	85.4922
16.3359	71.3284	0.165017	85.4922
16.3415	71.4109	0.0825083	85.4922
16.3427	71.4109	0.247525	85.4922
16.3432	71.4934	0.165017	85.4922
16.3517	71.5759	0.0825083	85.4922
16.3553	71.6172	0.165017	85.4922
16.5045	71.6997	0.0825083	85.4922
16.5047	71.7409	0.165017	85.4922
16.5073	71.8234	0.0825083	85.4922
16.5081	71.8234	0.247525	85.4922
16.5115	71.9059	0.165017	85.4922
16.5731	71.9884	0.0825083	85.4922
16.5733	72.0297	0.165017	85.4922
16.599	72.1122	0.0825083	85.4922
16.5993	72.1122	0.165017	85.4922
16.6033	72.1947	0.0825083	85.4922
16.6076	72.236	0.165017	85.4922
16.7284	72.3185	0.0825083	85.4922
16.7284	72.3597	0.165017	85.4922
16.7849	72.4422	0.0825083	85.4922
16.7853	72.4835	0.165017	85.4922
16.7863	72.5247	0.247525	85.4922
16.787	72.6073	0.165017	85.4922
16.8094	72.6898	0.0825083	85.4922
16.9004	72.7723	0	85.4922
16.9354	72.7723	0	86.5285
16.9372	72.8135	0.0825083	86.5285
17.0847	72.896	0	86.5285
17.0853	72.896	0.0825083	86.5285
17.0893	72.9785	0	86.5285
17.0989	72.9785	0.0825083	86.5285
17.1027	73.0198	0.165017	86.5285
17.2214	73.1023	0.0825083	86.5285
17.2222	73.1023	0.165017	86.5285
17.2863	73.1848	0.0825083	86.5285
17.4741	73.2673	0	86.5285
17.4764	73.2673	0.165017	86.5285
17.4764	73.3498	0.0825083	86.5285
17.4895	73.4323	0	86.5285
17.4914	73.4323	0.165017	86.5285
17.4923	73.5149	0.0825083	86.5285
17.6539	73.5974	0	86.5285
17.6753	73.5974	0	87.0466
17.7455	73.5974	0	87.5648
17.7498	73.6386	0.0825083	87.5648
17.7777	73.7211	0	87.5648
17.8252	73.7211	0	88.601
17.8284	73.7624	0.0825083	88.601
17.9718	73.8449	0	88.601
17.9724	73.8861	0.0825083	88.601
17.988	73.9686	0	88.601
17.9889	73.9686	0.0825083	88.601
17.993	74.0512	0	88.601
17.9934	74.0512	0.0825083	88.601
18.0056	74.1337	0	88.601
18.009	74.1337	0.165017	88.601
18.0105	74.2162	0.0825083	88.601
18.0283	74.2987	0	88.601
18.0299	74.3399	0.0825083	88.601
18.0884	74.4224	0	88.601
18.0892	74.4637	0.0825083	88.601
18.1372	74.5462	0	88.601
18.1372	74.5462	0.0825083	88.601
18.2248	74.6287	0	88.601
18.2735	74.6287	0	89.1192
18.2741	74.67	0.0825083	89.1192
18.2782	74.7525	0	89.1192
18.2788	74.7937	0.0825083	89.1192
18.538	74.8762	0	89.1192
18.5425	74.9175	0.0825083	89.1192
18.5547	75	0	89.1192
18.5549	75	0.165017	89.1192
18.6397	75.0825	0.0825083	89.1192
18.6407	75.0825	0.247525	89.1192
18.6508	75.165	0.165017	89.1192
18.6852	75.2475	0.0825083	89.1192
18.7303	75.2475	0.0825083	90.1554
18.7448	75.2475	0.0825083	91.1917
18.7456	75.2888	0.165017	91.1917
18.7737	75.3713	0.0825083	91.1917
18.8041	75.3713	0.0825083	92.228
18.8044	75.4125	0.165017	92.228
18.909	75.495	0.0825083	92.228
18.9112	75.495	0.247525	92.228
18.9159	75.5776	0.165017	92.228
19.083	75.6601	0.0825083	92.228
19.0867	75.7013	0.165017	92.228
19.1569	75.7838	0.0825083	92.228
19.1604	75.8251	0.165017	92.228
19.1656	75.9076	0.0825083	92.228
19.167	75.9488	0.165017	92.228
19.1703	76.0314	0.0825083	92.228
19.1723	76.0726	0.165017	92.228
19.2704	76.1551	0.0825083	92.228
19.273	76.1964	0.165017	92.228
19.276	76.2789	0.0825083	92.228
19.2762	76.3201	0.165017	92.228
19.3297	76.4026	0.0825083	92.228
19.3304	76.4439	0.165017	92.228
19.3615	76.5264	0.0825083	92.228
19.362	76.5677	0.165017	92.228
19.3997	76.6502	0.0825083	92.228
19.3998	76.6502	0.247525	92.228
19.4009	76.7327	0.165017	92.228
19.4024	76.8152	0.0825083	92.228
19.4043	76.8152	0.165017	92.228
19.5215	76.8977	0.0825083	92.228
19.5227	76.9389	0.165017	92.228
19.5455	77.0215	0.0825083	92.228
19.5459	77.0215	0.247525	92.228
19.5479	77.104	0.165017	92.228
19.5693	77.1865	0.0825083	92.228
19.5722	77.2277	0.165017	92.228
19.6856	77.3102	0.0825083	92.228
19.6867	77.3102	0.165017	92.228
19.7445	77.3927	0.0825083	92.228
19.7475	77.434	0.165017	92.228
19.8355	77.5165	0.0825083	92.228
19.8373	77.5165	0.247525	92.228
19.8373	77.599	0.165017	92.228
19.923	77.6815	0.0825083	92.228
19.9243	77.7228	0.165017	92.228
20.0685	77.8053	0.0825083	92.228
20.0685	77.8465	0.165017	92.228
20.1717	77.929	0.0825083	92.228
20.1717	77.9703	0.165017	92.228
20.3777	78.0528	0.0825083	92.228
20.3777	78.0528	0.165017	92.228
20.8704	78.1353	0.0825083	92.228
20.8708	78.1353	0.247525	92.228
20.8792	78.2178	0.165017	92.228
20.9872	78.3003	0.0825083	92.228
20.9883	78.3416	0.165017	92.228
21.086	78.4241	0.0825083	92.228
21.0861	78.4653	0.165017	92.228
21.1211	78.5479	0.0825083	92.228
21.1231	78.5479	0.247525	92.228
21.1256	78.6304	0.165017	92.228
21.2145	78.7129	0.0825083	92.228
21.2147	78.7541	0.165017	92.228
21.2469	78.8366	0.0825083	92.228
21.296	78.9191	0	92.228
21.2963	78.9191	0.165017	92.228
21.6483	79.0016	0.0825083	92.228
21.6487	79.0429	0.165017	92.228
21.7058	79.1254	0.0825083	92.228
21.7075	79.1667	0.165017	92.228
21.7647	79.2492	0.0825083	92.228
21.7647	79.2492	0.165017	92.228
21.8441	79.3317	0.0825083	92.228
21.8487	79.3317	0.165017	92.228
21.9727	79.4142	0.0825083	92.228
21.9743	79.4554	0.165017	92.228
22.0058	79.538	0.0825083	92.228
22.0111	79.5792	0.165017	92.228
22.0639	79.6617	0.0825083	92.228
22.0643	79.703	0.165017	92.228
22.1178	79.7855	0.0825083	92.228
22.1179	79.7855	0.165017	92.228
22.1298	79.868	0.0825083	92.228
22.1303	79.9092	0.165017	92.228
22.1912	79.9918	0.0825083	92.228
22.1936	80.033	0.165017	92.228
22.2397	80.1155	0.0825083	92.228
22.2408	80.1155	0.247525	92.228
22.241	80.198	0.165017	92.228
22.2807	80.2805	0.0825083	92.228
22.2836	80.3218	0.165017	92.228
22.2839	80.363	0.247525	92.228
22.2846	80.4455	0.165017	92.228
22.2878	80.5281	0.0825083	92.228
22.2903	80.5693	0.165017	92.228
22.3014	80.6518	0.0825083	92.228
22.3033	80.6931	0.165017	92.228
22.3366	80.7756	0.0825083	92.228
22.3369	80.7756	0.247525	92.228
22.3402	80.8581	0.165017	92.228
22.6046	80.9406	0.0825083	92.228
22.6066	80.9818	0.165017	92.228
22.7314	81.0644	0.0825083	92.228
22.7318	81.1056	0.165017	92.228
22.7671	81.1881	0.0825083	92.228
22.7728	81.2706	0	92.228
22.7771	81.3119	0.0825083	92.228
22.8764	81.3944	0	92.228
22.8937	81.3944	0.0825083	92.228
22.9016	81.4769	0	92.228
22.9026	81.4769	0.165017	92.228
22.9052	81.5594	0.0825083	92.228
22.9141	81.6419	0	92.228
22.9143	81.6419	0.165017	92.228
22.9176	81.7244	0.0825083	92.228
23.284	81.8069	0	92.228
23.2857	81.8069	0.0825083	92.228
23.3259	81.8894	0	92.228
23.3265	81.9307	0.0825083	92.228
23.3493	82.0132	0	92.228
23.5092	82.0132	0	93.2643
23.5136	82.0545	0.0825083	93.2643
23.5735	82.137	0	93.2643
23.5744	82.1782	0.0825083	93.2643
23.5811	82.2607	0	93.2643
23.5818	82.302	0.0825083	93.2643
23.6028	82.3845	0	93.2643
23.6147	82.4257	0.0825083	93.2643
23.6158	82.5082	0	93.2643
23.6172	82.5495	0.0825083	93.2643
23.6364	82.632	0	93.2643
23.6374	82.6733	0.0825083	93.2643
23.6665	82.7558	0	93.2643
23.6667	82.7558	0.0825083	93.2643
23.7385	82.8383	0	93.2643
23.7386	82.8795	0.0825083	93.2643
23.9052	82.962	0	93.2643
23.9069	83.0033	0.0825083	93.2643
23.9427	83.0858	0	93.2643
23.9452	83.1271	0.0825083	93.2643
24.0115	83.2096	0	93.2643
24.0136	83.2508	0.0825083	93.2643
24.3102	83.3333	0	93.2643
24.3124	83.3746	0.0825083	93.2643
24.3769	83.4571	0	93.2643
24.3888	83.4984	0.0825083	93.2643
24.4125	83.5809	0	93.2643
24.4141	83.6221	0.0825083	93.2643
24.6525	83.7046	0	93.2643
24.656	83.7459	0.0825083	93.2643
25.0404	83.8284	0	93.2643
25.0412	83.8284	0.0825083	93.2643
25.1243	83.9109	0	93.2643
25.1245	83.9521	0.0825083	93.2643
25.1792	84.0347	0	93.2643
25.1793	84.0347	0.165017	93.2643
25.1815	84.1172	0.0825083	93.2643
25.1818	84.1584	0.165017	93.2643
25.1836	84.2409	0.0825083	93.2643
25.6034	84.3234	0	93.2643
25.6053	84.3234	0.165017	93.2643
25.6058	84.4059	0.0825083	93.2643
25.6067	84.4472	0.165017	93.2643
25.6167	84.5297	0.0825083	93.2643
25.6339	84.6122	0	93.2643
25.6367	84.6535	0.0825083	93.2643
25.6441	84.736	0	93.2643
25.6475	84.7772	0.0825083	93.2643
25.6643	84.8597	0	93.2643
25.6655	84.901	0.0825083	93.2643
25.8351	84.9835	0	93.2643
25.8359	84.9835	0.165017	93.2643
25.8364	85.066	0.0825083	93.2643
25.9569	85.1485	0	93.2643
25.957	85.1485	0.165017	93.2643
25.9573	85.231	0.0825083	93.2643
26.0068	85.3135	0	93.2643
26.0084	85.3548	0.0825083	93.2643
26.0163	85.4373	0	93.2643
26.0173	85.4373	0.165017	93.2643
26.0176	85.4785	0.247525	93.2643
26.0186	85.5611	0.165017	93.2643
26.0188	85.6436	0.0825083	93.2643
26.0826	85.7261	0	93.2643
26.0832	85.7261	0.0825083	93.2643
26.1409	85.8086	0	93.2643
26.1479	85.8498	0.0825083	93.2643
26.2661	85.9323	0	93.2643
26.2683	85.9736	0.0825083	93.2643
26.5621	86.0561	0	93.2643
26.5622	86.0974	0.0825083	93.2643
26.5785	86.1799	0	93.2643
26.58	86.1799	0.165017	93.2643
26.5804	86.2624	0.0825083	93.2643
26.7118	86.3449	0	93.2643
26.7123	86.3449	0.165017	93.2643
26.7135	86.4274	0.0825083	93.2643
26.8603	86.5099	0	93.2643
26.8614	86.5512	0.0825083	93.2643
27.0085	86.6337	0	93.2643
27.0118	86.6749	0.0825083	93.2643
27.5927	86.7574	0	93.2643
27.5933	86.7987	0.0825083	93.2643
28.014	86.8812	0	93.2643
28.0175	86.9224	0.0825083	93.2643
28.607	87.005	0	93.2643
28.6085	87.005	0.165017	93.2643
28.6093	87.0875	0.0825083	93.2643
28.6393	87.17	0	93.2643
28.6401	87.2112	0.0825083	93.2643
28.8069	87.2937	0	93.2643
28.8091	87.2937	0.0825083	93.2643
28.8285	87.3762	0	93.2643
28.8286	87.4175	0.0825083	93.2643
28.8628	87.5	0	93.2643
28.8642	87.5413	0.0825083	93.2643
28.9856	87.6238	0	93.2643
28.9902	87.665	0.0825083	93.2643
28.9902	87.665	0.165017	93.2643
28.9913	87.7475	0.0825083	93.2643
29.212	87.83	0	93.2643
29.2143	87.8713	0.0825083	93.2643
29.2267	87.9538	0	93.2643
29.2276	87.9538	0.165017	93.2643
29.2344	88.0363	0.0825083	93.2643
29.2477	88.1188	0	93.2643
29.2482	88.1188	0.0825083	93.2643
29.5546	88.2013	0	93.2643
29.5566	88.2426	0.0825083	93.2643
29.5673	88.3251	0	93.2643
29.57	88.3251	0.0825083	93.2643
29.9323	88.4076	0	93.2643
29.9357	88.4488	0.0825083	93.2643
29.9373	88.5314	0	93.2643
29.9394	88.5726	0.0825083	93.2643
30.0824	88.6551	0	93.2643
30.0829	88.6964	0.0825083	93.2643
30.3435	88.7789	0	93.2643
30.344	88.7789	0.165017	93.2643
30.3459	88.8614	0.0825083	93.2643
30.6784	88.9439	0	93.2643
30.6803	88.9851	0.0825083	93.2643
30.7347	89.0677	0	93.2643
30.7375	89.1089	0.0825083	93.2643
30.9051	89.1914	0	93.2643
30.9074	89.2327	0.0825083	93.2643
31.0651	89.3152	0	93.2643
31.0674	89.3152	0.165017	93.2643
31.0679	89.3977	0.0825083	93.2643
31.2489	89.4802	0	93.2643
31.25	89.5215	0.0825083	93.2643
31.2597	89.604	0	93.2643
31.2615	89.604	0.0825083	93.2643
31.3031	89.6865	0	93.2643
31.3034	89.6865	0.165017	93.2643
31.3047	89.769	0.0825083	93.2643
31.3744	89.8515	0	93.2643
31.3792	89.8927	0.0825083	93.2643
31.4936	89.9753	0	93.2643
31.4951	89.9753	0.165017	93.2643
31.7284	90.0578	0.0825083	93.2643
31.7294	90.0578	0.165017	93.2643
31.825	90.1403	0.0825083	93.2643
31.8263	90.1815	0.165017	93.2643
32.0205	90.264	0.0825083	93.2643
32.0224	90.3053	0.165017	93.2643
32.0614	90.3878	0.0825083	93.2643
32.0638	90.429	0.165017	93.2643
32.0833	90.5116	0.0825083	93.2643
32.0835	90.5528	0.165017	93.2643
32.7053	90.6353	0.0825083	93.2643
32.7053	90.6353	0.247525	93.2643
32.7119	90.7178	0.165017	93.2643
32.7301	90.8003	0.0825083	93.2643
32.7309	90.8003	0.247525	93.2643
32.7317	90.8828	0.165017	93.2643
32.7586	90.9653	0.0825083	93.2643
32.76	91.0066	0.165017	93.2643
33.3701	91.0891	0.0825083	93.2643
33.3885	91.1716	0	93.2643
33.3891	91.1716	0.0825083	93.2643
33.5361	91.2541	0	93.2643
33.5363	91.2541	0.165017	93.2643
33.5368	91.3366	0.0825083	93.2643
33.8312	91.4191	0	93.2643
33.8318	91.4604	0.0825083	93.2643
33.8878	91.5429	0	93.2643
33.8886	91.5429	0.165017	93.2643
33.8928	91.6254	0.0825083	93.2643
33.9858	91.7079	0	93.2643
33.9892	91.7079	0.0825083	93.2643
34.0653	91.7904	0	93.2643
34.0688	91.8317	0.0825083	93.2643
34.3745	91.9142	0	93.2643
34.3749	91.9142	0.165017	93.2643
34.377	91.9967	0.0825083	93.2643
34.4	92.0792	0	93.2643
34.4019	92.0792	0.165017	93.2643
34.4048	92.1617	0.0825083	93.2643
34.522	92.2442	0	93.2643
34.5232	92.2855	0.0825083	93.2643
34.7937	92.368	0	93.2643
34.7943	92.368	0.165017	93.2643
34.7944	92.4505	0.0825083	93.2643
35.1241	92.533	0	93.2643
35.4989	92.533	0	94.3005
35.4996	92.533	0.0825083	94.3005
35.7785	92.6155	0	94.3005
35.781	92.6568	0.0825083	94.3005
35.8537	92.7393	0	94.3005
35.8544	92.7393	0.0825083	94.3005
35.8839	92.8218	0	94.3005
35.8875	92.863	0.0825083	94.3005
36.0567	92.9455	0	94.3005
36.0573	92.9455	0.165017	94.3005
36.0596	93.0281	0.0825083	94.3005
36.3323	93.1106	0	94.3005
36.3328	93.1518	0.0825083	94.3005
36.7396	93.2343	0	94.3005
36.7407	93.2756	0.0825083	94.3005
36.9036	93.3581	0	94.3005
36.9056	93.3993	0.0825083	94.3005
36.9383	93.4818	0	94.3005
36.9419	93.5231	0.0825083	94.3005
37.5737	93.6056	0	94.3005
37.5795	93.6469	0.0825083	94.3005
37.9555	93.7294	0	94.3005
37.9561	93.7294	0.165017	94.3005
37.9563	93.8119	0.0825083	94.3005
38.0384	93.8944	0	94.3005
38.0392	93.9356	0.0825083	94.3005
38.2747	94.0182	0	94.3005
38.2751	94.0182	0.165017	94.3005
38.2755	94.1007	0.0825083	94.3005
38.4911	94.1832	0	94.3005
38.4923	94.1832	0.165017	94.3005
38.4928	94.2657	0.0825083	94.3005
39.9768	94.3482	0	94.3005
39.9788	94.3482	0.165017	94.3005
39.9791	94.4307	0.0825083	94.3005
40.3839	94.5132	0	94.3005
40.3841	94.5545	0.0825083	94.3005
40.5858	94.637	0	94.3005
40.588	94.6782	0.0825083	94.3005
40.8344	94.7607	0	94.3005
40.8345	94.7607	0.165017	94.3005
40.8355	94.8432	0.0825083	94.3005
41.3029	94.9257	0	94.3005
41.3113	94.967	0.0825083	94.3005
41.4116	95.0495	0	94.3005
42.7827	95.0495	0	94.8186
44.2661	95.0495	0	95.8549
44.2686	95.0908	0.0825083	95.8549
44.4134	95.1733	0	95.8549
44.4137	95.2145	0.0825083	95.8549
44.4726	95.297	0	95.8549
44.4785	95.3383	0.0825083	95.8549
45.5643	95.4208	0	95.8549
45.5658	95.462	0.0825083	95.8549
45.887	95.5446	0	95.8549
45.8878	95.5858	0.0825083	95.8549
47.3546	95.6683	0	95.8549
47.3602	95.6683	0.0825083	95.8549
47.3927	95.7508	0	95.8549
47.3929	95.7921	0.0825083	95.8549
47.8589	95.8746	0	95.8549
47.8609	95.9158	0.0825083	95.8549
48.1861	95.9984	0	95.8549
48.1875	96.0396	0.0825083	95.8549
49.0311	96.1221	0	95.8549
49.0313	96.1221	0.0825083	95.8549
52.7274	96.2046	0	95.8549
52.7277	96.2459	0.0825083	95.8549
52.9271	96.3284	0	95.8549
52.928	96.3696	0.0825083	95.8549
56.4235	96.4521	0	95.8549
56.4789	96.4934	0.0825083	95.8549
56.4797	96.4934	0.247525	95.8549
56.4812	96.5759	0.165017	95.8549
57.8395	96.6584	0.0825083	95.8549
59.4167	96.7409	0	95.8549
59.4184	96.7822	0.0825083	95.8549
59.8524	96.8647	0	95.8549
59.8545	96.8647	0.165017	95.8549
59.8554	96.9472	0.0825083	95.8549
61.0014	97.0297	0	95.8549
61.0022	97.071	0.0825083	95.8549
62.4954	97.1535	0	95.8549
62.4994	97.1947	0.0825083	95.8549
62.9959	97.2772	0	95.8549
62.9995	97.3185	0.0825083	95.8549
67.0534	97.401	0	95.8549
67.2158	97.401	0	96.8912
67.2173	97.4422	0.0825083	96.8912
67.2492	97.5247	0	96.8912
67.2496	97.5247	0.165017	96.8912
67.253	97.6073	0.0825083	96.8912
69.4003	97.6898	0	96.8912
69.4029	97.731	0.0825083	96.8912
69.5377	97.8135	0	96.8912
69.7317	97.8548	0.0825083	96.8912
69.7321	97.8548	0.247525	96.8912
69.7326	97.9373	0.165017	96.8912
70.1003	98.0198	0.0825083	96.8912
70.1019	98.0198	0.247525	96.8912
70.1021	98.1023	0.165017	96.8912
70.3557	98.1848	0.0825083	96.8912
84.376	98.2673	0	96.8912
84.3783	98.3086	0.0825083	96.8912
110.643	98.3911	0	96.8912
144.286	98.3911	0	97.9275
669.597	98.3911	0	98.9637
671.511	98.4323	0.0825083	98.9637
1109.9	98.5149	0	98.9637
1110.07	98.5561	0.0825083	98.9637
1280.33	98.6386	0	98.9637
1648.05	98.6386	0	100
1648.05	98.6386	0.165017	100
1648.75	98.7211	0.0825083	100
3383.19	98.8036	0	100
3383.77	98.8449	0.0825083	100
4326.35	98.9274	0	100
4326.64	98.9686	0.0825083	100
7097.64	99.0512	0	100
7099.49	99.0924	0.0825083	100
8312.8	99.1749	0	100
8313.54	99.2162	0.0825083	100
8575.88	99.2987	0	100
8577.17	99.3399	0.0825083	100
12798.5	99.4224	0	100
12798.9	99.4637	0.0825083	100
13278.8	99.5462	0	100
13279.8	99.5875	0.0825083	100
13991.3	99.67	0	100
13991.6	99.7112	0.0825083	100
15061	99.7937	0	100
15061	99.7937	0.0825083	100
21192.2	99.8762	0	100
21200.6	99.9175	0.0825083	100
