5.7894e-05	0	0	0
7.48472e-05	0	0	0
7.75582e-05	0	0	0
8.12065e-05	0	0	0
8.89226e-05	0	0	0
9.0134e-05	0	0	0
0.000107072	0	0	0
0.000122316	0	0	0
0.00012629	0	0	0
0.000131147	0	0	0
0.000167374	0	0	0
0.000181647	0	0	0
0.000184856	0	0	0
0.000201963	0	0	0
0.000230405	0	0	0
0.000249755	0	0	0
0.000258162	0	0	0
0.000268862	0	0	0
0.000269117	0	0	0
0.000269517	0	0	0
0.00027829	0	0	0
0.000290276	0	0	0
0.000344461	0	0	0
0.000348731	0	0	0
0.000380197	0	0	0
0.000434579	0	0	0
0.000441133	0	0	0
0.000445038	0	0	0
0.00044963	0	0	0
0.000461238	0	0	0
0.000470837	0	0	0
0.000487672	0	0	0
0.000497985	0	0	0
0.00050428	0	0	0
0.000521928	0	0	0
0.000531688	0	0	0
0.000573159	0	0	0
0.000584251	0	0	0
0.000591943	0	0	0
0.000591984	0	0	0
0.000594572	0	0	0
0.000595732	0	0	0
0.000646406	0	0	0
0.00066731	0	0	0
0.0006894	0	0	0
0.000701209	0	0	0
0.000703208	0	0	0
0.000721438	0	0	0
0.000725242	0	0	0
0.000730095	0	0	0
0.00077087	0	0	0
0.000793887	0	0	0
0.00080774	0	0	0
0.000827573	0	0	0
0.000876393	0	0	0
0.000913456	0	0	0
0.000916796	0	0	0
0.000919816	0	0	0
0.000977781	0	0	0
0.0011894	0	0	0
0.00119617	0	0	0
0.00120131	0	0	0
0.00122452	0	0	0
0.00123832	0	0	0
0.00131671	0	0	0
0.00140103	0	0	0
0.00145414	0	0	0
0.00146074	0	0	0
0.00153689	0	0	0
0.00157083	0	0	0
0.00161063	0	0	0
0.00170803	0	0	0
0.00171359	0	0	0
0.00176112	0	0	0
0.00176314	0	0	0
0.00183936	0	0	0
0.00194279	0	0	0
0.00197211	0	0	0
0.00197468	0	0	0
0.00197644	0	0	0
0.00205554	0	0	0
0.00207151	0	0	0
0.00213756	0	0	0
0.00226091	0	0	0
0.00250566	0	0	0
0.00251339	0	0	0
0.00266211	0	0	0
0.00268774	0	0	0
0.00296948	0	0	0
0.0031269	0	0	0
0.00335485	0	0	0
0.00382063	0	0	0
0.00412667	0	0	0
0.00465511	0	0	0
0.00494216	0	0	0
0.00575064	0	0	0
0.00599837	0	0	0
0.00602887	0	0	0
0.00754813	0	0	0
0.00918453	0	0	0
0.00929899	0	0	0
0.00932189	0	0	0
0.00942456	0	0	0
0.00976693	0	0	0
0.00979638	0	0	0
0.00987475	0	0	0
0.00995506	0	0	0
0.0101207	0	0	0
0.0101214	0	0	0
0.0102251	0	0	0
0.0102972	0	0	0
0.0103436	0	0	0
0.0103471	0	0	0
0.0103474	0	0	0
0.0103911	0	0	0
0.0104636	0	0	0
0.0104706	0	0	0
0.0105644	0	0	0
0.0106265	0	0	0
0.0106837	0	0	0
0.0108562	0	0	0
0.0109017	0	0	0
0.0109073	0	0	0
0.0109239	0	0	0
0.0109595	0	0	0
0.011	0	0	0
0.0110357	0	0	0
0.0110641	0	0	0
0.011141	0	0	0
0.0111433	0	0	0
0.0111957	0	0	0
0.0112035	0	0	0
0.0112793	0	0	0
0.0113479	0	0	0
0.011469	0	0	0
0.0116223	0	0	0
0.0116302	0	0	0
0.0116432	0	0	0
0.0117618	0	0	0
0.0117765	0	0	0
0.0117929	0	0	0
0.0118502	0	0	0
0.0118516	0	0	0
0.0118683	0	0	0
0.011899	0	0	0
0.0119301	0	0	0
0.0120103	0	0	0
0.0120275	0	0	0
0.0120375	0	0	0
0.0121026	0	0	0
0.0121174	0	0	0
0.0121555	0	0	0
0.0121629	0	0	0
0.0121918	0	0	0
0.0122133	0	0	0
0.0122159	0	0	0
0.012276	0	0	0
0.0123045	0	0	0
0.0123178	0	0	0
0.0123806	0	0	0
0.0124104	0	0	0
0.0124395	0	0	0
0.0124976	0	0	0
0.0125144	0	0	0
0.0125293	0	0	0
0.0126208	0	0	0
0.0126397	0	0	0
0.012734	0	0	0
0.012748	0	0	0
0.0127919	0	0	0
0.0128265	0	0	0
0.0128319	0	0	0
0.0128706	0	0	0
0.0129124	0	0	0
0.0129135	0	0	0
0.0129405	0	0	0
0.0131121	0	0	0
0.0131475	0	0	0
0.0131522	0	0	0
0.0132659	0	0	0
0.0132758	0	0	0
0.0132939	0	0	0
0.0133516	0	0	0
0.0134762	0	0	0
0.0134778	0	0	0
0.0135022	0	0	0
0.0135582	0	0	0
0.0136146	0	0	0
0.0136388	0	0	0
0.0136546	0	0	0
0.013657	0	0	0
0.0136648	0	0	0
0.013679	0	0	0
0.013799	0	0	0
0.0140508	0	0	0
0.0141748	0	0	0
0.0142672	0	0	0
0.0142827	0	0	0
0.014298	0	0	0
0.0143225	0	0	0
0.0143436	0	0	0
0.014491	0	0	0
0.0145209	0	0	0
0.014575	0	0	0
0.0145849	0	0	0
0.0146511	0	0	0
0.0147484	0	0	0
0.0148629	0	0	0
0.0149987	0	0	0
0.0150607	0	0	0
0.0151958	0	0	0
0.0153581	0	0	0
0.0154632	0	0	0
0.0154633	0	0	0
0.0159036	0	0	0
0.0161843	0	0	0
0.0162437	0	0	0
0.0162956	0	0	0
0.0163024	0	0	0
0.0165227	0	0	0
0.0165571	0	0	0
0.01665	0	0	0
0.0166508	0	0	0
0.0167757	0	0	0
0.0168575	0	0	0
0.0168686	0	0	0
0.0168694	0	0	0
0.0169122	0	0	0
0.0169323	0	0	0
0.0170071	0	0	0
0.017048	0	0	0
0.0171311	0	0	0
0.0171502	0	0	0
0.0172459	0	0	0
0.0173078	0	0	0
0.0173175	0	0	0
0.0173693	0	0	0
0.0174567	0	0	0
0.0175047	0	0	0
0.0175082	0	0	0
0.0175321	0	0	0
0.0175737	0	0	0
0.0176769	0	0	0
0.0178116	0	0	0
0.0179689	0	0	0
0.0180644	0	0	0
0.0182155	0	0	0
0.0182572	0	0	0
0.0183517	0	0	0
0.0186701	0	0	0
0.0187436	0	0	0
0.020049	0	0	0
0.0201243	0	0	0
0.020127	0	0	0
0.0205526	0	0	0
0.0206311	0	0	0
0.0210029	0	0	0
0.0211297	0	0	0
0.0214789	0	0	0
0.0216103	0	0	0
0.0221677	0	0	0
0.0222386	0	0	0
0.0225987	0	0	0
0.0226098	0	0	0
0.0228049	0	0	0
0.022844	0	0	0
0.0229282	0	0	0
0.02313	0	0	0
0.0231417	0	0	0
0.0231837	0	0	0
0.0232798	0	0	0
0.023333	0	0	0
0.0233646	0	0	0
0.0233745	0	0	0
0.0234235	0	0	0
0.023554	0	0	0
0.0236097	0	0	0
0.0236248	0	0	0
0.0236644	0	0	0
0.0238781	0	0	0
0.0239436	0	0	0
0.0239666	0	0	0
0.0240357	0	0	0
0.0240475	0	0	0
0.0240836	0	0	0
0.0241035	0	0	0
0.0241209	0	0	0
0.0241667	0	0	0
0.0242179	0	0	0
0.0243177	0	0	0
0.0244532	0	0	0
0.024458	0	0	0
0.0245299	0	0	0
0.024618	0	0	0
0.0246678	0	0	0
0.0247248	0	0	0
0.0247286	0	0	0
0.0248311	0	0	0
0.0248535	0	0	0
0.0249039	0	0	0
0.0249177	0	0	0
0.0250268	0	0	0
0.025097	0	0	0
0.0251741	0	0	0
0.0251961	0	0	0
0.0252065	0	0	0
0.0252754	0	0	0
0.0252808	0	0	0
0.0253659	0	0	0
0.0253937	0	0	0
0.0253969	0	0	0
0.0253999	0	0	0
0.025425	0	0	0
0.0254424	0	0	0
0.0254657	0	0	0
0.0255188	0	0	0
0.0255293	0	0	0
0.0256233	0	0	0
0.0256929	0	0	0
0.0257162	0	0	0
0.0258706	0	0	0
0.0258892	0	0	0
0.0259689	0	0	0
0.0260961	0	0	0
0.0261381	0	0	0
0.0262679	0	0	0
0.0263216	0	0	0
0.0265377	0	0	0
0.026546	0	0	0
0.0265484	0	0	0
0.0265525	0	0	0
0.0265587	0	0	0
0.0265866	0	0	0
0.0266455	0	0	0
0.0266701	0	0	0
0.0266851	0	0	0
0.0267097	0	0	0
0.026785	0	0	0
0.0268528	0	0	0
0.0268769	0	0	0
0.0269127	0	0	0
0.0269544	0	0	0
0.0274025	0	0	0
0.0274968	0	0	0
0.0275009	0	0	0
0.0275848	0	0	0
0.0276852	0	0	0
0.0277243	0	0	0
0.02787	0	0	0
0.027886	0	0	0
0.0279074	0	0	0
0.0279108	0	0	0
0.0279261	0	0	0
0.0279415	0	0	0
0.0279439	0	0	0
0.0279888	0	0	0
0.0280013	0	0	0
0.0280262	0	0	0
0.0280309	0	0	0
0.0280968	0	0	0
0.0281047	0	0	0
0.0281573	0	0	0
0.0281613	0	0	0
0.0281833	0	0	0
0.0282251	0	0	0
0.0282258	0	0	0
0.0282901	0	0	0
0.0283414	0	0	0
0.028429	0	0	0
0.0284901	0	0	0
0.0286537	0	0	0
0.0286671	0	0	0
0.0287029	0	0	0
0.0287416	0	0	0
0.0288123	0	0	0
0.0288312	0	0	0
0.0288313	0	0	0
0.0289151	0	0	0
0.028979	0	0	0
0.0290093	0	0	0
0.0290434	0	0	0
0.0290762	0	0	0
0.0290807	0	0	0
0.0291094	0	0	0
0.0291165	0	0	0
0.0291984	0	0	0
0.0292114	0	0	0
0.0292171	0	0	0
0.0292959	0	0	0
0.029477	0	0	0
0.0296491	0	0	0
0.0296672	0	0	0
0.030259	0	0	0
0.0302847	0	0	0
0.0303718	0	0	0
0.0304137	0	0	0
0.0305011	0	0	0
0.0305421	0	0	0
0.0306518	0	0	0
0.0307344	0	0	0
0.0308003	0	0	0
0.0311318	0	0	0
0.0317071	0	0	0
0.0317295	0	0	0
0.0317491	0	0	0
0.0317762	0	0	0
0.0318012	0	0	0
0.0319118	0	0	0
0.0322851	0	0	0
0.0329076	0	0	0
0.0347053	0	0	0
0.0348201	0	0	0
0.035004	0	0	0
0.0397197	0	0	0
0.0397538	0	0.165017	0
0.0415363	0.0825083	0.0825083	0
0.0458012	0.165017	0	0
0.0772041	0.165017	0	0
0.078741	0.206271	0.0825083	0
0.0851641	0.288779	0	0
0.0866294	0.288779	0.0825083	0
0.0909017	0.371287	0	0
0.0920241	0.412541	0.0825083	0
0.0926551	0.412541	0.247525	0
0.0929681	0.49505	0.165017	0
0.0973664	0.577558	0.0825083	0
0.101073	0.660066	0	0
0.101729	0.660066	0	0.512821
0.101756	0.660066	0	0.512821
0.101799	0.660066	0	0.512821
0.102041	0.660066	0	0.512821
0.102291	0.660066	0	0.512821
0.102447	0.660066	0.0825083	0.512821
0.10245	0.660066	0.0825083	0.512821
0.102608	0.660066	0.0825083	0.512821
0.102702	0.660066	0.0825083	0.512821
0.102712	0.742574	0	0.512821
0.102776	0.742574	0	0.512821
0.10298	0.742574	0	0.512821
0.102993	0.742574	0	0.512821
0.1032	0.742574	0	0.512821
0.103205	0.742574	0	0.512821
0.103296	0.742574	0	0.512821
0.103334	0.742574	0	0.512821
0.103395	0.742574	0	0.512821
0.103472	0.742574	0	0.512821
0.103504	0.742574	0	0.512821
0.103795	0.742574	0	0.512821
0.10391	0.742574	0	0.512821
0.10402	0.742574	0	0.512821
0.104115	0.742574	0	0.512821
0.104185	0.742574	0	0.512821
0.104321	0.742574	0	0.512821
0.104334	0.742574	0	0.512821
0.105619	0.742574	0	0.512821
0.105724	0.742574	0	0.512821
0.105859	0.742574	0	0.512821
0.105916	0.742574	0	0.512821
0.106101	0.742574	0	0.512821
0.106215	0.742574	0	0.512821
0.106273	0.742574	0	0.512821
0.106299	0.742574	0	0.512821
0.106487	0.742574	0	0.512821
0.106782	0.742574	0	0.512821
0.106894	0.742574	0	0.512821
0.106979	0.742574	0	0.512821
0.107028	0.742574	0	0.512821
0.107032	0.742574	0	0.512821
0.107075	0.742574	0	0.512821
0.10709	0.742574	0	0.512821
0.107129	0.742574	0	0.512821
0.107232	0.742574	0	0.512821
0.10725	0.742574	0	0.512821
0.107297	0.742574	0	0.512821
0.107337	0.742574	0	0.512821
0.107347	0.742574	0	0.512821
0.107475	0.742574	0	0.512821
0.107503	0.742574	0	0.512821
0.107508	0.742574	0	0.512821
0.107515	0.742574	0	0.512821
0.107525	0.742574	0	0.512821
0.10753	0.742574	0	0.512821
0.107542	0.742574	0	0.512821
0.107585	0.742574	0	0.512821
0.107615	0.742574	0	0.512821
0.10762	0.742574	0	0.512821
0.107659	0.742574	0	0.512821
0.107703	0.742574	0	0.512821
0.107719	0.742574	0	0.512821
0.107752	0.742574	0	0.512821
0.107761	0.742574	0	0.512821
0.107779	0.742574	0	0.512821
0.107801	0.742574	0	0.512821
0.107828	0.742574	0	0.512821
0.107866	0.742574	0	0.512821
0.107881	0.742574	0	0.512821
0.107883	0.742574	0	0.512821
0.107919	0.742574	0	0.512821
0.107937	0.742574	0	0.512821
0.107975	0.742574	0	0.512821
0.107979	0.742574	0	0.512821
0.108031	0.742574	0	0.512821
0.10811	0.742574	0	0.512821
0.108113	0.742574	0	0.512821
0.108189	0.742574	0	0.512821
0.108222	0.742574	0	0.512821
0.108251	0.742574	0	0.512821
0.108394	0.742574	0	0.512821
0.108476	0.742574	0	0.512821
0.108494	0.742574	0	0.512821
0.108497	0.742574	0	0.512821
0.10851	0.742574	0	0.512821
0.108517	0.742574	0	0.512821
0.108528	0.742574	0	0.512821
0.108545	0.742574	0	0.512821
0.10856	0.742574	0	0.512821
0.108562	0.742574	0	0.512821
0.108617	0.742574	0	0.512821
0.108632	0.742574	0	0.512821
0.108639	0.742574	0	0.512821
0.108649	0.742574	0	0.512821
0.108675	0.742574	0	0.512821
0.108696	0.742574	0	0.512821
0.108718	0.742574	0	0.512821
0.108749	0.742574	0	0.512821
0.108801	0.742574	0	0.512821
0.108823	0.742574	0	0.512821
0.10888	0.742574	0	0.512821
0.10897	0.742574	0	0.512821
0.109031	0.742574	0	0.512821
0.109122	0.742574	0	0.512821
0.109136	0.742574	0	0.512821
0.109145	0.742574	0	0.512821
0.109156	0.742574	0	0.512821
0.10916	0.742574	0	0.512821
0.109195	0.742574	0	0.512821
0.109202	0.742574	0	0.512821
0.109228	0.742574	0	0.512821
0.109238	0.742574	0	0.512821
0.109252	0.742574	0	0.512821
0.109273	0.742574	0	0.512821
0.109279	0.742574	0	0.512821
0.10928	0.742574	0	0.512821
0.109301	0.742574	0	0.512821
0.10932	0.742574	0	0.512821
0.109337	0.742574	0	0.512821
0.109358	0.742574	0	0.512821
0.109494	0.742574	0	0.512821
0.109587	0.742574	0	0.512821
0.109613	0.742574	0	0.512821
0.109664	0.742574	0	0.512821
0.10969	0.742574	0	1.02564
0.109707	0.742574	0	1.02564
0.109792	0.742574	0	1.02564
0.109885	0.742574	0	1.02564
0.109918	0.742574	0	1.02564
0.11006	0.742574	0	1.02564
0.110142	0.742574	0	1.02564
0.110152	0.742574	0	1.02564
0.110162	0.742574	0	1.02564
0.110251	0.742574	0	1.02564
0.110314	0.742574	0	1.02564
0.110335	0.742574	0	1.02564
0.11036	0.742574	0	1.02564
0.110376	0.742574	0	1.02564
0.110382	0.742574	0	1.02564
0.110423	0.742574	0	1.02564
0.110426	0.742574	0	1.02564
0.110446	0.742574	0	1.02564
0.11048	0.742574	0	1.02564
0.110529	0.742574	0	1.02564
0.110542	0.742574	0	1.02564
0.110544	0.742574	0	1.02564
0.110545	0.742574	0	1.02564
0.110549	0.742574	0	1.02564
0.11064	0.742574	0	1.02564
0.110685	0.742574	0	1.02564
0.1107	0.742574	0	1.02564
0.110771	0.742574	0	1.02564
0.110772	0.742574	0	1.02564
0.110775	0.742574	0	1.02564
0.110839	0.742574	0	1.02564
0.11086	0.742574	0	1.02564
0.110896	0.742574	0	1.02564
0.11093	0.742574	0	1.02564
0.110949	0.742574	0	1.02564
0.110959	0.742574	0	1.02564
0.110971	0.742574	0	1.02564
0.111012	0.742574	0	1.02564
0.11104	0.742574	0	1.02564
0.111098	0.742574	0	1.02564
0.111138	0.742574	0	1.02564
0.111165	0.742574	0	1.02564
0.11118	0.742574	0	1.02564
0.111196	0.742574	0	1.02564
0.111205	0.742574	0	1.02564
0.111236	0.742574	0	1.02564
0.111273	0.742574	0	1.02564
0.111306	0.742574	0	1.02564
0.111322	0.742574	0	1.02564
0.111344	0.742574	0	1.02564
0.111375	0.742574	0	1.02564
0.111391	0.742574	0	1.02564
0.111425	0.742574	0	1.02564
0.111433	0.742574	0	1.02564
0.111437	0.742574	0	1.02564
0.111444	0.742574	0	1.02564
0.111451	0.742574	0	1.02564
0.111453	0.742574	0	1.02564
0.111498	0.742574	0	1.02564
0.111543	0.742574	0	1.02564
0.111549	0.742574	0	1.02564
0.111585	0.742574	0	1.02564
0.111609	0.742574	0	1.02564
0.11172	0.742574	0	1.02564
0.111783	0.742574	0	1.02564
0.111804	0.742574	0	1.02564
0.111854	0.742574	0	1.02564
0.11187	0.742574	0	1.02564
0.111886	0.742574	0	1.02564
0.11196	0.742574	0	1.02564
0.111995	0.742574	0	1.02564
0.11201	0.742574	0	1.02564
0.112019	0.742574	0	1.02564
0.112048	0.742574	0	1.02564
0.112097	0.742574	0	1.02564
0.112198	0.742574	0	1.02564
0.112233	0.742574	0	1.02564
0.112257	0.742574	0	1.02564
0.112276	0.742574	0	1.02564
0.112304	0.742574	0	1.02564
0.11233	0.742574	0	1.02564
0.1124	0.742574	0	1.02564
0.11241	0.742574	0	1.02564
0.112411	0.742574	0	1.02564
0.112426	0.742574	0	1.02564
0.112431	0.742574	0	1.02564
0.112485	0.742574	0	1.02564
0.112605	0.742574	0	1.02564
0.112605	0.742574	0	1.02564
0.112617	0.742574	0	1.02564
0.112634	0.742574	0	1.02564
0.1127	0.742574	0	1.02564
0.112725	0.742574	0	1.02564
0.112781	0.742574	0	1.02564
0.112811	0.742574	0	1.02564
0.112861	0.742574	0	1.02564
0.112867	0.742574	0	1.02564
0.112877	0.742574	0	1.02564
0.112946	0.742574	0	1.02564
0.112954	0.742574	0	1.02564
0.112992	0.742574	0	1.02564
0.11301	0.742574	0	1.02564
0.113018	0.742574	0	1.02564
0.113064	0.742574	0	1.02564
0.113093	0.742574	0	1.02564
0.113124	0.742574	0	1.02564
0.113141	0.742574	0	1.02564
0.113164	0.742574	0	1.02564
0.113195	0.742574	0	1.02564
0.113292	0.742574	0	1.02564
0.113328	0.742574	0	1.02564
0.113374	0.742574	0	1.02564
0.113394	0.742574	0	1.02564
0.113413	0.742574	0	1.02564
0.113448	0.742574	0	1.02564
0.113544	0.742574	0	1.02564
0.113571	0.742574	0	1.02564
0.113582	0.742574	0	1.02564
0.113584	0.742574	0	1.02564
0.113585	0.742574	0	1.02564
0.113646	0.742574	0	1.02564
0.113664	0.742574	0	1.02564
0.113688	0.742574	0	1.02564
0.113693	0.742574	0	1.02564
0.113698	0.742574	0	1.02564
0.113726	0.742574	0	1.02564
0.113737	0.742574	0	1.02564
0.113745	0.742574	0	1.02564
0.113778	0.742574	0	1.02564
0.113811	0.742574	0	1.02564
0.113838	0.742574	0	1.02564
0.113902	0.742574	0	1.02564
0.113949	0.742574	0	1.02564
0.113953	0.742574	0	1.02564
0.113966	0.742574	0	1.02564
0.114019	0.742574	0	1.02564
0.114022	0.742574	0	1.02564
0.11406	0.742574	0	1.02564
0.114133	0.742574	0	1.02564
0.114218	0.742574	0.165017	1.02564
0.114297	0.742574	0.165017	1.02564
0.11436	0.742574	0.330033	1.02564
0.114418	0.742574	0.330033	1.02564
0.114475	0.742574	0.330033	1.02564
0.114515	0.742574	0.330033	1.02564
0.114518	0.742574	0.330033	1.02564
0.114576	0.742574	0.330033	1.02564
0.114616	0.742574	0.330033	1.02564
0.114762	0.742574	0.330033	1.02564
0.114803	0.825082	0.247525	1.02564
0.114825	0.825082	0.247525	1.02564
0.114938	0.825082	0.247525	1.02564
0.114993	0.825082	0.247525	1.02564
0.115103	0.825082	0.247525	1.02564
0.115121	0.825082	0.247525	1.02564
0.115137	0.825082	0.247525	1.02564
0.115169	0.825082	0.247525	1.02564
0.115173	0.825082	0.247525	1.02564
0.115215	0.825082	0.247525	1.02564
0.115286	0.907591	0.165017	1.02564
0.115406	0.907591	0.165017	1.02564
0.115435	0.907591	0.165017	1.02564
0.11545	0.907591	0.165017	1.02564
0.115494	0.907591	0.165017	1.02564
0.115532	0.907591	0.165017	1.02564
0.115625	0.907591	0.165017	1.02564
0.115666	0.907591	0.165017	1.02564
0.115685	0.907591	0.165017	1.02564
0.115741	0.907591	0.165017	1.02564
0.115815	0.907591	0.165017	1.02564
0.115931	0.907591	0.165017	1.02564
0.115939	0.907591	0.165017	1.02564
0.116005	0.907591	0.165017	1.02564
0.116013	0.907591	0.165017	1.02564
0.116054	0.907591	0.165017	1.02564
0.116198	0.907591	0.165017	1.02564
0.116245	0.907591	0.165017	1.02564
0.116352	0.907591	0.165017	1.02564
0.116466	0.907591	0.165017	1.02564
0.116566	0.907591	0.165017	1.02564
0.116593	0.907591	0.165017	1.02564
0.116792	0.907591	0.165017	1.02564
0.116793	0.990099	0.0825083	1.02564
0.116897	0.990099	0.0825083	1.02564
0.117159	0.990099	0.0825083	1.02564
0.117209	0.990099	0.0825083	1.02564
0.11777	0.990099	0.0825083	1.02564
0.117846	0.990099	0.0825083	1.02564
0.118023	0.990099	0.0825083	1.02564
0.118053	0.990099	0.0825083	1.02564
0.118676	1.07261	0	1.02564
0.118724	1.07261	0	1.02564
0.119086	1.07261	0	1.02564
0.121258	1.07261	0	1.02564
0.133851	1.07261	0	1.02564
0.139168	1.07261	0	1.53846
0.141171	1.07261	0.0825083	1.53846
0.160611	1.15512	0	1.53846
0.167317	1.15512	0	1.53846
0.169847	1.15512	0	1.53846
0.172194	1.19637	0.0825083	1.53846
0.191298	1.27888	0	1.53846
0.191536	1.27888	0.165017	1.53846
0.191695	1.36139	0.0825083	1.53846
0.193435	1.44389	0	1.53846
0.196442	1.48515	0.0825083	1.53846
0.196833	1.56766	0	1.53846
0.221973	1.56766	0	1.53846
0.22359	1.60891	0.0825083	1.53846
0.225643	1.69142	0	1.53846
0.226376	1.69142	0	1.53846
0.22725	1.69142	0	1.53846
0.22752	1.69142	0	1.53846
0.250809	1.69142	0	1.53846
0.254988	1.73267	0.0825083	1.53846
0.283865	1.81518	0	1.53846
0.320667	1.81518	0	1.53846
0.331187	1.81518	0	2.05128
0.332242	1.81518	0.0825083	2.05128
0.334883	1.89769	0	2.05128
0.336114	1.93894	0.0825083	2.05128
0.33623	1.93894	0.165017	2.05128
0.337643	2.02145	0.0825083	2.05128
0.342826	2.02145	0.0825083	2.5641
0.342922	2.10396	0	2.5641
0.343982	2.10396	0	2.5641
0.344589	2.14521	0.0825083	2.5641
0.356372	2.22772	0	2.5641
0.362815	2.22772	0	2.5641
0.372219	2.22772	0	3.07692
0.373357	2.22772	0.165017	3.07692
0.37536	2.31023	0.0825083	3.07692
0.376132	2.31023	0.0825083	3.07692
0.379937	2.39274	0	3.07692
0.380764	2.43399	0.0825083	3.07692
0.38871	2.5165	0	3.07692
0.389014	2.5165	0.165017	3.07692
0.390646	2.59901	0.0825083	3.07692
0.397495	2.68152	0	3.07692
0.397508	2.72277	0.0825083	3.07692
0.400882	2.80528	0	3.07692
0.404441	2.80528	0	3.58974
0.404965	2.80528	0.0825083	3.58974
0.42431	2.88779	0	3.58974
0.428313	2.92904	0.0825083	3.58974
0.429333	3.01155	0	3.58974
0.429536	3.01155	0.165017	3.58974
0.431854	3.09406	0.0825083	3.58974
0.435158	3.09406	0.0825083	3.58974
0.437447	3.17657	0	3.58974
0.43758	3.17657	0.0825083	3.58974
0.456196	3.25908	0	3.58974
0.456576	3.25908	0.0825083	3.58974
0.456839	3.34158	0	3.58974
0.465887	3.34158	0.0825083	3.58974
0.467452	3.34158	0.0825083	4.10256
0.482802	3.42409	0	4.10256
0.487876	3.46535	0.0825083	4.10256
0.48918	3.5066	0.165017	4.10256
0.490999	3.58911	0.0825083	4.10256
0.496246	3.67162	0	4.10256
0.496655	3.67162	0.165017	4.10256
0.497202	3.75413	0.0825083	4.10256
0.497299	3.75413	0.165017	4.10256
0.497539	3.83663	0.0825083	4.10256
0.501765	3.91914	0	4.10256
0.503275	3.91914	0.165017	4.10256
0.504156	4.00165	0.0825083	4.10256
0.521706	4.08416	0	4.10256
0.553855	4.08416	0	4.61538
0.555802	4.08416	0	5.12821
0.555992	4.12541	0.0825083	5.12821
0.582437	4.20792	0	5.12821
0.58398	4.20792	0	5.64103
0.588023	4.20792	0	6.15385
0.594234	4.20792	0	6.15385
0.622301	4.20792	0	6.15385
0.642186	4.20792	0	6.66667
0.646616	4.20792	0	7.17949
0.668661	4.20792	0	7.69231
0.672373	4.20792	0.0825083	7.69231
0.673023	4.20792	0.165017	7.69231
0.673025	4.29043	0.0825083	7.69231
0.681639	4.37294	0	7.69231
0.686484	4.41419	0.0825083	7.69231
0.687531	4.41419	0.0825083	8.20513
0.691189	4.4967	0	8.20513
0.691773	4.4967	0.165017	8.20513
0.692772	4.57921	0.0825083	8.20513
0.70031	4.66172	0	8.20513
0.700678	4.70297	0.0825083	8.20513
0.707049	4.78548	0	8.20513
0.714796	4.78548	0	8.71795
0.715375	4.82673	0.0825083	8.71795
0.723486	4.90924	0	8.71795
0.724855	4.90924	0.0825083	8.71795
0.732168	4.99175	0	8.71795
0.733162	4.99175	0	8.71795
0.73465	5.033	0.0825083	8.71795
0.734818	5.11551	0	8.71795
0.735926	5.15677	0.0825083	8.71795
0.736363	5.15677	0.247525	8.71795
0.73762	5.23927	0.165017	8.71795
0.743087	5.32178	0.0825083	8.71795
0.750553	5.40429	0	8.71795
0.751149	5.44554	0.0825083	8.71795
0.755732	5.44554	0.0825083	9.23077
0.756763	5.52805	0	9.23077
0.757879	5.56931	0.0825083	9.23077
0.766524	5.65182	0	9.23077
0.767073	5.69307	0.0825083	9.23077
0.778442	5.77558	0	9.23077
0.782089	5.81683	0.0825083	9.23077
0.789093	5.89934	0	9.23077
0.789342	5.89934	0	9.23077
0.795995	5.89934	0	9.74359
0.807101	5.94059	0.0825083	9.74359
0.807674	5.94059	0.247525	9.74359
0.807832	6.0231	0.165017	9.74359
0.809579	6.10561	0.0825083	9.74359
0.834114	6.18812	0	9.74359
0.843719	6.18812	0	9.74359
0.844807	6.22937	0.0825083	9.74359
0.855973	6.31188	0	9.74359
0.860451	6.31188	0	9.74359
0.861933	6.31188	0.165017	9.74359
0.869161	6.39439	0.0825083	9.74359
0.870078	6.39439	0.0825083	9.74359
0.880214	6.4769	0	9.74359
0.883598	6.51815	0.0825083	9.74359
0.883758	6.51815	0.0825083	9.74359
0.898058	6.60066	0	9.74359
0.902174	6.64191	0.0825083	9.74359
0.902496	6.72442	0	9.74359
0.904008	6.76568	0.0825083	9.74359
0.905416	6.76568	0.247525	9.74359
0.90558	6.84818	0.165017	9.74359
0.915039	6.93069	0.0825083	9.74359
0.915755	6.93069	0.247525	9.74359
0.915782	7.0132	0.165017	9.74359
0.918755	7.09571	0.0825083	9.74359
0.935942	7.17822	0	9.74359
0.936596	7.21947	0.0825083	9.74359
0.94547	7.30198	0	9.74359
0.945541	7.34323	0.0825083	9.74359
0.95927	7.42574	0	9.74359
0.963024	7.42574	0	10.2564
0.964324	7.467	0.0825083	10.2564
1.03488	7.5495	0	10.2564
1.0359	7.59076	0.0825083	10.2564
1.04434	7.67327	0	10.2564
1.05341	7.67327	0	10.2564
1.06451	7.67327	0	10.7692
1.06546	7.67327	0.165017	10.7692
1.0657	7.75578	0.0825083	10.7692
1.06705	7.83828	0	10.7692
1.07206	7.83828	0	11.2821
1.07712	7.83828	0	11.7949
1.07759	7.87954	0.0825083	11.7949
1.07916	7.96205	0	11.7949
1.07929	7.96205	0.165017	11.7949
1.08308	8.04455	0.0825083	11.7949
1.08485	8.04455	0.0825083	12.3077
1.09778	8.12706	0	12.3077
1.12323	8.12706	0	12.8205
1.12567	8.16832	0.0825083	12.8205
1.12601	8.16832	0.0825083	13.3333
1.13049	8.25082	0	13.3333
1.13099	8.25082	0.0825083	13.3333
1.13122	8.33333	0	13.3333
1.1425	8.33333	0	13.3333
1.17133	8.33333	0	13.8462
1.17276	8.33333	0.165017	13.8462
1.17307	8.41584	0.0825083	13.8462
1.20717	8.49835	0	13.8462
1.20982	8.5396	0.0825083	13.8462
1.22692	8.62211	0	13.8462
1.22704	8.62211	0.165017	13.8462
1.22924	8.70462	0.0825083	13.8462
1.24168	8.78713	0	13.8462
1.24461	8.82838	0.0825083	13.8462
1.25749	8.91089	0	13.8462
1.2704	8.91089	0	14.359
1.2716	8.95215	0.0825083	14.359
1.28972	9.03465	0	14.359
1.29067	9.03465	0.165017	14.359
1.29201	9.11716	0.0825083	14.359
1.29227	9.15842	0.165017	14.359
1.29348	9.24092	0.0825083	14.359
1.29994	9.32343	0	14.359
1.30916	9.32343	0	14.8718
1.30997	9.32343	0.165017	14.8718
1.3172	9.40594	0.0825083	14.8718
1.32059	9.48845	0	14.8718
1.33198	9.48845	0	14.8718
1.36025	9.48845	0	14.8718
1.3603	9.48845	0.165017	14.8718
1.3622	9.57096	0.0825083	14.8718
1.36377	9.65347	0	14.8718
1.36409	9.69472	0.0825083	14.8718
1.37188	9.77723	0	14.8718
1.38133	9.81848	0.0825083	14.8718
1.38404	9.90099	0	14.8718
1.38579	9.94224	0.0825083	14.8718
1.41203	10.0248	0	14.8718
1.41211	10.066	0.0825083	14.8718
1.41687	10.1485	0	14.8718
1.42724	10.1485	0	15.3846
1.43413	10.1898	0.0825083	15.3846
1.45301	10.2723	0	15.3846
1.45354	10.3135	0.0825083	15.3846
1.45401	10.3548	0.165017	15.3846
1.45441	10.4373	0.0825083	15.3846
1.45551	10.5198	0	15.3846
1.4558	10.5611	0.0825083	15.3846
1.47275	10.6436	0	15.3846
1.4754	10.6436	0	15.8974
1.48667	10.6436	0	15.8974
1.49049	10.6436	0	16.4103
1.49118	10.6848	0.0825083	16.4103
1.49339	10.7673	0	16.4103
1.49519	10.7673	0.165017	16.4103
1.49555	10.8498	0.0825083	16.4103
1.496	10.9323	0	16.4103
1.50602	10.9323	0	16.4103
1.50663	10.9736	0.0825083	16.4103
1.52362	11.0561	0	16.4103
1.52687	11.0561	0.0825083	16.4103
1.53623	11.1386	0	16.4103
1.53647	11.1386	0.165017	16.4103
1.54056	11.2211	0.0825083	16.4103
1.56494	11.3036	0	16.4103
1.56582	11.3449	0.0825083	16.4103
1.5722	11.4274	0	16.4103
1.58505	11.4274	0	16.9231
1.58783	11.4686	0.0825083	16.9231
1.59494	11.5512	0	16.9231
1.59914	11.5924	0.0825083	16.9231
1.6062	11.6749	0	16.9231
1.60645	11.7162	0.0825083	16.9231
1.61576	11.7987	0	16.9231
1.61597	11.7987	0.0825083	16.9231
1.64116	11.8812	0	16.9231
1.64665	11.8812	0	17.9487
1.6476	11.9224	0.0825083	17.9487
1.64917	12.005	0	17.9487
1.65873	12.005	0	18.4615
1.66955	12.005	0	19.4872
1.67466	12.0462	0.0825083	19.4872
1.7021	12.1287	0	19.4872
1.70329	12.1287	0.165017	19.4872
1.70337	12.17	0.247525	19.4872
1.70358	12.2525	0.165017	19.4872
1.70397	12.335	0.0825083	19.4872
1.71691	12.4175	0	19.4872
1.72258	12.4175	0	20
1.72507	12.4175	0.0825083	20
1.74948	12.5	0	20
1.75258	12.5	0.0825083	20
1.76559	12.5825	0	20
1.76576	12.6238	0.0825083	20
1.77593	12.7063	0	20
1.77688	12.7063	0.0825083	20
1.77854	12.7888	0	20
1.7822	12.7888	0	20.5128
1.78251	12.83	0.0825083	20.5128
1.78507	12.9125	0	20.5128
1.78641	12.9125	0	21.0256
1.7867	12.9538	0.0825083	21.0256
1.7938	13.0363	0	21.0256
1.79399	13.0776	0.0825083	21.0256
1.80237	13.1601	0	21.0256
1.83728	13.1601	0	21.0256
1.8375	13.1601	0.0825083	21.0256
1.8386	13.2426	0	21.0256
1.83996	13.2838	0.0825083	21.0256
1.84237	13.3663	0	21.0256
1.86153	13.3663	0	21.0256
1.87575	13.3663	0	21.5385
1.87768	13.3663	0.165017	21.5385
1.8806	13.4488	0.0825083	21.5385
1.88471	13.5314	0	21.5385
1.88538	13.5314	0	22.0513
1.88542	13.5314	0.165017	22.0513
1.88636	13.6139	0.0825083	22.0513
1.88937	13.6139	0.0825083	22.0513
1.88974	13.6551	0.165017	22.0513
1.89037	13.7376	0.0825083	22.0513
1.94677	13.8201	0	22.0513
1.94706	13.8201	0.165017	22.0513
1.94779	13.9026	0.0825083	22.0513
1.95275	13.9851	0	22.0513
1.95391	14.0264	0.0825083	22.0513
1.95805	14.1089	0	22.0513
1.95843	14.1089	0.165017	22.0513
1.96044	14.1914	0.0825083	22.0513
1.96204	14.2739	0	22.0513
1.96858	14.2739	0.0825083	22.0513
1.97213	14.3564	0	22.0513
1.97839	14.3564	0	22.5641
1.9815	14.3977	0.0825083	22.5641
1.98984	14.4802	0	22.5641
1.99295	14.5215	0.0825083	22.5641
2.01471	14.604	0	22.5641
2.01513	14.604	0.165017	22.5641
2.01549	14.6865	0.0825083	22.5641
2.02967	14.769	0	22.5641
2.03004	14.8102	0.0825083	22.5641
2.03152	14.8515	0.165017	22.5641
2.03277	14.934	0.0825083	22.5641
2.09139	15.0165	0	22.5641
2.09242	15.0165	0.165017	22.5641
2.09324	15.099	0.0825083	22.5641
2.09411	15.099	0.247525	22.5641
2.09446	15.1815	0.165017	22.5641
2.10043	15.264	0.0825083	22.5641
2.19523	15.3465	0	22.5641
2.19644	15.3878	0.0825083	22.5641
2.20131	15.4703	0	22.5641
2.20148	15.4703	0.0825083	22.5641
2.21916	15.5528	0	22.5641
2.21939	15.5528	0.0825083	22.5641
2.23809	15.6353	0	22.5641
2.25071	15.6353	0	23.0769
2.28673	15.6353	0	23.5897
2.28751	15.6766	0.0825083	23.5897
2.28867	15.7591	0	23.5897
2.28912	15.7591	0.165017	23.5897
2.28925	15.7591	0.165017	24.1026
2.28926	15.8416	0.0825083	24.1026
2.36986	15.9241	0	24.1026
2.37033	15.9653	0.0825083	24.1026
2.37065	15.9653	0.247525	24.1026
2.37179	16.0479	0.165017	24.1026
2.3719	16.1304	0.0825083	24.1026
2.37392	16.1716	0.165017	24.1026
2.37738	16.2541	0.0825083	24.1026
2.39476	16.3366	0	24.1026
2.40554	16.3366	0	24.1026
2.40755	16.3779	0.0825083	24.1026
2.42391	16.4604	0	24.1026
2.45004	16.4604	0	24.6154
2.45115	16.5016	0.0825083	24.6154
2.45466	16.5842	0	24.6154
2.52664	16.5842	0	25.1282
2.53003	16.5842	0.165017	25.1282
2.533	16.6667	0.0825083	25.1282
2.57356	16.7492	0	25.1282
2.57613	16.7904	0.0825083	25.1282
2.57721	16.8729	0	25.1282
2.57898	16.9142	0.0825083	25.1282
2.57945	16.9142	0.165017	25.1282
2.5807	16.9142	0.165017	25.1282
2.58336	16.9967	0.0825083	25.1282
2.59626	17.0792	0	25.1282
2.59761	17.0792	0.0825083	25.1282
2.64565	17.1617	0	25.1282
2.64683	17.203	0.0825083	25.1282
2.66622	17.2855	0	25.1282
2.67431	17.2855	0	25.641
2.67492	17.3267	0.0825083	25.641
2.68193	17.4092	0	25.641
2.68202	17.4092	0.165017	25.641
2.68473	17.4917	0.0825083	25.641
2.68554	17.5743	0	25.641
2.72896	17.5743	0	25.641
2.73109	17.6155	0.0825083	25.641
2.79185	17.698	0	25.641
2.8098	17.698	0	25.641
2.81986	17.698	0	26.1538
2.81992	17.7393	0.0825083	26.1538
2.84131	17.8218	0	26.1538
2.8484	17.863	0.0825083	26.1538
2.8671	17.9455	0	26.1538
2.868	17.9455	0	26.6667
2.86827	17.9868	0.0825083	26.6667
2.87768	18.0693	0	26.6667
2.88089	18.0693	0.0825083	26.6667
2.89794	18.1518	0	26.6667
2.89897	18.1518	0.165017	26.6667
2.90147	18.2343	0.0825083	26.6667
2.92233	18.3168	0	26.6667
2.9291	18.3168	0	27.1795
2.93086	18.3168	0.0825083	27.1795
2.93137	18.3168	0.0825083	27.1795
2.93255	18.3168	0.0825083	27.1795
2.93331	18.3168	0.0825083	27.6923
2.95447	18.3993	0	27.6923
2.95614	18.3993	0.0825083	27.6923
2.96126	18.4818	0	27.6923
2.96233	18.5231	0.0825083	27.6923
2.96508	18.6056	0	27.6923
2.97032	18.6469	0.0825083	27.6923
2.9763	18.7294	0	27.6923
2.97879	18.7294	0.0825083	27.6923
2.99984	18.8119	0	27.6923
2.99991	18.8119	0.0825083	27.6923
3.00981	18.8944	0	27.6923
3.01252	18.8944	0.0825083	27.6923
3.03176	18.9769	0	27.6923
3.03884	18.9769	0	27.6923
3.04239	19.0182	0.0825083	27.6923
3.05087	19.1007	0	27.6923
3.05094	19.1007	0.165017	27.6923
3.05264	19.1832	0.0825083	27.6923
3.06334	19.2657	0	27.6923
3.06444	19.3069	0.0825083	27.6923
3.09579	19.3894	0	27.6923
3.09655	19.4307	0.0825083	27.6923
3.09945	19.5132	0	27.6923
3.09974	19.5132	0	28.7179
3.10091	19.5545	0.0825083	28.7179
3.10254	19.637	0	28.7179
3.11038	19.6782	0.0825083	28.7179
3.1244	19.7607	0	28.7179
3.12492	19.7607	0.165017	28.7179
3.12869	19.8432	0.0825083	28.7179
3.13976	19.9257	0	28.7179
3.144	19.967	0.0825083	28.7179
3.16548	20.0495	0	28.7179
3.16628	20.0908	0.0825083	28.7179
3.17361	20.1733	0	28.7179
3.17634	20.2145	0.0825083	28.7179
3.19043	20.297	0	28.7179
3.19075	20.3383	0.0825083	28.7179
3.19305	20.4208	0	28.7179
3.19598	20.462	0.0825083	28.7179
3.21531	20.5446	0	28.7179
3.22343	20.5858	0.0825083	28.7179
3.24288	20.6683	0	28.7179
3.25202	20.6683	0	29.2308
3.25307	20.7096	0.0825083	29.2308
3.25627	20.7921	0	29.2308
3.25736	20.8333	0.0825083	29.2308
3.26475	20.9158	0	29.2308
3.26822	20.9571	0.0825083	29.2308
3.27118	21.0396	0	29.2308
3.30552	21.0396	0	29.7436
3.31013	21.0809	0.0825083	29.7436
3.31553	21.1634	0	29.7436
3.31577	21.2046	0.0825083	29.7436
3.31791	21.2459	0.165017	29.7436
3.3202	21.3284	0.0825083	29.7436
3.33065	21.4109	0	29.7436
3.33799	21.4109	0	30.7692
3.34508	21.4109	0	31.2821
3.34953	21.4521	0.0825083	31.2821
3.3773	21.5347	0	31.2821
3.37735	21.5347	0.165017	31.2821
3.38133	21.6172	0.0825083	31.2821
3.38143	21.6997	0	31.2821
3.38296	21.6997	0.0825083	31.2821
3.38603	21.7822	0	31.2821
3.39105	21.8234	0.0825083	31.2821
3.41525	21.9059	0	31.2821
3.41772	21.9472	0.0825083	31.2821
3.43495	22.0297	0	31.2821
3.43847	22.0297	0.0825083	31.2821
3.45103	22.1122	0	31.2821
3.4533	22.1535	0.0825083	31.2821
3.45904	22.236	0	31.2821
3.46774	22.2772	0.0825083	31.2821
3.47502	22.3597	0	31.2821
3.4764	22.3597	0.0825083	31.2821
3.50447	22.4422	0	31.2821
3.50691	22.4422	0.165017	31.2821
3.50732	22.5248	0.0825083	31.2821
3.53277	22.6073	0	31.2821
3.5615	22.6073	0	31.7949
3.56261	22.6485	0.0825083	31.7949
3.57243	22.731	0	31.7949
3.5742	22.731	0.165017	31.7949
3.57466	22.8135	0.0825083	31.7949
3.57911	22.896	0	31.7949
3.57916	22.9373	0.0825083	31.7949
3.58116	23.0198	0	31.7949
3.59457	23.0198	0	32.3077
3.59576	23.0198	0	33.3333
3.59727	23.0198	0.165017	33.3333
3.59858	23.1023	0.0825083	33.3333
3.60998	23.1848	0	33.3333
3.61131	23.1848	0.165017	33.3333
3.61198	23.2673	0.0825083	33.3333
3.62024	23.3498	0	33.3333
3.62657	23.3911	0.0825083	33.3333
3.63068	23.4736	0	33.3333
3.65798	23.4736	0	33.8462
3.65902	23.4736	0.165017	33.8462
3.66115	23.5561	0.0825083	33.8462
3.67648	23.6386	0	33.8462
3.68055	23.6386	0	34.359
3.68376	23.6799	0.0825083	34.359
3.68387	23.7211	0.165017	34.359
3.68933	23.8036	0.0825083	34.359
3.72724	23.8861	0	34.359
3.7284	23.9274	0.0825083	34.359
3.74147	24.0099	0	34.359
3.7421	24.0512	0.0825083	34.359
3.76565	24.1337	0	34.359
3.76724	24.1337	0.0825083	34.359
3.78033	24.2162	0	34.359
3.78338	24.2162	0.165017	34.359
3.78429	24.2987	0.0825083	34.359
3.78484	24.3399	0.165017	34.359
3.78636	24.4224	0.0825083	34.359
3.7936	24.5049	0	34.359
3.79398	24.5462	0.0825083	34.359
3.80585	24.6287	0	34.359
3.80601	24.67	0.0825083	34.359
3.81007	24.7525	0	34.359
3.81242	24.7525	0.0825083	34.359
3.81257	24.7525	0.247525	34.359
3.81289	24.835	0.165017	34.359
3.81513	24.9175	0.0825083	34.359
3.81652	25	0	34.359
3.81827	25	0	35.3846
3.82173	25.0413	0.0825083	35.3846
3.85256	25.1238	0	35.3846
3.86069	25.1238	0.0825083	35.3846
3.86719	25.2063	0	35.3846
3.86818	25.2475	0.0825083	35.3846
3.91891	25.33	0	35.3846
3.91937	25.3713	0.0825083	35.3846
3.93236	25.4538	0	35.3846
4.01035	25.4538	0	35.8974
4.01227	25.4951	0.0825083	35.8974
4.01487	25.5776	0	35.8974
4.0156	25.5776	0.165017	35.8974
4.01587	25.6601	0.0825083	35.8974
4.01606	25.7426	0	35.8974
4.01634	25.7426	0.165017	35.8974
4.02077	25.8251	0.0825083	35.8974
4.02821	25.9076	0	35.8974
4.02898	25.9076	0.165017	35.8974
4.0314	25.9901	0.0825083	35.8974
4.03595	26.0726	0	35.8974
4.08572	26.0726	0	36.4103
4.0882	26.0726	0	36.4103
4.08889	26.1139	0.0825083	36.4103
4.11054	26.1964	0	36.4103
4.1182	26.1964	0	36.9231
4.14653	26.1964	0	37.4359
4.14661	26.1964	0.165017	37.4359
4.14996	26.2789	0.0825083	37.4359
4.16428	26.3614	0	37.4359
4.16738	26.4026	0.0825083	37.4359
4.23805	26.4851	0	37.4359
4.23831	26.5264	0.0825083	37.4359
4.24273	26.6089	0	37.4359
4.2446	26.6502	0.0825083	37.4359
4.25887	26.7327	0	37.4359
4.25936	26.7739	0.0825083	37.4359
4.26733	26.8564	0	37.4359
4.26844	26.8564	0.165017	37.4359
4.26872	26.9389	0.0825083	37.4359
4.27009	26.9389	0.165017	37.4359
4.27162	27.0215	0.0825083	37.4359
4.28216	27.104	0	37.4359
4.28324	27.104	0.165017	37.4359
4.2839	27.1865	0.0825083	37.4359
4.30179	27.269	0	37.4359
4.30441	27.269	0.165017	37.4359
4.30592	27.3515	0.0825083	37.4359
4.32667	27.434	0	37.4359
4.32736	27.4752	0.0825083	37.4359
4.33699	27.5578	0	37.4359
4.34684	27.5578	0	37.9487
4.34703	27.599	0.0825083	37.9487
4.35467	27.6815	0	37.9487
4.35749	27.6815	0	38.4615
4.35801	27.6815	0.165017	38.4615
4.35978	27.764	0.0825083	38.4615
4.36014	27.764	0.0825083	38.9744
4.37345	27.8465	0	38.9744
4.37608	27.8878	0.0825083	38.9744
4.39993	27.9703	0	38.9744
4.40039	27.9703	0.165017	38.9744
4.40104	28.0528	0.0825083	38.9744
4.40584	28.1353	0	38.9744
4.40699	28.1766	0.0825083	38.9744
4.42862	28.2591	0	38.9744
4.42948	28.2591	0.0825083	38.9744
4.4725	28.3416	0	38.9744
4.4742	28.3828	0.0825083	38.9744
4.48271	28.4653	0	38.9744
4.49381	28.4653	0	39.4872
4.50918	28.4653	0	40
4.5098	28.4653	0.165017	40
4.51038	28.4653	0.247525	40
4.51192	28.5479	0.165017	40
4.51662	28.6304	0.0825083	40
4.57156	28.7129	0	40
4.57331	28.7129	0.165017	40
4.57612	28.7954	0.0825083	40
4.58847	28.8779	0	40
4.60744	28.8779	0	40.5128
4.60766	28.8779	0.0825083	40.5128
4.62425	28.9604	0	40.5128
4.6307	28.9604	0	40.5128
4.63182	28.9604	0.165017	40.5128
4.63257	29.0016	0.247525	40.5128
4.63272	29.0842	0.165017	40.5128
4.6449	29.1667	0.0825083	40.5128
4.65853	29.2492	0	40.5128
4.69217	29.2492	0	41.0256
4.6984	29.2492	0	41.5385
4.69936	29.2904	0.0825083	41.5385
4.74281	29.3729	0	41.5385
4.74582	29.4142	0.0825083	41.5385
4.74628	29.4967	0	41.5385
4.74904	29.538	0.0825083	41.5385
4.75172	29.6205	0	41.5385
4.75244	29.6205	0.165017	41.5385
4.75311	29.703	0.0825083	41.5385
4.76257	29.7855	0	41.5385
4.76384	29.8267	0.0825083	41.5385
4.7721	29.9092	0	41.5385
4.78294	29.9092	0	42.0513
4.78382	29.9092	0.165017	42.0513
4.78501	29.9917	0.0825083	42.0513
4.78631	30.0743	0	42.0513
4.78721	30.1155	0.0825083	42.0513
4.80415	30.198	0	42.0513
4.80472	30.198	0.0825083	42.0513
4.81399	30.2805	0	42.0513
4.81496	30.2805	0.165017	42.0513
4.81823	30.363	0.0825083	42.0513
4.84865	30.4455	0	42.0513
4.84966	30.4455	0.165017	42.0513
4.84986	30.5281	0.0825083	42.0513
4.85087	30.5693	0.165017	42.0513
4.85186	30.6518	0.0825083	42.0513
4.85247	30.6931	0.165017	42.0513
4.85331	30.7756	0.0825083	42.0513
4.86768	30.8581	0	42.0513
4.86905	30.8581	0.165017	42.0513
4.86912	30.9406	0.0825083	42.0513
4.88165	31.0231	0	42.0513
4.88373	31.0644	0.0825083	42.0513
4.91459	31.1469	0	42.0513
4.91473	31.1469	0.165017	42.0513
4.9181	31.2294	0.0825083	42.0513
5.01012	31.3119	0	42.0513
5.03605	31.3119	0	43.0769
5.03825	31.3119	0.165017	43.0769
5.03891	31.3944	0.0825083	43.0769
5.07697	31.4769	0	43.0769
5.09883	31.4769	0	43.5897
5.10259	31.4769	0.0825083	43.5897
5.10826	31.5594	0	43.5897
5.11461	31.6007	0.0825083	43.5897
5.11512	31.6007	0.247525	43.5897
5.11518	31.6832	0.165017	43.5897
5.11657	31.7657	0.0825083	43.5897
5.13041	31.8482	0	43.5897
5.13678	31.8482	0	44.1026
5.14318	31.8894	0.0825083	44.1026
5.20732	31.9719	0	44.1026
5.24032	31.9719	0	44.6154
5.2658	31.9719	0	45.1282
5.26581	32.0132	0.0825083	45.1282
5.26813	32.0957	0	45.1282
5.2873	32.0957	0	45.641
5.28789	32.137	0.0825083	45.641
5.29493	32.2195	0	45.641
5.29663	32.2607	0.0825083	45.641
5.30824	32.3432	0	45.641
5.30979	32.3845	0.0825083	45.641
5.32167	32.467	0	45.641
5.32176	32.467	0	46.1538
5.32897	32.5083	0.0825083	46.1538
5.32926	32.5908	0	46.1538
5.33204	32.5908	0.0825083	46.1538
5.34067	32.6733	0	46.1538
5.34199	32.7145	0.0825083	46.1538
5.35094	32.797	0	46.1538
5.35123	32.797	0.0825083	46.1538
5.38436	32.8795	0	46.1538
5.38729	32.8795	0.165017	46.1538
5.38768	32.962	0.0825083	46.1538
5.39542	33.0446	0	46.1538
5.3955	33.0858	0.0825083	46.1538
5.40312	33.1683	0	46.1538
5.40377	33.1683	0.165017	46.1538
5.40378	33.2508	0.0825083	46.1538
5.40608	33.2921	0.165017	46.1538
5.40702	33.3746	0.0825083	46.1538
5.47692	33.4571	0	46.1538
5.47996	33.4983	0.0825083	46.1538
5.50032	33.5809	0	46.1538
5.50409	33.5809	0.0825083	46.1538
5.5188	33.6634	0	46.1538
5.52094	33.7046	0.0825083	46.1538
5.55457	33.7871	0	46.1538
5.55641	33.8284	0.0825083	46.1538
5.559	33.9109	0	46.1538
5.55908	33.9521	0.0825083	46.1538
5.62343	34.0347	0	46.1538
5.6237	34.0347	0.0825083	46.1538
5.62905	34.1172	0	46.1538
5.62937	34.1172	0.0825083	46.1538
5.63002	34.1997	0	46.1538
5.63047	34.2409	0.0825083	46.1538
5.65149	34.3234	0	46.1538
5.67324	34.3234	0	47.1795
5.73285	34.3234	0	48.2051
5.73329	34.3647	0.0825083	48.2051
5.74783	34.4472	0	48.2051
5.76017	34.4472	0	48.7179
5.76214	34.4884	0.0825083	48.7179
5.76448	34.571	0	48.7179
5.76606	34.6122	0.0825083	48.7179
5.76942	34.6947	0	48.7179
5.7696	34.736	0.0825083	48.7179
5.79782	34.8185	0	48.7179
5.80355	34.8185	0.0825083	48.7179
5.80572	34.901	0	48.7179
5.80642	34.9422	0.0825083	48.7179
5.80676	34.9835	0.165017	48.7179
5.80764	35.066	0.0825083	48.7179
5.81206	35.1485	0	48.7179
5.82078	35.1485	0	49.2308
5.82155	35.1485	0.165017	49.2308
5.82293	35.231	0.0825083	49.2308
5.87475	35.3135	0	49.2308
5.87997	35.3548	0.0825083	49.2308
5.93028	35.4373	0	49.2308
5.9303	35.4373	0	49.2308
5.93206	35.4785	0.0825083	49.2308
5.94854	35.5611	0	49.2308
5.94937	35.5611	0.165017	49.2308
5.95183	35.6436	0.0825083	49.2308
5.97696	35.7261	0	49.2308
5.97848	35.7673	0.0825083	49.2308
6.04742	35.8498	0	49.2308
6.04798	35.8498	0.165017	49.2308
6.05127	35.9323	0.0825083	49.2308
6.05254	36.0149	0	49.2308
6.07225	36.0149	0	50.2564
6.09805	36.0149	0	50.7692
6.09911	36.0149	0.0825083	50.7692
6.10624	36.0974	0	50.7692
6.10749	36.1386	0.0825083	50.7692
6.11555	36.1386	0.0825083	51.2821
6.12851	36.2211	0	51.2821
6.12883	36.2211	0.165017	51.2821
6.12983	36.3036	0.0825083	51.2821
6.22218	36.3861	0	51.2821
6.22834	36.3861	0	51.7949
6.23193	36.3861	0.165017	51.7949
6.23643	36.4686	0.0825083	51.7949
6.25623	36.5512	0	51.7949
6.25974	36.5924	0.0825083	51.7949
6.26162	36.6749	0	51.7949
6.26259	36.6749	0.165017	51.7949
6.26521	36.7574	0.0825083	51.7949
6.27909	36.8399	0	51.7949
6.27931	36.8812	0.0825083	51.7949
6.29667	36.9637	0	51.7949
6.30494	37.005	0.0825083	51.7949
6.30687	37.005	0.0825083	52.3077
6.32594	37.0875	0	52.3077
6.32782	37.0875	0.0825083	52.3077
6.38927	37.17	0	52.3077
6.38933	37.17	0.0825083	52.3077
6.40716	37.2525	0	52.3077
6.40992	37.2937	0.0825083	52.3077
6.42921	37.3762	0	52.3077
6.43626	37.3762	0	53.3333
6.43771	37.4175	0.0825083	53.3333
6.4384	37.4175	0.165017	53.3333
6.43962	37.4587	0.247525	53.3333
6.44011	37.5413	0.165017	53.3333
6.44079	37.6238	0.0825083	53.3333
6.44118	37.665	0.165017	53.3333
6.44145	37.7475	0.0825083	53.3333
6.44236	37.7888	0.165017	53.3333
6.44289	37.8713	0.0825083	53.3333
6.47183	37.9538	0	53.3333
6.47248	37.9538	0.0825083	53.3333
6.51186	38.0363	0	53.3333
6.51469	38.0776	0.0825083	53.3333
6.53066	38.1601	0	53.3333
6.53191	38.1601	0.165017	53.3333
6.53386	38.2426	0.0825083	53.3333
6.54057	38.3251	0	53.3333
6.54385	38.3663	0.0825083	53.3333
6.54874	38.4488	0	53.3333
6.5505	38.4901	0.0825083	53.3333
6.63658	38.5726	0	53.3333
6.66036	38.5726	0	54.359
6.66538	38.6139	0.0825083	54.359
6.77375	38.6964	0	54.359
6.77556	38.7376	0.0825083	54.359
6.78439	38.8201	0	54.359
6.78459	38.8614	0.0825083	54.359
6.78692	38.9439	0	54.359
6.78747	38.9851	0.0825083	54.359
6.82457	39.0677	0	54.359
6.82618	39.1089	0.0825083	54.359
6.82679	39.1914	0	54.359
6.8282	39.2327	0.0825083	54.359
6.84582	39.3152	0	54.359
6.84633	39.3564	0.0825083	54.359
6.86158	39.4389	0	54.359
6.86178	39.4802	0.0825083	54.359
6.873	39.5627	0	54.359
6.87409	39.5627	0.165017	54.359
6.87522	39.6452	0.0825083	54.359
6.8842	39.7277	0	54.359
6.88499	39.7277	0.165017	54.359
6.88511	39.7277	0.330033	54.359
6.88526	39.8102	0.247525	54.359
6.8853	39.8927	0.165017	54.359
6.88789	39.9752	0.0825083	54.359
6.88897	40.0578	0	54.359
6.88969	40.0578	0.165017	54.359
6.89122	40.1403	0.0825083	54.359
6.8951	40.2228	0	54.359
6.93365	40.2228	0	55.3846
6.93365	40.264	0.0825083	55.3846
7.04567	40.3465	0	55.3846
7.04765	40.3878	0.0825083	55.3846
7.04976	40.429	0.165017	55.3846
7.05406	40.5116	0.0825083	55.3846
7.05826	40.5941	0	55.3846
7.05948	40.5941	0.165017	55.3846
7.06074	40.6766	0.0825083	55.3846
7.06626	40.7591	0	55.3846
7.06722	40.7591	0.165017	55.3846
7.06972	40.8416	0.0825083	55.3846
7.07652	40.9241	0	55.3846
7.07816	40.9653	0.0825083	55.3846
7.08706	41.0479	0	55.3846
7.0895	41.0891	0.0825083	55.3846
7.10864	41.1716	0	55.3846
7.11008	41.2129	0.0825083	55.3846
7.14879	41.2954	0	55.3846
7.15841	41.3366	0.0825083	55.3846
7.17697	41.4191	0	55.3846
7.17814	41.4604	0.0825083	55.3846
7.18501	41.5429	0	55.3846
7.18721	41.5429	0.0825083	55.3846
7.21078	41.6254	0	55.3846
7.2132	41.6254	0.165017	55.3846
7.21401	41.7079	0.0825083	55.3846
7.28228	41.7904	0	55.3846
7.28444	41.7904	0.0825083	55.3846
7.32865	41.8729	0	55.3846
7.32982	41.9142	0.0825083	55.3846
7.33654	41.9967	0	55.3846
7.33681	41.9967	0.0825083	55.3846
7.36167	42.0792	0	55.3846
7.36169	42.1205	0.0825083	55.3846
7.36177	42.1617	0.165017	55.3846
7.36247	42.2442	0.0825083	55.3846
7.39118	42.3267	0	55.3846
7.3919	42.3267	0.165017	55.3846
7.39268	42.4092	0.0825083	55.3846
7.39627	42.4917	0	55.3846
7.39667	42.4917	0.0825083	55.3846
7.39724	42.5743	0	55.3846
7.43157	42.5743	0	56.4103
7.43224	42.6155	0.0825083	56.4103
7.43782	42.698	0	56.4103
7.44141	42.7393	0.0825083	56.4103
7.44732	42.8218	0	56.4103
7.44834	42.863	0.0825083	56.4103
7.46054	42.9455	0	56.4103
7.48424	42.9455	0	57.4359
7.48682	42.9868	0.0825083	57.4359
7.49335	43.0693	0	57.4359
7.49437	43.1106	0.0825083	57.4359
7.51315	43.1931	0	57.4359
7.51506	43.2343	0.0825083	57.4359
7.51549	43.2343	0.247525	57.4359
7.51688	43.3168	0.165017	57.4359
7.51953	43.3993	0.0825083	57.4359
7.54287	43.4818	0	57.4359
7.54328	43.5231	0.0825083	57.4359
7.54467	43.5644	0.165017	57.4359
7.54769	43.6469	0.0825083	57.4359
7.55241	43.7294	0	57.4359
7.59542	43.7294	0	57.9487
7.59554	43.7706	0.0825083	57.9487
7.62029	43.8531	0	57.9487
7.62166	43.8531	0.0825083	57.9487
7.62188	43.9356	0	57.9487
7.62328	43.9356	0.165017	57.9487
7.62584	44.0182	0.0825083	57.9487
7.67559	44.1007	0	57.9487
7.67661	44.1419	0.0825083	57.9487
7.68195	44.2244	0	57.9487
7.68287	44.2244	0.165017	57.9487
7.68297	44.3069	0.0825083	57.9487
7.72281	44.3894	0	57.9487
7.72344	44.4307	0.0825083	57.9487
7.76068	44.5132	0	57.9487
7.76191	44.5545	0.0825083	57.9487
7.78365	44.637	0	57.9487
7.78534	44.6782	0.0825083	57.9487
7.78706	44.7607	0	57.9487
7.78802	44.7607	0	58.4615
7.79936	44.7607	0	59.4872
7.8769	44.7607	0	60.5128
7.87918	44.802	0.0825083	60.5128
7.91033	44.8845	0	60.5128
7.91498	44.9257	0.0825083	60.5128
7.92955	45.0083	0	60.5128
7.92961	45.0495	0.0825083	60.5128
7.93544	45.132	0	60.5128
7.93663	45.132	0.165017	60.5128
7.94099	45.2145	0.0825083	60.5128
7.97075	45.297	0	60.5128
7.97795	45.297	0	61.5385
7.98305	45.3383	0.0825083	61.5385
8.00571	45.4208	0	61.5385
8.0064	45.462	0.0825083	61.5385
8.03262	45.5446	0	61.5385
8.08794	45.5446	0	62.5641
8.08968	45.5858	0.0825083	62.5641
8.15994	45.6683	0	62.5641
8.16308	45.6683	0	63.5897
8.16532	45.6683	0.165017	63.5897
8.16645	45.7508	0.0825083	63.5897
8.16695	45.8333	0	63.5897
8.1674	45.8333	0.165017	63.5897
8.16764	45.9158	0.0825083	63.5897
8.21331	45.9983	0	63.5897
8.21566	45.9983	0.0825083	63.5897
8.23472	46.0809	0	63.5897
8.24436	46.0809	0	64.1026
8.24437	46.1221	0.0825083	64.1026
8.31832	46.2046	0	64.1026
8.32001	46.2046	0.0825083	64.1026
8.33175	46.2871	0	64.1026
8.33671	46.3284	0.0825083	64.1026
8.33894	46.4109	0	64.1026
8.33913	46.4109	0.165017	64.1026
8.34057	46.4934	0.0825083	64.1026
8.34691	46.5759	0	64.1026
8.34886	46.6172	0.0825083	64.1026
8.42406	46.6997	0	64.1026
8.42415	46.6997	0.165017	64.1026
8.42515	46.7822	0.0825083	64.1026
8.44642	46.8647	0	64.1026
8.44698	46.8647	0.165017	64.1026
8.44986	46.9472	0.0825083	64.1026
8.45891	47.0297	0	64.1026
8.45908	47.071	0.0825083	64.1026
8.49562	47.1535	0	64.1026
8.50338	47.1535	0	64.6154
8.50397	47.1947	0.0825083	64.6154
8.50453	47.2772	0	64.6154
8.50929	47.3185	0.0825083	64.6154
8.52899	47.401	0	64.6154
8.53014	47.4422	0.0825083	64.6154
8.55146	47.5248	0	64.6154
8.55398	47.566	0.0825083	64.6154
8.55717	47.6485	0	64.6154
8.55799	47.6898	0.0825083	64.6154
8.58995	47.7723	0	64.6154
8.59144	47.8135	0.0825083	64.6154
8.70883	47.896	0	64.6154
8.70895	47.896	0.0825083	64.6154
8.70951	47.9785	0	64.6154
8.70978	47.9785	0.0825083	64.6154
8.75134	48.0611	0	64.6154
8.75976	48.0611	0	65.1282
8.79821	48.0611	0	66.1538
8.80226	48.1023	0.0825083	66.1538
8.81043	48.1023	0.0825083	67.1795
8.93163	48.1848	0	67.1795
8.93194	48.1848	0.0825083	67.1795
8.94143	48.2673	0	67.1795
8.9606	48.2673	0	67.6923
8.96099	48.3086	0.0825083	67.6923
8.98558	48.3911	0	67.6923
8.98701	48.4323	0.0825083	67.6923
9.02385	48.5149	0	67.6923
9.02611	48.5561	0.0825083	67.6923
9.03779	48.6386	0	67.6923
9.03893	48.6799	0.0825083	67.6923
9.04335	48.7624	0	67.6923
9.04366	48.8036	0.0825083	67.6923
9.05029	48.8861	0	67.6923
9.05321	48.9274	0.0825083	67.6923
9.05795	49.0099	0	67.6923
9.0663	49.0099	0	68.2051
9.06672	49.0099	0.165017	68.2051
9.07028	49.0924	0.0825083	68.2051
9.08363	49.1749	0	68.2051
9.09438	49.2162	0.0825083	68.2051
9.17707	49.2987	0	68.2051
9.17967	49.2987	0.0825083	68.2051
9.23606	49.3812	0	68.2051
9.37154	49.3812	0	69.2308
9.37237	49.3812	0.165017	69.2308
9.37403	49.4637	0.0825083	69.2308
9.38723	49.5462	0	69.2308
9.3931	49.5875	0.0825083	69.2308
9.4281	49.67	0	69.2308
9.42994	49.67	0.165017	69.2308
9.43239	49.7525	0.0825083	69.2308
9.44721	49.835	0	69.2308
9.51377	49.835	0	70.2564
9.51989	49.835	0	71.2821
9.52032	49.835	0.0825083	71.2821
9.52759	49.9175	0	71.2821
9.52811	49.9175	0.0825083	71.2821
9.53312	50	0	71.2821
9.53454	50	0.165017	71.2821
9.53475	50.0825	0.0825083	71.2821
9.67922	50.165	0	71.2821
9.69327	50.165	0	72.3077
9.69353	50.165	0.165017	72.3077
9.69562	50.2475	0.0825083	72.3077
9.70842	50.33	0	72.3077
9.7185	50.33	0	72.8205
9.71887	50.33	0	73.8462
9.71959	50.33	0.0825083	73.8462
9.7715	50.4125	0	73.8462
9.77566	50.4125	0	74.8718
9.77575	50.4538	0.0825083	74.8718
9.82769	50.5363	0	74.8718
9.83316	50.5776	0.0825083	74.8718
9.84489	50.6601	0	74.8718
9.84567	50.7013	0.0825083	74.8718
9.85675	50.7838	0	74.8718
9.8573	50.7838	0.165017	74.8718
9.85782	50.8663	0.0825083	74.8718
9.91849	50.9488	0	74.8718
9.91951	50.9901	0.0825083	74.8718
9.92409	51.0726	0	74.8718
9.92484	51.0726	0.165017	74.8718
9.93519	51.1551	0.0825083	74.8718
9.95881	51.2376	0	74.8718
9.9623	51.2376	0.165017	74.8718
9.96237	51.3201	0.0825083	74.8718
9.97606	51.4026	0	74.8718
9.97758	51.4439	0.0825083	74.8718
9.98599	51.5264	0	74.8718
9.98676	51.5264	0.165017	74.8718
9.98799	51.6089	0.0825083	74.8718
10.1103	51.6914	0	74.8718
10.1124	51.7327	0.0825083	74.8718
10.1137	51.7739	0.165017	74.8718
10.115	51.8564	0.0825083	74.8718
10.1396	51.9389	0	74.8718
10.1491	51.9802	0.0825083	74.8718
10.1596	52.0627	0	74.8718
10.1631	52.104	0.0825083	74.8718
10.2763	52.1865	0	74.8718
10.2789	52.1865	0.0825083	74.8718
10.3128	52.269	0	74.8718
10.3135	52.269	0.165017	74.8718
10.3148	52.3515	0.0825083	74.8718
10.3318	52.434	0	74.8718
10.3318	52.434	0.165017	74.8718
10.3319	52.5165	0.0825083	74.8718
10.3817	52.599	0	74.8718
10.3819	52.6403	0.0825083	74.8718
10.3957	52.7228	0	74.8718
10.424	52.7228	0	75.3846
10.4258	52.7228	0.165017	75.3846
10.4269	52.8053	0.0825083	75.3846
10.4777	52.8878	0	75.3846
10.4782	52.929	0.0825083	75.3846
10.4976	53.0116	0	75.3846
10.502	53.0116	0	76.4103
10.503	53.0528	0.0825083	76.4103
10.5337	53.1353	0	76.4103
10.5373	53.1766	0.0825083	76.4103
10.565	53.2591	0	76.4103
10.5662	53.2591	0.165017	76.4103
10.5668	53.3416	0.0825083	76.4103
10.6065	53.4241	0	76.4103
10.6074	53.4653	0.0825083	76.4103
10.6183	53.5479	0	76.4103
10.6202	53.5891	0.0825083	76.4103
10.6283	53.6716	0	76.4103
10.6287	53.7129	0.0825083	76.4103
10.666	53.7954	0	76.4103
10.6674	53.7954	0.165017	76.4103
10.6675	53.8779	0.0825083	76.4103
10.7223	53.9604	0	76.4103
10.7246	53.9604	0.0825083	76.4103
10.7569	54.0429	0	76.4103
10.7613	54.0842	0.0825083	76.4103
10.7683	54.1667	0	76.4103
10.7862	54.1667	0	76.4103
10.7892	54.2079	0.0825083	76.4103
10.8043	54.2904	0	76.4103
10.8055	54.3317	0.0825083	76.4103
10.8069	54.4142	0	76.4103
10.8098	54.4554	0.0825083	76.4103
10.8177	54.538	0	76.4103
10.8199	54.5792	0.0825083	76.4103
10.8732	54.6617	0	76.4103
10.8746	54.6617	0.0825083	76.4103
10.8929	54.7442	0	76.4103
10.8936	54.7442	0.165017	76.4103
10.8954	54.8267	0.0825083	76.4103
10.9052	54.9092	0	76.4103
10.9054	54.9505	0.0825083	76.4103
11.0636	55.033	0	76.4103
11.0738	55.0743	0.0825083	76.4103
11.1833	55.1568	0	76.4103
11.1841	55.198	0.0825083	76.4103
11.199	55.2805	0	76.4103
11.2001	55.3218	0.0825083	76.4103
11.2147	55.4043	0	76.4103
11.2392	55.4043	0	77.4359
11.2392	55.4455	0.0825083	77.4359
11.2394	55.4868	0.165017	77.4359
11.2476	55.5693	0.0825083	77.4359
11.2997	55.6518	0	77.4359
11.3008	55.6931	0.0825083	77.4359
11.4286	55.7756	0	77.4359
11.4289	55.8168	0.0825083	77.4359
11.4587	55.8993	0	77.4359
11.4605	55.9406	0.0825083	77.4359
11.4681	55.9406	0.0825083	78.4615
11.4695	56.0231	0	78.4615
11.4713	56.0644	0.0825083	78.4615
11.4751	56.1469	0	78.4615
11.4753	56.1881	0.0825083	78.4615
11.5033	56.2706	0	78.4615
11.5035	56.2706	0.165017	78.4615
11.504	56.3531	0.0825083	78.4615
11.5178	56.4356	0	78.4615
11.5299	56.4356	0	79.4872
11.5324	56.4356	0.165017	79.4872
11.5385	56.5182	0.0825083	79.4872
11.5829	56.6007	0	79.4872
11.5835	56.6419	0.0825083	79.4872
11.6224	56.7244	0	79.4872
11.6236	56.7657	0.0825083	79.4872
11.684	56.8482	0	79.4872
11.6848	56.8894	0.0825083	79.4872
11.6854	56.9719	0	79.4872
11.6857	56.9719	0.165017	79.4872
11.6881	57.0545	0.0825083	79.4872
11.7012	57.137	0	79.4872
11.7021	57.1782	0.0825083	79.4872
11.8137	57.2607	0	79.4872
11.8143	57.2607	0.165017	79.4872
11.8151	57.3432	0.0825083	79.4872
11.872	57.4257	0	79.4872
11.8731	57.4257	0.165017	79.4872
11.8733	57.5083	0.0825083	79.4872
11.8855	57.5908	0	79.4872
11.8884	57.632	0.0825083	79.4872
11.9297	57.7145	0	79.4872
11.933	57.7145	0.165017	79.4872
11.9341	57.797	0.0825083	79.4872
11.9353	57.8795	0	79.4872
11.9364	57.8795	0.165017	79.4872
11.9379	57.962	0.0825083	79.4872
12.027	58.0446	0	79.4872
12.028	58.0858	0.0825083	79.4872
12.153	58.1683	0	79.4872
12.1534	58.2096	0.0825083	79.4872
12.1965	58.2921	0	79.4872
12.212	58.2921	0	80.5128
12.2124	58.3333	0.0825083	80.5128
12.2839	58.4158	0	80.5128
12.2842	58.4571	0.0825083	80.5128
12.2988	58.5396	0	80.5128
12.2991	58.5809	0.0825083	80.5128
12.3173	58.6634	0	80.5128
12.3181	58.7046	0.0825083	80.5128
12.3284	58.7871	0	80.5128
12.3284	58.7871	0.165017	80.5128
12.3296	58.8696	0.0825083	80.5128
12.3718	58.9521	0	80.5128
12.3726	58.9934	0.0825083	80.5128
12.4413	59.0759	0	80.5128
12.4433	59.1172	0.0825083	80.5128
12.4525	59.1997	0	80.5128
12.4549	59.1997	0.0825083	80.5128
12.4929	59.2822	0	80.5128
12.4929	59.2822	0.165017	80.5128
12.4946	59.3647	0.0825083	80.5128
12.4947	59.3647	0.247525	80.5128
12.4951	59.4472	0.165017	80.5128
12.5009	59.5297	0.0825083	80.5128
12.5397	59.6122	0	80.5128
12.5404	59.6122	0.0825083	80.5128
12.5823	59.6947	0	80.5128
12.5861	59.6947	0.0825083	80.5128
12.593	59.7772	0	80.5128
12.6013	59.8185	0.0825083	80.5128
12.6043	59.8185	0.165017	80.5128
12.6047	59.901	0.0825083	80.5128
12.6256	59.9835	0	80.5128
12.6275	60.0248	0.0825083	80.5128
12.6905	60.1073	0	80.5128
12.6918	60.1073	0.165017	80.5128
12.6921	60.1898	0.0825083	80.5128
12.8048	60.2723	0	80.5128
12.8061	60.3135	0.0825083	80.5128
12.8153	60.396	0	80.5128
12.8196	60.4373	0.0825083	80.5128
12.8639	60.5198	0	80.5128
12.8648	60.5198	0.0825083	80.5128
12.9096	60.6023	0	80.5128
12.912	60.6436	0.0825083	80.5128
12.944	60.7261	0	80.5128
12.9467	60.7673	0.0825083	80.5128
13.0697	60.8498	0	80.5128
13.0707	60.8498	0.165017	80.5128
13.0719	60.9323	0.0825083	80.5128
13.2205	61.0149	0	80.5128
13.2206	61.0149	0.165017	80.5128
13.2207	61.0974	0.0825083	80.5128
13.2729	61.1799	0	80.5128
13.3407	61.1799	0	81.0256
13.3411	61.2211	0.0825083	81.0256
13.3648	61.3036	0	81.0256
13.3681	61.3449	0.0825083	81.0256
13.3872	61.4274	0	81.0256
13.3874	61.4274	0.165017	81.0256
13.3881	61.5099	0.0825083	81.0256
13.4117	61.5924	0	81.0256
13.4125	61.5924	0.0825083	81.0256
13.4875	61.6749	0	81.0256
13.4897	61.7162	0.0825083	81.0256
13.5039	61.7987	0	81.0256
13.5063	61.8399	0.0825083	81.0256
13.7061	61.9224	0	81.0256
13.7062	61.9224	0.0825083	81.0256
13.8683	62.005	0	81.0256
13.8703	62.005	0.0825083	81.0256
13.8839	62.0875	0	81.0256
13.8896	62.1287	0.0825083	81.0256
13.9989	62.2112	0	81.0256
14.0224	62.2112	0	82.0513
14.0232	62.2525	0.0825083	82.0513
14.1051	62.335	0	82.0513
14.107	62.335	0.165017	82.0513
14.1082	62.4175	0.0825083	82.0513
14.1343	62.5	0	82.0513
14.1358	62.5	0.165017	82.0513
14.1374	62.5825	0.0825083	82.0513
14.1708	62.665	0	82.0513
14.1741	62.665	0.0825083	82.0513
14.2199	62.7475	0	82.0513
14.2226	62.7888	0.0825083	82.0513
14.2548	62.8713	0	82.0513
14.2557	62.8713	0.165017	82.0513
14.2562	62.9538	0.0825083	82.0513
14.2812	63.0363	0	82.0513
14.2815	63.0363	0.0825083	82.0513
14.2873	63.1188	0	82.0513
14.2976	63.1601	0.0825083	82.0513
14.3251	63.2426	0	82.0513
14.3767	63.2426	0	83.0769
14.3767	63.2426	0.165017	83.0769
14.3773	63.2426	0.247525	83.0769
14.3786	63.3251	0.165017	83.0769
14.3807	63.4076	0.0825083	83.0769
14.4867	63.4901	0	83.0769
14.4885	63.5314	0.0825083	83.0769
14.5388	63.6139	0	83.0769
14.6328	63.6139	0	84.1026
14.6328	63.6551	0.0825083	84.1026
14.6867	63.7376	0	84.1026
14.6936	63.7789	0.0825083	84.1026
14.8955	63.8614	0	84.1026
14.8971	63.9026	0.0825083	84.1026
14.9765	63.9851	0	84.1026
14.9768	63.9851	0.165017	84.1026
14.9822	64.0677	0.0825083	84.1026
15.0017	64.1502	0	84.1026
15.0035	64.1914	0.0825083	84.1026
15.0681	64.2739	0	84.1026
15.07	64.3152	0.0825083	84.1026
15.1076	64.3977	0	84.1026
15.1114	64.4389	0.0825083	84.1026
15.1141	64.5215	0	84.1026
15.1141	64.5627	0.0825083	84.1026
15.1783	64.6452	0	84.1026
15.1792	64.6865	0.0825083	84.1026
15.2547	64.769	0	84.1026
15.2572	64.769	0.0825083	84.1026
15.4059	64.8515	0	84.1026
15.4069	64.8515	0.165017	84.1026
15.4085	64.934	0.0825083	84.1026
15.4234	65.0165	0	84.1026
15.4239	65.0578	0.0825083	84.1026
15.4657	65.1403	0	84.1026
15.4675	65.1815	0.0825083	84.1026
15.4679	65.1815	0.247525	84.1026
15.4703	65.264	0.165017	84.1026
15.4719	65.3465	0.0825083	84.1026
15.475	65.429	0	84.1026
15.4767	65.429	0.165017	84.1026
15.4833	65.5116	0.0825083	84.1026
15.6127	65.5941	0	84.1026
15.6131	65.5941	0.165017	84.1026
15.6131	65.6766	0.0825083	84.1026
15.651	65.7591	0	84.1026
15.6514	65.8003	0.0825083	84.1026
15.6693	65.8828	0	84.1026
15.6696	65.9241	0.0825083	84.1026
15.6795	66.0066	0	84.1026
15.6824	66.0479	0.0825083	84.1026
15.8098	66.1304	0	84.1026
15.8137	66.1716	0.0825083	84.1026
15.8214	66.2541	0	84.1026
15.8223	66.2954	0.0825083	84.1026
15.8253	66.3779	0	84.1026
15.8254	66.3779	0.165017	84.1026
15.8262	66.4604	0.0825083	84.1026
15.8264	66.4604	0.247525	84.1026
15.8267	66.5429	0.165017	84.1026
15.8268	66.6254	0.0825083	84.1026
15.8466	66.7079	0	84.1026
15.8478	66.7492	0.0825083	84.1026
15.8533	66.8317	0	84.1026
15.8572	66.8317	0.0825083	84.1026
15.8671	66.9142	0	84.1026
15.8678	66.9142	0.165017	84.1026
15.8699	66.9967	0.0825083	84.1026
15.917	67.0792	0	84.1026
15.9182	67.1205	0.0825083	84.1026
15.9328	67.203	0	84.1026
15.9339	67.203	0.165017	84.1026
15.9339	67.2442	0.247525	84.1026
15.9342	67.3267	0.165017	84.1026
15.9397	67.4092	0.0825083	84.1026
16.0284	67.4918	0	84.1026
16.0307	67.533	0.0825083	84.1026
16.0582	67.6155	0	84.1026
16.0606	67.6568	0.0825083	84.1026
16.1229	67.7393	0	84.1026
16.123	67.7393	0.165017	84.1026
16.1258	67.8218	0.0825083	84.1026
16.1989	67.9043	0	84.1026
16.1994	67.9043	0.0825083	84.1026
16.213	67.9868	0	84.1026
16.2142	68.0281	0.0825083	84.1026
16.2538	68.1106	0	84.1026
16.2539	68.1106	0.0825083	84.1026
16.2768	68.1931	0	84.1026
16.2775	68.1931	0.165017	84.1026
16.2778	68.2756	0.0825083	84.1026
16.371	68.3581	0	84.1026
16.3746	68.3581	0	84.6154
16.3749	68.3581	0.0825083	84.6154
16.4056	68.4406	0	84.6154
16.408	68.4406	0.0825083	84.6154
16.4335	68.5231	0	84.6154
16.4342	68.5231	0.0825083	84.6154
16.7118	68.6056	0	84.6154
16.7147	68.6469	0.0825083	84.6154
16.7438	68.7294	0	84.6154
16.7457	68.7706	0.0825083	84.6154
16.8118	68.8531	0	84.6154
16.8151	68.8944	0.0825083	84.6154
16.8232	68.9769	0	84.6154
16.8265	69.0182	0.0825083	84.6154
16.8394	69.1007	0	84.6154
16.8425	69.1419	0.0825083	84.6154
16.9522	69.2244	0	84.6154
16.9654	69.2244	0	85.641
16.9688	69.2657	0.0825083	85.641
17.0145	69.3482	0	85.641
17.0147	69.3482	0.165017	85.641
17.0168	69.4307	0.0825083	85.641
17.0501	69.5132	0	85.641
17.0507	69.5545	0.0825083	85.641
17.0851	69.637	0	85.641
17.0873	69.6782	0.0825083	85.641
17.1395	69.7607	0	85.641
17.1413	69.802	0.0825083	85.641
17.151	69.8845	0	85.641
17.1556	69.9257	0.0825083	85.641
17.1573	70.0082	0	85.641
17.1584	70.0082	0.165017	85.641
17.1593	70.0908	0.0825083	85.641
17.1725	70.1733	0	85.641
17.1809	70.2145	0.0825083	85.641
17.2261	70.297	0	85.641
17.228	70.3383	0.0825083	85.641
17.2878	70.4208	0	85.641
17.2902	70.4208	0.0825083	85.641
17.292	70.5033	0	85.641
17.2971	70.5446	0.0825083	85.641
17.3087	70.6271	0	85.641
17.3114	70.6683	0.0825083	85.641
17.3227	70.7508	0	85.641
17.3622	70.7508	0	86.6667
17.3626	70.7508	0.165017	86.6667
17.3628	70.8333	0.0825083	86.6667
17.4603	70.9158	0	86.6667
17.463	70.9571	0.0825083	86.6667
17.5166	71.0396	0	86.6667
17.5175	71.0809	0.0825083	86.6667
17.5572	71.1634	0	86.6667
17.559	71.2046	0.0825083	86.6667
17.6402	71.2871	0	86.6667
17.6416	71.3284	0.0825083	86.6667
17.9218	71.4109	0	86.6667
17.9225	71.4521	0.0825083	86.6667
17.9906	71.5347	0	86.6667
18.0193	71.5347	0	87.6923
18.0229	71.5759	0.0825083	87.6923
18.0469	71.6584	0	87.6923
18.0488	71.6997	0.0825083	87.6923
18.1063	71.7822	0	87.6923
18.107	71.8234	0.0825083	87.6923
18.1086	71.9059	0	87.6923
18.1087	71.9059	0.165017	87.6923
18.1116	71.9884	0.0825083	87.6923
18.1488	72.071	0	87.6923
18.1568	72.1122	0.0825083	87.6923
18.1924	72.1947	0	87.6923
18.3183	72.1947	0.0825083	87.6923
18.32	72.236	0.165017	87.6923
18.3313	72.3185	0.0825083	87.6923
18.3348	72.3597	0.165017	87.6923
18.3363	72.3597	0.165017	88.2051
18.384	72.4422	0.0825083	88.2051
18.3893	72.4835	0.165017	88.2051
18.4695	72.566	0.0825083	88.2051
18.4726	72.566	0.165017	88.2051
18.5143	72.6485	0.0825083	88.2051
18.5154	72.6898	0.165017	88.2051
18.5351	72.7723	0.0825083	88.2051
18.5355	72.7723	0.247525	88.2051
18.5392	72.8548	0.165017	88.2051
18.5648	72.9373	0.0825083	88.2051
18.5658	72.9373	0.165017	88.2051
18.6086	73.0198	0.0825083	88.2051
18.61	73.0611	0.165017	88.2051
18.6402	73.1436	0.0825083	88.2051
18.642	73.1436	0.247525	88.2051
18.648	73.2261	0.165017	88.2051
18.6529	73.3086	0.0825083	88.2051
18.6535	73.3086	0.247525	88.2051
18.6554	73.3911	0.165017	88.2051
18.7135	73.4736	0.0825083	88.2051
18.7189	73.5149	0.165017	88.2051
18.831	73.5974	0.0825083	88.2051
18.8314	73.5974	0.247525	88.2051
18.8323	73.6799	0.165017	88.2051
18.9036	73.7624	0.0825083	88.2051
18.907	73.8036	0.165017	88.2051
19.1353	73.8861	0.0825083	88.2051
19.1434	73.9274	0.165017	88.2051
19.2393	74.0099	0.0825083	88.2051
19.2402	74.0099	0.165017	88.2051
19.2845	74.0924	0.0825083	88.2051
19.3144	74.0924	0.0825083	89.2308
19.3159	74.1337	0.165017	89.2308
19.3313	74.2162	0.0825083	89.2308
19.3319	74.2574	0.165017	89.2308
19.3654	74.3399	0.0825083	89.2308
19.3656	74.3812	0.165017	89.2308
19.3796	74.4637	0.0825083	89.2308
19.3798	74.505	0.165017	89.2308
19.3935	74.5875	0.0825083	89.2308
19.3976	74.5875	0.165017	89.2308
19.4112	74.67	0.0825083	89.2308
19.4113	74.67	0.247525	89.2308
19.4244	74.7525	0.165017	89.2308
19.4267	74.835	0.0825083	89.2308
19.4279	74.8762	0.165017	89.2308
19.4464	74.9587	0.0825083	89.2308
19.4506	75.0413	0	89.2308
19.4524	75.0825	0.0825083	89.2308
19.5027	75.165	0	89.2308
19.5031	75.2063	0.0825083	89.2308
19.5589	75.2888	0	89.2308
19.559	75.2888	0.0825083	89.2308
19.7406	75.3713	0	89.2308
19.7409	75.3713	0.0825083	89.2308
19.8176	75.4538	0	89.2308
19.8181	75.495	0.0825083	89.2308
19.9262	75.5776	0	89.2308
19.9275	75.6188	0.0825083	89.2308
19.9308	75.7013	0	89.2308
19.937	75.7013	0.0825083	89.2308
19.94	75.7838	0	89.2308
19.9409	75.8251	0.0825083	89.2308
20.0884	75.9076	0	89.2308
20.094	75.9488	0.0825083	89.2308
20.3018	76.0314	0	89.2308
20.3037	76.0314	0.165017	89.2308
20.3075	76.1139	0.0825083	89.2308
20.3169	76.1964	0	89.2308
20.3233	76.2376	0.0825083	89.2308
20.3345	76.3201	0	89.2308
20.3359	76.3614	0.0825083	89.2308
20.4214	76.4439	0	89.2308
20.4291	76.4851	0.0825083	89.2308
20.4551	76.5677	0	89.2308
20.4552	76.5677	0.0825083	89.2308
20.4998	76.6502	0	89.2308
20.5005	76.6914	0.0825083	89.2308
20.5789	76.7739	0	89.2308
20.6075	76.7739	0	90.2564
20.6089	76.7739	0.165017	90.2564
20.6101	76.8564	0.0825083	90.2564
20.9074	76.9389	0	90.2564
20.9084	76.9802	0.0825083	90.2564
20.9177	77.0627	0	90.2564
20.9182	77.104	0.0825083	90.2564
20.9865	77.1865	0	90.2564
20.9902	77.2277	0.0825083	90.2564
21.0396	77.3102	0	90.2564
21.0414	77.3515	0.0825083	90.2564
21.0905	77.434	0	90.2564
21.0919	77.4753	0.0825083	90.2564
21.2927	77.5578	0	90.2564
21.2928	77.599	0.0825083	90.2564
21.3598	77.6815	0	90.2564
21.3635	77.7228	0.0825083	90.2564
21.3925	77.8053	0	90.2564
21.3951	77.8465	0.0825083	90.2564
21.479	77.929	0	90.2564
21.4874	77.9703	0.0825083	90.2564
21.5053	78.0528	0	90.2564
21.5066	78.0528	0.0825083	90.2564
21.5184	78.1353	0	90.2564
21.519	78.1353	0.0825083	90.2564
21.7632	78.2178	0	90.2564
21.7633	78.2178	0.165017	90.2564
21.7671	78.3003	0.0825083	90.2564
21.8505	78.3828	0	90.2564
21.8556	78.4241	0.0825083	90.2564
21.9048	78.5066	0	90.2564
21.9052	78.5479	0.0825083	90.2564
22.1944	78.6304	0	90.2564
22.1948	78.6304	0.165017	90.2564
22.1956	78.7129	0.0825083	90.2564
22.3363	78.7954	0	90.2564
22.3408	78.8366	0.0825083	90.2564
22.4399	78.9191	0	90.2564
22.4423	78.9604	0.0825083	90.2564
22.4508	79.0429	0	90.2564
22.451	79.0842	0.0825083	90.2564
22.6193	79.1667	0	90.2564
22.6223	79.2079	0.0825083	90.2564
22.6504	79.2904	0	90.2564
22.6507	79.2904	0.165017	90.2564
22.6508	79.3729	0.0825083	90.2564
22.6692	79.4554	0	90.2564
22.6714	79.4967	0.0825083	90.2564
22.6775	79.5792	0	90.2564
22.6794	79.6205	0.0825083	90.2564
22.7141	79.703	0	90.2564
22.716	79.7442	0.0825083	90.2564
22.7317	79.8267	0	90.2564
22.7352	79.868	0.0825083	90.2564
22.8145	79.9505	0	90.2564
22.8251	79.9505	0	91.2821
22.8251	79.9505	0.165017	91.2821
22.8254	80.033	0.0825083	91.2821
22.8746	80.1155	0	91.2821
23.0951	80.1155	0	92.3077
23.099	80.1155	0.165017	92.3077
23.1006	80.198	0.0825083	92.3077
23.1171	80.2805	0	92.3077
23.1173	80.2805	0.165017	92.3077
23.1192	80.363	0.0825083	92.3077
23.1283	80.4455	0	92.3077
23.1288	80.4455	0.165017	92.3077
23.1294	80.5281	0.0825083	92.3077
23.2232	80.6106	0	92.3077
23.2259	80.6518	0.0825083	92.3077
23.245	80.7343	0	92.3077
23.2469	80.7756	0.0825083	92.3077
23.2893	80.8581	0	92.3077
23.2893	80.8993	0.0825083	92.3077
23.2924	80.9818	0	92.3077
23.296	81.0231	0.0825083	92.3077
23.4888	81.1056	0	92.3077
23.4909	81.1469	0.0825083	92.3077
23.541	81.2294	0	92.3077
23.5456	81.2706	0.0825083	92.3077
23.5461	81.3531	0	92.3077
23.5541	81.3944	0.0825083	92.3077
23.6535	81.4769	0	92.3077
23.6549	81.4769	0.165017	92.3077
23.655	81.5594	0.0825083	92.3077
23.7137	81.6419	0	92.3077
23.7248	81.6832	0.0825083	92.3077
23.7872	81.7657	0	92.3077
23.7878	81.8069	0.0825083	92.3077
23.9752	81.8894	0	92.3077
23.9759	81.9307	0.0825083	92.3077
23.9859	82.0132	0	92.3077
23.9864	82.0545	0.0825083	92.3077
24.1754	82.137	0	92.3077
24.1821	82.1782	0.0825083	92.3077
24.1822	82.1782	0.247525	92.3077
24.1828	82.2607	0.165017	92.3077
24.1862	82.3432	0.0825083	92.3077
24.3492	82.4257	0	92.3077
24.355	82.467	0.0825083	92.3077
24.7404	82.5495	0	92.3077
24.7408	82.5908	0.0825083	92.3077
24.794	82.6733	0	92.3077
24.7961	82.7145	0.0825083	92.3077
24.9036	82.797	0	92.3077
24.9094	82.8383	0.0825083	92.3077
25.0455	82.9208	0	92.3077
25.0467	82.962	0.0825083	92.3077
25.0966	83.0446	0	92.3077
25.0968	83.0858	0.0825083	92.3077
25.1322	83.1683	0	92.3077
25.1324	83.1683	0.165017	92.3077
25.136	83.2508	0.0825083	92.3077
25.1836	83.3333	0	92.3077
25.1837	83.3333	0.165017	92.3077
25.1855	83.4158	0.0825083	92.3077
25.2168	83.4984	0	92.3077
25.2173	83.5396	0.0825083	92.3077
25.4296	83.6221	0	92.3077
25.4338	83.6634	0.0825083	92.3077
25.488	83.7459	0	92.3077
25.4896	83.7871	0.0825083	92.3077
25.7321	83.8696	0	92.3077
25.7379	83.9109	0.0825083	92.3077
25.7728	83.9934	0	92.3077
25.7743	83.9934	0.165017	92.3077
25.7752	84.0759	0.0825083	92.3077
25.9418	84.1584	0	92.3077
25.9429	84.1584	0.165017	92.3077
25.943	84.2409	0.0825083	92.3077
26.343	84.3234	0	92.3077
26.3455	84.3647	0.0825083	92.3077
26.4581	84.4472	0	92.3077
26.4606	84.4884	0.0825083	92.3077
26.4626	84.571	0	92.3077
26.4631	84.6122	0.0825083	92.3077
26.4653	84.6535	0.165017	92.3077
26.4671	84.736	0.0825083	92.3077
26.4889	84.8185	0	92.3077
26.5757	84.8185	0	92.8205
26.5778	84.8597	0.0825083	92.8205
26.6071	84.9422	0	92.8205
26.6086	84.9422	0.0825083	92.8205
26.7979	85.0247	0	92.8205
26.7993	85.066	0.0825083	92.8205
26.8835	85.1485	0	92.8205
26.8845	85.1485	0.0825083	92.8205
27.2341	85.231	0	92.8205
27.2342	85.2723	0.0825083	92.8205
27.3136	85.3548	0	92.8205
27.3136	85.3548	0.165017	92.8205
27.3214	85.4373	0.0825083	92.8205
27.6679	85.5198	0	92.8205
27.6688	85.5611	0.0825083	92.8205
27.7889	85.6436	0	92.8205
27.7898	85.6848	0.0825083	92.8205
27.802	85.7673	0	92.8205
27.804	85.8086	0.0825083	92.8205
27.8056	85.8911	0	92.8205
27.8059	85.9323	0.0825083	92.8205
28.4386	86.0149	0	92.8205
28.4419	86.0561	0.0825083	92.8205
28.4547	86.1386	0	92.8205
28.4551	86.1386	0.165017	92.8205
28.4587	86.2211	0.0825083	92.8205
28.8365	86.3036	0	92.8205
28.8369	86.3036	0.0825083	92.8205
28.8841	86.3861	0	92.8205
28.8842	86.4274	0.0825083	92.8205
29.0018	86.5099	0	92.8205
29.0018	86.5099	0.165017	92.8205
29.0031	86.5924	0.0825083	92.8205
29.2486	86.6749	0	92.8205
29.2499	86.7162	0.0825083	92.8205
29.263	86.7987	0	92.8205
29.2665	86.8399	0.0825083	92.8205
29.3956	86.9224	0	92.8205
29.4057	86.9637	0.0825083	92.8205
29.4286	87.0462	0	92.8205
29.43	87.0462	0.165017	92.8205
29.4313	87.1287	0.0825083	92.8205
29.5637	87.2112	0	92.8205
29.5646	87.2525	0.0825083	92.8205
29.9228	87.335	0	92.8205
29.923	87.3762	0.0825083	92.8205
30.0371	87.4587	0	92.8205
30.0372	87.5	0.0825083	92.8205
30.2763	87.5825	0	92.8205
30.2866	87.6238	0.0825083	92.8205
30.5034	87.7063	0	92.8205
30.5084	87.7475	0.0825083	92.8205
30.7035	87.83	0	92.8205
30.7056	87.8713	0.0825083	92.8205
31.0586	87.9538	0	92.8205
31.0634	87.9538	0.0825083	92.8205
31.0946	88.0363	0	92.8205
31.0963	88.0363	0.165017	92.8205
31.0977	88.1188	0.0825083	92.8205
31.1809	88.2013	0	92.8205
31.1809	88.2426	0.0825083	92.8205
31.2966	88.3251	0	92.8205
31.2973	88.3663	0.0825083	92.8205
31.3678	88.4488	0	92.8205
31.3682	88.4901	0.0825083	92.8205
31.4266	88.5726	0	92.8205
31.4358	88.6139	0.0825083	92.8205
31.4503	88.6964	0	92.8205
31.4529	88.7376	0.0825083	92.8205
31.6471	88.8201	0	92.8205
31.6477	88.8201	0.0825083	92.8205
31.658	88.9026	0	92.8205
31.659	88.9439	0.0825083	92.8205
31.693	89.0264	0	92.8205
31.6938	89.0264	0.0825083	92.8205
31.7659	89.1089	0	92.8205
31.7663	89.1502	0.0825083	92.8205
31.8271	89.2327	0	92.8205
31.8275	89.2739	0.0825083	92.8205
31.8401	89.3564	0	92.8205
31.8431	89.3564	0.165017	92.8205
31.8444	89.4389	0.0825083	92.8205
32.0753	89.5215	0	92.8205
32.081	89.5627	0.0825083	92.8205
32.3111	89.6452	0	92.8205
32.3123	89.6865	0.0825083	92.8205
32.6278	89.769	0	92.8205
32.6293	89.8102	0.0825083	92.8205
32.7973	89.8927	0	92.8205
32.7979	89.934	0.0825083	92.8205
33.319	90.0165	0	92.8205
33.3246	90.0578	0.0825083	92.8205
34.0901	90.1403	0	92.8205
34.0908	90.1815	0.0825083	92.8205
34.1694	90.264	0	92.8205
34.1705	90.264	0.165017	92.8205
34.1714	90.3465	0.0825083	92.8205
34.3446	90.429	0	92.8205
34.3461	90.4703	0.0825083	92.8205
34.4699	90.5528	0	92.8205
34.4723	90.5941	0.0825083	92.8205
34.7238	90.6766	0	92.8205
34.7245	90.6766	0.165017	92.8205
34.726	90.7591	0.0825083	92.8205
37.1836	90.8416	0	92.8205
37.3137	90.8416	0	93.8462
37.3145	90.8828	0.0825083	93.8462
37.6352	90.9653	0	93.8462
37.6432	91.0066	0.0825083	93.8462
37.6728	91.0891	0	93.8462
37.6753	91.0891	0.165017	93.8462
37.6821	91.1716	0.0825083	93.8462
38.2172	91.2541	0	93.8462
38.2205	91.2954	0.0825083	93.8462
38.4885	91.3779	0	93.8462
38.4902	91.3779	0.0825083	93.8462
38.7752	91.4604	0	93.8462
38.7755	91.5016	0.0825083	93.8462
39.6182	91.5842	0	93.8462
39.6201	91.5842	0.165017	93.8462
39.622	91.6667	0.0825083	93.8462
39.7001	91.7492	0	93.8462
41.2065	91.7492	0	94.8718
41.9888	91.7492	0	95.8974
41.9902	91.7492	0.165017	95.8974
41.9918	91.8317	0.0825083	95.8974
42.2701	91.9142	0	95.8974
42.2702	91.9142	0.0825083	95.8974
42.4376	91.9967	0	95.8974
42.4391	92.038	0.0825083	95.8974
42.6831	92.1205	0	95.8974
42.6831	92.1205	0.165017	95.8974
42.6832	92.203	0.0825083	95.8974
43.3046	92.2855	0	95.8974
43.3053	92.3267	0.0825083	95.8974
44.2711	92.4092	0	95.8974
44.2722	92.4505	0.0825083	95.8974
44.3541	92.533	0	95.8974
44.355	92.533	0.165017	95.8974
44.3584	92.6155	0.0825083	95.8974
44.7445	92.698	0	95.8974
44.7466	92.7393	0.0825083	95.8974
45.4324	92.8218	0	95.8974
45.4325	92.8218	0.165017	95.8974
45.4344	92.9043	0.0825083	95.8974
45.8641	92.9868	0	95.8974
45.8661	92.9868	0.165017	95.8974
45.8729	93.0693	0.0825083	95.8974
46.0736	93.1518	0	95.8974
46.074	93.1518	0.0825083	95.8974
47.1113	93.2343	0	95.8974
47.1181	93.2756	0.0825083	95.8974
47.3994	93.3581	0	95.8974
47.3999	93.3993	0.0825083	95.8974
47.6859	93.4818	0	95.8974
47.6892	93.5231	0.0825083	95.8974
48.2376	93.6056	0	95.8974
48.2398	93.6056	0.165017	95.8974
48.2405	93.6881	0.0825083	95.8974
48.3503	93.7706	0	95.8974
48.3504	93.7706	0.165017	95.8974
48.3511	93.8531	0.0825083	95.8974
49.1462	93.9356	0	95.8974
49.1476	93.9356	0.0825083	95.8974
49.2735	94.0182	0	95.8974
49.2748	94.0594	0.0825083	95.8974
49.9267	94.1419	0	95.8974
49.9288	94.1832	0.0825083	95.8974
51.008	94.2657	0	95.8974
51.0125	94.3069	0.0825083	95.8974
51.7089	94.3894	0	95.8974
51.7132	94.4307	0.0825083	95.8974
53.0602	94.5132	0	95.8974
53.0639	94.5545	0.0825083	95.8974
57.2053	94.637	0	95.8974
57.2071	94.6782	0.0825083	95.8974
57.4396	94.7607	0	95.8974
57.4434	94.802	0.0825083	95.8974
62.273	94.8845	0	95.8974
62.2736	94.9257	0.0825083	95.8974
66.9248	95.0082	0	95.8974
66.9255	95.0082	0.165017	95.8974
66.9325	95.0908	0.0825083	95.8974
74.495	95.1733	0	95.8974
74.4959	95.2145	0.0825083	95.8974
75.9285	95.297	0	95.8974
75.9298	95.297	0.0825083	95.8974
85.5766	95.3795	0	95.8974
85.5795	95.4208	0.0825083	95.8974
86.1727	95.5033	0	95.8974
86.1739	95.5446	0.0825083	95.8974
94.7398	95.6271	0	95.8974
94.7421	95.6683	0.0825083	95.8974
100.384	95.7508	0	95.8974
100.388	95.7508	0.165017	95.8974
100.389	95.8333	0.0825083	95.8974
102.808	95.9158	0	95.8974
102.81	95.9158	0.0825083	95.8974
104.094	95.9984	0	95.8974
104.094	96.0396	0.0825083	95.8974
449.034	96.1221	0	95.8974
791.158	96.1221	0	96.9231
823.986	96.1221	0	97.9487
823.987	96.1221	0.0825083	97.9487
847.764	96.2046	0	97.9487
847.764	96.2046	0.165017	97.9487
848.018	96.2871	0.0825083	97.9487
1015.43	96.3696	0	97.9487
1449.28	96.3696	0	98.9744
2362.27	96.3696	0	100
2362.27	96.3696	0.165017	100
2362.3	96.4521	0.0825083	100
2529.94	96.5347	0	100
2530.46	96.5347	0.165017	100
2530.59	96.6172	0.0825083	100
3300.22	96.6997	0	100
3301.45	96.7409	0.0825083	100
4009.97	96.8234	0	100
4009.97	96.8234	0.165017	100
4010.14	96.9059	0.0825083	100
4223.66	96.9884	0	100
4223.67	96.9884	0.165017	100
4223.99	97.071	0.0825083	100
4377.84	97.1535	0	100
4377.84	97.1535	0.165017	100
4384.66	97.236	0.0825083	100
4634.47	97.3185	0	100
4634.47	97.3185	0.0825083	100
5170.58	97.401	0	100
5170.59	97.401	0.165017	100
5170.9	97.4835	0.0825083	100
5715.03	97.566	0	100
5715.12	97.6073	0.0825083	100
6161.4	97.6898	0	100
6161.4	97.6898	0.0825083	100
6482.02	97.7723	0	100
6487.18	97.8135	0.0825083	100
6882.26	97.896	0	100
6882.37	97.9373	0.0825083	100
7415.11	98.0198	0	100
7419.97	98.0611	0.0825083	100
7596.28	98.1436	0	100
7596.28	98.1436	0.0825083	100
7624.24	98.2261	0	100
7625.46	98.2673	0.0825083	100
9231.4	98.3498	0	100
9231.41	98.3498	0.0825083	100
10713.8	98.4323	0	100
10713.8	98.4323	0.165017	100
10714	98.5149	0.0825083	100
11346.9	98.5974	0	100
11348.5	98.6386	0.0825083	100
12086.8	98.7211	0	100
12087.2	98.7624	0.0825083	100
12472.5	98.8449	0	100
12472.5	98.8449	0.0825083	100
13161.7	98.9274	0	100
13162.3	98.9686	0.0825083	100
13246.4	99.0512	0	100
13247.1	99.0512	0.165017	100
13247.8	99.1337	0.0825083	100
13704.4	99.2162	0	100
13706.1	99.2574	0.0825083	100
25249	99.3399	0	100
25249	99.3399	0.0825083	100
26437.3	99.4224	0	100
26438	99.4637	0.0825083	100
36443.9	99.5462	0	100
36443.9	99.5462	0.165017	100
36445	99.6287	0.0825083	100
38138.9	99.7112	0	100
38139.7	99.7525	0.0825083	100
46624.1	99.835	0	100
46624.6	99.835	0.165017	100
46624.7	99.9175	0.0825083	100
