1.63133e-06	0	0	0
2.57279e-05	0	0	0
3.35806e-05	0	0	0
3.60229e-05	0	0	0
3.62165e-05	0	0	0
3.96463e-05	0	0	0
4.00195e-05	0	0	0
4.12218e-05	0	0	0
4.23273e-05	0	0	0
4.35925e-05	0	0	0
4.4261e-05	0	0	0
4.58806e-05	0	0	0
4.76227e-05	0	0	0
4.87976e-05	0	0	0
5.59527e-05	0	0	0
6.01796e-05	0	0	0
6.61041e-05	0	0	0
6.71998e-05	0	0	0
6.73517e-05	0	0	0
6.89242e-05	0	0	0
6.9012e-05	0	0	0
7.4441e-05	0	0	0
8.34658e-05	0	0	0
8.42346e-05	0	0	0
8.55663e-05	0	0	0
9.09451e-05	0	0	0
9.50362e-05	0	0	0
9.57653e-05	0	0	0
9.99436e-05	0	0	0
0.000101108	0	0	0
0.000105114	0	0	0
0.000107493	0	0	0
0.0001272	0	0	0
0.000128088	0	0	0
0.000134137	0	0	0
0.000135253	0	0	0
0.000139831	0	0	0
0.000142327	0	0	0
0.000146963	0	0	0
0.000148412	0	0	0
0.000155235	0	0	0
0.00015984	0	0	0
0.000160059	0	0	0
0.000161395	0	0	0
0.000164912	0	0	0
0.000169028	0	0	0
0.000169214	0	0	0
0.000171539	0	0	0
0.000172595	0	0	0
0.000173149	0	0	0
0.000175422	0	0	0
0.000182084	0	0	0
0.000185332	0	0	0
0.000187571	0	0	0
0.000201155	0	0	0
0.000205146	0	0	0
0.000208994	0	0	0
0.000209224	0	0	0
0.0002098	0	0	0
0.000210112	0	0	0
0.000214841	0	0	0
0.000217529	0	0	0
0.000217654	0	0	0
0.00021916	0	0	0
0.000220043	0	0	0
0.000222202	0	0	0
0.000222825	0	0	0
0.000224258	0	0	0
0.000225268	0	0	0
0.000231011	0	0	0
0.000231474	0	0	0
0.000239392	0	0	0
0.000241252	0	0	0
0.000243766	0	0	0
0.000243778	0	0	0
0.000250455	0	0	0
0.000254295	0	0	0
0.000259879	0	0	0
0.000265687	0	0	0
0.000268427	0	0	0
0.000284471	0	0	0
0.000285194	0	0	0
0.000287179	0	0	0
0.000287421	0	0	0
0.000295474	0	0	0
0.000300158	0	0	0
0.000301308	0	0	0
0.000303928	0	0	0
0.000305023	0	0	0
0.000308813	0	0	0
0.000322837	0	0	0
0.000326016	0	0	0
0.000327446	0	0	0
0.00033311	0	0	0
0.000333971	0	0	0
0.000334118	0	0	0
0.000345289	0	0	0
0.000346322	0	0	0
0.000350803	0	0	0
0.000352494	0	0	0
0.000353399	0	0	0
0.000357206	0	0	0
0.000359381	0	0	0
0.0003634	0	0	0
0.000363621	0	0	0
0.000364616	0	0	0
0.000371008	0	0	0
0.000378208	0	0	0
0.00038015	0	0	0
0.000380956	0	0	0
0.000387788	0	0	0
0.00038791	0	0	0
0.000388271	0	0	0
0.000390699	0	0	0
0.000395296	0	0	0
0.000396233	0	0	0
0.000397417	0	0	0
0.000399157	0	0	0
0.000399595	0	0	0
0.000399652	0	0	0
0.000400065	0	0	0
0.000404214	0	0	0
0.000405953	0	0	0
0.000407722	0	0	0
0.00041182	0	0	0
0.000413456	0	0	0
0.000414455	0	0	0
0.000415322	0	0	0
0.000415943	0	0	0
0.000416224	0	0	0
0.000416986	0	0	0
0.000418423	0	0	0
0.000427647	0	0	0
0.000436661	0	0	0
0.000438416	0	0	0
0.000438821	0	0	0
0.000441323	0	0	0
0.000441934	0	0	0
0.000457979	0	0	0
0.000459545	0	0	0
0.000463902	0	0	0
0.000471346	0	0	0
0.000472097	0	0	0
0.000473005	0	0	0
0.000478993	0	0	0
0.000486828	0	0	0
0.000489333	0	0	0
0.000505777	0	0	0
0.000506621	0	0	0
0.000517649	0	0	0
0.000518607	0	0	0
0.000521188	0	0	0
0.000521523	0	0	0
0.000527743	0	0	0
0.000528831	0	0	0
0.00053112	0	0	0
0.000537542	0	0	0
0.000537706	0	0	0
0.000537989	0	0	0
0.000539843	0	0	0
0.000546945	0	0	0
0.000547593	0	0	0
0.00054835	0	0	0
0.000551354	0	0	0
0.000553023	0	0	0
0.000556228	0	0	0
0.000558003	0	0	0
0.000558356	0	0	0
0.000558381	0	0	0
0.000565886	0	0	0
0.000568749	0	0	0
0.000578324	0	0	0
0.000581376	0	0	0
0.00058287	0	0	0
0.000589543	0	0	0
0.000589669	0	0	0
0.000593831	0	0	0
0.000594666	0	0	0
0.000594904	0	0	0
0.000605626	0	0	0
0.000611318	0	0	0
0.000611613	0	0	0
0.000611779	0	0	0
0.000619812	0	0	0
0.000620569	0	0	0
0.000622416	0	0	0
0.000623027	0	0	0
0.000625577	0	0	0
0.000631462	0	0	0
0.000631856	0	0	0
0.000632325	0	0	0
0.000635952	0	0	0
0.000638175	0	0	0
0.000646244	0	0	0
0.000652992	0	0	0
0.000654336	0	0	0
0.000659368	0	0	0
0.000661473	0	0	0
0.000661771	0	0	0
0.000665076	0	0	0
0.000669473	0	0	0
0.000673789	0	0	0
0.000674011	0	0	0
0.000679984	0	0	0
0.000682173	0	0	0
0.000682176	0	0	0
0.00068478	0	0	0
0.000690477	0	0	0
0.000690686	0	0	0
0.000691067	0	0	0
0.000693619	0	0	0
0.000696644	0	0	0
0.000696885	0	0	0
0.000698344	0	0	0
0.00070303	0	0	0
0.00070647	0	0	0
0.000711724	0	0	0
0.000712861	0	0	0
0.000713371	0	0	0
0.000714339	0	0	0
0.000719884	0	0	0
0.000720258	0	0	0
0.000730627	0	0	0
0.000736738	0	0	0
0.000739795	0	0	0
0.000742918	0	0	0
0.000743892	0	0	0
0.000745145	0	0	0
0.000752303	0	0	0
0.000754862	0	0	0
0.000756471	0	0	0
0.000759824	0	0	0
0.000768218	0	0	0
0.0007733	0	0	0
0.000774563	0	0	0
0.000774937	0	0	0
0.000777743	0	0	0
0.00077994	0	0	0
0.000786532	0	0	0
0.000788943	0	0	0
0.000789572	0	0	0
0.000792832	0	0	0
0.000796824	0	0	0
0.000799842	0	0	0
0.000802197	0	0	0
0.000802446	0	0	0
0.000805726	0	0	0
0.000810233	0	0	0
0.000815612	0	0	0
0.000833705	0	0	0
0.000846321	0	0	0
0.000850561	0	0	0
0.00085573	0	0	0
0.000858361	0	0	0
0.000860915	0	0	0
0.000866541	0	0	0
0.0008689	0	0	0
0.000870601	0	0	0
0.000873399	0	0	0
0.000878393	0	0	0
0.000885891	0	0	0
0.000887753	0	0	0
0.000887852	0	0	0
0.00088808	0	0	0
0.000897857	0	0	0
0.000900622	0	0	0
0.000902502	0	0	0
0.000904817	0	0	0
0.000906046	0	0	0
0.000907918	0	0	0
0.000914068	0	0	0
0.000917585	0	0	0
0.000927552	0	0	0
0.000931149	0	0	0
0.000935837	0	0	0
0.000938425	0	0	0
0.000943586	0	0	0
0.000946043	0	0	0
0.000947543	0	0	0
0.000947815	0	0	0
0.000949288	0	0	0
0.000954084	0	0	0
0.00095722	0	0	0
0.000961284	0	0	0
0.000962185	0	0	0
0.000964975	0	0	0
0.000967193	0	0	0
0.000970833	0	0	0
0.000976417	0	0	0
0.000986653	0	0	0
0.000986828	0	0	0
0.000989491	0	0	0
0.000992276	0	0	0
0.000994653	0	0	0
0.000994668	0	0	0
0.000995092	0	0	0
0.000996352	0	0	0
0.00100032	0	0	0
0.0010007	0	0	0
0.00100126	0	0	0
0.00100661	0	0	0
0.00101158	0	0	0
0.00101371	0	0	0
0.00101651	0	0	0
0.00103006	0	0	0
0.00103242	0	0	0
0.00103335	0	0	0
0.00103449	0	0	0
0.00103651	0	0	0
0.00104376	0	0	0
0.00104503	0	0	0
0.00104546	0	0	0
0.00104716	0	0	0
0.00104945	0	0	0
0.0010534	0	0	0
0.00105685	0	0	0
0.00106186	0	0	0
0.00106225	0	0	0
0.0010636	0	0	0
0.00106672	0	0	0
0.00108045	0	0	0
0.00108609	0	0	0
0.00108685	0	0	0
0.00109137	0	0	0
0.00109268	0	0	0
0.00109326	0	0	0
0.00109659	0	0	0
0.00109659	0	0	0
0.00109681	0	0	0
0.00109844	0	0	0
0.00110029	0	0	0
0.00110628	0	0	0
0.00111155	0	0	0
0.00111179	0	0	0
0.00111801	0	0	0
0.00111906	0	0	0
0.00112415	0	0	0
0.00112434	0	0	0
0.00113121	0	0	0
0.00113585	0	0	0
0.00113933	0	0	0
0.00114271	0	0	0
0.00114682	0	0	0
0.00114898	0	0	0
0.00115373	0	0	0
0.00115583	0	0	0
0.00115785	0	0	0
0.00115813	0	0	0
0.00116164	0	0	0
0.00117043	0	0	0
0.00117124	0	0	0
0.00117541	0	0	0
0.00117674	0	0	0
0.00118019	0	0	0
0.00118089	0	0	0
0.00118284	0	0	0
0.00118389	0	0	0
0.00119041	0	0	0
0.00119281	0	0	0
0.00119751	0	0	0
0.00119988	0	0	0
0.00120067	0	0	0
0.00120475	0	0	0
0.00120595	0	0	0
0.00120762	0	0	0
0.00120911	0	0	0
0.0012124	0	0	0
0.00121697	0	0	0
0.00121842	0	0	0
0.00122573	0	0	0
0.0012275	0	0	0
0.00122838	0	0	0
0.00123884	0	0	0
0.00125509	0	0	0
0.00125644	0	0	0
0.00125811	0	0	0
0.00126094	0	0	0
0.00126124	0	0	0
0.00126306	0	0	0
0.00126371	0	0	0
0.00126449	0	0	0
0.00126652	0	0	0
0.00127264	0	0	0
0.00127616	0	0	0
0.00129456	0	0	0
0.0013004	0	0	0
0.00130592	0	0	0
0.00130594	0	0	0
0.00131205	0	0	0
0.00131235	0	0	0
0.00131422	0	0	0
0.00131655	0	0	0
0.00131837	0	0	0
0.0013215	0	0	0
0.00132585	0	0	0
0.00133104	0	0	0
0.00133463	0	0	0
0.00133998	0	0	0
0.00134168	0	0	0
0.00134267	0	0	0
0.00134971	0	0	0
0.0013503	0	0	0
0.00135955	0	0	0
0.00136621	0	0	0
0.00136908	0	0	0
0.0013704	0	0	0
0.00137736	0	0	0
0.00137771	0	0	0
0.00138624	0	0	0
0.00138647	0	0	0
0.00138894	0	0	0
0.00139139	0	0	0
0.00139195	0	0	0
0.00139791	0	0	0
0.00140027	0	0	0
0.00141175	0	0	0
0.00142353	0	0	0
0.0014323	0	0	0
0.00143726	0	0	0
0.00144213	0	0	0
0.00145865	0	0	0
0.00146479	0	0	0
0.00146515	0	0	0
0.00146846	0	0	0
0.00147092	0	0	0
0.00147534	0	0	0
0.00148149	0	0	0
0.00148621	0	0	0
0.00149018	0	0	0
0.00150163	0	0	0
0.00150168	0	0	0
0.00150762	0	0	0
0.00150875	0	0	0
0.00151219	0	0	0
0.00151869	0	0	0
0.00152071	0	0	0
0.0015216	0	0	0
0.00152733	0	0	0
0.00153193	0	0	0
0.00153663	0	0	0
0.0015433	0	0	0
0.00154369	0	0	0
0.00154399	0	0	0
0.00154644	0	0	0
0.00154759	0	0	0
0.00156647	0	0	0
0.00157431	0	0	0
0.00157987	0	0	0
0.00158917	0	0	0
0.00158978	0	0	0
0.00159663	0	0	0
0.00160154	0	0	0
0.00161573	0	0	0
0.00161727	0	0	0
0.00161939	0	0	0
0.0016214	0	0	0
0.00162763	0	0	0
0.00162868	0	0	0
0.00162875	0	0	0
0.00163586	0	0	0
0.00163601	0	0	0
0.00164746	0	0	0
0.00165076	0	0	0
0.00165152	0	0	0
0.00166105	0	0	0
0.00166427	0	0	0
0.00166601	0	0	0
0.00166733	0	0	0
0.00166815	0	0	0
0.00167238	0	0	0
0.0016756	0	0	0
0.00167634	0	0	0
0.00167694	0	0	0
0.00167835	0	0	0
0.00168338	0	0	0
0.00169521	0	0	0
0.00169802	0	0	0
0.00169926	0	0	0
0.00170453	0	0	0
0.00170499	0	0	0
0.00170899	0	0	0
0.00171055	0	0	0
0.00171416	0	0	0
0.00172181	0	0	0
0.00175684	0	0	0
0.00175992	0	0	0
0.00176938	0	0	0
0.00177033	0	0	0
0.00177179	0	0	0
0.00177591	0	0	0
0.00178022	0	0	0
0.00178163	0	0	0
0.00178384	0	0	0
0.00179045	0	0	0
0.00179046	0	0	0
0.00179562	0	0	0
0.00179609	0	0	0
0.00181965	0	0	0
0.00182272	0	0	0
0.0018268	0	0	0
0.00182913	0	0	0
0.00183026	0	0	0
0.00183064	0	0	0
0.00183579	0	0	0
0.00184292	0	0	0
0.00184299	0	0	0
0.00184342	0	0	0
0.00184509	0	0	0
0.00184966	0	0	0
0.0018497	0	0	0
0.0018531	0	0	0
0.00186348	0	0	0
0.00186402	0	0	0
0.00186612	0	0	0
0.00187404	0	0	0
0.00187657	0	0	0
0.00187731	0	0	0
0.00188075	0	0	0
0.00188319	0	0	0
0.00189258	0	0	0
0.00189958	0	0	0
0.00189984	0	0	0
0.00190477	0	0	0
0.00190484	0	0	0
0.00190571	0	0	0
0.00190635	0	0	0
0.001908	0	0	0
0.00191899	0	0	0
0.00192482	0	0	0
0.00193275	0	0	0
0.00193901	0	0	0
0.00194974	0	0	0
0.00195704	0	0	0
0.00195762	0	0	0
0.00195783	0	0	0
0.00197123	0	0	0
0.00197511	0	0	0
0.00198746	0	0	0
0.00200473	0	0	0
0.00203832	0	0	0
0.00203846	0	0	0
0.00204695	0	0	0
0.00205026	0	0	0
0.0020678	0	0	0
0.00207232	0	0	0
0.00207667	0	0	0
0.0020806	0	0	0
0.00208103	0	0	0
0.0020844	0	0	0
0.00209353	0	0	0
0.00209451	0	0	0
0.00210975	0	0	0
0.00211129	0	0	0
0.00211213	0	0	0
0.00211289	0	0	0
0.0021145	0	0	0
0.00211727	0	0	0
0.00212412	0	0	0
0.00212829	0	0	0
0.00214422	0	0	0
0.00214648	0	0	0
0.0021523	0	0	0
0.0021626	0	0	0
0.00216408	0	0	0
0.00216633	0	0	0
0.00217642	0	0	0
0.00218287	0	0	0
0.00218478	0	0	0
0.00218855	0	0	0
0.0021918	0	0	0
0.00219292	0	0	0
0.00221553	0	0	0
0.00221989	0	0	0
0.0022274	0	0	0
0.00223047	0	0	0
0.00223344	0	0	0
0.00223795	0	0	0
0.0022385	0	0	0
0.00223895	0	0	0
0.00224907	0	0	0
0.00225564	0	0	0
0.00225589	0	0	0
0.00226675	0	0	0
0.00227092	0	0	0
0.002279	0	0	0
0.00229153	0	0	0
0.00231058	0	0	0
0.00231779	0	0	0
0.00231848	0	0	0
0.00232122	0	0	0
0.00232697	0	0	0
0.00234528	0	0	0
0.00235309	0	0	0
0.0023556	0	0	0
0.00235574	0	0	0
0.00236325	0	0	0
0.00236486	0	0	0
0.00236636	0	0	0
0.00236769	0	0	0
0.00236939	0	0	0
0.00239255	0	0	0
0.0023943	0	0	0
0.00239518	0	0	0
0.00239693	0	0	0
0.00240056	0	0	0
0.00241574	0	0	0
0.00242326	0	0	0
0.00243234	0	0	0
0.00243686	0	0	0
0.00244327	0	0	0
0.00246317	0	0	0
0.00246872	0	0	0
0.00247432	0	0	0
0.0024883	0	0	0
0.00250716	0	0	0
0.00251125	0	0	0
0.00251742	0	0	0
0.00251759	0	0	0
0.002533	0	0	0
0.00256381	0	0	0
0.00257667	0	0	0
0.00258313	0	0	0
0.00258397	0	0	0
0.00258462	0	0	0
0.00258683	0	0	0
0.00260689	0	0	0
0.00262592	0	0	0
0.00263504	0	0	0
0.00265112	0	0	0
0.00266884	0	0	0
0.00267577	0	0	0
0.00268355	0	0	0
0.00272227	0	0	0
0.00273452	0	0	0
0.0027511	0	0	0
0.00276727	0	0	0
0.00278442	0	0	0
0.00279059	0	0	0
0.00279391	0	0	0
0.00279738	0	0	0
0.00282262	0	0	0
0.00282888	0	0	0
0.00284505	0	0	0
0.00284547	0	0	0
0.00284797	0	0	0
0.00284956	0	0	0
0.00286833	0	0	0
0.00289167	0	0	0
0.00289601	0	0	0
0.00290299	0	0	0
0.00290559	0	0	0
0.00291084	0	0	0
0.00292336	0	0	0
0.002925	0	0	0
0.00297491	0	0	0
0.00298806	0	0	0
0.00301127	0	0	0
0.00303025	0	0	0
0.00304138	0	0	0
0.00304638	0	0	0
0.0030502	0	0	0
0.00305419	0	0	0
0.00306355	0	0	0
0.00306737	0	0	0
0.00308938	0	0	0
0.00310349	0	0	0
0.00311551	0	0	0
0.00314398	0	0	0
0.00315968	0	0	0
0.00316928	0	0	0
0.00317372	0	0	0
0.00317917	0	0	0
0.00320796	0	0	0
0.00320963	0	0	0
0.00322107	0	0	0
0.00322336	0	0	0
0.00327953	0	0	0
0.00329268	0	0	0
0.00329741	0	0	0
0.00330639	0	0	0
0.00330847	0	0	0
0.00331779	0	0	0
0.00337646	0	0	0
0.00342553	0	0	0
0.0034274	0	0	0
0.00342878	0	0	0
0.00348571	0	0	0
0.00352606	0	0	0
0.00353094	0	0	0
0.00353372	0	0	0
0.00357518	0	0	0
0.0035766	0	0	0
0.00364773	0	0	0
0.00367513	0	0	0
0.00371391	0	0	0
0.00373927	0	0	0
0.00373963	0	0	0
0.00374549	0	0	0
0.0037594	0	0	0
0.00376873	0	0	0
0.00378563	0	0	0
0.0038232	0	0	0
0.00390515	0	0	0
0.00402817	0	0	0
0.00404434	0	0	0
0.00405009	0	0	0
0.00415765	0	0	0
0.00416376	0	0	0
0.00419503	0	0	0
0.00420716	0	0	0
0.00438747	0	0	0
0.0043956	0	0	0
0.00440193	0	0	0
0.00459989	0	0	0
0.00463617	0	0	0
0.00470065	0	0	0
0.00475321	0	0	0
0.00478002	0	0	0
0.00481064	0	0	0
0.00495992	0	0	0
0.00500204	0	0	0
0.00500539	0	0	0
0.0050436	0	0	0
0.005098	0	0	0
0.00512562	0	0	0
0.00513929	0	0	0
0.00521271	0	0	0
0.00521779	0	0	0
0.00541164	0	0	0
0.00606419	0	0	0
0.00620012	0	0	0
0.00627874	0	0	0
0.00652548	0	0	0
0.00678711	0	0	0
0.0073405	0	0	0
0.00752059	0	0	0
0.00791358	0	0	0
0.00835994	0	0	0
0.0100025	0	0	0
0.0101664	0	0	0
0.0570636	0	0	0
0.0641045	0.0412541	0.0825083	0
0.0695359	0.123762	0	0
0.0697748	0.123762	0.165017	0
0.0714102	0.206271	0.0825083	0
0.085299	0.288779	0	0
0.0853822	0.330033	0.0825083	0
0.0924662	0.412541	0	0
0.0945211	0.412541	0	0
0.0953967	0.412541	0.0825083	0
0.0979696	0.49505	0	0
0.0999513	0.49505	0.0825083	0
0.100535	0.49505	0.0825083	0.507614
0.134792	0.577558	0	0.507614
0.13513	0.577558	0	1.01523
0.135137	0.577558	0.165017	1.01523
0.135149	0.660066	0.0825083	1.01523
0.141954	0.742574	0	1.01523
0.143499	0.783828	0.0825083	1.01523
0.154029	0.866337	0	1.01523
0.156122	0.907591	0.0825083	1.01523
0.158998	0.990099	0	1.01523
0.160113	1.03135	0.0825083	1.01523
0.188443	1.11386	0	1.01523
0.204855	1.11386	0	1.52284
0.22255	1.11386	0	2.03046
0.222777	1.15512	0.0825083	2.03046
0.239466	1.23762	0	2.03046
0.266179	1.23762	0.165017	2.03046
0.266481	1.23762	0.330033	2.03046
0.267834	1.32013	0.247525	2.03046
0.269372	1.40264	0.165017	2.03046
0.271231	1.40264	0.247525	2.03046
0.293769	1.48515	0.165017	2.03046
0.303278	1.48515	0.165017	2.03046
0.304047	1.5264	0.247525	2.03046
0.307776	1.60891	0.165017	2.03046
0.309476	1.60891	0.330033	2.03046
0.309927	1.69142	0.247525	2.03046
0.319765	1.77393	0.165017	2.03046
0.326274	1.81518	0.247525	2.03046
0.337095	1.89769	0.165017	2.03046
0.337873	1.93894	0.247525	2.03046
0.338897	2.02145	0.165017	2.03046
0.339253	2.02145	0.330033	2.03046
0.339652	2.10396	0.247525	2.03046
0.352643	2.18647	0.165017	2.03046
0.353131	2.18647	0.330033	2.03046
0.354533	2.26898	0.247525	2.03046
0.375688	2.35149	0.165017	2.03046
0.376336	2.35149	0.165017	2.53807
0.3766	2.35149	0.330033	2.53807
0.376627	2.43399	0.247525	2.53807
0.383612	2.5165	0.165017	2.53807
0.384172	2.55776	0.247525	2.53807
0.384251	2.64026	0.165017	2.53807
0.385108	2.64026	0.330033	2.53807
0.386581	2.72277	0.247525	2.53807
0.386767	2.80528	0.165017	2.53807
0.387355	2.80528	0.330033	2.53807
0.388149	2.88779	0.247525	2.53807
0.398371	2.9703	0.165017	2.53807
0.398618	2.9703	0.330033	2.53807
0.399177	3.05281	0.247525	2.53807
0.39947	3.05281	0.412541	2.53807
0.400509	3.13531	0.330033	2.53807
0.400903	3.21782	0.247525	2.53807
0.402657	3.21782	0.247525	2.53807
0.40372	3.30033	0.165017	2.53807
0.410914	3.38284	0.0825083	2.53807
0.411431	3.38284	0.247525	2.53807
0.411944	3.46535	0.165017	2.53807
0.418058	3.54785	0.0825083	2.53807
0.418446	3.54785	0.247525	2.53807
0.418887	3.63036	0.165017	2.53807
0.422062	3.71287	0.0825083	2.53807
0.423021	3.75413	0.165017	2.53807
0.428359	3.83663	0.0825083	2.53807
0.43118	3.87789	0.165017	2.53807
0.434423	3.9604	0.0825083	2.53807
0.454272	3.9604	0.0825083	2.53807
0.455033	4.00165	0.165017	2.53807
0.496902	4.08416	0.0825083	2.53807
0.49781	4.12541	0.165017	2.53807
0.506947	4.20792	0.0825083	2.53807
0.509166	4.24918	0.165017	2.53807
0.51404	4.33168	0.0825083	2.53807
0.514852	4.33168	0.165017	2.53807
0.516118	4.41419	0.0825083	2.53807
0.516477	4.41419	0.247525	2.53807
0.520123	4.4967	0.165017	2.53807
0.524791	4.57921	0.0825083	2.53807
0.525868	4.62046	0.165017	2.53807
0.526034	4.62046	0.247525	2.53807
0.52712	4.70297	0.165017	2.53807
0.540199	4.78548	0.0825083	2.53807
0.565358	4.78548	0.0825083	2.53807
0.565367	4.82673	0.165017	2.53807
0.574888	4.90924	0.0825083	2.53807
0.576062	4.9505	0.165017	2.53807
0.576226	5.033	0.0825083	2.53807
0.579185	5.07426	0.165017	2.53807
0.592377	5.15677	0.0825083	2.53807
0.592977	5.19802	0.165017	2.53807
0.603828	5.28053	0.0825083	2.53807
0.616814	5.28053	0.0825083	3.04569
0.624431	5.32178	0.165017	3.04569
0.628831	5.40429	0.0825083	3.04569
0.629822	5.40429	0.0825083	3.04569
0.633198	5.40429	0.247525	3.04569
0.633774	5.4868	0.165017	3.04569
0.634122	5.56931	0.0825083	3.04569
0.655164	5.56931	0.0825083	3.04569
0.657489	5.56931	0.0825083	3.5533
0.660511	5.61056	0.165017	3.5533
0.695631	5.69307	0.0825083	3.5533
0.69768	5.69307	0.0825083	3.5533
0.752299	5.69307	0.0825083	3.5533
0.75489	5.69307	0.247525	3.5533
0.755103	5.77558	0.165017	3.5533
0.775259	5.85809	0.0825083	3.5533
0.778557	5.89934	0.165017	3.5533
0.792117	5.98185	0.0825083	3.5533
0.792684	6.0231	0.165017	3.5533
0.794416	6.06436	0.247525	3.5533
0.795128	6.14686	0.165017	3.5533
0.798319	6.22937	0.0825083	3.5533
0.800667	6.22937	0.247525	3.5533
0.802033	6.31188	0.165017	3.5533
0.803153	6.31188	0.247525	3.5533
0.806135	6.39439	0.165017	3.5533
0.819701	6.4769	0.0825083	3.5533
0.820805	6.51815	0.165017	3.5533
0.826559	6.60066	0.0825083	3.5533
0.832041	6.60066	0.0825083	4.06091
0.832824	6.60066	0.0825083	4.56853
0.833585	6.64191	0.165017	4.56853
0.841046	6.72442	0.0825083	4.56853
0.84163	6.76568	0.165017	4.56853
0.849006	6.84818	0.0825083	4.56853
0.850602	6.84818	0.247525	4.56853
0.852217	6.93069	0.165017	4.56853
0.852374	7.0132	0.0825083	4.56853
0.876958	7.0132	0.0825083	4.56853
0.879106	7.05446	0.165017	4.56853
0.883442	7.13696	0.0825083	4.56853
0.88358	7.17822	0.165017	4.56853
0.899479	7.26073	0.0825083	4.56853
0.906441	7.26073	0.0825083	4.56853
0.906648	7.26073	0.247525	4.56853
0.907746	7.34323	0.165017	4.56853
0.92059	7.42574	0.0825083	4.56853
0.920592	7.42574	0.247525	4.56853
0.921975	7.50825	0.165017	4.56853
0.939501	7.59076	0.0825083	4.56853
0.942162	7.63201	0.165017	4.56853
0.945351	7.71452	0.0825083	4.56853
0.946301	7.71452	0.247525	4.56853
0.946652	7.79703	0.165017	4.56853
0.964834	7.87954	0.0825083	4.56853
0.967753	7.87954	0.0825083	4.56853
0.969093	7.92079	0.165017	4.56853
0.97086	8.0033	0.0825083	4.56853
0.971056	8.0033	0.247525	4.56853
0.971283	8.08581	0.165017	4.56853
1.00548	8.16832	0.0825083	4.56853
1.00773	8.20957	0.165017	4.56853
1.01931	8.29208	0.0825083	4.56853
1.03122	8.33333	0.165017	4.56853
1.03562	8.41584	0.0825083	4.56853
1.03596	8.4571	0.165017	4.56853
1.03933	8.5396	0.0825083	4.56853
1.03973	8.58086	0.165017	4.56853
1.05105	8.66337	0.0825083	4.56853
1.05155	8.70462	0.165017	4.56853
1.05227	8.78713	0.0825083	4.56853
1.0531	8.82838	0.165017	4.56853
1.09278	8.91089	0.0825083	4.56853
1.09685	8.95215	0.165017	4.56853
1.10732	9.03465	0.0825083	4.56853
1.10755	9.07591	0.165017	4.56853
1.1159	9.15842	0.0825083	4.56853
1.11747	9.15842	0.247525	4.56853
1.12185	9.24092	0.165017	4.56853
1.12399	9.32343	0.0825083	4.56853
1.12419	9.36469	0.165017	4.56853
1.12499	9.36469	0.330033	4.56853
1.12504	9.4472	0.247525	4.56853
1.1251	9.5297	0.165017	4.56853
1.12848	9.61221	0.0825083	4.56853
1.12852	9.65347	0.165017	4.56853
1.13995	9.73597	0.0825083	4.56853
1.15487	9.73597	0.0825083	5.07614
1.15834	9.73597	0.0825083	5.58376
1.16115	9.73597	0.0825083	6.09137
1.16116	9.77723	0.165017	6.09137
1.16659	9.85974	0.0825083	6.09137
1.16805	9.90099	0.165017	6.09137
1.16813	9.90099	0.165017	6.59898
1.18201	9.9835	0.0825083	6.59898
1.18509	10.0248	0.165017	6.59898
1.18628	10.1073	0.0825083	6.59898
1.20079	10.1073	0.0825083	7.1066
1.20192	10.1073	0.247525	7.1066
1.20223	10.1898	0.165017	7.1066
1.20583	10.2723	0.0825083	7.1066
1.20912	10.3135	0.165017	7.1066
1.21433	10.396	0.0825083	7.1066
1.21435	10.396	0.247525	7.1066
1.21599	10.4785	0.165017	7.1066
1.26075	10.5611	0.0825083	7.1066
1.26281	10.6023	0.165017	7.1066
1.29288	10.6848	0.0825083	7.1066
1.29615	10.6848	0.165017	7.1066
1.30156	10.7673	0.0825083	7.1066
1.3017	10.8086	0.165017	7.1066
1.31176	10.8911	0.0825083	7.1066
1.322	10.9323	0.165017	7.1066
1.35352	11.0149	0.0825083	7.1066
1.35956	11.0561	0.165017	7.1066
1.38014	11.1386	0.0825083	7.1066
1.38184	11.1386	0.0825083	7.1066
1.38844	11.1386	0.0825083	7.61421
1.38998	11.1799	0.165017	7.61421
1.3948	11.2624	0.0825083	7.61421
1.403	11.2624	0.0825083	8.12183
1.40669	11.3036	0.165017	8.12183
1.41406	11.3861	0.0825083	8.12183
1.41614	11.4274	0.165017	8.12183
1.41654	11.4274	0.330033	8.12183
1.41768	11.5099	0.247525	8.12183
1.42079	11.5924	0.165017	8.12183
1.42234	11.5924	0.247525	8.12183
1.42988	11.6749	0.165017	8.12183
1.43444	11.6749	0.165017	8.62944
1.4401	11.6749	0.165017	8.62944
1.44575	11.6749	0.165017	9.13706
1.44606	11.7574	0.0825083	9.13706
1.44611	11.7574	0.247525	9.13706
1.44628	11.8399	0.165017	9.13706
1.45	11.9224	0.0825083	9.13706
1.45192	11.9224	0.247525	9.13706
1.45358	12.005	0.165017	9.13706
1.45537	12.0875	0.0825083	9.13706
1.4559	12.0875	0.247525	9.13706
1.45813	12.17	0.165017	9.13706
1.47749	12.2525	0.0825083	9.13706
1.47753	12.2525	0.165017	9.13706
1.48288	12.335	0.0825083	9.13706
1.50128	12.335	0.0825083	9.64467
1.50356	12.3762	0.165017	9.64467
1.54704	12.4587	0.0825083	9.64467
1.54741	12.4587	0.247525	9.64467
1.54776	12.5413	0.165017	9.64467
1.56788	12.6238	0.0825083	9.64467
1.57025	12.6238	0.165017	9.64467
1.59713	12.7063	0.0825083	9.64467
1.60918	12.7063	0.0825083	9.64467
1.6096	12.7063	0.247525	9.64467
1.61056	12.7888	0.165017	9.64467
1.61213	12.8713	0.0825083	9.64467
1.61414	12.8713	0.165017	9.64467
1.61707	12.9125	0.247525	9.64467
1.62125	12.995	0.165017	9.64467
1.62764	13.0776	0.0825083	9.64467
1.65549	13.0776	0.0825083	9.64467
1.6556	13.0776	0.247525	9.64467
1.65733	13.1601	0.165017	9.64467
1.65746	13.1601	0.330033	9.64467
1.6579	13.2426	0.247525	9.64467
1.65804	13.3251	0.165017	9.64467
1.65959	13.4076	0.0825083	9.64467
1.65991	13.4076	0.247525	9.64467
1.66591	13.4901	0.165017	9.64467
1.66599	13.4901	0.330033	9.64467
1.66693	13.5726	0.247525	9.64467
1.67147	13.5726	0.330033	9.64467
1.67182	13.6551	0.247525	9.64467
1.67408	13.7376	0.165017	9.64467
1.69095	13.8201	0.0825083	9.64467
1.69216	13.8614	0.165017	9.64467
1.69305	13.9439	0.0825083	9.64467
1.7087	13.9439	0.0825083	10.1523
1.71588	13.9439	0.0825083	10.6599
1.71733	13.9851	0.165017	10.6599
1.74671	14.0677	0.0825083	10.6599
1.74853	14.0677	0.247525	10.6599
1.74994	14.1502	0.165017	10.6599
1.76211	14.2327	0.0825083	10.6599
1.76221	14.2327	0.247525	10.6599
1.76251	14.3152	0.165017	10.6599
1.76919	14.3977	0.0825083	10.6599
1.77403	14.3977	0.0825083	11.1675
1.77538	14.4389	0.165017	11.1675
1.77571	14.4389	0.330033	11.1675
1.776	14.5215	0.247525	11.1675
1.77717	14.604	0.165017	11.1675
1.77804	14.604	0.247525	11.1675
1.78008	14.6865	0.165017	11.1675
1.78759	14.769	0.0825083	11.1675
1.79864	14.769	0.0825083	11.6751
1.79962	14.8102	0.165017	11.6751
1.81384	14.8927	0.0825083	11.6751
1.81424	14.934	0.165017	11.6751
1.82569	15.0165	0.0825083	11.6751
1.82764	15.0165	0.0825083	12.6904
1.83407	15.099	0	12.6904
1.83521	15.099	0.165017	12.6904
1.83535	15.1815	0.0825083	12.6904
1.84683	15.264	0	12.6904
1.84693	15.264	0.165017	12.6904
1.84735	15.3465	0.0825083	12.6904
1.85936	15.429	0	12.6904
1.86623	15.429	0	12.6904
1.86651	15.4703	0.0825083	12.6904
1.91449	15.5528	0	12.6904
1.91465	15.5528	0.0825083	12.6904
1.9157	15.6353	0	12.6904
1.94223	15.6353	0	12.6904
1.94348	15.6766	0.0825083	12.6904
1.96231	15.7591	0	12.6904
1.96356	15.7591	0.165017	12.6904
1.96599	15.8416	0.0825083	12.6904
2.00618	15.9241	0	12.6904
2.00933	15.9241	0.0825083	12.6904
2.01533	16.0066	0	12.6904
2.01546	16.0066	0.165017	12.6904
2.01684	16.0891	0.0825083	12.6904
2.01699	16.1716	0	12.6904
2.01733	16.1716	0.165017	12.6904
2.02071	16.2541	0.0825083	12.6904
2.02235	16.3366	0	12.6904
2.02991	16.3366	0	13.198
2.03034	16.3779	0.0825083	13.198
2.03084	16.4604	0	13.198
2.03165	16.4604	0.165017	13.198
2.03213	16.5429	0.0825083	13.198
2.04831	16.6254	0	13.198
2.05006	16.6667	0.0825083	13.198
2.10178	16.7492	0	13.198
2.15721	16.7492	0	13.7056
2.15727	16.7492	0.165017	13.7056
2.1573	16.8317	0.0825083	13.7056
2.16435	16.9142	0	13.7056
2.16438	16.9142	0.0825083	13.7056
2.17819	16.9967	0	13.7056
2.1802	16.9967	0.165017	13.7056
2.18124	17.0792	0.0825083	13.7056
2.18763	17.1617	0	13.7056
2.18964	17.1617	0.0825083	13.7056
2.19953	17.2442	0	13.7056
2.20013	17.2855	0.0825083	13.7056
2.2417	17.368	0	13.7056
2.25484	17.368	0	13.7056
2.25839	17.368	0	13.7056
2.25905	17.368	0.0825083	13.7056
2.26268	17.4505	0	13.7056
2.26459	17.4917	0.0825083	13.7056
2.27733	17.5743	0	13.7056
2.27825	17.6155	0.0825083	13.7056
2.2789	17.698	0	13.7056
2.27967	17.7393	0.0825083	13.7056
2.32509	17.8218	0	13.7056
2.32609	17.863	0.0825083	13.7056
2.32628	17.9455	0	13.7056
2.32972	17.9868	0.0825083	13.7056
2.36031	18.0693	0	13.7056
2.36454	18.0693	0.0825083	13.7056
2.3728	18.1518	0	13.7056
2.37629	18.1931	0.0825083	13.7056
2.39952	18.2756	0	13.7056
2.40092	18.3168	0.0825083	13.7056
2.4392	18.3993	0	13.7056
2.44796	18.3993	0	14.2132
2.45041	18.4406	0.0825083	14.2132
2.45088	18.4406	0.247525	14.2132
2.45129	18.5231	0.165017	14.2132
2.45183	18.6056	0.0825083	14.2132
2.4523	18.6469	0.165017	14.2132
2.45452	18.7294	0.0825083	14.2132
2.4571	18.8119	0	14.2132
2.47771	18.8119	0	14.7208
2.47949	18.8119	0.165017	14.7208
2.48179	18.8944	0.0825083	14.7208
2.48753	18.9769	0	14.7208
2.48866	18.9769	0.165017	14.7208
2.48932	19.0594	0.0825083	14.7208
2.50174	19.1419	0	14.7208
2.50267	19.1832	0.0825083	14.7208
2.51726	19.2657	0	14.7208
2.51757	19.2657	0.165017	14.7208
2.51821	19.3482	0.0825083	14.7208
2.54596	19.4307	0	14.7208
2.54772	19.4307	0	15.2284
2.54939	19.4307	0	15.736
2.55284	19.4307	0	16.2437
2.55655	19.4307	0.0825083	16.2437
2.56496	19.5132	0	16.2437
2.57159	19.5545	0.0825083	16.2437
2.57381	19.637	0	16.2437
2.57435	19.6782	0.0825083	16.2437
2.58093	19.7607	0	16.2437
2.59158	19.7607	0	16.7513
2.59469	19.7607	0	17.2589
2.59618	19.7607	0	17.7665
2.6	19.7607	0.0825083	17.7665
2.60544	19.8432	0	17.7665
2.60687	19.8845	0.0825083	17.7665
2.61152	19.967	0	17.7665
2.61256	20.0083	0.0825083	17.7665
2.64977	20.0908	0	17.7665
2.64995	20.0908	0.0825083	17.7665
2.65015	20.132	0.165017	17.7665
2.65043	20.2145	0.0825083	17.7665
2.66912	20.297	0	17.7665
2.66991	20.297	0.165017	17.7665
2.67081	20.3795	0.0825083	17.7665
2.68123	20.462	0	17.7665
2.68192	20.462	0.165017	17.7665
2.68326	20.5446	0.0825083	17.7665
2.70044	20.6271	0	17.7665
2.70063	20.6683	0.0825083	17.7665
2.70916	20.6683	0.0825083	18.2741
2.72564	20.7508	0	18.2741
2.72731	20.7921	0.0825083	18.2741
2.74547	20.8746	0	18.2741
2.74556	20.8746	0.165017	18.2741
2.7461	20.9158	0.247525	18.2741
2.74725	20.9984	0.165017	18.2741
2.74867	21.0809	0.0825083	18.2741
2.75899	21.1634	0	18.2741
2.75924	21.2046	0.0825083	18.2741
2.77077	21.2871	0	18.2741
2.77275	21.2871	0.0825083	18.2741
2.77341	21.3696	0	18.2741
2.77857	21.4109	0.0825083	18.2741
2.78274	21.4934	0	18.2741
2.78513	21.4934	0.165017	18.2741
2.78685	21.5759	0.0825083	18.2741
2.78901	21.6584	0	18.2741
2.78918	21.6584	0.0825083	18.2741
2.80978	21.7409	0	18.2741
2.81316	21.7409	0	18.2741
2.81474	21.7822	0.0825083	18.2741
2.84484	21.8647	0	18.2741
2.84606	21.8647	0.0825083	18.2741
2.90366	21.9472	0	18.2741
2.93879	21.9472	0	18.7817
2.94067	21.9884	0.0825083	18.7817
2.94202	22.071	0	18.7817
2.96527	22.071	0	19.2893
2.96632	22.071	0.0825083	19.2893
2.96671	22.071	0.0825083	19.797
2.97925	22.1535	0	19.797
2.97947	22.1947	0.0825083	19.797
3.00306	22.2772	0	19.797
3.01169	22.3185	0.0825083	19.797
3.03282	22.401	0	19.797
3.03286	22.401	0.165017	19.797
3.03329	22.4835	0.0825083	19.797
3.05722	22.566	0	19.797
3.05953	22.6073	0.0825083	19.797
3.06412	22.6898	0	19.797
3.07609	22.731	0.0825083	19.797
3.08076	22.8135	0	19.797
3.08121	22.8548	0.0825083	19.797
3.10703	22.9373	0	19.797
3.1104	22.9785	0.0825083	19.797
3.11067	23.0198	0.165017	19.797
3.11157	23.1023	0.0825083	19.797
3.13468	23.1848	0	19.797
3.14105	23.1848	0	20.3046
3.14142	23.1848	0.165017	20.3046
3.14317	23.2673	0.0825083	20.3046
3.14438	23.3498	0	20.3046
3.14443	23.3911	0.0825083	20.3046
3.1828	23.4736	0	20.3046
3.18305	23.4736	0.165017	20.3046
3.18438	23.5561	0.0825083	20.3046
3.19114	23.6386	0	20.3046
3.19634	23.6386	0.0825083	20.3046
3.19782	23.7211	0	20.3046
3.20019	23.7211	0.165017	20.3046
3.20122	23.8036	0.0825083	20.3046
3.20732	23.8861	0	20.3046
3.21069	23.9274	0.0825083	20.3046
3.22365	24.0099	0	20.3046
3.22476	24.0512	0.0825083	20.3046
3.23207	24.1337	0	20.3046
3.23406	24.1337	0.0825083	20.3046
3.25909	24.2162	0	20.3046
3.25928	24.2162	0.165017	20.3046
3.25989	24.2987	0.0825083	20.3046
3.27066	24.3812	0	20.3046
3.27184	24.4224	0.0825083	20.3046
3.2747	24.5049	0	20.3046
3.27672	24.5049	0.165017	20.3046
3.27688	24.5875	0.0825083	20.3046
3.30966	24.67	0	20.3046
3.31005	24.7112	0.0825083	20.3046
3.31521	24.7937	0	20.3046
3.31534	24.7937	0	20.8122
3.33386	24.7937	0	21.3198
3.33451	24.835	0.0825083	21.3198
3.36325	24.9175	0	21.3198
3.366	24.9587	0.0825083	21.3198
3.38553	25.0413	0	21.3198
3.3999	25.0413	0	21.8274
3.40105	25.0825	0.0825083	21.8274
3.41047	25.165	0	21.8274
3.41076	25.165	0.0825083	21.8274
3.413	25.2475	0	21.8274
3.42577	25.2888	0.0825083	21.8274
3.42686	25.33	0.165017	21.8274
3.42908	25.3713	0.247525	21.8274
3.43121	25.4538	0.165017	21.8274
3.45351	25.5363	0.0825083	21.8274
3.45485	25.5776	0.165017	21.8274
3.46501	25.6601	0.0825083	21.8274
3.46612	25.7013	0.165017	21.8274
3.46704	25.7838	0.0825083	21.8274
3.50668	25.7838	0.0825083	22.335
3.50925	25.7838	0.0825083	22.8426
3.51065	25.8251	0.165017	22.8426
3.51651	25.9076	0.0825083	22.8426
3.51701	25.9076	0.165017	22.8426
3.52981	25.9901	0.0825083	22.8426
3.5301	25.9901	0.247525	22.8426
3.53072	26.0726	0.165017	22.8426
3.54709	26.1551	0.0825083	22.8426
3.58344	26.2376	0	22.8426
3.58484	26.2789	0.0825083	22.8426
3.60743	26.3614	0	22.8426
3.60854	26.4026	0.0825083	22.8426
3.63352	26.4851	0	22.8426
3.63407	26.4851	0.165017	22.8426
3.63646	26.5677	0.0825083	22.8426
3.63833	26.6502	0	22.8426
3.63945	26.6502	0.165017	22.8426
3.6409	26.7327	0.0825083	22.8426
3.64101	26.7327	0.0825083	22.8426
3.66247	26.8152	0	22.8426
3.66601	26.8564	0.0825083	22.8426
3.68354	26.9389	0	22.8426
3.68384	26.9802	0.0825083	22.8426
3.71991	27.0627	0	22.8426
3.72307	27.0627	0.0825083	22.8426
3.73206	27.1452	0	22.8426
3.73278	27.1865	0.0825083	22.8426
3.73445	27.269	0	22.8426
3.73612	27.3102	0.0825083	22.8426
3.75114	27.3927	0	22.8426
3.75526	27.434	0.0825083	22.8426
3.75651	27.4752	0.165017	22.8426
3.75836	27.5578	0.0825083	22.8426
3.78172	27.6403	0	22.8426
3.79763	27.6403	0	23.3503
3.79942	27.6403	0.165017	23.3503
3.79998	27.7228	0.0825083	23.3503
3.81858	27.8053	0	23.3503
3.81933	27.8053	0.165017	23.3503
3.82399	27.8878	0.0825083	23.3503
3.82498	27.9703	0	23.3503
3.82592	27.9703	0.165017	23.3503
3.82606	28.0528	0.0825083	23.3503
3.84803	28.1353	0	23.3503
3.84831	28.1353	0.165017	23.3503
3.84942	28.2178	0.0825083	23.3503
3.85142	28.3003	0	23.3503
3.85236	28.3416	0.0825083	23.3503
3.87924	28.4241	0	23.3503
3.88004	28.4653	0.0825083	23.3503
3.88175	28.5479	0	23.3503
3.8826	28.5479	0.165017	23.3503
3.88327	28.6304	0.0825083	23.3503
3.88563	28.7129	0	23.3503
3.88598	28.7129	0.165017	23.3503
3.89241	28.7954	0.0825083	23.3503
3.90896	28.8779	0	23.3503
3.91009	28.9191	0.0825083	23.3503
3.92585	29.0016	0	23.3503
3.95528	29.0016	0	23.3503
3.95695	29.0429	0.0825083	23.3503
3.97605	29.1254	0	23.3503
3.97651	29.1254	0.0825083	23.3503
3.98213	29.1667	0.165017	23.3503
3.99044	29.2492	0.0825083	23.3503
3.99295	29.2904	0.165017	23.3503
3.99342	29.2904	0.165017	23.3503
3.9941	29.3729	0.0825083	23.3503
3.99426	29.4142	0.165017	23.3503
4.03451	29.4967	0.0825083	23.3503
4.03495	29.4967	0.247525	23.3503
4.03664	29.5792	0.165017	23.3503
4.05356	29.6617	0.0825083	23.3503
4.05534	29.6617	0.247525	23.3503
4.0554	29.7442	0.165017	23.3503
4.074	29.8267	0.0825083	23.3503
4.07428	29.868	0.165017	23.3503
4.078	29.9505	0.0825083	23.3503
4.07878	29.9917	0.165017	23.3503
4.08023	30.0743	0.0825083	23.3503
4.09137	30.0743	0.0825083	23.8579
4.09332	30.0743	0.165017	23.8579
4.10285	30.1568	0.0825083	23.8579
4.10524	30.198	0.165017	23.8579
4.1262	30.2805	0.0825083	23.8579
4.12792	30.2805	0.165017	23.8579
4.13082	30.3218	0.247525	23.8579
4.13121	30.4043	0.165017	23.8579
4.14432	30.4868	0.0825083	23.8579
4.14771	30.5281	0.165017	23.8579
4.15194	30.6106	0.0825083	23.8579
4.1534	30.6106	0.165017	23.8579
4.19163	30.6931	0.0825083	23.8579
4.19196	30.7343	0.165017	23.8579
4.2657	30.8168	0.0825083	23.8579
4.27063	30.8168	0.0825083	24.8731
4.271	30.8168	0.247525	24.8731
4.27489	30.8993	0.165017	24.8731
4.29053	30.9818	0.0825083	24.8731
4.30043	30.9818	0.0825083	25.3807
4.33997	30.9818	0.0825083	26.3959
4.34184	31.0231	0.165017	26.3959
4.35028	31.1056	0.0825083	26.3959
4.35541	31.1469	0.165017	26.3959
4.36448	31.2294	0.0825083	26.3959
4.36528	31.2294	0.247525	26.3959
4.36547	31.3119	0.165017	26.3959
4.38312	31.3944	0.0825083	26.3959
4.38655	31.3944	0.0825083	26.9036
4.38663	31.3944	0.247525	26.9036
4.38779	31.4769	0.165017	26.9036
4.38797	31.4769	0.247525	26.9036
4.38845	31.5594	0.165017	26.9036
4.39098	31.6419	0.0825083	26.9036
4.39203	31.6832	0.165017	26.9036
4.39215	31.7657	0.0825083	26.9036
4.40825	31.7657	0.0825083	27.4112
4.4086	31.8069	0.165017	27.4112
4.40909	31.8482	0.247525	27.4112
4.41096	31.9307	0.165017	27.4112
4.41845	32.0132	0.0825083	27.4112
4.42031	32.0132	0.247525	27.4112
4.42491	32.0957	0.165017	27.4112
4.42583	32.1782	0.0825083	27.4112
4.42664	32.2195	0.165017	27.4112
4.4406	32.302	0.0825083	27.4112
4.48308	32.302	0.0825083	28.4264
4.48387	32.3432	0.165017	28.4264
4.49502	32.4257	0.0825083	28.4264
4.49615	32.467	0.165017	28.4264
4.51885	32.5495	0.0825083	28.4264
4.51958	32.5495	0.247525	28.4264
4.52055	32.5495	0.330033	28.4264
4.5216	32.632	0.247525	28.4264
4.52183	32.7145	0.165017	28.4264
4.52198	32.7145	0.330033	28.4264
4.52303	32.797	0.247525	28.4264
4.52362	32.8795	0.165017	28.4264
4.53042	32.962	0.0825083	28.4264
4.53335	33.0033	0.165017	28.4264
4.54004	33.0858	0.0825083	28.4264
4.5411	33.1271	0.165017	28.4264
4.54678	33.1271	0.165017	28.934
4.54749	33.1683	0.247525	28.934
4.54907	33.2508	0.165017	28.934
4.58428	33.3333	0.0825083	28.934
4.58674	33.3333	0.247525	28.934
4.58681	33.3746	0.330033	28.934
4.58728	33.4571	0.247525	28.934
4.58823	33.5396	0.165017	28.934
4.59545	33.6221	0.0825083	28.934
4.60674	33.6221	0.0825083	29.4416
4.6146	33.6221	0.0825083	30.4569
4.61472	33.6634	0.165017	30.4569
4.62642	33.7459	0.0825083	30.4569
4.62662	33.7871	0.165017	30.4569
4.66481	33.8696	0.0825083	30.4569
4.66624	33.9109	0.165017	30.4569
4.67235	33.9934	0.0825083	30.4569
4.67807	33.9934	0.165017	30.4569
4.70878	34.0759	0.0825083	30.4569
4.70925	34.1172	0.165017	30.4569
4.74468	34.1997	0.0825083	30.4569
4.74491	34.1997	0.247525	30.4569
4.74555	34.2822	0.165017	30.4569
4.75369	34.3647	0.0825083	30.4569
4.77724	34.4472	0	30.4569
4.77754	34.4472	0.0825083	30.4569
4.78082	34.5297	0	30.4569
4.78139	34.571	0.0825083	30.4569
4.78259	34.6535	0	30.4569
4.78292	34.6947	0.0825083	30.4569
4.7847	34.7772	0	30.4569
4.78547	34.7772	0.0825083	30.4569
4.78635	34.7772	0.0825083	30.4569
4.80173	34.8597	0	30.4569
4.80605	34.901	0.0825083	30.4569
4.82811	34.9835	0	30.4569
4.83038	35.0248	0.0825083	30.4569
4.83359	35.1073	0	30.4569
4.83509	35.1485	0.0825083	30.4569
4.83679	35.231	0	30.4569
4.83736	35.2723	0.0825083	30.4569
4.83779	35.3548	0	30.4569
4.838	35.396	0.0825083	30.4569
4.88456	35.4785	0	30.4569
4.885	35.4785	0.0825083	30.4569
4.90143	35.5611	0	30.4569
4.90192	35.5611	0.165017	30.4569
4.90192	35.6436	0.0825083	30.4569
4.91445	35.7261	0	30.4569
4.91473	35.7261	0.165017	30.4569
4.91473	35.7261	0.165017	30.9645
4.91556	35.8086	0.0825083	30.9645
4.91683	35.8911	0	30.9645
4.91703	35.9323	0.0825083	30.9645
4.9354	36.0149	0	30.9645
4.93559	36.0149	0.0825083	30.9645
4.94848	36.0974	0	30.9645
4.94897	36.0974	0	31.4721
4.95055	36.0974	0.0825083	31.4721
4.95729	36.1799	0	31.4721
4.95782	36.1799	0.165017	31.4721
4.95856	36.2624	0.0825083	31.4721
4.97777	36.3449	0	31.4721
4.97859	36.3449	0.165017	31.4721
4.97863	36.4274	0.0825083	31.4721
4.97973	36.4686	0.165017	31.4721
4.98462	36.5512	0.0825083	31.4721
4.9891	36.6337	0	31.4721
4.98943	36.6749	0.0825083	31.4721
5.02883	36.7574	0	31.4721
5.05504	36.7574	0	31.9797
5.05548	36.7987	0.0825083	31.9797
5.0569	36.8812	0	31.9797
5.09288	36.8812	0	32.4873
5.09465	36.8812	0.165017	32.4873
5.09526	36.9637	0.0825083	32.4873
5.1038	37.0462	0	32.4873
5.10392	37.0462	0.0825083	32.4873
5.19658	37.1287	0	32.4873
5.19762	37.17	0.0825083	32.4873
5.19775	37.17	0.165017	32.4873
5.1988	37.2525	0.0825083	32.4873
5.21952	37.335	0	32.4873
5.22073	37.3762	0.0825083	32.4873
5.23232	37.4587	0	32.4873
5.23458	37.5	0.0825083	32.4873
5.24731	37.5825	0	32.4873
5.24769	37.5825	0.165017	32.4873
5.2479	37.665	0.0825083	32.4873
5.25672	37.7475	0	32.4873
5.25814	37.7475	0	32.9949
5.29722	37.7475	0	32.9949
5.29794	37.7475	0.165017	32.9949
5.29824	37.83	0.0825083	32.9949
5.31575	37.9125	0	32.9949
5.31742	37.9125	0.0825083	32.9949
5.31845	37.9125	0.247525	32.9949
5.31893	37.9125	0.330033	32.9949
5.31897	37.995	0.247525	32.9949
5.31947	38.0776	0.165017	32.9949
5.31989	38.1601	0.0825083	32.9949
5.33578	38.2426	0	32.9949
5.33671	38.2838	0.0825083	32.9949
5.33993	38.3663	0	32.9949
5.34532	38.4076	0.0825083	32.9949
5.35653	38.4901	0	32.9949
5.35939	38.5314	0.0825083	32.9949
5.37608	38.6139	0	32.9949
5.37621	38.6139	0.165017	32.9949
5.37651	38.6964	0.0825083	32.9949
5.3875	38.7789	0	32.9949
5.38942	38.8201	0.0825083	32.9949
5.39007	38.9026	0	32.9949
5.39166	38.9026	0.165017	32.9949
5.39393	38.9851	0.0825083	32.9949
5.39789	39.0677	0	32.9949
5.40441	39.0677	0	34.0102
5.40515	39.0677	0.165017	34.0102
5.43097	39.1502	0.0825083	34.0102
5.432	39.1914	0.165017	34.0102
5.44805	39.2739	0.0825083	34.0102
5.45006	39.3152	0.165017	34.0102
5.45303	39.3977	0.0825083	34.0102
5.45359	39.4389	0.165017	34.0102
5.45411	39.4802	0.247525	34.0102
5.45776	39.5627	0.165017	34.0102
5.4743	39.6452	0.0825083	34.0102
5.47546	39.6452	0.165017	34.0102
5.48646	39.7277	0.0825083	34.0102
5.48756	39.7277	0.165017	34.0102
5.49673	39.8102	0.0825083	34.0102
5.50381	39.8102	0.0825083	34.5178
5.50441	39.8515	0.165017	34.5178
5.54027	39.934	0.0825083	34.5178
5.54072	39.934	0.247525	34.5178
5.54113	40.0165	0.165017	34.5178
5.55154	40.099	0.0825083	34.5178
5.56929	40.099	0.0825083	35.0254
5.56945	40.1403	0.165017	35.0254
5.59181	40.2228	0.0825083	35.0254
5.59256	40.2228	0.247525	35.0254
5.59333	40.2228	0.412541	35.0254
5.59425	40.3053	0.330033	35.0254
5.59544	40.3878	0.247525	35.0254
5.59568	40.4703	0.165017	35.0254
5.59632	40.4703	0.330033	35.0254
5.59649	40.5528	0.247525	35.0254
5.59738	40.6353	0.165017	35.0254
5.61678	40.7178	0.0825083	35.0254
5.63321	40.7178	0.0825083	35.533
5.63461	40.7178	0.247525	35.533
5.63528	40.8003	0.165017	35.533
5.63554	40.8828	0.0825083	35.533
5.63741	40.8828	0.165017	35.533
5.65977	40.9653	0.0825083	35.533
5.66072	41.0066	0.165017	35.533
5.69018	41.0891	0.0825083	35.533
5.69053	41.0891	0.247525	35.533
5.69191	41.1716	0.165017	35.533
5.70674	41.2541	0.0825083	35.533
5.77142	41.2541	0.0825083	36.0406
5.77207	41.2954	0.165017	36.0406
5.78493	41.3779	0.0825083	36.0406
5.78512	41.4191	0.165017	36.0406
5.78589	41.5017	0.0825083	36.0406
5.78616	41.5017	0.165017	36.0406
5.7897	41.5842	0.0825083	36.0406
5.79001	41.5842	0.165017	36.0406
5.82708	41.6667	0.0825083	36.0406
5.82817	41.6667	0.247525	36.0406
5.82922	41.7492	0.165017	36.0406
5.85135	41.8317	0.0825083	36.0406
5.85151	41.8729	0.165017	36.0406
5.85459	41.9554	0.0825083	36.0406
5.8551	41.9554	0.247525	36.0406
5.85984	42.038	0.165017	36.0406
5.92338	42.1205	0.0825083	36.0406
5.92487	42.1205	0.247525	36.0406
5.92763	42.203	0.165017	36.0406
5.94586	42.2855	0.0825083	36.0406
5.95371	42.3267	0.165017	36.0406
5.97858	42.4092	0.0825083	36.0406
6.00063	42.4092	0.0825083	36.5482
6.0027	42.4505	0.165017	36.5482
6.00593	42.533	0.0825083	36.5482
6.00657	42.5743	0.165017	36.5482
6.01951	42.6568	0.0825083	36.5482
6.02984	42.6568	0.0825083	37.5635
6.03068	42.698	0.165017	37.5635
6.04939	42.7805	0.0825083	37.5635
6.08949	42.8218	0.165017	37.5635
6.10143	42.8218	0.165017	38.0711
6.10189	42.8218	0.247525	38.0711
6.15261	42.9043	0.165017	38.0711
6.15878	42.9455	0.247525	38.0711
6.16391	43.0281	0.165017	38.0711
6.16557	43.0281	0.247525	38.0711
6.21917	43.1106	0.165017	38.0711
6.22251	43.1518	0.247525	38.0711
6.23595	43.2343	0.165017	38.0711
6.23947	43.2756	0.247525	38.0711
6.25692	43.3581	0.165017	38.0711
6.25841	43.3581	0.330033	38.0711
6.25889	43.4406	0.247525	38.0711
6.30651	43.5231	0.165017	38.0711
6.30668	43.5231	0.330033	38.0711
6.30702	43.6056	0.247525	38.0711
6.32003	43.6881	0.165017	38.0711
6.32771	43.7294	0.247525	38.0711
6.33268	43.8119	0.165017	38.0711
6.35055	43.8119	0.165017	39.0863
6.37046	43.8119	0.165017	39.0863
6.37165	43.8531	0.247525	39.0863
6.41846	43.9356	0.165017	39.0863
6.41849	43.9769	0.247525	39.0863
6.42471	44.0594	0.165017	39.0863
6.42607	44.1007	0.247525	39.0863
6.45671	44.1832	0.165017	39.0863
6.45818	44.2244	0.247525	39.0863
6.49144	44.3069	0.165017	39.0863
6.49216	44.3482	0.247525	39.0863
6.51862	44.4307	0.165017	39.0863
6.51892	44.4719	0.247525	39.0863
6.55101	44.5545	0.165017	39.0863
6.55109	44.5545	0.330033	39.0863
6.55538	44.637	0.247525	39.0863
6.58457	44.7195	0.165017	39.0863
6.5847	44.7607	0.247525	39.0863
6.63221	44.8432	0.165017	39.0863
6.65628	44.8432	0.330033	39.0863
6.65926	44.8432	0.49505	39.0863
6.65994	44.9257	0.412541	39.0863
6.67192	45.0083	0.330033	39.0863
6.67269	45.0495	0.412541	39.0863
6.68179	45.132	0.330033	39.0863
6.7211	45.132	0.330033	39.5939
6.72196	45.132	0.330033	40.1015
6.72233	45.1733	0.412541	40.1015
6.7583	45.2558	0.330033	40.1015
6.76004	45.2558	0.49505	40.1015
6.76187	45.3383	0.412541	40.1015
6.82612	45.4208	0.330033	40.1015
6.8305	45.462	0.412541	40.1015
6.83782	45.5446	0.330033	40.1015
6.84566	45.5858	0.412541	40.1015
6.89762	45.6683	0.330033	40.1015
6.8992	45.6683	0.412541	40.1015
6.91357	45.7508	0.330033	40.1015
6.9307	45.7508	0.330033	40.6091
6.93586	45.7508	0.412541	40.6091
6.94522	45.8333	0.330033	40.6091
6.94769	45.8746	0.412541	40.6091
6.94857	45.9571	0.330033	40.6091
6.95164	45.9571	0.412541	40.6091
6.98472	46.0396	0.330033	40.6091
6.98525	46.0809	0.412541	40.6091
6.99136	46.1634	0.330033	40.6091
6.99399	46.2046	0.412541	40.6091
6.99684	46.2871	0.330033	40.6091
7.011	46.2871	0.330033	40.6091
7.02102	46.3696	0.247525	40.6091
7.04658	46.3696	0.247525	41.6244
7.05057	46.3696	0.330033	41.6244
7.05353	46.4521	0.247525	41.6244
7.09021	46.4521	0.247525	42.132
7.11806	46.4521	0.247525	42.6396
7.12013	46.4934	0.330033	42.6396
7.15076	46.5759	0.247525	42.6396
7.15454	46.5759	0.247525	43.1472
7.21601	46.5759	0.247525	44.1624
7.21819	46.6172	0.330033	44.1624
7.29621	46.6997	0.247525	44.1624
7.29638	46.6997	0.412541	44.1624
7.29663	46.7822	0.330033	44.1624
7.30766	46.8647	0.247525	44.1624
7.31075	46.9059	0.330033	44.1624
7.34085	46.9884	0.247525	44.1624
7.34426	46.9884	0.330033	44.1624
7.37472	47.071	0.247525	44.1624
7.37533	47.1122	0.330033	44.1624
7.37981	47.1947	0.247525	44.1624
7.38197	47.236	0.330033	44.1624
7.38262	47.2772	0.412541	44.1624
7.38502	47.3597	0.330033	44.1624
7.38845	47.3597	0.330033	44.6701
7.39477	47.4422	0.247525	44.6701
7.39548	47.4835	0.330033	44.6701
7.42324	47.566	0.247525	44.6701
7.42343	47.6073	0.330033	44.6701
7.44638	47.6898	0.247525	44.6701
7.44754	47.731	0.330033	44.6701
7.44932	47.8135	0.247525	44.6701
7.45074	47.8135	0.412541	44.6701
7.45126	47.896	0.330033	44.6701
7.45171	47.9785	0.247525	44.6701
7.4581	48.0611	0.165017	44.6701
7.45918	48.1436	0.0825083	44.6701
7.45987	48.1436	0.165017	44.6701
7.46032	48.1848	0.247525	44.6701
7.46198	48.2673	0.165017	44.6701
7.46711	48.3498	0.0825083	44.6701
7.46867	48.3911	0.165017	44.6701
7.47014	48.4323	0.247525	44.6701
7.47038	48.5149	0.165017	44.6701
7.47281	48.5974	0.0825083	44.6701
7.49021	48.5974	0.0825083	45.1777
7.51246	48.5974	0.0825083	45.1777
7.51451	48.5974	0.247525	45.1777
7.51465	48.6799	0.165017	45.1777
7.51559	48.6799	0.165017	45.6853
7.53375	48.7624	0.0825083	45.6853
7.53415	48.8036	0.165017	45.6853
7.54592	48.8861	0.0825083	45.6853
7.54601	48.8861	0.247525	45.6853
7.54697	48.9686	0.165017	45.6853
7.55177	49.0512	0.0825083	45.6853
7.55342	49.0924	0.165017	45.6853
7.56375	49.1749	0.0825083	45.6853
7.57705	49.2574	0	45.6853
7.57713	49.2574	0.0825083	45.6853
7.6493	49.3399	0	45.6853
7.65266	49.3812	0.0825083	45.6853
7.70832	49.4637	0	45.6853
7.7084	49.4637	0.165017	45.6853
7.7096	49.5462	0.0825083	45.6853
7.75323	49.6287	0	45.6853
7.75522	49.67	0.0825083	45.6853
7.75668	49.7525	0	45.6853
7.75711	49.7525	0.165017	45.6853
7.75845	49.835	0.0825083	45.6853
7.77805	49.9175	0	45.6853
7.78011	49.9175	0.165017	45.6853
7.78208	50	0.0825083	45.6853
7.79109	50.0825	0	45.6853
7.79222	50.0825	0.165017	45.6853
7.79387	50.165	0.0825083	45.6853
7.81804	50.2475	0	45.6853
7.81813	50.2888	0.0825083	45.6853
7.83452	50.3713	0	45.6853
7.83596	50.4125	0.0825083	45.6853
7.85077	50.495	0	45.6853
7.85087	50.5363	0.0825083	45.6853
7.87083	50.6188	0	45.6853
7.8727	50.6601	0.0825083	45.6853
7.89024	50.7426	0	45.6853
7.89178	50.7426	0	46.7005
7.89295	50.7426	0.165017	46.7005
7.8953	50.8251	0.0825083	46.7005
7.92986	50.9076	0	46.7005
7.93106	50.9076	0	47.2081
7.93409	50.9488	0.0825083	47.2081
7.95277	51.0314	0	47.2081
7.95319	51.0314	0.165017	47.2081
7.95336	51.1139	0.0825083	47.2081
7.96789	51.1964	0	47.2081
7.97565	51.1964	0	47.7157
7.97763	51.2376	0.0825083	47.7157
7.98842	51.3201	0	47.7157
7.99246	51.3614	0.0825083	47.7157
7.99527	51.4026	0.165017	47.7157
7.99623	51.4851	0.0825083	47.7157
8.00412	51.5677	0	47.7157
8.00431	51.6089	0.0825083	47.7157
8.00908	51.6914	0	47.7157
8.01016	51.6914	0.0825083	47.7157
8.01235	51.7739	0	47.7157
8.02425	51.7739	0	47.7157
8.02435	51.7739	0.165017	47.7157
8.02631	51.8564	0.0825083	47.7157
8.05988	51.9389	0	47.7157
8.06098	51.9802	0.0825083	47.7157
8.11169	52.0627	0	47.7157
8.11393	52.104	0.0825083	47.7157
8.15827	52.1865	0	47.7157
8.18304	52.1865	0	48.2234
8.18521	52.2277	0.0825083	48.2234
8.18904	52.3102	0	48.2234
8.18925	52.3515	0.0825083	48.2234
8.1976	52.434	0	48.2234
8.19831	52.434	0.0825083	48.2234
8.21163	52.5165	0	48.2234
8.21173	52.5578	0.0825083	48.2234
8.24835	52.6403	0	48.2234
8.24903	52.6815	0.0825083	48.2234
8.24961	52.764	0	48.2234
8.25097	52.8053	0.0825083	48.2234
8.25561	52.8878	0	48.2234
8.26595	52.8878	0	49.2386
8.26614	52.8878	0.165017	49.2386
8.26769	52.9703	0.0825083	49.2386
8.35402	53.0528	0	49.2386
8.35592	53.0528	0	49.7462
8.35891	53.0528	0.165017	49.7462
8.35997	53.1353	0.0825083	49.7462
8.38225	53.2178	0	49.7462
8.39201	53.2591	0.0825083	49.7462
8.39481	53.3416	0	49.7462
8.39561	53.3828	0.0825083	49.7462
8.41466	53.4653	0	49.7462
8.41844	53.4653	0.0825083	49.7462
8.44014	53.5479	0	49.7462
8.4432	53.5891	0.0825083	49.7462
8.45576	53.6716	0	49.7462
8.45603	53.6716	0.165017	49.7462
8.45808	53.7541	0.0825083	49.7462
8.45908	53.8366	0	49.7462
8.45922	53.8366	0.165017	49.7462
8.46132	53.9191	0.0825083	49.7462
8.52123	54.0017	0	49.7462
8.52278	54.0017	0.0825083	49.7462
8.52554	54.0842	0	49.7462
8.5263	54.0842	0	50.2538
8.62787	54.0842	0	50.7614
8.62788	54.1254	0.0825083	50.7614
8.64373	54.2079	0	50.7614
8.65236	54.2492	0.0825083	50.7614
8.65281	54.2492	0.247525	50.7614
8.65429	54.3317	0.165017	50.7614
8.71469	54.4142	0.0825083	50.7614
8.72016	54.4142	0.0825083	51.269
8.72769	54.4142	0.0825083	52.2843
8.73057	54.4142	0.165017	52.2843
8.75741	54.4967	0.0825083	52.2843
8.75873	54.4967	0.247525	52.2843
8.76036	54.5792	0.165017	52.2843
8.76349	54.6617	0.0825083	52.2843
8.7636	54.6617	0.165017	52.2843
8.76436	54.703	0.247525	52.2843
8.76565	54.7855	0.165017	52.2843
8.82189	54.868	0.0825083	52.2843
8.82471	54.9092	0.165017	52.2843
8.85458	54.9917	0.0825083	52.2843
8.85727	55.033	0.165017	52.2843
8.86347	55.1155	0.0825083	52.2843
8.86371	55.1155	0.247525	52.2843
8.86541	55.198	0.165017	52.2843
8.90484	55.2805	0.0825083	52.2843
8.90611	55.3218	0.165017	52.2843
8.91307	55.4043	0.0825083	52.2843
8.91442	55.4455	0.165017	52.2843
8.99735	55.5281	0.0825083	52.2843
9.03355	55.6106	0	52.2843
9.03553	55.6106	0.165017	52.2843
9.03696	55.6931	0.0825083	52.2843
9.06612	55.7756	0	52.2843
9.06656	55.7756	0.0825083	52.2843
9.06707	55.8581	0	52.2843
9.07182	55.8993	0.0825083	52.2843
9.07714	55.9818	0	52.2843
9.07769	56.0231	0.0825083	52.2843
9.12644	56.1056	0	52.2843
9.13213	56.1469	0.0825083	52.2843
9.17604	56.2294	0	52.2843
9.17645	56.2706	0.0825083	52.2843
9.18988	56.3531	0	52.2843
9.19271	56.3944	0.0825083	52.2843
9.19601	56.4769	0	52.2843
9.19708	56.5182	0.0825083	52.2843
9.21592	56.6007	0	52.2843
9.21629	56.6007	0.0825083	52.2843
9.22156	56.6832	0	52.2843
9.2222	56.6832	0.165017	52.2843
9.22476	56.7657	0.0825083	52.2843
9.23767	56.8482	0	52.2843
9.23781	56.8894	0.0825083	52.2843
9.34411	56.9719	0	52.2843
9.34465	56.9719	0.165017	52.2843
9.3451	57.0545	0.0825083	52.2843
9.3533	57.137	0	52.2843
9.35468	57.137	0.165017	52.2843
9.35638	57.2195	0.0825083	52.2843
9.4064	57.302	0	52.2843
9.40687	57.3432	0.0825083	52.2843
9.40773	57.3432	0.247525	52.2843
9.40867	57.4257	0.165017	52.2843
9.40953	57.467	0.247525	52.2843
9.41146	57.5495	0.165017	52.2843
9.41899	57.632	0.0825083	52.2843
9.43184	57.632	0.0825083	52.7919
9.43518	57.632	0.165017	52.7919
9.45494	57.7145	0.0825083	52.7919
9.45719	57.7558	0.165017	52.7919
9.495	57.8383	0.0825083	52.7919
9.49724	57.8795	0.165017	52.7919
9.5273	57.962	0.0825083	52.7919
9.531	58.0033	0.165017	52.7919
9.53383	58.0858	0.0825083	52.7919
9.53455	58.1271	0.165017	52.7919
9.55768	58.2096	0.0825083	52.7919
9.55879	58.2508	0.165017	52.7919
9.55911	58.3333	0.0825083	52.7919
9.56029	58.3746	0.165017	52.7919
9.60202	58.4571	0.0825083	52.7919
9.61082	58.4983	0.165017	52.7919
9.63546	58.5809	0.0825083	52.7919
9.63587	58.5809	0.247525	52.7919
9.63774	58.6634	0.165017	52.7919
9.65508	58.7459	0.0825083	52.7919
9.66024	58.7459	0.0825083	52.7919
9.67192	58.7459	0.0825083	53.2995
9.67241	58.7871	0.165017	53.2995
9.73876	58.8696	0.0825083	53.2995
9.73927	58.8696	0.165017	53.2995
9.7785	58.9521	0.0825083	53.2995
9.7794	58.9934	0.165017	53.2995
9.80133	59.0759	0.0825083	53.2995
9.80311	59.0759	0.165017	53.2995
9.88185	59.1584	0.0825083	53.2995
9.8821	59.1584	0.165017	53.2995
9.88637	59.2409	0.0825083	53.2995
9.9317	59.2409	0.0825083	54.3147
9.93175	59.2822	0.165017	54.3147
9.98729	59.3647	0.0825083	54.3147
9.99522	59.4059	0.165017	54.3147
9.99795	59.4884	0.0825083	54.3147
10.0033	59.4884	0.247525	54.3147
10.0044	59.571	0.165017	54.3147
10.0249	59.6535	0.0825083	54.3147
10.0538	59.736	0	54.3147
10.0547	59.736	0.165017	54.3147
10.0551	59.8185	0.0825083	54.3147
10.0561	59.8185	0.0825083	55.3299
10.1112	59.901	0	55.3299
10.1213	59.901	0	55.8376
10.1221	59.901	0.0825083	55.8376
10.2343	59.9835	0	55.8376
10.2355	60.0248	0.0825083	55.8376
10.2728	60.1073	0	55.8376
10.3433	60.1073	0	56.3452
10.3434	60.1073	0.165017	56.3452
10.3436	60.1898	0.0825083	56.3452
10.3698	60.2723	0	56.3452
10.3901	60.2723	0	56.8528
10.3903	60.3135	0.0825083	56.8528
10.4274	60.396	0	56.8528
10.4288	60.396	0.0825083	56.8528
10.4589	60.4785	0	56.8528
10.4826	60.4785	0	57.868
10.4839	60.5198	0.0825083	57.868
10.4886	60.6023	0	57.868
10.4907	60.6023	0.165017	57.868
10.4922	60.6848	0.0825083	57.868
10.5	60.7673	0	57.868
10.5612	60.7673	0.165017	57.868
10.5632	60.8086	0.247525	57.868
10.6375	60.8911	0.165017	57.868
10.64	60.8911	0.247525	57.868
10.6413	60.9736	0.165017	57.868
10.6417	61.0149	0.247525	57.868
10.7164	61.0974	0.165017	57.868
10.7164	61.0974	0.330033	57.868
10.7181	61.1799	0.247525	57.868
10.8165	61.2624	0.165017	57.868
10.8168	61.3036	0.247525	57.868
10.8196	61.3861	0.165017	57.868
10.8204	61.4274	0.247525	57.868
10.889	61.5099	0.165017	57.868
10.8906	61.5099	0.330033	57.868
10.8945	61.5924	0.247525	57.868
10.8985	61.6749	0.165017	57.868
10.8985	61.6749	0.247525	57.868
10.9129	61.7574	0.165017	57.868
10.9134	61.7987	0.247525	57.868
10.9151	61.8812	0.165017	57.868
10.9911	61.8812	0.165017	58.8832
10.9939	61.8812	0.247525	58.8832
11.0045	61.8812	0.247525	59.3909
11.0959	61.8812	0.247525	59.3909
11.096	61.8812	0.412541	59.3909
11.0968	61.9637	0.330033	59.3909
11.1278	62.0462	0.247525	59.3909
11.1283	62.0875	0.330033	59.3909
11.1985	62.17	0.247525	59.3909
11.1998	62.2112	0.330033	59.3909
11.2124	62.2937	0.247525	59.3909
11.2124	62.2937	0.412541	59.3909
11.2171	62.3762	0.330033	59.3909
11.2468	62.4587	0.247525	59.3909
11.2747	62.4587	0.247525	60.4061
11.321	62.5	0.330033	60.4061
11.3237	62.5413	0.412541	60.4061
11.3326	62.6238	0.330033	60.4061
11.3632	62.7063	0.247525	60.4061
11.3649	62.7063	0.412541	60.4061
11.365	62.7888	0.330033	60.4061
11.4037	62.8713	0.247525	60.4061
11.404	62.9125	0.330033	60.4061
11.4496	62.995	0.247525	60.4061
11.4513	63.0363	0.330033	60.4061
11.4629	63.1188	0.247525	60.4061
11.4798	63.1188	0.247525	60.9137
11.5028	63.1188	0.247525	61.9289
11.5032	63.1601	0.330033	61.9289
11.5327	63.2426	0.247525	61.9289
11.5329	63.2838	0.330033	61.9289
11.5413	63.3663	0.247525	61.9289
11.6084	63.3663	0.247525	62.9442
11.6156	63.4488	0.165017	62.9442
11.7424	63.4488	0.165017	63.4518
11.7427	63.4488	0.330033	63.4518
11.7431	63.5314	0.247525	63.4518
11.7548	63.6139	0.165017	63.4518
11.7564	63.6551	0.247525	63.4518
11.8742	63.7376	0.165017	63.4518
11.8753	63.7789	0.247525	63.4518
11.951	63.8614	0.165017	63.4518
11.9515	63.8614	0.330033	63.4518
11.9543	63.9439	0.247525	63.4518
11.9591	64.0264	0.165017	63.4518
11.9605	64.0264	0.330033	63.4518
11.9633	64.1089	0.247525	63.4518
11.9971	64.1914	0.165017	63.4518
11.9971	64.1914	0.247525	63.4518
11.9971	64.2327	0.330033	63.4518
11.9991	64.3152	0.247525	63.4518
12.0452	64.3977	0.165017	63.4518
12.0484	64.4389	0.247525	63.4518
12.0741	64.5215	0.165017	63.4518
12.0743	64.5627	0.247525	63.4518
12.0822	64.6452	0.165017	63.4518
12.0824	64.6865	0.247525	63.4518
12.0856	64.769	0.165017	63.4518
12.0865	64.769	0.330033	63.4518
12.0877	64.8515	0.247525	63.4518
12.1411	64.934	0.165017	63.4518
12.1422	64.934	0.330033	63.4518
12.1426	65.0165	0.247525	63.4518
12.1705	65.099	0.165017	63.4518
12.1709	65.1403	0.247525	63.4518
12.1797	65.2228	0.165017	63.4518
12.2816	65.2228	0.165017	64.467
12.2821	65.264	0.247525	64.467
12.3075	65.3465	0.165017	64.467
12.3107	65.3878	0.247525	64.467
12.3182	65.3878	0.247525	65.4822
12.3878	65.4703	0.165017	65.4822
12.3879	65.4703	0.330033	65.4822
12.3919	65.5528	0.247525	65.4822
12.4395	65.6353	0.165017	65.4822
12.441	65.6353	0.247525	65.4822
12.4597	65.7178	0.165017	65.4822
12.4612	65.7591	0.247525	65.4822
12.509	65.8416	0.165017	65.4822
12.5145	65.8828	0.247525	65.4822
12.5504	65.9653	0.165017	65.4822
12.5524	66.0066	0.247525	65.4822
12.6262	66.0891	0.165017	65.4822
12.637	66.1716	0.0825083	65.4822
12.6998	66.1716	0.0825083	65.9898
12.7248	66.1716	0.0825083	66.4975
12.7251	66.1716	0.247525	66.4975
12.7279	66.2541	0.165017	66.4975
12.7321	66.3366	0.0825083	66.4975
12.735	66.3779	0.165017	66.4975
12.7454	66.4604	0.0825083	66.4975
12.7464	66.5016	0.165017	66.4975
12.7516	66.5842	0.0825083	66.4975
12.7535	66.6254	0.165017	66.4975
12.7974	66.7079	0.0825083	66.4975
12.801	66.7492	0.165017	66.4975
12.8739	66.8317	0.0825083	66.4975
12.8741	66.8729	0.165017	66.4975
12.8764	66.9554	0.0825083	66.4975
12.8777	66.9967	0.165017	66.4975
12.9206	67.0792	0.0825083	66.4975
12.9238	67.1205	0.165017	66.4975
12.9408	67.203	0.0825083	66.4975
12.941	67.2442	0.165017	66.4975
12.9612	67.3267	0.0825083	66.4975
12.9648	67.368	0.165017	66.4975
12.9747	67.4505	0.0825083	66.4975
12.977	67.4918	0.165017	66.4975
12.9821	67.5743	0.0825083	66.4975
13.011	67.5743	0.0825083	67.5127
13.0111	67.6155	0.165017	67.5127
13.0225	67.698	0.0825083	67.5127
13.0266	67.7393	0.165017	67.5127
13.0433	67.8218	0.0825083	67.5127
13.0446	67.8218	0.247525	67.5127
13.045	67.9043	0.165017	67.5127
13.0588	67.9868	0.0825083	67.5127
13.0594	67.9868	0.165017	67.5127
13.0887	68.0693	0.0825083	67.5127
13.09	68.0693	0.247525	67.5127
13.0904	68.1518	0.165017	67.5127
13.091	68.2343	0.0825083	67.5127
13.0931	68.2756	0.165017	67.5127
13.1151	68.3581	0.0825083	67.5127
13.2235	68.3581	0.0825083	68.5279
13.2245	68.3581	0.165017	68.5279
13.2293	68.4406	0.0825083	68.5279
13.2298	68.4406	0.247525	68.5279
13.232	68.5231	0.165017	68.5279
13.233	68.6056	0.0825083	68.5279
13.3379	68.6056	0.0825083	69.5431
13.3382	68.6056	0.165017	69.5431
13.3844	68.6881	0.0825083	69.5431
13.3858	68.6881	0.247525	69.5431
13.3869	68.6881	0.330033	69.5431
13.3887	68.7706	0.247525	69.5431
13.39	68.8531	0.165017	69.5431
13.4009	68.9356	0.0825083	69.5431
13.4011	68.9356	0.247525	69.5431
13.4024	69.0182	0.165017	69.5431
13.4138	69.1007	0.0825083	69.5431
13.4139	69.1419	0.165017	69.5431
13.4841	69.2244	0.0825083	69.5431
13.4848	69.2657	0.165017	69.5431
13.5753	69.3482	0.0825083	69.5431
13.5793	69.3894	0.165017	69.5431
13.6104	69.4719	0.0825083	69.5431
13.6435	69.4719	0.0825083	70.5584
13.6453	69.4719	0.165017	70.5584
13.6615	69.5545	0.0825083	70.5584
13.6623	69.5957	0.165017	70.5584
13.664	69.6782	0.0825083	70.5584
13.6682	69.7195	0.165017	70.5584
13.778	69.802	0.0825083	70.5584
13.7803	69.8432	0.165017	70.5584
13.9964	69.9257	0.0825083	70.5584
13.999	69.967	0.165017	70.5584
14.004	70.0495	0.0825083	70.5584
14.0073	70.0908	0.165017	70.5584
14.0876	70.1733	0.0825083	70.5584
14.0888	70.2145	0.165017	70.5584
14.2409	70.297	0.0825083	70.5584
14.3172	70.297	0.0825083	71.5736
14.318	70.297	0.247525	71.5736
14.3186	70.3795	0.165017	71.5736
14.3493	70.462	0.0825083	71.5736
14.35	70.5033	0.165017	71.5736
14.5313	70.5858	0.0825083	71.5736
14.5343	70.5858	0.0825083	72.5888
14.5345	70.6271	0.165017	72.5888
14.5471	70.7096	0.0825083	72.5888
14.5767	70.7096	0.0825083	73.6041
14.5777	70.7096	0.247525	73.6041
14.5796	70.7921	0.165017	73.6041
14.5905	70.8746	0.0825083	73.6041
14.5939	70.9158	0.165017	73.6041
14.6859	70.9984	0.0825083	73.6041
14.6898	71.0396	0.165017	73.6041
14.8211	71.1221	0.0825083	73.6041
14.8224	71.1634	0.165017	73.6041
14.8417	71.2459	0.0825083	73.6041
14.843	71.2871	0.165017	73.6041
14.8515	71.3696	0.0825083	73.6041
14.8518	71.3696	0.247525	73.6041
14.8521	71.4521	0.165017	73.6041
14.9149	71.5347	0.0825083	73.6041
14.9155	71.5759	0.165017	73.6041
14.9344	71.6584	0.0825083	73.6041
14.9434	71.6997	0.165017	73.6041
14.9603	71.7822	0.0825083	73.6041
14.9605	71.7822	0.165017	73.6041
14.9638	71.7822	0.165017	73.6041
14.9672	71.8647	0.0825083	73.6041
14.9676	71.9059	0.165017	73.6041
14.9867	71.9884	0.0825083	73.6041
14.9885	72.0297	0.165017	73.6041
15.0725	72.1122	0.0825083	73.6041
15.1466	72.1122	0.0825083	74.6193
15.1491	72.1535	0.165017	74.6193
15.2161	72.236	0.0825083	74.6193
15.2448	72.236	0.0825083	75.6345
15.2455	72.2772	0.165017	75.6345
15.2482	72.3597	0.0825083	75.6345
15.2527	72.401	0.165017	75.6345
15.3653	72.4835	0.0825083	75.6345
15.3688	72.5247	0.165017	75.6345
15.3838	72.6073	0.0825083	75.6345
15.5362	72.6073	0.0825083	76.6497
15.5363	72.6485	0.165017	76.6497
15.5612	72.731	0.0825083	76.6497
15.5624	72.731	0.247525	76.6497
15.5625	72.8135	0.165017	76.6497
15.5728	72.896	0.0825083	76.6497
15.5743	72.9373	0.165017	76.6497
15.5947	73.0198	0.0825083	76.6497
15.5965	73.0198	0.247525	76.6497
15.5987	73.1023	0.165017	76.6497
15.7167	73.1848	0.0825083	76.6497
15.7218	73.2261	0.165017	76.6497
15.7775	73.3086	0.0825083	76.6497
15.7793	73.3498	0.165017	76.6497
15.8686	73.4323	0.0825083	76.6497
15.8696	73.4736	0.165017	76.6497
15.8883	73.5561	0.0825083	76.6497
15.8886	73.5974	0.165017	76.6497
16.0399	73.6799	0.0825083	76.6497
16.0422	73.7211	0.165017	76.6497
16.137	73.8036	0.0825083	76.6497
16.1376	73.8449	0.165017	76.6497
16.1967	73.9274	0.0825083	76.6497
16.2005	73.9686	0.165017	76.6497
16.2996	74.0512	0.0825083	76.6497
16.3006	74.0924	0.165017	76.6497
16.3829	74.1749	0.0825083	76.6497
16.3838	74.2162	0.165017	76.6497
16.4311	74.2987	0.0825083	76.6497
16.4313	74.3399	0.165017	76.6497
16.4398	74.4224	0.0825083	76.6497
16.4428	74.4224	0.165017	76.6497
16.4799	74.505	0.0825083	76.6497
16.4801	74.5462	0.165017	76.6497
16.5223	74.6287	0.0825083	76.6497
16.5265	74.67	0.165017	76.6497
16.557	74.7525	0.0825083	76.6497
16.5925	74.7525	0.0825083	77.1574
16.6187	74.7525	0.0825083	78.1726
16.6211	74.7525	0.247525	78.1726
16.6227	74.835	0.165017	78.1726
16.626	74.9175	0.0825083	78.1726
16.631	74.9587	0.165017	78.1726
16.6315	75.0413	0.0825083	78.1726
16.6316	75.0825	0.165017	78.1726
16.7531	75.165	0.0825083	78.1726
16.7537	75.165	0.247525	78.1726
16.7544	75.2475	0.165017	78.1726
16.8331	75.33	0.0825083	78.1726
16.8352	75.3713	0.165017	78.1726
16.9774	75.4538	0.0825083	78.1726
16.9822	75.495	0.165017	78.1726
16.9824	75.5363	0.247525	78.1726
16.9828	75.6188	0.165017	78.1726
17.0331	75.7013	0.0825083	78.1726
17.1394	75.7013	0.0825083	78.1726
17.1425	75.7426	0.165017	78.1726
17.1742	75.8251	0.0825083	78.1726
17.1746	75.8663	0.165017	78.1726
17.196	75.9488	0.0825083	78.1726
17.2016	75.9901	0.165017	78.1726
17.2159	76.0726	0.0825083	78.1726
17.2164	76.0726	0.247525	78.1726
17.2206	76.1551	0.165017	78.1726
17.2258	76.2376	0.0825083	78.1726
17.2302	76.2789	0.165017	78.1726
17.2838	76.3614	0.0825083	78.1726
17.2862	76.4026	0.165017	78.1726
17.3401	76.4851	0.0825083	78.1726
17.3427	76.4851	0.165017	78.1726
17.4662	76.5677	0.0825083	78.1726
17.4662	76.5677	0.247525	78.1726
17.4664	76.6502	0.165017	78.1726
17.5152	76.7327	0.0825083	78.1726
17.5222	76.7327	0.0825083	79.1878
17.5237	76.7327	0.165017	79.1878
17.6541	76.8152	0.0825083	79.1878
17.6555	76.8564	0.165017	79.1878
17.6664	76.9389	0.0825083	79.1878
17.668	76.9802	0.165017	79.1878
17.6696	77.0627	0.0825083	79.1878
17.6703	77.104	0.165017	79.1878
17.6875	77.1865	0.0825083	79.1878
17.6888	77.1865	0.247525	79.1878
17.6901	77.269	0.165017	79.1878
17.7583	77.3515	0.0825083	79.1878
17.7586	77.3515	0.165017	79.1878
17.7596	77.3927	0.247525	79.1878
17.7606	77.4753	0.165017	79.1878
17.7652	77.5578	0.0825083	79.1878
17.7659	77.599	0.165017	79.1878
17.7737	77.6815	0.0825083	79.1878
17.7741	77.7228	0.165017	79.1878
17.788	77.8053	0.0825083	79.1878
17.7884	77.8465	0.165017	79.1878
17.8029	77.929	0.0825083	79.1878
17.8047	77.9703	0.165017	79.1878
17.8335	78.0528	0.0825083	79.1878
17.8336	78.0941	0.165017	79.1878
17.8769	78.1766	0.0825083	79.1878
17.8814	78.2178	0.165017	79.1878
17.9257	78.3003	0.0825083	79.1878
17.928	78.3416	0.165017	79.1878
17.9422	78.4241	0.0825083	79.1878
17.9423	78.4653	0.165017	79.1878
18.0156	78.5479	0.0825083	79.1878
18.0163	78.5479	0.0825083	80.203
18.0249	78.5479	0.0825083	80.7107
18.0271	78.5891	0.165017	80.7107
18.1089	78.6716	0.0825083	80.7107
18.1104	78.7129	0.165017	80.7107
18.1162	78.7954	0.0825083	80.7107
18.1179	78.7954	0.247525	80.7107
18.1185	78.8779	0.165017	80.7107
18.1519	78.9604	0.0825083	80.7107
18.1639	78.9604	0.0825083	81.2183
18.1646	79.0016	0.165017	81.2183
18.2492	79.0842	0.0825083	81.2183
18.2508	79.1254	0.165017	81.2183
18.2604	79.2079	0.0825083	81.2183
18.3298	79.2904	0	81.2183
18.3313	79.2904	0.165017	81.2183
18.3333	79.3729	0.0825083	81.2183
18.4058	79.4554	0	81.2183
18.4104	79.4967	0.0825083	81.2183
18.4144	79.5792	0	81.2183
18.4163	79.6205	0.0825083	81.2183
18.4206	79.703	0	81.2183
18.4207	79.703	0.165017	81.2183
18.4222	79.7855	0.0825083	81.2183
18.4389	79.868	0	81.2183
18.4392	79.9092	0.0825083	81.2183
18.5868	79.9918	0	81.2183
18.5884	80.033	0.0825083	81.2183
18.6711	80.1155	0	81.2183
18.6718	80.1568	0.0825083	81.2183
18.6789	80.2393	0	81.2183
18.6811	80.2805	0.0825083	81.2183
18.6824	80.2805	0.0825083	82.2335
18.6873	80.363	0	82.2335
18.6909	80.363	0.0825083	82.2335
18.7055	80.4455	0	82.2335
18.7064	80.4455	0.0825083	82.2335
18.7993	80.5281	0	82.2335
18.8001	80.5693	0.0825083	82.2335
18.8199	80.6518	0	82.2335
18.9483	80.6518	0	83.2487
18.9549	80.6931	0.0825083	83.2487
19.0118	80.7756	0	83.2487
19.0391	80.7756	0	84.264
19.0396	80.7756	0.165017	84.264
19.0425	80.8581	0.0825083	84.264
19.1405	80.9406	0	84.264
19.1441	80.9818	0.0825083	84.264
19.1706	81.0644	0	84.264
19.1742	81.1056	0.0825083	84.264
19.389	81.1881	0	84.264
19.3899	81.2294	0.0825083	84.264
19.435	81.3119	0	84.264
19.4352	81.3531	0.0825083	84.264
19.4968	81.4356	0	84.264
19.4969	81.4769	0.0825083	84.264
19.7178	81.5594	0	84.264
19.7183	81.6007	0.0825083	84.264
19.8552	81.6832	0	84.264
19.8556	81.7244	0.0825083	84.264
19.8673	81.8069	0	84.264
19.8677	81.8069	0.165017	84.264
19.9234	81.8894	0.0825083	84.264
19.924	81.9307	0.165017	84.264
20.0668	82.0132	0.0825083	84.264
20.0699	82.0132	0.165017	84.264
20.1916	82.0957	0.0825083	84.264
20.1925	82.137	0.165017	84.264
20.2408	82.2195	0.0825083	84.264
20.241	82.2607	0.165017	84.264
20.2581	82.3432	0.0825083	84.264
20.2611	82.3432	0.247525	84.264
20.28	82.4257	0.165017	84.264
20.2811	82.4257	0.330033	84.264
20.2818	82.5082	0.247525	84.264
20.3793	82.5908	0.165017	84.264
20.3795	82.5908	0.330033	84.264
20.3809	82.6733	0.247525	84.264
20.4236	82.7558	0.165017	84.264
20.425	82.7558	0.247525	84.264
20.5303	82.8383	0.165017	84.264
20.5323	82.8795	0.247525	84.264
20.5473	82.962	0.165017	84.264
20.5556	83.0033	0.247525	84.264
20.5702	83.0858	0.165017	84.264
20.5757	83.1271	0.247525	84.264
20.6126	83.2096	0.165017	84.264
20.6155	83.2508	0.247525	84.264
20.6953	83.3333	0.165017	84.264
20.6959	83.3746	0.247525	84.264
20.9002	83.4571	0.165017	84.264
20.9017	83.4571	0.330033	84.264
20.9036	83.5396	0.247525	84.264
20.938	83.6221	0.165017	84.264
20.9406	83.6221	0.247525	84.264
21.1733	83.7046	0.165017	84.264
21.1738	83.7459	0.247525	84.264
21.3151	83.8284	0.165017	84.264
21.3167	83.8696	0.247525	84.264
21.3169	83.9109	0.330033	84.264
21.3223	83.9934	0.247525	84.264
21.3284	84.0347	0.330033	84.264
21.3572	84.1172	0.247525	84.264
21.4471	84.1584	0.330033	84.264
21.4498	84.1997	0.412541	84.264
21.5071	84.2822	0.330033	84.264
21.5109	84.3234	0.412541	84.264
21.5121	84.4059	0.330033	84.264
21.558	84.4059	0.330033	84.7716
21.5622	84.4472	0.412541	84.7716
21.6192	84.5297	0.330033	84.7716
21.6796	84.6122	0.247525	84.7716
21.681	84.6535	0.330033	84.7716
21.946	84.736	0.247525	84.7716
21.9463	84.7772	0.330033	84.7716
22.0747	84.8597	0.247525	84.7716
22.0757	84.8597	0.412541	84.7716
22.0768	84.9422	0.330033	84.7716
22.2235	85.0247	0.247525	84.7716
22.2257	85.0247	0.330033	84.7716
22.2706	85.1073	0.247525	84.7716
22.271	85.1485	0.330033	84.7716
22.2942	85.231	0.247525	84.7716
22.5158	85.3135	0.165017	84.7716
22.5197	85.3548	0.247525	84.7716
22.9747	85.4373	0.165017	84.7716
23.015	85.4373	0.165017	85.7868
23.0152	85.4373	0.247525	85.7868
23.0302	85.5198	0.165017	85.7868
23.066	85.6023	0.0825083	85.7868
23.0665	85.6436	0.165017	85.7868
23.0913	85.7261	0.0825083	85.7868
23.0947	85.7673	0.165017	85.7868
23.12	85.8498	0.0825083	85.7868
23.1221	85.8911	0.165017	85.7868
23.127	85.9736	0.0825083	85.7868
23.1306	86.0149	0.165017	85.7868
23.1576	86.0974	0.0825083	85.7868
23.1589	86.1386	0.165017	85.7868
23.271	86.2211	0.0825083	85.7868
23.2722	86.2211	0.165017	85.7868
23.297	86.3036	0.0825083	85.7868
23.486	86.3861	0	85.7868
23.4909	86.4274	0.0825083	85.7868
23.5286	86.5099	0	85.7868
23.5288	86.5512	0.0825083	85.7868
23.5518	86.6337	0	85.7868
23.552	86.6749	0.0825083	85.7868
23.8216	86.7574	0	85.7868
23.8241	86.7987	0.0825083	85.7868
23.9276	86.8812	0	85.7868
23.9349	86.9224	0.0825083	85.7868
24.0671	87.005	0	85.7868
24.0674	87.0462	0.0825083	85.7868
24.1336	87.1287	0	85.7868
24.1521	87.1287	0	86.802
24.1522	87.17	0.0825083	86.802
24.1536	87.2525	0	86.802
24.1543	87.2937	0.0825083	86.802
24.3427	87.3762	0	86.802
24.3445	87.3762	0.165017	86.802
24.3461	87.4587	0.0825083	86.802
24.6902	87.5413	0	86.802
24.698	87.5825	0.0825083	86.802
24.9213	87.665	0	86.802
24.9216	87.665	0.0825083	86.802
25.0049	87.7475	0	86.802
25.0076	87.7888	0.0825083	86.802
25.1825	87.8713	0	86.802
25.1826	87.9125	0.0825083	86.802
25.197	87.995	0	86.802
25.1995	88.0363	0.0825083	86.802
25.2177	88.1188	0	86.802
25.3029	88.1188	0	87.8173
25.3084	88.1601	0.0825083	87.8173
25.4516	88.2426	0	87.8173
25.4519	88.2838	0.0825083	87.8173
25.4715	88.3663	0	87.8173
25.4733	88.4076	0.0825083	87.8173
25.7813	88.4901	0	87.8173
25.7814	88.5314	0.0825083	87.8173
26.2256	88.6139	0	87.8173
26.2258	88.6551	0.0825083	87.8173
26.3504	88.7376	0	87.8173
26.3528	88.7789	0.0825083	87.8173
26.4171	88.8614	0	87.8173
26.4176	88.8614	0.0825083	87.8173
26.5562	88.9439	0	87.8173
26.5562	88.9851	0.0825083	87.8173
26.7815	89.0677	0	87.8173
26.7819	89.0677	0.165017	87.8173
26.783	89.1502	0.0825083	87.8173
27.1241	89.2327	0	87.8173
27.1247	89.2739	0.0825083	87.8173
27.1316	89.3564	0	87.8173
27.1422	89.3977	0.0825083	87.8173
27.1842	89.4802	0	87.8173
27.1865	89.4802	0.0825083	87.8173
27.3128	89.5627	0	87.8173
27.3137	89.604	0.0825083	87.8173
27.328	89.6865	0	87.8173
27.3282	89.6865	0.165017	87.8173
27.3297	89.769	0.0825083	87.8173
27.6752	89.8515	0	87.8173
27.6766	89.8927	0.0825083	87.8173
28.0181	89.9753	0	87.8173
28.0223	90.0165	0.0825083	87.8173
28.0866	90.099	0	87.8173
28.0868	90.099	0.165017	87.8173
28.0869	90.1815	0.0825083	87.8173
28.1611	90.264	0	87.8173
28.1631	90.264	0.0825083	87.8173
28.2693	90.3465	0	87.8173
28.2734	90.3878	0.0825083	87.8173
28.3396	90.4703	0	87.8173
28.3423	90.5116	0.0825083	87.8173
28.6031	90.5941	0	87.8173
28.6057	90.6353	0.0825083	87.8173
28.7634	90.7178	0	87.8173
28.7652	90.7178	0.0825083	87.8173
28.8428	90.8003	0	87.8173
28.8454	90.8416	0.0825083	87.8173
28.9778	90.9241	0	87.8173
28.9832	90.9653	0.0825083	87.8173
29.0085	91.0479	0	87.8173
29.0092	91.0891	0.0825083	87.8173
29.1382	91.1716	0	87.8173
29.1425	91.2129	0.0825083	87.8173
29.2963	91.2954	0	87.8173
29.2968	91.3366	0.0825083	87.8173
29.2968	91.3779	0.165017	87.8173
29.2974	91.4604	0.0825083	87.8173
29.4952	91.5429	0	87.8173
29.496	91.5429	0.165017	87.8173
29.4982	91.6254	0.0825083	87.8173
29.5184	91.7079	0	87.8173
29.5195	91.7492	0.0825083	87.8173
29.5629	91.8317	0	87.8173
29.6605	91.8317	0	88.8325
29.6609	91.8729	0.0825083	88.8325
29.7007	91.9554	0	88.8325
29.8486	91.9554	0	89.8477
29.8509	91.9554	0.0825083	89.8477
29.8912	92.038	0	89.8477
29.8936	92.038	0.0825083	89.8477
29.9197	92.1205	0	89.8477
29.9245	92.1617	0.0825083	89.8477
30.3958	92.2442	0	89.8477
30.3968	92.2442	0.0825083	89.8477
30.398	92.3267	0	89.8477
30.402	92.368	0.0825083	89.8477
30.4919	92.4505	0	89.8477
30.5082	92.4918	0.0825083	89.8477
30.5085	92.4918	0.247525	89.8477
30.5103	92.5743	0.165017	89.8477
30.5185	92.6568	0.0825083	89.8477
30.9799	92.7393	0	89.8477
30.9811	92.7393	0.165017	89.8477
30.983	92.8218	0.0825083	89.8477
31.0596	92.9043	0	89.8477
31.0596	92.9043	0.165017	89.8477
31.0606	92.9868	0.0825083	89.8477
31.4825	93.0693	0	89.8477
31.484	93.1106	0.0825083	89.8477
31.712	93.1931	0	89.8477
31.8748	93.1931	0	90.8629
31.8752	93.1931	0.165017	90.8629
31.8758	93.2756	0.0825083	90.8629
31.8775	93.3581	0	90.8629
31.8817	93.3993	0.0825083	90.8629
31.8929	93.4818	0	90.8629
31.8989	93.5231	0.0825083	90.8629
32.5638	93.6056	0	90.8629
32.5642	93.6056	0.165017	90.8629
32.5647	93.6881	0.0825083	90.8629
32.99	93.7706	0	90.8629
33.325	93.8119	0.0825083	90.8629
33.3255	93.8119	0.165017	90.8629
33.3809	93.8944	0.0825083	90.8629
33.3837	93.9356	0.165017	90.8629
33.6189	94.0182	0.0825083	90.8629
33.7888	94.0182	0.0825083	91.8782
33.789	94.0182	0.247525	91.8782
33.7894	94.1007	0.165017	91.8782
34.2159	94.1832	0.0825083	91.8782
34.2368	94.1832	0.0825083	92.8934
34.2385	94.2244	0.165017	92.8934
35.0767	94.3069	0.0825083	92.8934
35.0774	94.3482	0.165017	92.8934
35.5086	94.4307	0.0825083	92.8934
35.5098	94.4307	0.247525	92.8934
35.5116	94.5132	0.165017	92.8934
35.5233	94.5957	0.0825083	92.8934
35.5242	94.637	0.165017	92.8934
35.7044	94.7195	0.0825083	92.8934
36.4053	94.802	0	92.8934
36.9747	94.8432	0.0825083	92.8934
36.9748	94.8432	0.165017	92.8934
37.3371	94.9257	0.0825083	92.8934
37.3375	94.9257	0.165017	92.8934
37.378	95.0082	0.0825083	92.8934
37.3829	95.0495	0.165017	92.8934
37.9322	95.132	0.0825083	92.8934
37.9437	95.1733	0.165017	92.8934
37.9798	95.2558	0.0825083	92.8934
37.9916	95.3383	0	92.8934
37.992	95.3795	0.0825083	92.8934
38.9507	95.462	0	92.8934
38.9517	95.5033	0.0825083	92.8934
39.2228	95.5858	0	92.8934
39.2281	95.5858	0.0825083	92.8934
40.4582	95.6683	0	92.8934
40.4583	95.6683	0.165017	92.8934
40.4599	95.7508	0.0825083	92.8934
40.5311	95.8333	0	92.8934
40.5369	95.8746	0.0825083	92.8934
40.7867	95.9571	0	92.8934
40.7886	95.9984	0.0825083	92.8934
41.3588	96.0809	0	92.8934
41.359	96.1221	0.0825083	92.8934
41.4012	96.2046	0	92.8934
41.4031	96.2046	0.0825083	92.8934
41.7371	96.2871	0	92.8934
41.7386	96.3284	0.0825083	92.8934
41.9648	96.4109	0	92.8934
41.9651	96.4521	0.0825083	92.8934
42.8473	96.5347	0	92.8934
42.8477	96.5759	0.0825083	92.8934
43.186	96.6584	0	92.8934
43.1862	96.6997	0.0825083	92.8934
43.1868	96.7822	0	92.8934
43.1936	96.8234	0.0825083	92.8934
43.5888	96.9059	0	92.8934
43.5899	96.9472	0.0825083	92.8934
43.6788	97.0297	0	92.8934
43.6796	97.071	0.0825083	92.8934
43.8808	97.1535	0	92.8934
43.8822	97.1947	0.0825083	92.8934
43.9315	97.2772	0	92.8934
43.9325	97.3185	0.0825083	92.8934
44.1825	97.401	0	92.8934
44.4225	97.4422	0.0825083	92.8934
44.4262	97.4835	0.165017	92.8934
44.6317	97.566	0.0825083	92.8934
44.6333	97.6073	0.165017	92.8934
44.7835	97.6898	0.0825083	92.8934
44.7838	97.731	0.165017	92.8934
45.216	97.8135	0.0825083	92.8934
46.2591	97.896	0	92.8934
46.2617	97.9373	0.0825083	92.8934
48.532	98.0198	0	92.8934
48.5324	98.0611	0.0825083	92.8934
49.294	98.1436	0	92.8934
49.2962	98.1848	0.0825083	92.8934
50.3965	98.2673	0	92.8934
50.397	98.2673	0.165017	92.8934
50.3974	98.3498	0.0825083	92.8934
50.8296	98.4323	0	92.8934
50.8297	98.4736	0.0825083	92.8934
52.4952	98.5561	0	92.8934
52.4966	98.5561	0.165017	92.8934
52.4976	98.6386	0.0825083	92.8934
52.7406	98.7211	0	92.8934
52.7411	98.7624	0.0825083	92.8934
53.7534	98.8449	0	92.8934
53.7534	98.8861	0.0825083	92.8934
56.7514	98.9686	0	92.8934
56.7516	99.0099	0.0825083	92.8934
58.1038	99.0924	0	92.8934
58.1047	99.1337	0.0825083	92.8934
63.4568	99.2162	0	92.8934
63.4587	99.2162	0.165017	92.8934
63.4601	99.2987	0.0825083	92.8934
370.434	99.3812	0	92.8934
544.11	99.3812	0	93.9086
576.712	99.3812	0	94.9239
769.839	99.3812	0	95.9391
828.964	99.3812	0	96.9543
855.789	99.3812	0	97.9695
1851.23	99.3812	0	98.9848
3993.72	99.3812	0	100
3995.87	99.4224	0.0825083	100
5346.57	99.505	0	100
5347.92	99.5462	0.0825083	100
5857.12	99.6287	0	100
5859.38	99.67	0.0825083	100
7989.02	99.7525	0	100
7989.73	99.7937	0.0825083	100
9193.98	99.8762	0	100
9195.58	99.9175	0.0825083	100
