1.38195e-06	0	0	0
8.38698e-06	0	0	0
9.3202e-06	0	0	0
1.64291e-05	0	0	0
2.58032e-05	0	0	0
2.72865e-05	0	0	0
3.81785e-05	0	0	0
4.99644e-05	0	0	0
6.51294e-05	0	0	0
6.75404e-05	0	0	0
6.78e-05	0	0	0
7.20258e-05	0	0	0
9.29106e-05	0	0	0
9.93866e-05	0	0	0
0.000127632	0	0	0
0.000129336	0	0	0
0.000132309	0	0	0
0.000142612	0	0	0
0.000175886	0	0	0
0.000185772	0	0	0
0.000196007	0	0	0
0.00020503	0	0	0
0.000213652	0	0	0
0.000220295	0	0	0
0.000220489	0	0	0
0.00022247	0	0	0
0.000229014	0	0	0
0.000243615	0	0	0
0.000250522	0	0	0
0.000274263	0	0	0
0.000284086	0	0	0
0.000284992	0	0	0
0.000313837	0	0	0
0.000348264	0	0	0
0.000353289	0	0	0
0.00035862	0	0	0
0.000364008	0	0	0
0.00038338	0	0	0
0.000384303	0	0	0
0.000392318	0	0	0
0.000404767	0	0	0
0.000417507	0	0	0
0.000430474	0	0	0
0.000460973	0	0	0
0.000465734	0	0	0
0.000468641	0	0	0
0.000473044	0	0	0
0.000473753	0	0	0
0.000478829	0	0	0
0.000486087	0	0	0
0.000486913	0	0	0
0.000499012	0	0	0
0.000511179	0	0	0
0.000531629	0	0	0
0.000548936	0	0	0
0.000585927	0	0	0
0.000601119	0	0	0
0.000601241	0	0	0
0.000612073	0	0	0
0.000616015	0	0	0
0.000617318	0	0	0
0.000617721	0	0	0
0.000625736	0	0	0
0.000632163	0	0	0
0.0006546	0	0	0
0.000678304	0	0	0
0.000692027	0	0	0
0.00070042	0	0	0
0.00070163	0	0	0
0.000707999	0	0	0
0.000711207	0	0	0
0.000720371	0	0	0
0.000733337	0	0	0
0.000734639	0	0	0
0.00073832	0	0	0
0.000739251	0	0	0
0.000740629	0	0	0
0.000768092	0	0	0
0.000779993	0	0	0
0.00078187	0	0	0
0.000783849	0	0	0
0.000784642	0	0	0
0.000792447	0	0	0
0.000803994	0	0	0
0.000808572	0	0	0
0.00081964	0	0	0
0.000834815	0	0	0
0.000846425	0	0	0
0.00085936	0	0	0
0.000871457	0	0	0
0.000874573	0	0	0
0.000885251	0	0	0
0.000900319	0	0	0
0.000904997	0	0	0
0.000933052	0	0	0
0.000949049	0	0	0
0.00096988	0	0	0
0.000972913	0	0	0
0.000992395	0	0	0
0.00100058	0	0	0
0.00102062	0	0	0
0.00104586	0	0	0
0.00105372	0	0	0
0.00110674	0	0	0
0.00111853	0	0	0
0.00113706	0	0	0
0.00113749	0	0	0
0.00114062	0	0	0
0.00114707	0	0	0
0.00114808	0	0	0
0.00118498	0	0	0
0.00119408	0	0	0
0.00126228	0	0	0
0.00127774	0	0	0
0.00128846	0	0	0
0.00129892	0	0	0
0.00130725	0	0	0
0.00131353	0	0	0
0.00131688	0	0	0
0.00131801	0	0	0
0.00132204	0	0	0
0.00132747	0	0	0
0.00132842	0	0	0
0.00133291	0	0	0
0.00133696	0	0	0
0.00135137	0	0	0
0.00135195	0	0	0
0.00136239	0	0	0
0.001366	0	0	0
0.0013772	0	0	0
0.00137784	0	0	0
0.0013924	0	0	0
0.00139928	0	0	0
0.00140814	0	0	0
0.00141073	0	0	0
0.00145052	0	0	0
0.00147046	0	0	0
0.00148428	0	0	0
0.00148785	0	0	0
0.00152834	0	0	0
0.00152921	0	0	0
0.00154227	0	0	0
0.00154536	0	0	0
0.0016042	0	0	0
0.00161208	0	0	0
0.00168241	0	0	0
0.00168763	0	0	0
0.00169418	0	0	0
0.0016993	0	0	0
0.00170575	0	0	0
0.0017367	0	0	0
0.00173996	0	0	0
0.00174859	0	0	0
0.00179059	0	0	0
0.00179769	0	0	0
0.00180674	0	0	0
0.00182647	0	0	0
0.00183449	0	0	0
0.0018387	0	0	0
0.0018552	0	0	0
0.0018571	0	0	0
0.00189319	0	0	0
0.00192591	0	0	0
0.0019771	0	0	0
0.00198053	0	0	0
0.00198771	0	0	0
0.00200564	0	0	0
0.00203522	0	0	0
0.00204588	0	0	0
0.00206698	0	0	0
0.00207502	0	0	0
0.00208634	0	0	0
0.00209167	0	0	0
0.00210074	0	0	0
0.00210379	0	0	0
0.00211063	0	0	0
0.00211773	0	0	0
0.00212454	0	0	0
0.00212856	0	0	0
0.00214648	0	0	0
0.00214911	0	0	0
0.00214997	0	0	0
0.00215901	0	0	0
0.00217261	0	0	0
0.00220122	0	0	0
0.00221295	0	0	0
0.00224704	0	0	0
0.00225168	0	0	0
0.00227467	0	0	0
0.00229094	0	0	0
0.00229498	0	0	0
0.00231127	0	0	0
0.00231593	0	0	0
0.00232194	0	0	0
0.00233036	0	0	0
0.00233684	0	0	0
0.00233999	0	0	0
0.00234382	0	0	0
0.00236515	0	0	0
0.00237087	0	0	0
0.00237974	0	0	0
0.00241024	0	0	0
0.00243113	0	0	0
0.00243904	0	0	0
0.00245962	0	0	0
0.00246625	0	0	0
0.00247067	0	0	0
0.00247313	0	0	0
0.00248126	0	0	0
0.00249122	0	0	0
0.00250208	0	0	0
0.00251609	0	0	0
0.00252999	0	0	0
0.00254638	0	0	0
0.0025835	0	0	0
0.00259468	0	0	0
0.00260015	0	0	0
0.00260473	0	0	0
0.00263515	0	0	0
0.00267506	0	0	0
0.00269202	0	0	0
0.00270314	0	0	0
0.00272764	0	0	0
0.0027503	0	0	0
0.00276904	0	0	0
0.00282989	0	0	0
0.00284996	0	0	0
0.00286191	0	0	0
0.0028771	0	0	0
0.00290778	0	0	0
0.0029146	0	0	0
0.00294001	0	0	0
0.00297038	0	0	0
0.00298662	0	0	0
0.00299277	0	0	0
0.00299884	0	0	0
0.00305693	0	0	0
0.00311638	0	0	0
0.00315339	0	0	0
0.0032238	0	0	0
0.00324079	0	0	0
0.00324743	0	0	0
0.00325224	0	0	0
0.00326348	0	0	0
0.00328816	0	0	0
0.00329803	0	0	0
0.00331051	0	0	0
0.00333492	0	0	0
0.00337347	0	0	0
0.00339375	0	0	0
0.00341526	0	0	0
0.00343183	0	0	0
0.00343608	0	0	0
0.00345097	0	0	0
0.00345899	0	0	0
0.00347409	0	0	0
0.00347743	0	0	0
0.00355455	0	0	0
0.00361295	0	0	0
0.0036217	0	0	0
0.00362359	0	0	0
0.00363972	0	0	0
0.00369977	0	0	0
0.00372566	0	0	0
0.00373385	0	0	0
0.00373394	0	0	0
0.00374134	0	0	0
0.0037672	0	0	0
0.00377913	0	0	0
0.00386483	0	0	0
0.00386965	0	0	0
0.00387074	0	0	0
0.00387928	0	0	0
0.0038913	0	0	0
0.00389631	0	0	0
0.00392319	0	0	0
0.00400575	0	0	0
0.00402827	0	0	0
0.00405077	0	0	0
0.00407217	0	0	0
0.00407621	0	0	0
0.00410355	0	0	0
0.00414734	0	0	0
0.0042097	0	0	0
0.00433339	0	0	0
0.00433737	0	0	0
0.00435434	0	0	0
0.00438259	0	0	0
0.00443617	0	0	0
0.00446109	0	0	0
0.00449641	0	0	0
0.00451518	0	0	0
0.00452599	0	0	0
0.00456536	0	0	0
0.00463	0	0	0
0.00463278	0	0	0
0.00464066	0	0	0
0.00469853	0	0	0
0.00476437	0	0	0
0.00480604	0	0	0
0.00483326	0	0	0
0.00493435	0	0	0
0.00498192	0	0	0
0.00498858	0	0	0
0.00500175	0	0	0
0.00500895	0	0	0
0.00505966	0	0	0
0.00507938	0	0	0
0.00508482	0	0	0
0.00510484	0	0	0
0.00513853	0	0	0
0.00516149	0	0	0
0.00519802	0	0	0
0.00522589	0	0	0
0.00522903	0	0	0
0.00525559	0	0	0
0.00525925	0	0	0
0.00531631	0	0	0
0.00531705	0	0	0
0.00531956	0	0	0
0.0053454	0	0	0
0.00538965	0	0	0
0.00545837	0	0	0
0.00551172	0	0	0
0.00555528	0	0	0
0.00562726	0	0	0
0.00563487	0	0	0
0.00567965	0	0	0
0.00577286	0	0	0
0.005821	0	0	0
0.00591282	0	0	0
0.00601414	0	0	0
0.00603428	0	0	0
0.00603707	0	0	0
0.0061214	0	0	0
0.00624822	0	0	0
0.00652239	0	0	0
0.00652835	0	0	0
0.00661276	0	0	0
0.00664546	0	0	0
0.00666613	0	0	0
0.00670316	0	0	0
0.00682685	0	0	0
0.00686397	0	0	0
0.00688043	0	0	0
0.00694868	0	0	0
0.00698263	0	0	0
0.00700739	0	0	0
0.0070614	0	0	0
0.00712391	0	0	0
0.00719086	0	0	0
0.00742216	0	0	0
0.00749759	0	0	0
0.00763806	0	0	0
0.00771042	0	0	0
0.00775745	0	0	0
0.00779902	0	0	0
0.00785923	0	0	0
0.00794807	0	0	0
0.00796814	0	0	0
0.00801974	0	0	0
0.008184	0	0	0
0.00838559	0	0	0
0.00842822	0	0	0
0.00842923	0	0	0
0.00854295	0	0	0
0.00867126	0	0	0
0.00875819	0	0	0
0.00876876	0	0	0
0.00888096	0	0	0
0.00904703	0	0	0
0.00937992	0	0	0
0.00947513	0	0	0
0.00953855	0	0	0
0.00982493	0	0	0
0.00983743	0	0	0
0.0100834	0	0	0
0.0101465	0	0	0
0.010402	0	0	0
0.0106071	0	0	0
0.0107017	0	0	0
0.0107514	0	0	0
0.010812	0	0	0
0.010838	0	0	0
0.0109382	0	0	0
0.0109561	0	0	0
0.0109833	0	0	0
0.0110101	0	0	0
0.0111169	0	0	0
0.0111205	0	0	0
0.0111977	0	0	0
0.0112534	0	0	0
0.0113672	0	0	0
0.0114209	0	0	0
0.0114595	0	0	0
0.0116489	0	0	0
0.0118232	0	0	0
0.011861	0	0	0
0.012053	0	0	0
0.0121531	0	0	0
0.0126563	0	0	0
0.0127183	0	0	0
0.0128078	0	0	0
0.0130544	0	0	0
0.0131487	0	0	0
0.0138898	0	0	0
0.0484096	0	0	0
0.0532335	0.0412541	0.0825083	0
0.0645543	0.123762	0	0
0.0829159	0.123762	0	0.512821
0.0829245	0.123762	0	0.512821
0.0830969	0.123762	0	0.512821
0.083247	0.123762	0	0.512821
0.0833306	0.123762	0	0.512821
0.0834139	0.123762	0	0.512821
0.0834752	0.123762	0	0.512821
0.083768	0.123762	0	0.512821
0.083771	0.123762	0	0.512821
0.0838324	0.123762	0	0.512821
0.0839456	0.123762	0	0.512821
0.0839464	0.123762	0	0.512821
0.0839803	0.123762	0	0.512821
0.0840458	0.123762	0	0.512821
0.0840756	0.123762	0	0.512821
0.0840802	0.123762	0	0.512821
0.0841451	0.123762	0	0.512821
0.0841663	0.123762	0	0.512821
0.0842123	0.123762	0	0.512821
0.0842674	0.123762	0	0.512821
0.0843787	0.123762	0	0.512821
0.0843793	0.123762	0	0.512821
0.0843846	0.123762	0	0.512821
0.0844306	0.123762	0	0.512821
0.0845478	0.123762	0	0.512821
0.0845681	0.123762	0	0.512821
0.0845797	0.123762	0	0.512821
0.0845952	0.123762	0	0.512821
0.0846437	0.123762	0	0.512821
0.0847018	0.123762	0	0.512821
0.084704	0.123762	0	0.512821
0.0847528	0.123762	0	0.512821
0.0847563	0.123762	0	0.512821
0.0848072	0.123762	0	0.512821
0.0848111	0.123762	0	0.512821
0.0848547	0.123762	0	0.512821
0.0848565	0.123762	0	0.512821
0.0848931	0.123762	0	0.512821
0.0849324	0.123762	0	0.512821
0.0849825	0.123762	0	0.512821
0.0851021	0.123762	0	0.512821
0.0851467	0.123762	0	0.512821
0.0851899	0.123762	0	0.512821
0.0852115	0.123762	0	0.512821
0.0852433	0.123762	0	0.512821
0.0852897	0.123762	0	0.512821
0.0852989	0.123762	0	0.512821
0.0853684	0.123762	0	0.512821
0.0854248	0.123762	0	0.512821
0.0854326	0.123762	0	0.512821
0.0854635	0.123762	0	0.512821
0.085508	0.123762	0	0.512821
0.0855494	0.123762	0	0.512821
0.0856079	0.123762	0	0.512821
0.085608	0.123762	0	0.512821
0.0856206	0.123762	0	0.512821
0.0856229	0.123762	0	0.512821
0.0857562	0.123762	0	0.512821
0.0857634	0.123762	0	0.512821
0.0858071	0.123762	0	0.512821
0.0858464	0.123762	0	0.512821
0.0858495	0.123762	0	0.512821
0.0858938	0.123762	0	0.512821
0.0859554	0.123762	0	0.512821
0.0859653	0.123762	0	0.512821
0.0859659	0.123762	0	0.512821
0.0860292	0.123762	0	0.512821
0.0860532	0.123762	0	0.512821
0.0861066	0.123762	0	0.512821
0.0861249	0.123762	0	0.512821
0.0861338	0.123762	0	0.512821
0.0861378	0.123762	0	0.512821
0.0861637	0.123762	0	0.512821
0.0861744	0.123762	0	0.512821
0.0861762	0.123762	0	0.512821
0.0862066	0.123762	0	0.512821
0.086208	0.123762	0	0.512821
0.0862202	0.123762	0	0.512821
0.086227	0.123762	0	0.512821
0.0862348	0.123762	0	0.512821
0.0862357	0.123762	0	0.512821
0.0862583	0.123762	0	0.512821
0.0863056	0.123762	0	0.512821
0.086341	0.123762	0	0.512821
0.0863436	0.123762	0	0.512821
0.0863564	0.123762	0	0.512821
0.0863742	0.123762	0	0.512821
0.0863807	0.123762	0	0.512821
0.0863832	0.123762	0	0.512821
0.0864099	0.123762	0	0.512821
0.0864359	0.123762	0	0.512821
0.0864497	0.123762	0	0.512821
0.0864607	0.123762	0	0.512821
0.0864901	0.123762	0	0.512821
0.0865214	0.123762	0	0.512821
0.0865227	0.123762	0	0.512821
0.0865301	0.123762	0	0.512821
0.0865433	0.123762	0	0.512821
0.0865885	0.123762	0	0.512821
0.0866222	0.123762	0	0.512821
0.0866353	0.123762	0	0.512821
0.0866763	0.123762	0	0.512821
0.0866883	0.123762	0	0.512821
0.0867027	0.123762	0	0.512821
0.0867269	0.123762	0	0.512821
0.0868224	0.123762	0	0.512821
0.0868428	0.123762	0	0.512821
0.0868777	0.123762	0	0.512821
0.0869562	0.123762	0	0.512821
0.0869583	0.123762	0	0.512821
0.0869638	0.123762	0	0.512821
0.0869671	0.123762	0	0.512821
0.0869691	0.123762	0	0.512821
0.0869765	0.123762	0	0.512821
0.0870217	0.123762	0	0.512821
0.0870378	0.123762	0	0.512821
0.0870427	0.123762	0	0.512821
0.0870557	0.123762	0	0.512821
0.0871167	0.123762	0	0.512821
0.0871439	0.123762	0	0.512821
0.0871989	0.123762	0	0.512821
0.087208	0.123762	0	0.512821
0.0872319	0.123762	0	0.512821
0.0872426	0.123762	0	0.512821
0.0872501	0.123762	0	0.512821
0.087265	0.123762	0	0.512821
0.0872851	0.123762	0	0.512821
0.0872854	0.123762	0	0.512821
0.0873643	0.123762	0	0.512821
0.087449	0.123762	0	0.512821
0.0874531	0.123762	0	0.512821
0.0874762	0.123762	0	0.512821
0.0875683	0.123762	0	0.512821
0.0876307	0.123762	0	0.512821
0.0876379	0.123762	0	0.512821
0.0876869	0.123762	0	0.512821
0.0877108	0.123762	0	0.512821
0.0877312	0.123762	0	0.512821
0.087766	0.123762	0	0.512821
0.0877903	0.123762	0	0.512821
0.0879487	0.123762	0	0.512821
0.0880561	0.123762	0	0.512821
0.0881493	0.123762	0	0.512821
0.0881699	0.123762	0	0.512821
0.0881819	0.123762	0	0.512821
0.0882279	0.123762	0	0.512821
0.0883399	0.123762	0	0.512821
0.0883848	0.123762	0	0.512821
0.0884722	0.123762	0	0.512821
0.0885331	0.123762	0	0.512821
0.0888143	0.123762	0	0.512821
0.0889617	0.123762	0	0.512821
0.0890023	0.123762	0	0.512821
0.089062	0.123762	0	0.512821
0.0892246	0.123762	0	0.512821
0.0893316	0.123762	0	0.512821
0.089371	0.123762	0	0.512821
0.0894194	0.123762	0	0.512821
0.0894268	0.123762	0	0.512821
0.0895613	0.123762	0	0.512821
0.0895911	0.165017	0.0825083	0.512821
0.0897682	0.165017	0.0825083	0.512821
0.0900617	0.165017	0.0825083	0.512821
0.0900956	0.165017	0.0825083	0.512821
0.0901513	0.165017	0.0825083	0.512821
0.0903798	0.165017	0.0825083	0.512821
0.0905059	0.165017	0.0825083	0.512821
0.0905793	0.165017	0.0825083	0.512821
0.0905869	0.165017	0.0825083	0.512821
0.0905884	0.165017	0.0825083	0.512821
0.0906748	0.165017	0.0825083	0.512821
0.0906759	0.165017	0.0825083	0.512821
0.0907084	0.165017	0.0825083	0.512821
0.0909013	0.165017	0.0825083	0.512821
0.0909083	0.165017	0.0825083	0.512821
0.0909398	0.165017	0.0825083	0.512821
0.0909907	0.165017	0.0825083	0.512821
0.0910043	0.165017	0.0825083	0.512821
0.0910388	0.165017	0.0825083	0.512821
0.0910723	0.165017	0.0825083	0.512821
0.0911391	0.165017	0.0825083	0.512821
0.0911532	0.165017	0.0825083	0.512821
0.09123	0.165017	0.0825083	0.512821
0.0912437	0.165017	0.0825083	0.512821
0.0912764	0.165017	0.0825083	0.512821
0.091298	0.165017	0.0825083	0.512821
0.091414	0.165017	0.0825083	0.512821
0.091649	0.165017	0.0825083	0.512821
0.0917327	0.165017	0.0825083	0.512821
0.0917757	0.165017	0.0825083	0.512821
0.0917944	0.165017	0.0825083	0.512821
0.0919089	0.165017	0.0825083	0.512821
0.0919448	0.165017	0.0825083	0.512821
0.0920095	0.165017	0.0825083	0.512821
0.0920874	0.165017	0.0825083	0.512821
0.0920889	0.165017	0.0825083	0.512821
0.0920953	0.165017	0.0825083	0.512821
0.0921014	0.165017	0.0825083	0.512821
0.09213	0.165017	0.0825083	0.512821
0.0921327	0.165017	0.0825083	0.512821
0.0921506	0.165017	0.0825083	0.512821
0.0922368	0.165017	0.0825083	0.512821
0.0922635	0.165017	0.0825083	0.512821
0.0922666	0.165017	0.0825083	0.512821
0.0923194	0.165017	0.0825083	0.512821
0.0923342	0.165017	0.0825083	0.512821
0.0923345	0.165017	0.0825083	0.512821
0.0923425	0.165017	0.0825083	0.512821
0.0924743	0.165017	0.0825083	0.512821
0.0924836	0.165017	0.0825083	0.512821
0.0925111	0.165017	0.0825083	0.512821
0.0925557	0.165017	0.0825083	0.512821
0.0925995	0.165017	0.0825083	0.512821
0.0926343	0.165017	0.0825083	0.512821
0.0926437	0.165017	0.0825083	0.512821
0.0926941	0.165017	0.0825083	0.512821
0.092699	0.165017	0.0825083	0.512821
0.0927352	0.165017	0.0825083	0.512821
0.0927678	0.165017	0.0825083	0.512821
0.0927724	0.165017	0.0825083	0.512821
0.0928007	0.165017	0.0825083	0.512821
0.0928463	0.165017	0.0825083	0.512821
0.0928603	0.165017	0.0825083	0.512821
0.0928754	0.247525	0	0.512821
0.0929468	0.247525	0	0.512821
0.0929478	0.247525	0	0.512821
0.092971	0.247525	0	0.512821
0.0929817	0.247525	0	0.512821
0.0929932	0.247525	0	0.512821
0.0930298	0.247525	0	0.512821
0.0930579	0.247525	0	0.512821
0.0931291	0.247525	0	0.512821
0.0931661	0.247525	0	0.512821
0.0931719	0.247525	0	0.512821
0.0932346	0.247525	0	0.512821
0.0932793	0.247525	0	0.512821
0.0932807	0.247525	0	0.512821
0.0934501	0.247525	0	0.512821
0.0934797	0.247525	0	0.512821
0.0935153	0.247525	0	0.512821
0.0935398	0.247525	0	0.512821
0.093643	0.247525	0	0.512821
0.093658	0.247525	0	0.512821
0.0936773	0.247525	0	0.512821
0.0937363	0.247525	0	0.512821
0.0937424	0.247525	0	0.512821
0.0937711	0.247525	0	0.512821
0.0938462	0.247525	0	0.512821
0.0938871	0.247525	0	0.512821
0.0942039	0.247525	0	0.512821
0.0942233	0.247525	0	0.512821
0.0942397	0.247525	0	0.512821
0.0942663	0.247525	0	0.512821
0.0942844	0.247525	0	0.512821
0.094375	0.247525	0	0.512821
0.0944272	0.247525	0	0.512821
0.0945694	0.247525	0	0.512821
0.0945843	0.247525	0	0.512821
0.0946402	0.247525	0	0.512821
0.0947247	0.247525	0	0.512821
0.0947519	0.247525	0	0.512821
0.0947802	0.247525	0	0.512821
0.0949085	0.247525	0	0.512821
0.0949498	0.247525	0	0.512821
0.095103	0.247525	0	0.512821
0.0951676	0.247525	0	0.512821
0.095213	0.247525	0	0.512821
0.0952426	0.247525	0	0.512821
0.0952484	0.247525	0	0.512821
0.095273	0.247525	0	0.512821
0.0952915	0.247525	0	0.512821
0.0952963	0.247525	0	0.512821
0.0954257	0.247525	0	0.512821
0.0955324	0.247525	0	0.512821
0.0955369	0.247525	0	0.512821
0.0955635	0.247525	0	0.512821
0.0956847	0.247525	0	0.512821
0.095738	0.247525	0	0.512821
0.0957391	0.247525	0	0.512821
0.0957455	0.247525	0	0.512821
0.0958241	0.247525	0	0.512821
0.0959566	0.247525	0	0.512821
0.0959656	0.247525	0	0.512821
0.0960642	0.247525	0	0.512821
0.0961274	0.247525	0	0.512821
0.0962058	0.247525	0	0.512821
0.0962959	0.247525	0	0.512821
0.0963235	0.247525	0	0.512821
0.0963538	0.247525	0	0.512821
0.0964046	0.247525	0	0.512821
0.0964372	0.247525	0	0.512821
0.096571	0.247525	0	0.512821
0.0966943	0.247525	0	0.512821
0.0967108	0.247525	0	0.512821
0.0968119	0.247525	0	0.512821
0.0968439	0.247525	0	0.512821
0.0969297	0.247525	0	0.512821
0.0971494	0.247525	0	0.512821
0.0971656	0.247525	0	0.512821
0.0972679	0.247525	0	0.512821
0.0972823	0.247525	0	0.512821
0.0973545	0.247525	0	0.512821
0.0975164	0.247525	0	0.512821
0.0976224	0.247525	0	0.512821
0.0976377	0.247525	0	0.512821
0.0976944	0.247525	0	0.512821
0.0979464	0.247525	0	0.512821
0.0985839	0.247525	0	0.512821
0.0987892	0.247525	0	0.512821
0.100517	0.247525	0	0.512821
0.101309	0.247525	0	0.512821
0.106619	0.247525	0	1.02564
0.108681	0.247525	0.165017	1.02564
0.108776	0.288779	0.247525	1.02564
0.108859	0.371287	0.165017	1.02564
0.110832	0.453795	0.0825083	1.02564
0.111126	0.453795	0.0825083	1.02564
0.116766	0.536304	0	1.02564
0.1176	0.577558	0.0825083	1.02564
0.11766	0.577558	0.247525	1.02564
0.118182	0.660066	0.165017	1.02564
0.123834	0.742574	0.0825083	1.02564
0.123868	0.742574	0.247525	1.02564
0.124736	0.742574	0.247525	1.53846
0.12598	0.825082	0.165017	1.53846
0.128067	0.907591	0.0825083	1.53846
0.129234	0.990099	0	1.53846
0.13076	0.990099	0.165017	1.53846
0.131594	0.990099	0.165017	1.53846
0.1328	1.07261	0.0825083	1.53846
0.1329	1.15512	0	1.53846
0.133235	1.15512	0.165017	1.53846
0.136947	1.23762	0.0825083	1.53846
0.136977	1.27888	0.165017	1.53846
0.138146	1.36139	0.0825083	1.53846
0.138502	1.36139	0.247525	1.53846
0.140013	1.44389	0.165017	1.53846
0.140505	1.5264	0.0825083	1.53846
0.140687	1.5264	0.247525	1.53846
0.141398	1.56766	0.330033	1.53846
0.14194	1.65016	0.247525	1.53846
0.142577	1.73267	0.165017	1.53846
0.145025	1.81518	0.0825083	1.53846
0.168434	1.89769	0	1.53846
0.168602	1.89769	0.165017	1.53846
0.170185	1.9802	0.0825083	1.53846
0.186529	2.06271	0	1.53846
0.189501	2.06271	0.0825083	1.53846
0.197794	2.14521	0	1.53846
0.204296	2.14521	0	1.53846
0.205986	2.18647	0.0825083	1.53846
0.208206	2.22772	0.165017	1.53846
0.208759	2.31023	0.0825083	1.53846
0.232581	2.39274	0	1.53846
0.241212	2.39274	0	2.05128
0.25266	2.39274	0	2.05128
0.273349	2.39274	0	2.05128
0.306261	2.39274	0	2.5641
0.307126	2.43399	0.0825083	2.5641
0.308512	2.5165	0	2.5641
0.340185	2.5165	0	3.58974
0.340418	2.5165	0.165017	3.58974
0.34051	2.59901	0.0825083	3.58974
0.34055	2.59901	0.0825083	4.10256
0.341998	2.59901	0.0825083	4.10256
0.350319	2.68152	0	4.10256
0.351588	2.68152	0.165017	4.10256
0.352609	2.76403	0.0825083	4.10256
0.353138	2.80528	0.165017	4.10256
0.353352	2.88779	0.0825083	4.10256
0.359573	2.9703	0	4.10256
0.363143	2.9703	0	4.10256
0.368976	2.9703	0	4.10256
0.380599	2.9703	0	4.61538
0.381161	2.9703	0.165017	4.61538
0.38163	2.9703	0.165017	5.12821
0.382366	3.05281	0.0825083	5.12821
0.407656	3.13531	0	5.12821
0.40852	3.17657	0.0825083	5.12821
0.425707	3.25908	0	5.12821
0.425823	3.25908	0.165017	5.12821
0.426279	3.30033	0.247525	5.12821
0.426955	3.38284	0.165017	5.12821
0.432273	3.46535	0.0825083	5.12821
0.450498	3.54785	0	5.12821
0.451152	3.58911	0.0825083	5.12821
0.459022	3.67162	0	5.12821
0.461895	3.71287	0.0825083	5.12821
0.464097	3.79538	0	5.12821
0.48126	3.79538	0	5.12821
0.485251	3.79538	0	5.12821
0.487053	3.79538	0.0825083	5.12821
0.494094	3.87789	0	5.12821
0.494367	3.87789	0	5.64103
0.496378	3.91914	0.0825083	5.64103
0.496746	4.00165	0	5.64103
0.497438	4.00165	0.165017	5.64103
0.497512	4.08416	0.0825083	5.64103
0.522255	4.16667	0	5.64103
0.526743	4.20792	0.0825083	5.64103
0.53	4.20792	0.0825083	6.15385
0.533862	4.29043	0	6.15385
0.535063	4.29043	0	6.15385
0.536825	4.29043	0.165017	6.15385
0.540654	4.37294	0.0825083	6.15385
0.546559	4.45545	0	6.15385
0.547149	4.45545	0.165017	6.15385
0.547448	4.53795	0.0825083	6.15385
0.553289	4.53795	0.0825083	7.17949
0.576085	4.62046	0	7.17949
0.577266	4.66172	0.0825083	7.17949
0.5937	4.74422	0	7.17949
0.595716	4.74422	0.165017	7.17949
0.59712	4.82673	0.0825083	7.17949
0.605283	4.90924	0	7.17949
0.606732	4.90924	0	7.69231
0.614304	4.9505	0.0825083	7.69231
0.614621	4.99175	0.165017	7.69231
0.615134	5.07426	0.0825083	7.69231
0.633973	5.15677	0	7.69231
0.635076	5.15677	0	8.20513
0.635505	5.19802	0.0825083	8.20513
0.653512	5.28053	0	8.20513
0.67245	5.28053	0	8.71795
0.694889	5.28053	0	9.23077
0.695561	5.32178	0.0825083	9.23077
0.708764	5.40429	0	9.23077
0.723655	5.40429	0	9.74359
0.73179	5.40429	0	10.2564
0.73239	5.44554	0.0825083	10.2564
0.734034	5.52805	0	10.2564
0.734816	5.56931	0.0825083	10.2564
0.736439	5.56931	0.0825083	10.2564
0.774551	5.65182	0	10.2564
0.77663	5.65182	0.165017	10.2564
0.783089	5.73432	0.0825083	10.2564
0.791485	5.81683	0	10.2564
0.792693	5.85809	0.0825083	10.2564
0.797614	5.94059	0	10.2564
0.825705	5.94059	0	10.7692
0.82702	5.94059	0.165017	10.7692
0.828102	6.0231	0.0825083	10.7692
0.828918	6.10561	0	10.7692
0.830505	6.14686	0.0825083	10.7692
0.854698	6.22937	0	10.7692
0.888979	6.22937	0	11.2821
0.889228	6.22937	0	11.2821
0.893484	6.22937	0	11.7949
0.898024	6.22937	0	11.7949
0.911196	6.22937	0	11.7949
0.922827	6.22937	0	12.3077
0.932693	6.22937	0	12.8205
0.946068	6.22937	0	13.3333
0.948497	6.27063	0.0825083	13.3333
0.950271	6.35314	0	13.3333
0.950506	6.35314	0.165017	13.3333
0.950538	6.43564	0.0825083	13.3333
0.971252	6.51815	0	13.3333
0.97164	6.51815	0.0825083	13.3333
0.972293	6.60066	0	13.3333
1.00573	6.60066	0	13.8462
1.0065	6.60066	0.0825083	13.8462
1.01495	6.68317	0	13.8462
1.02374	6.68317	0	13.8462
1.0239	6.68317	0	14.359
1.03237	6.68317	0	14.8718
1.03515	6.72442	0.0825083	14.8718
1.06016	6.80693	0	14.8718
1.06231	6.80693	0.0825083	14.8718
1.0688	6.88944	0	14.8718
1.06901	6.88944	0.165017	14.8718
1.06995	6.97195	0.0825083	14.8718
1.07746	7.05446	0	14.8718
1.0795	7.09571	0.0825083	14.8718
1.08195	7.17822	0	14.8718
1.08297	7.17822	0.165017	14.8718
1.08358	7.26073	0.0825083	14.8718
1.1194	7.34323	0	14.8718
1.12007	7.34323	0.0825083	14.8718
1.12742	7.42574	0	14.8718
1.13036	7.42574	0	15.3846
1.13148	7.467	0.0825083	15.3846
1.14606	7.5495	0	15.3846
1.14684	7.59076	0.0825083	15.3846
1.15966	7.67327	0	15.3846
1.16066	7.71452	0.0825083	15.3846
1.16074	7.75578	0.165017	15.3846
1.16392	7.83828	0.0825083	15.3846
1.19161	7.92079	0	15.3846
1.19308	7.92079	0.0825083	15.3846
1.23572	8.0033	0	15.3846
1.23666	8.0033	0	15.8974
1.23836	8.0033	0.0825083	15.8974
1.23991	8.08581	0	15.8974
1.33041	8.08581	0	15.8974
1.33118	8.08581	0.165017	15.8974
1.33135	8.16832	0.0825083	15.8974
1.34449	8.25082	0	15.8974
1.34649	8.29208	0.0825083	15.8974
1.35343	8.37459	0	15.8974
1.35371	8.41584	0.0825083	15.8974
1.36191	8.49835	0	15.8974
1.36271	8.5396	0.0825083	15.8974
1.37653	8.62211	0	15.8974
1.38177	8.66337	0.0825083	15.8974
1.38519	8.74587	0	15.8974
1.38568	8.78713	0.0825083	15.8974
1.39443	8.86964	0	15.8974
1.39738	8.86964	0.165017	15.8974
1.4022	8.95215	0.0825083	15.8974
1.40923	9.03465	0	15.8974
1.4098	9.03465	0.165017	15.8974
1.41001	9.11716	0.0825083	15.8974
1.42171	9.19967	0	15.8974
1.42462	9.19967	0.165017	15.8974
1.42802	9.28218	0.0825083	15.8974
1.42858	9.36469	0	15.8974
1.44034	9.36469	0	16.4103
1.44188	9.36469	0.0825083	16.4103
1.44772	9.4472	0	16.4103
1.44798	9.4472	0	16.4103
1.44832	9.4472	0	16.4103
1.45172	9.48845	0.0825083	16.4103
1.45928	9.57096	0	16.4103
1.46002	9.61221	0.0825083	16.4103
1.46951	9.69472	0	16.4103
1.47235	9.69472	0	16.4103
1.4732	9.73597	0.0825083	16.4103
1.51476	9.81848	0	16.4103
1.51588	9.81848	0.0825083	16.4103
1.5219	9.90099	0	16.4103
1.52207	9.90099	0.165017	16.4103
1.52457	9.9835	0.0825083	16.4103
1.52856	10.066	0	16.4103
1.52904	10.1073	0.0825083	16.4103
1.53555	10.1898	0	16.4103
1.54038	10.1898	0	17.4359
1.54595	10.1898	0.0825083	17.4359
1.54622	10.1898	0.0825083	17.9487
1.55055	10.2723	0	17.9487
1.55063	10.3135	0.0825083	17.9487
1.55989	10.396	0	17.9487
1.56511	10.4373	0.0825083	17.9487
1.5739	10.5198	0	17.9487
1.57494	10.5611	0.0825083	17.9487
1.5764	10.6436	0	17.9487
1.58151	10.6436	0	18.4615
1.58155	10.6848	0.0825083	18.4615
1.59242	10.7673	0	18.4615
1.59377	10.8086	0.0825083	18.4615
1.59838	10.8911	0	18.4615
1.60433	10.8911	0	19.4872
1.61756	10.8911	0	19.4872
1.63439	10.8911	0	20
1.63602	10.9323	0.0825083	20
1.6373	10.9323	0.165017	20
1.63827	11.0149	0.0825083	20
1.64617	11.0974	0	20
1.64977	11.1386	0.0825083	20
1.65685	11.2211	0	20
1.65774	11.2624	0.0825083	20
1.68048	11.3449	0	20
1.68356	11.3449	0.0825083	20
1.70531	11.4274	0	20
1.70736	11.4686	0.0825083	20
1.70847	11.5512	0	20
1.71066	11.5924	0.0825083	20
1.72247	11.6749	0	20
1.72391	11.7162	0.0825083	20
1.73806	11.7987	0	20
1.7386	11.8399	0.0825083	20
1.75191	11.9224	0	20
1.75241	11.9637	0.0825083	20
1.76193	12.0462	0	20
1.76241	12.0462	0	20.5128
1.78033	12.0462	0	20.5128
1.78124	12.0462	0.165017	20.5128
1.78193	12.1287	0.0825083	20.5128
1.78537	12.2112	0	20.5128
1.78636	12.2112	0.165017	20.5128
1.79126	12.2937	0.0825083	20.5128
1.79638	12.3762	0	20.5128
1.79658	12.4175	0.0825083	20.5128
1.81627	12.5	0	20.5128
1.81668	12.5	0.165017	20.5128
1.82359	12.5825	0.0825083	20.5128
1.84175	12.665	0	20.5128
1.84199	12.7063	0.0825083	20.5128
1.85575	12.7888	0	20.5128
1.86309	12.7888	0	21.0256
1.87046	12.7888	0.0825083	21.0256
1.88611	12.8713	0	21.0256
1.88813	12.8713	0.0825083	21.0256
1.89062	12.9538	0	21.0256
1.89712	12.9538	0	21.5385
1.90142	12.995	0.0825083	21.5385
1.91093	13.0776	0	21.5385
1.91102	13.0776	0.165017	21.5385
1.91137	13.1601	0.0825083	21.5385
1.91569	13.2426	0	21.5385
1.91592	13.2426	0.165017	21.5385
1.91629	13.2426	0.165017	22.0513
1.91946	13.2426	0.165017	22.5641
1.92148	13.3251	0.0825083	22.5641
1.93743	13.4076	0	22.5641
1.93818	13.4076	0.0825083	22.5641
1.94164	13.4076	0.0825083	23.0769
1.94169	13.4901	0	23.0769
1.94335	13.5314	0.0825083	23.0769
1.94835	13.6139	0	23.0769
1.95221	13.6551	0.0825083	23.0769
1.95881	13.7376	0	23.0769
1.96035	13.7789	0.0825083	23.0769
1.96127	13.7789	0.0825083	23.5897
1.98276	13.8614	0	23.5897
1.9835	13.8614	0.165017	23.5897
1.98452	13.9439	0.0825083	23.5897
1.98647	13.9439	0.0825083	24.1026
1.98681	13.9439	0.0825083	24.1026
1.99615	14.0264	0	24.1026
2.00049	14.0264	0	24.1026
2.00063	14.0677	0.0825083	24.1026
2.0425	14.1502	0	24.1026
2.04352	14.1502	0.165017	24.1026
2.04531	14.2327	0.0825083	24.1026
2.05135	14.3152	0	24.1026
2.05384	14.3564	0.0825083	24.1026
2.07072	14.4389	0	24.1026
2.07089	14.4802	0.0825083	24.1026
2.07379	14.5627	0	24.1026
2.07581	14.604	0.0825083	24.1026
2.07787	14.604	0.165017	24.1026
2.07918	14.6865	0.0825083	24.1026
2.08527	14.769	0	24.1026
2.0854	14.8102	0.0825083	24.1026
2.08583	14.8102	0.247525	24.1026
2.08779	14.8927	0.165017	24.1026
2.08867	14.9752	0.0825083	24.1026
2.08895	14.9752	0.0825083	24.1026
2.11084	15.0578	0	24.1026
2.112	15.0578	0.165017	24.1026
2.11206	15.1403	0.0825083	24.1026
2.1301	15.2228	0	24.1026
2.13046	15.2228	0.0825083	24.1026
2.13941	15.3053	0	24.1026
2.14325	15.3465	0.0825083	24.1026
2.14513	15.429	0	24.1026
2.14791	15.429	0.0825083	24.1026
2.17935	15.5116	0	24.1026
2.19596	15.5116	0	24.6154
2.1963	15.5528	0.0825083	24.6154
2.2098	15.6353	0	24.6154
2.21121	15.6766	0.0825083	24.6154
2.21768	15.7591	0	24.6154
2.22024	15.7591	0	25.1282
2.22271	15.7591	0.165017	25.1282
2.2229	15.8416	0.0825083	25.1282
2.22387	15.8416	0.247525	25.1282
2.22516	15.9241	0.165017	25.1282
2.22588	16.0066	0.0825083	25.1282
2.26706	16.0891	0	25.1282
2.26957	16.1304	0.0825083	25.1282
2.27406	16.2129	0	25.1282
2.27474	16.2129	0.0825083	25.1282
2.2867	16.2954	0	25.1282
2.28721	16.2954	0	25.641
2.29123	16.2954	0	25.641
2.30257	16.2954	0	25.641
2.30451	16.2954	0.165017	25.641
2.30481	16.3779	0.0825083	25.641
2.30551	16.4604	0	25.641
2.32864	16.4604	0	26.1538
2.33099	16.4604	0.165017	26.1538
2.3372	16.5429	0.0825083	26.1538
2.34977	16.6254	0	26.1538
2.35089	16.6254	0.165017	26.1538
2.35283	16.7079	0.0825083	26.1538
2.35834	16.7904	0	26.1538
2.35889	16.8317	0.0825083	26.1538
2.40136	16.9142	0	26.1538
2.40768	16.9142	0.0825083	26.1538
2.41546	16.9967	0	26.1538
2.42889	16.9967	0	26.6667
2.43016	17.038	0.0825083	26.6667
2.43039	17.1205	0	26.6667
2.43198	17.1617	0.0825083	26.6667
2.44259	17.2442	0	26.6667
2.44598	17.2442	0.0825083	26.6667
2.44643	17.2855	0.165017	26.6667
2.45001	17.368	0.0825083	26.6667
2.45065	17.4092	0.165017	26.6667
2.45102	17.4917	0.0825083	26.6667
2.46916	17.5743	0	26.6667
2.47078	17.5743	0.165017	26.6667
2.4736	17.6568	0.0825083	26.6667
2.50704	17.7393	0	26.6667
2.54597	17.7393	0	26.6667
2.56715	17.7393	0	27.1795
2.5682	17.7805	0.0825083	27.1795
2.6029	17.863	0	27.1795
2.60615	17.863	0.0825083	27.1795
2.60708	17.9455	0	27.1795
2.60785	17.9455	0.0825083	27.1795
2.61184	18.0281	0	27.1795
2.61233	18.0693	0.0825083	27.1795
2.63009	18.1518	0	27.1795
2.63092	18.1931	0.0825083	27.1795
2.67166	18.2756	0	27.1795
2.67186	18.3168	0.0825083	27.1795
2.71172	18.3993	0	27.1795
2.71204	18.3993	0	27.6923
2.71322	18.4406	0.0825083	27.6923
2.71557	18.5231	0	27.6923
2.72256	18.5231	0	28.2051
2.73842	18.5231	0	29.2308
2.74226	18.5231	0	29.7436
2.7465	18.5644	0.0825083	29.7436
2.77499	18.6469	0	29.7436
2.77614	18.6469	0.165017	29.7436
2.77748	18.7294	0.0825083	29.7436
2.77907	18.8119	0	29.7436
2.78031	18.8119	0.165017	29.7436
2.78039	18.8944	0.0825083	29.7436
2.79243	18.9769	0	29.7436
2.79477	18.9769	0	30.2564
2.79575	19.0182	0.0825083	30.2564
2.81035	19.1007	0	30.2564
2.81037	19.1419	0.0825083	30.2564
2.81745	19.2244	0	30.2564
2.81782	19.2657	0.0825083	30.2564
2.8181	19.2657	0.247525	30.2564
2.8197	19.3482	0.165017	30.2564
2.82332	19.4307	0.0825083	30.2564
2.90314	19.5132	0	30.2564
2.90446	19.5545	0.0825083	30.2564
2.93366	19.637	0	30.2564
2.93521	19.6782	0.0825083	30.2564
2.94066	19.7607	0	30.2564
2.94238	19.7607	0.0825083	30.2564
2.96312	19.8432	0	30.2564
2.97194	19.8845	0.0825083	30.2564
2.98317	19.967	0	30.2564
2.98376	19.967	0	30.7692
2.98629	19.967	0	31.2821
2.98656	19.967	0.165017	31.2821
2.98687	20.0495	0.0825083	31.2821
2.99113	20.132	0	31.2821
2.99351	20.132	0.165017	31.2821
2.99546	20.2145	0.0825083	31.2821
3.02765	20.297	0	31.2821
3.07473	20.297	0	32.3077
3.07637	20.297	0.165017	32.3077
3.07717	20.3795	0.0825083	32.3077
3.07871	20.462	0	32.3077
3.11167	20.462	0	32.8205
3.12962	20.462	0	33.3333
3.16358	20.462	0	33.8462
3.16386	20.462	0.165017	33.8462
3.16718	20.462	0.165017	33.8462
3.16752	20.5446	0.0825083	33.8462
3.16973	20.6271	0	33.8462
3.18335	20.6271	0	33.8462
3.18336	20.6271	0.165017	33.8462
3.18422	20.7096	0.0825083	33.8462
3.18564	20.7096	0.165017	33.8462
3.18758	20.7921	0.0825083	33.8462
3.18872	20.7921	0.165017	33.8462
3.19188	20.8746	0.0825083	33.8462
3.19975	20.9571	0	33.8462
3.20036	20.9984	0.0825083	33.8462
3.23523	21.0809	0	33.8462
3.24693	21.0809	0	33.8462
3.24725	21.0809	0.0825083	33.8462
3.25358	21.1634	0	33.8462
3.25467	21.2046	0.0825083	33.8462
3.27046	21.2871	0	33.8462
3.27452	21.3284	0.0825083	33.8462
3.30092	21.4109	0	33.8462
3.30178	21.4521	0.0825083	33.8462
3.33427	21.5347	0	33.8462
3.33683	21.5347	0.0825083	33.8462
3.37231	21.6172	0	33.8462
3.37266	21.6172	0.0825083	33.8462
3.37268	21.6584	0.165017	33.8462
3.3795	21.7409	0.0825083	33.8462
3.38936	21.8234	0	33.8462
3.38936	21.8647	0.0825083	33.8462
3.4066	21.9472	0	33.8462
3.4081	21.9472	0	34.359
3.41801	21.9884	0.0825083	34.359
3.42512	22.071	0	34.359
3.42537	22.071	0.0825083	34.359
3.42645	22.071	0.247525	34.359
3.42975	22.1535	0.165017	34.359
3.43063	22.236	0.0825083	34.359
3.43111	22.3185	0	34.359
3.44245	22.3185	0	34.8718
3.44399	22.3597	0.0825083	34.8718
3.44436	22.3597	0.0825083	35.3846
3.44698	22.4422	0	35.3846
3.4475	22.4422	0.165017	35.3846
3.44842	22.5248	0.0825083	35.3846
3.49362	22.6073	0	35.3846
3.49375	22.6073	0.165017	35.3846
3.49448	22.6898	0.0825083	35.3846
3.49547	22.7723	0	35.3846
3.50299	22.7723	0	35.3846
3.50354	22.8135	0.0825083	35.3846
3.50422	22.896	0	35.3846
3.50471	22.896	0.0825083	35.3846
3.50528	22.9785	0	35.3846
3.50542	22.9785	0.165017	35.3846
3.50546	23.0611	0.0825083	35.3846
3.5069	23.1023	0.165017	35.3846
3.50693	23.1848	0.0825083	35.3846
3.5136	23.2673	0	35.3846
3.51384	23.3086	0.0825083	35.3846
3.5275	23.3911	0	35.3846
3.53246	23.4323	0.0825083	35.3846
3.53447	23.5149	0	35.3846
3.55207	23.5149	0	35.8974
3.55976	23.5149	0	36.4103
3.56316	23.5149	0.165017	36.4103
3.56938	23.5974	0.0825083	36.4103
3.58807	23.6799	0	36.4103
3.5886	23.7211	0.0825083	36.4103
3.5901	23.7624	0.165017	36.4103
3.59166	23.8449	0.0825083	36.4103
3.60643	23.9274	0	36.4103
3.60667	23.9274	0	36.9231
3.61111	23.9274	0.0825083	36.9231
3.61559	24.0099	0	36.9231
3.62429	24.0099	0	37.4359
3.6282	24.0099	0	38.4615
3.62887	24.0512	0.0825083	38.4615
3.6477	24.1337	0	38.4615
3.64977	24.1337	0.0825083	38.4615
3.65022	24.1337	0.247525	38.4615
3.65084	24.2162	0.165017	38.4615
3.65371	24.2987	0.0825083	38.4615
3.65381	24.2987	0.247525	38.4615
3.65626	24.3812	0.165017	38.4615
3.65654	24.4637	0.0825083	38.4615
3.65866	24.5462	0	38.4615
3.68477	24.5462	0	38.9744
3.68636	24.5462	0.0825083	38.9744
3.69301	24.6287	0	38.9744
3.69306	24.67	0.0825083	38.9744
3.69699	24.7525	0	38.9744
3.70176	24.7937	0.0825083	38.9744
3.70964	24.8762	0	38.9744
3.71134	24.9175	0.0825083	38.9744
3.71899	25	0	38.9744
3.72097	25.0413	0.0825083	38.9744
3.7614	25.1238	0	38.9744
3.76269	25.165	0.0825083	38.9744
3.79714	25.2475	0	38.9744
3.80202	25.2475	0	40
3.80317	25.2475	0.165017	40
3.80673	25.33	0.0825083	40
3.84155	25.4125	0	40
3.84341	25.4538	0.0825083	40
3.85141	25.5363	0	40
3.85271	25.5363	0.165017	40
3.85479	25.6188	0.0825083	40
3.86554	25.7013	0	40
3.91918	25.7426	0.0825083	40
3.92264	25.7426	0.0825083	40.5128
3.92568	25.7426	0.247525	40.5128
3.92809	25.8251	0.165017	40.5128
3.94221	25.9076	0.0825083	40.5128
3.94726	25.9076	0.247525	40.5128
3.95084	25.9901	0.165017	40.5128
3.98512	26.0726	0.0825083	40.5128
3.98698	26.0726	0.247525	40.5128
3.98893	26.1551	0.165017	40.5128
4.00899	26.2376	0.0825083	40.5128
4.00934	26.2789	0.165017	40.5128
4.01082	26.3614	0.0825083	40.5128
4.01121	26.3614	0.247525	40.5128
4.01474	26.4439	0.165017	40.5128
4.05016	26.5264	0.0825083	40.5128
4.05175	26.5264	0.247525	40.5128
4.05399	26.6089	0.165017	40.5128
4.06885	26.6914	0.0825083	40.5128
4.07134	26.7327	0.165017	40.5128
4.07457	26.8152	0.0825083	40.5128
4.07579	26.8152	0.247525	40.5128
4.07612	26.8564	0.330033	40.5128
4.07652	26.9389	0.247525	40.5128
4.07657	27.0215	0.165017	40.5128
4.09117	27.104	0.0825083	40.5128
4.09216	27.1452	0.165017	40.5128
4.10443	27.2277	0.0825083	40.5128
4.10669	27.269	0.165017	40.5128
4.11336	27.3515	0.0825083	40.5128
4.11771	27.3515	0.0825083	41.5385
4.11773	27.3515	0.247525	41.5385
4.11853	27.3515	0.412541	41.5385
4.11872	27.434	0.330033	41.5385
4.11875	27.5165	0.247525	41.5385
4.11957	27.5165	0.412541	41.5385
4.12112	27.599	0.330033	41.5385
4.12373	27.6815	0.247525	41.5385
4.1282	27.764	0.165017	41.5385
4.12957	27.8465	0.0825083	41.5385
4.16383	27.8465	0.0825083	42.5641
4.16406	27.8878	0.165017	42.5641
4.17057	27.9703	0.0825083	42.5641
4.17104	27.9703	0.247525	42.5641
4.17116	28.0528	0.165017	42.5641
4.17329	28.1353	0.0825083	42.5641
4.17394	28.1353	0.165017	42.5641
4.19617	28.2178	0.0825083	42.5641
4.19706	28.2591	0.165017	42.5641
4.19776	28.3416	0.0825083	42.5641
4.20232	28.3828	0.165017	42.5641
4.2043	28.4653	0.0825083	42.5641
4.20469	28.5066	0.165017	42.5641
4.20614	28.5891	0.0825083	42.5641
4.20716	28.6304	0.165017	42.5641
4.22146	28.7129	0.0825083	42.5641
4.22996	28.7954	0	42.5641
4.23174	28.8366	0.0825083	42.5641
4.23316	28.8366	0.247525	42.5641
4.23417	28.9191	0.165017	42.5641
4.24027	29.0016	0.0825083	42.5641
4.25384	29.0842	0	42.5641
4.25623	29.1254	0.0825083	42.5641
4.27374	29.2079	0	42.5641
4.27426	29.2079	0.165017	42.5641
4.27545	29.2904	0.0825083	42.5641
4.30499	29.3729	0	42.5641
4.30742	29.4142	0.0825083	42.5641
4.31186	29.4967	0	42.5641
4.31343	29.4967	0.165017	42.5641
4.31377	29.4967	0.247525	42.5641
4.31481	29.5792	0.165017	42.5641
4.3165	29.6617	0.0825083	42.5641
4.3244	29.6617	0.0825083	43.0769
4.33833	29.7442	0	43.0769
4.36883	29.7442	0	43.5897
4.36976	29.7855	0.0825083	43.5897
4.38213	29.868	0	43.5897
4.38723	29.9092	0.0825083	43.5897
4.39121	29.9917	0	43.5897
4.39444	29.9917	0	44.1026
4.39707	29.9917	0.165017	44.1026
4.39799	30.0743	0.0825083	44.1026
4.40162	30.1568	0	44.1026
4.4022	30.1568	0.0825083	44.1026
4.41646	30.2393	0	44.1026
4.43763	30.2393	0	44.1026
4.43932	30.2393	0	44.6154
4.44251	30.2393	0.0825083	44.6154
4.4799	30.3218	0	44.6154
4.4846	30.3218	0.0825083	44.6154
4.49106	30.4043	0	44.6154
4.49283	30.4043	0.165017	44.6154
4.49603	30.4868	0.0825083	44.6154
4.50163	30.5693	0	44.6154
4.50358	30.6106	0.0825083	44.6154
4.50644	30.6931	0	44.6154
4.50803	30.6931	0	45.1282
4.51121	30.7343	0.0825083	45.1282
4.51649	30.8168	0	45.1282
4.51765	30.8581	0.0825083	45.1282
4.54366	30.9406	0	45.1282
4.5482	30.9818	0.0825083	45.1282
4.57799	31.0644	0	45.1282
4.5799	31.1056	0.0825083	45.1282
4.59473	31.1881	0	45.1282
4.59728	31.2294	0.0825083	45.1282
4.62801	31.3119	0	45.1282
4.63024	31.3531	0.0825083	45.1282
4.66218	31.4356	0	45.1282
4.66282	31.4769	0.0825083	45.1282
4.7257	31.5594	0	45.1282
4.74917	31.5594	0	45.641
4.75112	31.6007	0.0825083	45.641
4.76921	31.6832	0	45.641
4.77728	31.6832	0	46.1538
4.78033	31.7244	0.0825083	46.1538
4.86013	31.8069	0	46.1538
4.87181	31.8069	0	47.1795
4.89995	31.8069	0	47.6923
4.91041	31.8069	0	48.7179
4.91112	31.8069	0.165017	48.7179
4.91119	31.8894	0.0825083	48.7179
4.91133	31.8894	0.0825083	49.7436
4.92235	31.9719	0	49.7436
4.92334	31.9719	0.165017	49.7436
4.92589	32.0545	0.0825083	49.7436
4.92744	32.137	0	49.7436
4.92941	32.137	0.0825083	49.7436
4.93585	32.2195	0	49.7436
4.93869	32.2195	0.165017	49.7436
4.94472	32.302	0.0825083	49.7436
4.95567	32.3845	0	49.7436
4.97088	32.3845	0	50.2564
4.98328	32.3845	0	51.2821
5.01112	32.3845	0	51.7949
5.01256	32.3845	0.0825083	51.7949
5.04186	32.467	0	51.7949
5.04316	32.5083	0.0825083	51.7949
5.0627	32.5908	0	51.7949
5.06298	32.632	0.0825083	51.7949
5.0854	32.7145	0	51.7949
5.08727	32.7145	0.165017	51.7949
5.09046	32.797	0.0825083	51.7949
5.10341	32.8795	0	51.7949
5.10562	32.9208	0.0825083	51.7949
5.12473	33.0033	0	51.7949
5.13132	33.0033	0.0825083	51.7949
5.13394	33.0858	0	51.7949
5.13606	33.1271	0.0825083	51.7949
5.1409	33.2096	0	51.7949
5.14659	33.2508	0.0825083	51.7949
5.20402	33.3333	0	51.7949
5.20431	33.3746	0.0825083	51.7949
5.21441	33.4571	0	51.7949
5.21794	33.4983	0.0825083	51.7949
5.22882	33.5809	0	51.7949
5.22967	33.6221	0.0825083	51.7949
5.23303	33.7046	0	51.7949
5.23456	33.7046	0.165017	51.7949
5.23855	33.7046	0.165017	51.7949
5.23891	33.7871	0.0825083	51.7949
5.23972	33.7871	0.0825083	52.3077
5.27816	33.8696	0	52.3077
5.28421	33.9109	0.0825083	52.3077
5.29935	33.9934	0	52.3077
5.29988	34.0347	0.0825083	52.3077
5.30094	34.1172	0	52.3077
5.34225	34.1172	0	52.8205
5.3447	34.1584	0.0825083	52.8205
5.35349	34.2409	0	52.8205
5.35731	34.2822	0.0825083	52.8205
5.36055	34.3647	0	52.8205
5.38028	34.3647	0	53.3333
5.4016	34.3647	0	53.8462
5.40288	34.4059	0.0825083	53.8462
5.40425	34.4884	0	53.8462
5.40652	34.4884	0.0825083	53.8462
5.41253	34.571	0	53.8462
5.41753	34.6122	0.0825083	53.8462
5.42396	34.6947	0	53.8462
5.42474	34.736	0.0825083	53.8462
5.43079	34.8185	0	53.8462
5.4329	34.8185	0.0825083	53.8462
5.45493	34.901	0	53.8462
5.45631	34.9422	0.0825083	53.8462
5.46354	35.0248	0	53.8462
5.46355	35.066	0.0825083	53.8462
5.47289	35.1485	0	53.8462
5.47466	35.1485	0.165017	53.8462
5.47509	35.1898	0.247525	53.8462
5.4764	35.2723	0.165017	53.8462
5.4788	35.3135	0.247525	53.8462
5.47958	35.396	0.165017	53.8462
5.48209	35.4785	0.0825083	53.8462
5.48398	35.5611	0	53.8462
5.48414	35.5611	0.0825083	53.8462
5.52061	35.6436	0	53.8462
5.52127	35.6436	0.0825083	53.8462
5.5245	35.6436	0.0825083	53.8462
5.53596	35.7261	0	53.8462
5.53712	35.7261	0.165017	53.8462
5.53757	35.8086	0.0825083	53.8462
5.54177	35.8911	0	53.8462
5.58213	35.8911	0	54.8718
5.59862	35.8911	0	55.8974
5.60127	35.9323	0.0825083	55.8974
5.61389	36.0149	0	55.8974
5.61401	36.0149	0.165017	55.8974
5.61408	36.0974	0.0825083	55.8974
5.63275	36.1799	0	55.8974
5.63293	36.2211	0.0825083	55.8974
5.63939	36.3036	0	55.8974
5.64236	36.3036	0	56.9231
5.64893	36.3449	0.0825083	56.9231
5.68855	36.4274	0	56.9231
5.68966	36.4686	0.0825083	56.9231
5.69046	36.4686	0.0825083	57.9487
5.70031	36.5512	0	57.9487
5.70116	36.5512	0.0825083	57.9487
5.7067	36.6337	0	57.9487
5.70757	36.6337	0.165017	57.9487
5.70872	36.7162	0.0825083	57.9487
5.71308	36.7987	0	57.9487
5.71648	36.8399	0.0825083	57.9487
5.72774	36.9224	0	57.9487
5.72931	36.9637	0.0825083	57.9487
5.73032	37.0462	0	57.9487
5.73208	37.0875	0.0825083	57.9487
5.73265	37.17	0	57.9487
5.73538	37.17	0	57.9487
5.7381	37.2112	0.0825083	57.9487
5.76953	37.2937	0	57.9487
5.7699	37.2937	0.165017	57.9487
5.77042	37.3762	0.0825083	57.9487
5.77775	37.4587	0	57.9487
5.7786	37.5	0.0825083	57.9487
5.8325	37.5825	0	57.9487
5.83261	37.5825	0	58.4615
5.8335	37.6238	0.0825083	58.4615
5.83445	37.7063	0	58.4615
5.84186	37.7063	0	58.9744
5.85457	37.7475	0.0825083	58.9744
5.85497	37.7475	0.247525	58.9744
5.85545	37.83	0.165017	58.9744
5.856	37.9125	0.0825083	58.9744
5.88886	37.995	0	58.9744
5.89513	37.995	0	59.4872
5.89955	37.995	0	60
5.90032	38.0363	0.0825083	60
5.90144	38.0776	0.165017	60
5.90282	38.1601	0.0825083	60
5.91531	38.2426	0	60
5.97611	38.2426	0	60
6.02506	38.2426	0	61.0256
6.02596	38.2426	0.165017	61.0256
6.02897	38.3251	0.0825083	61.0256
6.04198	38.4076	0	61.0256
6.14114	38.4076	0	61.5385
6.14181	38.4076	0.165017	61.5385
6.14736	38.4901	0.0825083	61.5385
6.17053	38.5726	0	61.5385
6.17085	38.6139	0.0825083	61.5385
6.22827	38.6964	0	61.5385
6.23242	38.7376	0.0825083	61.5385
6.23809	38.8201	0	61.5385
6.24322	38.8614	0.0825083	61.5385
6.2472	38.9439	0	61.5385
6.24893	38.9439	0.0825083	61.5385
6.27381	39.0264	0	61.5385
6.27413	39.0264	0.165017	61.5385
6.27414	39.1089	0.0825083	61.5385
6.28991	39.1914	0	61.5385
6.29076	39.1914	0.0825083	61.5385
6.33381	39.2739	0	61.5385
6.33833	39.3152	0.0825083	61.5385
6.39475	39.3977	0	61.5385
6.39507	39.3977	0.0825083	61.5385
6.39689	39.4802	0	61.5385
6.40121	39.5215	0.0825083	61.5385
6.4019	39.5627	0.165017	61.5385
6.40401	39.6452	0.0825083	61.5385
6.40989	39.7277	0	61.5385
6.41076	39.769	0.0825083	61.5385
6.43922	39.8515	0	61.5385
6.44448	39.8927	0.0825083	61.5385
6.45116	39.9752	0	61.5385
6.45211	39.9752	0.165017	61.5385
6.45323	40.0578	0.0825083	61.5385
6.48552	40.1403	0	61.5385
6.48649	40.1403	0.165017	61.5385
6.48689	40.2228	0.0825083	61.5385
6.48877	40.3053	0	61.5385
6.49016	40.3465	0.0825083	61.5385
6.51348	40.429	0	61.5385
6.51375	40.429	0.165017	61.5385
6.51449	40.5116	0.0825083	61.5385
6.53234	40.5941	0	61.5385
6.55642	40.5941	0	62.5641
6.55728	40.6353	0.0825083	62.5641
6.56208	40.7178	0	62.5641
6.56835	40.7178	0.0825083	62.5641
6.59355	40.8003	0	62.5641
6.59487	40.8416	0.0825083	62.5641
6.61342	40.9241	0	62.5641
6.61378	40.9241	0.165017	62.5641
6.61391	40.9241	0.330033	62.5641
6.61396	41.0066	0.247525	62.5641
6.61409	41.0891	0.165017	62.5641
6.61844	41.1716	0.0825083	62.5641
6.63718	41.2541	0	62.5641
6.63787	41.2541	0.165017	62.5641
6.63914	41.3366	0.0825083	62.5641
6.64966	41.4191	0	62.5641
6.65341	41.4604	0.0825083	62.5641
6.65549	41.5429	0	62.5641
6.68598	41.5429	0	63.0769
6.68815	41.5842	0.0825083	63.0769
6.68955	41.6667	0	63.0769
6.69028	41.7079	0.0825083	63.0769
6.72235	41.7904	0	63.0769
6.72437	41.7904	0.165017	63.0769
6.72692	41.8729	0.0825083	63.0769
6.7484	41.9554	0	63.0769
6.75391	41.9554	0.165017	63.0769
6.75541	42.038	0.0825083	63.0769
6.75637	42.1205	0	63.0769
6.77369	42.1205	0	64.1026
6.77447	42.1205	0.0825083	64.1026
6.77533	42.203	0	64.1026
6.77545	42.203	0.0825083	64.1026
6.82404	42.2855	0	64.1026
6.83016	42.3267	0.0825083	64.1026
6.84567	42.4092	0	64.1026
6.84611	42.4505	0.0825083	64.1026
6.87427	42.533	0	64.1026
6.87603	42.533	0.0825083	64.1026
6.87912	42.6155	0	64.1026
6.87919	42.6568	0.0825083	64.1026
6.89626	42.7393	0	64.1026
6.90427	42.7393	0	65.1282
6.90784	42.7805	0.0825083	65.1282
6.93102	42.863	0	65.1282
6.93287	42.9043	0.0825083	65.1282
6.98234	42.9868	0	65.1282
6.98303	42.9868	0.165017	65.1282
6.98308	43.0693	0.0825083	65.1282
6.98426	43.1518	0	65.1282
6.99598	43.1518	0	66.1538
6.99755	43.1518	0.165017	66.1538
6.99786	43.2343	0.0825083	66.1538
7.02099	43.3168	0	66.1538
7.02924	43.3581	0.0825083	66.1538
7.03067	43.4406	0	66.1538
7.03291	43.4406	0.0825083	66.1538
7.03385	43.5231	0	66.1538
7.04053	43.5644	0.0825083	66.1538
7.06841	43.6469	0	66.1538
7.08213	43.6881	0.0825083	66.1538
7.1156	43.6881	0.0825083	66.6667
7.11713	43.7294	0.165017	66.6667
7.11996	43.8119	0.0825083	66.6667
7.12005	43.8119	0.247525	66.6667
7.1201	43.8944	0.165017	66.6667
7.19028	43.9769	0.0825083	66.6667
7.19213	43.9769	0.247525	66.6667
7.19383	44.0594	0.165017	66.6667
7.19551	44.0594	0.330033	66.6667
7.19551	44.1419	0.247525	66.6667
7.19583	44.2244	0.165017	66.6667
7.20215	44.3069	0.0825083	66.6667
7.20219	44.3069	0.165017	66.6667
7.20689	44.3894	0.0825083	66.6667
7.21764	44.3894	0.0825083	67.1795
7.21852	44.4307	0.165017	67.1795
7.2334	44.5132	0.0825083	67.1795
7.25692	44.5957	0	67.1795
7.25985	44.637	0.0825083	67.1795
7.26382	44.7195	0	67.1795
7.26448	44.7607	0.0825083	67.1795
7.34765	44.8432	0	67.1795
7.34829	44.8432	0.165017	67.1795
7.35037	44.9257	0.0825083	67.1795
7.37457	45.0083	0	67.1795
7.37795	45.0083	0	68.2051
7.38267	45.0495	0.0825083	68.2051
7.41145	45.132	0	68.2051
7.4136	45.1733	0.0825083	68.2051
7.43766	45.2558	0	68.2051
7.43822	45.2558	0.165017	68.2051
7.43999	45.3383	0.0825083	68.2051
7.46265	45.4208	0	68.2051
7.47805	45.4208	0	69.2308
7.47979	45.462	0.0825083	69.2308
7.55951	45.5446	0	69.2308
7.56194	45.5858	0.0825083	69.2308
7.5853	45.6683	0	69.2308
7.58586	45.6683	0.0825083	69.2308
7.59205	45.7508	0	69.2308
7.59505	45.7508	0.0825083	69.2308
7.63093	45.8333	0	69.2308
7.6311	45.8333	0.0825083	69.2308
7.65007	45.9158	0	69.2308
7.66084	45.9158	0	70.2564
7.66245	45.9158	0.165017	70.2564
7.66303	45.9983	0.0825083	70.2564
7.67071	46.0809	0	70.2564
7.67249	46.1221	0.0825083	70.2564
7.67662	46.2046	0	70.2564
7.67761	46.2459	0.0825083	70.2564
7.68223	46.3284	0	70.2564
7.68616	46.3696	0.0825083	70.2564
7.76603	46.4521	0	70.2564
7.7666	46.4934	0.0825083	70.2564
7.79406	46.5759	0	70.2564
7.79591	46.6172	0.0825083	70.2564
7.80585	46.6997	0	70.2564
7.80752	46.6997	0	70.7692
7.80946	46.7409	0.0825083	70.7692
7.81738	46.8234	0	70.7692
7.82023	46.8647	0.0825083	70.7692
7.86167	46.9472	0	70.7692
7.86279	46.9472	0.0825083	70.7692
7.95066	47.0297	0	70.7692
7.95398	47.071	0.0825083	70.7692
7.95403	47.071	0.165017	70.7692
7.95667	47.1535	0.0825083	70.7692
7.98524	47.236	0	70.7692
7.98626	47.2772	0.0825083	70.7692
8.00147	47.3597	0	70.7692
8.00501	47.3597	0.0825083	70.7692
8.01698	47.4422	0	70.7692
8.01824	47.4835	0.0825083	70.7692
8.01856	47.566	0	70.7692
8.02249	47.566	0.165017	70.7692
8.03132	47.6485	0.0825083	70.7692
8.03204	47.731	0	70.7692
8.03466	47.7723	0.0825083	70.7692
8.08919	47.8548	0	70.7692
8.08939	47.896	0.0825083	70.7692
8.11503	47.9785	0	70.7692
8.11558	47.9785	0.0825083	70.7692
8.11563	47.9785	0.247525	70.7692
8.12004	48.0611	0.165017	70.7692
8.12233	48.1436	0.0825083	70.7692
8.14759	48.2261	0	70.7692
8.14914	48.2261	0.165017	70.7692
8.15254	48.3086	0.0825083	70.7692
8.20891	48.3911	0	70.7692
8.20914	48.3911	0.165017	70.7692
8.20981	48.4736	0.0825083	70.7692
8.26177	48.5561	0	70.7692
8.26506	48.5561	0.0825083	70.7692
8.29715	48.6386	0	70.7692
8.29899	48.6386	0.0825083	70.7692
8.30673	48.7211	0	70.7692
8.30775	48.7624	0.0825083	70.7692
8.31402	48.8449	0	70.7692
8.31614	48.8861	0.0825083	70.7692
8.33629	48.9686	0	70.7692
8.33666	48.9686	0.165017	70.7692
8.34751	49.0512	0.0825083	70.7692
8.37365	49.1337	0	70.7692
8.37558	49.1337	0.165017	70.7692
8.3764	49.2162	0.0825083	70.7692
8.37745	49.2987	0	70.7692
8.37804	49.3399	0.0825083	70.7692
8.39575	49.4224	0	70.7692
8.40222	49.4224	0	71.7949
8.40328	49.4224	0.0825083	71.7949
8.48988	49.505	0	71.7949
8.4944	49.5462	0.0825083	71.7949
8.53504	49.6287	0	71.7949
8.53607	49.6287	0	72.8205
8.53627	49.6287	0.165017	72.8205
8.53977	49.7112	0.0825083	72.8205
8.56436	49.7937	0	72.8205
8.56471	49.7937	0.165017	72.8205
8.5651	49.8762	0.0825083	72.8205
8.56794	49.9587	0	72.8205
8.56823	49.9587	0.0825083	72.8205
8.58382	50.0413	0	72.8205
8.58651	50.0825	0.0825083	72.8205
8.6388	50.165	0	72.8205
8.63921	50.2063	0.0825083	72.8205
8.64033	50.2063	0.0825083	73.3333
8.66007	50.2888	0	73.3333
8.66084	50.33	0.0825083	73.3333
8.66094	50.4125	0	73.3333
8.66405	50.4538	0.0825083	73.3333
8.67445	50.5363	0	73.3333
8.67546	50.5363	0.0825083	73.3333
8.67683	50.6188	0	73.3333
8.69697	50.6188	0	74.359
8.69863	50.6601	0.0825083	74.359
8.74052	50.7426	0	74.359
8.74593	50.7838	0.0825083	74.359
8.77704	50.8663	0	74.359
8.77979	50.9076	0.0825083	74.359
8.8068	50.9901	0	74.359
8.80712	51.0314	0.0825083	74.359
8.87276	51.1139	0	74.359
8.8736	51.1139	0.165017	74.359
8.87487	51.1964	0.0825083	74.359
8.89596	51.2789	0	74.359
8.89631	51.3201	0.0825083	74.359
8.89784	51.4026	0	74.359
8.89847	51.4026	0	74.8718
8.89967	51.4439	0.0825083	74.8718
8.90729	51.5264	0	74.8718
8.90862	51.5264	0.165017	74.8718
8.90891	51.6089	0.0825083	74.8718
9.01062	51.6914	0	74.8718
9.01295	51.6914	0.0825083	74.8718
9.01702	51.7739	0	74.8718
9.01716	51.8152	0.0825083	74.8718
9.02896	51.8977	0	74.8718
9.02942	51.9389	0.0825083	74.8718
9.03841	52.0215	0	74.8718
9.03881	52.0627	0.0825083	74.8718
9.09119	52.1452	0	74.8718
9.09162	52.1865	0.0825083	74.8718
9.11183	52.269	0	74.8718
9.11259	52.3102	0.0825083	74.8718
9.11626	52.3927	0	74.8718
9.118	52.3927	0.0825083	74.8718
9.1186	52.4752	0	74.8718
9.13475	52.4752	0	75.8974
9.13651	52.5165	0.0825083	75.8974
9.2256	52.599	0	75.8974
9.22635	52.599	0.0825083	75.8974
9.22662	52.6403	0.165017	75.8974
9.22672	52.7228	0.0825083	75.8974
9.23258	52.8053	0	75.8974
9.23395	52.8053	0.165017	75.8974
9.23542	52.8878	0.0825083	75.8974
9.25026	52.9703	0	75.8974
9.25081	53.0116	0.0825083	75.8974
9.26351	53.0941	0	75.8974
9.26378	53.0941	0.0825083	75.8974
9.2669	53.1766	0	75.8974
9.26782	53.1766	0.165017	75.8974
9.26946	53.2591	0.0825083	75.8974
9.28836	53.3416	0	75.8974
9.29456	53.3416	0	76.9231
9.2967	53.3828	0.0825083	76.9231
9.31518	53.4653	0	76.9231
9.34129	53.4653	0	77.9487
9.34252	53.5066	0.0825083	77.9487
9.36514	53.5891	0	77.9487
9.36555	53.5891	0.165017	77.9487
9.36723	53.6716	0.0825083	77.9487
9.40982	53.7541	0	77.9487
9.4128	53.7541	0	78.9744
9.41607	53.7954	0.0825083	78.9744
9.43961	53.8779	0	78.9744
9.4407	53.9191	0.0825083	78.9744
9.45932	54.0017	0	78.9744
9.46096	54.0017	0.0825083	78.9744
9.4896	54.0842	0	78.9744
9.51473	54.0842	0	80
9.53351	54.0842	0	81.0256
9.53578	54.0842	0.165017	81.0256
9.54191	54.1667	0.0825083	81.0256
9.55136	54.2492	0	81.0256
9.55389	54.2904	0.0825083	81.0256
9.55918	54.3729	0	81.0256
9.57133	54.3729	0	82.0513
9.57334	54.4142	0.0825083	82.0513
9.59492	54.4967	0	82.0513
9.59514	54.4967	0.165017	82.0513
9.59684	54.5792	0.0825083	82.0513
9.597	54.6205	0.165017	82.0513
9.5972	54.703	0.0825083	82.0513
9.62849	54.7855	0	82.0513
9.64219	54.7855	0	83.0769
9.64376	54.8267	0.0825083	83.0769
9.67614	54.9092	0	83.0769
9.68082	54.9505	0.0825083	83.0769
9.6855	55.033	0	83.0769
9.68566	55.033	0.0825083	83.0769
9.68712	55.1155	0	83.0769
9.69115	55.1155	0.0825083	83.0769
9.69369	55.198	0	83.0769
9.6945	55.2393	0.0825083	83.0769
9.72203	55.3218	0	83.0769
9.72606	55.3218	0.165017	83.0769
9.72717	55.4043	0.0825083	83.0769
9.77436	55.4868	0	83.0769
9.77512	55.4868	0.165017	83.0769
9.77516	55.5281	0.247525	83.0769
9.77566	55.6106	0.165017	83.0769
9.77572	55.6931	0.0825083	83.0769
9.77758	55.6931	0.165017	83.0769
9.78036	55.7756	0.0825083	83.0769
9.80432	55.8581	0	83.0769
9.80529	55.8581	0.165017	83.0769
9.80604	55.9406	0.0825083	83.0769
9.81908	56.0231	0	83.0769
9.82102	56.0231	0.165017	83.0769
9.82114	56.1056	0.0825083	83.0769
9.82487	56.1056	0.0825083	83.0769
9.84862	56.1881	0	83.0769
9.84927	56.1881	0.0825083	83.0769
9.84974	56.1881	0.0825083	83.0769
9.87566	56.2706	0	83.0769
9.87988	56.3119	0.0825083	83.0769
9.88917	56.3944	0	83.0769
9.89082	56.4356	0.0825083	83.0769
9.89161	56.5182	0	83.0769
9.89169	56.5182	0.165017	83.0769
9.89317	56.6007	0.0825083	83.0769
9.9088	56.6832	0	83.0769
9.90991	56.6832	0.0825083	83.0769
10.0065	56.7657	0	83.0769
10.007	56.8069	0.0825083	83.0769
10.0368	56.8894	0	83.0769
10.037	56.9307	0.0825083	83.0769
10.0406	57.0132	0	83.0769
10.0408	57.0132	0.165017	83.0769
10.0411	57.0957	0.0825083	83.0769
10.0598	57.1782	0	83.0769
10.0703	57.2195	0.0825083	83.0769
10.0904	57.302	0	83.0769
10.0922	57.302	0.165017	83.0769
10.0929	57.3845	0.0825083	83.0769
10.1211	57.467	0	83.0769
10.1284	57.5083	0.0825083	83.0769
10.1301	57.5083	0.0825083	83.5897
10.1844	57.5908	0	83.5897
10.1864	57.632	0.0825083	83.5897
10.2155	57.7145	0	83.5897
10.2186	57.7558	0.0825083	83.5897
10.2635	57.8383	0	83.5897
10.2706	57.8383	0.0825083	83.5897
10.3019	57.9208	0	83.5897
10.3021	57.962	0.0825083	83.5897
10.3469	58.0446	0	83.5897
10.3474	58.0858	0.0825083	83.5897
10.3536	58.1683	0	83.5897
10.3539	58.2096	0.0825083	83.5897
10.3893	58.2921	0	83.5897
10.3953	58.3333	0.0825083	83.5897
10.4166	58.4158	0	83.5897
10.4168	58.4158	0.165017	83.5897
10.4194	58.4983	0.0825083	83.5897
10.4396	58.5809	0	83.5897
10.44	58.6221	0.0825083	83.5897
10.4647	58.7046	0	83.5897
10.465	58.7046	0.165017	83.5897
10.466	58.7871	0.0825083	83.5897
10.4735	58.8696	0	83.5897
10.476	58.9109	0.0825083	83.5897
10.4761	58.9521	0.165017	83.5897
10.4764	59.0347	0.0825083	83.5897
10.4931	59.1172	0	83.5897
10.4945	59.1172	0.165017	83.5897
10.4971	59.1997	0.0825083	83.5897
10.5072	59.2822	0	83.5897
10.5079	59.2822	0.165017	83.5897
10.5084	59.3647	0.0825083	83.5897
10.5235	59.4472	0	83.5897
10.5236	59.4472	0.165017	83.5897
10.5239	59.5297	0.0825083	83.5897
10.5456	59.6122	0	83.5897
10.5484	59.6535	0.0825083	83.5897
10.5971	59.736	0	83.5897
10.5997	59.736	0.165017	83.5897
10.6022	59.8185	0.0825083	83.5897
10.6147	59.901	0	83.5897
10.6149	59.901	0.165017	83.5897
10.6173	59.9835	0.0825083	83.5897
10.6781	60.066	0	83.5897
10.6804	60.1073	0.0825083	83.5897
10.7042	60.1898	0	83.5897
10.7056	60.231	0.0825083	83.5897
10.747	60.3135	0	83.5897
10.798	60.3135	0	84.6154
10.7999	60.3135	0.0825083	84.6154
10.8063	60.396	0	84.6154
10.807	60.396	0.0825083	84.6154
10.811	60.4785	0	84.6154
10.8145	60.5198	0.0825083	84.6154
10.8392	60.6023	0	84.6154
10.8401	60.6436	0.0825083	84.6154
10.8522	60.7261	0	84.6154
10.8527	60.7673	0.0825083	84.6154
10.8751	60.8498	0	84.6154
10.8784	60.8911	0.0825083	84.6154
10.9151	60.9736	0	84.6154
10.9163	61.0149	0.0825083	84.6154
11.1517	61.0974	0	84.6154
11.157	61.1386	0.0825083	84.6154
11.1935	61.2211	0	84.6154
11.1961	61.2624	0.0825083	84.6154
11.2458	61.3449	0	84.6154
11.2473	61.3861	0.0825083	84.6154
11.3371	61.4686	0	84.6154
11.3409	61.4686	0.165017	84.6154
11.342	61.5512	0.0825083	84.6154
11.3629	61.6337	0	84.6154
11.3637	61.6749	0.0825083	84.6154
11.3644	61.7162	0.165017	84.6154
11.3671	61.7987	0.0825083	84.6154
11.4626	61.8812	0	84.6154
11.4634	61.8812	0.165017	84.6154
11.4636	61.9637	0.0825083	84.6154
11.4826	62.0462	0	84.6154
11.483	62.0462	0.0825083	84.6154
11.6821	62.1287	0	84.6154
11.6839	62.17	0.0825083	84.6154
11.735	62.2525	0	84.6154
11.7356	62.2937	0.0825083	84.6154
11.7871	62.3762	0	84.6154
11.817	62.3762	0	85.641
11.818	62.4175	0.0825083	85.641
11.8395	62.5	0	85.641
11.8399	62.5413	0.0825083	85.641
11.848	62.6238	0	85.641
11.8485	62.6238	0.165017	85.641
11.8492	62.7063	0.0825083	85.641
11.8998	62.7888	0	85.641
11.9044	62.83	0.0825083	85.641
11.9587	62.9125	0	85.641
11.9607	62.9538	0.0825083	85.641
12.0017	63.0363	0	85.641
12.0143	63.0363	0	86.1538
12.0144	63.0776	0.0825083	86.1538
12.0171	63.1601	0	86.1538
12.0209	63.2013	0.0825083	86.1538
12.0232	63.2838	0	86.1538
12.0251	63.3251	0.0825083	86.1538
12.0752	63.4076	0	86.1538
12.0762	63.4076	0.165017	86.1538
12.0765	63.4901	0.0825083	86.1538
12.0834	63.5726	0	86.1538
12.0841	63.6139	0.0825083	86.1538
12.1069	63.6964	0	86.1538
12.1088	63.6964	0.165017	86.1538
12.1103	63.7789	0.0825083	86.1538
12.1174	63.8614	0	86.1538
12.1185	63.9026	0.0825083	86.1538
12.1407	63.9851	0	86.1538
12.1425	63.9851	0.165017	86.1538
12.1469	64.0677	0.0825083	86.1538
12.2141	64.1502	0	86.1538
12.2191	64.1502	0.0825083	86.1538
12.2422	64.2327	0	86.1538
12.2449	64.2739	0.0825083	86.1538
12.2748	64.3564	0	86.1538
12.2757	64.3977	0.0825083	86.1538
12.3373	64.4802	0	86.1538
12.3382	64.5215	0.0825083	86.1538
12.3597	64.604	0	86.1538
12.3609	64.6452	0.0825083	86.1538
12.3699	64.7277	0	86.1538
12.3702	64.769	0.0825083	86.1538
12.3929	64.8515	0	86.1538
12.3943	64.8515	0.165017	86.1538
12.3953	64.934	0.0825083	86.1538
12.4168	65.0165	0	86.1538
12.4176	65.0165	0.165017	86.1538
12.4196	65.099	0.0825083	86.1538
12.4233	65.1815	0	86.1538
12.4234	65.1815	0.165017	86.1538
12.4261	65.264	0.0825083	86.1538
12.4551	65.3465	0	86.1538
12.4551	65.3465	0.165017	86.1538
12.4612	65.429	0.0825083	86.1538
12.488	65.5116	0	86.1538
12.4888	65.5528	0.0825083	86.1538
12.5486	65.6353	0	86.1538
12.5498	65.6766	0.0825083	86.1538
12.5527	65.7178	0.165017	86.1538
12.5528	65.8003	0.0825083	86.1538
12.5713	65.8828	0	86.1538
12.5798	65.9241	0.0825083	86.1538
12.6111	66.0066	0	86.1538
12.6125	66.0479	0.0825083	86.1538
12.6605	66.1304	0	86.1538
12.6627	66.1716	0.0825083	86.1538
12.663	66.1716	0.247525	86.1538
12.6634	66.2541	0.165017	86.1538
12.6635	66.2541	0.330033	86.1538
12.6638	66.3366	0.247525	86.1538
12.6659	66.4191	0.165017	86.1538
12.6695	66.5016	0.0825083	86.1538
12.6733	66.5842	0	86.1538
12.6793	66.5842	0.0825083	86.1538
12.6796	66.5842	0.247525	86.1538
12.6801	66.6667	0.165017	86.1538
12.6801	66.7492	0.0825083	86.1538
12.7087	66.8317	0	86.1538
12.7088	66.8729	0.0825083	86.1538
12.7174	66.9554	0	86.1538
12.7248	66.9967	0.0825083	86.1538
12.8203	67.0792	0	86.1538
12.8246	67.1205	0.0825083	86.1538
12.9104	67.203	0	86.1538
12.9116	67.203	0.165017	86.1538
12.9124	67.2855	0.0825083	86.1538
13.0043	67.368	0	86.1538
13.0051	67.4092	0.0825083	86.1538
13.0222	67.4918	0	86.1538
13.0283	67.533	0.0825083	86.1538
13.0738	67.6155	0	86.1538
13.0739	67.6568	0.0825083	86.1538
13.1626	67.7393	0	86.1538
13.163	67.7805	0.0825083	86.1538
13.4042	67.863	0	86.1538
13.4049	67.863	0.165017	86.1538
13.4119	67.9455	0.0825083	86.1538
13.4875	68.0281	0	86.1538
13.4878	68.0281	0.165017	86.1538
13.4881	68.1106	0.0825083	86.1538
13.4901	68.1931	0	86.1538
13.4908	68.2343	0.0825083	86.1538
13.4915	68.3168	0	86.1538
13.4923	68.3581	0.0825083	86.1538
13.7837	68.4406	0	86.1538
13.7837	68.4818	0.0825083	86.1538
13.7916	68.5644	0	86.1538
13.7922	68.5644	0.0825083	86.1538
13.849	68.6469	0	86.1538
13.8491	68.6881	0.0825083	86.1538
13.9003	68.7706	0	86.1538
13.9036	68.7706	0.0825083	86.1538
14.0142	68.8531	0	86.1538
14.0208	68.8531	0	87.1795
14.0219	68.8944	0.0825083	87.1795
14.022	68.9769	0	87.1795
14.0234	69.0182	0.0825083	87.1795
14.0237	69.0182	0.247525	87.1795
14.0248	69.1007	0.165017	87.1795
14.0259	69.1832	0.0825083	87.1795
14.0405	69.2657	0	87.1795
14.041	69.2657	0.0825083	87.1795
14.1214	69.3482	0	87.1795
14.1228	69.3482	0.165017	87.1795
14.1247	69.4307	0.0825083	87.1795
14.2083	69.5132	0	87.1795
14.2102	69.5545	0.0825083	87.1795
14.224	69.637	0	87.1795
14.231	69.6782	0.0825083	87.1795
14.2702	69.7607	0	87.1795
14.3908	69.7607	0	88.2051
14.3919	69.802	0.0825083	88.2051
14.4366	69.8845	0	88.2051
14.4385	69.9257	0.0825083	88.2051
14.4469	70.0082	0	88.2051
14.4523	70.0082	0.165017	88.2051
14.4555	70.0908	0.0825083	88.2051
14.4616	70.1733	0	88.2051
14.462	70.2145	0.0825083	88.2051
14.4878	70.297	0	88.2051
14.4904	70.3383	0.0825083	88.2051
14.5244	70.4208	0	88.2051
14.5248	70.462	0.0825083	88.2051
14.5356	70.5446	0	88.2051
14.5378	70.5446	0.165017	88.2051
14.5399	70.6271	0.0825083	88.2051
14.5458	70.7096	0	88.2051
14.5471	70.7096	0.0825083	88.2051
14.573	70.7921	0	88.2051
14.5736	70.8333	0.0825083	88.2051
14.5892	70.9158	0	88.2051
14.5938	70.9571	0.0825083	88.2051
14.6666	71.0396	0	88.2051
14.6692	71.0396	0.0825083	88.2051
14.7384	71.1221	0	88.2051
14.7401	71.1634	0.0825083	88.2051
14.7935	71.2459	0	88.2051
14.7962	71.2459	0.0825083	88.2051
14.8683	71.3284	0	88.2051
14.8693	71.3696	0.0825083	88.2051
14.9358	71.4521	0	88.2051
14.9362	71.4934	0.0825083	88.2051
14.9455	71.5759	0	88.2051
14.9464	71.5759	0.165017	88.2051
14.9511	71.6584	0.0825083	88.2051
15.0403	71.7409	0	88.2051
15.0407	71.7409	0.165017	88.2051
15.0431	71.8234	0.0825083	88.2051
15.102	71.9059	0	88.2051
15.1044	71.9059	0.165017	88.2051
15.106	71.9884	0.0825083	88.2051
15.219	72.071	0	88.2051
15.3064	72.071	0	89.2308
15.3078	72.1122	0.0825083	89.2308
15.3615	72.1947	0	89.2308
15.3644	72.1947	0.0825083	89.2308
15.4686	72.2772	0	89.2308
15.469	72.2772	0.0825083	89.2308
15.4953	72.3597	0	89.2308
15.496	72.401	0.0825083	89.2308
15.5129	72.4835	0	89.2308
15.5138	72.5247	0.0825083	89.2308
15.515	72.5247	0.165017	89.2308
15.5192	72.6073	0.0825083	89.2308
15.521	72.6898	0	89.2308
15.5248	72.731	0.0825083	89.2308
15.5302	72.8135	0	89.2308
15.5359	72.8135	0.0825083	89.2308
15.5708	72.896	0	89.2308
15.574	72.9373	0.0825083	89.2308
15.65	73.0198	0	89.2308
15.6517	73.0611	0.0825083	89.2308
15.6595	73.1436	0	89.2308
15.6656	73.1848	0.0825083	89.2308
15.6984	73.2673	0	89.2308
15.699	73.3086	0.0825083	89.2308
15.7221	73.3911	0	89.2308
15.7223	73.4323	0.0825083	89.2308
15.7653	73.5149	0	89.2308
15.7703	73.5561	0.0825083	89.2308
15.7779	73.6386	0	89.2308
15.7817	73.6386	0.165017	89.2308
15.7849	73.7211	0.0825083	89.2308
15.8413	73.8036	0	89.2308
15.8424	73.8036	0.165017	89.2308
15.8436	73.8861	0.0825083	89.2308
16.0094	73.9686	0	89.2308
16.0102	74.0099	0.0825083	89.2308
16.0133	74.0924	0	89.2308
16.0142	74.1337	0.0825083	89.2308
16.0157	74.1337	0.247525	89.2308
16.0187	74.2162	0.165017	89.2308
16.0237	74.2987	0.0825083	89.2308
16.026	74.3812	0	89.2308
16.0722	74.3812	0	90.2564
16.0747	74.3812	0.165017	90.2564
16.0755	74.4637	0.0825083	90.2564
16.1772	74.5462	0	90.2564
16.1776	74.5462	0.165017	90.2564
16.183	74.6287	0.0825083	90.2564
16.2383	74.7112	0	90.2564
16.2386	74.7525	0.0825083	90.2564
16.2524	74.835	0	90.2564
16.2525	74.835	0.165017	90.2564
16.2532	74.9175	0.0825083	90.2564
16.3398	75	0	90.2564
16.3416	75.0413	0.0825083	90.2564
16.3998	75.1238	0	90.2564
16.4007	75.165	0.0825083	90.2564
16.4321	75.2475	0	90.2564
16.4338	75.2888	0.0825083	90.2564
16.4634	75.3713	0	90.2564
16.4644	75.3713	0.165017	90.2564
16.4659	75.4538	0.0825083	90.2564
16.629	75.5363	0	90.2564
16.631	75.5363	0.165017	90.2564
16.6319	75.6188	0.0825083	90.2564
16.6671	75.7013	0	90.2564
16.6677	75.7426	0.0825083	90.2564
16.7343	75.8251	0	90.2564
16.7345	75.8663	0.0825083	90.2564
16.7496	75.9488	0	90.2564
16.7502	75.9901	0.0825083	90.2564
16.8311	76.0726	0	90.2564
16.8352	76.1139	0.0825083	90.2564
16.8355	76.1964	0	90.2564
16.8355	76.2376	0.0825083	90.2564
16.8745	76.3201	0	90.2564
16.8746	76.3614	0.0825083	90.2564
16.8787	76.4439	0	90.2564
16.88	76.4851	0.0825083	90.2564
16.9345	76.5677	0	90.2564
16.9358	76.5677	0.165017	90.2564
16.9361	76.6502	0.0825083	90.2564
16.9607	76.7327	0	90.2564
16.9623	76.7739	0.0825083	90.2564
16.9815	76.8564	0	90.2564
16.9834	76.8977	0.0825083	90.2564
17.0058	76.9802	0	90.2564
17.0089	77.0215	0.0825083	90.2564
17.0236	77.104	0	90.2564
17.061	77.104	0	91.2821
17.0625	77.104	0.165017	91.2821
17.0632	77.1865	0.0825083	91.2821
17.2068	77.269	0	91.2821
17.2085	77.3102	0.0825083	91.2821
17.2374	77.3927	0	91.2821
17.2387	77.3927	0.0825083	91.2821
17.2839	77.4753	0	91.2821
17.2847	77.5165	0.0825083	91.2821
17.2852	77.599	0	91.2821
17.2872	77.6403	0.0825083	91.2821
17.3803	77.7228	0	91.2821
17.3821	77.764	0.0825083	91.2821
17.411	77.8465	0	91.2821
17.4147	77.8465	0.0825083	91.2821
17.6285	77.929	0	91.2821
17.6287	77.929	0.0825083	91.2821
17.6479	78.0116	0	91.2821
17.6537	78.0528	0.0825083	91.2821
17.7122	78.1353	0	91.2821
17.7133	78.1353	0.165017	91.2821
17.7136	78.2178	0.0825083	91.2821
18.0062	78.3003	0	91.2821
18.0092	78.3416	0.0825083	91.2821
18.0255	78.4241	0	91.2821
18.0281	78.4653	0.0825083	91.2821
18.0657	78.5479	0	91.2821
18.0697	78.5891	0.0825083	91.2821
18.2311	78.6716	0	91.2821
18.2318	78.7129	0.0825083	91.2821
18.4479	78.7954	0	91.2821
18.4483	78.7954	0.165017	91.2821
18.449	78.8779	0.0825083	91.2821
18.481	78.9604	0	91.2821
18.4815	78.9604	0.165017	91.2821
18.4816	79.0429	0.0825083	91.2821
18.5187	79.1254	0	91.2821
18.5196	79.1667	0.0825083	91.2821
18.7243	79.2492	0	91.2821
18.7296	79.2904	0.0825083	91.2821
18.7559	79.3729	0	91.2821
18.7575	79.3729	0.165017	91.2821
18.7582	79.4554	0.0825083	91.2821
18.8063	79.538	0	91.2821
18.8067	79.5792	0.0825083	91.2821
18.8221	79.6617	0	91.2821
18.8239	79.703	0.0825083	91.2821
18.8905	79.7855	0	91.2821
18.8925	79.7855	0.165017	91.2821
18.894	79.868	0.0825083	91.2821
19.0797	79.9505	0	91.2821
19.0808	79.9505	0.165017	91.2821
19.0812	80.033	0.0825083	91.2821
19.2013	80.1155	0	91.2821
19.202	80.1155	0.165017	91.2821
19.2036	80.198	0.0825083	91.2821
19.2411	80.2805	0	91.2821
19.2418	80.3218	0.0825083	91.2821
19.2846	80.4043	0	91.2821
19.2848	80.4043	0.165017	91.2821
19.2856	80.4868	0.0825083	91.2821
19.309	80.5693	0	91.2821
19.3093	80.6106	0.0825083	91.2821
19.3885	80.6931	0	91.2821
19.3944	80.7343	0.0825083	91.2821
19.4641	80.8168	0	91.2821
19.4657	80.8168	0.165017	91.2821
19.4683	80.8993	0.0825083	91.2821
19.4916	80.9818	0	91.2821
19.4938	81.0231	0.0825083	91.2821
19.5073	81.1056	0	91.2821
19.5082	81.1056	0.165017	91.2821
19.5085	81.1881	0.0825083	91.2821
19.6855	81.2706	0	91.2821
19.788	81.2706	0	92.3077
19.7904	81.2706	0.165017	92.3077
19.7914	81.3531	0.0825083	92.3077
19.7928	81.4356	0	92.3077
19.7951	81.4356	0.165017	92.3077
19.7977	81.5182	0.0825083	92.3077
19.9225	81.6007	0	92.3077
19.9916	81.6007	0	92.8205
19.9928	81.6419	0.0825083	92.8205
20.082	81.7244	0	92.8205
20.0853	81.7244	0.0825083	92.8205
20.0885	81.8069	0	92.8205
20.0966	81.8069	0.0825083	92.8205
20.1214	81.8894	0	92.8205
20.1223	81.9307	0.0825083	92.8205
20.2198	82.0132	0	92.8205
20.2244	82.0545	0.0825083	92.8205
20.3089	82.137	0	92.8205
20.4171	82.137	0	93.8462
20.4188	82.1782	0.0825083	93.8462
20.55	82.2607	0	93.8462
20.5503	82.302	0.0825083	93.8462
20.6236	82.3845	0	93.8462
20.6256	82.4257	0.0825083	93.8462
20.6999	82.5082	0	93.8462
20.7007	82.5495	0.0825083	93.8462
20.7098	82.632	0	93.8462
20.7111	82.632	0.0825083	93.8462
21.0025	82.7145	0	93.8462
21.0043	82.7558	0.0825083	93.8462
21.0959	82.8383	0	93.8462
21.0971	82.8383	0.165017	93.8462
21.0972	82.9208	0.0825083	93.8462
21.2772	83.0033	0	93.8462
21.2824	83.0446	0.0825083	93.8462
21.4171	83.1271	0	93.8462
21.419	83.1271	0.165017	93.8462
21.4226	83.2096	0.0825083	93.8462
21.4752	83.2921	0	93.8462
21.4816	83.2921	0.0825083	93.8462
21.6437	83.3746	0	93.8462
21.6471	83.4158	0.0825083	93.8462
21.6981	83.4984	0	93.8462
21.7022	83.5396	0.0825083	93.8462
21.7818	83.6221	0	93.8462
21.9464	83.6221	0	94.8718
21.9491	83.6634	0.0825083	94.8718
21.9814	83.7459	0	94.8718
21.982	83.7871	0.0825083	94.8718
22.2986	83.8696	0	94.8718
22.2989	83.8696	0.165017	94.8718
22.301	83.9521	0.0825083	94.8718
22.31	84.0347	0	94.8718
22.3101	84.0347	0.0825083	94.8718
22.3102	84.0347	0.165017	94.8718
22.3111	84.1172	0.0825083	94.8718
22.5033	84.1997	0	94.8718
22.5061	84.2409	0.0825083	94.8718
22.5088	84.3234	0	94.8718
22.5093	84.3647	0.0825083	94.8718
22.5619	84.4472	0	94.8718
22.5626	84.4472	0.165017	94.8718
22.5723	84.5297	0.0825083	94.8718
22.7486	84.6122	0	94.8718
22.7496	84.6535	0.0825083	94.8718
23.2315	84.736	0	94.8718
23.2322	84.7772	0.0825083	94.8718
23.2422	84.8597	0	94.8718
23.2465	84.8597	0.0825083	94.8718
23.2908	84.9422	0	94.8718
23.2915	84.9422	0.0825083	94.8718
23.3067	85.0247	0	94.8718
23.308	85.066	0.0825083	94.8718
23.4417	85.1485	0	94.8718
23.4421	85.1898	0.0825083	94.8718
24.1298	85.2723	0	94.8718
24.1308	85.3135	0.0825083	94.8718
24.2562	85.396	0	94.8718
24.2582	85.396	0.0825083	94.8718
24.3432	85.4785	0	94.8718
24.3432	85.5198	0.0825083	94.8718
24.3538	85.6023	0	94.8718
24.3541	85.6023	0.0825083	94.8718
24.3786	85.6848	0	94.8718
24.3792	85.7261	0.0825083	94.8718
24.6745	85.8086	0	94.8718
24.6755	85.8498	0.0825083	94.8718
24.8111	85.9323	0	94.8718
24.8113	85.9323	0.165017	94.8718
24.8123	86.0149	0.0825083	94.8718
24.8812	86.0974	0	94.8718
24.8825	86.1386	0.0825083	94.8718
25.0238	86.2211	0	94.8718
25.0243	86.2624	0.0825083	94.8718
25.0376	86.3449	0	94.8718
25.0408	86.3861	0.0825083	94.8718
25.0793	86.4686	0	94.8718
25.2572	86.4686	0	95.8974
25.2593	86.5099	0.0825083	95.8974
25.7297	86.5924	0	95.8974
25.7311	86.5924	0.165017	95.8974
25.7351	86.6749	0.0825083	95.8974
25.8021	86.7574	0	95.8974
25.8026	86.7987	0.0825083	95.8974
25.8198	86.8812	0	95.8974
25.8229	86.8812	0.165017	95.8974
25.8255	86.9637	0.0825083	95.8974
26.0381	87.0462	0	95.8974
26.0447	87.0875	0.0825083	95.8974
26.2109	87.17	0	95.8974
26.2113	87.17	0.0825083	95.8974
26.2692	87.2525	0	95.8974
26.272	87.2937	0.0825083	95.8974
26.3461	87.3762	0	95.8974
26.3464	87.3762	0.0825083	95.8974
26.3712	87.4587	0	95.8974
26.3714	87.5	0.0825083	95.8974
26.5657	87.5825	0	95.8974
26.5667	87.6238	0.0825083	95.8974
26.6733	87.7063	0	95.8974
26.6736	87.7475	0.0825083	95.8974
27.2091	87.83	0	95.8974
27.2122	87.8713	0.0825083	95.8974
27.9358	87.9538	0	95.8974
27.9359	87.995	0.0825083	95.8974
28.0202	88.0776	0	95.8974
28.0211	88.1188	0.0825083	95.8974
28.3491	88.2013	0	95.8974
28.351	88.2426	0.0825083	95.8974
28.3912	88.3251	0	95.8974
28.3946	88.3663	0.0825083	95.8974
28.4018	88.4488	0	95.8974
28.4022	88.4901	0.0825083	95.8974
28.4882	88.5726	0	95.8974
28.4887	88.5726	0.165017	95.8974
28.4895	88.6551	0.0825083	95.8974
28.5737	88.7376	0	95.8974
28.5747	88.7789	0.0825083	95.8974
28.6899	88.8614	0	95.8974
28.69	88.9026	0.0825083	95.8974
28.8206	88.9851	0	95.8974
28.8224	89.0264	0.0825083	95.8974
29.3862	89.1089	0	95.8974
29.3893	89.1502	0.0825083	95.8974
29.5656	89.2327	0	95.8974
29.5707	89.2739	0.0825083	95.8974
29.7065	89.3564	0	95.8974
29.7075	89.3977	0.0825083	95.8974
29.949	89.4802	0	95.8974
29.9491	89.5215	0.0825083	95.8974
30.0352	89.604	0	95.8974
30.0434	89.6452	0.0825083	95.8974
30.5897	89.7277	0	95.8974
30.5906	89.769	0.0825083	95.8974
30.7492	89.8515	0	95.8974
30.7495	89.8927	0.0825083	95.8974
30.8478	89.9753	0	95.8974
30.8479	90.0165	0.0825083	95.8974
30.8591	90.099	0	95.8974
30.8595	90.1403	0.0825083	95.8974
30.9041	90.2228	0	95.8974
30.9053	90.2228	0.165017	95.8974
30.9094	90.3053	0.0825083	95.8974
31.0392	90.3878	0	95.8974
31.0409	90.429	0.0825083	95.8974
32.1877	90.5116	0	95.8974
32.1918	90.5116	0.0825083	95.8974
32.2317	90.5941	0	95.8974
32.2319	90.6353	0.0825083	95.8974
32.2685	90.7178	0	95.8974
32.2694	90.7178	0.165017	95.8974
32.271	90.8003	0.0825083	95.8974
32.3953	90.8828	0	95.8974
32.3955	90.8828	0.0825083	95.8974
32.7561	90.9653	0	95.8974
32.7563	90.9653	0.0825083	95.8974
33.1369	91.0479	0	95.8974
33.138	91.0891	0.0825083	95.8974
33.2782	91.1716	0	95.8974
33.2894	91.2129	0.0825083	95.8974
33.6864	91.2954	0	95.8974
33.6876	91.2954	0.165017	95.8974
33.6917	91.3779	0.0825083	95.8974
34.6385	91.4604	0	95.8974
34.6407	91.4604	0.0825083	95.8974
35.0078	91.5429	0	95.8974
35.0086	91.5842	0.0825083	95.8974
35.257	91.6667	0	95.8974
35.2572	91.7079	0.0825083	95.8974
35.4851	91.7904	0	95.8974
35.4854	91.7904	0.165017	95.8974
35.4913	91.8729	0.0825083	95.8974
36.1518	91.9554	0	95.8974
36.1519	91.9967	0.0825083	95.8974
36.3474	92.0792	0	95.8974
36.3516	92.1205	0.0825083	95.8974
36.7839	92.203	0	95.8974
36.785	92.2442	0.0825083	95.8974
36.8079	92.3267	0	95.8974
36.8112	92.368	0.0825083	95.8974
37.1892	92.4505	0	95.8974
37.19	92.4918	0.0825083	95.8974
37.1974	92.5743	0	95.8974
37.1979	92.6155	0.0825083	95.8974
37.3599	92.698	0	95.8974
37.36	92.7393	0.0825083	95.8974
37.6367	92.8218	0	95.8974
37.6424	92.863	0.0825083	95.8974
38.001	92.9455	0	95.8974
38.0101	92.9868	0.0825083	95.8974
38.1377	93.0693	0	95.8974
38.1405	93.1106	0.0825083	95.8974
38.7972	93.1931	0	95.8974
38.8005	93.2343	0.0825083	95.8974
39.1305	93.3168	0	95.8974
39.1316	93.3581	0.0825083	95.8974
39.3899	93.4406	0	95.8974
39.395	93.4818	0.0825083	95.8974
39.548	93.5644	0	95.8974
39.5523	93.6056	0.0825083	95.8974
40.2163	93.6881	0	95.8974
40.217	93.6881	0.0825083	95.8974
40.5007	93.7706	0	95.8974
40.5013	93.8119	0.0825083	95.8974
41.1604	93.8944	0	95.8974
41.1631	93.9356	0.0825083	95.8974
42.6839	94.0182	0	95.8974
42.6901	94.0594	0.0825083	95.8974
42.9921	94.1419	0	95.8974
42.9924	94.1419	0.165017	95.8974
42.994	94.2244	0.0825083	95.8974
43.799	94.3069	0	95.8974
43.8027	94.3482	0.0825083	95.8974
44.6376	94.4307	0	95.8974
44.6407	94.4719	0.0825083	95.8974
44.8349	94.5545	0	95.8974
44.8358	94.5957	0.0825083	95.8974
44.9905	94.6782	0	95.8974
44.9918	94.6782	0.165017	95.8974
44.9947	94.7607	0.0825083	95.8974
45.305	94.8432	0	95.8974
45.307	94.8845	0.0825083	95.8974
46.1164	94.967	0	95.8974
46.8687	94.967	0.0825083	95.8974
47.9217	95.0495	0	95.8974
47.9233	95.0908	0.0825083	95.8974
48.198	95.1733	0	95.8974
48.1999	95.2145	0.0825083	95.8974
48.2676	95.297	0	95.8974
48.2679	95.3383	0.0825083	95.8974
50.5437	95.4208	0	95.8974
50.554	95.4208	0.0825083	95.8974
50.6068	95.5033	0	95.8974
50.6095	95.5446	0.0825083	95.8974
52.278	95.6271	0	95.8974
52.2801	95.6683	0.0825083	95.8974
52.9555	95.7508	0	95.8974
52.9569	95.7508	0.165017	95.8974
52.9571	95.8333	0.0825083	95.8974
57.8078	95.9158	0	95.8974
57.809	95.9571	0.0825083	95.8974
58.8703	96.0396	0	95.8974
58.8708	96.0809	0.0825083	95.8974
69.5877	96.1634	0	95.8974
69.5884	96.1634	0.165017	95.8974
69.5902	96.2459	0.0825083	95.8974
74.0171	96.3284	0	95.8974
74.0182	96.3284	0.165017	95.8974
74.0187	96.4109	0.0825083	95.8974
77.7462	96.4934	0	95.8974
77.7476	96.4934	0.165017	95.8974
77.749	96.5759	0.0825083	95.8974
246.121	96.6584	0	95.8974
267.573	96.6584	0	96.9231
268.764	96.6997	0.0825083	96.9231
308.123	96.7822	0	96.9231
433.922	96.7822	0	97.9487
615.622	96.7822	0	98.9744
617.081	96.8234	0.0825083	98.9744
1260.01	96.9059	0	98.9744
1260.01	96.9059	0.0825083	98.9744
1640.29	96.9884	0	98.9744
1640.55	96.9884	0.165017	98.9744
1641.25	97.071	0.0825083	98.9744
1716.41	97.1535	0	98.9744
1716.64	97.1535	0.165017	98.9744
1720.33	97.236	0.0825083	98.9744
1881.06	97.3185	0	98.9744
1883.18	97.3597	0.0825083	98.9744
2512.8	97.4422	0	98.9744
2512.81	97.4422	0.0825083	98.9744
2983.94	97.5247	0	98.9744
2985.7	97.566	0.0825083	98.9744
3404.64	97.6485	0	98.9744
3405.91	97.6485	0.165017	98.9744
3407.17	97.731	0.0825083	98.9744
3414.85	97.8135	0	98.9744
3685.38	97.8135	0	100
3687.6	97.8548	0.0825083	100
4729.59	97.9373	0	100
4729.66	97.9373	0.165017	100
4731.08	98.0198	0.0825083	100
5474.85	98.1023	0	100
5474.85	98.1023	0.165017	100
5477.89	98.1848	0.0825083	100
6028.07	98.2673	0	100
6028.16	98.2673	0.165017	100
6028.47	98.3498	0.0825083	100
7898.49	98.4323	0	100
7902.23	98.4736	0.0825083	100
10392.1	98.5561	0	100
10394.4	98.5974	0.0825083	100
11292.2	98.6799	0	100
11293.8	98.7211	0.0825083	100
12622.5	98.8036	0	100
12622.5	98.8036	0.0825083	100
14140.2	98.8861	0	100
14140.3	98.8861	0.165017	100
14140.6	98.9686	0.0825083	100
14287.4	99.0512	0	100
14290	99.0512	0.0825083	100
14290.9	99.0924	0.165017	100
14296	99.1749	0.0825083	100
15857.6	99.2574	0	100
15857.7	99.2987	0.0825083	100
17600.6	99.3812	0	100
17600.6	99.3812	0.0825083	100
17814.1	99.4637	0	100
17815.3	99.505	0.0825083	100
17980.3	99.5875	0	100
17980.9	99.6287	0.0825083	100
19179.5	99.7112	0	100
19180.5	99.7525	0.0825083	100
24206.9	99.835	0	100
24206.9	99.835	0.165017	100
24209.5	99.9175	0.0825083	100
