2.64199e-06	0	0	0
6.37155e-06	0	0	0
1.17207e-05	0	0	0
1.56457e-05	0	0	0
1.96185e-05	0	0	0
4.03849e-05	0	0	0
4.31759e-05	0	0	0
5.38215e-05	0	0	0
5.52001e-05	0	0	0
6.99165e-05	0	0	0
7.64622e-05	0	0	0
9.95503e-05	0	0	0
0.000106383	0	0	0
0.000114323	0	0	0
0.000136503	0	0	0
0.000137647	0	0	0
0.000143445	0	0	0
0.000145488	0	0	0
0.0001505	0	0	0
0.000156039	0	0	0
0.000190254	0	0	0
0.000198054	0	0	0
0.000199263	0	0	0
0.000201481	0	0	0
0.000208517	0	0	0
0.000222667	0	0	0
0.000233966	0	0	0
0.000238139	0	0	0
0.000258738	0	0	0
0.000270593	0	0	0
0.000282813	0	0	0
0.000312591	0	0	0
0.000319373	0	0	0
0.000322411	0	0	0
0.000327425	0	0	0
0.00036662	0	0	0
0.000382623	0	0	0
0.000409156	0	0	0
0.000429555	0	0	0
0.000437473	0	0	0
0.000492292	0	0	0
0.00049421	0	0	0
0.000497016	0	0	0
0.000502336	0	0	0
0.000506465	0	0	0
0.000510252	0	0	0
0.00052447	0	0	0
0.000525857	0	0	0
0.000545553	0	0	0
0.000576705	0	0	0
0.00058919	0	0	0
0.000598924	0	0	0
0.000651537	0	0	0
0.000665689	0	0	0
0.000665937	0	0	0
0.000697835	0	0	0
0.00070361	0	0	0
0.000713477	0	0	0
0.000724251	0	0	0
0.000731896	0	0	0
0.000764525	0	0	0
0.00078967	0	0	0
0.000794969	0	0	0
0.000795484	0	0	0
0.00080441	0	0	0
0.000811368	0	0	0
0.000824781	0	0	0
0.000865187	0	0	0
0.000873405	0	0	0
0.000877822	0	0	0
0.000880712	0	0	0
0.000883397	0	0	0
0.000898892	0	0	0
0.000905696	0	0	0
0.000936953	0	0	0
0.00096881	0	0	0
0.000968847	0	0	0
0.000991388	0	0	0
0.000993855	0	0	0
0.00101181	0	0	0
0.00102383	0	0	0
0.00104425	0	0	0
0.00105411	0	0	0
0.00109105	0	0	0
0.0011079	0	0	0
0.00115865	0	0	0
0.00116422	0	0	0
0.00116605	0	0	0
0.00120134	0	0	0
0.001206	0	0	0
0.0012106	0	0	0
0.00121351	0	0	0
0.00134357	0	0	0
0.00136537	0	0	0
0.0013747	0	0	0
0.00138473	0	0	0
0.00139177	0	0	0
0.00142481	0	0	0
0.00142687	0	0	0
0.00147296	0	0	0
0.00147364	0	0	0
0.00149384	0	0	0
0.00153115	0	0	0
0.00159525	0	0	0
0.00162718	0	0	0
0.00166425	0	0	0
0.00166939	0	0	0
0.00168111	0	0	0
0.00168408	0	0	0
0.00169033	0	0	0
0.00170255	0	0	0
0.00172137	0	0	0
0.00175624	0	0	0
0.00176587	0	0	0
0.00182148	0	0	0
0.00185192	0	0	0
0.00192611	0	0	0
0.00192617	0	0	0
0.00194668	0	0	0
0.00197663	0	0	0
0.00201275	0	0	0
0.00201275	0	0	0
0.00208013	0	0	0
0.00211443	0	0	0
0.00214261	0	0	0
0.00215097	0	0	0
0.00218504	0	0	0
0.00220072	0	0	0
0.00220759	0	0	0
0.00221708	0	0	0
0.00223816	0	0	0
0.00224474	0	0	0
0.00225378	0	0	0
0.00235061	0	0	0
0.00239924	0	0	0
0.00241318	0	0	0
0.00241683	0	0	0
0.00246108	0	0	0
0.00246659	0	0	0
0.00253694	0	0	0
0.00257336	0	0	0
0.00262843	0	0	0
0.00265972	0	0	0
0.00267482	0	0	0
0.00268113	0	0	0
0.00276865	0	0	0
0.00280601	0	0	0
0.00280925	0	0	0
0.00281674	0	0	0
0.00284961	0	0	0
0.00287823	0	0	0
0.00288083	0	0	0
0.00291495	0	0	0
0.00292323	0	0	0
0.00292678	0	0	0
0.00294589	0	0	0
0.00298389	0	0	0
0.00298893	0	0	0
0.00303648	0	0	0
0.00305628	0	0	0
0.0030836	0	0	0
0.00309191	0	0	0
0.00312104	0	0	0
0.00313806	0	0	0
0.00315088	0	0	0
0.00319974	0	0	0
0.00323435	0	0	0
0.00329311	0	0	0
0.00331597	0	0	0
0.00340662	0	0	0
0.00341739	0	0	0
0.00345329	0	0	0
0.0034911	0	0	0
0.00353554	0	0	0
0.00359439	0	0	0
0.00359675	0	0	0
0.00361111	0	0	0
0.00370474	0	0	0
0.00375464	0	0	0
0.00378088	0	0	0
0.00379455	0	0	0
0.00388553	0	0	0
0.00388664	0	0	0
0.00390358	0	0	0
0.00393794	0	0	0
0.00395658	0	0	0
0.00402475	0	0	0
0.00402629	0	0	0
0.00410607	0	0	0
0.00415102	0	0	0
0.00415282	0	0	0
0.0042867	0	0	0
0.0043671	0	0	0
0.00441311	0	0	0
0.00442003	0	0	0
0.00444007	0	0	0
0.00447026	0	0	0
0.0045024	0	0	0
0.00455522	0	0	0
0.0046378	0	0	0
0.00464595	0	0	0
0.00465235	0	0	0
0.00475755	0	0	0
0.00477868	0	0	0
0.0049063	0	0	0
0.00500927	0	0	0
0.00507294	0	0	0
0.0050895	0	0	0
0.00521376	0	0	0
0.00530519	0	0	0
0.00532873	0	0	0
0.00532902	0	0	0
0.00543555	0	0	0
0.00567935	0	0	0
0.00577001	0	0	0
0.00582585	0	0	0
0.00591843	0	0	0
0.00593727	0	0	0
0.00601096	0	0	0
0.00602189	0	0	0
0.00608718	0	0	0
0.00610295	0	0	0
0.00612829	0	0	0
0.00618838	0	0	0
0.00620905	0	0	0
0.00633624	0	0	0
0.00636665	0	0	0
0.00637882	0	0	0
0.00639691	0	0	0
0.00640031	0	0	0
0.00654994	0	0	0
0.00656177	0	0	0
0.00658535	0	0	0
0.00674045	0	0	0
0.00694903	0	0	0
0.00698061	0	0	0
0.00698203	0	0	0
0.00704098	0	0	0
0.00710859	0	0	0
0.00719503	0	0	0
0.00724856	0	0	0
0.00730329	0	0	0
0.00732726	0	0	0
0.00745649	0	0	0
0.00752192	0	0	0
0.00758365	0	0	0
0.00775546	0	0	0
0.00778927	0	0	0
0.0084242	0	0	0
0.00842663	0	0	0
0.00846665	0	0	0
0.00849338	0	0	0
0.00872967	0	0	0
0.00875186	0	0	0
0.00879157	0	0	0
0.00879159	0	0	0
0.00897879	0	0	0
0.00911753	0	0	0
0.00914861	0	0	0
0.00927112	0	0	0
0.00943941	0	0	0
0.00944881	0	0	0
0.00945064	0	0	0
0.00974802	0	0	0
0.00977747	0	0	0
0.00980414	0	0	0
0.00982561	0	0	0
0.0100917	0.0412541	0.0825083	0
0.0101696	0.0412541	0.0825083	0
0.0103198	0.0412541	0.0825083	0
0.0103372	0.0412541	0.0825083	0
0.0104173	0.0412541	0.0825083	0
0.0105928	0.0412541	0.0825083	0
0.0107084	0.0412541	0.0825083	0
0.010717	0.0412541	0.0825083	0
0.0108492	0.0412541	0.0825083	0
0.0111304	0.0412541	0.0825083	0
0.0111872	0.0412541	0.0825083	0
0.011599	0.0412541	0.0825083	0
0.011704	0.0412541	0.0825083	0
0.0118009	0.0412541	0.0825083	0
0.0119057	0.0412541	0.0825083	0
0.011954	0.0412541	0.0825083	0
0.01204	0.0412541	0.0825083	0
0.0121735	0.0412541	0.0825083	0
0.0121806	0.0412541	0.0825083	0
0.0122511	0.0412541	0.0825083	0
0.0125354	0.0412541	0.0825083	0
0.0125681	0.0412541	0.0825083	0
0.0128425	0.0412541	0.0825083	0
0.0130052	0.0412541	0.0825083	0
0.0132022	0.0412541	0.0825083	0
0.0132427	0.0412541	0.0825083	0
0.0132522	0.0412541	0.0825083	0
0.0133044	0.0412541	0.0825083	0
0.0133369	0.0412541	0.0825083	0
0.0133392	0.0412541	0.0825083	0
0.0133541	0.0412541	0.0825083	0
0.0134101	0.0412541	0.0825083	0
0.0135248	0.0412541	0.0825083	0
0.013626	0.0412541	0.0825083	0
0.013659	0.0412541	0.0825083	0
0.0137569	0.0412541	0.0825083	0
0.0137709	0.0412541	0.0825083	0
0.0137839	0.0412541	0.0825083	0
0.0138021	0.0412541	0.0825083	0
0.0138616	0.0412541	0.0825083	0
0.0138623	0.0412541	0.0825083	0
0.0138772	0.0412541	0.0825083	0
0.013897	0.0412541	0.0825083	0
0.0138989	0.0412541	0.0825083	0
0.0139091	0.0412541	0.0825083	0
0.0140032	0.0412541	0.0825083	0
0.0140083	0.0412541	0.0825083	0
0.0140348	0.0412541	0.0825083	0
0.0140725	0.0412541	0.0825083	0
0.0141018	0.0412541	0.0825083	0
0.0141518	0.0412541	0.0825083	0
0.0141777	0.0412541	0.0825083	0
0.0142862	0.0412541	0.0825083	0
0.0142994	0.0412541	0.0825083	0
0.0143306	0.0412541	0.0825083	0
0.0143495	0.0412541	0.0825083	0
0.0143592	0.0412541	0.0825083	0
0.0143895	0.0412541	0.0825083	0
0.0144496	0.0412541	0.0825083	0
0.0144574	0.0412541	0.0825083	0
0.0144674	0.123762	0	0
0.0145115	0.123762	0	0
0.0145142	0.123762	0	0
0.0146445	0.123762	0	0
0.014799	0.123762	0	0
0.0148019	0.123762	0	0
0.014827	0.123762	0	0
0.014843	0.123762	0	0
0.0148866	0.123762	0	0
0.0149744	0.123762	0	0
0.0150065	0.123762	0	0
0.0150072	0.123762	0	0
0.0150974	0.123762	0	0
0.0150994	0.123762	0	0
0.0151075	0.123762	0	0
0.0151755	0.123762	0	0
0.0151925	0.123762	0	0
0.0152338	0.123762	0	0
0.015275	0.123762	0	0
0.0152979	0.123762	0	0
0.0153061	0.123762	0	0
0.0153204	0.123762	0	0
0.0153422	0.123762	0	0
0.0154249	0.123762	0	0
0.0155523	0.123762	0	0
0.0157071	0.123762	0	0
0.0164627	0.123762	0	0
0.0168151	0.123762	0	0
0.0168351	0.123762	0	0
0.0175458	0.123762	0	0
0.0180466	0.123762	0	0
0.0181547	0.123762	0	0
0.0181889	0.123762	0	0
0.0184424	0.123762	0	0
0.0184647	0.123762	0	0
0.0185548	0.123762	0	0
0.0187229	0.123762	0	0
0.0188096	0.123762	0	0
0.0188659	0.123762	0	0
0.0188885	0.123762	0	0
0.0189234	0.123762	0	0
0.0190754	0.123762	0	0
0.0192011	0.123762	0	0
0.0192028	0.123762	0	0
0.0192169	0.123762	0	0
0.019247	0.123762	0	0
0.0192537	0.123762	0	0
0.0193323	0.123762	0	0
0.0194188	0.123762	0	0
0.019494	0.123762	0	0
0.0195707	0.123762	0	0
0.01959	0.123762	0	0
0.0197179	0.123762	0	0
0.0197381	0.123762	0	0
0.0197654	0.123762	0	0
0.0198068	0.123762	0	0
0.0198142	0.123762	0	0
0.0198222	0.123762	0	0
0.0198685	0.123762	0	0
0.0199898	0.123762	0	0
0.0200437	0.123762	0	0
0.0202921	0.123762	0	0
0.0202928	0.123762	0	0
0.0202996	0.123762	0	0
0.0203039	0.123762	0	0
0.0204183	0.123762	0	0
0.0204726	0.123762	0	0
0.0205037	0.123762	0	0
0.0206251	0.123762	0	0
0.0209253	0.123762	0	0
0.0212308	0.123762	0	0
0.0213671	0.123762	0	0
0.0215034	0.123762	0	0
0.0218273	0.123762	0	0
0.0218699	0.123762	0	0
0.0219865	0.123762	0	0
0.0220473	0.123762	0	0
0.0220473	0.123762	0	0
0.0221036	0.123762	0	0
0.0223767	0.123762	0	0
0.0224038	0.123762	0	0
0.0227712	0.123762	0	0
0.0228021	0.123762	0	0
0.0231149	0.123762	0	0
0.0233809	0.123762	0	0
0.0234273	0.123762	0	0
0.0234301	0.123762	0	0
0.0235437	0.123762	0	0
0.0237541	0.123762	0	0
0.0243073	0.123762	0	0
0.0245877	0.123762	0	0
0.0250152	0.123762	0	0
0.0252111	0.123762	0	0
0.0298124	0.123762	0	0
0.0314851	0.165017	0.0825083	0
0.0552537	0.247525	0	0
0.0556297	0.247525	0	0
0.0557711	0.247525	0	0
0.0558263	0.247525	0	0
0.0558578	0.247525	0	0
0.0559297	0.247525	0	0
0.05601	0.247525	0	0
0.056083	0.247525	0	0
0.0561547	0.247525	0	0
0.0562981	0.247525	0	0
0.0563413	0.247525	0	0
0.0564085	0.247525	0	0
0.0564328	0.247525	0	0
0.0564703	0.247525	0	0
0.0564897	0.247525	0	0
0.0565028	0.247525	0	0
0.0565594	0.247525	0	0
0.0566582	0.247525	0	0
0.0566731	0.247525	0	0
0.0568973	0.247525	0	0
0.0569087	0.247525	0	0
0.0570245	0.247525	0	0
0.0571621	0.247525	0	0
0.0573407	0.247525	0	0
0.0575066	0.247525	0	0
0.0577118	0.247525	0	0
0.0577282	0.247525	0	0
0.0577396	0.247525	0	0
0.0578277	0.247525	0	0
0.0579071	0.247525	0	0
0.0581724	0.247525	0	0
0.0581807	0.247525	0	0
0.0582025	0.247525	0	0
0.0582081	0.247525	0	0
0.0582107	0.247525	0	0
0.0582595	0.247525	0	0
0.0583645	0.247525	0	0
0.0583722	0.247525	0	0
0.0584208	0.247525	0	0
0.058423	0.247525	0	0
0.0585238	0.247525	0	0
0.0585562	0.247525	0	0
0.0585601	0.247525	0	0
0.0585911	0.288779	0.0825083	0
0.0586617	0.288779	0.0825083	0
0.0586986	0.288779	0.0825083	0
0.0587194	0.288779	0.0825083	0
0.0588014	0.288779	0.0825083	0
0.0589397	0.288779	0.0825083	0
0.0589753	0.288779	0.0825083	0
0.059044	0.288779	0.0825083	0
0.0591928	0.288779	0.0825083	0
0.059216	0.288779	0.0825083	0
0.0592376	0.288779	0.0825083	0
0.0592876	0.288779	0.0825083	0
0.059344	0.288779	0.0825083	0
0.0593536	0.288779	0.0825083	0
0.0593928	0.288779	0.0825083	0
0.0597822	0.288779	0.0825083	0
0.0598019	0.288779	0.0825083	0
0.0599367	0.288779	0.0825083	0
0.0599661	0.288779	0.0825083	0
0.0600227	0.288779	0.0825083	0
0.0602135	0.288779	0.0825083	0
0.0602647	0.288779	0.0825083	0
0.0603686	0.288779	0.0825083	0
0.0603876	0.288779	0.0825083	0
0.0604668	0.288779	0.0825083	0
0.0604757	0.288779	0.0825083	0
0.0604886	0.288779	0.0825083	0
0.0605518	0.288779	0.0825083	0
0.0605568	0.288779	0.0825083	0
0.0605637	0.288779	0.0825083	0
0.0606425	0.288779	0.0825083	0
0.0606663	0.288779	0.0825083	0
0.0607251	0.288779	0.0825083	0
0.0607672	0.288779	0.0825083	0
0.061099	0.288779	0.0825083	0
0.0611217	0.288779	0.0825083	0
0.0611848	0.288779	0.0825083	0
0.0612297	0.288779	0.0825083	0
0.0612475	0.288779	0.0825083	0
0.0612784	0.288779	0.0825083	0
0.0613396	0.288779	0.0825083	0
0.061451	0.288779	0.0825083	0
0.0614599	0.288779	0.0825083	0
0.0617461	0.288779	0.0825083	0
0.0617528	0.288779	0.0825083	0
0.0617747	0.288779	0.0825083	0
0.0618684	0.288779	0.0825083	0
0.061875	0.288779	0.0825083	0
0.0618834	0.288779	0.0825083	0
0.0618961	0.288779	0.0825083	0
0.0619437	0.288779	0.0825083	0
0.0619768	0.288779	0.0825083	0
0.06204	0.288779	0.0825083	0
0.0620474	0.288779	0.0825083	0
0.0620827	0.288779	0.0825083	0
0.062092	0.288779	0.0825083	0
0.0621405	0.288779	0.0825083	0
0.0622482	0.288779	0.0825083	0
0.0623151	0.288779	0.0825083	0
0.0624333	0.288779	0.0825083	0
0.062479	0.288779	0.0825083	0
0.0624965	0.371287	0	0
0.0625124	0.371287	0	0
0.0625684	0.371287	0	0
0.0626062	0.371287	0	0
0.0626957	0.371287	0	0
0.0627317	0.371287	0	0
0.0627895	0.371287	0	0
0.0628401	0.371287	0	0
0.0628479	0.371287	0	0
0.0628491	0.371287	0	0
0.0628641	0.371287	0	0
0.0628784	0.371287	0	0
0.0629079	0.371287	0	0
0.0630982	0.371287	0	0
0.063107	0.371287	0	0
0.0633796	0.371287	0	0
0.0634318	0.371287	0	0
0.0636597	0.371287	0	0
0.0637971	0.371287	0	0
0.0638631	0.371287	0	0
0.0639813	0.371287	0	0
0.0641809	0.371287	0	0
0.0642251	0.371287	0	0
0.0644495	0.371287	0	0
0.0644878	0.371287	0	0
0.064737	0.371287	0	0
0.0649869	0.371287	0	0
0.0650677	0.371287	0	0
0.0651513	0.371287	0	0
0.0652338	0.371287	0	0
0.0654233	0.371287	0	0
0.0654307	0.371287	0	0
0.0660519	0.371287	0	0
0.0663499	0.371287	0	0
0.0665869	0.371287	0	0
0.0666645	0.371287	0	0
0.0668203	0.371287	0	0
0.0668513	0.371287	0	0
0.0668533	0.371287	0	0
0.0670836	0.371287	0	0
0.0671126	0.371287	0	0
0.0672177	0.371287	0	0
0.067303	0.371287	0	0
0.0673317	0.371287	0	0
0.0673541	0.371287	0	0
0.0674785	0.371287	0	0
0.0674861	0.371287	0	0
0.0676104	0.371287	0	0
0.067718	0.371287	0	0
0.0677246	0.371287	0	0
0.0677543	0.371287	0	0
0.0677557	0.371287	0	0
0.0677956	0.371287	0	0
0.0677982	0.371287	0	0
0.0678204	0.371287	0	0
0.0678304	0.371287	0	0
0.0679702	0.371287	0	0
0.0680054	0.371287	0	0
0.0680299	0.371287	0	0
0.0680369	0.371287	0	0
0.0681432	0.371287	0	0
0.0681817	0.371287	0	0
0.0682628	0.371287	0	0
0.0682908	0.371287	0	0
0.0683077	0.371287	0	0
0.0683957	0.371287	0	0
0.0684345	0.371287	0	0
0.0685461	0.371287	0	0
0.0685573	0.371287	0	0
0.0686597	0.371287	0	0
0.0687392	0.371287	0	0
0.0687738	0.371287	0	0
0.0687752	0.371287	0	0
0.0688099	0.371287	0	0
0.0688242	0.371287	0	0
0.068864	0.371287	0	0
0.0690837	0.371287	0	0
0.0691368	0.371287	0	0
0.0691769	0.371287	0	0
0.0692295	0.371287	0	0
0.0694133	0.371287	0	0
0.0694506	0.371287	0	0
0.0695015	0.371287	0	0
0.0695373	0.371287	0	0
0.0695885	0.371287	0	0
0.0702196	0.371287	0	0
0.070321	0.371287	0	0
0.0703391	0.371287	0	0
0.0704488	0.371287	0	0
0.0706047	0.371287	0	0
0.0706753	0.371287	0	0
0.0706948	0.371287	0	0
0.0707017	0.371287	0	0
0.0708896	0.371287	0	0
0.0710375	0.371287	0	0
0.0710512	0.371287	0	0
0.0711578	0.371287	0	0
0.0711627	0.371287	0	0
0.0711833	0.371287	0	0
0.0712415	0.371287	0	0
0.0714047	0.371287	0	0
0.0714673	0.371287	0	0
0.0714921	0.371287	0	0
0.0716226	0.371287	0	0
0.07168	0.371287	0	0
0.0718616	0.371287	0	0
0.0719207	0.371287	0	0
0.0720013	0.371287	0	0
0.0720307	0.371287	0	0
0.0721359	0.371287	0	0
0.0721948	0.371287	0	0
0.0722091	0.371287	0	0
0.0724946	0.371287	0	0
0.0724953	0.371287	0	0
0.0726076	0.371287	0	0
0.0727772	0.371287	0	0
0.0728984	0.371287	0	0
0.073129	0.371287	0	0
0.0732636	0.371287	0	0
0.073326	0.371287	0	0
0.0733603	0.371287	0	0
0.0736813	0.371287	0	0
0.0737386	0.371287	0	0
0.0738106	0.371287	0	0
0.074095	0.371287	0	0
0.0742062	0.371287	0	0
0.0742881	0.371287	0	0
0.0742949	0.371287	0	0
0.07435	0.371287	0	0
0.0747265	0.371287	0	0
0.0747378	0.371287	0	0
0.0747977	0.371287	0	0
0.0748003	0.371287	0	0
0.075002	0.371287	0	0
0.0750646	0.371287	0	0
0.0750878	0.371287	0	0
0.0751244	0.371287	0	0
0.0751979	0.371287	0	0
0.075479	0.371287	0	0
0.0754839	0.371287	0	0
0.0755835	0.371287	0	0
0.0755953	0.371287	0	0
0.0756495	0.371287	0	0
0.0757544	0.371287	0	0
0.0757683	0.371287	0	0
0.0759053	0.371287	0	0
0.0760294	0.371287	0	0
0.076034	0.371287	0	0
0.076038	0.371287	0	0
0.0760769	0.371287	0	0
0.0761778	0.371287	0	0
0.0761863	0.371287	0	0
0.0762445	0.371287	0	0
0.0764072	0.371287	0	0
0.0766875	0.371287	0	0
0.0767358	0.371287	0	0
0.0768053	0.371287	0	0
0.0769415	0.371287	0	0
0.0769724	0.371287	0	0
0.0769766	0.371287	0.165017	0
0.0769954	0.371287	0.165017	0
0.0770231	0.371287	0.165017	0
0.0771488	0.371287	0.165017	0
0.077286	0.371287	0.165017	0
0.0773899	0.371287	0.165017	0
0.0774312	0.371287	0.165017	0
0.0774325	0.371287	0.165017	0
0.077462	0.371287	0.165017	0
0.0776688	0.371287	0.165017	0
0.077709	0.371287	0.165017	0
0.0778039	0.371287	0.165017	0
0.0781574	0.371287	0.165017	0
0.078242	0.371287	0.165017	0
0.078317	0.453795	0.0825083	0
0.0792393	0.453795	0.0825083	0
0.0793219	0.536304	0	0
0.0795807	0.536304	0	0
0.0800007	0.536304	0	0
0.0801097	0.536304	0	0
0.0801281	0.536304	0	0
0.0801432	0.536304	0	0
0.0802143	0.536304	0	0
0.0802156	0.536304	0	0
0.0803088	0.536304	0	0
0.0803626	0.536304	0	0
0.0804871	0.536304	0	0
0.0805752	0.536304	0	0
0.0806482	0.536304	0	0
0.0806556	0.536304	0	0
0.0807623	0.536304	0	0
0.080916	0.536304	0	0
0.0809657	0.536304	0	0
0.0810067	0.536304	0	0
0.0812799	0.536304	0	0
0.0814592	0.536304	0	0
0.0817103	0.536304	0	0
0.0818798	0.536304	0	0
0.0819114	0.536304	0	0
0.0819738	0.536304	0	0
0.0821387	0.536304	0	0
0.0822535	0.536304	0	0
0.0823187	0.536304	0	0
0.0823302	0.536304	0	0
0.0825777	0.536304	0	0
0.0829748	0.536304	0	0
0.083042	0.536304	0	0
0.0830423	0.536304	0	0
0.0833081	0.536304	0	0
0.08332	0.536304	0	0
0.0834608	0.536304	0	0
0.0835092	0.536304	0	0
0.0837495	0.536304	0	0
0.0837608	0.536304	0	0
0.083869	0.536304	0	0
0.083965	0.536304	0	0
0.0839926	0.536304	0	0
0.0841921	0.536304	0	0
0.0842408	0.536304	0	0
0.0843875	0.536304	0	0
0.0848333	0.536304	0	0
0.0851214	0.536304	0	0
0.0851783	0.536304	0	0
0.085352	0.536304	0	0
0.0853983	0.536304	0	0
0.0854151	0.536304	0	0
0.0857572	0.536304	0.165017	0
0.0870261	0.536304	0.165017	0
0.0872998	0.536304	0.165017	0
0.0874495	0.536304	0.165017	0
0.088667	0.618812	0.0825083	0
0.088906	0.618812	0.0825083	0
0.0902349	0.618812	0.0825083	0
0.116599	0.70132	0	0
0.117241	0.70132	0	0.5
0.120751	0.742574	0.0825083	0.5
0.128312	0.825082	0	0.5
0.130777	0.825082	0	1
0.139441	0.825082	0	1
0.140589	0.825082	0	1.5
0.142569	0.866337	0.0825083	1.5
0.152403	0.948845	0	1.5
0.155779	0.948845	0.165017	1.5
0.155935	0.948845	0.165017	1.5
0.156431	1.03135	0.0825083	1.5
0.156496	1.03135	0.0825083	1.5
0.16823	1.11386	0	1.5
0.168972	1.11386	0.0825083	1.5
0.169295	1.11386	0.0825083	1.5
0.172309	1.19637	0	1.5
0.17359	1.19637	0.0825083	1.5
0.182891	1.27888	0	1.5
0.187141	1.32013	0.0825083	1.5
0.199649	1.40264	0	1.5
0.209565	1.40264	0	1.5
0.21081	1.44389	0.0825083	1.5
0.238547	1.5264	0	1.5
0.239051	1.5264	0.0825083	1.5
0.24288	1.60891	0	1.5
0.243334	1.65016	0.0825083	1.5
0.255159	1.73267	0	1.5
0.260411	1.73267	0	1.5
0.263746	1.73267	0	2
0.265324	1.73267	0.0825083	2
0.26832	1.81518	0	2
0.27719	1.81518	0	2.5
0.277874	1.81518	0.165017	2.5
0.279489	1.89769	0.0825083	2.5
0.280963	1.9802	0	2.5
0.281215	2.02145	0.0825083	2.5
0.282276	2.10396	0	2.5
0.282699	2.14521	0.0825083	2.5
0.294599	2.22772	0	2.5
0.295005	2.22772	0.165017	2.5
0.296667	2.31023	0.0825083	2.5
0.304951	2.39274	0	2.5
0.305465	2.39274	0.165017	2.5
0.305829	2.47525	0.0825083	2.5
0.307954	2.55776	0	2.5
0.309666	2.59901	0.0825083	2.5
0.314018	2.68152	0	2.5
0.316246	2.68152	0.165017	2.5
0.316351	2.76403	0.0825083	2.5
0.316945	2.80528	0.165017	2.5
0.318688	2.88779	0.0825083	2.5
0.322821	2.9703	0	2.5
0.327231	2.9703	0	3
0.327595	3.01155	0.0825083	3
0.327661	3.01155	0.0825083	3.5
0.329475	3.09406	0	3.5
0.338999	3.09406	0	3.5
0.354252	3.09406	0	4
0.365387	3.09406	0.0825083	4
0.375067	3.17657	0	4
0.385454	3.17657	0	4.5
0.396521	3.17657	0	4.5
0.396722	3.21782	0.0825083	4.5
0.403442	3.30033	0	4.5
0.404075	3.30033	0	4.5
0.406668	3.30033	0.0825083	4.5
0.408237	3.30033	0.0825083	5
0.421236	3.38284	0	5
0.424795	3.38284	0.165017	5
0.425352	3.46535	0.0825083	5
0.43086	3.54785	0	5
0.434039	3.58911	0.0825083	5
0.436566	3.67162	0	5
0.440135	3.71287	0.0825083	5
0.450597	3.79538	0	5
0.451152	3.83663	0.0825083	5
0.472309	3.91914	0	5
0.489856	3.91914	0	5.5
0.490849	3.9604	0.0825083	5.5
0.493457	3.9604	0.165017	5.5
0.495312	4.0429	0.0825083	5.5
0.503612	4.12541	0	5.5
0.510037	4.12541	0	6
0.510044	4.12541	0.0825083	6
0.51989	4.20792	0	6
0.535465	4.20792	0	6.5
0.535487	4.20792	0.0825083	6.5
0.535514	4.24918	0.165017	6.5
0.535915	4.33168	0.0825083	6.5
0.559083	4.41419	0	6.5
0.559394	4.45545	0.0825083	6.5
0.580973	4.53795	0	6.5
0.58454	4.53795	0.0825083	6.5
0.597448	4.62046	0	6.5
0.605049	4.62046	0	6.5
0.60837	4.62046	0.165017	6.5
0.61117	4.62046	0.165017	7
0.615294	4.70297	0.0825083	7
0.638317	4.78548	0	7
0.639206	4.82673	0.0825083	7
0.649004	4.90924	0	7
0.664603	4.90924	0	7
0.668069	4.90924	0	7.5
0.672172	4.90924	0.0825083	7.5
0.682829	4.99175	0	7.5
0.683299	4.99175	0.165017	7.5
0.685081	5.07426	0.0825083	7.5
0.691396	5.15677	0	7.5
0.696617	5.15677	0.165017	7.5
0.701602	5.23927	0.0825083	7.5
0.708502	5.32178	0	7.5
0.709416	5.36304	0.0825083	7.5
0.714049	5.36304	0.0825083	8
0.716286	5.44554	0	8
0.718543	5.44554	0.0825083	8
0.730734	5.52805	0	8
0.733516	5.56931	0.0825083	8
0.734128	5.65182	0	8
0.735421	5.65182	0	8
0.738079	5.65182	0	8.5
0.741308	5.65182	0.165017	8.5
0.744798	5.73432	0.0825083	8.5
0.746203	5.81683	0	8.5
0.747715	5.85809	0.0825083	8.5
0.753877	5.94059	0	8.5
0.758215	5.98185	0.0825083	8.5
0.763426	6.06436	0	8.5
0.763646	6.06436	0.165017	8.5
0.764073	6.14686	0.0825083	8.5
0.780921	6.22937	0	8.5
0.780937	6.22937	0.165017	8.5
0.781594	6.31188	0.0825083	8.5
0.792772	6.39439	0	8.5
0.792798	6.39439	0	9
0.793518	6.43564	0.0825083	9
0.805625	6.51815	0	9
0.806624	6.51815	0.165017	9
0.807345	6.55941	0.247525	9
0.807354	6.55941	0.247525	9.5
0.807639	6.64191	0.165017	9.5
0.808035	6.72442	0.0825083	9.5
0.812526	6.80693	0	9.5
0.814946	6.80693	0	10
0.815372	6.80693	0.0825083	10
0.849441	6.88944	0	10
0.850047	6.93069	0.0825083	10
0.859737	7.0132	0	10
0.877608	7.0132	0	10
0.878538	7.0132	0.0825083	10
0.879488	7.0132	0.0825083	10
0.884785	7.09571	0	10
0.88691	7.13696	0.0825083	10
0.907887	7.21947	0	10
0.90793	7.21947	0.165017	10
0.913906	7.30198	0.0825083	10
0.955614	7.38449	0	10
0.957512	7.42574	0.0825083	10
0.962934	7.50825	0	10
0.963868	7.50825	0.0825083	10
0.968257	7.59076	0	10
0.968991	7.59076	0	10
0.970555	7.59076	0.0825083	10
0.988713	7.67327	0	10
1.01044	7.67327	0	10.5
1.01138	7.67327	0	10.5
1.02529	7.67327	0	10.5
1.02537	7.71452	0.0825083	10.5
1.04422	7.79703	0	10.5
1.04874	7.79703	0	11
1.04923	7.83828	0.0825083	11
1.06671	7.92079	0	11
1.06925	7.92079	0.0825083	11
1.07246	8.0033	0	11
1.07263	8.0033	0	11
1.10176	8.0033	0	11.5
1.10221	8.0033	0.0825083	11.5
1.10309	8.08581	0	11.5
1.10395	8.12706	0.0825083	11.5
1.13508	8.20957	0	11.5
1.13676	8.20957	0.0825083	11.5
1.14412	8.20957	0.0825083	12
1.15678	8.29208	0	12
1.1585	8.29208	0.0825083	12
1.16818	8.37459	0	12
1.17166	8.37459	0	12
1.17563	8.41584	0.0825083	12
1.18002	8.49835	0	12
1.18361	8.49835	0.165017	12
1.18581	8.58086	0.0825083	12
1.18903	8.66337	0	12
1.19405	8.66337	0	12.5
1.19493	8.70462	0.0825083	12.5
1.20526	8.78713	0	12.5
1.20551	8.82838	0.0825083	12.5
1.20977	8.91089	0	12.5
1.21543	8.95215	0.0825083	12.5
1.22012	9.03465	0	12.5
1.2203	9.07591	0.0825083	12.5
1.22439	9.15842	0	12.5
1.22462	9.19967	0.0825083	12.5
1.24406	9.28218	0	12.5
1.25008	9.28218	0	13
1.2516	9.32343	0.0825083	13
1.25284	9.40594	0	13
1.26339	9.40594	0	13.5
1.28705	9.40594	0	14
1.28775	9.40594	0	14.5
1.28999	9.40594	0.165017	14.5
1.29137	9.48845	0.0825083	14.5
1.29443	9.57096	0	14.5
1.3082	9.57096	0	15.5
1.30865	9.61221	0.0825083	15.5
1.33602	9.69472	0	15.5
1.3407	9.73597	0.0825083	15.5
1.35643	9.81848	0	15.5
1.35704	9.85974	0.0825083	15.5
1.35746	9.94224	0	15.5
1.35761	9.94224	0.165017	15.5
1.36854	10.0248	0.0825083	15.5
1.3697	10.0248	0.247525	15.5
1.37027	10.1073	0.165017	15.5
1.37274	10.1898	0.0825083	15.5
1.38047	10.2723	0	15.5
1.38233	10.3135	0.0825083	15.5
1.38734	10.396	0	15.5
1.3922	10.4373	0.0825083	15.5
1.39875	10.5198	0	15.5
1.40098	10.5198	0.165017	15.5
1.40129	10.6023	0.0825083	15.5
1.40413	10.6436	0.165017	15.5
1.40704	10.7261	0.0825083	15.5
1.40855	10.8086	0	15.5
1.41017	10.8086	0.165017	15.5
1.41206	10.8911	0.0825083	15.5
1.42445	10.9736	0	15.5
1.42523	10.9736	0.165017	15.5
1.42655	11.0561	0.0825083	15.5
1.43117	11.1386	0	15.5
1.43694	11.1799	0.0825083	15.5
1.45405	11.2624	0	15.5
1.45821	11.2624	0.0825083	15.5
1.46138	11.3449	0	15.5
1.46528	11.3861	0.0825083	15.5
1.49001	11.4686	0	15.5
1.49003	11.5099	0.0825083	15.5
1.49488	11.5924	0	15.5
1.50835	11.5924	0	15.5
1.50939	11.6337	0.0825083	15.5
1.50995	11.6749	0.165017	15.5
1.51075	11.7574	0.0825083	15.5
1.53089	11.8399	0	15.5
1.53108	11.8399	0.165017	15.5
1.53137	11.8399	0.165017	15.5
1.53302	11.9224	0.0825083	15.5
1.53318	12.005	0	15.5
1.53361	12.0462	0.0825083	15.5
1.54401	12.1287	0	15.5
1.54995	12.17	0.0825083	15.5
1.55876	12.2525	0	15.5
1.55924	12.2525	0.165017	15.5
1.56074	12.2525	0.330033	15.5
1.56076	12.335	0.247525	15.5
1.56093	12.4175	0.165017	15.5
1.56228	12.5	0.0825083	15.5
1.56795	12.5825	0	15.5
1.57504	12.5825	0	16.5
1.58233	12.5825	0	16.5
1.58648	12.6238	0.0825083	16.5
1.61454	12.7063	0	16.5
1.61525	12.7063	0.0825083	16.5
1.62609	12.7888	0	16.5
1.62953	12.83	0.0825083	16.5
1.63547	12.9125	0	16.5
1.63624	12.9538	0.0825083	16.5
1.65167	13.0363	0	16.5
1.65293	13.0776	0.0825083	16.5
1.66026	13.1601	0	16.5
1.6616	13.1601	0.165017	16.5
1.66172	13.2426	0.0825083	16.5
1.66645	13.3251	0	16.5
1.66847	13.3663	0.0825083	16.5
1.68397	13.4488	0	16.5
1.68646	13.4901	0.0825083	16.5
1.70732	13.5726	0	16.5
1.71504	13.6139	0.0825083	16.5
1.71622	13.6964	0	16.5
1.73655	13.6964	0	16.5
1.73668	13.7376	0.0825083	16.5
1.74327	13.8201	0	16.5
1.74515	13.8201	0.165017	16.5
1.74757	13.9026	0.0825083	16.5
1.84484	13.9851	0	16.5
1.84529	14.0264	0.0825083	16.5
1.88175	14.1089	0	16.5
1.8852	14.1089	0	17
1.89098	14.1502	0.0825083	17
1.91286	14.2327	0	17
1.91556	14.2327	0.0825083	17
1.93705	14.3152	0	17
1.94259	14.3152	0	17
1.94928	14.3152	0.0825083	17
1.9495	14.3152	0.165017	17
1.94972	14.3564	0.247525	17
1.95026	14.4389	0.165017	17
1.9688	14.5215	0.0825083	17
1.97323	14.5215	0.165017	17
1.9737	14.5215	0.165017	17.5
1.97631	14.5627	0.247525	17.5
1.97714	14.6452	0.165017	17.5
1.97976	14.6865	0.247525	17.5
1.98035	14.769	0.165017	17.5
2.00456	14.8515	0.0825083	17.5
2.0056	14.8927	0.165017	17.5
2.00571	14.934	0.247525	17.5
2.00605	15.0165	0.165017	17.5
2.04867	15.099	0.0825083	17.5
2.05744	15.1815	0	17.5
2.06089	15.2228	0.0825083	17.5
2.08323	15.3053	0	17.5
2.0875	15.3465	0.0825083	17.5
2.09856	15.429	0	17.5
2.09964	15.4703	0.0825083	17.5
2.12254	15.5528	0	17.5
2.12456	15.5941	0.0825083	17.5
2.12611	15.5941	0.0825083	18
2.14934	15.6766	0	18
2.16634	15.6766	0	18.5
2.16729	15.6766	0	19
2.16815	15.6766	0.165017	19
2.16829	15.7591	0.0825083	19
2.1834	15.8416	0	19
2.18461	15.8416	0.165017	19
2.18545	15.8416	0.165017	19
2.18566	15.9241	0.0825083	19
2.18721	16.0066	0	19
2.18782	16.0479	0.0825083	19
2.21935	16.1304	0	19
2.22623	16.1304	0	19.5
2.22819	16.1716	0.0825083	19.5
2.23564	16.2541	0	19.5
2.23624	16.2541	0.165017	19.5
2.23814	16.3366	0.0825083	19.5
2.23933	16.4191	0	19.5
2.24899	16.4191	0.0825083	19.5
2.25125	16.4604	0.165017	19.5
2.25168	16.5429	0.0825083	19.5
2.2639	16.6254	0	19.5
2.26459	16.6667	0.0825083	19.5
2.26524	16.7492	0	19.5
2.26526	16.7904	0.0825083	19.5
2.26566	16.8729	0	19.5
2.2667	16.8729	0.165017	19.5
2.26671	16.9554	0.0825083	19.5
2.27259	17.038	0	19.5
2.27924	17.038	0	19.5
2.28029	17.0792	0.0825083	19.5
2.28615	17.1617	0	19.5
2.28762	17.1617	0.165017	19.5
2.28972	17.2442	0.0825083	19.5
2.31768	17.3267	0	19.5
2.31801	17.368	0.0825083	19.5
2.31854	17.368	0.0825083	19.5
2.32383	17.4505	0	19.5
2.32389	17.4917	0.0825083	19.5
2.3282	17.533	0.165017	19.5
2.32823	17.6155	0.0825083	19.5
2.32838	17.6568	0.165017	19.5
2.3306	17.7393	0.0825083	19.5
2.33609	17.8218	0	19.5
2.35408	17.8218	0	19.5
2.35534	17.8218	0.0825083	19.5
2.3659	17.9043	0	19.5
2.37082	17.9455	0.0825083	19.5
2.38124	18.0281	0	19.5
2.38153	18.0693	0.0825083	19.5
2.3866	18.1518	0	19.5
2.38758	18.1518	0.165017	19.5
2.38786	18.2343	0.0825083	19.5
2.40106	18.3168	0	19.5
2.40812	18.3581	0.0825083	19.5
2.4129	18.4406	0	19.5
2.41755	18.4818	0.0825083	19.5
2.42217	18.5644	0	19.5
2.45063	18.5644	0	20
2.45087	18.6056	0.0825083	20
2.45479	18.6881	0	20
2.55449	18.6881	0	20.5
2.55619	18.7294	0.0825083	20.5
2.56523	18.8119	0	20.5
2.56878	18.8531	0.0825083	20.5
2.58234	18.9356	0	20.5
2.5838	18.9356	0	21
2.58445	18.9769	0.0825083	21
2.59077	19.0594	0	21
2.59526	19.0594	0	21
2.63271	19.0594	0	21.5
2.63475	19.1007	0.0825083	21.5
2.63599	19.1832	0	21.5
2.67033	19.1832	0	22
2.67681	19.2244	0.0825083	22
2.68394	19.3069	0	22
2.6844	19.3482	0.0825083	22
2.70428	19.4307	0	22
2.7065	19.4719	0.0825083	22
2.72853	19.5545	0	22
2.73028	19.5957	0.0825083	22
2.75974	19.6782	0	22
2.76272	19.7195	0.0825083	22
2.76288	19.7195	0.247525	22
2.76367	19.802	0.165017	22
2.7797	19.8845	0.0825083	22
2.77999	19.8845	0.247525	22
2.78065	19.967	0.165017	22
2.79643	20.0495	0.0825083	22
2.79643	20.0908	0.165017	22
2.79734	20.1733	0.0825083	22
2.80209	20.1733	0.165017	22
2.81417	20.2558	0.0825083	22
2.81626	20.2558	0.165017	22
2.81716	20.3383	0.0825083	22
2.81822	20.3795	0.165017	22
2.82359	20.462	0.0825083	22
2.82362	20.462	0.247525	22
2.82384	20.462	0.247525	22.5
2.82391	20.5446	0.165017	22.5
2.82848	20.5446	0.165017	23
2.8302	20.6271	0.0825083	23
2.83266	20.6683	0.165017	23
2.83702	20.7508	0.0825083	23
2.87298	20.8333	0	23
2.88583	20.8333	0	23.5
2.88629	20.8333	0.165017	23.5
2.88648	20.8746	0.247525	23.5
2.88677	20.9158	0.330033	23.5
2.88705	20.9984	0.247525	23.5
2.88799	21.0809	0.165017	23.5
2.88814	21.1634	0.0825083	23.5
2.88884	21.2046	0.165017	23.5
2.89109	21.2871	0.0825083	23.5
2.89314	21.2871	0.0825083	24
2.90144	21.3696	0	24
2.90213	21.4109	0.0825083	24
2.92675	21.4934	0	24
2.94633	21.4934	0	24.5
2.95057	21.4934	0.0825083	24.5
2.95554	21.5759	0	24.5
2.95594	21.5759	0.165017	24.5
2.95624	21.6584	0.0825083	24.5
2.97621	21.7409	0	24.5
2.97699	21.7409	0.165017	24.5
2.98075	21.8234	0.0825083	24.5
3.00595	21.9059	0	24.5
3.00662	21.9472	0.0825083	24.5
3.0098	22.0297	0	24.5
3.02038	22.0297	0	24.5
3.0205	22.0297	0.165017	24.5
3.02108	22.1122	0.0825083	24.5
3.02197	22.1947	0	24.5
3.02681	22.236	0.0825083	24.5
3.04228	22.3185	0	24.5
3.0423	22.3185	0.165017	24.5
3.04258	22.401	0.0825083	24.5
3.08104	22.4835	0	24.5
3.08233	22.5248	0.0825083	24.5
3.0876	22.6073	0	24.5
3.09153	22.6485	0.0825083	24.5
3.10134	22.731	0	24.5
3.10248	22.731	0.165017	24.5
3.10403	22.8135	0.0825083	24.5
3.11319	22.896	0	24.5
3.11376	22.9373	0.0825083	24.5
3.16814	23.0198	0	24.5
3.16829	23.0198	0	25
3.16866	23.0611	0.0825083	25
3.21594	23.1436	0	25
3.23974	23.1436	0	25.5
3.24028	23.1848	0.0825083	25.5
3.26618	23.2673	0	25.5
3.27094	23.2673	0	26.5
3.27572	23.2673	0	27
3.27576	23.2673	0	28
3.27949	23.2673	0	28.5
3.2856	23.2673	0	29
3.29074	23.3086	0.0825083	29
3.3115	23.3911	0	29
3.32354	23.3911	0	30
3.32687	23.4323	0.0825083	30
3.36498	23.5149	0	30
3.36635	23.5561	0.0825083	30
3.37468	23.6386	0	30
3.37537	23.6386	0.165017	30
3.37593	23.7211	0.0825083	30
3.38757	23.8036	0	30
3.38958	23.8036	0.0825083	30
3.39324	23.8861	0	30
3.39803	23.9274	0.0825083	30
3.39964	24.0099	0	30
3.40472	24.0099	0	31
3.4049	24.0512	0.0825083	31
3.40652	24.0512	0.165017	31
3.40816	24.1337	0.0825083	31
3.42248	24.2162	0	31
3.42295	24.2574	0.0825083	31
3.42832	24.3399	0	31
3.44369	24.3399	0	31.5
3.44831	24.3399	0.165017	31.5
3.44839	24.4224	0.0825083	31.5
3.4485	24.4224	0.247525	31.5
3.44933	24.4224	0.412541	31.5
3.45045	24.5049	0.330033	31.5
3.45132	24.5875	0.247525	31.5
3.45164	24.67	0.165017	31.5
3.45206	24.7525	0.0825083	31.5
3.45654	24.835	0	31.5
3.45923	24.8762	0.0825083	31.5
3.45977	24.8762	0.0825083	32
3.47032	24.9587	0	32
3.47451	25	0.0825083	32
3.49157	25.0825	0	32
3.4917	25.0825	0.0825083	32
3.51456	25.165	0	32
3.51459	25.165	0.165017	32
3.51539	25.2475	0.0825083	32
3.52991	25.33	0	32
3.53014	25.3713	0.0825083	32
3.55712	25.4538	0	32
3.5583	25.4538	0	32.5
3.55917	25.4951	0.0825083	32.5
3.5603	25.5776	0	32.5
3.56323	25.6188	0.0825083	32.5
3.57467	25.7013	0	32.5
3.57478	25.7426	0.0825083	32.5
3.5825	25.8251	0	32.5
3.58554	25.8663	0.0825083	32.5
3.58787	25.9488	0	32.5
3.58984	25.9901	0.0825083	32.5
3.59379	26.0726	0	32.5
3.59618	26.1139	0.0825083	32.5
3.62588	26.1964	0	32.5
3.62742	26.2376	0.0825083	32.5
3.63356	26.3201	0	32.5
3.63443	26.3614	0.0825083	32.5
3.64715	26.4439	0	32.5
3.64839	26.4851	0.0825083	32.5
3.65153	26.5677	0	32.5
3.65895	26.5677	0	32.5
3.66127	26.6089	0.0825083	32.5
3.66162	26.6089	0.0825083	33
3.67117	26.6914	0	33
3.67316	26.6914	0.165017	33
3.67367	26.7739	0.0825083	33
3.67917	26.8564	0	33
3.67936	26.8564	0.165017	33
3.67974	26.9389	0.0825083	33
3.68965	27.0215	0	33
3.69056	27.0215	0.0825083	33
3.69337	27.104	0	33
3.69415	27.104	0.165017	33
3.69779	27.1865	0.0825083	33
3.71215	27.269	0	33
3.71459	27.3102	0.0825083	33
3.72349	27.3927	0	33
3.72408	27.3927	0.0825083	33
3.72807	27.4752	0	33
3.73732	27.4752	0	33.5
3.74563	27.4752	0	34
3.74708	27.5165	0.0825083	34
3.76664	27.599	0	34
3.77142	27.599	0.165017	34
3.77414	27.599	0.165017	34.5
3.77682	27.6815	0.0825083	34.5
3.78256	27.764	0	34.5
3.78292	27.8053	0.0825083	34.5
3.79239	27.8878	0	34.5
3.80692	27.8878	0	35
3.83091	27.8878	0	35.5
3.83094	27.929	0.0825083	35.5
3.83753	28.0116	0	35.5
3.83756	28.0116	0.165017	35.5
3.84176	28.0941	0.0825083	35.5
3.87641	28.1766	0	35.5
3.87668	28.2178	0.0825083	35.5
3.87729	28.2591	0.165017	35.5
3.87941	28.3416	0.0825083	35.5
3.90855	28.4241	0	35.5
3.90894	28.4653	0.0825083	35.5
3.93923	28.5479	0	35.5
3.94086	28.5891	0.0825083	35.5
3.98402	28.6716	0	35.5
3.98484	28.7129	0.0825083	35.5
4.00724	28.7954	0	35.5
4.00772	28.7954	0.165017	35.5
4.00802	28.8779	0.0825083	35.5
4.01248	28.9604	0	35.5
4.01373	28.9604	0.0825083	35.5
4.05397	29.0429	0	35.5
4.05408	29.0429	0.0825083	35.5
4.05854	29.1254	0	35.5
4.05915	29.1667	0.0825083	35.5
4.09627	29.2492	0	35.5
4.09847	29.2492	0.0825083	35.5
4.10962	29.3317	0	35.5
4.11261	29.3729	0.0825083	35.5
4.12045	29.4554	0	35.5
4.12429	29.4967	0.0825083	35.5
4.12458	29.5792	0	35.5
4.12481	29.5792	0	35.5
4.12981	29.5792	0	35.5
4.13028	29.5792	0.165017	35.5
4.13102	29.6617	0.0825083	35.5
4.14348	29.7442	0	35.5
4.14452	29.7855	0.0825083	35.5
4.14692	29.868	0	35.5
4.14997	29.868	0.0825083	35.5
4.17604	29.9505	0	35.5
4.17916	29.9917	0.0825083	35.5
4.1849	30.0743	0	35.5
4.18635	30.0743	0.165017	35.5
4.18802	30.1568	0.0825083	35.5
4.22145	30.2393	0	35.5
4.22313	30.2805	0.0825083	35.5
4.22904	30.363	0	35.5
4.22906	30.363	0.165017	35.5
4.23067	30.4455	0.0825083	35.5
4.24923	30.5281	0	35.5
4.24957	30.5693	0.0825083	35.5
4.28352	30.6518	0	35.5
4.29547	30.6518	0	36
4.2957	30.6518	0.165017	36
4.2969	30.7343	0.0825083	36
4.30156	30.8168	0	36
4.30878	30.8168	0	36.5
4.30971	30.8581	0.0825083	36.5
4.33496	30.9406	0	36.5
4.33501	30.9406	0.165017	36.5
4.3354	31.0231	0.0825083	36.5
4.33779	31.1056	0	36.5
4.34069	31.1469	0.0825083	36.5
4.34251	31.2294	0	36.5
4.34305	31.2294	0.165017	36.5
4.3472	31.3119	0.0825083	36.5
4.3483	31.3944	0	36.5
4.34914	31.3944	0.165017	36.5
4.3503	31.4769	0.0825083	36.5
4.35391	31.5594	0	36.5
4.35441	31.5594	0.165017	36.5
4.35637	31.6419	0.0825083	36.5
4.35698	31.6832	0.165017	36.5
4.36419	31.7657	0.0825083	36.5
4.36523	31.8482	0	36.5
4.39539	31.8482	0	37
4.39637	31.8894	0.0825083	37
4.39781	31.9719	0	37
4.40254	31.9719	0.0825083	37
4.40987	32.0545	0	37
4.41116	32.0545	0.165017	37
4.41673	32.137	0.0825083	37
4.4222	32.2195	0	37
4.42261	32.2607	0.0825083	37
4.46547	32.3432	0	37
4.47074	32.3845	0.0825083	37
4.49214	32.467	0	37
4.49316	32.5083	0.0825083	37
4.49986	32.5908	0	37
4.50418	32.5908	0	37.5
4.50519	32.5908	0.165017	37.5
4.5064	32.6733	0.0825083	37.5
4.50979	32.7558	0	37.5
4.51345	32.797	0.0825083	37.5
4.51923	32.8795	0	37.5
4.52038	32.9208	0.0825083	37.5
4.5235	33.0033	0	37.5
4.52428	33.0446	0.0825083	37.5
4.52489	33.1271	0	37.5
4.525	33.1683	0.0825083	37.5
4.56657	33.2508	0	37.5
4.61935	33.2508	0	38
4.62751	33.2921	0.0825083	38
4.63155	33.2921	0.0825083	39
4.63877	33.3746	0	39
4.6403	33.3746	0.165017	39
4.64371	33.4571	0.0825083	39
4.67641	33.5396	0	39
4.6817	33.5809	0.0825083	39
4.68545	33.6634	0	39
4.6892	33.7046	0.0825083	39
4.70354	33.7871	0	39
4.73285	33.7871	0	39.5
4.75429	33.7871	0	40.5
4.75581	33.7871	0.165017	40.5
4.75604	33.8696	0.0825083	40.5
4.80645	33.9521	0	40.5
4.80718	33.9521	0.165017	40.5
4.80761	34.0347	0.0825083	40.5
4.81938	34.1172	0	40.5
4.82009	34.1172	0	41
4.82165	34.1172	0.165017	41
4.82174	34.1997	0.0825083	41
4.82206	34.2409	0.165017	41
4.82333	34.3234	0.0825083	41
4.83084	34.4059	0	41
4.83558	34.4472	0.0825083	41
4.84827	34.5297	0	41
4.84955	34.5297	0	41.5
4.85589	34.5297	0	42
4.8612	34.571	0.0825083	42
4.86152	34.6535	0	42
4.86243	34.6535	0.0825083	42
4.86732	34.736	0	42
4.87112	34.7772	0.0825083	42
4.87277	34.8597	0	42
4.87292	34.8597	0.165017	42
4.8736	34.9422	0.0825083	42
4.89329	35.0248	0	42
4.89355	35.066	0.0825083	42
4.89405	35.066	0.247525	42
4.89529	35.1485	0.165017	42
4.89843	35.231	0.0825083	42
4.89971	35.2723	0.165017	42
4.9002	35.3548	0.0825083	42
4.92904	35.4373	0	42
4.92955	35.4373	0.0825083	42
4.93938	35.5198	0	42
4.941	35.5198	0.0825083	42
4.9413	35.5611	0.165017	42
4.94464	35.6436	0.0825083	42
5.00465	35.7261	0	42
5.0055	35.7673	0.0825083	42
5.01165	35.7673	0.0825083	43
5.01231	35.8498	0	43
5.01383	35.8911	0.0825083	43
5.03314	35.9736	0	43
5.03329	35.9736	0.165017	43
5.03994	36.0561	0.0825083	43
5.04609	36.1386	0	43
5.04697	36.1386	0.165017	43
5.05129	36.2211	0.0825083	43
5.05528	36.3036	0	43
5.06296	36.3449	0.0825083	43
5.10021	36.4274	0	43
5.10218	36.4686	0.0825083	43
5.12746	36.5512	0	43
5.16849	36.5512	0	43
5.17125	36.5924	0.0825083	43
5.21115	36.6749	0	43
5.21509	36.7162	0.0825083	43
5.24074	36.7987	0	43
5.24108	36.8399	0.0825083	43
5.25734	36.9224	0	43
5.25856	36.9224	0.165017	43
5.26056	36.9637	0.247525	43
5.26258	37.0462	0.165017	43
5.26346	37.1287	0.0825083	43
5.26934	37.2112	0	43
5.27127	37.2525	0.0825083	43
5.29455	37.335	0	43
5.29529	37.3762	0.0825083	43
5.32144	37.4587	0	43
5.32178	37.5	0.0825083	43
5.32387	37.5825	0	43
5.32429	37.5825	0.0825083	43
5.33921	37.665	0	43
5.33966	37.7063	0.0825083	43
5.42082	37.7888	0	43
5.423	37.83	0.0825083	43
5.42805	37.9125	0	43
5.43205	37.9125	0.165017	43
5.4332	37.995	0.0825083	43
5.46302	38.0776	0	43
5.46384	38.1188	0.0825083	43
5.48287	38.2013	0	43
5.48413	38.2013	0	43.5
5.48806	38.2426	0.0825083	43.5
5.49516	38.3251	0	43.5
5.4988	38.3251	0	44
5.50051	38.3251	0.165017	44
5.50163	38.4076	0.0825083	44
5.50397	38.4901	0	44
5.51648	38.4901	0	44.5
5.52077	38.5314	0.0825083	44.5
5.52806	38.6139	0	44.5
5.5318	38.6551	0.0825083	44.5
5.54242	38.7376	0	44.5
5.54456	38.7789	0.0825083	44.5
5.54492	38.8614	0	44.5
5.55754	38.8614	0	45
5.55799	38.9026	0.0825083	45
5.5643	38.9851	0	45
5.62653	38.9851	0	46
5.62811	39.0264	0.0825083	46
5.64095	39.1089	0	46
5.64167	39.1089	0.165017	46
5.64551	39.1914	0.0825083	46
5.66778	39.2739	0	46
5.67109	39.2739	0.165017	46
5.67422	39.3564	0.0825083	46
5.67505	39.3564	0.0825083	46.5
5.67732	39.3977	0.165017	46.5
5.67983	39.4802	0.0825083	46.5
5.75168	39.5627	0	46.5
5.7541	39.604	0.0825083	46.5
5.77602	39.6865	0	46.5
5.7763	39.6865	0.165017	46.5
5.77788	39.769	0.0825083	46.5
5.78422	39.8515	0	46.5
5.81562	39.8515	0	47
5.8158	39.8515	0.165017	47
5.8178	39.934	0.0825083	47
5.83674	40.0165	0	47
5.8673	40.0165	0	47.5
5.87563	40.0165	0	48
5.87949	40.0165	0.165017	48
5.88002	40.099	0.0825083	48
5.88161	40.099	0.247525	48
5.88285	40.1815	0.165017	48
5.88416	40.264	0.0825083	48
5.88453	40.3465	0	48
5.88512	40.3878	0.0825083	48
5.88602	40.4703	0	48
5.88656	40.4703	0.0825083	48
5.92291	40.5528	0	48
5.92497	40.5941	0.0825083	48
5.93596	40.6766	0	48
5.93832	40.7178	0.0825083	48
5.9601	40.8003	0	48
5.96111	40.8416	0.0825083	48
5.9934	40.9241	0	48
5.99811	40.9653	0.0825083	48
5.99997	41.0479	0	48
6.00005	41.0479	0.165017	48
6.00386	41.1304	0.0825083	48
6.03641	41.2129	0	48
6.03907	41.2541	0.0825083	48
6.04638	41.3366	0	48
6.05808	41.3366	0	49
6.05856	41.3779	0.0825083	49
6.09014	41.4604	0	49
6.09434	41.5017	0.0825083	49
6.09462	41.5017	0.0825083	49.5
6.09501	41.5842	0	49.5
6.0966	41.6254	0.0825083	49.5
6.10492	41.7079	0	49.5
6.10534	41.7079	0.0825083	49.5
6.10591	41.7079	0.165017	49.5
6.10619	41.7904	0.0825083	49.5
6.11276	41.8729	0	49.5
6.11515	41.9142	0.0825083	49.5
6.14727	41.9967	0	49.5
6.14985	42.038	0.0825083	49.5
6.15818	42.1205	0	49.5
6.1628	42.1205	0	50.5
6.16602	42.1205	0.165017	50.5
6.1693	42.203	0.0825083	50.5
6.17335	42.2855	0	50.5
6.17339	42.2855	0.0825083	50.5
6.19881	42.368	0	50.5
6.25132	42.368	0	51
6.25802	42.4092	0.0825083	51
6.27177	42.4917	0	51
6.31526	42.4917	0	51.5
6.31795	42.533	0.0825083	51.5
6.32028	42.533	0.0825083	52
6.32162	42.6155	0	52
6.32279	42.6568	0.0825083	52
6.32956	42.7393	0	52
6.33047	42.7805	0.0825083	52
6.3388	42.863	0	52
6.35094	42.863	0	52.5
6.35199	42.863	0.165017	52.5
6.35843	42.9455	0.0825083	52.5
6.35843	42.9868	0.165017	52.5
6.36234	43.0693	0.0825083	52.5
6.36281	43.1106	0.165017	52.5
6.36603	43.1931	0.0825083	52.5
6.40851	43.2756	0	52.5
6.43783	43.2756	0	53.5
6.43942	43.2756	0.0825083	53.5
6.46979	43.3581	0	53.5
6.47811	43.3993	0.0825083	53.5
6.48443	43.4818	0	53.5
6.48454	43.4818	0.0825083	53.5
6.49249	43.5644	0	53.5
6.49436	43.6056	0.0825083	53.5
6.499	43.6881	0	53.5
6.50058	43.7294	0.0825083	53.5
6.50725	43.8119	0	53.5
6.50813	43.8531	0.0825083	53.5
6.5446	43.9356	0	53.5
6.55	43.9356	0	54
6.55119	43.9769	0.0825083	54
6.56775	44.0594	0	54
6.56968	44.0594	0.165017	54
6.57577	44.1419	0.0825083	54
6.58386	44.2244	0	54
6.58856	44.2244	0	54.5
6.5905	44.2657	0.0825083	54.5
6.59654	44.3482	0	54.5
6.59719	44.3482	0.0825083	54.5
6.63084	44.4307	0	54.5
6.63278	44.4307	0.165017	54.5
6.63642	44.5132	0.0825083	54.5
6.65171	44.5957	0	54.5
6.65353	44.637	0.0825083	54.5
6.65899	44.7195	0	54.5
6.66512	44.7195	0	55.5
6.66912	44.7607	0.0825083	55.5
6.66956	44.802	0.165017	55.5
6.66958	44.8845	0.0825083	55.5
6.68939	44.967	0	55.5
6.69055	45.0083	0.0825083	55.5
6.69903	45.0908	0	55.5
6.70254	45.132	0.0825083	55.5
6.74226	45.2145	0	55.5
6.74391	45.2145	0.0825083	55.5
6.75518	45.297	0	55.5
6.78851	45.297	0	56.5
6.79028	45.297	0	57
6.79327	45.297	0.165017	57
6.79535	45.3795	0.0825083	57
6.79631	45.4208	0.165017	57
6.79675	45.5033	0.0825083	57
6.79814	45.5033	0.0825083	58
6.8021	45.5858	0	58
6.80996	45.5858	0.0825083	58
6.81728	45.6683	0	58
6.81876	45.7096	0.0825083	58
6.85094	45.7921	0	58
6.85228	45.8333	0.0825083	58
6.85296	45.9158	0	58
6.85621	45.9571	0.0825083	58
6.90385	46.0396	0	58
6.90659	46.0809	0.0825083	58
6.93097	46.1634	0	58
6.93544	46.1634	0.0825083	58
6.95052	46.2459	0	58
6.95284	46.2871	0.0825083	58
7.002	46.3696	0	58
7.00638	46.4109	0.0825083	58
7.01146	46.4934	0	58
7.01159	46.5347	0.0825083	58
7.05602	46.6172	0	58
7.07466	46.6172	0	58.5
7.07488	46.6584	0.0825083	58.5
7.10386	46.7409	0	58.5
7.10569	46.7822	0.0825083	58.5
7.10574	46.8234	0.165017	58.5
7.10657	46.9059	0.0825083	58.5
7.19162	46.9884	0	58.5
7.19436	46.9884	0.165017	58.5
7.20344	47.071	0.0825083	58.5
7.20697	47.1535	0	58.5
7.20898	47.1535	0.165017	58.5
7.21242	47.236	0.0825083	58.5
7.21876	47.3185	0	58.5
7.22283	47.3597	0.0825083	58.5
7.22696	47.4422	0	58.5
7.25027	47.4422	0	59
7.25095	47.4835	0.0825083	59
7.26036	47.566	0	59
7.26141	47.6073	0.0825083	59
7.27392	47.6898	0	59
7.29681	47.6898	0.0825083	59
7.30114	47.731	0.165017	59
7.32394	47.8135	0.0825083	59
7.34291	47.8135	0.0825083	60
7.46714	47.8135	0.0825083	60.5
7.46726	47.8135	0.165017	60.5
7.50368	47.896	0.0825083	60.5
7.50578	47.896	0.165017	60.5
7.51894	47.9785	0.0825083	60.5
7.52008	48.0198	0.165017	60.5
7.58613	48.1023	0.0825083	60.5
7.58741	48.1023	0.247525	60.5
7.58832	48.1848	0.165017	60.5
7.6081	48.2673	0.0825083	60.5
7.61723	48.2673	0.0825083	61
7.61771	48.3086	0.165017	61
7.62038	48.3911	0.0825083	61
7.63246	48.3911	0.0825083	61.5
7.63403	48.3911	0.247525	61.5
7.63814	48.4736	0.165017	61.5
7.65928	48.5561	0.0825083	61.5
7.66354	48.5974	0.165017	61.5
7.67539	48.6799	0.0825083	61.5
7.69398	48.6799	0.0825083	62.5
7.69799	48.7211	0.165017	62.5
7.72878	48.8036	0.0825083	62.5
7.73377	48.8449	0.165017	62.5
7.75778	48.9274	0.0825083	62.5
7.76066	48.9686	0.165017	62.5
7.78222	49.0512	0.0825083	62.5
7.78382	49.0924	0.165017	62.5
7.7865	49.1749	0.0825083	62.5
7.79107	49.1749	0.247525	62.5
7.7911	49.2574	0.165017	62.5
7.7913	49.2574	0.330033	62.5
7.79386	49.3399	0.247525	62.5
7.79753	49.4224	0.165017	62.5
7.82922	49.505	0.0825083	62.5
7.83489	49.5462	0.165017	62.5
7.83652	49.5462	0.165017	63.5
7.87178	49.6287	0.0825083	63.5
7.87264	49.67	0.165017	63.5
7.92061	49.7525	0.0825083	63.5
7.93626	49.7525	0.0825083	64.5
7.93644	49.7525	0.247525	64.5
7.94009	49.835	0.165017	64.5
7.95554	49.9175	0.0825083	64.5
7.95711	49.9587	0.165017	64.5
7.97922	50.0413	0.0825083	64.5
7.98225	50.0825	0.165017	64.5
8.01202	50.165	0.0825083	64.5
8.01478	50.2063	0.165017	64.5
8.03423	50.2888	0.0825083	64.5
8.03789	50.33	0.165017	64.5
8.05086	50.4125	0.0825083	64.5
8.05152	50.4125	0.165017	64.5
8.07847	50.495	0.0825083	64.5
8.08082	50.495	0.165017	64.5
8.08876	50.5776	0.0825083	64.5
8.09156	50.6188	0.165017	64.5
8.10095	50.7013	0.0825083	64.5
8.10117	50.7013	0.247525	64.5
8.1017	50.7838	0.165017	64.5
8.10268	50.8663	0.0825083	64.5
8.10501	50.9076	0.165017	64.5
8.10872	50.9901	0.0825083	64.5
8.10916	51.0314	0.165017	64.5
8.12875	51.1139	0.0825083	64.5
8.12952	51.1139	0.247525	64.5
8.13068	51.1964	0.165017	64.5
8.14132	51.2789	0.0825083	64.5
8.14163	51.2789	0.165017	64.5
8.19726	51.3614	0.0825083	64.5
8.19901	51.3614	0.247525	64.5
8.20516	51.4439	0.165017	64.5
8.20762	51.4439	0.165017	65.5
8.20884	51.4851	0.247525	65.5
8.21	51.5677	0.165017	65.5
8.24489	51.6502	0.0825083	65.5
8.24586	51.6914	0.165017	65.5
8.24659	51.7739	0.0825083	65.5
8.25389	51.8152	0.165017	65.5
8.25492	51.8152	0.330033	65.5
8.25651	51.8977	0.247525	65.5
8.25738	51.9802	0.165017	65.5
8.25772	51.9802	0.247525	65.5
8.25938	52.0627	0.165017	65.5
8.30173	52.1452	0.0825083	65.5
8.30221	52.1452	0.247525	65.5
8.30253	52.2277	0.165017	65.5
8.32442	52.3102	0.0825083	65.5
8.32447	52.3515	0.165017	65.5
8.3555	52.434	0.0825083	65.5
8.35609	52.4752	0.165017	65.5
8.35767	52.5578	0.0825083	65.5
8.35897	52.599	0.165017	65.5
8.36176	52.6815	0.0825083	65.5
8.41898	52.6815	0.0825083	66.5
8.45799	52.6815	0.0825083	67.5
8.45816	52.6815	0.247525	67.5
8.45893	52.764	0.165017	67.5
8.474	52.8465	0.0825083	67.5
8.47444	52.8465	0.247525	67.5
8.48027	52.929	0.165017	67.5
8.49987	53.0116	0.0825083	67.5
8.50346	53.0528	0.165017	67.5
8.53898	53.1353	0.0825083	67.5
8.53971	53.1353	0.247525	67.5
8.54302	53.2178	0.165017	67.5
8.61108	53.3003	0.0825083	67.5
8.61252	53.3416	0.165017	67.5
8.61316	53.3416	0.330033	67.5
8.61383	53.4241	0.247525	67.5
8.61452	53.5066	0.165017	67.5
8.63513	53.5891	0.0825083	67.5
8.63827	53.6304	0.165017	67.5
8.71041	53.7129	0.0825083	67.5
8.71207	53.7541	0.165017	67.5
8.76733	53.8366	0.0825083	67.5
8.76837	53.8779	0.165017	67.5
8.79171	53.9604	0.0825083	67.5
8.79575	54.0017	0.165017	67.5
8.82647	54.0842	0.0825083	67.5
8.83112	54.1254	0.165017	67.5
8.85802	54.2079	0.0825083	67.5
8.86136	54.2492	0.165017	67.5
8.90215	54.3317	0.0825083	67.5
8.90464	54.3729	0.165017	67.5
8.90695	54.4554	0.0825083	67.5
8.90886	54.4554	0.247525	67.5
8.90919	54.538	0.165017	67.5
8.91305	54.6205	0.0825083	67.5
8.91348	54.6205	0.247525	67.5
8.91436	54.703	0.165017	67.5
8.98891	54.7855	0.0825083	67.5
9.01559	54.7855	0.0825083	68.5
9.01843	54.8267	0.165017	68.5
9.01854	54.868	0.247525	68.5
9.02003	54.9505	0.165017	68.5
9.02788	55.033	0.0825083	68.5
9.02815	55.033	0.247525	68.5
9.02831	55.1155	0.165017	68.5
9.04465	55.198	0.0825083	68.5
9.04686	55.2393	0.165017	68.5
9.14046	55.3218	0.0825083	68.5
9.14186	55.363	0.165017	68.5
9.18018	55.4455	0.0825083	68.5
9.18023	55.4868	0.165017	68.5
9.18061	55.4868	0.330033	68.5
9.18216	55.5693	0.247525	68.5
9.18419	55.6518	0.165017	68.5
9.21541	55.7343	0.0825083	68.5
9.21659	55.7343	0.247525	68.5
9.21668	55.8168	0.165017	68.5
9.22273	55.8993	0.0825083	68.5
9.22342	55.9406	0.165017	68.5
9.23617	56.0231	0.0825083	68.5
9.23916	56.0644	0.165017	68.5
9.28605	56.1469	0.0825083	68.5
9.28904	56.1881	0.165017	68.5
9.29369	56.2706	0.0825083	68.5
9.29401	56.3119	0.165017	68.5
9.30831	56.3944	0.0825083	68.5
9.31004	56.4356	0.165017	68.5
9.36329	56.5182	0.0825083	68.5
9.36425	56.5594	0.165017	68.5
9.389	56.6419	0.0825083	68.5
9.38914	56.6419	0.247525	68.5
9.38989	56.7244	0.165017	68.5
9.3975	56.8069	0.0825083	68.5
9.39781	56.8482	0.165017	68.5
9.44505	56.9307	0.0825083	68.5
9.44876	56.9719	0.165017	68.5
9.48295	57.0545	0.0825083	68.5
9.48341	57.0545	0.247525	68.5
9.4838	57.137	0.165017	68.5
9.48785	57.2195	0.0825083	68.5
9.4899	57.2607	0.165017	68.5
9.55844	57.3432	0.0825083	68.5
9.56441	57.3845	0.165017	68.5
9.5666	57.467	0.0825083	68.5
9.57048	57.467	0.0825083	69.5
9.58632	57.467	0.0825083	70.5
9.58935	57.5083	0.165017	70.5
9.61987	57.5908	0.0825083	70.5
9.62228	57.632	0.165017	70.5
9.63338	57.7145	0.0825083	70.5
9.68702	57.7145	0.0825083	71
9.69267	57.7558	0.165017	71
9.74162	57.8383	0.0825083	71
9.74398	57.8795	0.165017	71
9.77424	57.962	0.0825083	71
9.77861	58.0033	0.165017	71
9.79026	58.0858	0.0825083	71
9.79152	58.1271	0.165017	71
9.81352	58.2096	0.0825083	71
9.81463	58.2096	0.247525	71
9.81765	58.2921	0.165017	71
9.82737	58.3746	0.0825083	71
9.83764	58.4571	0	71
9.8402	58.4571	0.165017	71
9.84311	58.5396	0.0825083	71
9.84429	58.6221	0	71
9.84525	58.6634	0.0825083	71
9.89163	58.7459	0	71
9.89303	58.7871	0.0825083	71
10.0055	58.8696	0	71
10.0057	58.9109	0.0825083	71
10.1485	58.9934	0	71
10.1495	59.0347	0.0825083	71
10.1548	59.1172	0	71
10.1561	59.1584	0.0825083	71
10.2047	59.2409	0	71
10.2049	59.2409	0.165017	71
10.2073	59.3234	0.0825083	71
10.2412	59.4059	0	71
10.2666	59.4059	0	72
10.2671	59.4472	0.0825083	72
10.2873	59.5297	0	72
10.289	59.5297	0.165017	72
10.2892	59.6122	0.0825083	72
10.4208	59.6947	0	72
10.4208	59.6947	0.165017	72
10.4219	59.7772	0.0825083	72
10.4632	59.8597	0	72
10.4642	59.901	0.0825083	72
10.4873	59.9835	0	72
10.4892	60.0248	0.0825083	72
10.5285	60.1073	0	72
10.573	60.1073	0	72.5
10.5756	60.1485	0.0825083	72.5
10.5946	60.231	0	72.5
10.6077	60.2723	0.0825083	72.5
10.6482	60.3548	0	72.5
10.6499	60.396	0.0825083	72.5
10.6573	60.4785	0	72.5
10.6748	60.4785	0	73
10.6757	60.5198	0.0825083	73
10.69	60.6023	0	73
10.6912	60.6436	0.0825083	73
10.7826	60.7261	0	73
10.7834	60.7673	0.0825083	73
10.821	60.8498	0	73
10.8214	60.8911	0.0825083	73
10.8468	60.9736	0	73
10.8486	61.0149	0.0825083	73
10.8601	61.0974	0	73
10.8638	61.1386	0.0825083	73
10.9869	61.2211	0	73
10.998	61.2211	0	74
10.9994	61.2211	0.165017	74
11.0004	61.3036	0.0825083	74
11.0054	61.3861	0	74
11.11	61.3861	0	75
11.1117	61.4274	0.0825083	75
11.1872	61.5099	0	75
11.1925	61.5512	0.0825083	75
11.2438	61.6337	0	75
11.2455	61.6749	0.0825083	75
11.2841	61.7574	0	75
11.2845	61.7574	0.0825083	75
11.2995	61.8399	0	75
11.3062	61.8812	0.0825083	75
11.3401	61.9637	0	75
11.3416	62.005	0.0825083	75
11.342	62.005	0.247525	75
11.3422	62.0875	0.165017	75
11.3429	62.17	0.0825083	75
11.4035	62.2525	0	75
11.4501	62.2525	0	76
11.4508	62.2937	0.0825083	76
11.4651	62.3762	0	76
11.4659	62.4175	0.0825083	76
11.5092	62.5	0	76
11.5142	62.5413	0.0825083	76
11.5285	62.6238	0	76
11.5287	62.665	0.0825083	76
11.5754	62.7475	0	76
11.5768	62.7888	0.0825083	76
11.5805	62.8713	0	76
11.583	62.9125	0.0825083	76
11.5831	62.9125	0.247525	76
11.5851	62.995	0.165017	76
11.5863	63.0776	0.0825083	76
11.6008	63.1601	0	76
11.6011	63.2013	0.0825083	76
11.6317	63.2838	0	76
11.633	63.3251	0.0825083	76
11.679	63.4076	0	76
11.6806	63.4488	0.0825083	76
11.6879	63.5314	0	76
11.6948	63.5726	0.0825083	76
11.6966	63.5726	0.0825083	77
11.7653	63.6551	0	77
11.7654	63.6551	0.165017	77
11.7673	63.7376	0.0825083	77
11.771	63.8201	0	77
11.7718	63.8614	0.0825083	77
11.8194	63.9439	0	77
11.8196	63.9439	0.165017	77
11.8203	64.0264	0.0825083	77
11.846	64.1089	0	77
11.938	64.1089	0	78
11.9384	64.1502	0.0825083	78
11.9763	64.2327	0	78
11.9766	64.2327	0.165017	78
11.9778	64.3152	0.0825083	78
11.9976	64.3977	0	78
11.9982	64.4389	0.0825083	78
12.0156	64.5215	0	78
12.0157	64.5627	0.0825083	78
12.0741	64.6452	0	78
12.079	64.6865	0.0825083	78
12.0864	64.769	0	78
12.098	64.769	0	78.5
12.0986	64.8102	0.0825083	78.5
12.1057	64.8927	0	78.5
12.1071	64.934	0.0825083	78.5
12.1268	65.0165	0	78.5
12.127	65.0578	0.0825083	78.5
12.1868	65.1403	0	78.5
12.1881	65.1815	0.0825083	78.5
12.2298	65.264	0	78.5
12.2449	65.264	0	79.5
12.2449	65.3053	0.0825083	79.5
12.2467	65.3878	0	79.5
12.249	65.429	0.0825083	79.5
12.2719	65.5116	0	79.5
12.2735	65.5528	0.0825083	79.5
12.2946	65.6353	0	79.5
12.2999	65.6766	0.0825083	79.5
12.3214	65.7591	0	79.5
12.3219	65.8003	0.0825083	79.5
12.3608	65.8828	0	79.5
12.4805	65.8828	0	80
12.4846	65.9241	0.0825083	80
12.5763	66.0066	0	80
12.5778	66.0066	0.0825083	80
12.6271	66.0891	0	80
12.628	66.0891	0.165017	80
12.628	66.1716	0.0825083	80
12.6526	66.2541	0	80
12.6539	66.2541	0.165017	80
12.6541	66.3366	0.0825083	80
12.6653	66.4191	0	80
12.6722	66.4191	0.0825083	80
12.7178	66.5016	0	80
12.7198	66.5429	0.0825083	80
12.7388	66.6254	0	80
12.739	66.6667	0.0825083	80
12.7584	66.7492	0	80
12.7606	66.7492	0.0825083	80
12.7622	66.8317	0	80
12.7966	66.8317	0	80.5
12.797	66.8317	0.165017	80.5
12.7994	66.9142	0.0825083	80.5
12.8117	66.9967	0	80.5
12.8126	67.038	0.0825083	80.5
12.8127	67.0792	0.165017	80.5
12.8138	67.1617	0.0825083	80.5
12.8274	67.2442	0	80.5
12.8284	67.2442	0.165017	80.5
12.8354	67.3267	0.0825083	80.5
12.9462	67.4092	0	80.5
12.9469	67.4505	0.0825083	80.5
12.994	67.533	0	80.5
12.9961	67.5743	0.0825083	80.5
13.0637	67.6568	0	80.5
13.0639	67.6568	0.165017	80.5
13.0718	67.7393	0.0825083	80.5
13.1077	67.8218	0	80.5
13.1087	67.8218	0.165017	80.5
13.1094	67.9043	0.0825083	80.5
13.1187	67.9868	0	80.5
13.174	67.9868	0	81.5
13.2207	67.9868	0	82.5
13.2229	68.0281	0.0825083	82.5
13.2715	68.1106	0	82.5
13.2726	68.1518	0.0825083	82.5
13.2843	68.2343	0	82.5
13.2864	68.2756	0.0825083	82.5
13.3266	68.3581	0	82.5
13.3283	68.3581	0.165017	82.5
13.3299	68.4406	0.0825083	82.5
13.355	68.5231	0	82.5
13.3555	68.5644	0.0825083	82.5
13.4746	68.6469	0	82.5
13.4798	68.6881	0.0825083	82.5
13.4908	68.7706	0	82.5
13.492	68.8119	0.0825083	82.5
13.5125	68.8944	0	82.5
13.5141	68.8944	0.165017	82.5
13.5156	68.9769	0.0825083	82.5
13.5364	69.0594	0	82.5
13.5404	69.1007	0.0825083	82.5
13.5807	69.1832	0	82.5
13.585	69.2244	0.0825083	82.5
13.8282	69.3069	0	82.5
13.8287	69.3069	0.165017	82.5
13.8307	69.3894	0.0825083	82.5
13.8537	69.4719	0	82.5
13.854	69.4719	0.165017	82.5
13.8548	69.5545	0.0825083	82.5
13.869	69.637	0	82.5
13.8698	69.6782	0.0825083	82.5
13.9218	69.7607	0	82.5
13.9342	69.7607	0.0825083	82.5
13.9684	69.8432	0	82.5
13.9708	69.8845	0.0825083	82.5
13.9721	69.967	0	82.5
13.9729	69.967	0.165017	82.5
13.9734	70.0495	0.0825083	82.5
13.9738	70.132	0	82.5
13.9739	70.1733	0.0825083	82.5
13.9994	70.2558	0	82.5
14.0002	70.297	0.0825083	82.5
14.0206	70.3795	0	82.5
14.0233	70.4208	0.0825083	82.5
14.1134	70.5033	0	82.5
14.1155	70.5033	0.165017	82.5
14.1171	70.5858	0.0825083	82.5
14.2035	70.6683	0	82.5
14.2066	70.7096	0.0825083	82.5
14.2112	70.7921	0	82.5
14.2116	70.8333	0.0825083	82.5
14.3906	70.9158	0	82.5
14.4044	70.9158	0	83.5
14.4325	70.9158	0	84.5
14.433	70.9158	0.165017	84.5
14.4358	70.9984	0.0825083	84.5
14.4698	71.0809	0	84.5
14.4709	71.1221	0.0825083	84.5
14.5046	71.2046	0	84.5
14.5249	71.2046	0	85
14.5277	71.2459	0.0825083	85
14.5709	71.3284	0	85
14.5947	71.3284	0	85.5
14.5952	71.3696	0.0825083	85.5
14.6007	71.4521	0	85.5
14.601	71.4934	0.0825083	85.5
14.6021	71.5759	0	85.5
14.603	71.6172	0.0825083	85.5
14.6855	71.6997	0	85.5
14.6856	71.6997	0.0825083	85.5
14.7139	71.7822	0	85.5
14.7139	71.8234	0.0825083	85.5
14.7175	71.8647	0.165017	85.5
14.7176	71.9472	0.0825083	85.5
14.8311	72.0297	0	85.5
14.8311	72.071	0.0825083	85.5
14.8962	72.1535	0	85.5
14.8982	72.1535	0.165017	85.5
14.8991	72.1947	0.247525	85.5
14.8997	72.2772	0.165017	85.5
14.95	72.3597	0.0825083	85.5
14.9523	72.3597	0.247525	85.5
14.9533	72.4422	0.165017	85.5
14.9848	72.5247	0.0825083	85.5
14.986	72.5247	0.165017	85.5
15.0416	72.6073	0.0825083	85.5
15.0436	72.6485	0.165017	85.5
15.0439	72.6485	0.330033	85.5
15.044	72.731	0.247525	85.5
15.0443	72.8135	0.165017	85.5
15.0993	72.896	0.0825083	85.5
15.0999	72.896	0.247525	85.5
15.1027	72.9785	0.165017	85.5
15.1213	73.0611	0.0825083	85.5
15.1224	73.1023	0.165017	85.5
15.1576	73.1848	0.0825083	85.5
15.1586	73.1848	0.247525	85.5
15.1639	73.2673	0.165017	85.5
15.1923	73.3498	0.0825083	85.5
15.193	73.3911	0.165017	85.5
15.2106	73.4736	0.0825083	85.5
15.2122	73.5149	0.165017	85.5
15.2342	73.5974	0.0825083	85.5
15.2398	73.6386	0.165017	85.5
15.2433	73.7211	0.0825083	85.5
15.2442	73.7624	0.165017	85.5
15.3206	73.8449	0.0825083	85.5
15.3207	73.8449	0.165017	85.5
15.3238	73.9274	0.0825083	85.5
15.3283	73.9686	0.165017	85.5
15.385	74.0512	0.0825083	85.5
15.3854	74.0512	0.247525	85.5
15.386	74.1337	0.165017	85.5
15.3876	74.2162	0.0825083	85.5
15.3878	74.2574	0.165017	85.5
15.4075	74.3399	0.0825083	85.5
15.4091	74.3399	0.165017	85.5
15.428	74.4224	0.0825083	85.5
15.4284	74.4637	0.165017	85.5
15.4497	74.5462	0.0825083	85.5
15.4501	74.5462	0.247525	85.5
15.4517	74.6287	0.165017	85.5
15.4546	74.7112	0.0825083	85.5
15.4585	74.7525	0.165017	85.5
15.5516	74.835	0.0825083	85.5
15.552	74.8762	0.165017	85.5
15.7383	74.9587	0.0825083	85.5
15.7391	74.9587	0.247525	85.5
15.7448	75.0413	0.165017	85.5
15.8025	75.1238	0.0825083	85.5
15.8034	75.165	0.165017	85.5
15.8042	75.2063	0.247525	85.5
15.8068	75.2888	0.165017	85.5
15.8263	75.3713	0.0825083	85.5
15.829	75.4125	0.165017	85.5
15.8638	75.495	0.0825083	85.5
15.8643	75.5363	0.165017	85.5
15.8725	75.6188	0.0825083	85.5
15.8725	75.6188	0.165017	85.5
15.912	75.7013	0.0825083	85.5
15.9133	75.7013	0.247525	85.5
15.9136	75.7838	0.165017	85.5
15.94	75.8663	0.0825083	85.5
15.9417	75.8663	0.247525	85.5
15.9444	75.9488	0.165017	85.5
15.9587	76.0314	0.0825083	85.5
15.964	76.0314	0.247525	85.5
15.9741	76.1139	0.165017	85.5
15.9773	76.1964	0.0825083	85.5
15.9799	76.2376	0.165017	85.5
16.053	76.3201	0.0825083	85.5
16.0534	76.3614	0.165017	85.5
16.1489	76.4439	0.0825083	85.5
16.1512	76.4851	0.165017	85.5
16.1963	76.5677	0.0825083	85.5
16.2047	76.5677	0.165017	85.5
16.2275	76.6502	0.0825083	85.5
16.229	76.6502	0.247525	85.5
16.2354	76.7327	0.165017	85.5
16.2511	76.8152	0.0825083	85.5
16.2514	76.8564	0.165017	85.5
16.2992	76.9389	0.0825083	85.5
16.3003	76.9389	0.247525	85.5
16.3008	77.0215	0.165017	85.5
16.345	77.104	0.0825083	85.5
16.3605	77.1865	0	85.5
16.3616	77.2277	0.0825083	85.5
16.4374	77.3102	0	85.5
16.4377	77.3102	0.165017	85.5
16.4384	77.3927	0.0825083	85.5
16.4886	77.4753	0	85.5
16.494	77.5165	0.0825083	85.5
16.5757	77.599	0	85.5
16.5762	77.6403	0.0825083	85.5
16.5978	77.7228	0	85.5
16.6001	77.764	0.0825083	85.5
16.6205	77.8465	0	85.5
16.7158	77.8465	0	86.5
16.7187	77.8878	0.0825083	86.5
16.7373	77.9703	0	86.5
16.7411	78.0116	0.0825083	86.5
16.8389	78.0941	0	86.5
16.8401	78.0941	0.165017	86.5
16.8414	78.1766	0.0825083	86.5
16.896	78.2591	0	86.5
16.8972	78.3003	0.0825083	86.5
17.0022	78.3828	0	86.5
17.0024	78.3828	0.165017	86.5
17.0031	78.4653	0.0825083	86.5
17.0064	78.5479	0	86.5
17.0087	78.5891	0.0825083	86.5
17.0124	78.5891	0.0825083	87.5
17.0175	78.6716	0	87.5
17.0181	78.6716	0.0825083	87.5
17.1415	78.7541	0	87.5
17.1453	78.7541	0.0825083	87.5
17.3571	78.8366	0	87.5
17.3585	78.8779	0.0825083	87.5
17.3934	78.9604	0	87.5
17.398	79.0016	0.0825083	87.5
17.6401	79.0842	0	87.5
17.6433	79.1254	0.0825083	87.5
17.6591	79.2079	0	87.5
17.6592	79.2079	0.165017	87.5
17.6599	79.2904	0.0825083	87.5
18.0092	79.3729	0	87.5
18.0181	79.3729	0.0825083	87.5
18.0833	79.4554	0	87.5
18.0874	79.4967	0.0825083	87.5
18.1272	79.5792	0	87.5
18.1274	79.6205	0.0825083	87.5
18.3043	79.703	0	87.5
18.3062	79.703	0.0825083	87.5
18.4648	79.7855	0	87.5
18.4666	79.7855	0.165017	87.5
18.4681	79.868	0.0825083	87.5
18.576	79.9505	0	87.5
18.5778	79.9505	0.165017	87.5
18.5798	80.033	0.0825083	87.5
18.6763	80.1155	0	87.5
18.6768	80.1568	0.0825083	87.5
18.6813	80.2393	0	87.5
18.6864	80.2805	0.0825083	87.5
18.9155	80.363	0	87.5
18.9218	80.4043	0.0825083	87.5
18.9477	80.4868	0	87.5
18.9509	80.4868	0.165017	87.5
18.9517	80.5693	0.0825083	87.5
19.0116	80.6518	0	87.5
19.0126	80.6931	0.0825083	87.5
19.1798	80.7756	0	87.5
19.1799	80.8168	0.0825083	87.5
19.3174	80.8993	0	87.5
19.3294	80.9406	0.0825083	87.5
19.4934	81.0231	0	87.5
19.4949	81.0231	0.0825083	87.5
19.5178	81.1056	0	87.5
19.5195	81.1469	0.0825083	87.5
19.5257	81.2294	0	87.5
19.5329	81.2706	0.0825083	87.5
19.785	81.3531	0	87.5
19.7904	81.3944	0.0825083	87.5
19.9997	81.4769	0	87.5
20.0033	81.5182	0.0825083	87.5
20.0919	81.6007	0	87.5
20.0945	81.6419	0.0825083	87.5
20.2971	81.7244	0	87.5
20.3011	81.7657	0.0825083	87.5
20.3012	81.8482	0	87.5
20.3026	81.8482	0.165017	87.5
20.3046	81.9307	0.0825083	87.5
20.3748	82.0132	0	87.5
20.4225	82.0132	0	88.5
20.555	82.0132	0	89.5
20.5584	82.0132	0.165017	89.5
20.5607	82.0957	0.0825083	89.5
20.7213	82.1782	0	89.5
20.7224	82.1782	0.165017	89.5
20.7242	82.2607	0.0825083	89.5
20.7785	82.3432	0	89.5
20.7791	82.3432	0.165017	89.5
20.7854	82.4257	0.0825083	89.5
21.0252	82.5082	0	89.5
21.0258	82.5495	0.0825083	89.5
21.0351	82.632	0	89.5
21.0357	82.632	0.165017	89.5
21.0359	82.7145	0.0825083	89.5
21.7108	82.797	0	89.5
21.7117	82.797	0.165017	89.5
21.7122	82.8795	0.0825083	89.5
21.8644	82.962	0	89.5
21.8665	83.0033	0.0825083	89.5
21.934	83.0858	0	89.5
21.9345	83.0858	0.0825083	89.5
22.076	83.1683	0	89.5
22.0763	83.2096	0.0825083	89.5
22.0922	83.2921	0	89.5
22.0937	83.3333	0.0825083	89.5
22.1524	83.4158	0	89.5
22.153	83.4158	0.165017	89.5
22.1592	83.4984	0.0825083	89.5
22.3071	83.5809	0	89.5
22.3114	83.6221	0.0825083	89.5
22.4628	83.7046	0	89.5
22.4638	83.7046	0.0825083	89.5
22.4753	83.7871	0	89.5
22.4811	83.8284	0.0825083	89.5
22.6885	83.9109	0	89.5
22.6904	83.9109	0.0825083	89.5
22.8045	83.9934	0	89.5
22.8111	83.9934	0	90.5
22.8124	84.0347	0.0825083	90.5
22.9481	84.1172	0	90.5
22.9486	84.1172	0.165017	90.5
22.9567	84.1997	0.0825083	90.5
23.113	84.2822	0	90.5
23.1143	84.3234	0.0825083	90.5
23.1238	84.4059	0	90.5
23.2119	84.4059	0	91.5
23.2122	84.4472	0.0825083	91.5
23.2237	84.5297	0	91.5
23.2252	84.571	0.0825083	91.5
23.2967	84.6535	0	91.5
23.2971	84.6535	0.165017	91.5
23.2979	84.736	0.0825083	91.5
23.3442	84.8185	0	91.5
23.3449	84.8597	0.0825083	91.5
23.5196	84.9422	0	91.5
23.5197	84.9422	0.165017	91.5
23.5214	85.0247	0.0825083	91.5
23.7933	85.1073	0	91.5
23.7939	85.1073	0.165017	91.5
23.7968	85.1898	0.0825083	91.5
23.9103	85.2723	0	91.5
23.9109	85.3135	0.0825083	91.5
23.9911	85.396	0	91.5
23.9918	85.396	0.165017	91.5
23.9943	85.4785	0.0825083	91.5
24.0144	85.5611	0	91.5
24.023	85.6023	0.0825083	91.5
24.0293	85.6848	0	91.5
24.0297	85.7261	0.0825083	91.5
24.0467	85.8086	0	91.5
24.0486	85.8086	0.165017	91.5
24.0489	85.8911	0.0825083	91.5
24.3211	85.9736	0	91.5
24.3213	86.0149	0.0825083	91.5
24.5544	86.0974	0	91.5
24.5547	86.1386	0.0825083	91.5
24.5642	86.2211	0	91.5
24.565	86.2211	0.0825083	91.5
24.5897	86.3036	0	91.5
24.5931	86.3449	0.0825083	91.5
24.6526	86.4274	0	91.5
24.6554	86.4686	0.0825083	91.5
24.9604	86.5512	0	91.5
25.0587	86.5512	0	92.5
25.0598	86.5924	0.0825083	92.5
25.1197	86.6749	0	92.5
25.12	86.6749	0.165017	92.5
25.123	86.7574	0.0825083	92.5
25.433	86.8399	0	92.5
25.4387	86.8399	0.0825083	92.5
25.4907	86.9224	0	92.5
25.4913	86.9637	0.0825083	92.5
25.5234	87.0462	0	92.5
25.5249	87.0875	0.0825083	92.5
25.5527	87.17	0	92.5
25.5568	87.2112	0.0825083	92.5
25.5592	87.2937	0	92.5
25.5598	87.335	0.0825083	92.5
25.8472	87.4175	0	92.5
25.8491	87.4587	0.0825083	92.5
26.1057	87.5413	0	92.5
26.1078	87.5825	0.0825083	92.5
26.1947	87.665	0	92.5
26.1977	87.665	0.0825083	92.5
26.5255	87.7475	0	92.5
26.5331	87.7888	0.0825083	92.5
26.5797	87.8713	0	92.5
26.5801	87.9125	0.0825083	92.5
26.6808	87.995	0	92.5
26.6836	88.0363	0.0825083	92.5
27.0046	88.1188	0	92.5
27.009	88.1601	0.0825083	92.5
27.2764	88.2426	0	92.5
27.2773	88.2838	0.0825083	92.5
27.5113	88.3663	0	92.5
27.5119	88.3663	0.165017	92.5
27.5165	88.4488	0.0825083	92.5
28.3865	88.5314	0	92.5
28.3871	88.5726	0.0825083	92.5
28.7143	88.6551	0	92.5
28.715	88.6551	0.0825083	92.5
28.7465	88.7376	0	92.5
28.7512	88.7789	0.0825083	92.5
28.8015	88.8614	0	92.5
28.8043	88.9026	0.0825083	92.5
29.7671	88.9851	0	92.5
29.7724	89.0264	0.0825083	92.5
30.1192	89.1089	0	92.5
30.125	89.1089	0.0825083	92.5
30.5625	89.1914	0	92.5
30.5653	89.2327	0.0825083	92.5
30.6911	89.3152	0	92.5
30.6938	89.3564	0.0825083	92.5
30.7833	89.4389	0	92.5
30.787	89.4389	0.165017	92.5
30.788	89.5215	0.0825083	92.5
30.8483	89.604	0	92.5
30.8506	89.6452	0.0825083	92.5
31.1219	89.7277	0	92.5
31.1227	89.769	0.0825083	92.5
31.1561	89.8515	0	92.5
31.1564	89.8515	0.0825083	92.5
31.1758	89.934	0	92.5
31.1771	89.9753	0.0825083	92.5
31.372	90.0578	0	92.5
31.3834	90.099	0.0825083	92.5
32.254	90.1815	0	92.5
32.2549	90.2228	0.0825083	92.5
32.8812	90.3053	0	92.5
32.8813	90.3465	0.0825083	92.5
33.0757	90.429	0	92.5
33.0761	90.4703	0.0825083	92.5
33.2159	90.5528	0	92.5
33.2216	90.5941	0.0825083	92.5
33.5216	90.6766	0	92.5
33.525	90.7178	0.0825083	92.5
33.5737	90.8003	0	92.5
33.5753	90.8416	0.0825083	92.5
33.6419	90.9241	0	92.5
33.642	90.9653	0.0825083	92.5
33.7072	91.0479	0	92.5
33.7083	91.0891	0.0825083	92.5
34.2744	91.1716	0	92.5
34.2745	91.2129	0.0825083	92.5
34.4048	91.2954	0	92.5
34.4064	91.2954	0.165017	92.5
34.4076	91.3779	0.0825083	92.5
34.7404	91.4604	0	92.5
34.7459	91.5016	0.0825083	92.5
35.8715	91.5842	0	92.5
35.8768	91.6254	0.0825083	92.5
36.0844	91.7079	0	92.5
36.0859	91.7079	0.0825083	92.5
36.3202	91.7904	0	92.5
36.3269	91.8317	0.0825083	92.5
36.5337	91.9142	0	92.5
36.534	91.9142	0.165017	92.5
36.537	91.9967	0.0825083	92.5
36.6894	92.0792	0	92.5
36.6899	92.0792	0.165017	92.5
36.6913	92.1617	0.0825083	92.5
36.9599	92.2442	0	92.5
36.9658	92.2855	0.0825083	92.5
38.0554	92.368	0	92.5
38.0566	92.4092	0.0825083	92.5
38.3108	92.4918	0	92.5
38.3198	92.533	0.0825083	92.5
39.2849	92.6155	0	92.5
39.285	92.6155	0.0825083	92.5
39.4561	92.698	0	92.5
39.458	92.698	0.165017	92.5
39.4595	92.7805	0.0825083	92.5
39.7063	92.863	0	92.5
39.7126	92.9043	0.0825083	92.5
39.7184	92.9868	0	92.5
39.7221	93.0281	0.0825083	92.5
40.2398	93.1106	0	92.5
40.2488	93.1106	0.0825083	92.5
40.2597	93.1931	0	92.5
40.2598	93.1931	0.165017	92.5
40.2633	93.2756	0.0825083	92.5
41.9972	93.3581	0	92.5
42.1085	93.3993	0.0825083	92.5
42.1089	93.4406	0.165017	92.5
42.3375	93.5231	0.0825083	92.5
42.3385	93.5644	0.165017	92.5
42.3896	93.6469	0.0825083	92.5
42.3904	93.6469	0.247525	92.5
42.3921	93.7294	0.165017	92.5
43.9456	93.8119	0.0825083	92.5
43.9466	93.8531	0.165017	92.5
44.0936	93.9356	0.0825083	92.5
44.0967	93.9769	0.165017	92.5
44.7381	94.0594	0.0825083	92.5
44.7385	94.1007	0.165017	92.5
45.0169	94.1832	0.0825083	92.5
45.0186	94.2244	0.165017	92.5
45.1744	94.3069	0.0825083	92.5
45.4986	94.3894	0	92.5
45.5037	94.4307	0.0825083	92.5
45.6524	94.5132	0	92.5
45.6543	94.5545	0.0825083	92.5
49.2327	94.637	0	92.5
49.2414	94.6782	0.0825083	92.5
49.6488	94.7607	0	92.5
49.6523	94.802	0.0825083	92.5
50.315	94.8845	0	92.5
50.3164	94.8845	0.165017	92.5
50.318	94.967	0.0825083	92.5
50.3332	95.0495	0	92.5
50.3342	95.0908	0.0825083	92.5
50.8482	95.1733	0	92.5
50.8508	95.2145	0.0825083	92.5
52.6225	95.297	0	92.5
52.625	95.3383	0.0825083	92.5
53.865	95.4208	0	92.5
53.8702	95.462	0.0825083	92.5
59.1763	95.5446	0	92.5
59.177	95.5858	0.0825083	92.5
60.9288	95.6683	0	92.5
60.9309	95.7096	0.0825083	92.5
64.6412	95.7921	0	92.5
64.6419	95.8333	0.0825083	92.5
80.0161	95.9158	0	92.5
80.0161	95.9571	0.0825083	92.5
85.4724	96.0396	0	92.5
85.4747	96.0396	0.165017	92.5
85.4764	96.1221	0.0825083	92.5
300.572	96.2046	0	92.5
388.716	96.2046	0	93.5
409.432	96.2046	0	94.5
415.415	96.2046	0	95.5
424.48	96.2046	0.0825083	95.5
444.465	96.2871	0	95.5
444.468	96.3284	0.0825083	95.5
711.81	96.4109	0	95.5
973.366	96.4109	0	96.5
1293.3	96.4109	0	97.5
1811.63	96.4109	0	98.5
1811.63	96.4109	0.0825083	98.5
1818.49	96.4934	0	98.5
1818.49	96.4934	0.0825083	98.5
2039.57	96.5759	0	98.5
3164.57	96.5759	0	99
4035.75	96.5759	0	100
4035.76	96.5759	0.165017	100
4037.07	96.6584	0.0825083	100
4162.9	96.7409	0	100
4162.9	96.7409	0.0825083	100
4713	96.8234	0	100
4713.03	96.8234	0.0825083	100
4732.67	96.9059	0	100
4732.67	96.9472	0.0825083	100
5272.23	97.0297	0	100
5272.24	97.0297	0.0825083	100
5843.62	97.1122	0	100
5844.62	97.1122	0.165017	100
5846.18	97.1947	0.0825083	100
6744.63	97.2772	0	100
6747.83	97.2772	0.0825083	100
6758.19	97.3597	0	100
6759.83	97.401	0.0825083	100
8453.05	97.4835	0	100
8453.83	97.4835	0.165017	100
8453.9	97.566	0.0825083	100
8836.81	97.6485	0	100
8836.81	97.6485	0.0825083	100
8990.27	97.731	0	100
8990.77	97.7723	0.0825083	100
9466.89	97.8548	0	100
9466.89	97.8548	0.0825083	100
9538.64	97.9373	0	100
9542.86	97.9785	0.0825083	100
10863.9	98.0611	0	100
10863.9	98.0611	0.165017	100
10864.8	98.1436	0.0825083	100
11400.8	98.2261	0	100
11400.8	98.2261	0.165017	100
11401.6	98.3086	0.0825083	100
11640.5	98.3911	0	100
11640.5	98.3911	0.0825083	100
11895.8	98.4736	0	100
11895.8	98.4736	0.165017	100
11896.2	98.5561	0.0825083	100
12427.4	98.6386	0	100
12429.3	98.6799	0.0825083	100
12709.2	98.7624	0	100
12710.2	98.7624	0.0825083	100
12722.6	98.8449	0	100
12723.6	98.8861	0.0825083	100
13696.8	98.9686	0	100
13696.9	98.9686	0.165017	100
13697.5	99.0512	0.0825083	100
13937.2	99.1337	0	100
13937.4	99.1749	0.0825083	100
14201.2	99.2574	0	100
14202	99.2987	0.0825083	100
14588.3	99.3812	0	100
14588.5	99.4224	0.0825083	100
16327.9	99.505	0	100
16327.9	99.505	0.165017	100
16331.4	99.5875	0.0825083	100
20906.9	99.67	0	100
20906.9	99.67	0.0825083	100
21595.5	99.7525	0	100
21596.5	99.7937	0.0825083	100
28825.1	99.8762	0	100
28828.5	99.9175	0.0825083	100
