3.80891e-10	0	0	0
6.41877e-10	0	0	0
1.58537e-09	0	0	0
3.08981e-09	0	0	0
3.10971e-09	0	0	0
3.1961e-09	0	0	0
4.92937e-09	0	0	0
5.83217e-09	0	0	0
7.37417e-09	0	0	0
8.38776e-09	0	0	0
8.73848e-09	0	0	0
9.5131e-09	0	0	0
9.57786e-09	0	0	0
1.00505e-08	0	0	0
1.00588e-08	0	0	0
1.1301e-08	0	0	0
1.17663e-08	0	0	0
1.57548e-08	0	0	0
1.62472e-08	0	0	0
1.68925e-08	0	0	0
1.91117e-08	0	0	0
1.9612e-08	0	0	0
2.03761e-08	0	0	0
2.19857e-08	0	0	0
2.3221e-08	0	0	0
2.34968e-08	0	0	0
2.39684e-08	0	0	0
2.42049e-08	0	0	0
2.57388e-08	0	0	0
2.69547e-08	0	0	0
2.74495e-08	0	0	0
2.82106e-08	0	0	0
2.86434e-08	0	0	0
2.90495e-08	0	0	0
3.11956e-08	0	0	0
3.32408e-08	0	0	0
3.35043e-08	0	0	0
3.5693e-08	0	0	0
3.6151e-08	0	0	0
3.67298e-08	0	0	0
3.89841e-08	0	0	0
4.15012e-08	0	0	0
4.28788e-08	0	0	0
4.31024e-08	0	0	0
4.41429e-08	0	0	0
4.71639e-08	0	0	0
5.01558e-08	0	0	0
5.0254e-08	0	0	0
5.19228e-08	0	0	0
5.39033e-08	0	0	0
5.55824e-08	0	0	0
5.83921e-08	0	0	0
5.97455e-08	0	0	0
6.24065e-08	0	0	0
6.59026e-08	0	0	0
6.6217e-08	0	0	0
6.96653e-08	0	0	0
7.5792e-08	0	0	0
7.97509e-08	0	0	0
8.50833e-08	0	0	0
9.14288e-08	0	0	0
9.19627e-08	0	0	0
1.08511e-07	0	0	0
1.18224e-07	0	0	0
1.32642e-07	0	0	0
1.36231e-07	0	0	0
1.36694e-07	0	0	0
1.42458e-07	0	0	0
1.51548e-07	0	0	0
1.6035e-07	0	0	0
1.66231e-07	0	0	0
1.89049e-07	0	0	0
1.91624e-07	0	0	0
2.24099e-07	0	0	0
2.52465e-07	0	0	0
2.68487e-07	0	0	0
2.78918e-07	0	0	0
2.83672e-07	0	0	0
3.39655e-07	0	0	0
3.57157e-07	0	0	0
3.79531e-07	0	0	0
3.98406e-07	0	0	0
4.01103e-07	0	0	0
4.0134e-07	0	0	0
4.28004e-07	0	0	0
4.36801e-07	0	0	0
4.41556e-07	0	0	0
4.74979e-07	0	0	0
5.01591e-07	0	0	0
5.26391e-07	0	0	0
5.79804e-07	0	0	0
6.44044e-07	0	0	0
6.44423e-07	0	0	0
6.46058e-07	0	0	0
1.03366e-06	0	0	0
1.13789e-06	0	0	0
1.16022e-06	0	0	0
1.32959e-06	0	0	0
1.34572e-06	0	0	0
1.43622e-06	0	0	0
1.67493e-06	0	0	0
1.68641e-06	0	0	0
1.7836e-06	0	0	0
1.87683e-06	0	0	0
1.8792e-06	0	0	0
2.30178e-06	0	0	0
3.69979e-06	0	0	0
4.51533e-06	0	0	0
4.83691e-06	0	0	0
1.05381e-05	0	0	0
1.15835e-05	0	0	0
1.42069e-05	0	0	0
6.35292e-05	0	0	0
