2.32566e-08	0	0	-nan
7.30339e-08	0	0	-nan
7.42188e-08	0	0	-nan
9.36431e-08	0	0	-nan
1.18877e-07	0	0	-nan
1.22615e-07	0	0	-nan
1.4407e-07	0	0	-nan
1.49679e-07	0	0	-nan
1.59902e-07	0	0	-nan
1.67498e-07	0	0	-nan
1.75255e-07	0	0	-nan
1.88278e-07	0	0	-nan
2.22242e-07	0	0	-nan
2.25439e-07	0	0	-nan
2.28694e-07	0	0	-nan
2.30141e-07	0	0	-nan
2.4009e-07	0	0	-nan
2.95149e-07	0	0	-nan
3.0684e-07	0	0	-nan
3.12294e-07	0	0	-nan
3.38014e-07	0	0	-nan
3.76078e-07	0	0	-nan
3.86846e-07	0	0	-nan
3.89847e-07	0	0	-nan
3.97659e-07	0	0	-nan
4.0035e-07	0	0	-nan
4.08966e-07	0	0	-nan
4.25545e-07	0	0	-nan
4.48534e-07	0	0	-nan
4.65069e-07	0	0	-nan
4.65812e-07	0	0	-nan
4.82942e-07	0	0	-nan
4.85531e-07	0	0	-nan
5.12592e-07	0	0	-nan
5.33779e-07	0	0	-nan
5.44113e-07	0	0	-nan
5.82999e-07	0	0	-nan
5.85299e-07	0	0	-nan
5.86905e-07	0	0	-nan
5.90082e-07	0	0	-nan
5.94038e-07	0	0	-nan
6.11002e-07	0	0	-nan
6.24527e-07	0	0	-nan
6.3047e-07	0	0	-nan
6.4713e-07	0	0	-nan
6.48133e-07	0	0	-nan
6.59476e-07	0	0	-nan
6.91361e-07	0	0	-nan
7.08051e-07	0	0	-nan
7.52384e-07	0	0	-nan
7.74748e-07	0	0	-nan
7.89142e-07	0	0	-nan
7.98009e-07	0	0	-nan
8.07952e-07	0	0	-nan
8.49551e-07	0	0	-nan
8.56217e-07	0	0	-nan
8.57775e-07	0	0	-nan
8.59062e-07	0	0	-nan
8.61087e-07	0	0	-nan
8.79302e-07	0	0	-nan
9.05686e-07	0	0	-nan
9.48701e-07	0	0	-nan
9.53978e-07	0	0	-nan
9.65198e-07	0	0	-nan
1.01817e-06	0	0	-nan
1.02207e-06	0	0	-nan
1.02305e-06	0	0	-nan
1.03784e-06	0	0	-nan
1.10144e-06	0	0	-nan
1.10984e-06	0	0	-nan
1.10985e-06	0	0	-nan
1.11235e-06	0	0	-nan
1.11549e-06	0	0	-nan
1.1438e-06	0	0	-nan
1.1459e-06	0	0	-nan
1.14912e-06	0	0	-nan
1.15084e-06	0	0	-nan
1.16422e-06	0	0	-nan
1.17822e-06	0	0	-nan
1.19979e-06	0	0	-nan
1.20731e-06	0	0	-nan
1.209e-06	0	0	-nan
1.22183e-06	0	0	-nan
1.39139e-06	0	0	-nan
1.392e-06	0	0	-nan
1.39657e-06	0	0	-nan
1.39689e-06	0	0	-nan
1.41976e-06	0	0	-nan
1.43346e-06	0	0	-nan
1.45115e-06	0	0	-nan
1.52825e-06	0	0	-nan
1.53426e-06	0	0	-nan
1.54707e-06	0	0	-nan
1.56573e-06	0	0	-nan
1.60633e-06	0	0	-nan
1.62329e-06	0	0	-nan
1.6337e-06	0	0	-nan
1.64355e-06	0	0	-nan
1.64426e-06	0	0	-nan
1.66543e-06	0	0	-nan
1.69023e-06	0	0	-nan
1.72058e-06	0	0	-nan
1.73158e-06	0	0	-nan
1.73475e-06	0	0	-nan
1.73557e-06	0	0	-nan
1.74591e-06	0	0	-nan
1.77169e-06	0	0	-nan
1.79275e-06	0	0	-nan
1.83009e-06	0	0	-nan
1.86042e-06	0	0	-nan
1.86146e-06	0	0	-nan
1.88094e-06	0	0	-nan
1.88224e-06	0	0	-nan
1.88903e-06	0	0	-nan
1.91062e-06	0	0	-nan
1.95095e-06	0	0	-nan
2.02056e-06	0	0	-nan
2.05571e-06	0	0	-nan
2.06942e-06	0	0	-nan
2.08065e-06	0	0	-nan
2.09398e-06	0	0	-nan
2.11896e-06	0	0	-nan
2.12776e-06	0	0	-nan
2.14294e-06	0	0	-nan
2.15367e-06	0	0	-nan
2.15378e-06	0	0	-nan
2.16149e-06	0	0	-nan
2.17935e-06	0	0	-nan
2.18628e-06	0	0	-nan
2.20987e-06	0	0	-nan
2.22935e-06	0	0	-nan
2.23174e-06	0	0	-nan
2.26648e-06	0	0	-nan
2.27189e-06	0	0	-nan
2.2786e-06	0	0	-nan
2.30732e-06	0	0	-nan
2.34979e-06	0	0	-nan
2.37008e-06	0	0	-nan
2.39112e-06	0	0	-nan
2.40387e-06	0	0	-nan
2.43281e-06	0	0	-nan
2.43419e-06	0	0	-nan
2.47994e-06	0	0	-nan
2.49154e-06	0	0	-nan
2.49392e-06	0	0	-nan
2.49661e-06	0	0	-nan
2.5091e-06	0	0	-nan
2.52014e-06	0	0	-nan
2.52575e-06	0	0	-nan
2.58359e-06	0	0	-nan
2.60161e-06	0	0	-nan
2.6111e-06	0	0	-nan
2.64857e-06	0	0	-nan
2.67183e-06	0	0	-nan
2.68026e-06	0	0	-nan
2.69024e-06	0	0	-nan
2.7013e-06	0	0	-nan
2.70881e-06	0	0	-nan
2.72782e-06	0	0	-nan
2.74895e-06	0	0	-nan
2.7536e-06	0	0	-nan
2.81029e-06	0	0	-nan
2.81795e-06	0	0	-nan
2.82913e-06	0	0	-nan
2.83057e-06	0	0	-nan
2.86196e-06	0	0	-nan
2.86392e-06	0	0	-nan
2.88963e-06	0	0	-nan
2.8953e-06	0	0	-nan
2.98834e-06	0	0	-nan
3.01312e-06	0	0	-nan
3.01487e-06	0	0	-nan
3.05214e-06	0	0	-nan
3.11834e-06	0	0	-nan
3.14707e-06	0	0	-nan
3.16108e-06	0	0	-nan
3.1772e-06	0	0	-nan
3.21786e-06	0	0	-nan
3.22805e-06	0	0	-nan
3.24973e-06	0	0	-nan
3.25596e-06	0	0	-nan
3.29478e-06	0	0	-nan
3.29762e-06	0	0	-nan
3.30307e-06	0	0	-nan
3.30362e-06	0	0	-nan
3.31487e-06	0	0	-nan
3.32268e-06	0	0	-nan
3.35697e-06	0	0	-nan
3.35963e-06	0	0	-nan
3.39733e-06	0	0	-nan
3.40591e-06	0	0	-nan
3.43638e-06	0	0	-nan
3.54697e-06	0	0	-nan
3.54781e-06	0	0	-nan
3.55617e-06	0	0	-nan
3.58706e-06	0	0	-nan
3.60489e-06	0	0	-nan
3.6414e-06	0	0	-nan
3.67479e-06	0	0	-nan
3.68523e-06	0	0	-nan
3.68702e-06	0	0	-nan
3.68732e-06	0	0	-nan
3.69878e-06	0	0	-nan
3.71115e-06	0	0	-nan
3.71297e-06	0	0	-nan
3.74496e-06	0	0	-nan
3.75349e-06	0	0	-nan
3.76606e-06	0	0	-nan
3.79507e-06	0	0	-nan
3.80387e-06	0	0	-nan
3.86192e-06	0	0	-nan
3.86415e-06	0	0	-nan
3.87145e-06	0	0	-nan
3.926e-06	0	0	-nan
3.95266e-06	0	0	-nan
3.96281e-06	0	0	-nan
3.97586e-06	0	0	-nan
3.98862e-06	0	0	-nan
3.99864e-06	0	0	-nan
4.02862e-06	0	0	-nan
4.02994e-06	0	0	-nan
4.03991e-06	0	0	-nan
4.05024e-06	0	0	-nan
4.08798e-06	0	0	-nan
4.11508e-06	0	0	-nan
4.11852e-06	0	0	-nan
4.14906e-06	0	0	-nan
4.22545e-06	0	0	-nan
4.2436e-06	0	0	-nan
4.27544e-06	0	0	-nan
4.27672e-06	0	0	-nan
4.27688e-06	0	0	-nan
4.2921e-06	0	0	-nan
4.31638e-06	0	0	-nan
4.34529e-06	0	0	-nan
4.34959e-06	0	0	-nan
4.35048e-06	0	0	-nan
4.36159e-06	0	0	-nan
4.37738e-06	0	0	-nan
4.39659e-06	0	0	-nan
4.43399e-06	0	0	-nan
4.44851e-06	0	0	-nan
4.52331e-06	0	0	-nan
4.53339e-06	0	0	-nan
4.559e-06	0	0	-nan
4.59157e-06	0	0	-nan
4.60226e-06	0	0	-nan
4.61342e-06	0	0	-nan
4.62844e-06	0	0	-nan
4.65124e-06	0	0	-nan
4.66238e-06	0	0	-nan
4.70221e-06	0	0	-nan
4.70612e-06	0	0	-nan
4.73235e-06	0	0	-nan
4.78042e-06	0	0	-nan
4.82641e-06	0	0	-nan
4.86598e-06	0	0	-nan
4.88357e-06	0	0	-nan
4.90568e-06	0	0	-nan
4.93665e-06	0	0	-nan
4.99045e-06	0	0	-nan
5.00132e-06	0	0	-nan
5.0271e-06	0	0	-nan
5.03081e-06	0	0	-nan
5.03927e-06	0	0	-nan
5.04411e-06	0	0	-nan
5.05098e-06	0	0	-nan
5.05397e-06	0	0	-nan
5.07365e-06	0	0	-nan
5.08951e-06	0	0	-nan
5.101e-06	0	0	-nan
5.10549e-06	0	0	-nan
5.16835e-06	0	0	-nan
5.20835e-06	0	0	-nan
5.22737e-06	0	0	-nan
5.27749e-06	0	0	-nan
5.29061e-06	0	0	-nan
5.29079e-06	0	0	-nan
5.31783e-06	0	0	-nan
5.33736e-06	0	0	-nan
5.36253e-06	0	0	-nan
5.472e-06	0	0	-nan
5.48247e-06	0	0	-nan
5.49331e-06	0	0	-nan
5.49353e-06	0	0	-nan
5.53488e-06	0	0	-nan
5.53715e-06	0	0	-nan
5.55621e-06	0	0	-nan
5.55919e-06	0	0	-nan
5.63178e-06	0	0	-nan
5.64489e-06	0	0	-nan
5.6544e-06	0	0	-nan
5.66915e-06	0	0	-nan
5.73102e-06	0	0	-nan
5.79693e-06	0	0	-nan
5.8009e-06	0	0	-nan
5.81431e-06	0	0	-nan
5.83458e-06	0	0	-nan
5.83759e-06	0	0	-nan
5.89624e-06	0	0	-nan
5.91894e-06	0	0	-nan
5.93713e-06	0	0	-nan
5.93986e-06	0	0	-nan
5.94905e-06	0	0	-nan
5.96934e-06	0	0	-nan
5.96958e-06	0	0	-nan
5.99396e-06	0	0	-nan
6.01195e-06	0	0	-nan
6.01321e-06	0	0	-nan
6.02184e-06	0	0	-nan
6.0965e-06	0	0	-nan
6.11058e-06	0	0	-nan
6.14057e-06	0	0	-nan
6.14393e-06	0	0	-nan
6.15465e-06	0	0	-nan
6.19476e-06	0	0	-nan
6.23809e-06	0	0	-nan
6.24869e-06	0	0	-nan
6.2811e-06	0	0	-nan
6.35426e-06	0	0	-nan
6.39538e-06	0	0	-nan
6.41607e-06	0	0	-nan
6.42807e-06	0	0	-nan
6.43186e-06	0	0	-nan
6.45494e-06	0	0	-nan
6.52604e-06	0	0	-nan
6.6119e-06	0	0	-nan
6.64276e-06	0	0	-nan
6.68322e-06	0	0	-nan
6.75515e-06	0	0	-nan
6.75573e-06	0	0	-nan
6.76775e-06	0	0	-nan
6.82438e-06	0	0	-nan
6.85998e-06	0	0	-nan
6.88033e-06	0	0	-nan
6.91696e-06	0	0	-nan
6.94962e-06	0	0	-nan
7.07169e-06	0	0	-nan
7.10014e-06	0	0	-nan
7.10732e-06	0	0	-nan
7.23399e-06	0	0	-nan
7.24312e-06	0	0	-nan
7.24871e-06	0	0	-nan
7.277e-06	0	0	-nan
7.28961e-06	0	0	-nan
7.2986e-06	0	0	-nan
7.31508e-06	0	0	-nan
7.33428e-06	0	0	-nan
7.34405e-06	0	0	-nan
7.42298e-06	0	0	-nan
7.45691e-06	0	0	-nan
7.51314e-06	0	0	-nan
7.53719e-06	0	0	-nan
7.567e-06	0	0	-nan
7.66355e-06	0	0	-nan
7.6708e-06	0	0	-nan
7.71118e-06	0	0	-nan
7.7311e-06	0	0	-nan
7.76637e-06	0	0	-nan
7.82299e-06	0	0	-nan
7.85616e-06	0	0	-nan
7.9038e-06	0	0	-nan
7.92735e-06	0	0	-nan
7.9574e-06	0	0	-nan
7.98199e-06	0	0	-nan
7.9839e-06	0	0	-nan
8.00154e-06	0	0	-nan
8.01024e-06	0	0	-nan
8.02105e-06	0	0	-nan
8.02185e-06	0	0	-nan
8.04635e-06	0	0	-nan
8.1127e-06	0	0	-nan
8.12019e-06	0	0	-nan
8.12873e-06	0	0	-nan
8.15896e-06	0	0	-nan
8.22148e-06	0	0	-nan
8.23692e-06	0	0	-nan
8.24381e-06	0	0	-nan
8.27774e-06	0	0	-nan
8.29023e-06	0	0	-nan
8.30534e-06	0	0	-nan
8.32056e-06	0	0	-nan
8.35094e-06	0	0	-nan
8.39564e-06	0	0	-nan
8.46143e-06	0	0	-nan
8.50232e-06	0	0	-nan
8.51167e-06	0	0	-nan
8.52527e-06	0	0	-nan
8.54741e-06	0	0	-nan
8.57438e-06	0	0	-nan
8.67332e-06	0	0	-nan
8.68475e-06	0	0	-nan
8.72086e-06	0	0	-nan
8.79727e-06	0	0	-nan
8.83215e-06	0	0	-nan
8.86859e-06	0	0	-nan
8.95357e-06	0	0	-nan
8.98815e-06	0	0	-nan
9.03421e-06	0	0	-nan
9.0397e-06	0	0	-nan
9.09396e-06	0	0	-nan
9.17066e-06	0	0	-nan
9.25197e-06	0	0	-nan
9.31403e-06	0	0	-nan
9.31507e-06	0	0	-nan
9.33288e-06	0	0	-nan
9.36535e-06	0	0	-nan
9.39378e-06	0	0	-nan
9.45849e-06	0	0	-nan
9.47109e-06	0	0	-nan
9.48114e-06	0	0	-nan
9.48919e-06	0	0	-nan
9.51816e-06	0	0	-nan
9.56027e-06	0	0	-nan
9.56173e-06	0	0	-nan
9.579e-06	0	0	-nan
9.69737e-06	0	0	-nan
9.69916e-06	0	0	-nan
9.72158e-06	0	0	-nan
9.7547e-06	0	0	-nan
9.76993e-06	0	0	-nan
9.77796e-06	0	0	-nan
9.79093e-06	0	0	-nan
9.8292e-06	0	0	-nan
9.83994e-06	0	0	-nan
9.95468e-06	0	0	-nan
1.00357e-05	0	0	-nan
1.00811e-05	0	0	-nan
1.01299e-05	0	0	-nan
1.02582e-05	0	0	-nan
1.0307e-05	0	0	-nan
1.0357e-05	0	0	-nan
1.03686e-05	0	0	-nan
1.03923e-05	0	0	-nan
1.04186e-05	0	0	-nan
1.0445e-05	0	0	-nan
1.05111e-05	0	0	-nan
1.0516e-05	0	0	-nan
1.05354e-05	0	0	-nan
1.05559e-05	0	0	-nan
1.06036e-05	0	0	-nan
1.0613e-05	0	0	-nan
1.06622e-05	0	0	-nan
1.06897e-05	0	0	-nan
1.06987e-05	0	0	-nan
1.07109e-05	0	0	-nan
1.07583e-05	0	0	-nan
1.07671e-05	0	0	-nan
1.08491e-05	0	0	-nan
1.08557e-05	0	0	-nan
1.08857e-05	0	0	-nan
1.09461e-05	0	0	-nan
1.09726e-05	0	0	-nan
1.09951e-05	0	0	-nan
1.10543e-05	0	0	-nan
1.11866e-05	0	0	-nan
1.11967e-05	0	0	-nan
1.11984e-05	0	0	-nan
1.12075e-05	0	0	-nan
1.12444e-05	0	0	-nan
1.12659e-05	0	0	-nan
1.13101e-05	0	0	-nan
1.13191e-05	0	0	-nan
1.13584e-05	0	0	-nan
1.13664e-05	0	0	-nan
1.13701e-05	0	0	-nan
1.14181e-05	0	0	-nan
1.14502e-05	0	0	-nan
1.15027e-05	0	0	-nan
1.15369e-05	0	0	-nan
1.15791e-05	0	0	-nan
1.16089e-05	0	0	-nan
1.16165e-05	0	0	-nan
1.16181e-05	0	0	-nan
1.16593e-05	0	0	-nan
1.16745e-05	0	0	-nan
1.16983e-05	0	0	-nan
1.17267e-05	0	0	-nan
1.17718e-05	0	0	-nan
1.17928e-05	0	0	-nan
1.18025e-05	0	0	-nan
1.18089e-05	0	0	-nan
1.18206e-05	0	0	-nan
1.18425e-05	0	0	-nan
1.18538e-05	0	0	-nan
1.18581e-05	0	0	-nan
1.18704e-05	0	0	-nan
1.19059e-05	0	0	-nan
1.19798e-05	0	0	-nan
1.20377e-05	0	0	-nan
1.20732e-05	0	0	-nan
1.21393e-05	0	0	-nan
1.22095e-05	0	0	-nan
1.22269e-05	0	0	-nan
1.22378e-05	0	0	-nan
1.22784e-05	0	0	-nan
1.22798e-05	0	0	-nan
1.23114e-05	0	0	-nan
1.23331e-05	0	0	-nan
1.24033e-05	0	0	-nan
1.2462e-05	0	0	-nan
1.24904e-05	0	0	-nan
1.25407e-05	0	0	-nan
1.25547e-05	0	0	-nan
1.25833e-05	0	0	-nan
1.26011e-05	0	0	-nan
1.26023e-05	0	0	-nan
1.26075e-05	0	0	-nan
1.26077e-05	0	0	-nan
1.2629e-05	0	0	-nan
1.26943e-05	0	0	-nan
1.27774e-05	0	0	-nan
1.28021e-05	0	0	-nan
1.28368e-05	0	0	-nan
1.28416e-05	0	0	-nan
1.28771e-05	0	0	-nan
1.28816e-05	0	0	-nan
1.29163e-05	0	0	-nan
1.29223e-05	0	0	-nan
1.29689e-05	0	0	-nan
1.29777e-05	0	0	-nan
1.30012e-05	0	0	-nan
1.30048e-05	0	0	-nan
1.30875e-05	0	0	-nan
1.31411e-05	0	0	-nan
1.32321e-05	0	0	-nan
1.32645e-05	0	0	-nan
1.33089e-05	0	0	-nan
1.33117e-05	0	0	-nan
1.34399e-05	0	0	-nan
1.34412e-05	0	0	-nan
1.3552e-05	0	0	-nan
1.35697e-05	0	0	-nan
1.36118e-05	0	0	-nan
1.36172e-05	0	0	-nan
1.37772e-05	0	0	-nan
1.37814e-05	0	0	-nan
1.38293e-05	0	0	-nan
1.38749e-05	0	0	-nan
1.39163e-05	0	0	-nan
1.39796e-05	0	0	-nan
1.39975e-05	0	0	-nan
1.405e-05	0	0	-nan
1.40628e-05	0	0	-nan
1.40724e-05	0	0	-nan
1.40786e-05	0	0	-nan
1.41108e-05	0	0	-nan
1.41828e-05	0	0	-nan
1.42304e-05	0	0	-nan
1.42556e-05	0	0	-nan
1.43978e-05	0	0	-nan
1.44125e-05	0	0	-nan
1.44426e-05	0	0	-nan
1.44934e-05	0	0	-nan
1.45019e-05	0	0	-nan
1.46027e-05	0	0	-nan
1.47105e-05	0	0	-nan
1.47389e-05	0	0	-nan
1.47841e-05	0	0	-nan
1.47984e-05	0	0	-nan
1.48941e-05	0	0	-nan
1.49403e-05	0	0	-nan
1.49586e-05	0	0	-nan
1.49614e-05	0	0	-nan
1.49875e-05	0	0	-nan
1.50895e-05	0	0	-nan
1.51077e-05	0	0	-nan
1.51093e-05	0	0	-nan
1.51151e-05	0	0	-nan
1.51243e-05	0	0	-nan
1.51395e-05	0	0	-nan
1.51528e-05	0	0	-nan
1.51624e-05	0	0	-nan
1.52144e-05	0	0	-nan
1.52399e-05	0	0	-nan
1.52748e-05	0	0	-nan
1.52886e-05	0	0	-nan
1.52899e-05	0	0	-nan
1.54084e-05	0	0	-nan
1.54362e-05	0	0	-nan
1.54452e-05	0	0	-nan
1.54773e-05	0	0	-nan
1.55252e-05	0	0	-nan
1.55463e-05	0	0	-nan
1.56032e-05	0	0	-nan
1.57719e-05	0	0	-nan
1.58626e-05	0	0	-nan
1.58802e-05	0	0	-nan
1.59325e-05	0	0	-nan
1.60613e-05	0	0	-nan
1.60856e-05	0	0	-nan
1.61216e-05	0	0	-nan
1.61234e-05	0	0	-nan
1.61486e-05	0	0	-nan
1.61702e-05	0	0	-nan
1.62494e-05	0	0	-nan
1.62768e-05	0	0	-nan
1.6281e-05	0	0	-nan
1.64972e-05	0	0	-nan
1.65022e-05	0	0	-nan
1.65338e-05	0	0	-nan
1.66019e-05	0	0	-nan
1.6619e-05	0	0	-nan
1.6625e-05	0	0	-nan
1.67084e-05	0	0	-nan
1.6726e-05	0	0	-nan
1.67647e-05	0	0	-nan
1.69053e-05	0	0	-nan
1.69402e-05	0	0	-nan
1.69756e-05	0	0	-nan
1.69944e-05	0	0	-nan
1.69947e-05	0	0	-nan
1.69974e-05	0	0	-nan
1.70117e-05	0	0	-nan
1.70209e-05	0	0	-nan
1.7031e-05	0	0	-nan
1.71415e-05	0	0	-nan
1.71863e-05	0	0	-nan
1.71876e-05	0	0	-nan
1.71968e-05	0	0	-nan
1.72212e-05	0	0	-nan
1.72315e-05	0	0	-nan
1.72526e-05	0	0	-nan
1.74715e-05	0	0	-nan
1.74779e-05	0	0	-nan
1.7515e-05	0	0	-nan
1.75662e-05	0	0	-nan
1.7631e-05	0	0	-nan
1.7744e-05	0	0	-nan
1.78178e-05	0	0	-nan
1.78275e-05	0	0	-nan
1.7852e-05	0	0	-nan
1.79345e-05	0	0	-nan
1.80824e-05	0	0	-nan
1.82058e-05	0	0	-nan
1.8275e-05	0	0	-nan
1.84124e-05	0	0	-nan
1.84799e-05	0	0	-nan
1.8513e-05	0	0	-nan
1.85883e-05	0	0	-nan
1.87087e-05	0	0	-nan
1.87739e-05	0	0	-nan
1.87901e-05	0	0	-nan
1.88175e-05	0	0	-nan
1.88516e-05	0	0	-nan
1.89171e-05	0	0	-nan
1.89607e-05	0	0	-nan
1.9002e-05	0	0	-nan
1.90243e-05	0	0	-nan
1.90719e-05	0	0	-nan
1.91185e-05	0	0	-nan
1.91628e-05	0	0	-nan
1.92111e-05	0	0	-nan
1.93722e-05	0	0	-nan
1.93782e-05	0	0	-nan
1.94021e-05	0	0	-nan
1.95806e-05	0	0	-nan
1.96388e-05	0	0	-nan
1.96454e-05	0	0	-nan
1.96901e-05	0	0	-nan
1.98107e-05	0	0	-nan
1.98731e-05	0	0	-nan
1.99773e-05	0	0	-nan
2.00598e-05	0	0	-nan
2.00607e-05	0	0	-nan
2.00781e-05	0	0	-nan
2.01198e-05	0	0	-nan
2.0232e-05	0	0	-nan
2.02458e-05	0	0	-nan
2.02782e-05	0	0	-nan
2.02924e-05	0	0	-nan
2.03771e-05	0	0	-nan
2.04563e-05	0	0	-nan
2.04756e-05	0	0	-nan
2.0613e-05	0	0	-nan
2.06635e-05	0	0	-nan
2.08084e-05	0	0	-nan
2.08958e-05	0	0	-nan
2.09692e-05	0	0	-nan
2.09873e-05	0	0	-nan
2.09993e-05	0	0	-nan
2.10721e-05	0	0	-nan
2.11058e-05	0	0	-nan
2.11296e-05	0	0	-nan
2.11634e-05	0	0	-nan
2.12089e-05	0	0	-nan
2.12109e-05	0	0	-nan
2.12167e-05	0	0	-nan
2.12237e-05	0	0	-nan
2.13238e-05	0	0	-nan
2.13364e-05	0	0	-nan
2.14697e-05	0	0	-nan
2.15061e-05	0	0	-nan
2.15535e-05	0	0	-nan
2.15758e-05	0	0	-nan
2.16318e-05	0	0	-nan
2.17852e-05	0	0	-nan
2.18219e-05	0	0	-nan
2.1842e-05	0	0	-nan
2.18731e-05	0	0	-nan
2.19839e-05	0	0	-nan
2.20295e-05	0	0	-nan
2.21153e-05	0	0	-nan
2.21163e-05	0	0	-nan
2.21206e-05	0	0	-nan
2.21244e-05	0	0	-nan
2.23375e-05	0	0	-nan
2.2349e-05	0	0	-nan
2.23977e-05	0	0	-nan
2.24087e-05	0	0	-nan
2.24493e-05	0	0	-nan
2.24811e-05	0	0	-nan
2.25316e-05	0	0	-nan
2.27374e-05	0	0	-nan
2.27422e-05	0	0	-nan
2.27974e-05	0	0	-nan
2.28082e-05	0	0	-nan
2.29412e-05	0	0	-nan
2.29709e-05	0	0	-nan
2.30169e-05	0	0	-nan
2.32002e-05	0	0	-nan
2.32709e-05	0	0	-nan
2.3401e-05	0	0	-nan
2.34692e-05	0	0	-nan
2.3523e-05	0	0	-nan
2.35509e-05	0	0	-nan
2.3557e-05	0	0	-nan
2.3585e-05	0	0	-nan
2.36587e-05	0	0	-nan
2.37023e-05	0	0	-nan
2.37733e-05	0	0	-nan
2.38099e-05	0	0	-nan
2.38485e-05	0	0	-nan
2.38678e-05	0	0	-nan
2.3868e-05	0	0	-nan
2.40344e-05	0	0	-nan
2.41109e-05	0	0	-nan
2.43095e-05	0	0	-nan
2.43552e-05	0	0	-nan
2.43838e-05	0	0	-nan
2.44746e-05	0	0	-nan
2.45463e-05	0	0	-nan
2.45818e-05	0	0	-nan
2.477e-05	0	0	-nan
2.47798e-05	0	0	-nan
2.48301e-05	0	0	-nan
2.48941e-05	0	0	-nan
2.49253e-05	0	0	-nan
2.49636e-05	0	0	-nan
2.50621e-05	0	0	-nan
2.5081e-05	0	0	-nan
2.51182e-05	0	0	-nan
2.51538e-05	0	0	-nan
2.51768e-05	0	0	-nan
2.5181e-05	0	0	-nan
2.52063e-05	0	0	-nan
2.52322e-05	0	0	-nan
2.53446e-05	0	0	-nan
2.55387e-05	0	0	-nan
2.56241e-05	0	0	-nan
2.56849e-05	0	0	-nan
2.5701e-05	0	0	-nan
2.57718e-05	0	0	-nan
2.58209e-05	0	0	-nan
2.585e-05	0	0	-nan
2.58887e-05	0	0	-nan
2.594e-05	0	0	-nan
2.59609e-05	0	0	-nan
2.59816e-05	0	0	-nan
2.61387e-05	0	0	-nan
2.61501e-05	0	0	-nan
2.62481e-05	0	0	-nan
2.62634e-05	0	0	-nan
2.6297e-05	0	0	-nan
2.63709e-05	0	0	-nan
2.63967e-05	0	0	-nan
2.64264e-05	0	0	-nan
2.65688e-05	0	0	-nan
2.66243e-05	0	0	-nan
2.6751e-05	0	0	-nan
2.67723e-05	0	0	-nan
2.69067e-05	0	0	-nan
2.69071e-05	0	0	-nan
2.69282e-05	0	0	-nan
2.696e-05	0	0	-nan
2.70837e-05	0	0	-nan
2.72717e-05	0	0	-nan
2.72955e-05	0	0	-nan
2.73941e-05	0	0	-nan
2.74893e-05	0	0	-nan
2.75012e-05	0	0	-nan
2.77322e-05	0	0	-nan
2.78048e-05	0	0	-nan
2.79076e-05	0	0	-nan
2.80192e-05	0	0	-nan
2.80218e-05	0	0	-nan
2.80442e-05	0	0	-nan
2.82156e-05	0	0	-nan
2.84192e-05	0	0	-nan
2.86084e-05	0	0	-nan
2.86981e-05	0	0	-nan
2.86989e-05	0	0	-nan
2.89161e-05	0	0	-nan
2.89552e-05	0	0	-nan
2.90344e-05	0	0	-nan
2.90725e-05	0	0	-nan
2.91343e-05	0	0	-nan
2.92519e-05	0	0	-nan
2.92744e-05	0	0	-nan
2.93137e-05	0	0	-nan
2.94378e-05	0	0	-nan
2.94557e-05	0	0	-nan
2.96708e-05	0	0	-nan
2.96734e-05	0	0	-nan
2.97749e-05	0	0	-nan
2.99659e-05	0	0	-nan
3.0017e-05	0	0	-nan
3.00894e-05	0	0	-nan
3.0235e-05	0	0	-nan
3.03274e-05	0	0	-nan
3.05168e-05	0	0	-nan
3.05772e-05	0	0	-nan
3.06059e-05	0	0	-nan
3.10406e-05	0	0	-nan
3.10606e-05	0	0	-nan
3.1074e-05	0	0	-nan
3.11008e-05	0	0	-nan
3.11285e-05	0	0	-nan
3.12458e-05	0	0	-nan
3.13186e-05	0	0	-nan
3.13661e-05	0	0	-nan
3.13924e-05	0	0	-nan
3.1404e-05	0	0	-nan
3.14198e-05	0	0	-nan
3.14749e-05	0	0	-nan
3.15566e-05	0	0	-nan
3.15813e-05	0	0	-nan
3.17068e-05	0	0	-nan
3.18125e-05	0	0	-nan
3.193e-05	0	0	-nan
3.19477e-05	0	0	-nan
3.20752e-05	0	0	-nan
3.22491e-05	0	0	-nan
3.22976e-05	0	0	-nan
3.23584e-05	0	0	-nan
3.23789e-05	0	0	-nan
3.23962e-05	0	0	-nan
3.24866e-05	0	0	-nan
3.2601e-05	0	0	-nan
3.29071e-05	0	0	-nan
3.29644e-05	0	0	-nan
3.29888e-05	0	0	-nan
3.30837e-05	0	0	-nan
3.31993e-05	0	0	-nan
3.34379e-05	0	0	-nan
3.35623e-05	0	0	-nan
3.37369e-05	0	0	-nan
3.38234e-05	0	0	-nan
3.43479e-05	0	0	-nan
3.43721e-05	0	0	-nan
3.44716e-05	0	0	-nan
3.44941e-05	0	0	-nan
3.4495e-05	0	0	-nan
3.46094e-05	0	0	-nan
3.48281e-05	0	0	-nan
3.49435e-05	0	0	-nan
3.54866e-05	0	0	-nan
3.54917e-05	0	0	-nan
3.5492e-05	0	0	-nan
3.56976e-05	0	0	-nan
3.60642e-05	0	0	-nan
3.60657e-05	0	0	-nan
3.61565e-05	0	0	-nan
3.62601e-05	0	0	-nan
3.62867e-05	0	0	-nan
3.62941e-05	0	0	-nan
3.63788e-05	0	0	-nan
3.6457e-05	0	0	-nan
3.6476e-05	0	0	-nan
3.65895e-05	0	0	-nan
3.65979e-05	0	0	-nan
3.68673e-05	0	0	-nan
3.69377e-05	0	0	-nan
3.70376e-05	0	0	-nan
3.72432e-05	0	0	-nan
3.72765e-05	0	0	-nan
3.73755e-05	0	0	-nan
3.7748e-05	0	0	-nan
3.78309e-05	0	0	-nan
3.79346e-05	0	0	-nan
3.80776e-05	0	0	-nan
3.81169e-05	0	0	-nan
3.8121e-05	0	0	-nan
3.83392e-05	0	0	-nan
3.84056e-05	0	0	-nan
3.84188e-05	0	0	-nan
3.84469e-05	0	0	-nan
3.85505e-05	0	0	-nan
3.87027e-05	0	0	-nan
3.87143e-05	0	0	-nan
3.87365e-05	0	0	-nan
3.88778e-05	0	0	-nan
3.93567e-05	0	0	-nan
3.95532e-05	0	0	-nan
3.97438e-05	0	0	-nan
4.00378e-05	0	0	-nan
4.03703e-05	0	0	-nan
4.05614e-05	0	0	-nan
4.0718e-05	0	0	-nan
4.09193e-05	0	0	-nan
4.11297e-05	0	0	-nan
4.13166e-05	0	0	-nan
4.13201e-05	0	0	-nan
4.14914e-05	0	0	-nan
4.15083e-05	0	0	-nan
4.15945e-05	0	0	-nan
4.17261e-05	0	0	-nan
4.1733e-05	0	0	-nan
4.18343e-05	0	0	-nan
4.21566e-05	0	0	-nan
4.21576e-05	0	0	-nan
4.23706e-05	0	0	-nan
4.24053e-05	0	0	-nan
4.25338e-05	0	0	-nan
4.27436e-05	0	0	-nan
4.28431e-05	0	0	-nan
4.29297e-05	0	0	-nan
4.30156e-05	0	0	-nan
4.30869e-05	0	0	-nan
4.31309e-05	0	0	-nan
4.35292e-05	0	0	-nan
4.36196e-05	0	0	-nan
4.38503e-05	0	0	-nan
4.40265e-05	0	0	-nan
4.403e-05	0	0	-nan
4.40519e-05	0	0	-nan
4.4099e-05	0	0	-nan
4.41374e-05	0	0	-nan
4.45924e-05	0	0	-nan
4.47699e-05	0	0	-nan
4.48863e-05	0	0	-nan
4.54634e-05	0	0	-nan
4.60182e-05	0	0	-nan
4.6114e-05	0	0	-nan
4.62505e-05	0	0	-nan
4.64101e-05	0	0	-nan
4.65034e-05	0	0	-nan
4.66736e-05	0	0	-nan
4.67555e-05	0	0	-nan
4.67903e-05	0	0	-nan
4.68727e-05	0	0	-nan
4.6912e-05	0	0	-nan
4.69531e-05	0	0	-nan
4.77218e-05	0	0	-nan
4.77373e-05	0	0	-nan
4.7851e-05	0	0	-nan
4.78995e-05	0	0	-nan
4.79881e-05	0	0	-nan
4.83181e-05	0	0	-nan
4.83681e-05	0	0	-nan
4.84111e-05	0	0	-nan
4.84171e-05	0	0	-nan
4.84281e-05	0	0	-nan
4.85101e-05	0	0	-nan
4.87006e-05	0	0	-nan
4.88544e-05	0	0	-nan
4.9261e-05	0	0	-nan
4.93574e-05	0	0	-nan
5.00022e-05	0	0	-nan
5.00792e-05	0	0	-nan
5.04076e-05	0	0	-nan
5.0461e-05	0	0	-nan
5.05335e-05	0	0	-nan
5.05791e-05	0	0	-nan
5.05813e-05	0	0	-nan
5.05948e-05	0	0	-nan
5.06795e-05	0	0	-nan
5.08441e-05	0	0	-nan
5.10671e-05	0	0	-nan
5.16345e-05	0	0	-nan
5.16935e-05	0	0	-nan
5.17573e-05	0	0	-nan
5.19712e-05	0	0	-nan
5.21501e-05	0	0	-nan
5.25746e-05	0	0	-nan
5.27288e-05	0	0	-nan
5.28902e-05	0	0	-nan
5.33447e-05	0	0	-nan
5.35119e-05	0	0	-nan
5.37962e-05	0	0	-nan
5.39843e-05	0	0	-nan
5.42407e-05	0	0	-nan
5.43125e-05	0	0	-nan
5.4344e-05	0	0	-nan
5.46028e-05	0	0	-nan
5.48112e-05	0	0	-nan
5.48171e-05	0	0	-nan
5.5107e-05	0	0	-nan
5.52168e-05	0	0	-nan
5.53199e-05	0	0	-nan
5.53572e-05	0	0	-nan
5.53654e-05	0	0	-nan
5.53701e-05	0	0	-nan
5.53801e-05	0	0	-nan
5.54736e-05	0	0	-nan
5.55302e-05	0	0	-nan
5.59505e-05	0	0	-nan
5.62985e-05	0	0	-nan
5.63255e-05	0	0	-nan
5.63457e-05	0	0	-nan
5.64195e-05	0	0	-nan
5.65074e-05	0	0	-nan
5.68079e-05	0	0	-nan
5.69689e-05	0	0	-nan
5.70121e-05	0	0	-nan
5.71659e-05	0	0	-nan
5.72374e-05	0	0	-nan
5.76032e-05	0	0	-nan
5.77955e-05	0	0	-nan
5.80019e-05	0	0	-nan
5.80718e-05	0	0	-nan
5.82212e-05	0	0	-nan
5.842e-05	0	0	-nan
5.85595e-05	0	0	-nan
5.86414e-05	0	0	-nan
5.88309e-05	0	0	-nan
5.89124e-05	0	0	-nan
5.89214e-05	0	0	-nan
5.90753e-05	0	0	-nan
5.96004e-05	0	0	-nan
5.97839e-05	0	0	-nan
5.99074e-05	0	0	-nan
5.99492e-05	0	0	-nan
6.03052e-05	0	0	-nan
6.05849e-05	0	0	-nan
6.07023e-05	0	0	-nan
6.13727e-05	0	0	-nan
6.14645e-05	0	0	-nan
6.15086e-05	0	0	-nan
6.17015e-05	0	0	-nan
6.21315e-05	0	0	-nan
6.23992e-05	0	0	-nan
6.25327e-05	0	0	-nan
6.26867e-05	0	0	-nan
6.29488e-05	0	0	-nan
6.31127e-05	0	0	-nan
6.32095e-05	0	0	-nan
6.33054e-05	0	0	-nan
6.37788e-05	0	0	-nan
6.37857e-05	0	0	-nan
6.37959e-05	0	0	-nan
6.38436e-05	0	0	-nan
6.39082e-05	0	0	-nan
6.40683e-05	0	0	-nan
6.41894e-05	0	0	-nan
6.4278e-05	0	0	-nan
6.42806e-05	0	0	-nan
6.43641e-05	0	0	-nan
6.4408e-05	0	0	-nan
6.46901e-05	0	0	-nan
6.48194e-05	0	0	-nan
6.48737e-05	0	0	-nan
6.50838e-05	0	0	-nan
6.54022e-05	0	0	-nan
6.57759e-05	0	0	-nan
6.58007e-05	0	0	-nan
6.58268e-05	0	0	-nan
6.59034e-05	0	0	-nan
6.66044e-05	0	0	-nan
6.67472e-05	0	0	-nan
6.68585e-05	0	0	-nan
6.728e-05	0	0	-nan
6.74881e-05	0	0	-nan
6.75265e-05	0	0	-nan
6.77026e-05	0	0	-nan
6.81574e-05	0	0	-nan
6.9232e-05	0	0	-nan
6.93104e-05	0	0	-nan
6.95054e-05	0	0	-nan
6.96185e-05	0	0	-nan
7.0182e-05	0	0	-nan
7.02429e-05	0	0	-nan
7.07233e-05	0	0	-nan
7.0823e-05	0	0	-nan
7.116e-05	0	0	-nan
7.12987e-05	0	0	-nan
7.16218e-05	0	0	-nan
7.17613e-05	0	0	-nan
7.17875e-05	0	0	-nan
7.19693e-05	0	0	-nan
7.21198e-05	0	0	-nan
7.22766e-05	0	0	-nan
7.23313e-05	0	0	-nan
7.29866e-05	0	0	-nan
7.33348e-05	0	0	-nan
7.36852e-05	0	0	-nan
7.3991e-05	0	0	-nan
7.41595e-05	0	0	-nan
7.43275e-05	0	0	-nan
7.45723e-05	0	0	-nan
7.4784e-05	0	0	-nan
7.48101e-05	0	0	-nan
7.5022e-05	0	0	-nan
7.60418e-05	0	0	-nan
7.61412e-05	0	0	-nan
7.61468e-05	0	0	-nan
7.61509e-05	0	0	-nan
7.62074e-05	0	0	-nan
7.67163e-05	0	0	-nan
7.67976e-05	0	0	-nan
7.70399e-05	0	0	-nan
7.70772e-05	0	0	-nan
7.74278e-05	0	0	-nan
7.7432e-05	0	0	-nan
7.75418e-05	0	0	-nan
7.77577e-05	0	0	-nan
7.80395e-05	0	0	-nan
7.80618e-05	0	0	-nan
7.81151e-05	0	0	-nan
7.86676e-05	0	0	-nan
7.88133e-05	0	0	-nan
7.91019e-05	0	0	-nan
7.95198e-05	0	0	-nan
7.99703e-05	0	0	-nan
8.02432e-05	0	0	-nan
8.03116e-05	0	0	-nan
8.13065e-05	0	0	-nan
8.13256e-05	0	0	-nan
8.19087e-05	0	0	-nan
8.19426e-05	0	0	-nan
8.21082e-05	0	0	-nan
8.22164e-05	0	0	-nan
8.35263e-05	0	0	-nan
8.35768e-05	0	0	-nan
8.35987e-05	0	0	-nan
8.36067e-05	0	0	-nan
8.37229e-05	0	0	-nan
8.38875e-05	0	0	-nan
8.47161e-05	0	0	-nan
8.56367e-05	0	0	-nan
8.63223e-05	0	0	-nan
8.66807e-05	0	0	-nan
8.72616e-05	0	0	-nan
8.73271e-05	0	0	-nan
8.73661e-05	0	0	-nan
8.77507e-05	0	0	-nan
8.81199e-05	0	0	-nan
8.8379e-05	0	0	-nan
8.84571e-05	0	0	-nan
8.92738e-05	0	0	-nan
8.95254e-05	0	0	-nan
8.99032e-05	0	0	-nan
9.00551e-05	0	0	-nan
9.03925e-05	0	0	-nan
9.06298e-05	0	0	-nan
9.10881e-05	0	0	-nan
9.10882e-05	0	0	-nan
9.1286e-05	0	0	-nan
9.21671e-05	0	0	-nan
9.25392e-05	0	0	-nan
9.29297e-05	0	0	-nan
9.29668e-05	0	0	-nan
9.32494e-05	0	0	-nan
9.33969e-05	0	0	-nan
9.42537e-05	0	0	-nan
9.47658e-05	0	0	-nan
9.49258e-05	0	0	-nan
9.62171e-05	0	0	-nan
9.65579e-05	0	0	-nan
9.68862e-05	0	0	-nan
9.72591e-05	0	0	-nan
9.74198e-05	0	0	-nan
9.74368e-05	0	0	-nan
9.76349e-05	0	0	-nan
9.79956e-05	0	0	-nan
9.97275e-05	0	0	-nan
9.98983e-05	0	0	-nan
0.000100192	0	0	-nan
0.000100203	0	0	-nan
0.000100325	0	0	-nan
0.000100864	0	0	-nan
0.000101676	0	0	-nan
0.000102072	0	0	-nan
0.000102975	0	0	-nan
0.000103822	0	0	-nan
0.000104565	0	0	-nan
0.000105811	0	0	-nan
0.000106128	0	0	-nan
0.000106285	0	0	-nan
0.000106412	0	0	-nan
0.000106422	0	0	-nan
0.000106458	0	0	-nan
0.000106833	0	0	-nan
0.000107183	0	0	-nan
0.000107882	0	0	-nan
0.000107967	0	0	-nan
0.000108704	0	0	-nan
0.000109643	0	0	-nan
0.000109838	0	0	-nan
0.000109919	0	0	-nan
0.000110535	0	0	-nan
0.000110655	0	0	-nan
0.000111325	0	0	-nan
0.00011181	0	0	-nan
0.000112016	0	0	-nan
0.000112068	0	0	-nan
0.00011248	0	0	-nan
0.000113282	0	0	-nan
0.000115268	0	0	-nan
0.00011699	0	0	-nan
0.000117047	0	0	-nan
0.000117351	0	0	-nan
0.00011839	0	0	-nan
0.000119049	0	0	-nan
0.000119418	0	0	-nan
0.000121273	0	0	-nan
0.000121335	0	0	-nan
0.000122566	0	0	-nan
0.000122908	0	0	-nan
0.000123037	0	0	-nan
0.000123184	0	0	-nan
0.000123767	0	0	-nan
0.00012425	0	0	-nan
0.000126128	0	0	-nan
0.000126407	0	0	-nan
0.000126672	0	0	-nan
0.000128735	0	0	-nan
0.000128946	0	0	-nan
0.000131474	0	0	-nan
0.000131828	0	0	-nan
0.000131909	0	0	-nan
0.00013276	0	0	-nan
0.000132774	0	0	-nan
0.000132838	0	0	-nan
0.000134341	0	0	-nan
0.000134521	0	0	-nan
0.000135376	0	0	-nan
0.000136957	0	0	-nan
0.00013723	0	0	-nan
0.000137876	0	0	-nan
0.000138647	0	0	-nan
0.000139808	0	0	-nan
0.000139943	0	0	-nan
0.000140348	0	0	-nan
0.000141404	0	0	-nan
0.000142568	0	0	-nan
0.000142692	0	0	-nan
0.0001431	0	0	-nan
0.000143154	0	0	-nan
0.000143454	0	0	-nan
0.000143974	0	0	-nan
0.000144738	0	0	-nan
0.000145201	0	0	-nan
0.000145872	0	0	-nan
0.0001459	0	0	-nan
0.000146126	0	0	-nan
0.000146792	0	0	-nan
0.000147407	0	0	-nan
0.000147865	0	0	-nan
0.000147943	0	0	-nan
0.000148346	0	0	-nan
0.000148888	0	0	-nan
0.000150403	0	0	-nan
0.000150745	0	0	-nan
0.000151068	0	0	-nan
0.000151469	0	0	-nan
0.000152203	0	0	-nan
0.000152402	0	0	-nan
0.000152999	0	0	-nan
0.000153947	0	0	-nan
0.000154289	0	0	-nan
0.000156184	0	0	-nan
0.000156846	0	0	-nan
0.000156899	0	0	-nan
0.000166445	0	0	-nan
0.000172503	0	0	-nan
0.000173042	0	0	-nan
0.00017635	0	0	-nan
0.000176651	0	0	-nan
0.000177488	0	0	-nan
0.00017969	0	0	-nan
0.000181975	0	0	-nan
0.000182017	0	0	-nan
0.000184658	0	0	-nan
0.000186885	0	0	-nan
0.000190863	0	0	-nan
0.000192481	0	0	-nan
0.000193114	0	0	-nan
0.000193528	0	0	-nan
0.000194348	0	0	-nan
0.000194498	0	0	-nan
0.000196625	0	0	-nan
0.000200626	0	0	-nan
0.000201272	0	0	-nan
0.000201584	0	0	-nan
0.000201624	0	0	-nan
0.000202386	0	0	-nan
0.000203217	0	0	-nan
0.000206029	0	0	-nan
0.000206306	0	0	-nan
0.000208335	0	0	-nan
0.000209173	0	0	-nan
0.000210941	0	0	-nan
0.000223385	0	0	-nan
0.000225761	0	0	-nan
0.000233811	0	0	-nan
0.000233951	0	0	-nan
0.000244954	0	0	-nan
0.000248091	0	0	-nan
0.000255636	0	0	-nan
0.000255741	0	0	-nan
0.000257537	0	0	-nan
0.000267131	0	0	-nan
0.000268229	0	0	-nan
0.000269817	0	0	-nan
0.000279014	0	0	-nan
0.000282595	0	0	-nan
0.000290014	0	0	-nan
0.000303219	0	0	-nan
0.000312044	0	0	-nan
0.000324009	0	0	-nan
0.000334521	0	0	-nan
0.000353689	0	0	-nan
0.000354808	0	0	-nan
0.000356175	0	0	-nan
0.000368365	0	0	-nan
0.000394391	0	0	-nan
0.000396526	0	0	-nan
0.00040176	0	0	-nan
0.000408839	0	0	-nan
0.000436682	0	0	-nan
0.000445412	0	0	-nan
0.000478086	0	0	-nan
0.000486498	0	0	-nan
0.000488622	0	0	-nan
0.000490301	0	0	-nan
0.000492756	0	0	-nan
0.000495434	0	0	-nan
0.000536918	0	0	-nan
0.000545101	0	0	-nan
0.000545592	0	0	-nan
0.000548981	0	0	-nan
0.000552052	0	0	-nan
0.000569521	0	0	-nan
0.000579688	0	0	-nan
0.000585904	0	0	-nan
0.000590859	0	0	-nan
0.0006019	0	0	-nan
0.000612737	0	0	-nan
0.000634085	0	0	-nan
0.000653861	0	0	-nan
0.000655463	0	0	-nan
0.000672611	0	0	-nan
0.000700144	0	0	-nan
0.000730045	0	0	-nan
0.000744623	0	0	-nan
0.000746721	0	0	-nan
0.000751042	0	0	-nan
0.000771737	0	0	-nan
0.000901786	0	0	-nan
0.000929624	0	0	-nan
0.00099544	0	0	-nan
0.0010419	0	0	-nan
0.00106911	0	0	-nan
0.00114331	0	0	-nan
0.00119153	0	0	-nan
0.00123302	0	0	-nan
0.00130338	0	0	-nan
0.00133714	0	0	-nan
0.00150376	0	0	-nan
0.00151975	0	0	-nan
0.00152877	0	0	-nan
0.00159447	0	0	-nan
0.00164484	0	0	-nan
0.00191231	0	0	-nan
0.00191672	0	0	-nan
0.00194648	0	0	-nan
0.00219506	0	0	-nan
0.00220905	0	0	-nan
0.00228367	0	0	-nan
0.00241235	0	0	-nan
0.00284638	0	0	-nan
0.00300567	0	0	-nan
0.00446821	0	0	-nan
