9.7846e-10	0	0	0
4.12956e-09	0	0	0
4.5813e-09	0	0	0
4.99074e-09	0	0	0
5.79935e-09	0	0	0
9.56441e-09	0	0	0
9.91397e-09	0	0	0
1.15089e-08	0	0	0
1.15283e-08	0	0	0
1.65416e-08	0	0	0
1.7938e-08	0	0	0
1.86444e-08	0	0	0
1.96971e-08	0	0	0
2.12357e-08	0	0	0
2.745e-08	0	0	0
2.78646e-08	0	0	0
2.93465e-08	0	0	0
4.23162e-08	0	0	0
4.7496e-08	0	0	0
5.04128e-08	0	0	0
5.32009e-08	0	0	0
5.71901e-08	0	0	0
5.76327e-08	0	0	0
5.98821e-08	0	0	0
6.32369e-08	0	0	0
8.76968e-08	0	0	0
9.79355e-08	0	0	0
3.29127e-07	0	0	0
3.83533e-07	0	0	0
5.69232e-07	0	0	0
7.40554e-07	0	0	0
8.68241e-07	0	0	0
9.46437e-07	0	0	0
1.05612e-06	0	0	0
1.21317e-06	0	0	0
1.79221e-06	0	0	0
1.93275e-06	0	0	0
2.58119e-06	0	0	0
2.86212e-06	0	0	0
3.04953e-06	0	0	0
3.85465e-06	0	0	0
9.22386e-06	0	0	0
2.25875e-05	0	0	0
2.78394e-05	0	0	0
6.26082e-05	0	0	0
9.37027e-05	0	0	0
