2.16605e-10	0	0	0
1.45603e-09	0	0	0
1.57948e-09	0	0	0
2.77404e-09	0	0	0
3.77316e-09	0	0	0
4.15747e-09	0	0	0
5.42168e-09	0	0	0
6.50052e-09	0	0	0
6.7065e-09	0	0	0
1.04592e-08	0	0	0
1.14448e-08	0	0	0
1.39814e-08	0	0	0
1.69662e-08	0	0	0
1.96623e-08	0	0	0
2.00097e-08	0	0	0
2.38913e-08	0	0	0
2.79869e-08	0	0	0
2.94412e-08	0	0	0
2.97008e-08	0	0	0
3.15114e-08	0	0	0
3.33069e-08	0	0	0
3.56521e-08	0	0	0
3.71449e-08	0	0	0
4.24599e-08	0	0	0
4.35669e-08	0	0	0
4.95713e-08	0	0	0
1.95772e-07	0	0	0
4.91575e-07	0	0	0
5.91304e-07	0	0	0
6.15045e-07	0	0	0
7.03642e-07	0	0	0
7.47284e-07	0	0	0
1.10688e-06	0	0	0
1.32361e-06	0	0	0
1.90763e-06	0	0	0
2.05475e-06	0	0	0
2.3067e-06	0	0	0
2.45547e-06	0	0	0
2.7797e-06	0	0	0
2.85684e-06	0	0	0
4.37263e-06	0	0	0
5.26188e-06	0	0	0
7.19622e-06	0	0	0
7.38014e-06	0	0	0
9.57997e-06	0	0	0
1.03727e-05	0	0	0
1.47399e-05	0	0	0
