2.9334e-06	0	0	0
3.08752e-06	0	0	0
4.2982e-06	0	0	0
5.78808e-06	0	0	0
6.09218e-06	0	0	0
8.93627e-06	0	0	0
9.94439e-06	0	0	0
1.01084e-05	0	0	0
1.24698e-05	0	0	0
1.74328e-05	0	0	0
1.95448e-05	0	0	0
1.99751e-05	0	0	0
2.03544e-05	0	0	0
2.19554e-05	0	0	0
2.45233e-05	0	0	0
2.69779e-05	0	0	0
2.86164e-05	0	0	0
2.98235e-05	0	0	0
3.05407e-05	0	0	0
3.09571e-05	0	0	0
3.24661e-05	0	0	0
3.33331e-05	0	0	0
3.49251e-05	0	0	0
3.62717e-05	0	0	0
3.78626e-05	0	0	0
4.15623e-05	0	0	0
4.30178e-05	0	0	0
4.4026e-05	0	0	0
4.43849e-05	0	0	0
4.50075e-05	0	0	0
4.50155e-05	0	0	0
4.524e-05	0	0	0
4.63664e-05	0	0	0
4.81188e-05	0	0	0
4.982e-05	0	0	0
5.21233e-05	0	0	0
5.24929e-05	0	0	0
5.42382e-05	0	0	0
6.07947e-05	0	0	0
6.1604e-05	0	0	0
6.32441e-05	0	0	0
6.37516e-05	0	0	0
6.49022e-05	0	0	0
6.58284e-05	0	0	0
6.91609e-05	0	0	0
6.97314e-05	0	0	0
7.35987e-05	0	0	0
7.3902e-05	0	0	0
7.41839e-05	0	0	0
7.47981e-05	0	0	0
7.49855e-05	0	0	0
7.62134e-05	0	0	0
7.70948e-05	0	0	0
8.05811e-05	0	0	0
8.25351e-05	0	0	0
8.44057e-05	0	0	0
8.44801e-05	0	0	0
8.91329e-05	0	0	0
8.96273e-05	0	0	0
9.17733e-05	0	0	0
9.74322e-05	0	0	0
0.000101559	0	0	0
0.000102038	0	0	0
0.000103769	0	0	0
0.000106528	0	0	0
0.000108064	0	0	0
0.000108691	0	0	0
0.00010968	0	0	0
0.000113823	0	0	0
0.000117948	0	0	0
0.000118025	0	0	0
0.000118843	0	0	0
0.000121203	0	0	0
0.000129425	0	0	0
0.000133292	0	0	0
0.000137832	0	0	0
0.000140092	0	0	0
0.000142881	0	0	0
0.000143953	0	0	0
0.000153334	0	0	0
0.000157735	0	0	0
0.000160051	0	0	0
0.00016297	0	0	0
0.000167722	0	0	0
0.000172878	0	0	0
0.000174424	0	0	0
0.000174458	0	0	0
0.000175754	0	0	0
0.000177771	0	0	0
0.000179973	0	0	0
0.000180316	0	0	0
0.000194184	0	0	0
0.000196043	0	0	0
0.000197481	0	0	0
0.000204183	0	0	0
0.000204719	0	0	0
0.000207217	0	0	0
0.000208535	0	0	0
0.000214546	0	0	0
0.000214903	0	0	0
0.00021543	0	0	0
0.000217896	0	0	0
0.000218638	0	0	0
0.00022383	0	0	0
0.000224443	0	0	0
0.000226534	0	0	0
0.000226568	0	0	0
0.000227167	0	0	0
0.000228307	0	0	0
0.000228682	0	0	0
0.000229745	0	0	0
0.000236474	0	0	0
0.000239833	0	0	0
0.000242837	0	0	0
0.000243822	0	0	0
0.000244868	0	0	0
0.000260697	0	0	0
0.000266446	0	0	0
0.000267803	0	0	0
0.000268488	0	0	0
0.000274401	0	0	0
0.000274874	0	0	0
0.000276482	0	0	0
0.000279304	0	0	0
0.000285725	0	0	0
0.000287328	0	0	0
0.000289812	0	0	0
0.000295231	0	0	0
0.000308026	0	0	0
0.000310705	0	0	0
0.000317003	0	0	0
0.000323615	0	0	0
0.000335129	0	0	0
0.000336015	0	0	0
0.000358588	0	0	0
0.000360592	0	0	0
0.000363208	0	0	0
0.000366936	0	0	0
0.000377968	0	0	0
0.000382099	0	0	0
0.000387023	0	0	0
0.000389578	0	0	0
0.000394573	0	0	0
0.000401061	0	0	0
0.000411102	0	0	0
0.000426099	0	0	0
0.000449101	0	0	0
0.000449717	0	0	0
0.000454983	0	0	0
0.000465752	0	0	0
0.000479444	0	0	0
0.00048317	0	0	0
0.000486917	0	0	0
0.00048864	0	0	0
0.000493449	0	0	0
0.000499197	0	0	0
0.000508711	0	0	0
0.000519448	0	0	0
0.000523159	0	0	0
0.000545022	0	0	0
0.000546406	0	0	0
0.000550484	0	0	0
0.000553175	0	0	0
0.000565074	0	0	0
0.000587617	0	0	0
0.000594176	0	0	0
0.000597268	0	0	0
0.000607892	0	0	0
0.000608776	0	0	0
0.000616559	0	0	0
0.000619052	0	0	0
0.000635316	0	0	0
0.000654186	0	0	0
0.000660325	0	0	0
0.000732725	0	0	0
0.000751177	0	0	0
0.000780364	0	0	0
0.000787505	0	0	0
0.000832668	0	0	0
0.000842593	0	0	0
0.00092859	0	0	0
0.00094785	0	0	0
0.00101338	0	0	0
0.00113864	0	0	0
0.00115564	0	0	0
0.00117322	0	0	0
0.00120097	0	0	0
0.0012388	0	0	0
0.00126125	0	0	0
0.00141686	0	0	0
0.00143341	0	0	0
0.00144733	0	0	0
0.00154515	0	0	0
0.00161922	0	0	0
0.00163292	0	0	0
0.00164854	0	0	0
0.00180228	0	0	0
0.00183885	0	0	0
0.00192114	0	0	0
0.00195515	0	0	0
0.00196406	0	0	0
0.00209467	0	0	0
0.00210311	0	0	0
0.00213775	0	0	0
0.00349681	0	0	0
0.00935344	0	0	0
0.033807	0	0	0
0.0343382	0	0	0
0.0366082	0	0	0
0.0398714	0	0	0
0.0450872	0	0	0
0.0455783	0	0	0
0.0885373	0	0	0
0.0998106	0	0	0
0.111537	0	0.0414594	0
0.114206	0	0.0414594	0
0.17022	0	0.0829187	0
0.172066	0	0.0829187	0
0.209815	0	0.0829187	0.103734
0.235336	0	0.0829187	0.207469
0.257812	0	0.0829187	0.207469
0.427434	0	0.124378	0.207469
0.484131	0	0.165837	0.207469
0.536595	0	0.165837	0.311203
0.549949	0	0.207297	0.311203
0.632747	0	0.207297	0.414938
0.652281	0	0.248756	0.414938
0.659116	0	0.290216	0.414938
0.681978	0	0.331675	0.414938
0.694238	0	0.331675	0.518672
0.828507	0	0.331675	0.622407
0.900347	0	0.331675	0.726141
1.0686	0	0.331675	0.726141
1.28897	0	0.373134	0.726141
1.29295	0	0.373134	0.726141
1.36548	0	0.414594	0.726141
1.37092	0	0.414594	0.829876
1.5084	0	0.414594	0.829876
1.52244	0	0.456053	0.829876
1.68302	0	0.497512	0.829876
1.71135	0	0.497512	0.93361
1.73141	0	0.538972	0.93361
1.8587	0	0.580431	0.93361
1.98272	0	0.621891	0.93361
5.10299	0	0.621891	1.03734
