2.14511e-07	0	0	0
2.45447e-07	0	0	0
2.66932e-07	0	0	0
2.87396e-07	0	0	0
3.11838e-07	0	0	0
4.33114e-07	0	0	0
1.21775e-06	0	0	0
1.23641e-06	0	0	0
1.26569e-06	0	0	0
1.50445e-06	0	0	0
2.00785e-06	0	0	0
2.02338e-06	0	0	0
2.08496e-06	0	0	0
2.45448e-06	0	0	0
2.5168e-06	0	0	0
2.61203e-06	0	0	0
2.8349e-06	0	0	0
2.87345e-06	0	0	0
2.91219e-06	0	0	0
3.2198e-06	0	0	0
3.4919e-06	0	0	0
3.89355e-06	0	0	0
4.04886e-06	0	0	0
4.08473e-06	0	0	0
4.24367e-06	0	0	0
4.27315e-06	0	0	0
4.36184e-06	0	0	0
4.52671e-06	0	0	0
4.55646e-06	0	0	0
4.68469e-06	0	0	0
4.69506e-06	0	0	0
5.02812e-06	0	0	0
5.04881e-06	0	0	0
5.08705e-06	0	0	0
5.37788e-06	0	0	0
5.56679e-06	0	0	0
5.61752e-06	0	0	0
5.65984e-06	0	0	0
5.75263e-06	0	0	0
5.7632e-06	0	0	0
5.99777e-06	0	0	0
6.2019e-06	0	0	0
6.27743e-06	0	0	0
6.2997e-06	0	0	0
6.52243e-06	0	0	0
6.95762e-06	0	0	0
7.07325e-06	0	0	0
7.09451e-06	0	0	0
7.2573e-06	0	0	0
7.46079e-06	0	0	0
7.46566e-06	0	0	0
7.5045e-06	0	0	0
7.53095e-06	0	0	0
7.67695e-06	0	0	0
7.82535e-06	0	0	0
8.01808e-06	0	0	0
8.61524e-06	0	0	0
8.66627e-06	0	0	0
8.74797e-06	0	0	0
8.75368e-06	0	0	0
8.79167e-06	0	0	0
8.83609e-06	0	0	0
8.83832e-06	0	0	0
8.8418e-06	0	0	0
9.13146e-06	0	0	0
9.18462e-06	0	0	0
9.36442e-06	0	0	0
9.55785e-06	0	0	0
9.64383e-06	0	0	0
9.73113e-06	0	0	0
9.83469e-06	0	0	0
9.93953e-06	0	0	0
9.9539e-06	0	0	0
9.95675e-06	0	0	0
1.0005e-05	0	0	0
1.03377e-05	0	0	0
1.04683e-05	0	0	0
1.04942e-05	0	0	0
1.05019e-05	0	0	0
1.06227e-05	0	0	0
1.06271e-05	0	0	0
1.06366e-05	0	0	0
1.10838e-05	0	0	0
1.1163e-05	0	0	0
1.11755e-05	0	0	0
1.11946e-05	0	0	0
1.12958e-05	0	0	0
1.14382e-05	0	0	0
1.14774e-05	0	0	0
1.15314e-05	0	0	0
1.16444e-05	0	0	0
1.17408e-05	0	0	0
1.21676e-05	0	0	0
1.23831e-05	0	0	0
1.24034e-05	0	0	0
1.24151e-05	0	0	0
1.25688e-05	0	0	0
1.27946e-05	0	0	0
1.29837e-05	0	0	0
1.30372e-05	0	0	0
1.30939e-05	0	0	0
1.31656e-05	0	0	0
1.3387e-05	0	0	0
1.36783e-05	0	0	0
1.38088e-05	0	0	0
1.38427e-05	0	0	0
1.39282e-05	0	0	0
1.44849e-05	0	0	0
1.4689e-05	0	0	0
1.47337e-05	0	0	0
1.51464e-05	0	0	0
1.52291e-05	0	0	0
1.53369e-05	0	0	0
1.53685e-05	0	0	0
1.57176e-05	0	0	0
1.57345e-05	0	0	0
1.59423e-05	0	0	0
1.60202e-05	0	0	0
1.6637e-05	0	0	0
1.66648e-05	0	0	0
1.66898e-05	0	0	0
1.727e-05	0	0	0
1.72862e-05	0	0	0
1.75313e-05	0	0	0
1.76692e-05	0	0	0
1.80726e-05	0	0	0
1.83125e-05	0	0	0
1.83719e-05	0	0	0
1.8443e-05	0	0	0
1.84968e-05	0	0	0
1.85509e-05	0	0	0
1.85988e-05	0	0	0
1.86024e-05	0	0	0
1.86402e-05	0	0	0
1.88046e-05	0	0	0
1.90813e-05	0	0	0
1.93871e-05	0	0	0
1.95536e-05	0	0	0
1.98312e-05	0	0	0
1.98692e-05	0	0	0
1.99915e-05	0	0	0
2.00889e-05	0	0	0
2.01529e-05	0	0	0
2.04242e-05	0	0	0
2.06243e-05	0	0	0
2.06817e-05	0	0	0
2.07728e-05	0	0	0
2.09275e-05	0	0	0
2.09664e-05	0	0	0
2.09908e-05	0	0	0
2.11242e-05	0	0	0
2.13016e-05	0	0	0
2.13619e-05	0	0	0
2.15244e-05	0	0	0
2.17457e-05	0	0	0
2.18713e-05	0	0	0
2.2026e-05	0	0	0
2.22665e-05	0	0	0
2.22928e-05	0	0	0
2.24664e-05	0	0	0
2.24729e-05	0	0	0
2.25949e-05	0	0	0
2.2746e-05	0	0	0
2.28082e-05	0	0	0
2.31193e-05	0	0	0
2.32454e-05	0	0	0
2.36393e-05	0	0	0
2.39975e-05	0	0	0
2.4593e-05	0	0	0
2.46366e-05	0	0	0
2.47739e-05	0	0	0
2.47882e-05	0	0	0
2.54163e-05	0	0	0
2.54228e-05	0	0	0
2.56279e-05	0	0	0
2.60038e-05	0	0	0
2.60548e-05	0	0	0
2.62875e-05	0	0	0
2.64352e-05	0	0	0
2.65439e-05	0	0	0
2.6682e-05	0	0	0
2.67594e-05	0	0	0
2.68601e-05	0	0	0
2.75295e-05	0	0	0
2.75426e-05	0	0	0
2.76318e-05	0	0	0
2.78694e-05	0	0	0
2.82069e-05	0	0	0
2.82854e-05	0	0	0
2.83856e-05	0	0	0
2.83876e-05	0	0	0
2.85046e-05	0	0	0
2.86063e-05	0	0	0
2.88122e-05	0	0	0
2.89988e-05	0	0	0
2.93997e-05	0	0	0
2.95377e-05	0	0	0
2.96154e-05	0	0	0
2.96543e-05	0	0	0
2.96956e-05	0	0	0
2.99955e-05	0	0	0
3.00232e-05	0	0	0
3.02292e-05	0	0	0
3.05492e-05	0	0	0
3.10269e-05	0	0	0
3.12649e-05	0	0	0
3.12663e-05	0	0	0
3.21186e-05	0	0	0
3.24381e-05	0	0	0
3.28993e-05	0	0	0
3.29678e-05	0	0	0
3.31965e-05	0	0	0
3.33403e-05	0	0	0
3.3685e-05	0	0	0
3.381e-05	0	0	0
3.38209e-05	0	0	0
3.38882e-05	0	0	0
3.39792e-05	0	0	0
3.40474e-05	0	0	0
3.50253e-05	0	0	0
3.52116e-05	0	0	0
3.56194e-05	0	0	0
3.56991e-05	0	0	0
3.57846e-05	0	0	0
3.58467e-05	0	0	0
3.61869e-05	0	0	0
3.62341e-05	0	0	0
3.67187e-05	0	0	0
3.68938e-05	0	0	0
3.69059e-05	0	0	0
3.69609e-05	0	0	0
3.70952e-05	0	0	0
3.78066e-05	0	0	0
3.78875e-05	0	0	0
3.81781e-05	0	0	0
3.82359e-05	0	0	0
3.86672e-05	0	0	0
3.88336e-05	0	0	0
3.91318e-05	0	0	0
3.93802e-05	0	0	0
3.96911e-05	0	0	0
4.06517e-05	0	0	0
4.10604e-05	0	0	0
4.16597e-05	0	0	0
4.1739e-05	0	0	0
4.1859e-05	0	0	0
4.21692e-05	0	0	0
4.28759e-05	0	0	0
4.30821e-05	0	0	0
4.31907e-05	0	0	0
4.33253e-05	0	0	0
4.35122e-05	0	0	0
4.38415e-05	0	0	0
4.39119e-05	0	0	0
4.40409e-05	0	0	0
4.41028e-05	0	0	0
4.42365e-05	0	0	0
4.45901e-05	0	0	0
4.47293e-05	0	0	0
4.47675e-05	0	0	0
4.479e-05	0	0	0
4.57289e-05	0	0	0
4.60989e-05	0	0	0
4.62142e-05	0	0	0
4.6494e-05	0	0	0
4.67279e-05	0	0	0
4.67831e-05	0	0	0
4.6916e-05	0	0	0
4.71464e-05	0	0	0
4.75558e-05	0	0	0
4.76925e-05	0	0	0
4.7813e-05	0	0	0
4.80934e-05	0	0	0
4.81552e-05	0	0	0
4.84012e-05	0	0	0
4.84545e-05	0	0	0
4.87096e-05	0	0	0
4.99882e-05	0	0	0
5.06334e-05	0	0	0
5.10682e-05	0	0	0
5.13329e-05	0	0	0
5.15541e-05	0	0	0
5.19149e-05	0	0	0
5.20641e-05	0	0	0
5.25851e-05	0	0	0
5.2631e-05	0	0	0
5.26743e-05	0	0	0
5.29487e-05	0	0	0
5.33318e-05	0	0	0
5.33404e-05	0	0	0
5.34209e-05	0	0	0
5.359e-05	0	0	0
5.37731e-05	0	0	0
5.40957e-05	0	0	0
5.42397e-05	0	0	0
5.50201e-05	0	0	0
5.51029e-05	0	0	0
5.55674e-05	0	0	0
5.56848e-05	0	0	0
5.57009e-05	0	0	0
5.59606e-05	0	0	0
5.61927e-05	0	0	0
5.62253e-05	0	0	0
5.68841e-05	0	0	0
5.70957e-05	0	0	0
5.71279e-05	0	0	0
5.71475e-05	0	0	0
5.72887e-05	0	0	0
5.84333e-05	0	0	0
5.84826e-05	0	0	0
5.85802e-05	0	0	0
5.87818e-05	0	0	0
5.96838e-05	0	0	0
6.00891e-05	0	0	0
6.04743e-05	0	0	0
6.07462e-05	0	0	0
6.08555e-05	0	0	0
6.10031e-05	0	0	0
6.1236e-05	0	0	0
6.14286e-05	0	0	0
6.16972e-05	0	0	0
6.18567e-05	0	0	0
6.22426e-05	0	0	0
6.32182e-05	0	0	0
6.32992e-05	0	0	0
6.39888e-05	0	0	0
6.41692e-05	0	0	0
6.42848e-05	0	0	0
6.43723e-05	0	0	0
6.44471e-05	0	0	0
6.46592e-05	0	0	0
6.4694e-05	0	0	0
6.54045e-05	0	0	0
6.56069e-05	0	0	0
6.58865e-05	0	0	0
6.6194e-05	0	0	0
6.62865e-05	0	0	0
6.66996e-05	0	0	0
6.67709e-05	0	0	0
6.72067e-05	0	0	0
6.75592e-05	0	0	0
6.75658e-05	0	0	0
6.77973e-05	0	0	0
6.79703e-05	0	0	0
6.80004e-05	0	0	0
6.83065e-05	0	0	0
6.84469e-05	0	0	0
6.89658e-05	0	0	0
6.91796e-05	0	0	0
6.94584e-05	0	0	0
6.95156e-05	0	0	0
7.00153e-05	0	0	0
7.02214e-05	0	0	0
7.04263e-05	0	0	0
7.06519e-05	0	0	0
7.12198e-05	0	0	0
7.14444e-05	0	0	0
7.15961e-05	0	0	0
7.23183e-05	0	0	0
7.24353e-05	0	0	0
7.24793e-05	0	0	0
7.30378e-05	0	0	0
7.38295e-05	0	0	0
7.48805e-05	0	0	0
7.56267e-05	0	0	0
7.57984e-05	0	0	0
7.59476e-05	0	0	0
7.59798e-05	0	0	0
7.60076e-05	0	0	0
7.64429e-05	0	0	0
7.65462e-05	0	0	0
7.65892e-05	0	0	0
7.66074e-05	0	0	0
7.68806e-05	0	0	0
7.70133e-05	0	0	0
7.73463e-05	0	0	0
7.76122e-05	0	0	0
7.82157e-05	0	0	0
7.83608e-05	0	0	0
7.86488e-05	0	0	0
7.93439e-05	0	0	0
7.93818e-05	0	0	0
7.96601e-05	0	0	0
7.98573e-05	0	0	0
7.99963e-05	0	0	0
8.01349e-05	0	0	0
8.01463e-05	0	0	0
8.04344e-05	0	0	0
8.1286e-05	0	0	0
8.17277e-05	0	0	0
8.17665e-05	0	0	0
8.2057e-05	0	0	0
8.31611e-05	0	0	0
8.32265e-05	0	0	0
8.32731e-05	0	0	0
8.37608e-05	0	0	0
8.43907e-05	0	0	0
8.46068e-05	0	0	0
8.491e-05	0	0	0
8.49526e-05	0	0	0
8.52766e-05	0	0	0
8.6413e-05	0	0	0
8.65964e-05	0	0	0
8.76681e-05	0	0	0
8.81696e-05	0	0	0
8.84926e-05	0	0	0
8.86363e-05	0	0	0
8.89093e-05	0	0	0
8.93449e-05	0	0	0
8.95218e-05	0	0	0
8.99537e-05	0	0	0
9.01705e-05	0	0	0
9.06019e-05	0	0	0
9.0904e-05	0	0	0
9.13836e-05	0	0	0
9.15591e-05	0	0	0
9.1994e-05	0	0	0
9.21074e-05	0	0	0
9.29757e-05	0	0	0
9.35304e-05	0	0	0
9.52431e-05	0	0	0
9.54794e-05	0	0	0
9.60253e-05	0	0	0
9.67285e-05	0	0	0
9.68601e-05	0	0	0
9.70261e-05	0	0	0
9.72378e-05	0	0	0
9.77446e-05	0	0	0
9.79935e-05	0	0	0
9.83773e-05	0	0	0
9.91375e-05	0	0	0
9.9201e-05	0	0	0
9.93941e-05	0	0	0
9.98472e-05	0	0	0
9.99479e-05	0	0	0
0.000100016	0	0	0
0.000100548	0	0	0
0.000100708	0	0	0
0.000100953	0	0	0
0.000101441	0	0	0
0.000101587	0	0	0
0.000103172	0	0	0
0.000103563	0	0	0
0.000103959	0	0	0
0.000104666	0	0	0
0.000105187	0	0	0
0.00010613	0	0	0
0.000106498	0	0	0
0.000106542	0	0	0
0.000106777	0	0	0
0.000107014	0	0	0
0.000107034	0	0	0
0.000107133	0	0	0
0.000107405	0	0	0
0.000107789	0	0	0
0.00010845	0	0	0
0.000108531	0	0	0
0.000109383	0	0	0
0.000109482	0	0	0
0.000109499	0	0	0
0.000110182	0	0	0
0.00011072	0	0	0
0.000110992	0	0	0
0.000111084	0	0	0
0.000111207	0	0	0
0.000111285	0	0	0
0.000111617	0	0	0
0.000111772	0	0	0
0.000111954	0	0	0
0.000112082	0	0	0
0.000112214	0	0	0
0.000112592	0	0	0
0.000112811	0	0	0
0.000113289	0	0	0
0.000113556	0	0	0
0.000113945	0	0	0
0.000114027	0	0	0
0.00011404	0	0	0
0.000115632	0	0	0
0.000116785	0	0	0
0.00011797	0	0	0
0.000117987	0	0	0
0.000118085	0	0	0
0.000118285	0	0	0
0.000118437	0	0	0
0.000118681	0	0	0
0.000119241	0	0	0
0.000119967	0	0	0
0.000120259	0	0	0
0.000120669	0	0	0
0.000120999	0	0	0
0.000121264	0	0	0
0.000121293	0	0	0
0.000121315	0	0	0
0.00012144	0	0	0
0.000122015	0	0	0
0.000122942	0	0	0
0.00012374	0	0	0
0.000124931	0	0	0
0.000125045	0	0	0
0.000125558	0	0	0
0.000125593	0	0	0
0.000126117	0	0	0
0.000127224	0	0	0
0.000128119	0	0	0
0.000129745	0	0	0
0.000130276	0	0	0
0.000131153	0	0	0
0.00013136	0	0	0
0.00013254	0	0	0
0.000132652	0	0	0
0.000132744	0	0	0
0.000133517	0	0	0
0.000133703	0	0	0
0.000133818	0	0	0
0.000133948	0	0	0
0.000134207	0	0	0
0.000134434	0	0	0
0.000135259	0	0	0
0.000135574	0	0	0
0.00013587	0	0	0
0.000136127	0	0	0
0.000137033	0	0	0
0.000137485	0	0	0
0.000137574	0	0	0
0.000137604	0	0	0
0.000138487	0	0	0
0.000139599	0	0	0
0.000140002	0	0	0
0.000141098	0	0	0
0.000141432	0	0	0
0.000142196	0	0	0
0.000142365	0	0	0
0.000142465	0	0	0
0.000142674	0	0	0
0.000143866	0	0	0
0.000144064	0	0	0
0.000144327	0	0	0
0.000145372	0	0	0
0.000146612	0	0	0
0.000146679	0	0	0
0.00014729	0	0	0
0.000147521	0	0	0
0.000147631	0	0	0
0.000147746	0	0	0
0.000149349	0	0	0
0.000149443	0	0	0
0.000149608	0	0	0
0.000150758	0	0	0
0.000151904	0	0	0
0.000152326	0	0	0
0.000153122	0	0	0
0.000154246	0	0	0
0.000155132	0	0	0
0.000155823	0	0	0
0.000155893	0	0	0
0.000156019	0	0	0
0.000156511	0	0	0
0.000156514	0	0	0
0.000157473	0	0	0
0.000158901	0	0	0
0.00015919	0	0	0
0.000159757	0	0	0
0.000159801	0	0	0
0.000160087	0	0	0
0.000161114	0	0	0
0.000161726	0	0	0
0.000162144	0	0	0
0.000162645	0	0	0
0.000162943	0	0	0
0.000163396	0	0	0
0.000163695	0	0	0
0.00016432	0	0	0
0.000164393	0	0	0
0.00016538	0	0	0
0.000167774	0	0	0
0.000168405	0	0	0
0.000168751	0	0	0
0.000169509	0	0	0
0.000171099	0	0	0
0.000171307	0	0	0
0.00017243	0	0	0
0.00017257	0	0	0
0.000174527	0	0	0
0.000176034	0	0	0
0.00017712	0	0	0
0.00017766	0	0	0
0.000177789	0	0	0
0.000179167	0	0	0
0.000180741	0	0	0
0.000181294	0	0	0
0.000181424	0	0	0
0.000181825	0	0	0
0.000182957	0	0	0
0.000184302	0	0	0
0.000185349	0	0	0
0.000185947	0	0	0
0.000187115	0	0	0
0.000188585	0	0	0
0.000188778	0	0	0
0.000190954	0	0	0
0.000193308	0	0	0
0.000194444	0	0	0
0.000194561	0	0	0
0.000196378	0	0	0
0.000196385	0	0	0
0.000196587	0	0	0
0.000198013	0	0	0
0.000198579	0	0	0
0.000199446	0	0	0
0.000201031	0	0	0
0.000201057	0	0	0
0.000206008	0	0	0
0.000209629	0	0	0
0.000211793	0	0	0
0.00021251	0	0	0
0.000215169	0	0	0
0.00021581	0	0	0
0.000215971	0	0	0
0.000219767	0	0	0
0.000220995	0	0	0
0.000223063	0	0	0
0.000223695	0	0	0
0.000225283	0	0	0
0.000226747	0	0	0
0.000226914	0	0	0
0.000230715	0	0	0
0.000233203	0	0	0
0.000233541	0	0	0
0.00023469	0	0	0
0.000239991	0	0	0
0.000243711	0	0	0
0.000243753	0	0	0
0.000246677	0	0	0
0.000247939	0	0	0
0.000249721	0	0	0
0.000251676	0	0	0
0.000258924	0	0	0
0.000262107	0	0	0
0.000267096	0	0	0
0.000268667	0	0	0
0.000271401	0	0	0
0.000272292	0	0	0
0.000278281	0	0	0
0.00028056	0	0	0
0.000282057	0	0	0
0.000296598	0	0	0
0.000298581	0	0	0
0.00030397	0	0	0
0.000307168	0	0	0
0.000308892	0	0	0
0.000313318	0	0	0
0.000333979	0	0	0
0.000337851	0	0	0
0.000340995	0	0	0
0.000342797	0	0	0
0.000361985	0	0	0
0.000366616	0	0	0
0.000369914	0	0	0
0.000370239	0	0	0
0.000374638	0	0	0
0.000381344	0	0	0
0.000382624	0	0	0
0.000399415	0	0	0
0.00040767	0	0	0
0.000427255	0	0	0
0.000430934	0	0	0
0.000454455	0	0	0
0.000460394	0	0	0
0.000470482	0	0	0
0.000477217	0	0	0
0.000480513	0	0	0
0.0004941	0	0	0
0.000496146	0	0	0
0.000511422	0	0	0
0.000511999	0	0	0
0.000518393	0	0	0
0.000541382	0	0	0
0.000542767	0	0	0
0.000544179	0	0	0
0.000546734	0	0	0
0.000569764	0	0	0
0.000570722	0	0	0
0.000585711	0	0	0
0.000613125	0	0	0
0.000680438	0	0	0
0.000687669	0	0	0
0.000688483	0	0	0
0.000708642	0	0	0
0.000789716	0	0	0
0.000906425	0	0	0
0.00100226	0	0	0
0.00102323	0	0	0
0.00105394	0	0	0
0.00116168	0	0	0
0.00142359	0	0	0
