2.37186e-10	0	0	0
3.92e-10	0	0	0
4.90912e-10	0	0	0
9.54451e-10	0	0	0
1.31128e-09	0	0	0
5.50765e-09	0	0	0
5.54091e-09	0	0	0
6.59671e-09	0	0	0
6.92878e-09	0	0	0
7.0186e-09	0	0	0
7.94608e-09	0	0	0
8.36379e-09	0	0	0
8.60832e-09	0	0	0
8.60866e-09	0	0	0
8.85271e-09	0	0	0
9.01035e-09	0	0	0
1.06915e-08	0	0	0
1.20926e-08	0	0	0
1.41084e-08	0	0	0
1.41518e-08	0	0	0
1.53606e-08	0	0	0
1.66004e-08	0	0	0
1.9646e-08	0	0	0
2.0265e-08	0	0	0
2.36492e-08	0	0	0
2.37675e-08	0	0	0
3.08014e-08	0	0	0
3.37561e-08	0	0	0
4.04428e-08	0	0	0
4.11067e-08	0	0	0
4.66835e-08	0	0	0
4.6801e-08	0	0	0
4.76316e-08	0	0	0
5.61323e-08	0	0	0
5.61617e-08	0	0	0
6.22871e-08	0	0	0
6.37872e-08	0	0	0
6.45442e-08	0	0	0
7.20639e-08	0	0	0
7.82844e-08	0	0	0
7.94073e-08	0	0	0
9.61687e-08	0	0	0
9.62492e-08	0	0	0
9.70087e-08	0	0	0
9.73547e-08	0	0	0
9.94282e-08	0	0	0
1.13582e-07	0	0	0
1.21288e-07	0	0	0
1.58566e-07	0	0	0
1.68135e-07	0	0	0
1.71868e-07	0	0	0
2.15831e-07	0	0	0
2.66259e-07	0	0	0
2.9189e-07	0	0	0
4.96558e-07	0	0	0
6.53317e-07	0	0	0
8.37467e-07	0	0	0
8.96112e-07	0	0	0
9.56858e-07	0	0	0
1.35397e-06	0	0	0
2.22251e-06	0	0	0
2.5177e-06	0	0	0
2.76983e-06	0	0	0
3.58686e-06	0	0	0
4.58726e-06	0	0	0
6.47746e-06	0	0	0
9.66345e-06	0	0	0
1.62408e-05	0	0	0
