8.19166e-10	0	0	0
1.12355e-09	0	0	0
1.58203e-09	0	0	0
1.85638e-09	0	0	0
2.87884e-09	0	0	0
2.9301e-09	0	0	0
3.0083e-09	0	0	0
3.88561e-09	0	0	0
4.29814e-09	0	0	0
4.84469e-09	0	0	0
5.35513e-09	0	0	0
6.41739e-09	0	0	0
7.12683e-09	0	0	0
8.06976e-09	0	0	0
9.70505e-09	0	0	0
1.05064e-08	0	0	0
1.05955e-08	0	0	0
1.25673e-08	0	0	0
1.2801e-08	0	0	0
1.29475e-08	0	0	0
1.47339e-08	0	0	0
1.70526e-08	0	0	0
1.77843e-08	0	0	0
1.84904e-08	0	0	0
2.03639e-08	0	0	0
2.13802e-08	0	0	0
2.15271e-08	0	0	0
2.30208e-08	0	0	0
2.33301e-08	0	0	0
2.71261e-08	0	0	0
2.92797e-08	0	0	0
2.93814e-08	0	0	0
3.08593e-08	0	0	0
3.1447e-08	0	0	0
3.20142e-08	0	0	0
3.22108e-08	0	0	0
3.55815e-08	0	0	0
3.73553e-08	0	0	0
3.78218e-08	0	0	0
4.17393e-08	0	0	0
4.33775e-08	0	0	0
5.32985e-08	0	0	0
5.5095e-08	0	0	0
5.5448e-08	0	0	0
5.64301e-08	0	0	0
6.54947e-08	0	0	0
7.32034e-08	0	0	0
7.7587e-08	0	0	0
7.96217e-08	0	0	0
9.93739e-08	0	0	0
1.0122e-07	0	0	0
1.02506e-07	0	0	0
1.03988e-07	0	0	0
1.13098e-07	0	0	0
1.1991e-07	0	0	0
1.24437e-07	0	0	0
1.26509e-07	0	0	0
1.38009e-07	0	0	0
1.46438e-07	0	0	0
1.53611e-07	0	0	0
1.75863e-07	0	0	0
1.89562e-07	0	0	0
2.08655e-07	0	0	0
2.23008e-07	0	0	0
2.25662e-07	0	0	0
2.37525e-07	0	0	0
3.51461e-07	0	0	0
3.73631e-07	0	0	0
6.37829e-07	0	0	0
7.7061e-07	0	0	0
9.07984e-07	0	0	0
9.0902e-07	0	0	0
1.06756e-06	0	0	0
1.09472e-06	0	0	0
1.15916e-06	0	0	0
1.36983e-06	0	0	0
1.3896e-06	0	0	0
1.57317e-06	0	0	0
2.53081e-06	0	0	0
3.06374e-06	0	0	0
4.32127e-06	0	0	0
5.23471e-06	0	0	0
5.57221e-06	0	0	0
5.6239e-06	0	0	0
7.69108e-06	0	0	0
1.45633e-05	0	0	0
2.23608e-05	0	0	0
7.40592e-05	0	0	0
7.87535e-05	0	0	0
0.000191229	0	0	0
