5.80692e-10	0	0	0
8.7997e-10	0	0	0
9.95438e-10	0	0	0
1.15161e-09	0	0	0
1.17539e-09	0	0	0
1.68914e-09	0	0	0
2.57617e-09	0	0	0
2.59991e-09	0	0	0
2.71109e-09	0	0	0
3.12034e-09	0	0	0
3.60291e-09	0	0	0
4.032e-09	0	0	0
4.63549e-09	0	0	0
6.04754e-09	0	0	0
6.88213e-09	0	0	0
9.52416e-09	0	0	0
1.23395e-08	0	0	0
1.25641e-08	0	0	0
1.42382e-08	0	0	0
1.55955e-08	0	0	0
1.61461e-08	0	0	0
1.70047e-08	0	0	0
1.74222e-08	0	0	0
1.87714e-08	0	0	0
1.94936e-08	0	0	0
2.22868e-08	0	0	0
2.25753e-08	0	0	0
2.47126e-08	0	0	0
2.656e-08	0	0	0
2.74507e-08	0	0	0
2.93467e-08	0	0	0
3.13764e-08	0	0	0
3.32818e-08	0	0	0
3.63156e-08	0	0	0
3.80339e-08	0	0	0
3.82521e-08	0	0	0
3.9319e-08	0	0	0
4.2694e-08	0	0	0
4.32577e-08	0	0	0
4.78083e-08	0	0	0
4.88533e-08	0	0	0
4.98152e-08	0	0	0
5.74409e-08	0	0	0
5.80891e-08	0	0	0
5.88244e-08	0	0	0
6.29145e-08	0	0	0
6.37385e-08	0	0	0
7.23462e-08	0	0	0
7.6645e-08	0	0	0
8.14824e-08	0	0	0
8.292e-08	0	0	0
8.83379e-08	0	0	0
9.04851e-08	0	0	0
1.03308e-07	0	0	0
1.32102e-07	0	0	0
1.65107e-07	0	0	0
2.06615e-07	0	0	0
2.06617e-07	0	0	0
2.27761e-07	0	0	0
2.35635e-07	0	0	0
3.09713e-07	0	0	0
4.05352e-07	0	0	0
5.28887e-07	0	0	0
6.5908e-07	0	0	0
8.85029e-07	0	0	0
1.03464e-06	0	0	0
1.24557e-06	0	0	0
1.25426e-06	0	0	0
1.28311e-06	0	0	0
1.54593e-06	0	0	0
2.27491e-06	0	0	0
3.55368e-06	0	0	0
4.67272e-06	0	0	0
5.30278e-06	0	0	0
6.19955e-06	0	0	0
2.8565e-05	0	0	0
