2.29388e-06	0	0	0
2.55814e-06	0	0	0
4.9192e-06	0	0	0
5.22348e-06	0	0	0
1.09356e-05	0	0	0
1.14288e-05	0	0	0
1.31075e-05	0	0	0
1.32226e-05	0	0	0
1.32996e-05	0	0	0
1.73981e-05	0	0	0
2.31242e-05	0	0	0
2.39613e-05	0	0	0
2.62541e-05	0	0	0
2.73324e-05	0	0	0
2.90657e-05	0	0	0
3.19296e-05	0	0	0
3.37066e-05	0	0	0
3.81509e-05	0	0	0
3.84943e-05	0	0	0
4.14724e-05	0	0	0
4.27969e-05	0	0	0
4.5055e-05	0	0	0
4.51361e-05	0	0	0
4.63866e-05	0	0	0
4.64062e-05	0	0	0
4.73373e-05	0	0	0
4.94576e-05	0	0	0
5.35214e-05	0	0	0
5.42733e-05	0	0	0
5.72673e-05	0	0	0
6.14239e-05	0	0	0
6.185e-05	0	0	0
6.23436e-05	0	0	0
6.31454e-05	0	0	0
6.51035e-05	0	0	0
6.64726e-05	0	0	0
7.05791e-05	0	0	0
7.12082e-05	0	0	0
7.55909e-05	0	0	0
7.71321e-05	0	0	0
8.60682e-05	0	0	0
8.86652e-05	0	0	0
8.9246e-05	0	0	0
9.08321e-05	0	0	0
9.41665e-05	0	0	0
0.000110052	0	0	0
0.000111001	0	0	0
0.00011605	0	0	0
0.000116385	0	0	0
0.000120763	0	0	0
0.000121311	0	0	0
0.000127362	0	0	0
0.000127707	0	0	0
0.00013053	0	0	0
0.000132773	0	0	0
0.000134125	0	0	0
0.000137618	0	0	0
0.000137933	0	0	0
0.000139322	0	0	0
0.000141323	0	0	0
0.000142788	0	0	0
0.000143181	0	0	0
0.000143837	0	0	0
0.000144362	0	0	0
0.000153059	0	0	0
0.000164441	0	0	0
0.000173827	0	0	0
0.00017865	0	0	0
0.000179052	0	0	0
0.000183712	0	0	0
0.000186887	0	0	0
0.000189588	0	0	0
0.000191718	0	0	0
0.00019337	0	0	0
0.000194558	0	0	0
0.000194823	0	0	0
0.000195159	0	0	0
0.000195701	0	0	0
0.000199093	0	0	0
0.000200737	0	0	0
0.000202987	0	0	0
0.000208331	0	0	0
0.000211099	0	0	0
0.000222253	0	0	0
0.000225137	0	0	0
0.000226987	0	0	0
0.000227328	0	0	0
0.000228161	0	0	0
0.000245718	0	0	0
0.000248375	0	0	0
0.000248401	0	0	0
0.00025421	0	0	0
0.000264394	0	0	0
0.000267365	0	0	0
0.000270946	0	0	0
0.000275863	0	0	0
0.000275875	0	0	0
0.000285363	0	0	0
0.000288524	0	0	0
0.000291547	0	0	0
0.000297807	0	0	0
0.000298914	0	0	0
0.000299402	0	0	0
0.000300946	0	0	0
0.000301377	0	0	0
0.00030476	0	0	0
0.000308755	0	0	0
0.000310666	0	0	0
0.000315082	0	0	0
0.000325353	0	0	0
0.00032993	0	0	0
0.000339761	0	0	0
0.000354678	0	0	0
0.000362708	0	0	0
0.000367145	0	0	0
0.000371375	0	0	0
0.000379115	0	0	0
0.000391348	0	0	0
0.00040812	0	0	0
0.000414252	0	0	0
0.000429703	0	0	0
0.000431004	0	0	0
0.000432713	0	0	0
0.00043397	0	0	0
0.000436897	0	0	0
0.000441342	0	0	0
0.000452381	0	0	0
0.000459748	0	0	0
0.000462567	0	0	0
0.000471731	0	0	0
0.000481654	0	0	0
0.000490616	0	0	0
0.000490879	0	0	0
0.000503941	0	0	0
0.000520782	0	0	0
0.000530931	0	0	0
0.000532875	0	0	0
0.000538273	0	0	0
0.000552113	0	0	0
0.000554629	0	0	0
0.000560735	0	0	0
0.000562624	0	0	0
0.000564055	0	0	0
0.000568952	0	0	0
0.000570986	0	0	0
0.000581957	0	0.0414594	0
0.000594034	0	0.0414594	0
0.000597352	0	0.0414594	0
0.000606711	0	0.0414594	0
0.000615496	0	0.0414594	0
0.000650119	0	0.0414594	0
0.000663962	0	0.0414594	0
0.000682183	0	0.0414594	0
0.000687625	0	0.0414594	0
0.000704144	0	0.0414594	0
0.00070648	0	0.0414594	0
0.000706769	0	0.0414594	0
0.000717165	0	0.0414594	0
0.000729968	0	0.0414594	0
0.000780417	0	0.0414594	0
0.000807311	0	0.0414594	0
0.000808405	0	0.0414594	0
0.000817638	0	0.0414594	0
0.000825758	0	0.0414594	0
0.000837094	0	0.0414594	0
0.000860655	0	0.0414594	0
0.000864062	0	0.0414594	0
0.000880644	0	0.0414594	0
0.000895571	0	0.0414594	0
0.000920943	0	0.0414594	0
0.000947476	0	0.0414594	0
0.00095092	0	0.0414594	0
0.000955073	0	0.0414594	0
0.000971322	0	0.0414594	0
0.000989741	0	0.0414594	0
0.00100464	0	0.0414594	0
0.00101531	0	0.0414594	0
0.00101724	0	0.0414594	0
0.00101751	0	0.0414594	0
0.00103277	0	0.0414594	0
0.00103412	0	0.0414594	0
0.00103521	0	0.0414594	0
0.00107351	0	0.0414594	0
0.00107649	0	0.0414594	0
0.00108284	0	0.0414594	0
0.00108773	0	0.0414594	0
0.00113972	0	0.0414594	0
0.0011485	0	0.0414594	0
0.0011767	0	0.0414594	0
0.00119006	0	0.0414594	0
0.00120658	0	0.0414594	0
0.00126665	0	0.0414594	0
0.00128472	0	0.0414594	0
0.00131227	0	0.0829187	0
0.00133877	0	0.0829187	0
0.00139162	0	0.0829187	0
0.00140274	0	0.0829187	0
0.00145022	0	0.0829187	0
0.00146899	0	0.0829187	0
0.00150731	0	0.0829187	0
0.00151803	0	0.0829187	0
0.0015234	0	0.0829187	0
0.00156208	0	0.0829187	0
0.00156891	0	0.0829187	0
0.00165994	0	0.0829187	0
0.00166113	0	0.0829187	0
0.0016657	0	0.0829187	0
0.00169503	0	0.0829187	0
0.00171941	0	0.0829187	0
0.00173872	0	0.0829187	0
0.00176295	0	0.0829187	0
0.00178494	0	0.0829187	0
0.00190956	0	0.0829187	0.0518403
0.00192913	0	0.0829187	0.0518403
0.0019409	0	0.0829187	0.0518403
0.00203026	0	0.0829187	0.0518403
0.00213037	0	0.0829187	0.0518403
0.00218045	0	0.0829187	0.0518403
0.00219912	0	0.0829187	0.0518403
0.00223597	0	0.0829187	0.0518403
0.00232386	0	0.0829187	0.0518403
0.00234213	0	0.0829187	0.0518403
0.00234356	0	0.0829187	0.0518403
0.00238329	0	0.0829187	0.0518403
0.00238984	0	0.0829187	0.0518403
0.00244454	0	0.0829187	0.0518403
0.00248335	0	0.0829187	0.0518403
0.00252625	0	0.0829187	0.0518403
0.00266187	0	0.0829187	0.0518403
0.0026893	0	0.0829187	0.0518403
0.00270766	0	0.0829187	0.0518403
0.00281325	0	0.0829187	0.0518403
0.00298988	0	0.0829187	0.103681
0.00320072	0	0.0829187	0.103681
0.00328284	0	0.0829187	0.103681
0.00328587	0	0.0829187	0.103681
0.00328804	0	0.0829187	0.103681
0.00334889	0	0.0829187	0.103681
0.00354554	0	0.0829187	0.103681
0.00354961	0	0.0829187	0.103681
0.00355141	0	0.0829187	0.103681
0.00357699	0	0.0829187	0.103681
0.00358953	0	0.0829187	0.103681
0.0036052	0	0.0829187	0.103681
0.00380914	0	0.0829187	0.103681
0.00384397	0	0.0829187	0.103681
0.00387023	0	0.0829187	0.103681
0.00392574	0	0.0829187	0.103681
0.00395194	0	0.0829187	0.155521
0.00395804	0	0.0829187	0.155521
0.00420063	0	0.0829187	0.155521
0.00426484	0	0.0829187	0.155521
0.00455064	0	0.0829187	0.155521
0.00468365	0	0.0829187	0.155521
0.0048615	0	0.0829187	0.155521
0.00487617	0	0.0829187	0.155521
0.00558859	0	0.0829187	0.155521
0.00644448	0	0.0829187	0.155521
0.00715008	0	0.0829187	0.155521
0.00762421	0	0.0829187	0.155521
0.00842682	0	0.0829187	0.155521
0.0118604	0	0.0829187	0.155521
0.0132043	0	0.0829187	0.155521
0.0137316	0	0.0829187	0.155521
0.0158417	0	0.0829187	0.155521
0.019961	0	0.0829187	0.155521
0.0223153	0	0.0829187	0.155521
0.0259193	0	0.0829187	0.155521
0.0280692	0	0.0829187	0.155521
0.0295189	0	0.0829187	0.155521
0.0310683	0	0.0829187	0.155521
0.0315542	0	0.0829187	0.155521
0.0332002	0	0.0829187	0.155521
0.0343761	0	0.0829187	0.155521
0.0374328	0	0.0829187	0.155521
0.0448256	0	0.0829187	0.207361
0.0472425	0	0.0829187	0.207361
0.0491147	0	0.0829187	0.207361
0.0495627	0	0.0829187	0.207361
0.0506597	0	0.0829187	0.207361
0.0512879	0	0.0829187	0.207361
0.0521445	0	0.0829187	0.207361
0.05244	0	0.0829187	0.207361
0.0534102	0	0.0829187	0.207361
0.0543442	0	0.0829187	0.207361
0.0557888	0	0.124378	0.207361
0.057082	0	0.124378	0.207361
0.0607209	0	0.124378	0.207361
0.0700451	0	0.124378	0.207361
0.070644	0	0.124378	0.207361
0.0722576	0	0.124378	0.207361
0.0729249	0	0.124378	0.207361
0.0770984	0	0.124378	0.207361
0.0785199	0	0.165837	0.207361
0.084376	0	0.207297	0.207361
0.0873295	0	0.207297	0.207361
0.0884403	0	0.207297	0.207361
0.0894939	0	0.207297	0.207361
0.0975385	0	0.248756	0.207361
0.106	0	0.248756	0.207361
0.106891	0	0.248756	0.207361
0.106928	0	0.248756	0.207361
0.109247	0	0.248756	0.207361
0.11755	0	0.248756	0.259202
0.122271	0	0.248756	0.259202
0.130527	0	0.248756	0.311042
0.135007	0	0.248756	0.311042
0.142868	0	0.248756	0.362882
0.148684	0	0.248756	0.362882
0.15155	0	0.248756	0.362882
0.151843	0	0.290216	0.362882
0.153988	0	0.290216	0.362882
0.184465	0	0.290216	0.362882
0.191244	0	0.290216	0.362882
0.191346	0	0.331675	0.362882
0.200719	0	0.331675	0.362882
0.206044	0	0.331675	0.414723
0.212363	0	0.331675	0.414723
0.215149	0	0.331675	0.414723
0.218622	0	0.373134	0.414723
0.218865	0	0.373134	0.414723
0.229848	0	0.373134	0.414723
0.23026	0	0.373134	0.414723
0.233907	0	0.373134	0.414723
0.245219	0	0.373134	0.414723
0.247756	0	0.373134	0.414723
0.250479	0	0.373134	0.414723
0.273425	0	0.373134	0.466563
0.274099	0	0.373134	0.466563
0.285296	0	0.373134	0.466563
0.292305	0	0.414594	0.466563
0.295987	0	0.414594	0.466563
0.302003	0	0.414594	0.466563
0.337365	0	0.414594	0.466563
0.349838	0	0.414594	0.466563
0.358481	0	0.414594	0.466563
0.407523	0	0.414594	0.518403
0.418085	0	0.456053	0.518403
0.425825	0	0.456053	0.518403
0.476714	0	0.456053	0.570244
0.493596	0	0.456053	0.570244
0.516777	0	0.456053	0.570244
0.566632	0	0.497512	0.570244
0.638035	0	0.497512	0.622084
0.654292	0	0.538972	0.622084
0.702825	0	0.580431	0.622084
0.724259	0	0.621891	0.622084
0.905632	0	0.66335	0.622084
0.967303	0	0.66335	0.622084
1.10911	0	0.66335	0.622084
1.40493	0	0.704809	0.622084
1.69015	0	0.746269	0.622084
1.6999	0	0.787728	0.622084
1.73134	0	0.787728	0.622084
1.86177	0	0.787728	0.622084
2.17529	0	0.787728	0.622084
2.29879	0	0.787728	0.622084
