7.24609e-10	0	0	0
7.50847e-10	0	0	0
8.47771e-10	0	0	0
1.45474e-09	0	0	0
1.60547e-09	0	0	0
1.8602e-09	0	0	0
2.64297e-09	0	0	0
3.37124e-09	0	0	0
3.63565e-09	0	0	0
4.20546e-09	0	0	0
4.44659e-09	0	0	0
5.20269e-09	0	0	0
5.72003e-09	0	0	0
6.09466e-09	0	0	0
6.43286e-09	0	0	0
6.82978e-09	0	0	0
7.00895e-09	0	0	0
7.60579e-09	0	0	0
7.69802e-09	0	0	0
8.33337e-09	0	0	0
8.46792e-09	0	0	0
1.1964e-08	0	0	0
1.25703e-08	0	0	0
1.29769e-08	0	0	0
1.30565e-08	0	0	0
1.5411e-08	0	0	0
1.63724e-08	0	0	0
1.63796e-08	0	0	0
1.65463e-08	0	0	0
1.79739e-08	0	0	0
1.8301e-08	0	0	0
1.93678e-08	0	0	0
2.02389e-08	0	0	0
2.09483e-08	0	0	0
2.17001e-08	0	0	0
2.27971e-08	0	0	0
2.86859e-08	0	0	0
2.90755e-08	0	0	0
3.01985e-08	0	0	0
3.02191e-08	0	0	0
3.05682e-08	0	0	0
3.06759e-08	0	0	0
3.07444e-08	0	0	0
3.37817e-08	0	0	0
3.48258e-08	0	0	0
3.53375e-08	0	0	0
3.60694e-08	0	0	0
3.76161e-08	0	0	0
4.16857e-08	0	0	0
4.9322e-08	0	0	0
5.03605e-08	0	0	0
5.08937e-08	0	0	0
5.47945e-08	0	0	0
5.54709e-08	0	0	0
5.91107e-08	0	0	0
6.6578e-08	0	0	0
7.76283e-08	0	0	0
7.96094e-08	0	0	0
1.80847e-07	0	0	0
1.94444e-07	0	0	0
2.59034e-07	0	0	0
2.86751e-07	0	0	0
4.91218e-07	0	0	0
4.92403e-07	0	0	0
6.67856e-07	0	0	0
6.86258e-07	0	0	0
7.37126e-07	0	0	0
8.93369e-07	0	0	0
9.97685e-07	0	0	0
1.01469e-06	0	0	0
1.13089e-06	0	0	0
1.3298e-06	0	0	0
1.76381e-06	0	0	0
2.44643e-06	0	0	0
2.9936e-06	0	0	0
3.57222e-06	0	0	0
3.6187e-06	0	0	0
3.8539e-06	0	0	0
3.92613e-06	0	0	0
4.55678e-06	0	0	0
5.37026e-06	0	0	0
6.42574e-06	0	0	0
6.47735e-06	0	0	0
7.58238e-06	0	0	0
8.73724e-06	0	0	0
8.93039e-06	0	0	0
9.19481e-06	0	0	0
9.2883e-06	0	0	0
9.94146e-06	0	0	0
1.01934e-05	0	0	0
1.04246e-05	0	0	0
1.04393e-05	0	0	0
1.06268e-05	0	0	0
1.20096e-05	0	0	0
1.23636e-05	0	0	0
1.37843e-05	0	0	0
1.38426e-05	0	0	0
1.59623e-05	0	0	0
1.6047e-05	0	0	0
1.7026e-05	0	0	0
1.81426e-05	0	0	0
1.82902e-05	0	0	0
1.84362e-05	0	0	0
1.93864e-05	0	0	0
2.06897e-05	0	0	0
2.0933e-05	0	0	0
2.09345e-05	0	0	0
2.24506e-05	0	0	0
2.25556e-05	0	0	0
2.28318e-05	0	0	0
2.28321e-05	0	0	0
2.3367e-05	0	0	0
2.44958e-05	0	0	0
2.49182e-05	0	0	0
2.5984e-05	0	0	0
2.6765e-05	0	0	0
2.68702e-05	0	0	0
2.72447e-05	0	0	0
2.88797e-05	0	0	0
2.9726e-05	0	0	0
2.97959e-05	0	0	0
3.05732e-05	0	0	0
3.07654e-05	0	0	0
3.13855e-05	0	0	0
3.17391e-05	0	0	0
3.40629e-05	0	0	0
3.54493e-05	0	0	0
3.84795e-05	0	0	0
3.85246e-05	0	0	0
4.33663e-05	0	0	0
4.41108e-05	0	0	0
5.16694e-05	0	0	0
5.27782e-05	0	0	0
5.41846e-05	0	0	0
6.48542e-05	0	0	0
6.7512e-05	0	0	0
6.92705e-05	0	0	0
6.94066e-05	0	0	0
6.97047e-05	0	0	0
8.03626e-05	0	0	0
8.46442e-05	0	0	0
8.98744e-05	0	0	0
0.000115953	0	0	0
0.00013085	0	0	0
0.000131081	0	0	0
0.0001326	0	0	0
0.000150527	0	0	0
0.000167749	0	0	0
0.000267198	0	0	0
0.000301885	0	0	0
0.239537	0	0	0
0.240179	0	0	0
0.261671	0	0.0276396	0
0.261676	0	0.0276396	0.0909918
0.26168	0	0.0276396	0.0909918
0.261684	0.0276396	0	0.0909918
0.26975	0.0276396	0	0.0909918
0.269755	0.0276396	0	0.0909918
0.293027	0.0276396	0	0.0909918
0.293098	0.0276396	0	0.0909918
0.29388	0.0276396	0.0276396	0.0909918
0.293902	0.0414594	0.0552792	0.0909918
0.293958	0.0690989	0.0276396	0.0909918
0.32295	0.0967385	0	0.0909918
0.323	0.0967385	0	0.0909918
0.33797	0.0967385	0	0.0909918
0.338388	0.0967385	0	0.0909918
0.338979	0.0967385	0.0276396	0.0909918
0.341818	0.0967385	0.0552792	0.0909918
0.378845	0.0967385	0.0552792	0.0909918
0.378852	0.0967385	0.0552792	0.0909918
0.378877	0.0967385	0.0552792	0.0909918
0.378902	0.124378	0.0276396	0.0909918
0.40693	0.152018	0	0.0909918
0.407808	0.152018	0	0.0909918
0.519234	0.152018	0.0276396	0.0909918
0.519311	0.152018	0.0276396	0.0909918
0.519551	0.179657	0	0.0909918
0.519629	0.193477	0.0276396	0.0909918
0.533572	0.221117	0	0.0909918
0.546257	0.221117	0	0.0909918
0.635628	0.221117	0	0.181984
0.635629	0.221117	0	0.181984
0.668872	0.221117	0	0.181984
0.668897	0.221117	0	0.181984
0.669506	0.221117	0	0.181984
0.716413	0.221117	0	0.181984
0.716886	0.221117	0	0.181984
0.716915	0.234936	0.0276396	0.181984
0.719032	0.262576	0	0.181984
0.729418	0.262576	0	0.181984
0.812961	0.262576	0	0.272975
0.936053	0.262576	0	0.272975
0.938096	0.262576	0	0.272975
0.938268	0.262576	0.0276396	0.272975
0.938654	0.262576	0.0552792	0.272975
0.9393	0.262576	0.0829187	0.272975
0.939793	0.262576	0.110558	0.272975
0.951049	0.262576	0.138198	0.272975
0.972117	0.262576	0.138198	0.363967
0.972124	0.262576	0.138198	0.363967
0.972127	0.262576	0.138198	0.363967
0.97213	0.290216	0.110558	0.363967
0.972133	0.317855	0.0829187	0.363967
0.972133	0.317855	0.0829187	0.363967
0.972135	0.317855	0.0829187	0.363967
0.972137	0.317855	0.0829187	0.363967
0.972152	0.345495	0.0552792	0.363967
0.972159	0.373134	0.0276396	0.363967
0.972165	0.400774	0	0.363967
0.972174	0.400774	0	0.363967
0.973034	0.400774	0	0.363967
0.973076	0.414594	0.0276396	0.363967
1.05126	0.442233	0	0.363967
1.07592	0.442233	0	0.363967
1.07634	0.442233	0	0.363967
1.07678	0.442233	0.0276396	0.363967
1.0768	0.456053	0.0552792	0.363967
1.07684	0.483693	0.0276396	0.363967
1.09557	0.511332	0	0.363967
1.13421	0.511332	0	0.454959
1.13422	0.511332	0	0.454959
1.16217	0.511332	0	0.454959
1.16238	0.511332	0	0.454959
1.16243	0.525152	0.0276396	0.454959
1.17243	0.552792	0	0.454959
1.17273	0.552792	0	0.454959
1.34483	0.552792	0.0276396	0.454959
1.34488	0.552792	0.0276396	0.454959
1.35083	0.580431	0	0.454959
1.37658	0.580431	0	0.545951
1.38319	0.580431	0	0.545951
1.38323	0.580431	0	0.545951
1.38339	0.580431	0	0.545951
1.38489	0.580431	0	0.545951
1.39627	0.580431	0	0.545951
1.40855	0.580431	0	0.545951
1.48096	0.580431	0	0.636943
1.55389	0.580431	0	0.727934
1.57246	0.580431	0	0.909918
1.5729	0.580431	0	0.909918
1.57292	0.594251	0.0276396	0.909918
1.62354	0.621891	0	0.909918
1.62385	0.621891	0	0.909918
1.62389	0.621891	0.0552792	0.909918
1.62392	0.64953	0.0276396	0.909918
1.65257	0.67717	0	0.909918
1.65262	0.67717	0	0.909918
1.79145	0.67717	0	0.909918
1.79283	0.67717	0	0.909918
1.79286	0.690989	0.0276396	0.909918
1.80612	0.718629	0	0.909918
1.94628	0.718629	0	1.00091
1.9672	0.718629	0	1.00091
1.9682	0.718629	0	1.00091
1.96821	0.732449	0.0276396	1.00091
2.03622	0.760088	0	1.00091
2.03642	0.760088	0	1.00091
2.03644	0.773908	0.0276396	1.00091
2.13351	0.801548	0	1.00091
2.21967	0.801548	0	1.0919
2.23759	0.801548	0	1.18289
2.23765	0.801548	0	1.18289
2.34114	0.801548	0	1.18289
2.38834	0.801548	0	1.18289
2.38867	0.801548	0	1.18289
2.3887	0.815368	0.0276396	1.18289
2.43599	0.843007	0	1.18289
2.436	0.843007	0	1.27389
2.62615	0.843007	0	1.27389
2.68937	0.843007	0	1.45587
2.7314	0.843007	0	1.45587
2.73182	0.843007	0	1.45587
2.73187	0.856827	0.0276396	1.45587
2.73188	0.884467	0	1.45587
2.73195	0.884467	0	1.45587
2.79893	0.884467	0	1.45587
2.80818	0.884467	0	1.63785
2.9126	0.884467	0	1.72884
2.91266	0.884467	0	1.72884
2.92373	0.884467	0	1.72884
3.1052	0.884467	0	1.72884
3.10522	0.884467	0	1.72884
3.10524	0.898286	0.0276396	1.72884
3.14425	0.925926	0	1.72884
3.18753	0.925926	0	1.81984
3.1982	0.925926	0	1.91083
3.19838	0.925926	0	1.91083
3.19886	0.925926	0.0276396	1.91083
3.19965	0.925926	0.0552792	1.91083
3.19965	0.939746	0.0829187	1.91083
3.19966	0.967385	0.0552792	1.91083
3.19968	0.995025	0.0276396	1.91083
3.1997	1.02266	0	1.91083
3.22523	1.02266	0	1.91083
3.36989	1.02266	0	2.00182
3.4109	1.02266	0	2.1838
3.4129	1.02266	0	2.1838
3.41345	1.02266	0.0276396	2.1838
3.4136	1.02266	0.0552792	2.1838
3.41435	1.02266	0.0829187	2.1838
3.41478	1.02266	0.110558	2.1838
3.45128	1.02266	0.138198	2.1838
3.45128	1.02266	0.138198	2.1838
3.45129	1.0503	0.110558	2.1838
3.45132	1.07794	0.0829187	2.1838
3.45132	1.10558	0.0552792	2.1838
3.45138	1.13322	0.0276396	2.1838
3.45302	1.16086	0	2.1838
3.4891	1.16086	0	2.2748
3.48986	1.16086	0	2.2748
3.48988	1.17468	0.0276396	2.2748
3.53551	1.20232	0	2.2748
3.53643	1.20232	0	2.2748
3.53643	1.21614	0.0276396	2.2748
3.55722	1.24378	0	2.2748
3.55773	1.24378	0	2.2748
3.55774	1.24378	0.0552792	2.2748
3.55776	1.27142	0.0276396	2.2748
3.60908	1.29906	0	2.2748
3.61379	1.29906	0	2.2748
3.62805	1.29906	0	2.36579
3.62806	1.29906	0	2.36579
3.62806	1.29906	0	2.36579
3.71996	1.29906	0	2.36579
3.73667	1.29906	0	2.45678
3.87249	1.29906	0	2.63876
3.87257	1.29906	0	2.63876
3.87258	1.31288	0.0276396	2.63876
3.92679	1.34052	0	2.63876
3.92698	1.34052	0	2.63876
3.92702	1.35434	0.0276396	2.63876
3.93602	1.38198	0	2.63876
4.10781	1.38198	0	2.82075
4.10801	1.38198	0	2.82075
4.15574	1.38198	0.0276396	2.82075
4.15575	1.38198	0.0276396	2.82075
4.15577	1.38198	0.0276396	2.82075
4.18725	1.40962	0	2.82075
4.18735	1.40962	0	2.82075
4.18738	1.42344	0.0276396	2.82075
4.25868	1.45108	0	2.82075
4.25963	1.45108	0	2.82075
4.25967	1.4649	0.0276396	2.82075
4.25971	1.49254	0	2.82075
4.25972	1.49254	0	2.82075
4.26947	1.49254	0	2.82075
4.36676	1.49254	0	2.91174
4.36678	1.49254	0	2.91174
4.37462	1.49254	0.0276396	2.91174
4.46666	1.49254	0.0276396	3.09372
4.46671	1.49254	0.0276396	3.09372
4.46671	1.50636	0.0552792	3.09372
4.46674	1.534	0.0276396	3.09372
4.48503	1.56164	0	3.09372
4.48583	1.56164	0	3.09372
4.48584	1.56164	0.0276396	3.09372
4.48586	1.57546	0.0552792	3.09372
4.48588	1.6031	0.0276396	3.09372
4.497	1.63074	0	3.09372
4.49733	1.63074	0	3.09372
4.49735	1.64456	0.0276396	3.09372
4.52365	1.67219	0	3.09372
4.52386	1.67219	0	3.09372
4.52495	1.67219	0.0276396	3.09372
4.52496	1.68601	0.0552792	3.09372
4.52496	1.71365	0.0276396	3.09372
4.5315	1.74129	0	3.09372
4.53172	1.74129	0	3.09372
4.53176	1.75511	0.0276396	3.09372
4.65936	1.78275	0	3.09372
4.72664	1.78275	0	3.18471
4.74878	1.78275	0	3.27571
4.85821	1.78275	0	3.3667
4.99639	1.78275	0	3.3667
4.99639	1.78275	0	3.3667
5.02926	1.78275	0	3.3667
5.0402	1.78275	0	3.45769
5.04056	1.78275	0	3.45769
5.04056	1.78275	0.0276396	3.45769
5.04059	1.79657	0.0552792	3.45769
5.04059	1.82421	0.0276396	3.45769
5.11202	1.85185	0	3.45769
5.13207	1.85185	0	3.63967
5.13249	1.85185	0	3.63967
5.28472	1.85185	0.0276396	3.63967
5.28473	1.85185	0.0276396	3.63967
5.28479	1.87949	0	3.63967
5.45164	1.87949	0	3.63967
5.45165	1.87949	0	3.63967
5.45172	1.87949	0.0276396	3.63967
5.45174	1.89331	0.0552792	3.63967
5.45178	1.92095	0.0276396	3.63967
5.463	1.94859	0	3.63967
5.70556	1.94859	0	3.73066
5.85079	1.94859	0	3.73066
5.96436	1.94859	0	3.82166
6.0603	1.94859	0	3.91265
6.06046	1.94859	0	3.91265
6.06047	1.96241	0.0276396	3.91265
6.12638	1.99005	0	3.91265
6.13404	1.99005	0	4.00364
6.13504	1.99005	0	4.00364
6.1351	1.99005	0.0276396	4.00364
6.13512	2.00387	0.0552792	4.00364
6.13514	2.00387	0.0552792	4.00364
6.13515	2.03151	0.0276396	4.00364
6.13517	2.05915	0	4.00364
6.15093	2.05915	0	4.00364
6.15121	2.05915	0	4.00364
6.15151	2.05915	0.0276396	4.00364
6.15154	2.07297	0.0552792	4.00364
6.1516	2.10061	0.0276396	4.00364
6.17309	2.12825	0	4.00364
6.17394	2.12825	0	4.00364
6.21255	2.12825	0.0276396	4.00364
6.21257	2.12825	0.0276396	4.00364
6.30329	2.15589	0	4.00364
6.34629	2.15589	0	4.09463
6.53162	2.15589	0	4.27662
6.58191	2.15589	0	4.4586
6.5829	2.15589	0	4.4586
6.58295	2.16971	0.0276396	4.4586
6.5961	2.19735	0	4.4586
6.64796	2.19735	0	4.64058
6.70258	2.19735	0	4.82257
6.70259	2.19735	0	4.82257
6.70304	2.19735	0.0276396	4.82257
6.70305	2.21117	0.0552792	4.82257
6.70306	2.23881	0.0276396	4.82257
6.70308	2.26645	0	4.82257
6.88762	2.26645	0	4.82257
6.88849	2.26645	0	4.82257
6.88901	2.26645	0.0276396	4.82257
6.88902	2.28027	0.0552792	4.82257
6.88906	2.3079	0.0276396	4.82257
6.90036	2.33554	0	4.82257
6.90644	2.33554	0	4.91356
6.90673	2.33554	0	4.91356
6.90733	2.33554	0.0276396	4.91356
6.90742	2.34936	0.0552792	4.91356
6.90745	2.377	0.0276396	4.91356
6.9855	2.40464	0	4.91356
6.98603	2.40464	0	4.91356
6.99226	2.40464	0.0276396	4.91356
7.03238	2.40464	0.0276396	5.00455
7.03239	2.40464	0.0276396	5.18653
7.07163	2.43228	0	5.18653
7.11534	2.43228	0	5.27753
7.2156	2.43228	0	5.45951
7.22852	2.43228	0	5.64149
7.22854	2.43228	0	5.64149
7.22858	2.43228	0.0276396	5.64149
7.2307	2.43228	0.0552792	5.64149
7.23162	2.43228	0.0829187	5.64149
7.23188	2.43228	0.110558	5.64149
7.4337	2.43228	0.138198	5.64149
7.4337	2.43228	0.138198	5.73248
7.4337	2.45992	0.110558	5.73248
7.4337	2.48756	0.0829187	5.73248
7.43371	2.5152	0.0552792	5.73248
7.43371	2.54284	0.0276396	5.73248
7.43375	2.54284	0.0276396	5.73248
7.43375	2.57048	0	5.73248
7.54909	2.57048	0	5.73248
7.54931	2.57048	0	5.73248
7.54933	2.57048	0.0552792	5.73248
7.54935	2.59812	0.0276396	5.73248
7.65155	2.62576	0	5.73248
7.65282	2.62576	0	5.73248
7.6535	2.62576	0.0276396	5.73248
7.65398	2.62576	0.0552792	5.73248
7.65445	2.62576	0.0829187	5.73248
7.65505	2.62576	0.110558	5.73248
7.71605	2.62576	0.138198	5.73248
7.71607	2.62576	0.138198	5.91447
7.7161	2.6534	0.110558	5.91447
7.7161	2.68104	0.0829187	5.91447
7.7161	2.70868	0.0552792	5.91447
7.7161	2.73632	0.0276396	5.91447
7.75505	2.76396	0	5.91447
7.75534	2.76396	0	5.91447
7.75566	2.76396	0.0276396	5.91447
7.75566	2.76396	0.0829187	5.91447
7.75571	2.7916	0.0552792	5.91447
7.75575	2.81924	0.0276396	5.91447
7.75576	2.84688	0	5.91447
7.79918	2.84688	0	5.91447
7.80051	2.84688	0	5.91447
7.80055	2.8607	0.0276396	5.91447
7.83532	2.88834	0	5.91447
7.83566	2.88834	0	5.91447
7.94023	2.88834	0.0276396	5.91447
7.94024	2.88834	0.0276396	6.09645
7.94254	2.91598	0	6.09645
7.94368	2.91598	0	6.09645
7.9437	2.9298	0.0276396	6.09645
7.98749	2.95744	0	6.09645
7.98777	2.95744	0	6.09645
8.07996	2.95744	0.0276396	6.09645
8.08008	2.95744	0.0276396	6.09645
8.08064	2.98507	0	6.09645
8.08066	2.98507	0.0276396	6.09645
8.08131	2.98507	0.0552792	6.09645
8.08218	2.98507	0.0829187	6.09645
8.08224	2.98507	0.110558	6.09645
8.10701	2.98507	0.138198	6.09645
8.15543	2.98507	0.138198	6.18744
8.15544	2.98507	0.138198	6.27843
8.15546	3.01271	0.110558	6.27843
8.15546	3.04035	0.0829187	6.27843
8.15546	3.06799	0.0552792	6.27843
8.15547	3.09563	0.0276396	6.27843
8.17182	3.12327	0	6.27843
8.17204	3.12327	0	6.27843
8.17218	3.12327	0.0276396	6.27843
8.17218	3.12327	0.0552792	6.27843
8.17235	3.12327	0.0829187	6.27843
8.17235	3.13709	0.110558	6.27843
8.17235	3.16473	0.0829187	6.27843
8.17236	3.19237	0.0552792	6.27843
8.1724	3.22001	0.0276396	6.27843
8.20697	3.24765	0	6.27843
8.34617	3.24765	0	6.36943
8.34623	3.24765	0	6.36943
8.34625	3.24765	0.0552792	6.36943
8.34628	3.27529	0.0276396	6.36943
8.50696	3.30293	0	6.36943
8.50705	3.30293	0	6.36943
8.6159	3.30293	0.0276396	6.36943
8.61595	3.30293	0.0276396	6.55141
8.66377	3.33057	0	6.55141
8.66584	3.33057	0	6.55141
8.66584	3.33057	0.0552792	6.55141
8.66588	3.35821	0.0276396	6.55141
8.6667	3.38585	0	6.55141
8.66826	3.38585	0	6.55141
8.66833	3.39967	0.0276396	6.55141
8.66838	3.42731	0	6.55141
8.76634	3.42731	0	6.55141
8.76683	3.42731	0	6.55141
8.76683	3.44113	0.0276396	6.55141
8.77051	3.46877	0	6.55141
8.7725	3.46877	0	6.55141
8.77253	3.48259	0.0276396	6.55141
9.12715	3.51023	0	6.55141
9.12901	3.51023	0	6.55141
9.34115	3.51023	0.0276396	6.55141
9.34118	3.51023	0.0276396	6.6424
9.46779	3.53787	0	6.6424
9.62294	3.53787	0	6.82439
9.62309	3.53787	0	6.82439
9.6231	3.53787	0.0552792	6.82439
9.62311	3.56551	0.0276396	6.82439
9.73226	3.59315	0	6.82439
9.84385	3.59315	0	7.00637
9.88936	3.59315	0	7.09736
9.88941	3.59315	0	7.09736
9.94365	3.59315	0.0276396	7.09736
9.94366	3.59315	0.0276396	7.27934
9.94367	3.59315	0.0276396	7.27934
10.044	3.62078	0	7.27934
10.0496	3.62078	0	7.37034
10.1581	3.62078	0	7.46133
10.1583	3.62078	0	7.46133
10.1584	3.6346	0.0276396	7.46133
10.3902	3.66224	0	7.46133
10.4363	3.66224	0	7.55232
10.4366	3.66224	0	7.55232
10.4373	3.66224	0.0276396	7.55232
10.4373	3.67606	0.0552792	7.55232
10.4374	3.7037	0.0276396	7.55232
10.4805	3.73134	0	7.55232
10.4805	3.73134	0	7.55232
10.4805	3.73134	0.0552792	7.55232
10.4805	3.75898	0.0276396	7.55232
10.4812	3.78662	0	7.55232
10.5831	3.78662	0	7.7343
10.5832	3.78662	0	7.7343
10.5832	3.80044	0.0276396	7.7343
10.684	3.82808	0	7.7343
10.6842	3.82808	0	7.7343
10.6842	3.82808	0.0552792	7.7343
10.6842	3.85572	0.0276396	7.7343
10.7068	3.88336	0	7.7343
10.7114	3.88336	0	7.8253
10.7223	3.88336	0	8.00728
10.7233	3.88336	0	8.00728
10.7233	3.88336	0.0552792	8.00728
10.7234	3.911	0.0276396	8.00728
10.8753	3.93864	0	8.00728
10.8757	3.93864	0	8.00728
10.877	3.93864	0.0276396	8.00728
10.877	3.95246	0.0552792	8.00728
10.8771	3.9801	0.0276396	8.00728
10.9202	4.00774	0	8.00728
10.9602	4.00774	0	8.18926
10.9602	4.00774	0	8.18926
10.9602	4.00774	0.0552792	8.18926
10.9602	4.03538	0.0276396	8.18926
11.205	4.06302	0	8.18926
11.2053	4.06302	0	8.18926
11.2053	4.06302	0.0552792	8.18926
11.2053	4.09066	0.0276396	8.18926
11.3157	4.1183	0	8.18926
11.3161	4.1183	0	8.18926
11.3161	4.13212	0.0276396	8.18926
11.4121	4.15976	0	8.18926
11.4134	4.15976	0	8.18926
11.4164	4.15976	0.0276396	8.18926
11.4172	4.15976	0.0276396	8.18926
11.4173	4.15976	0.0829187	8.18926
11.4173	4.1874	0.0552792	8.18926
11.4988	4.21504	0.0276396	8.18926
11.4989	4.21504	0.0276396	8.18926
11.4989	4.21504	0.0552792	8.18926
11.4992	4.24268	0.0276396	8.18926
11.4993	4.2565	0.0552792	8.18926
11.4993	4.28413	0.0276396	8.18926
11.8254	4.31177	0	8.18926
11.8255	4.31177	0	8.18926
11.8255	4.31177	0.0552792	8.18926
11.8256	4.33941	0.0276396	8.18926
11.9278	4.36705	0	8.18926
11.9281	4.36705	0	8.18926
11.9283	4.36705	0.0276396	8.18926
11.9283	4.38087	0.0552792	8.18926
11.9284	4.40851	0.0276396	8.18926
12.0222	4.43615	0	8.18926
12.0224	4.43615	0	8.18926
12.0233	4.43615	0.0276396	8.18926
12.0233	4.44997	0.0552792	8.18926
12.0234	4.47761	0.0276396	8.18926
12.1234	4.50525	0	8.18926
12.1238	4.50525	0	8.18926
12.1238	4.51907	0.0276396	8.18926
12.1482	4.54671	0	8.18926
12.1489	4.54671	0	8.18926
12.149	4.56053	0.0276396	8.18926
12.1743	4.58817	0	8.18926
12.1762	4.58817	0	8.18926
12.3675	4.58817	0.0276396	8.18926
12.3676	4.58817	0.0276396	8.18926
12.3677	4.61581	0	8.18926
12.3681	4.61581	0.0276396	8.18926
12.3681	4.61581	0.0829187	8.18926
12.3681	4.64345	0.0552792	8.18926
12.3682	4.67109	0.0276396	8.18926
12.5677	4.69873	0	8.18926
12.5835	4.69873	0	8.37125
12.5842	4.69873	0	8.37125
12.5843	4.69873	0.0276396	8.37125
12.5843	4.71255	0.0552792	8.37125
12.5843	4.74019	0.0276396	8.37125
12.6394	4.76783	0	8.37125
12.7706	4.76783	0	8.55323
12.9494	4.76783	0	8.73521
12.9496	4.76783	0	8.73521
13.6115	4.76783	0.0276396	8.73521
13.6115	4.76783	0.0276396	8.82621
13.613	4.79547	0	8.82621
13.7051	4.79547	0	9.00819
13.7054	4.79547	0	9.00819
13.7054	4.80929	0.0276396	9.00819
14.0107	4.83693	0	9.00819
14.1334	4.83693	0	9.09918
14.1336	4.83693	0	9.09918
14.1336	4.83693	0.0552792	9.09918
14.1337	4.86457	0.0276396	9.09918
14.3411	4.89221	0	9.09918
14.3414	4.89221	0	9.09918
14.3415	4.90603	0.0276396	9.09918
14.3771	4.93367	0	9.09918
14.5743	4.93367	0	9.28116
14.5745	4.93367	0	9.28116
14.5745	4.94748	0.0276396	9.28116
14.8019	4.97512	0	9.28116
14.8025	4.97512	0	9.28116
14.8025	4.98894	0.0276396	9.28116
14.8084	5.01658	0	9.28116
15.0976	5.01658	0	9.46315
15.098	5.01658	0	9.46315
15.0981	5.01658	0.0552792	9.46315
15.0981	5.04422	0.0276396	9.46315
15.1972	5.07186	0	9.46315
15.1987	5.07186	0	9.46315
15.199	5.07186	0.0276396	9.46315
15.199	5.08568	0.0552792	9.46315
15.199	5.11332	0.0276396	9.46315
15.2517	5.14096	0	9.46315
15.2518	5.14096	0	9.46315
15.2525	5.14096	0.0276396	9.46315
15.2525	5.15478	0.0552792	9.46315
15.2525	5.18242	0.0276396	9.46315
15.2803	5.21006	0	9.46315
15.2818	5.21006	0	9.46315
15.2818	5.22388	0.0276396	9.46315
15.2959	5.25152	0	9.46315
15.2971	5.25152	0	9.46315
15.2972	5.25152	0.0276396	9.46315
15.2972	5.26534	0.0552792	9.46315
15.2973	5.29298	0.0276396	9.46315
15.3241	5.32062	0	9.46315
15.5494	5.32062	0	9.64513
15.5516	5.32062	0	9.64513
15.5518	5.32062	0.0276396	9.64513
15.5518	5.33444	0.0552792	9.64513
15.5518	5.36208	0.0276396	9.64513
16.5765	5.38972	0	9.64513
16.5768	5.38972	0	9.64513
16.5768	5.40354	0.0276396	9.64513
16.8692	5.43118	0	9.64513
16.8693	5.43118	0	9.64513
16.8695	5.43118	0.0276396	9.64513
16.8695	5.445	0.0552792	9.64513
16.8695	5.47264	0.0276396	9.64513
16.999	5.50028	0	9.64513
16.9994	5.50028	0	9.64513
16.9994	5.50028	0.0552792	9.64513
16.9995	5.52792	0.0276396	9.64513
17.2941	5.55556	0	9.64513
17.2967	5.55556	0	9.64513
17.2967	5.55556	0.0552792	9.64513
17.2968	5.5832	0.0276396	9.64513
17.8221	5.61083	0	9.64513
17.8221	5.61083	0	9.64513
17.8221	5.62465	0.0276396	9.64513
17.9318	5.65229	0	9.64513
18.9319	5.65229	0	9.82712
18.932	5.65229	0	9.82712
18.932	5.65229	0.0552792	9.82712
18.932	5.67993	0.0276396	9.82712
19.3695	5.70757	0	9.82712
19.3698	5.70757	0	9.82712
19.3705	5.70757	0.0276396	9.82712
19.3705	5.70757	0.0552792	9.82712
19.3707	5.70757	0.0829187	9.82712
19.371	5.70757	0.110558	9.82712
19.4569	5.70757	0.138198	9.82712
19.4569	5.70757	0.138198	9.82712
19.4569	5.73521	0.110558	9.82712
19.4569	5.76285	0.0829187	9.82712
19.4569	5.79049	0.0552792	9.82712
19.457	5.81813	0.0276396	9.82712
19.4578	5.84577	0	9.82712
19.4579	5.84577	0.0552792	9.82712
19.4579	5.87341	0.0276396	9.82712
19.7023	5.90105	0	9.82712
19.7032	5.90105	0	9.82712
19.7032	5.90105	0.0552792	9.82712
19.7032	5.92869	0.0276396	9.82712
20.0124	5.95633	0	9.82712
20.0128	5.95633	0	9.82712
20.0136	5.95633	0.0276396	9.82712
20.0136	5.97015	0.0552792	9.82712
20.0136	5.99779	0.0276396	9.82712
20.7911	6.02543	0	9.82712
21.0468	6.02543	0	10.0091
21.0477	6.02543	0	10.0091
21.0483	6.02543	0.0276396	10.0091
21.0483	6.03925	0.0552792	10.0091
21.0483	6.06689	0.0276396	10.0091
21.1851	6.09453	0	10.0091
21.1856	6.09453	0	10.0091
21.186	6.09453	0.0276396	10.0091
21.1861	6.09453	0.0552792	10.0091
21.1861	6.09453	0.0829187	10.0091
21.1868	6.09453	0.110558	10.0091
22.1748	6.09453	0.138198	10.0091
22.1748	6.09453	0.138198	10.0091
22.1748	6.12217	0.110558	10.0091
22.1748	6.14981	0.0829187	10.0091
22.1748	6.17745	0.0552792	10.0091
22.1748	6.20509	0.0276396	10.0091
22.176	6.23273	0	10.0091
22.1761	6.24655	0.0276396	10.0091
22.4245	6.27418	0	10.0091
22.4246	6.27418	0	10.0091
22.4246	6.27418	0.0276396	10.0091
22.4246	6.288	0.0552792	10.0091
22.4246	6.31564	0.0276396	10.0091
23.6627	6.34328	0	10.0091
23.6638	6.34328	0	10.0091
23.6642	6.34328	0.0276396	10.0091
23.6642	6.3571	0.0552792	10.0091
23.6642	6.38474	0.0276396	10.0091
24.175	6.41238	0	10.0091
24.1753	6.41238	0	10.0091
24.1754	6.4262	0.0276396	10.0091
24.2023	6.45384	0	10.0091
24.2027	6.45384	0	10.0091
24.2027	6.46766	0.0276396	10.0091
24.7426	6.4953	0	10.0091
24.7428	6.4953	0	10.0091
24.7428	6.4953	0.0552792	10.0091
24.7428	6.52294	0.0276396	10.0091
24.9254	6.55058	0	10.0091
24.926	6.55058	0	10.0091
24.9263	6.55058	0.0276396	10.0091
24.9263	6.5644	0.0552792	10.0091
24.9264	6.59204	0.0276396	10.0091
25.4758	6.61968	0	10.0091
25.4766	6.61968	0	10.0091
26.3707	6.61968	0.0276396	10.0091
26.3707	6.61968	0.0276396	10.0091
26.371	6.64732	0	10.0091
26.371	6.66114	0.0276396	10.0091
26.4566	6.68878	0	10.0091
26.4577	6.68878	0	10.0091
26.4577	6.7026	0.0276396	10.0091
26.538	6.73024	0	10.0091
26.5388	6.73024	0	10.0091
26.5388	6.74406	0.0276396	10.0091
26.7854	6.7717	0	10.0091
26.7857	6.7717	0	10.0091
26.7859	6.7717	0.0276396	10.0091
26.7861	6.7717	0.0552792	10.0091
26.7862	6.7717	0.0829187	10.0091
26.7867	6.7717	0.110558	10.0091
27.4074	6.7717	0.138198	10.0091
27.4075	6.7717	0.138198	10.0091
27.4075	6.79934	0.110558	10.0091
27.4075	6.82698	0.0829187	10.0091
27.4075	6.8408	0.110558	10.0091
27.4075	6.86844	0.0829187	10.0091
27.4075	6.89608	0.0552792	10.0091
27.4076	6.92371	0.0276396	10.0091
28.122	6.95135	0	10.0091
28.1231	6.95135	0	10.0091
28.1232	6.95135	0.0276396	10.0091
28.1234	6.95135	0.0552792	10.0091
28.1238	6.95135	0.0829187	10.0091
28.1245	6.95135	0.110558	10.0091
30.4346	6.95135	0.138198	10.0091
30.4346	6.95135	0.138198	10.0091
30.4346	6.97899	0.110558	10.0091
30.4347	7.00663	0.0829187	10.0091
30.4347	7.03427	0.0552792	10.0091
30.4347	7.06191	0.0276396	10.0091
30.435	7.08955	0	10.0091
30.435	7.08955	0.0276396	10.0091
30.435	7.10337	0.0552792	10.0091
30.4351	7.13101	0.0276396	10.0091
30.5509	7.15865	0	10.0091
30.5514	7.15865	0	10.0091
30.5514	7.15865	0.0552792	10.0091
30.5514	7.18629	0.0276396	10.0091
30.6354	7.21393	0	10.0091
30.6359	7.21393	0	10.0091
30.6359	7.21393	0.0552792	10.0091
30.6359	7.24157	0.0276396	10.0091
31.0392	7.26921	0	10.0091
31.0398	7.26921	0	10.0091
31.0398	7.26921	0.0552792	10.0091
31.0398	7.29685	0.0276396	10.0091
31.4385	7.32449	0	10.0091
31.6505	7.32449	0	10.1911
31.6511	7.32449	0	10.1911
31.6511	7.32449	0.0552792	10.1911
31.6511	7.35213	0.0276396	10.1911
31.7656	7.37977	0	10.1911
31.7662	7.37977	0	10.1911
31.7662	7.39359	0.0276396	10.1911
32.0199	7.42123	0	10.1911
32.0201	7.42123	0	10.1911
32.0201	7.42123	0.0552792	10.1911
32.0201	7.44887	0.0276396	10.1911
32.0201	7.47651	0	10.1911
32.0201	7.47651	0	10.1911
32.3062	7.47651	0	10.1911
32.3067	7.47651	0	10.1911
32.3081	7.47651	0.0276396	10.1911
32.3085	7.47651	0.0552792	10.1911
32.3085	7.47651	0.110558	10.1911
32.3085	7.50415	0.0829187	10.1911
32.3085	7.53179	0.0552792	10.1911
32.3085	7.55943	0.0276396	10.1911
32.7115	7.58706	0	10.1911
32.7116	7.58706	0	10.1911
32.7116	7.60088	0.0276396	10.1911
34.2144	7.62852	0	10.1911
34.2148	7.62852	0	10.1911
34.2148	7.62852	0.0276396	10.1911
35.5541	7.65616	0	10.1911
35.5542	7.65616	0	10.1911
35.5542	7.66998	0.0276396	10.1911
35.8588	7.69762	0	10.1911
35.8595	7.69762	0	10.1911
35.8595	7.69762	0.0552792	10.1911
35.8595	7.72526	0.0276396	10.1911
36.4812	7.7529	0	10.1911
36.4815	7.7529	0	10.1911
36.4815	7.76672	0.0276396	10.1911
36.8389	7.79436	0	10.1911
36.8404	7.79436	0	10.1911
36.8409	7.79436	0.0276396	10.1911
40.3014	7.79436	0.0552792	10.1911
40.3014	7.79436	0.0552792	10.1911
40.3014	7.822	0.0276396	10.1911
40.3016	7.84964	0	10.1911
40.4562	7.84964	0.0276396	10.1911
40.4562	7.84964	0.0276396	10.1911
40.4563	7.87728	0	10.1911
41.4342	7.87728	0.0276396	10.1911
41.4342	7.87728	0.0276396	10.1911
41.4346	7.90492	0	10.1911
41.4346	7.90492	0.0552792	10.1911
41.4346	7.93256	0.0276396	10.1911
42.9043	7.9602	0	10.1911
42.9049	7.9602	0	10.1911
46.0365	7.9602	0.0276396	10.1911
46.0366	7.9602	0.0276396	10.1911
46.0368	7.98784	0	10.1911
47.3034	7.98784	0.0276396	10.1911
47.3034	7.98784	0.0276396	10.1911
47.304	8.01548	0	10.1911
47.304	8.0293	0.0276396	10.1911
47.4671	8.05694	0	10.1911
47.4671	8.05694	0	10.1911
47.4671	8.07076	0.0276396	10.1911
47.5615	8.0984	0	10.1911
47.5618	8.0984	0	10.1911
47.5618	8.11222	0.0276396	10.1911
54.6405	8.13986	0	10.1911
54.6412	8.13986	0	10.1911
54.6412	8.13986	0.0552792	10.1911
54.6413	8.1675	0.0276396	10.1911
57.4075	8.19514	0	10.1911
57.4081	8.19514	0	10.1911
57.4081	8.20896	0.0276396	10.1911
58.0716	8.23659	0	10.1911
58.0725	8.23659	0	10.1911
60.021	8.23659	0.0276396	10.1911
60.0211	8.23659	0.0276396	10.1911
60.0216	8.26423	0	10.1911
60.0216	8.26423	0.0552792	10.1911
60.0216	8.29187	0.0276396	10.1911
60.4627	8.31951	0	10.1911
60.4636	8.31951	0	10.1911
60.4636	8.31951	0.0552792	10.1911
60.4636	8.34715	0.0276396	10.1911
61.1437	8.37479	0	10.1911
61.1444	8.37479	0	10.1911
66.2054	8.37479	0.0276396	10.1911
66.2054	8.37479	0.0276396	10.1911
66.2074	8.40243	0	10.1911
66.2074	8.40243	0.0552792	10.1911
66.2074	8.43007	0.0276396	10.1911
68.5785	8.45771	0	10.1911
68.5789	8.45771	0	10.1911
68.5807	8.45771	0.0276396	10.1911
68.5807	8.45771	0.0552792	10.1911
68.5807	8.45771	0.110558	10.1911
68.5807	8.48535	0.0829187	10.1911
68.5807	8.51299	0.0552792	10.1911
68.5807	8.54063	0.0276396	10.1911
69.7045	8.56827	0	10.1911
69.7052	8.56827	0	10.1911
69.7052	8.56827	0.0552792	10.1911
69.7052	8.59591	0.0276396	10.1911
70.6841	8.62355	0	10.1911
70.6844	8.62355	0	10.1911
70.6844	8.62355	0.0552792	10.1911
70.6845	8.65119	0.0276396	10.1911
72.0697	8.67883	0	10.1911
72.0697	8.67883	0	10.1911
72.0697	8.67883	0.0552792	10.1911
72.0697	8.70647	0.0276396	10.1911
73.8708	8.73411	0	10.1911
73.8709	8.73411	0	10.1911
73.8709	8.73411	0.0552792	10.1911
73.8709	8.76175	0.0276396	10.1911
74.2404	8.78939	0	10.1911
74.2407	8.78939	0	10.1911
74.2407	8.78939	0.0552792	10.1911
74.2407	8.81703	0.0276396	10.1911
76.4854	8.84467	0	10.1911
76.486	8.84467	0	10.1911
83.4241	8.84467	0.0276396	10.1911
83.4241	8.84467	0.0276396	10.1911
83.4247	8.87231	0	10.1911
83.4247	8.87231	0.0552792	10.1911
83.4247	8.89994	0.0276396	10.1911
87.9857	8.92758	0	10.1911
87.9857	8.92758	0	10.1911
87.9858	8.92758	0.0552792	10.1911
87.9858	8.95522	0.0276396	10.1911
88.3658	8.98286	0	10.1911
88.3666	8.98286	0	10.1911
88.3676	8.98286	0.0276396	10.1911
88.3676	8.99668	0.0552792	10.1911
88.3676	9.02432	0.0276396	10.1911
88.7099	9.05196	0	10.1911
88.7099	9.05196	0	10.1911
88.7099	9.05196	0.0552792	10.1911
88.71	9.0796	0.0276396	10.1911
91.0808	9.10724	0	10.1911
91.081	9.10724	0	10.1911
122.76	9.10724	0.0276396	10.1911
122.76	9.10724	0.0276396	10.1911
122.76	9.13488	0	10.1911
130.321	9.13488	0.0276396	10.1911
130.322	9.13488	0.0276396	10.1911
130.322	9.16252	0	10.1911
130.322	9.16252	0.0552792	10.1911
130.322	9.19016	0.0276396	10.1911
