1.12494e-05	0	0	0
1.81689e-05	0	0	0
2.09139e-05	0	0	0
2.57246e-05	0	0	0
3.0037e-05	0	0	0
3.27105e-05	0	0	0
5.55776e-05	0	0	0
7.9951e-05	0	0	0
8.06091e-05	0	0	0
8.14019e-05	0	0	0
8.59663e-05	0	0	0
9.48043e-05	0	0	0
9.87878e-05	0	0	0
0.000101106	0	0	0
0.000102554	0	0	0
0.000102687	0	0	0
0.000107728	0	0	0
0.000111521	0	0	0
0.000116366	0	0	0
0.000116367	0	0	0
0.000134376	0	0	0
0.000136137	0	0	0
0.000136935	0	0	0
0.000142433	0	0	0
0.0001433	0	0	0
0.000158922	0	0	0
0.000160002	0	0	0
0.000168118	0	0	0
0.000174086	0	0	0
0.000174726	0	0	0
0.000182235	0	0	0
0.000185396	0	0	0
0.000187042	0	0	0
0.000203224	0	0	0
0.000203575	0	0	0
0.000206286	0	0	0
0.000224651	0	0	0
0.000229552	0	0	0
0.000230646	0	0	0
0.000234078	0	0	0
0.000238093	0	0	0
0.000240568	0	0	0
0.000249795	0	0	0
0.000274005	0	0	0
0.000275024	0	0	0
0.000279985	0	0	0
0.000288164	0	0	0
0.000288515	0	0	0
0.000289785	0	0	0
0.000291569	0	0	0
0.000293148	0	0	0
0.000293684	0	0	0
0.000294152	0	0	0
0.000298758	0	0	0
0.000300065	0	0	0
0.000305016	0	0	0
0.000305289	0	0	0
0.000307134	0	0	0
0.000307342	0	0	0
0.000311069	0	0	0
0.000311963	0	0	0
0.000312051	0	0	0
0.000314896	0	0	0
0.000322504	0	0	0
0.000325739	0	0	0
0.000335669	0	0	0
0.00034158	0	0	0
0.000345486	0	0	0
0.000354949	0	0	0
0.000362696	0	0	0
0.000363732	0	0	0
0.000364183	0	0	0
0.000368422	0	0	0
0.00036981	0	0	0
0.000371128	0	0	0
0.000373904	0	0	0
0.000374895	0	0	0
0.000377762	0	0	0
0.000380283	0	0	0
0.00038324	0	0	0
0.000391002	0	0	0
0.000394145	0	0	0
0.000399354	0	0	0
0.000401795	0	0	0
0.000402945	0	0	0
0.000403277	0	0	0
0.000414367	0	0	0
0.000426472	0	0	0
0.000426482	0	0	0
0.000432021	0	0	0
0.000437437	0	0	0
0.00044327	0	0	0
0.000446615	0	0	0
0.000463745	0	0	0
0.000473496	0	0	0
0.000480599	0	0	0
0.000487149	0	0	0
0.00048989	0	0	0
0.000490096	0	0	0
0.000491992	0	0	0
0.000492346	0	0	0
0.000507118	0	0	0
0.000511595	0	0	0
0.000511644	0	0	0
0.000516147	0	0	0
0.000516151	0	0	0
0.000516303	0	0	0
0.000531174	0	0	0
0.000536058	0	0	0
0.000536339	0	0	0
0.000537655	0	0	0
0.000538021	0	0	0
0.000540146	0	0	0
0.00054752	0	0	0
0.000548296	0	0	0
0.000552928	0	0	0
0.000562713	0	0	0
0.000563563	0	0	0
0.000571917	0	0	0
0.000583438	0	0	0
0.000596347	0	0	0
0.000596433	0	0	0
0.000600383	0	0	0
0.000600694	0	0	0
0.000604568	0	0	0
0.000606375	0	0	0
0.000608124	0	0	0
0.000615315	0	0	0
0.00061916	0	0	0
0.000620747	0	0	0
0.000622969	0	0	0
0.000624053	0	0	0
0.000633261	0	0	0
0.00064264	0	0	0
0.000644568	0	0	0
0.000651037	0	0	0
0.000659175	0	0	0
0.000663287	0	0	0
0.000664056	0	0	0
0.000668375	0	0	0
0.00068395	0	0	0
0.000684147	0	0	0
0.000687202	0	0	0
0.000688788	0	0	0
0.000690869	0	0	0
0.000692375	0	0	0
0.000694862	0	0	0
0.000695499	0	0	0
0.000696334	0	0	0
0.000713795	0	0	0
0.000717041	0	0	0
0.000719033	0	0	0
0.000721875	0	0	0
0.000726095	0	0	0
0.000733841	0	0	0
0.000740294	0	0	0
0.000743821	0	0	0
0.000744378	0	0	0
0.000752908	0	0	0
0.000753955	0	0	0
0.000755453	0	0	0
0.000760607	0	0	0
0.000760643	0	0	0
0.000760831	0	0	0
0.000770146	0	0	0
0.000770542	0	0	0
0.000770763	0	0	0
0.000773873	0	0	0
0.000774156	0	0	0
0.00077753	0	0	0
0.000779966	0	0	0
0.000780163	0	0	0
0.000782346	0	0	0
0.00078318	0	0	0
0.000792648	0	0	0
0.000796547	0	0	0
0.000796982	0	0	0
0.000800742	0	0	0
0.00080497	0	0	0
0.000805337	0	0	0
0.000808357	0	0	0
0.000809177	0	0	0
0.000816027	0	0	0
0.000826136	0	0	0
0.000831187	0	0	0
0.00083393	0	0	0
0.00084439	0	0	0
0.000849259	0	0	0
0.000854968	0	0	0
0.0008561	0	0	0
0.000860759	0	0	0
0.000866095	0	0	0
0.000875837	0	0	0
0.000876586	0	0	0
0.000878212	0	0	0
0.000882465	0	0	0
0.000883203	0	0	0
0.000890117	0	0	0
0.000896849	0	0	0
0.000900488	0	0	0
0.000915191	0	0	0
0.000918165	0	0	0
0.000925675	0	0	0
0.000927264	0	0	0
0.000933598	0	0	0
0.000936957	0	0	0
0.000961316	0	0	0
0.000970428	0	0	0
0.000971519	0	0	0
0.000976833	0	0	0
0.000984123	0	0	0
0.000985818	0	0	0
0.000985997	0	0	0
0.00099049	0	0	0
0.000997845	0	0	0
0.00102309	0	0	0
0.00102648	0	0	0
0.00103054	0	0	0
0.00103068	0	0	0
0.00103091	0	0	0
0.00103105	0	0	0
0.00103828	0	0	0
0.00104049	0	0	0
0.00104075	0	0	0
0.00104233	0	0	0
0.0010424	0	0	0
0.00104313	0	0	0
0.00104937	0	0	0
0.00105151	0	0	0
0.00105396	0	0	0
0.00106058	0	0	0
0.00106242	0	0	0
0.00106332	0	0	0
0.00106802	0	0	0
0.00107149	0	0	0
0.00107908	0	0	0
0.00108125	0	0	0
0.00109069	0	0	0
0.00109156	0	0	0
0.00109185	0	0	0
0.00110405	0	0	0
0.00110418	0	0	0
0.00111538	0	0	0
0.00111576	0	0	0
0.00112458	0	0	0
0.00112466	0	0	0
0.00112704	0	0	0
0.00113044	0	0	0
0.00113324	0	0	0
0.00113907	0	0	0
0.00114017	0	0	0
0.00114037	0	0	0
0.00114298	0	0	0
0.00114366	0	0	0
0.00114447	0	0	0
0.00114666	0	0	0
0.00114967	0	0	0
0.00115782	0	0	0
0.00115871	0	0	0
0.00116541	0	0	0
0.00116586	0	0	0
0.00116968	0	0	0
0.00116984	0	0	0
0.00117113	0	0	0
0.00117532	0	0	0
0.00117695	0	0	0
0.00117992	0	0	0
0.0011851	0	0	0
0.00120139	0	0	0
0.00120252	0	0	0
0.00121063	0	0	0
0.00121345	0	0	0
0.00121509	0	0	0
0.00122764	0	0	0
0.00123334	0	0	0
0.0012362	0	0	0
0.00123637	0	0	0
0.00124045	0	0	0
0.00124178	0	0	0
0.00124195	0	0	0
0.00124865	0	0	0
0.00125094	0	0	0
0.00125705	0	0	0
0.00125778	0	0	0
0.00126006	0	0	0
0.00126893	0	0	0
0.00127472	0	0	0
0.0012765	0	0	0
0.00127779	0	0	0
0.00128491	0	0	0
0.00128878	0	0	0
0.0012913	0	0	0
0.00129191	0	0	0
0.00129251	0	0	0
0.00129637	0	0	0
0.00129784	0	0	0
0.00129802	0	0	0
0.00130577	0	0	0
0.00130637	0	0	0
0.00130831	0	0	0
0.00130864	0	0	0
0.00131304	0	0	0
0.00132683	0	0	0
0.00133069	0	0	0
0.00133442	0	0	0
0.0013347	0	0	0
0.0013352	0	0	0
0.00133598	0	0	0
0.00133658	0	0	0
0.00133668	0	0	0
0.00133699	0	0	0
0.0013528	0	0	0
0.00135382	0	0	0
0.00135494	0	0	0
0.001358	0	0	0
0.00136559	0	0	0
0.00137082	0	0	0
0.00137975	0	0	0
0.00138397	0	0	0
0.00138408	0	0	0
0.00138745	0	0	0
0.00139361	0	0	0
0.00139621	0	0	0
0.0014	0	0	0
0.00140633	0	0	0
0.00140637	0	0	0
0.00140721	0	0	0
0.00140902	0	0	0
0.00141122	0	0	0
0.00141233	0	0	0
0.00141755	0	0	0
0.00142249	0	0	0
0.00142787	0	0	0
0.00142804	0	0	0
0.00142891	0	0	0
0.00143129	0	0	0
0.00143157	0	0	0
0.0014324	0	0	0
0.00143381	0	0	0
0.00143817	0	0	0
0.00144248	0	0	0
0.00144314	0	0	0
0.00144669	0	0	0
0.00144693	0	0	0
0.0014534	0	0	0
0.00145665	0	0	0
0.00145973	0	0	0
0.00146131	0	0	0
0.0014644	0	0	0
0.00147063	0	0	0
0.00147159	0	0	0
0.0014743	0	0	0
0.00147752	0	0	0
0.00147761	0	0	0
0.00148301	0	0	0
0.00149057	0	0	0
0.00149279	0	0	0
0.00149364	0	0	0
0.00151179	0	0	0
0.00151238	0	0	0
0.00151712	0	0	0
0.00152407	0	0	0
0.00153935	0	0	0
0.00154148	0	0	0
0.00154835	0	0	0
0.00155004	0	0	0
0.00155283	0	0	0
0.00155932	0	0	0
0.00156222	0	0	0
0.00156286	0	0	0
0.00156487	0	0	0
0.00156536	0	0	0
0.00156598	0	0	0
0.00156685	0	0	0
0.00157717	0	0	0
0.00157812	0	0	0
0.00158011	0	0	0
0.00158153	0	0	0
0.00159598	0	0	0
0.00159625	0	0	0
0.00159727	0	0	0
0.00160271	0	0	0
0.00161211	0	0	0
0.00162443	0	0	0
0.00162921	0	0	0
0.00163367	0	0	0
0.00163383	0	0	0
0.00164463	0	0	0
0.00165	0	0	0
0.00165335	0	0	0
0.0016602	0	0	0
0.0016644	0	0	0
0.00166986	0	0	0
0.00167753	0	0	0
0.00168188	0	0	0
0.0016858	0	0	0
0.00169117	0	0	0
0.00169972	0	0	0
0.0017077	0	0	0
0.00170857	0	0	0
0.00170966	0	0	0
0.00171338	0	0	0
0.00171452	0	0	0
0.00171563	0	0	0
0.001716	0	0	0
0.00172099	0	0	0
0.00172972	0	0	0
0.00173562	0	0	0
0.0017374	0	0	0
0.00174052	0	0	0
0.00175128	0	0	0
0.00175473	0	0	0
0.00175476	0	0	0
0.00176651	0	0	0
0.00176738	0	0	0
0.00176841	0	0	0
0.00177307	0	0	0
0.00177964	0	0	0
0.00178579	0	0	0
0.00179518	0	0	0
0.00179719	0	0	0
0.00180716	0	0	0
0.0018097	0	0	0
0.00182084	0	0	0
0.00182523	0	0	0
0.00184303	0	0	0
0.00184558	0	0	0
0.00184793	0	0	0
0.00185527	0	0	0
0.00186034	0	0	0
0.00187416	0	0	0
0.00187487	0	0	0
0.00187838	0	0	0
0.00188161	0	0	0
0.00188274	0	0	0
0.00188458	0	0	0
0.00188867	0	0	0
0.00189905	0	0	0
0.00190762	0	0	0
0.00191325	0	0	0
0.00191463	0	0	0
0.00192215	0	0	0
0.001923	0	0	0
0.00192686	0	0	0
0.0019281	0	0	0
0.00192916	0	0	0
0.00193032	0	0	0
0.00193308	0	0	0
0.00193463	0	0	0
0.00193754	0	0	0
0.00193893	0	0	0
0.00193907	0	0	0
0.00194115	0	0	0
0.00195588	0	0	0
0.00196511	0	0	0
0.0019655	0	0	0
0.00197973	0	0	0
0.00198591	0	0	0
0.00198786	0	0	0
0.00198812	0	0	0
0.00198825	0	0	0
0.00199515	0	0	0
0.0020077	0	0	0
0.00201032	0	0	0
0.00201385	0	0	0
0.00202854	0	0	0
0.00204306	0	0	0
0.00204813	0	0	0
0.00206089	0	0	0
0.00206205	0	0	0
0.0020624	0	0	0
0.00206514	0	0	0
0.00207271	0	0	0
0.00208486	0	0	0
0.00208687	0	0	0
0.00209	0	0	0
0.00209489	0	0	0
0.00209717	0	0	0
0.00210951	0	0	0
0.00212037	0	0	0
0.00212467	0	0	0
0.00214248	0	0	0
0.0021669	0	0	0
0.0021672	0	0	0
0.00217558	0	0	0
0.0021806	0	0	0
0.00218541	0	0	0
0.00218731	0	0	0
0.00220265	0	0	0
0.00221456	0	0	0
0.00221669	0	0	0
0.002218	0	0	0
0.00221856	0	0	0
0.00222486	0	0	0
0.00222944	0	0	0
0.00223068	0	0	0
0.00223595	0	0	0
0.00225109	0	0	0
0.00225555	0	0	0
0.00225563	0	0	0
0.00225781	0	0	0
0.00225964	0	0	0
0.00226178	0	0	0
0.00226703	0	0	0
0.00227255	0	0	0
0.00227644	0	0	0
0.00227741	0	0	0
0.00227757	0	0	0
0.00228388	0	0	0
0.00228625	0	0	0
0.00228976	0	0	0
0.00229399	0	0	0
0.0023007	0	0	0
0.00231813	0	0	0
0.00233926	0	0	0
0.0023424	0	0	0
0.00234772	0	0	0
0.00234907	0	0	0
0.0023607	0	0	0
0.00236821	0	0	0
0.00237094	0	0	0
0.00238735	0	0	0
0.00239108	0	0	0
0.00240785	0	0	0
0.0024152	0	0	0
0.00242635	0	0	0
0.00243649	0	0	0
0.00243719	0	0	0
0.00243828	0	0	0
0.00245967	0	0	0
0.00246048	0	0	0
0.00246565	0	0	0
0.00246907	0	0	0
0.00247346	0	0	0
0.00247745	0	0	0
0.00248466	0	0	0
0.0024888	0	0	0
0.00249289	0	0	0
0.00249896	0	0	0
0.00250505	0	0	0
0.00250846	0	0	0
0.00251907	0	0	0
0.00252964	0	0	0
0.0025354	0	0	0
0.00253661	0	0	0
0.00254031	0	0	0
0.00254099	0	0	0
0.00254238	0	0	0
0.00254288	0	0	0
0.00254288	0	0	0
0.00254975	0	0	0
0.00255212	0	0	0
0.00258773	0	0	0
0.0025896	0	0	0
0.0025956	0	0	0
0.00259609	0	0	0
0.00259671	0	0	0
0.00262503	0	0	0
0.00262885	0	0	0
0.00262913	0	0	0
0.0026352	0	0	0
0.00264291	0	0	0
0.00266352	0	0	0
0.00269819	0	0	0
0.00270093	0	0	0
0.00270113	0	0	0
0.00271342	0	0	0
0.00272988	0	0	0
0.00273095	0	0	0
0.0027356	0	0	0
0.00273623	0	0	0
0.00274533	0	0	0
0.00276403	0	0	0
0.00276474	0	0	0
0.00277086	0	0	0
0.00277208	0	0	0
0.00277885	0	0	0
0.00278094	0	0	0
0.00278628	0	0	0
0.00279373	0	0	0
0.00280121	0	0	0
0.0028136	0	0	0
0.00281673	0	0	0
0.00282295	0	0	0
0.00283189	0	0	0
0.00285073	0	0	0
0.00285285	0	0	0
0.00286982	0	0	0
0.00287465	0	0	0
0.00288813	0	0	0
0.0028911	0	0	0
0.00289426	0	0	0
0.0028986	0	0	0
0.00290599	0	0	0
0.00291115	0	0	0
0.0029223	0	0	0
0.00292931	0	0	0
0.00294128	0	0	0
0.00295364	0	0	0
0.00296609	0	0	0
0.0029667	0	0	0
0.00297041	0	0	0
0.00297379	0	0	0
0.00297726	0	0	0
0.00299675	0	0	0
0.00302601	0	0	0
0.00303838	0	0	0
0.00304219	0	0	0
0.00304698	0	0	0
0.00305813	0	0	0
0.0030688	0	0	0
0.00307126	0	0	0
0.00309947	0	0	0
0.00312666	0	0	0
0.00313935	0	0	0
0.00315537	0	0	0
0.00315731	0	0	0
0.00315748	0	0	0
0.00319686	0	0	0
0.00320172	0	0	0
0.00324761	0	0	0
0.00324805	0	0	0
0.00327758	0	0	0
0.0032958	0	0	0
0.00332567	0	0	0
0.00333781	0	0	0
0.00336726	0	0	0
0.00337366	0	0	0
0.00339436	0	0	0
0.00340411	0	0	0
0.00340812	0	0	0
0.003423	0	0	0
0.00344405	0	0	0
0.00345088	0	0	0
0.00345593	0	0	0
0.00348244	0	0	0
0.00348793	0	0	0
0.00348969	0	0	0
0.00348986	0	0	0
0.00350572	0	0	0
0.00352206	0	0	0
0.00353283	0	0	0
0.00353299	0	0	0
0.00354923	0	0	0
0.00357783	0	0	0
0.00363979	0	0	0
0.00367318	0	0	0
0.00367559	0	0	0
0.00368915	0	0	0
0.00371713	0	0	0
0.00373131	0	0	0
0.00375372	0	0	0
0.00378247	0	0	0
0.00381314	0	0	0
0.00381488	0	0	0
0.00388001	0	0	0
0.00389246	0	0	0
0.00394019	0	0	0
0.00396015	0	0	0
0.00397019	0	0	0
0.0039797	0	0	0
0.00399986	0	0	0
0.00400362	0	0	0
0.00401661	0	0	0
0.00411357	0	0	0
0.00412571	0	0	0
0.00412617	0	0	0
0.00424239	0	0	0
0.00424759	0	0	0
0.00428033	0	0	0
0.0042889	0	0	0
0.00441477	0	0	0
0.00445228	0	0	0
0.00445722	0	0	0
0.00450425	0	0	0
0.00452252	0	0	0
0.00453313	0	0	0
0.00477846	0	0	0
0.00499223	0	0	0
0.00505023	0	0	0
0.00515772	0	0	0
0.00523707	0	0	0
0.00534498	0	0	0
0.00535957	0	0	0
0.00541044	0	0	0
0.00548392	0	0	0
0.00553643	0	0	0
0.00565266	0	0	0
0.00565564	0	0	0
0.00589702	0	0	0
0.0059405	0	0	0
0.00624852	0	0	0
0.00628325	0	0	0
0.00634725	0	0	0
0.00638637	0	0	0
0.00644653	0	0	0
0.00683382	0	0	0
0.00695036	0	0	0
0.0070771	0	0	0
0.00724632	0	0	0
0.00740771	0	0	0
0.00744934	0	0	0
0.00755218	0	0	0
0.0077107	0	0	0
0.00777735	0	0.0825083	0
0.00806948	0	0.0825083	0
0.00895235	0.0825083	0	0
0.00945032	0.0825083	0	0
0.00963035	0.0825083	0	0
0.0116844	0.0825083	0	0
0.01218	0.0825083	0	0
0.0165871	0.0825083	0	0
0.0185656	0.0825083	0	0
0.019486	0.0825083	0	0
0.0207529	0.0825083	0	0
0.0210551	0.0825083	0	0
0.0250982	0.0825083	0	0
0.0252935	0.0825083	0	0
0.0316072	0.0825083	0	0
0.0344946	0.0825083	0.0825083	0
0.0346268	0.0825083	0.0825083	0
0.0364322	0.123762	0.165017	0
0.0366544	0.206271	0.0825083	0
0.0461127	0.288779	0	0
0.0504064	0.288779	0	0
0.0506585	0.330033	0.0825083	0
0.0545489	0.412541	0	0
0.0790659	0.412541	0	0.271739
0.0797965	0.412541	0.0825083	0.271739
0.0872358	0.49505	0	0.271739
0.0884078	0.49505	0.0825083	0.271739
0.0884251	0.577558	0	0.271739
0.0889149	0.577558	0.165017	0.271739
0.0895767	0.577558	0.165017	0.271739
0.091964	0.660066	0.0825083	0.271739
0.105184	0.742574	0	0.271739
0.105987	0.783828	0.0825083	0.271739
0.107068	0.866337	0	0.271739
0.108392	0.866337	0.165017	0.271739
0.109422	0.948845	0.0825083	0.271739
0.11026	1.03135	0	0.271739
0.119174	1.03135	0	0.271739
0.122676	1.03135	0	0.543478
0.123157	1.03135	0	0.543478
0.125591	1.03135	0	0.543478
0.126374	1.07261	0.0825083	0.543478
0.127771	1.15512	0	0.543478
0.129995	1.15512	0	0.543478
0.130431	1.19637	0.0825083	0.543478
0.136388	1.27888	0	0.543478
0.136598	1.32013	0.0825083	0.543478
0.172367	1.40264	0	0.543478
0.187786	1.40264	0	0.543478
0.188566	1.40264	0	0.543478
0.189229	1.40264	0.0825083	0.543478
0.19087	1.48515	0	0.543478
0.193064	1.5264	0.0825083	0.543478
0.198763	1.60891	0	0.543478
0.200826	1.60891	0	0.543478
0.202666	1.65016	0.0825083	0.543478
0.202775	1.73267	0	0.543478
0.206788	1.73267	0	0.815217
0.218701	1.73267	0	0.815217
0.221328	1.77393	0.0825083	0.815217
0.222195	1.77393	0.0825083	0.815217
0.227203	1.85644	0	0.815217
0.228299	1.85644	0	0.815217
0.286159	1.85644	0	0.815217
0.309002	1.85644	0	0.815217
0.309567	1.85644	0.165017	0.815217
0.311362	1.93894	0.0825083	0.815217
0.313935	1.93894	0.0825083	1.08696
0.332365	2.02145	0	1.08696
0.334154	2.06271	0.0825083	1.08696
0.33824	2.14521	0	1.08696
0.354378	2.14521	0	1.3587
0.354543	2.18647	0.0825083	1.3587
0.358995	2.26898	0	1.3587
0.359354	2.26898	0.165017	1.3587
0.361725	2.35149	0.0825083	1.3587
0.366883	2.43399	0	1.3587
0.368086	2.43399	0	1.3587
0.370672	2.47525	0.0825083	1.3587
0.393337	2.55776	0	1.3587
0.40491	2.55776	0	1.63043
0.411001	2.55776	0	1.63043
0.425064	2.55776	0	1.63043
0.428685	2.55776	0	1.63043
0.431786	2.55776	0	1.63043
0.435061	2.55776	0	1.63043
0.446734	2.55776	0	1.63043
0.456741	2.55776	0	1.63043
0.457032	2.55776	0	1.90217
0.46463	2.55776	0	1.90217
0.465181	2.55776	0.165017	1.90217
0.467624	2.64026	0.0825083	1.90217
0.473121	2.72277	0	1.90217
0.481079	2.72277	0	1.90217
0.482947	2.76403	0.0825083	1.90217
0.483879	2.76403	0.0825083	1.90217
0.484189	2.84653	0	1.90217
0.485698	2.84653	0	1.90217
0.490154	2.84653	0	1.90217
0.491575	2.84653	0.0825083	1.90217
0.492853	2.84653	0.0825083	1.90217
0.496385	2.92904	0	1.90217
0.512493	2.92904	0	2.17391
0.516052	2.92904	0	2.17391
0.516991	2.92904	0.0825083	2.17391
0.51792	2.9703	0.165017	2.17391
0.518944	3.05281	0.0825083	2.17391
0.519104	3.05281	0.0825083	2.17391
0.520007	3.09406	0.165017	2.17391
0.520912	3.17657	0.0825083	2.17391
0.523388	3.25908	0	2.17391
0.525099	3.30033	0.0825083	2.17391
0.533634	3.38284	0	2.17391
0.543712	3.38284	0	2.17391
0.54488	3.38284	0.165017	2.17391
0.547729	3.46535	0.0825083	2.17391
0.552243	3.54785	0	2.17391
0.558506	3.54785	0	2.17391
0.559138	3.54785	0.0825083	2.17391
0.559622	3.63036	0	2.17391
0.562822	3.63036	0	2.17391
0.563541	3.63036	0.165017	2.17391
0.566428	3.71287	0.0825083	2.17391
0.582965	3.79538	0	2.17391
0.58437	3.79538	0	2.17391
0.585971	3.83663	0.0825083	2.17391
0.586938	3.91914	0	2.17391
0.599717	3.91914	0	2.44565
0.59976	3.91914	0.0825083	2.44565
0.614851	4.00165	0	2.44565
0.619708	4.00165	0.0825083	2.44565
0.648786	4.08416	0	2.44565
0.668153	4.08416	0	2.71739
0.668158	4.12541	0.0825083	2.71739
0.679071	4.20792	0	2.71739
0.695342	4.20792	0	2.98913
0.696738	4.20792	0	3.26087
0.699645	4.20792	0	3.26087
0.701203	4.20792	0.0825083	3.26087
0.710114	4.20792	0.0825083	3.26087
0.715786	4.29043	0	3.26087
0.716165	4.29043	0.0825083	3.26087
0.721959	4.37294	0	3.26087
0.72709	4.41419	0.0825083	3.26087
0.727387	4.41419	0.165017	3.26087
0.727815	4.41419	0.165017	3.26087
0.728023	4.4967	0.0825083	3.26087
0.734825	4.4967	0.0825083	3.26087
0.752382	4.57921	0	3.26087
0.759459	4.57921	0	3.53261
0.763481	4.57921	0.165017	3.53261
0.763564	4.57921	0.165017	3.80435
0.76402	4.66172	0.0825083	3.80435
0.769786	4.66172	0.0825083	4.07609
0.773683	4.74422	0	4.07609
0.776917	4.74422	0	4.07609
0.776939	4.78548	0.0825083	4.07609
0.781148	4.86799	0	4.07609
0.782887	4.90924	0.0825083	4.07609
0.79449	4.99175	0	4.07609
0.795149	4.99175	0.0825083	4.07609
0.801288	5.07426	0	4.07609
0.802413	5.07426	0.0825083	4.07609
0.806445	5.07426	0.0825083	4.07609
0.80901	5.15677	0	4.07609
0.825737	5.15677	0	4.34783
0.825797	5.15677	0.165017	4.34783
0.826859	5.23927	0.0825083	4.34783
0.840762	5.32178	0	4.34783
0.846448	5.32178	0.165017	4.34783
0.848843	5.32178	0.165017	4.34783
0.849281	5.40429	0.0825083	4.34783
0.889551	5.4868	0	4.34783
0.88977	5.4868	0.165017	4.34783
0.891011	5.56931	0.0825083	4.34783
0.897271	5.65182	0	4.34783
0.897303	5.65182	0.165017	4.34783
0.90056	5.73432	0.0825083	4.34783
0.900576	5.81683	0	4.34783
0.900627	5.85809	0.0825083	4.34783
0.900704	5.85809	0.0825083	4.34783
0.914963	5.94059	0	4.34783
0.916318	5.94059	0	4.34783
0.916363	5.94059	0.0825083	4.34783
0.919371	6.0231	0	4.34783
0.921296	6.0231	0.0825083	4.34783
0.933219	6.10561	0	4.34783
0.935399	6.10561	0.0825083	4.34783
0.935817	6.18812	0	4.34783
0.936493	6.18812	0	4.61957
0.938844	6.18812	0	4.61957
0.943162	6.22937	0.0825083	4.61957
0.94523	6.31188	0	4.61957
0.945353	6.35314	0.0825083	4.61957
0.956538	6.43564	0	4.61957
0.960091	6.4769	0.0825083	4.61957
0.971314	6.55941	0	4.61957
0.972675	6.60066	0.0825083	4.61957
0.991418	6.68317	0	4.61957
0.994495	6.72442	0.0825083	4.61957
1.00231	6.80693	0	4.61957
1.00432	6.80693	0.165017	4.61957
1.00442	6.88944	0.0825083	4.61957
1.00851	6.88944	0.0825083	4.8913
1.027	6.97195	0	4.8913
1.03335	6.97195	0	5.16304
1.053	6.97195	0	5.16304
1.05352	7.0132	0.0825083	5.16304
1.05451	7.0132	0.0825083	5.16304
1.05577	7.09571	0	5.16304
1.05672	7.09571	0.0825083	5.16304
1.06377	7.17822	0	5.16304
1.07092	7.17822	0	5.16304
1.07898	7.17822	0	5.16304
1.08419	7.17822	0	5.43478
1.08951	7.17822	0	5.43478
1.09308	7.17822	0	5.70652
1.09314	7.17822	0.165017	5.70652
1.09468	7.26073	0.0825083	5.70652
1.10806	7.34323	0	5.70652
1.10877	7.34323	0.165017	5.70652
1.11319	7.42574	0.0825083	5.70652
1.11349	7.467	0.165017	5.70652
1.11439	7.5495	0.0825083	5.70652
1.11491	7.5495	0.0825083	5.97826
1.11871	7.63201	0	5.97826
1.12868	7.63201	0	5.97826
1.13145	7.63201	0	6.25
1.13455	7.63201	0	6.52174
1.1386	7.63201	0	6.52174
1.13932	7.67327	0.0825083	6.52174
1.14002	7.71452	0.165017	6.52174
1.14041	7.79703	0.0825083	6.52174
1.14079	7.79703	0.247525	6.52174
1.14122	7.87954	0.165017	6.52174
1.14628	7.96205	0.0825083	6.52174
1.1681	8.04455	0	6.52174
1.17765	8.04455	0	6.79348
1.17892	8.04455	0.0825083	6.79348
1.17923	8.04455	0.0825083	6.79348
1.18925	8.12706	0	6.79348
1.19194	8.12706	0.165017	6.79348
1.19252	8.20957	0.0825083	6.79348
1.20596	8.29208	0	6.79348
1.21827	8.29208	0	7.06522
1.21846	8.33333	0.0825083	7.06522
1.21904	8.41584	0	7.06522
1.22807	8.41584	0	7.33696
1.23005	8.4571	0.0825083	7.33696
1.23024	8.49835	0.165017	7.33696
1.2303	8.58086	0.0825083	7.33696
1.23093	8.58086	0.247525	7.33696
1.2322	8.66337	0.165017	7.33696
1.23484	8.74587	0.0825083	7.33696
1.23799	8.82838	0	7.33696
1.23808	8.82838	0.165017	7.33696
1.24029	8.91089	0.0825083	7.33696
1.27291	8.9934	0	7.33696
1.27852	8.9934	0	7.6087
1.28266	9.03465	0.0825083	7.6087
1.28376	9.03465	0.247525	7.6087
1.28422	9.11716	0.165017	7.6087
1.28782	9.19967	0.0825083	7.6087
1.28984	9.19967	0.0825083	8.15217
1.29466	9.19967	0.0825083	8.42391
1.2963	9.24092	0.165017	8.42391
1.29779	9.32343	0.0825083	8.42391
1.29996	9.40594	0	8.42391
1.30479	9.4472	0.0825083	8.42391
1.31276	9.5297	0	8.42391
1.31301	9.5297	0.0825083	8.42391
1.31897	9.61221	0	8.42391
1.33311	9.61221	0	8.42391
1.3359	9.65347	0.0825083	8.42391
1.33674	9.73597	0	8.42391
1.33762	9.73597	0.0825083	8.42391
1.36196	9.81848	0	8.42391
1.39038	9.81848	0	8.96739
1.39121	9.81848	0	8.96739
1.39158	9.85974	0.0825083	8.96739
1.39199	9.94224	0	8.96739
1.40646	9.94224	0	9.51087
1.4225	9.94224	0	9.78261
1.42579	9.94224	0	10.0543
1.42647	9.9835	0.0825083	10.0543
1.43112	10.066	0	10.0543
1.43136	10.066	0.165017	10.0543
1.43348	10.1485	0.0825083	10.0543
1.43893	10.231	0	10.0543
1.43899	10.231	0.165017	10.0543
1.44096	10.3135	0.0825083	10.0543
1.44321	10.396	0	10.0543
1.44347	10.396	0.0825083	10.0543
1.4441	10.4785	0	10.0543
1.46736	10.4785	0	10.3261
1.4684	10.5198	0.0825083	10.3261
1.46949	10.5198	0.0825083	10.3261
1.47207	10.6023	0	10.3261
1.47384	10.6023	0.165017	10.3261
1.47512	10.6848	0.0825083	10.3261
1.48724	10.7673	0	10.3261
1.49061	10.7673	0	10.3261
1.491	10.7673	0.0825083	10.3261
1.51281	10.8498	0	10.3261
1.51633	10.8498	0	10.5978
1.51665	10.8498	0	10.8696
1.53266	10.8498	0	11.1413
1.53468	10.8911	0.0825083	11.1413
1.53918	10.9736	0	11.1413
1.53983	10.9736	0.165017	11.1413
1.54016	11.0149	0.247525	11.1413
1.54048	11.0974	0.165017	11.1413
1.54397	11.1799	0.0825083	11.1413
1.54863	11.2211	0.165017	11.1413
1.54953	11.3036	0.0825083	11.1413
1.55655	11.3861	0	11.1413
1.5577	11.3861	0.0825083	11.1413
1.56192	11.4686	0	11.1413
1.57008	11.4686	0	11.413
1.5725	11.5099	0.0825083	11.413
1.5814	11.5924	0	11.413
1.58917	11.5924	0	11.6848
1.59103	11.6337	0.0825083	11.6848
1.59775	11.7162	0	11.6848
1.59855	11.7574	0.0825083	11.6848
1.59867	11.8399	0	11.6848
1.6025	11.8812	0.0825083	11.6848
1.60483	11.8812	0.0825083	11.6848
1.60491	11.9637	0	11.6848
1.61712	11.9637	0	11.9565
1.61795	12.005	0.0825083	11.9565
1.63016	12.0875	0	11.9565
1.63101	12.1287	0.0825083	11.9565
1.63432	12.2112	0	11.9565
1.63453	12.2525	0.0825083	11.9565
1.65165	12.335	0	11.9565
1.65521	12.335	0	12.2283
1.66129	12.335	0	12.5
1.66258	12.335	0.0825083	12.5
1.66808	12.4175	0	12.5
1.66812	12.4175	0.0825083	12.5
1.66849	12.5	0	12.5
1.67268	12.5	0	12.7717
1.67835	12.5	0	12.7717
1.70121	12.5	0	13.0435
1.70327	12.5413	0.0825083	13.0435
1.71645	12.6238	0	13.0435
1.7248	12.6238	0	13.3152
1.72714	12.6238	0.165017	13.3152
1.7272	12.7063	0.0825083	13.3152
1.72877	12.7888	0	13.3152
1.72879	12.7888	0	13.3152
1.72917	12.7888	0.165017	13.3152
1.7299	12.8713	0.0825083	13.3152
1.73334	12.9538	0	13.3152
1.73456	12.9538	0.165017	13.3152
1.73474	13.0363	0.0825083	13.3152
1.73509	13.0363	0.165017	13.3152
1.73621	13.1188	0.0825083	13.3152
1.74243	13.2013	0	13.3152
1.74258	13.2426	0.0825083	13.3152
1.74537	13.2426	0.0825083	13.587
1.75843	13.3251	0	13.587
1.75898	13.3663	0.0825083	13.587
1.77776	13.4488	0	13.587
1.78802	13.4488	0	13.8587
1.78867	13.4488	0	14.1304
1.79162	13.4488	0	14.1304
1.79457	13.4488	0	14.4022
1.79477	13.4488	0	14.6739
1.80623	13.4488	0	14.9457
1.80756	13.4488	0.165017	14.9457
1.8132	13.5314	0.0825083	14.9457
1.82034	13.6139	0	14.9457
1.82177	13.6139	0	15.2174
1.82214	13.6551	0.0825083	15.2174
1.82316	13.7376	0	15.2174
1.83157	13.7376	0	15.2174
1.83631	13.7376	0	15.4891
1.84086	13.7376	0.0825083	15.4891
1.84291	13.7376	0.0825083	15.4891
1.84297	13.7376	0.0825083	15.4891
1.84499	13.7789	0.165017	15.4891
1.85517	13.8614	0.0825083	15.4891
1.88017	13.9439	0	15.4891
1.88054	13.9851	0.0825083	15.4891
1.88186	14.0264	0.165017	15.4891
1.88319	14.1089	0.0825083	15.4891
1.89325	14.1914	0	15.4891
1.89815	14.1914	0	15.7609
1.89821	14.1914	0.165017	15.7609
1.89843	14.2327	0.247525	15.7609
1.89958	14.3152	0.165017	15.7609
1.90261	14.3977	0.0825083	15.7609
1.90517	14.4802	0	15.7609
1.90523	14.5215	0.0825083	15.7609
1.90729	14.5215	0.0825083	16.0326
1.95901	14.604	0	16.0326
1.95952	14.604	0.0825083	16.0326
1.96664	14.6865	0	16.0326
1.96872	14.6865	0.0825083	16.0326
1.99562	14.769	0	16.0326
1.99644	14.769	0	16.3043
2.01207	14.769	0	16.5761
2.01397	14.8102	0.0825083	16.5761
2.01647	14.8927	0	16.5761
2.02206	14.934	0.0825083	16.5761
2.0228	14.9752	0.165017	16.5761
2.02405	15.0578	0.0825083	16.5761
2.02431	15.0578	0.0825083	16.5761
2.02436	15.099	0.165017	16.5761
2.02538	15.1815	0.0825083	16.5761
2.03094	15.264	0	16.5761
2.03364	15.3053	0.0825083	16.5761
2.03944	15.3878	0	16.5761
2.04406	15.3878	0	16.5761
2.04644	15.429	0.0825083	16.5761
2.04666	15.429	0.247525	16.5761
2.04666	15.5116	0.165017	16.5761
2.04925	15.5941	0.0825083	16.5761
2.05841	15.6766	0	16.5761
2.0718	15.6766	0	16.8478
2.07572	15.7178	0.0825083	16.8478
2.0758	15.7591	0.165017	16.8478
2.07683	15.8416	0.0825083	16.8478
2.07721	15.9241	0	16.8478
2.07777	15.9653	0.0825083	16.8478
2.08945	16.0479	0	16.8478
2.09103	16.0479	0	17.1196
2.0929	16.0479	0	17.3913
2.10433	16.0479	0	17.663
2.10619	16.0479	0.0825083	17.663
2.11733	16.1304	0	17.663
2.1309	16.1304	0	17.663
2.13357	16.1716	0.0825083	17.663
2.13616	16.1716	0.0825083	17.9348
2.18233	16.2541	0	17.9348
2.18361	16.2541	0	18.4783
2.21788	16.2541	0	18.75
2.21799	16.2541	0.0825083	18.75
2.2429	16.3366	0	18.75
2.24435	16.3366	0	19.0217
2.24712	16.3366	0	19.2935
2.24777	16.3366	0.165017	19.2935
2.25436	16.4191	0.0825083	19.2935
2.27056	16.5016	0	19.2935
2.28215	16.5016	0	19.5652
2.28259	16.5429	0.0825083	19.5652
2.28512	16.6254	0	19.5652
2.28715	16.6254	0.0825083	19.5652
2.28891	16.6667	0.165017	19.5652
2.28929	16.7492	0.0825083	19.5652
2.29193	16.8317	0	19.5652
2.30672	16.8317	0	19.837
2.30755	16.8729	0.0825083	19.837
2.31085	16.9554	0	19.837
2.31569	16.9967	0.0825083	19.837
2.3272	17.0792	0	19.837
2.34345	17.0792	0	20.1087
2.3449	17.0792	0	20.3804
2.34542	17.0792	0.165017	20.3804
2.34691	17.1617	0.0825083	20.3804
2.34788	17.1617	0.0825083	20.6522
2.36713	17.2442	0	20.6522
2.37965	17.2442	0	20.6522
2.37967	17.2442	0.165017	20.6522
2.38157	17.3267	0.0825083	20.6522
2.38582	17.4092	0	20.6522
2.38753	17.4092	0.165017	20.6522
2.39181	17.4917	0.0825083	20.6522
2.4097	17.5743	0	20.6522
2.4254	17.5743	0	20.6522
2.43101	17.6155	0.0825083	20.6522
2.43441	17.698	0	20.6522
2.43739	17.698	0	20.9239
2.44596	17.698	0	21.1957
2.44948	17.7393	0.0825083	21.1957
2.45231	17.8218	0	21.1957
2.45362	17.8218	0	21.4674
2.45611	17.8218	0	21.7391
2.45624	17.863	0.0825083	21.7391
2.46265	17.9455	0	21.7391
2.47095	17.9868	0.0825083	21.7391
2.47229	17.9868	0.247525	21.7391
2.47296	18.0693	0.165017	21.7391
2.47334	18.1518	0.0825083	21.7391
2.4743	18.2343	0	21.7391
2.47977	18.2343	0	22.0109
2.48092	18.2756	0.0825083	22.0109
2.49642	18.3581	0	22.0109
2.49745	18.3581	0.0825083	22.0109
2.51034	18.4406	0	22.0109
2.51077	18.4406	0.0825083	22.0109
2.51712	18.5231	0	22.0109
2.51885	18.5231	0	22.0109
2.5189	18.5231	0.0825083	22.0109
2.5207	18.5231	0.165017	22.0109
2.52705	18.6056	0.0825083	22.0109
2.53868	18.6881	0	22.0109
2.53875	18.7294	0.0825083	22.0109
2.55372	18.8119	0	22.0109
2.55878	18.8531	0.0825083	22.0109
2.56061	18.9356	0	22.0109
2.5783	18.9356	0	22.5543
2.58529	18.9356	0	22.8261
2.58564	18.9356	0.165017	22.8261
2.58715	19.0182	0.0825083	22.8261
2.60062	19.1007	0	22.8261
2.60092	19.1419	0.0825083	22.8261
2.61043	19.2244	0	22.8261
2.61369	19.2244	0	23.0978
2.62136	19.2244	0	23.3696
2.62431	19.2657	0.0825083	23.3696
2.63018	19.3482	0	23.3696
2.6319	19.3894	0.0825083	23.3696
2.63737	19.4719	0	23.3696
2.63745	19.5132	0.0825083	23.3696
2.63789	19.5545	0.165017	23.3696
2.63913	19.637	0.0825083	23.3696
2.66021	19.7195	0	23.3696
2.67117	19.7195	0	23.6413
2.68688	19.7195	0	23.913
2.69074	19.7195	0	24.1848
2.71465	19.7195	0	24.4565
2.72462	19.7195	0	25
2.72616	19.7607	0.0825083	25
2.74224	19.8432	0	25
2.7466	19.8845	0.0825083	25
2.75112	19.967	0	25
2.75267	20.0083	0.0825083	25
2.77209	20.0908	0	25
2.77245	20.132	0.0825083	25
2.82906	20.2145	0	25
2.8313	20.2558	0.0825083	25
2.84732	20.3383	0	25
2.85009	20.3795	0.0825083	25
2.85101	20.462	0	25
2.85139	20.462	0.0825083	25
2.85762	20.5446	0	25
2.86028	20.5858	0.0825083	25
2.8609	20.5858	0.247525	25
2.86262	20.6683	0.165017	25
2.86472	20.7508	0.0825083	25
2.88679	20.8333	0	25
2.89865	20.8333	0	25
2.90394	20.8746	0.0825083	25
2.93581	20.9571	0	25
2.938	20.9984	0.0825083	25
2.94866	21.0809	0	25
2.94992	21.0809	0	25.2717
2.95177	21.0809	0.0825083	25.2717
2.96936	21.1634	0	25.2717
2.98465	21.1634	0	25.5435
2.98717	21.2046	0.0825083	25.5435
2.98856	21.2871	0	25.5435
2.98908	21.2871	0	25.8152
2.99958	21.3284	0.0825083	25.8152
3.00121	21.3284	0.0825083	26.087
3.00181	21.3284	0.165017	26.087
3.00392	21.4109	0.0825083	26.087
3.00606	21.4521	0.165017	26.087
3.0071	21.4521	0.247525	26.087
3.00747	21.5347	0.165017	26.087
3.02259	21.6172	0.0825083	26.087
3.02435	21.6584	0.165017	26.087
3.02682	21.7409	0.0825083	26.087
3.02986	21.7409	0.0825083	26.3587
3.03024	21.7409	0.0825083	26.6304
3.05823	21.8234	0	26.6304
3.07393	21.8234	0	27.1739
3.07533	21.8647	0.0825083	27.1739
3.07914	21.9472	0	27.1739
3.11407	21.9472	0	27.1739
3.11455	21.9884	0.0825083	27.1739
3.11905	22.071	0	27.1739
3.11989	22.1122	0.0825083	27.1739
3.12253	22.1947	0	27.1739
3.12668	22.1947	0	27.1739
3.1271	22.236	0.0825083	27.1739
3.16872	22.3185	0	27.1739
3.1772	22.3185	0	27.4457
3.18498	22.3185	0	27.7174
3.18548	22.3597	0.0825083	27.7174
3.19637	22.4422	0	27.7174
3.19871	22.4835	0.0825083	27.7174
3.21221	22.566	0	27.7174
3.27008	22.566	0	27.9891
3.27131	22.566	0.165017	27.9891
3.27752	22.6485	0.0825083	27.9891
3.2817	22.731	0	27.9891
3.28902	22.731	0	28.5326
3.28926	22.731	0.165017	28.5326
3.29021	22.8135	0.0825083	28.5326
3.30375	22.896	0	28.5326
3.30978	22.896	0	28.8043
3.31055	22.9373	0.0825083	28.8043
3.31701	23.0198	0	28.8043
3.31814	23.0611	0.0825083	28.8043
3.32658	23.1436	0	28.8043
3.3275	23.1848	0.0825083	28.8043
3.32873	23.1848	0.247525	28.8043
3.3288	23.2673	0.165017	28.8043
3.32917	23.3498	0.0825083	28.8043
3.32994	23.4323	0	28.8043
3.33086	23.4323	0.165017	28.8043
3.33692	23.5149	0.0825083	28.8043
3.33716	23.5974	0	28.8043
3.3373	23.5974	0.165017	28.8043
3.33753	23.6799	0.0825083	28.8043
3.33929	23.6799	0.0825083	29.0761
3.36184	23.7624	0	29.0761
3.37903	23.7624	0	29.3478
3.39625	23.7624	0	29.6196
3.3969	23.7624	0.0825083	29.6196
3.41608	23.8449	0	29.6196
3.41907	23.8449	0	29.8913
3.42173	23.8861	0.0825083	29.8913
3.45441	23.9686	0	29.8913
3.47702	23.9686	0	30.163
3.47974	23.9686	0.0825083	30.163
3.47988	24.0099	0.165017	30.163
3.48149	24.0924	0.0825083	30.163
3.49111	24.1749	0	30.163
3.49198	24.1749	0	30.4348
3.49371	24.1749	0	30.7065
3.49372	24.1749	0.165017	30.7065
3.49603	24.2574	0.0825083	30.7065
3.50253	24.3399	0	30.7065
3.521	24.3399	0	30.9783
3.52183	24.3399	0.0825083	30.9783
3.53341	24.4224	0	30.9783
3.5353	24.4224	0.165017	30.9783
3.53719	24.5049	0.0825083	30.9783
3.56101	24.5875	0	30.9783
3.56779	24.5875	0	31.25
3.5723	24.6287	0.0825083	31.25
3.58443	24.7112	0	31.25
3.58661	24.7525	0.0825083	31.25
3.59296	24.835	0	31.25
3.60031	24.835	0	31.5217
3.60089	24.8762	0.0825083	31.5217
3.60096	24.8762	0.165017	31.5217
3.62185	24.9587	0.0825083	31.5217
3.62261	25	0.165017	31.5217
3.63426	25.0825	0.0825083	31.5217
3.63722	25.0825	0.0825083	31.7935
3.64254	25.165	0	31.7935
3.64263	25.165	0.165017	31.7935
3.64334	25.2063	0.247525	31.7935
3.64346	25.2888	0.165017	31.7935
3.65218	25.3713	0.0825083	31.7935
3.65244	25.3713	0.165017	31.7935
3.65374	25.4538	0.0825083	31.7935
3.67371	25.5363	0	31.7935
3.67584	25.5776	0.0825083	31.7935
3.67786	25.6601	0	31.7935
3.70002	25.6601	0	32.0652
3.70128	25.6601	0.0825083	32.0652
3.70982	25.7426	0	32.0652
3.7104	25.7426	0.0825083	32.0652
3.72115	25.8251	0	32.0652
3.72188	25.8663	0.0825083	32.0652
3.72242	25.9076	0.165017	32.0652
3.72245	25.9901	0.0825083	32.0652
3.72335	25.9901	0.247525	32.0652
3.72353	26.0726	0.165017	32.0652
3.72465	26.1551	0.0825083	32.0652
3.74403	26.2376	0	32.0652
3.74557	26.2376	0.165017	32.0652
3.75154	26.3201	0.0825083	32.0652
3.75158	26.3614	0.165017	32.0652
3.75887	26.4439	0.0825083	32.0652
3.77977	26.5264	0	32.0652
3.78079	26.5264	0	32.337
3.80978	26.5264	0	32.337
3.8126	26.5677	0.0825083	32.337
3.81861	26.6502	0	32.337
3.82372	26.6502	0	32.6087
3.8238	26.6914	0.0825083	32.6087
3.87999	26.7739	0	32.6087
3.88115	26.7739	0	32.8804
3.88501	26.7739	0	33.1522
3.90728	26.7739	0	33.6957
3.91151	26.8152	0.0825083	33.6957
3.91427	26.8977	0	33.6957
3.92074	26.8977	0.0825083	33.6957
3.93011	26.9802	0	33.6957
3.93054	27.0215	0.0825083	33.6957
4.00521	27.104	0	33.6957
4.00593	27.1452	0.0825083	33.6957
4.01805	27.2277	0	33.6957
4.03908	27.2277	0	33.9674
4.06142	27.2277	0	34.5109
4.06282	27.2277	0	34.5109
4.06456	27.2277	0.165017	34.5109
4.0649	27.3102	0.0825083	34.5109
4.08649	27.3927	0	34.5109
4.08709	27.3927	0.0825083	34.5109
4.10318	27.4752	0	34.5109
4.11786	27.4752	0	34.7826
4.11803	27.5165	0.0825083	34.7826
4.1187	27.599	0	34.7826
4.12042	27.599	0.0825083	34.7826
4.1334	27.6815	0	34.7826
4.15616	27.6815	0	35.0543
4.15647	27.6815	0.0825083	35.0543
4.16203	27.764	0	35.0543
4.16539	27.764	0	35.3261
4.16644	27.8053	0.0825083	35.3261
4.17586	27.8878	0	35.3261
4.17668	27.929	0.0825083	35.3261
4.17787	27.929	0.0825083	35.5978
4.17857	27.929	0.165017	35.5978
4.18319	28.0116	0.0825083	35.5978
4.18468	28.0941	0	35.5978
4.18698	28.1353	0.0825083	35.5978
4.2009	28.2178	0	35.5978
4.20113	28.2591	0.0825083	35.5978
4.20223	28.2591	0.0825083	35.8696
4.21628	28.3416	0	35.8696
4.22681	28.3416	0.0825083	35.8696
4.23495	28.3416	0.0825083	35.8696
4.2391	28.4241	0	35.8696
4.23968	28.4241	0.165017	35.8696
4.24074	28.5066	0.0825083	35.8696
4.277	28.5891	0	35.8696
4.28103	28.6304	0.0825083	35.8696
4.28152	28.6716	0.165017	35.8696
4.28162	28.6716	0.165017	36.1413
4.2817	28.7541	0.0825083	36.1413
4.28464	28.7541	0.0825083	36.413
4.2937	28.8366	0	36.413
4.2946	28.8366	0.0825083	36.413
4.32461	28.9191	0	36.413
4.32591	28.9191	0.165017	36.413
4.32593	29.0016	0.0825083	36.413
4.38095	29.0842	0	36.413
4.38213	29.0842	0.165017	36.413
4.38277	29.1667	0.0825083	36.413
4.39562	29.2492	0	36.413
4.39788	29.2904	0.0825083	36.413
4.40368	29.3729	0	36.413
4.40675	29.3729	0	36.413
4.40733	29.4142	0.0825083	36.413
4.40733	29.4142	0.0825083	36.6848
4.40746	29.4967	0	36.6848
4.40777	29.538	0.0825083	36.6848
4.44074	29.6205	0	36.6848
4.44095	29.6617	0.0825083	36.6848
4.44146	29.6617	0.0825083	36.9565
4.44395	29.7442	0	36.9565
4.45169	29.7442	0	37.5
4.49124	29.7442	0	38.0435
4.49987	29.7442	0	38.3152
4.50009	29.7442	0.165017	38.3152
4.50051	29.8267	0.0825083	38.3152
4.524	29.9092	0	38.3152
4.52518	29.9092	0.0825083	38.3152
4.52629	29.9917	0	38.3152
4.52747	30.033	0.0825083	38.3152
4.53511	30.1155	0	38.3152
4.57496	30.1155	0	38.3152
4.57539	30.1155	0	38.8587
4.57599	30.1155	0.165017	38.8587
4.57652	30.198	0.0825083	38.8587
4.58828	30.2805	0	38.8587
4.59914	30.2805	0	39.4022
4.60275	30.2805	0.0825083	39.4022
4.6208	30.363	0	39.4022
4.62087	30.363	0.0825083	39.4022
4.6235	30.363	0.0825083	39.6739
4.6469	30.4455	0	39.6739
4.64749	30.4868	0.0825083	39.6739
4.66085	30.5693	0	39.6739
4.67226	30.5693	0	40.2174
4.67254	30.6106	0.0825083	40.2174
4.6821	30.6931	0	40.2174
4.68272	30.7343	0.0825083	40.2174
4.69958	30.8168	0	40.2174
4.70229	30.8581	0.0825083	40.2174
4.71437	30.9406	0	40.2174
4.71474	30.9406	0.165017	40.2174
4.71499	30.9818	0.247525	40.2174
4.71662	31.0644	0.165017	40.2174
4.71736	31.1469	0.0825083	40.2174
4.72196	31.2294	0	40.2174
4.74372	31.2294	0	40.4891
4.74375	31.2294	0.165017	40.4891
4.74778	31.3119	0.0825083	40.4891
4.7549	31.3944	0	40.4891
4.78049	31.3944	0	41.0326
4.79629	31.3944	0	41.3043
4.80022	31.3944	0	41.3043
4.80111	31.3944	0.0825083	41.3043
4.80636	31.3944	0.0825083	41.3043
4.81453	31.4769	0	41.3043
4.81486	31.4769	0.165017	41.3043
4.81644	31.5594	0.0825083	41.3043
4.86648	31.6419	0	41.3043
4.86671	31.6419	0.0825083	41.3043
4.8713	31.7244	0	41.3043
4.87637	31.7657	0.0825083	41.3043
4.87873	31.8482	0	41.3043
4.88852	31.8482	0	41.5761
4.88905	31.8894	0.0825083	41.5761
4.89599	31.9719	0	41.5761
4.8981	31.9719	0	41.5761
4.91936	31.9719	0	41.8478
4.92149	31.9719	0	42.1196
4.92422	32.0132	0.0825083	42.1196
4.93279	32.0957	0	42.1196
4.9331	32.0957	0.165017	42.1196
4.93376	32.1782	0.0825083	42.1196
4.9369	32.2607	0	42.1196
4.94642	32.2607	0	42.1196
4.94819	32.2607	0.165017	42.1196
4.94934	32.3432	0.0825083	42.1196
4.96564	32.4257	0	42.1196
4.96811	32.467	0.0825083	42.1196
4.97137	32.5495	0	42.1196
4.97199	32.5908	0.0825083	42.1196
4.98557	32.6733	0	42.1196
4.98675	32.6733	0	42.663
4.98778	32.7145	0.0825083	42.663
5.02503	32.797	0	42.663
5.0251	32.797	0.165017	42.663
5.03018	32.8795	0.0825083	42.663
5.0325	32.9208	0.165017	42.663
5.03326	33.0033	0.0825083	42.663
5.07115	33.0858	0	42.663
5.0742	33.0858	0.165017	42.663
5.07632	33.1683	0.0825083	42.663
5.08409	33.2508	0	42.663
5.08568	33.2508	0	42.9348
5.08675	33.2921	0.0825083	42.9348
5.1121	33.3746	0	42.9348
5.11226	33.3746	0.165017	42.9348
5.11474	33.4571	0.0825083	42.9348
5.12882	33.5396	0	42.9348
5.12904	33.5396	0.165017	42.9348
5.1294	33.6221	0.0825083	42.9348
5.13199	33.6221	0.0825083	43.2065
5.13269	33.6634	0.165017	43.2065
5.13777	33.7459	0.0825083	43.2065
5.15534	33.8284	0	43.2065
5.15677	33.8696	0.0825083	43.2065
5.16416	33.9521	0	43.2065
5.17408	33.9521	0	43.4783
5.18622	33.9521	0	43.75
5.20846	33.9521	0	44.2935
5.21187	33.9934	0.0825083	44.2935
5.21894	34.0759	0	44.2935
5.22085	34.0759	0.165017	44.2935
5.22148	34.0759	0.165017	44.2935
5.22156	34.1584	0.0825083	44.2935
5.2237	34.2409	0	44.2935
5.22776	34.2409	0	44.5652
5.23998	34.2409	0	44.837
5.24038	34.2822	0.0825083	44.837
5.24349	34.3647	0	44.837
5.24439	34.4059	0.0825083	44.837
5.26841	34.4884	0	44.837
5.26864	34.4884	0.165017	44.837
5.26885	34.571	0.0825083	44.837
5.32368	34.6535	0	44.837
5.3241	34.6947	0.0825083	44.837
5.32788	34.7772	0	44.837
5.35998	34.7772	0	45.3804
5.36718	34.8185	0.0825083	45.3804
5.37337	34.901	0	45.3804
5.38876	34.901	0	45.3804
5.38916	34.9422	0.0825083	45.3804
5.40758	35.0248	0	45.3804
5.40929	35.066	0.0825083	45.3804
5.42214	35.1485	0	45.3804
5.44334	35.1485	0	45.6522
5.51169	35.1485	0	46.1957
5.51226	35.1485	0	46.4674
5.51299	35.1898	0.0825083	46.4674
5.52835	35.2723	0	46.4674
5.53556	35.2723	0	46.7391
5.53845	35.3135	0.0825083	46.7391
5.54027	35.396	0	46.7391
5.54107	35.4373	0.0825083	46.7391
5.5586	35.5198	0	46.7391
5.57687	35.5198	0	47.0109
5.57737	35.5611	0.0825083	47.0109
5.5854	35.6436	0	47.0109
5.5933	35.6436	0	47.2826
5.59424	35.6436	0.0825083	47.2826
5.61755	35.7261	0	47.2826
5.6203	35.7261	0	47.5543
5.62481	35.7261	0	48.0978
5.62521	35.7673	0.0825083	48.0978
5.65239	35.8498	0	48.0978
5.67862	35.8498	0	48.6413
5.68097	35.8498	0	49.1848
5.68428	35.8911	0.0825083	49.1848
5.68818	35.9736	0	49.1848
5.69155	36.0149	0.0825083	49.1848
5.69309	36.0974	0	49.1848
5.69413	36.1386	0.0825083	49.1848
5.70919	36.2211	0	49.1848
5.70937	36.2211	0.165017	49.1848
5.71655	36.3036	0.0825083	49.1848
5.72427	36.3861	0	49.1848
5.72582	36.3861	0.0825083	49.1848
5.73029	36.4686	0	49.1848
5.76686	36.4686	0	49.4565
5.76722	36.5099	0.0825083	49.4565
5.76771	36.5924	0	49.4565
5.79281	36.5924	0	50
5.84607	36.5924	0	50
5.84685	36.6337	0.0825083	50
5.88207	36.7162	0	50
5.88423	36.7574	0.0825083	50
5.88896	36.8399	0	50
5.90868	36.8399	0	50.5435
5.9096	36.8399	0.165017	50.5435
5.91132	36.9224	0.0825083	50.5435
5.94417	37.005	0	50.5435
5.94461	37.0462	0.0825083	50.5435
5.96956	37.1287	0	50.5435
5.97362	37.1287	0	50.8152
6.0173	37.1287	0	51.087
6.01753	37.1287	0.165017	51.087
6.01894	37.2112	0.0825083	51.087
6.02328	37.2937	0	51.087
6.02421	37.335	0.0825083	51.087
6.02587	37.4175	0	51.087
6.02931	37.4587	0.0825083	51.087
6.07459	37.5413	0	51.087
6.07737	37.5825	0.0825083	51.087
6.079	37.665	0	51.087
6.07948	37.665	0.0825083	51.087
6.17588	37.7475	0	51.087
6.20466	37.7475	0	51.3587
6.20517	37.7888	0.0825083	51.3587
6.20654	37.83	0.165017	51.3587
6.21234	37.9125	0.0825083	51.3587
6.21241	37.9125	0.247525	51.3587
6.21366	37.995	0.165017	51.3587
6.21694	38.0776	0.0825083	51.3587
6.21821	38.0776	0.165017	51.3587
6.25389	38.1601	0.0825083	51.3587
6.2546	38.2013	0.165017	51.3587
6.263	38.2838	0.0825083	51.3587
6.30672	38.3663	0	51.3587
6.30824	38.4076	0.0825083	51.3587
6.31277	38.4901	0	51.3587
6.32279	38.4901	0	51.9022
6.32286	38.5314	0.0825083	51.9022
6.37555	38.6139	0	51.9022
6.37597	38.6551	0.0825083	51.9022
6.38647	38.7376	0	51.9022
6.39063	38.7376	0.0825083	51.9022
6.42543	38.8201	0	51.9022
6.42544	38.8201	0.165017	51.9022
6.43325	38.9026	0.0825083	51.9022
6.45208	38.9851	0	51.9022
6.46	38.9851	0	52.1739
6.5128	38.9851	0	52.7174
6.52094	38.9851	0	52.9891
6.52146	38.9851	0	53.5326
6.52253	38.9851	0.165017	53.5326
6.52487	39.0677	0.0825083	53.5326
6.55172	39.1502	0	53.5326
6.55309	39.1502	0.0825083	53.5326
6.56132	39.2327	0	53.5326
6.56262	39.2327	0.165017	53.5326
6.56789	39.3152	0.0825083	53.5326
6.59731	39.3977	0	53.5326
6.6455	39.3977	0	53.8043
6.6474	39.3977	0.165017	53.8043
6.65057	39.4802	0.0825083	53.8043
6.67843	39.5627	0	53.8043
6.71572	39.5627	0	54.0761
6.75601	39.5627	0	54.6196
6.77834	39.5627	0	54.8913
6.77933	39.5627	0.165017	54.8913
6.77987	39.6452	0.0825083	54.8913
6.78023	39.6452	0.165017	54.8913
6.78731	39.7277	0.0825083	54.8913
6.80801	39.8102	0	54.8913
6.80827	39.8515	0.0825083	54.8913
6.83136	39.934	0	54.8913
6.86821	39.934	0	55.4348
6.86948	39.9752	0.0825083	55.4348
6.89941	40.0578	0	55.4348
6.90123	40.099	0.0825083	55.4348
6.90208	40.099	0.0825083	55.7065
6.93216	40.1815	0	55.7065
6.93266	40.2228	0.0825083	55.7065
6.94254	40.3053	0	55.7065
6.97093	40.3053	0	55.9783
6.97109	40.3053	0.165017	55.9783
6.97386	40.3878	0.0825083	55.9783
6.99281	40.4703	0	55.9783
6.99491	40.4703	0	56.25
7.03057	40.4703	0	56.5217
7.03542	40.5116	0.0825083	56.5217
7.03579	40.5528	0.165017	56.5217
7.03726	40.6353	0.0825083	56.5217
7.04525	40.7178	0	56.5217
7.1124	40.7178	0	56.7935
7.1127	40.7591	0.0825083	56.7935
7.13992	40.8416	0	56.7935
7.15811	40.8416	0	57.0652
7.1636	40.8416	0.165017	57.0652
7.16501	40.8828	0.247525	57.0652
7.16619	40.9653	0.165017	57.0652
7.16652	40.9653	0.330033	57.0652
7.16682	41.0479	0.247525	57.0652
7.16738	41.1304	0.165017	57.0652
7.18317	41.2129	0.0825083	57.0652
7.21191	41.2129	0.0825083	57.337
7.21377	41.2954	0	57.337
7.21768	41.3366	0.0825083	57.337
7.21856	41.3366	0.165017	57.337
7.22499	41.4191	0.0825083	57.337
7.2373	41.5017	0	57.337
7.23886	41.5429	0.0825083	57.337
7.24203	41.6254	0	57.337
7.24215	41.6254	0.165017	57.337
7.24234	41.7079	0.0825083	57.337
7.25209	41.7904	0	57.337
7.26763	41.7904	0	57.337
7.26855	41.7904	0.165017	57.337
7.26946	41.8729	0.0825083	57.337
7.27593	41.9554	0	57.337
7.27696	41.9967	0.0825083	57.337
7.2846	42.0792	0	57.337
7.28527	42.1205	0.0825083	57.337
7.28813	42.203	0	57.337
7.30702	42.203	0	57.8804
7.30827	42.2442	0.0825083	57.8804
7.33527	42.3267	0	57.8804
7.33728	42.368	0.0825083	57.8804
7.3454	42.4505	0	57.8804
7.34559	42.4917	0.0825083	57.8804
7.37107	42.5743	0	57.8804
7.37117	42.5743	0.165017	57.8804
7.37236	42.6568	0.0825083	57.8804
7.41077	42.7393	0	57.8804
7.42043	42.7393	0.0825083	57.8804
7.43538	42.8218	0	57.8804
7.44229	42.8218	0	58.4239
7.44254	42.8218	0.0825083	58.4239
7.45989	42.9043	0	58.4239
7.46009	42.9455	0.0825083	58.4239
7.46163	43.0281	0	58.4239
7.46185	43.0693	0.0825083	58.4239
7.46185	43.1106	0.165017	58.4239
7.46187	43.1931	0.0825083	58.4239
7.47035	43.2756	0	58.4239
7.50709	43.2756	0	58.6957
7.52389	43.3168	0.0825083	58.6957
7.53186	43.3993	0	58.6957
7.53191	43.3993	0.0825083	58.6957
7.59074	43.4818	0	58.6957
7.59274	43.4818	0.0825083	58.6957
7.59601	43.5644	0	58.6957
7.59965	43.5644	0.0825083	58.6957
7.60751	43.6469	0	58.6957
7.60767	43.6469	0.0825083	58.6957
7.61396	43.7294	0	58.6957
7.61488	43.7294	0.0825083	58.6957
7.61904	43.8119	0	58.6957
7.64604	43.8119	0	58.9674
7.64675	43.8119	0.165017	58.9674
7.6472	43.8944	0.0825083	58.9674
7.66842	43.9769	0	58.9674
7.66852	44.0182	0.0825083	58.9674
7.69278	44.1007	0	58.9674
7.69487	44.1419	0.0825083	58.9674
7.73152	44.2244	0	58.9674
7.73337	44.2657	0.0825083	58.9674
7.75274	44.3482	0	58.9674
7.75675	44.3482	0.0825083	58.9674
7.75744	44.3482	0.0825083	59.2391
7.75772	44.4307	0	59.2391
7.75955	44.4719	0.0825083	59.2391
7.76915	44.5545	0	59.2391
7.77095	44.5957	0.0825083	59.2391
7.77219	44.6782	0	59.2391
7.77572	44.7195	0.0825083	59.2391
7.79638	44.802	0	59.2391
7.80189	44.8432	0.0825083	59.2391
7.80623	44.9257	0	59.2391
7.8077	44.967	0.0825083	59.2391
7.82485	45.0495	0	59.2391
7.82645	45.0908	0.0825083	59.2391
7.90018	45.1733	0	59.2391
7.91604	45.1733	0	59.5109
7.91717	45.1733	0.165017	59.5109
7.92001	45.2558	0.0825083	59.5109
7.92073	45.2558	0.165017	59.5109
7.92247	45.3383	0.0825083	59.5109
7.93299	45.4208	0	59.5109
7.94335	45.4208	0	59.7826
7.94677	45.462	0.0825083	59.7826
7.94955	45.5446	0	59.7826
7.95011	45.5446	0	60.0543
7.95058	45.5446	0.165017	60.0543
7.95163	45.6271	0.0825083	60.0543
7.96651	45.7096	0	60.0543
7.9778	45.7096	0	60.3261
7.99823	45.7096	0	60.5978
8.0034	45.7508	0.0825083	60.5978
8.02103	45.8333	0	60.5978
8.02178	45.8746	0.0825083	60.5978
8.03736	45.9571	0	60.5978
8.03949	45.9983	0.0825083	60.5978
8.04291	46.0809	0	60.5978
8.04776	46.0809	0	60.8696
8.0808	46.0809	0	61.1413
8.08404	46.1221	0.0825083	61.1413
8.10057	46.2046	0	61.1413
8.10079	46.2046	0.165017	61.1413
8.10244	46.2871	0.0825083	61.1413
8.13332	46.3696	0	61.1413
8.13431	46.4109	0.0825083	61.1413
8.15451	46.4934	0	61.1413
8.15496	46.4934	0.165017	61.1413
8.15504	46.5759	0.0825083	61.1413
8.156	46.6584	0	61.1413
8.16671	46.6584	0	61.413
8.16776	46.6997	0.0825083	61.413
8.17515	46.7822	0	61.413
8.17707	46.7822	0.0825083	61.413
8.20294	46.8647	0	61.413
8.20313	46.8647	0.165017	61.413
8.20382	46.9059	0.247525	61.413
8.20423	46.9884	0.165017	61.413
8.20602	47.071	0.0825083	61.413
8.25069	47.1535	0	61.413
8.26046	47.1535	0	61.9565
8.26259	47.1947	0.0825083	61.9565
8.26419	47.2772	0	61.9565
8.26448	47.3185	0.0825083	61.9565
8.27126	47.401	0	61.9565
8.27956	47.4422	0.0825083	61.9565
8.31944	47.5248	0	61.9565
8.31975	47.5248	0.165017	61.9565
8.32587	47.6073	0.0825083	61.9565
8.33653	47.6898	0	61.9565
8.337	47.731	0.0825083	61.9565
8.33733	47.8135	0	61.9565
8.33913	47.8548	0.0825083	61.9565
8.34	47.896	0.165017	61.9565
8.34059	47.9785	0.0825083	61.9565
8.35623	48.0611	0	61.9565
8.38765	48.0611	0	62.5
8.3895	48.1023	0.0825083	62.5
8.39504	48.1848	0	62.5
8.39542	48.2261	0.0825083	62.5
8.42515	48.3086	0	62.5
8.42639	48.3086	0.165017	62.5
8.42746	48.3911	0.0825083	62.5
8.46815	48.4736	0	62.5
8.47256	48.4736	0.0825083	62.5
8.47384	48.5561	0	62.5
8.47589	48.5974	0.0825083	62.5
8.49298	48.6799	0	62.5
8.49376	48.6799	0.165017	62.5
8.49464	48.7624	0.0825083	62.5
8.49933	48.8036	0.165017	62.5
8.49941	48.8861	0.0825083	62.5
8.52401	48.9686	0	62.5
8.5266	49.0099	0.0825083	62.5
8.55924	49.0924	0	62.5
8.57122	49.0924	0	63.0435
8.57157	49.1337	0.0825083	63.0435
8.59886	49.2162	0	63.0435
8.59942	49.2574	0.0825083	63.0435
8.64678	49.3399	0	63.0435
8.64689	49.3812	0.0825083	63.0435
8.64771	49.3812	0.165017	63.0435
8.64804	49.4637	0.0825083	63.0435
8.66805	49.5462	0	63.0435
8.6769	49.5462	0	63.3152
8.71549	49.5462	0	63.8587
8.71692	49.5875	0.0825083	63.8587
8.71998	49.67	0	63.8587
8.72131	49.67	0.165017	63.8587
8.7238	49.7525	0.0825083	63.8587
8.7433	49.835	0	63.8587
8.74336	49.835	0.165017	63.8587
8.74482	49.835	0.165017	64.4022
8.74504	49.9175	0.0825083	64.4022
8.77782	50	0	64.4022
8.77825	50.0413	0.0825083	64.4022
8.83168	50.1238	0	64.4022
8.83174	50.165	0.0825083	64.4022
8.85421	50.2475	0	64.4022
8.85441	50.2888	0.0825083	64.4022
8.86973	50.3713	0	64.4022
8.88353	50.3713	0	64.4022
8.88357	50.4125	0.0825083	64.4022
8.89884	50.495	0	64.4022
8.94599	50.495	0	64.9457
8.94796	50.5363	0.0825083	64.9457
8.95593	50.6188	0	64.9457
8.95818	50.6188	0.165017	64.9457
8.95828	50.7013	0.0825083	64.9457
8.98256	50.7838	0	64.9457
8.98846	50.8251	0.0825083	64.9457
9.0207	50.9076	0	64.9457
9.0224	50.9488	0.0825083	64.9457
9.02483	51.0314	0	64.9457
9.02791	51.0314	0.0825083	64.9457
9.06153	51.1139	0	64.9457
9.06309	51.1551	0.0825083	64.9457
9.07691	51.2376	0	64.9457
9.07726	51.2789	0.0825083	64.9457
9.08585	51.3614	0	64.9457
9.08704	51.4026	0.0825083	64.9457
9.1193	51.4851	0	64.9457
9.12077	51.4851	0.0825083	64.9457
9.12566	51.5264	0.165017	64.9457
9.1516	51.6089	0.0825083	64.9457
9.22254	51.6914	0	64.9457
9.22509	51.6914	0	65.4891
9.22825	51.7327	0.0825083	65.4891
9.26994	51.8152	0	65.4891
9.27067	51.8564	0.0825083	65.4891
9.27765	51.9389	0	65.4891
9.27814	51.9389	0.165017	65.4891
9.27937	52.0215	0.0825083	65.4891
9.28508	52.104	0	65.4891
9.28741	52.104	0.165017	65.4891
9.29005	52.1865	0.0825083	65.4891
9.29934	52.269	0	65.4891
9.30046	52.3102	0.0825083	65.4891
9.31987	52.3927	0	65.4891
9.32117	52.434	0.0825083	65.4891
9.38345	52.5165	0	65.4891
9.38444	52.5578	0.0825083	65.4891
9.40226	52.6403	0	65.4891
9.40259	52.6815	0.0825083	65.4891
9.40757	52.7228	0.165017	65.4891
9.40771	52.8053	0.0825083	65.4891
9.44081	52.8878	0	65.4891
9.45369	52.8878	0	65.7609
9.45545	52.929	0.0825083	65.7609
9.49996	53.0116	0	65.7609
9.50237	53.0528	0.0825083	65.7609
9.50241	53.1353	0	65.7609
9.5065	53.1766	0.0825083	65.7609
9.50666	53.2591	0	65.7609
9.53431	53.2591	0	66.3043
9.53754	53.2591	0	66.8478
9.53835	53.2591	0.0825083	66.8478
9.56209	53.3416	0	66.8478
9.5696	53.3416	0.0825083	66.8478
9.58064	53.4241	0	66.8478
9.58494	53.4241	0.0825083	66.8478
9.58634	53.5066	0	66.8478
9.61373	53.5066	0	67.3913
9.61376	53.5066	0.165017	67.3913
9.61998	53.5891	0.0825083	67.3913
9.67456	53.6716	0	67.3913
9.67559	53.6716	0.0825083	67.3913
9.684	53.7541	0	67.3913
9.68728	53.7541	0	67.663
9.68914	53.7541	0.165017	67.663
9.6955	53.8366	0.0825083	67.663
9.70787	53.9191	0	67.663
9.76079	53.9191	0	68.2065
9.76283	53.9191	0.165017	68.2065
9.76309	54.0017	0.0825083	68.2065
9.84476	54.0842	0	68.2065
9.84513	54.0842	0.165017	68.2065
9.84551	54.1667	0.0825083	68.2065
9.89316	54.2492	0	68.2065
9.9142	54.2492	0	68.75
9.91428	54.2904	0.0825083	68.75
9.9159	54.3729	0	68.75
9.91794	54.4142	0.0825083	68.75
9.93859	54.4967	0	68.75
9.94264	54.538	0.0825083	68.75
9.94886	54.6205	0	68.75
9.98307	54.6205	0	69.0217
9.98454	54.6617	0.0825083	69.0217
9.98822	54.7442	0	69.0217
9.98913	54.7855	0.0825083	69.0217
10.0077	54.868	0	69.0217
10.0801	54.868	0	69.5652
10.0813	54.9092	0.0825083	69.5652
10.0907	54.9917	0	69.5652
10.1006	54.9917	0	69.837
10.1019	55.033	0.0825083	69.837
10.1422	55.1155	0	69.837
10.1426	55.1568	0.0825083	69.837
10.1895	55.2393	0	69.837
10.1924	55.2393	0	70.3804
10.2275	55.2393	0	70.9239
10.2286	55.2393	0.0825083	70.9239
10.245	55.3218	0	70.9239
10.2465	55.363	0.0825083	70.9239
10.2565	55.4455	0	70.9239
10.2576	55.4868	0.0825083	70.9239
10.2893	55.5693	0	70.9239
10.2946	55.6106	0.0825083	70.9239
10.3139	55.6931	0	70.9239
10.3161	55.7343	0.0825083	70.9239
10.3168	55.7343	0.247525	70.9239
10.3184	55.8168	0.165017	70.9239
10.3188	55.8993	0.0825083	70.9239
10.3191	55.8993	0.0825083	71.1957
10.3555	55.9818	0	71.1957
10.3976	55.9818	0	71.7391
10.4013	55.9818	0.0825083	71.7391
10.4029	56.0231	0.165017	71.7391
10.406	56.1056	0.0825083	71.7391
10.4223	56.1881	0	71.7391
10.4278	56.1881	0	72.2826
10.4282	56.1881	0.165017	72.2826
10.4327	56.2706	0.0825083	72.2826
10.4806	56.3531	0	72.2826
10.4812	56.3944	0.0825083	72.2826
10.4817	56.3944	0.165017	72.2826
10.4833	56.4769	0.0825083	72.2826
10.5418	56.5594	0	72.2826
10.5418	56.6007	0.0825083	72.2826
10.5423	56.6832	0	72.2826
10.5708	56.6832	0	72.8261
10.5714	56.7244	0.0825083	72.8261
10.584	56.8069	0	72.8261
10.6231	56.8069	0	73.0978
10.6235	56.8069	0.165017	73.0978
10.6236	56.8894	0.0825083	73.0978
10.6967	56.9719	0	73.0978
10.6976	57.0132	0.0825083	73.0978
10.7423	57.0957	0	73.0978
10.7506	57.137	0.0825083	73.0978
10.7762	57.2195	0	73.0978
10.7782	57.2195	0.0825083	73.0978
10.8164	57.302	0	73.0978
10.8172	57.3432	0.0825083	73.0978
10.8259	57.4257	0	73.0978
10.8261	57.4257	0.165017	73.0978
10.8262	57.5083	0.0825083	73.0978
10.828	57.5495	0.165017	73.0978
10.8315	57.632	0.0825083	73.0978
10.8461	57.7145	0	73.0978
10.8992	57.7145	0	73.6413
10.9017	57.7558	0.0825083	73.6413
10.918	57.8383	0	73.6413
10.9185	57.8795	0.0825083	73.6413
10.9591	57.962	0	73.6413
10.9635	57.962	0.165017	73.6413
10.964	58.0446	0.0825083	73.6413
10.9648	58.1271	0	73.6413
10.9651	58.1271	0.0825083	73.6413
10.9677	58.2096	0	73.6413
10.9685	58.2096	0.165017	73.6413
10.9712	58.2921	0.0825083	73.6413
10.9725	58.3746	0	73.6413
10.9728	58.4158	0.0825083	73.6413
10.9761	58.4983	0	73.6413
10.9802	58.4983	0.0825083	73.6413
11.0132	58.5809	0	73.6413
11.0137	58.6221	0.0825083	73.6413
11.0297	58.7046	0	73.6413
11.0546	58.7459	0.0825083	73.6413
11.0651	58.8284	0	73.6413
11.0686	58.8284	0.165017	73.6413
11.0689	58.9109	0.0825083	73.6413
11.0713	58.9934	0	73.6413
11.0735	59.0347	0.0825083	73.6413
11.1077	59.1172	0	73.6413
11.1084	59.1584	0.0825083	73.6413
11.2096	59.2409	0	73.6413
11.2184	59.2822	0.0825083	73.6413
11.2534	59.3647	0	73.6413
11.2907	59.3647	0	74.1848
11.3364	59.3647	0	74.7283
11.3371	59.4059	0.0825083	74.7283
11.4247	59.4884	0	74.7283
11.5513	59.4884	0	75
11.5545	59.5297	0.0825083	75
11.5563	59.6122	0	75
11.5572	59.6535	0.0825083	75
11.5709	59.736	0	75
11.6782	59.736	0	75.5435
11.6829	59.736	0	76.087
11.683	59.7772	0.0825083	76.087
11.6903	59.8597	0	76.087
11.6921	59.8597	0.0825083	76.087
11.6966	59.9422	0	76.087
11.6971	59.9422	0.0825083	76.087
11.7539	60.0248	0	76.087
11.754	60.0248	0.165017	76.087
11.7595	60.1073	0.0825083	76.087
11.7667	60.1898	0	76.087
11.7669	60.1898	0	76.3587
11.7672	60.1898	0.0825083	76.3587
11.815	60.2723	0	76.3587
11.8159	60.3135	0.0825083	76.3587
11.8299	60.396	0	76.3587
11.8321	60.396	0.165017	76.3587
11.8331	60.4785	0.0825083	76.3587
11.8331	60.4785	0.165017	76.3587
11.8369	60.5611	0.0825083	76.3587
11.8382	60.5611	0.165017	76.3587
11.8399	60.6436	0.0825083	76.3587
11.8702	60.7261	0	76.3587
11.8731	60.7261	0.0825083	76.3587
11.9573	60.8086	0	76.3587
11.96	60.8498	0.0825083	76.3587
11.9891	60.9323	0	76.3587
11.9954	60.9736	0.0825083	76.3587
11.9964	61.0561	0	76.3587
12.055	61.0974	0.0825083	76.3587
12.1199	61.1799	0	76.3587
12.1201	61.1799	0	76.9022
12.1215	61.1799	0.165017	76.9022
12.1215	61.2624	0.0825083	76.9022
12.152	61.3449	0	76.9022
12.1521	61.3861	0.0825083	76.9022
12.164	61.4686	0	76.9022
12.1683	61.5099	0.0825083	76.9022
12.3011	61.5924	0	76.9022
12.3028	61.5924	0.165017	76.9022
12.3033	61.6749	0.0825083	76.9022
12.347	61.7574	0	76.9022
12.3497	61.7987	0.0825083	76.9022
12.3811	61.8812	0	76.9022
12.3824	61.9224	0.0825083	76.9022
12.4185	62.005	0	76.9022
12.4214	62.0462	0.0825083	76.9022
12.486	62.1287	0	76.9022
12.4931	62.1287	0.165017	76.9022
12.5125	62.2112	0.0825083	76.9022
12.5498	62.2937	0	76.9022
12.5506	62.2937	0.0825083	76.9022
12.5575	62.3762	0	76.9022
12.5578	62.4175	0.0825083	76.9022
12.563	62.5	0	76.9022
12.5634	62.5	0.165017	76.9022
12.5651	62.5825	0.0825083	76.9022
12.6267	62.665	0	76.9022
12.7936	62.665	0	77.1739
12.7938	62.7063	0.0825083	77.1739
12.7998	62.7888	0	77.1739
12.801	62.83	0.0825083	77.1739
12.8073	62.9125	0	77.1739
12.8077	62.9538	0.0825083	77.1739
12.8874	63.0363	0	77.1739
12.8907	63.0363	0	77.7174
12.8908	63.0776	0.0825083	77.7174
12.8932	63.0776	0.247525	77.7174
12.8958	63.1601	0.165017	77.7174
12.8997	63.2426	0.0825083	77.7174
12.9099	63.3251	0	77.7174
12.9157	63.3251	0	77.9891
12.9243	63.3251	0	78.5326
12.9271	63.3663	0.0825083	78.5326
12.9456	63.4488	0	78.5326
12.95	63.4901	0.0825083	78.5326
12.9561	63.5726	0	78.5326
12.9613	63.5726	0	79.0761
12.9645	63.6139	0.0825083	79.0761
12.9766	63.6964	0	79.0761
12.9911	63.6964	0	79.6196
12.9964	63.6964	0	80.163
12.9989	63.6964	0.165017	80.163
13.0018	63.7789	0.0825083	80.163
13.0698	63.8614	0	80.163
13.0756	63.8614	0	80.7065
13.0784	63.8614	0.165017	80.7065
13.0785	63.9439	0.0825083	80.7065
13.0958	64.0264	0	80.7065
13.1028	64.0677	0.0825083	80.7065
13.189	64.1502	0	80.7065
13.1949	64.1502	0	81.25
13.196	64.1914	0.0825083	81.25
13.2121	64.2739	0	81.25
13.2205	64.2739	0	81.7935
13.2471	64.2739	0	82.337
13.2496	64.2739	0	82.8804
13.2496	64.2739	0.0825083	82.8804
13.2689	64.3564	0	82.8804
13.2722	64.3977	0.0825083	82.8804
13.2828	64.4802	0	82.8804
13.2849	64.5215	0.0825083	82.8804
13.3073	64.604	0	82.8804
13.3106	64.6452	0.0825083	82.8804
13.33	64.7277	0	82.8804
13.3309	64.769	0.0825083	82.8804
13.363	64.8515	0	82.8804
13.3682	64.8927	0.0825083	82.8804
13.3789	64.9753	0	82.8804
13.4357	64.9753	0	83.1522
13.4363	65.0165	0.0825083	83.1522
13.4728	65.099	0	83.1522
13.4788	65.099	0.165017	83.1522
13.5181	65.1815	0.0825083	83.1522
13.6362	65.264	0	83.1522
13.6364	65.3053	0.0825083	83.1522
13.6686	65.3878	0	83.1522
13.6688	65.429	0.0825083	83.1522
13.6883	65.5116	0	83.1522
13.6989	65.5116	0	83.6957
13.699	65.5528	0.0825083	83.6957
13.6993	65.5528	0.165017	83.6957
13.6994	65.6353	0.0825083	83.6957
13.7847	65.7178	0	83.6957
13.7858	65.7178	0.0825083	83.6957
13.8166	65.8003	0	83.6957
13.8172	65.8003	0.165017	83.6957
13.8206	65.8828	0.0825083	83.6957
13.8751	65.9653	0	83.6957
13.8878	65.9653	0.165017	83.6957
13.906	66.0479	0.0825083	83.6957
13.9081	66.1304	0	83.6957
13.9879	66.1304	0	84.2391
13.9881	66.1304	0.0825083	84.2391
14.016	66.2129	0	84.2391
14.017	66.2129	0.165017	84.2391
14.0193	66.2954	0.0825083	84.2391
14.083	66.3779	0	84.2391
14.0833	66.3779	0.165017	84.2391
14.0857	66.4604	0.0825083	84.2391
14.1148	66.5429	0	84.2391
14.1219	66.5429	0.0825083	84.2391
14.1549	66.6254	0	84.2391
14.164	66.6254	0	84.7826
14.171	66.6667	0.0825083	84.7826
14.1951	66.7492	0	84.7826
14.1978	66.7492	0.165017	84.7826
14.2038	66.8317	0.0825083	84.7826
14.2115	66.9142	0	84.7826
14.2119	66.9554	0.0825083	84.7826
14.3213	67.038	0	84.7826
14.3221	67.0792	0.0825083	84.7826
14.3398	67.1617	0	84.7826
14.3399	67.1617	0.0825083	84.7826
14.3505	67.2442	0	84.7826
14.3512	67.2442	0.0825083	84.7826
14.3824	67.3267	0	84.7826
14.3849	67.368	0.0825083	84.7826
14.4913	67.4505	0	84.7826
14.4938	67.4918	0.0825083	84.7826
14.6374	67.5743	0	84.7826
14.6374	67.6155	0.0825083	84.7826
14.6377	67.6568	0.165017	84.7826
14.6379	67.7393	0.0825083	84.7826
14.6457	67.8218	0	84.7826
14.6461	67.8218	0.165017	84.7826
14.6479	67.9043	0.0825083	84.7826
14.7253	67.9868	0	84.7826
14.7308	67.9868	0.0825083	84.7826
14.7468	68.0693	0	84.7826
14.7505	68.1106	0.0825083	84.7826
14.7699	68.1931	0	84.7826
14.77	68.2343	0.0825083	84.7826
14.7738	68.3168	0	84.7826
14.7741	68.3168	0.165017	84.7826
14.7762	68.3993	0.0825083	84.7826
14.85	68.4818	0	84.7826
14.8501	68.5231	0.0825083	84.7826
14.9017	68.6056	0	84.7826
14.9019	68.6469	0.0825083	84.7826
14.9629	68.7294	0	84.7826
14.9967	68.7294	0	85.3261
14.9969	68.7294	0.0825083	85.3261
15.0657	68.8119	0	85.3261
15.066	68.8119	0.165017	85.3261
15.0674	68.8119	0.165017	85.3261
15.068	68.8944	0.0825083	85.3261
15.217	68.9769	0	85.3261
15.2188	69.0182	0.0825083	85.3261
15.3084	69.1007	0	85.3261
15.3084	69.1007	0.165017	85.3261
15.3107	69.1832	0.0825083	85.3261
15.341	69.2657	0	85.3261
15.3429	69.3069	0.0825083	85.3261
15.4335	69.3894	0	85.3261
15.5036	69.3894	0	85.8696
15.5372	69.4307	0.0825083	85.8696
15.5381	69.4719	0.165017	85.8696
15.548	69.5545	0.0825083	85.8696
15.5867	69.637	0	85.8696
15.6873	69.637	0	86.1413
15.6952	69.6782	0.0825083	86.1413
15.6962	69.7607	0	86.1413
15.6964	69.7607	0.165017	86.1413
15.6978	69.8432	0.0825083	86.1413
15.7153	69.9257	0	86.1413
15.7157	69.967	0.0825083	86.1413
15.7361	70.0495	0	86.1413
15.7388	70.0908	0.0825083	86.1413
15.8453	70.1733	0	86.1413
15.846	70.1733	0.165017	86.1413
15.8508	70.2558	0.0825083	86.1413
15.906	70.3383	0	86.1413
15.9073	70.3795	0.0825083	86.1413
15.9328	70.462	0	86.1413
15.9352	70.462	0.165017	86.1413
15.9368	70.5446	0.0825083	86.1413
15.9723	70.6271	0	86.1413
15.9742	70.6683	0.0825083	86.1413
16.0444	70.7508	0	86.1413
16.0506	70.7921	0.0825083	86.1413
16.0932	70.8746	0	86.1413
16.0973	70.8746	0.0825083	86.1413
16.1038	70.9571	0	86.1413
16.296	70.9571	0	86.6848
16.2987	70.9984	0.0825083	86.6848
16.4032	71.0809	0	86.6848
16.4052	71.1221	0.0825083	86.6848
16.4074	71.1634	0.165017	86.6848
16.4094	71.2459	0.0825083	86.6848
16.4306	71.3284	0	86.6848
16.5499	71.3284	0	87.2283
16.5539	71.3284	0.165017	87.2283
16.5544	71.4109	0.0825083	87.2283
16.5618	71.4934	0	87.2283
16.5621	71.4934	0.165017	87.2283
16.5632	71.5759	0.0825083	87.2283
16.5881	71.6584	0	87.2283
16.5886	71.6997	0.0825083	87.2283
16.6828	71.7822	0	87.2283
16.6851	71.8234	0.0825083	87.2283
16.696	71.9059	0	87.2283
16.6968	71.9059	0.165017	87.2283
16.6968	71.9884	0.0825083	87.2283
16.7253	72.071	0	87.2283
16.7254	72.071	0.165017	87.2283
16.7309	72.1535	0.0825083	87.2283
16.7462	72.236	0	87.2283
16.7462	72.2772	0.0825083	87.2283
16.7874	72.3597	0	87.2283
16.7943	72.401	0.0825083	87.2283
16.8507	72.4835	0	87.2283
16.8528	72.5247	0.0825083	87.2283
16.8579	72.6073	0	87.2283
16.9609	72.6073	0	87.7717
17.1219	72.6073	0	88.3152
17.1243	72.6485	0.0825083	88.3152
17.2006	72.731	0	88.3152
17.2179	72.731	0	88.8587
17.2565	72.731	0	89.4022
17.3015	72.731	0	89.9457
17.3019	72.7723	0.0825083	89.9457
17.3332	72.8548	0	89.9457
17.3361	72.896	0.0825083	89.9457
17.426	72.9785	0	89.9457
17.4262	73.0198	0.0825083	89.9457
17.5593	73.1023	0	89.9457
17.5595	73.1436	0.0825083	89.9457
17.6399	73.2261	0	89.9457
17.6462	73.2673	0.0825083	89.9457
17.6523	73.3498	0	89.9457
17.7561	73.3498	0	90.2174
17.7565	73.3911	0.0825083	90.2174
17.9549	73.4736	0	90.2174
17.9559	73.4736	0.165017	90.2174
17.9604	73.5561	0.0825083	90.2174
17.9615	73.6386	0	90.2174
17.9619	73.6386	0.0825083	90.2174
18.0079	73.7211	0	90.2174
18.008	73.7624	0.0825083	90.2174
18.2668	73.8449	0	90.2174
18.2686	73.8861	0.0825083	90.2174
18.2817	73.9686	0	90.2174
18.3498	73.9686	0	90.4891
18.3517	73.9686	0.165017	90.4891
18.3586	74.0512	0.0825083	90.4891
18.3893	74.1337	0	90.4891
18.3895	74.1749	0.0825083	90.4891
18.4044	74.2574	0	90.4891
18.4054	74.2987	0.0825083	90.4891
18.5072	74.3812	0	90.4891
18.585	74.3812	0	90.7609
18.5865	74.4224	0.0825083	90.7609
18.6381	74.505	0	90.7609
18.6383	74.5462	0.0825083	90.7609
18.692	74.6287	0	90.7609
18.7242	74.6287	0	91.0326
18.7252	74.6287	0.0825083	91.0326
18.9019	74.7112	0	91.0326
18.903	74.7112	0.165017	91.0326
18.9061	74.7937	0.0825083	91.0326
18.978	74.8762	0	91.0326
18.9792	74.8762	0.165017	91.0326
18.9794	74.9587	0.0825083	91.0326
19.0043	75.0413	0	91.0326
19.0048	75.0825	0.0825083	91.0326
19.0149	75.165	0	91.0326
19.0152	75.2063	0.0825083	91.0326
19.0442	75.2888	0	91.0326
19.0443	75.2888	0.165017	91.0326
19.0447	75.3713	0.0825083	91.0326
19.0461	75.4538	0	91.0326
19.0469	75.495	0.0825083	91.0326
19.085	75.5776	0	91.0326
19.1236	75.5776	0	91.3043
19.1499	75.5776	0	91.8478
19.1511	75.5776	0.165017	91.8478
19.1537	75.6601	0.0825083	91.8478
19.2793	75.7426	0	91.8478
19.2983	75.7838	0.0825083	91.8478
19.3572	75.8663	0	91.8478
19.3573	75.8663	0.165017	91.8478
19.3595	75.9488	0.0825083	91.8478
19.475	76.0314	0	91.8478
19.6324	76.0314	0	92.3913
19.6357	76.0726	0.0825083	92.3913
19.6852	76.1551	0	92.3913
19.6874	76.1964	0.0825083	92.3913
19.7068	76.2789	0	92.3913
19.7081	76.3201	0.0825083	92.3913
19.7121	76.4026	0	92.3913
19.7166	76.4026	0.165017	92.3913
19.7197	76.4851	0.0825083	92.3913
19.7413	76.5677	0	92.3913
19.7425	76.5677	0.165017	92.3913
19.7658	76.6502	0.0825083	92.3913
19.7669	76.6914	0.165017	92.3913
19.7893	76.7739	0.0825083	92.3913
19.8172	76.8564	0	92.3913
19.8206	76.8977	0.0825083	92.3913
19.8515	76.9802	0	92.3913
19.8577	76.9802	0.0825083	92.3913
19.8906	77.0627	0	92.3913
19.8913	77.104	0.0825083	92.3913
20.0296	77.1865	0	92.3913
20.0299	77.2277	0.0825083	92.3913
20.125	77.3102	0	92.3913
20.1298	77.3515	0.0825083	92.3913
20.1319	77.434	0	92.3913
20.1322	77.4753	0.0825083	92.3913
20.3742	77.5578	0	92.3913
20.3751	77.599	0.0825083	92.3913
20.4279	77.6815	0	92.3913
20.4288	77.7228	0.0825083	92.3913
20.5156	77.8053	0	92.3913
20.5159	77.8053	0.0825083	92.3913
20.6068	77.8878	0	92.3913
20.6076	77.8878	0.165017	92.3913
20.6081	77.9703	0.0825083	92.3913
20.6383	78.0528	0	92.3913
20.6453	78.0941	0.0825083	92.3913
20.6469	78.1353	0.165017	92.3913
20.6477	78.2178	0.0825083	92.3913
20.7053	78.3003	0	92.3913
20.7067	78.3416	0.0825083	92.3913
20.9773	78.4241	0	92.3913
20.9848	78.4653	0.0825083	92.3913
21.0367	78.5479	0	92.3913
21.0386	78.5479	0.0825083	92.3913
21.1142	78.6304	0	92.3913
21.1174	78.6716	0.0825083	92.3913
21.1466	78.7541	0	92.3913
21.1481	78.7541	0.0825083	92.3913
21.1744	78.8366	0	92.3913
21.1774	78.8779	0.0825083	92.3913
21.3825	78.9604	0	92.3913
21.3887	79.0016	0.0825083	92.3913
21.5025	79.0842	0	92.3913
21.5083	79.1254	0.0825083	92.3913
21.586	79.2079	0	92.3913
21.5943	79.2079	0.0825083	92.3913
21.6	79.2904	0	92.3913
21.6004	79.3317	0.0825083	92.3913
21.8015	79.4142	0	92.3913
21.8018	79.4554	0.0825083	92.3913
21.886	79.538	0	92.3913
21.8882	79.538	0.0825083	92.3913
21.8882	79.6205	0	92.3913
21.8886	79.6617	0.0825083	92.3913
21.9326	79.7442	0	92.3913
21.9357	79.7855	0.0825083	92.3913
21.9391	79.7855	0.0825083	92.9348
22.1199	79.868	0	92.9348
22.1201	79.9092	0.0825083	92.9348
22.287	79.9918	0	92.9348
22.2877	79.9918	0.0825083	92.9348
22.3326	80.0743	0	92.9348
22.3328	80.1155	0.0825083	92.9348
22.364	80.198	0	92.9348
22.3663	80.2393	0.0825083	92.9348
22.4418	80.3218	0	92.9348
22.4428	80.363	0.0825083	92.9348
22.451	80.4455	0	92.9348
22.4511	80.4455	0.165017	92.9348
22.4536	80.5281	0.0825083	92.9348
22.4833	80.6106	0	92.9348
22.4865	80.6106	0.165017	92.9348
22.5303	80.6931	0.0825083	92.9348
22.6957	80.7756	0	92.9348
22.6967	80.8168	0.0825083	92.9348
22.697	80.8581	0.165017	92.9348
22.6986	80.9406	0.0825083	92.9348
22.704	81.0231	0	92.9348
22.7054	81.0644	0.0825083	92.9348
22.799	81.1469	0	92.9348
22.7991	81.1469	0.165017	92.9348
22.8004	81.2294	0.0825083	92.9348
22.8035	81.3119	0	92.9348
22.8035	81.3531	0.0825083	92.9348
23.0221	81.4356	0	92.9348
23.0805	81.4356	0	93.4783
23.0806	81.4356	0.165017	93.4783
23.0816	81.4356	0.247525	93.4783
23.0837	81.5182	0.165017	93.4783
23.0844	81.6007	0.0825083	93.4783
23.1873	81.6832	0	93.4783
23.1886	81.7244	0.0825083	93.4783
23.2259	81.8069	0	93.4783
23.2313	81.8482	0.0825083	93.4783
23.2406	81.9307	0	93.4783
23.3552	81.9307	0	94.0217
23.3971	81.9719	0.0825083	94.0217
23.4119	82.0545	0	94.0217
23.4134	82.0957	0.0825083	94.0217
23.7694	82.1782	0	94.0217
23.7721	82.2195	0.0825083	94.0217
23.7941	82.302	0	94.0217
23.7967	82.3432	0.0825083	94.0217
23.8434	82.4257	0	94.0217
23.8458	82.467	0.0825083	94.0217
23.942	82.5495	0	94.0217
23.9425	82.5908	0.0825083	94.0217
24.0164	82.6733	0	94.0217
24.0203	82.6733	0.165017	94.0217
24.0207	82.7558	0.0825083	94.0217
24.2706	82.8383	0	94.0217
24.2758	82.8383	0	94.5652
24.2779	82.8795	0.0825083	94.5652
24.2846	82.962	0	94.5652
24.2849	82.962	0.165017	94.5652
24.2863	83.0446	0.0825083	94.5652
24.318	83.1271	0	94.5652
24.3199	83.1683	0.0825083	94.5652
24.4273	83.2508	0	94.5652
24.4362	83.2508	0	95.1087
24.4366	83.2921	0.0825083	95.1087
24.4906	83.3746	0	95.1087
24.4919	83.4158	0.0825083	95.1087
24.6312	83.4984	0	95.1087
24.6314	83.4984	0.165017	95.1087
24.6323	83.5809	0.0825083	95.1087
24.7103	83.6634	0	95.1087
24.7104	83.7046	0.0825083	95.1087
24.7495	83.7871	0	95.1087
24.7506	83.8284	0.0825083	95.1087
24.9335	83.9109	0	95.1087
24.9344	83.9521	0.0825083	95.1087
25.098	84.0347	0	95.1087
25.1027	84.0759	0.0825083	95.1087
25.2175	84.1584	0	95.1087
25.2181	84.1584	0.0825083	95.1087
25.2515	84.2409	0	95.1087
25.2519	84.2822	0.0825083	95.1087
25.8315	84.3647	0	95.1087
25.8332	84.3647	0.0825083	95.1087
25.8412	84.4472	0	95.1087
25.8422	84.4884	0.0825083	95.1087
25.9372	84.571	0	95.1087
25.943	84.6122	0.0825083	95.1087
25.9753	84.6947	0	95.1087
26.0899	84.6947	0	95.6522
26.1287	84.6947	0	96.1957
26.1297	84.6947	0.165017	96.1957
26.1337	84.7772	0.0825083	96.1957
26.2328	84.8597	0	96.1957
26.2337	84.8597	0.165017	96.1957
26.2339	84.9422	0.0825083	96.1957
26.3127	85.0247	0	96.1957
26.3271	85.0247	0	96.7391
26.4703	85.0247	0	97.2826
26.4711	85.0247	0.0825083	97.2826
26.4929	85.1073	0	97.2826
26.5965	85.1073	0	97.8261
26.5975	85.1073	0.165017	97.8261
26.5989	85.1898	0.0825083	97.8261
26.6528	85.2723	0	97.8261
26.6542	85.2723	0.0825083	97.8261
26.6976	85.3548	0	97.8261
26.6977	85.396	0.0825083	97.8261
26.6996	85.4785	0	97.8261
26.6996	85.4785	0.0825083	97.8261
26.8805	85.5611	0	97.8261
26.8812	85.6023	0.0825083	97.8261
26.9128	85.6848	0	97.8261
26.9192	85.7261	0.0825083	97.8261
27.1013	85.8086	0	97.8261
27.1395	85.8086	0	98.3696
27.1424	85.8498	0.0825083	98.3696
27.1881	85.9323	0	98.3696
27.1898	85.9323	0.0825083	98.3696
27.2258	86.0149	0	98.3696
27.2264	86.0149	0.165017	98.3696
27.2268	86.0974	0.0825083	98.3696
27.3406	86.1799	0	98.3696
27.4905	86.1799	0	98.913
27.4911	86.2211	0.0825083	98.913
27.6479	86.3036	0	98.913
27.7623	86.3036	0	99.4565
27.7653	86.3449	0.0825083	99.4565
27.8647	86.4274	0	99.4565
27.8654	86.4274	0.165017	99.4565
27.8701	86.5099	0.0825083	99.4565
27.9966	86.5924	0	99.4565
27.9974	86.5924	0.165017	99.4565
28.0001	86.6749	0.0825083	99.4565
28.2752	86.7574	0	99.4565
28.2755	86.7987	0.0825083	99.4565
28.2758	86.8812	0	99.4565
28.2781	86.9224	0.0825083	99.4565
28.4394	87.005	0	99.4565
28.4398	87.0462	0.0825083	99.4565
28.5332	87.1287	0	99.4565
28.5343	87.1287	0.165017	99.4565
28.54	87.2112	0.0825083	99.4565
28.5825	87.2937	0	99.4565
28.5855	87.335	0.0825083	99.4565
28.7106	87.4175	0	99.4565
28.7126	87.4587	0.0825083	99.4565
28.7186	87.5413	0	99.4565
28.7211	87.5825	0.0825083	99.4565
28.7941	87.665	0	99.4565
28.795	87.665	0.165017	99.4565
28.7952	87.7475	0.0825083	99.4565
28.8991	87.83	0	99.4565
28.906	87.8713	0.0825083	99.4565
29.0944	87.9538	0	99.4565
29.0957	87.995	0.0825083	99.4565
29.3325	88.0776	0	99.4565
29.3333	88.1188	0.0825083	99.4565
29.4469	88.2013	0	99.4565
29.4475	88.2013	0.0825083	99.4565
29.5494	88.2838	0	99.4565
29.5496	88.2838	0.165017	99.4565
29.5507	88.3663	0.0825083	99.4565
29.5799	88.4488	0	99.4565
29.5801	88.4488	0.165017	99.4565
29.5803	88.5314	0.0825083	99.4565
29.5816	88.5726	0.165017	99.4565
29.5828	88.6551	0.0825083	99.4565
29.9196	88.7376	0	99.4565
29.9229	88.7789	0.0825083	99.4565
30.0607	88.8614	0	99.4565
30.0617	88.8614	0.165017	99.4565
30.0636	88.9439	0.0825083	99.4565
30.0881	89.0264	0	99.4565
30.0953	89.0264	0.165017	99.4565
30.1033	89.1089	0.0825083	99.4565
30.4981	89.1914	0	99.4565
30.5048	89.2327	0.0825083	99.4565
30.571	89.3152	0	99.4565
30.5712	89.3564	0.0825083	99.4565
30.9298	89.4389	0	99.4565
30.9486	89.4802	0.0825083	99.4565
31.0975	89.5627	0	99.4565
31.0998	89.604	0.0825083	99.4565
31.1592	89.6865	0	99.4565
31.1596	89.7277	0.0825083	99.4565
31.161	89.8102	0	99.4565
31.1618	89.8515	0.0825083	99.4565
31.2071	89.934	0	99.4565
31.2139	89.9753	0.0825083	99.4565
31.309	90.0578	0	99.4565
31.3099	90.099	0.0825083	99.4565
31.4961	90.1815	0	99.4565
31.4964	90.2228	0.0825083	99.4565
32.0133	90.3053	0	99.4565
32.0142	90.3465	0.0825083	99.4565
32.053	90.429	0	99.4565
32.0531	90.4703	0.0825083	99.4565
32.1135	90.5528	0	99.4565
32.1137	90.5528	0.165017	99.4565
32.1152	90.6353	0.0825083	99.4565
32.1895	90.7178	0	99.4565
32.1908	90.7591	0.0825083	99.4565
32.6504	90.8416	0	99.4565
32.6775	90.8828	0.0825083	99.4565
32.6804	90.8828	0.165017	99.4565
32.6814	90.9653	0.0825083	99.4565
33.2202	91.0479	0	99.4565
33.2234	91.0479	0.0825083	99.4565
33.3588	91.1304	0	99.4565
33.3683	91.1716	0.0825083	99.4565
34.0266	91.2541	0	99.4565
34.0415	91.2954	0.0825083	99.4565
34.1677	91.3779	0	99.4565
34.1693	91.4191	0.0825083	99.4565
34.6586	91.5016	0	99.4565
34.67	91.5429	0.0825083	99.4565
34.8452	91.6254	0	99.4565
34.8493	91.6254	0.0825083	99.4565
34.8711	91.7079	0	99.4565
34.873	91.7492	0.0825083	99.4565
34.889	91.8317	0	99.4565
34.891	91.8729	0.0825083	99.4565
35.4141	91.9554	0	99.4565
35.4145	91.9967	0.0825083	99.4565
35.6631	92.0792	0	99.4565
35.6716	92.0792	0.0825083	99.4565
35.7202	92.1617	0	99.4565
35.7314	92.1617	0.165017	99.4565
35.7421	92.2442	0.0825083	99.4565
36.521	92.3267	0	99.4565
36.5235	92.368	0.0825083	99.4565
36.6468	92.4505	0	99.4565
36.6512	92.4505	0.165017	99.4565
36.6547	92.533	0.0825083	99.4565
36.9198	92.6155	0	99.4565
37.0114	92.6155	0	100
37.0118	92.6568	0.0825083	100
37.5315	92.7393	0	100
37.5338	92.7805	0.0825083	100
38.4635	92.863	0	100
38.474	92.9043	0.0825083	100
38.9681	92.9868	0	100
38.9785	93.0281	0.0825083	100
39.4539	93.1106	0	100
39.4728	93.1106	0.0825083	100
39.6814	93.1931	0	100
39.6827	93.2343	0.0825083	100
40.2438	93.3168	0	100
40.2439	93.3581	0.0825083	100
40.531	93.4406	0	100
40.5316	93.4818	0.0825083	100
40.757	93.5644	0	100
40.7586	93.6056	0.0825083	100
41.0674	93.6881	0	100
41.0675	93.6881	0.165017	100
41.0816	93.7706	0.0825083	100
41.3126	93.8531	0	100
41.3133	93.8944	0.0825083	100
42.5289	93.9769	0	100
42.529	94.0182	0.0825083	100
43.2308	94.1007	0	100
43.232	94.1007	0.165017	100
43.2325	94.1832	0.0825083	100
45.6563	94.2657	0	100
45.6565	94.2657	0.165017	100
45.663	94.3482	0.0825083	100
45.9598	94.4307	0	100
45.9621	94.4307	0.165017	100
45.9626	94.5132	0.0825083	100
46.2028	94.5957	0	100
46.2046	94.5957	0.0825083	100
46.9952	94.6782	0	100
47.0589	94.6782	0.0825083	100
47.0605	94.7195	0.165017	100
47.0622	94.802	0.0825083	100
48.036	94.8845	0	100
48.0393	94.8845	0.165017	100
48.0443	94.967	0.0825083	100
51.6779	95.0495	0	100
51.6932	95.0495	0.0825083	100
52.1155	95.132	0	100
52.1332	95.1733	0.0825083	100
52.2159	95.2558	0	100
52.2183	95.2558	0.165017	100
52.2367	95.3383	0.0825083	100
52.9908	95.4208	0	100
52.9914	95.462	0.0825083	100
55.4643	95.5446	0	100
55.4656	95.5858	0.0825083	100
55.8063	95.6683	0	100
55.8063	95.7096	0.0825083	100
56.6204	95.7921	0	100
56.6209	95.7921	0.165017	100
56.6257	95.8746	0.0825083	100
57.0668	95.9571	0	100
57.0695	95.9571	0.0825083	100
58.2372	96.0396	0	100
58.2556	96.0809	0.0825083	100
58.2926	96.1634	0	100
58.3013	96.2046	0.0825083	100
59.5667	96.2871	0	100
59.5898	96.3284	0.0825083	100
61.2398	96.4109	0	100
61.2618	96.4521	0.0825083	100
61.6054	96.5347	0	100
61.6073	96.5759	0.0825083	100
62.6427	96.6584	0	100
62.6849	96.6997	0.0825083	100
62.714	96.7822	0	100
62.7155	96.7822	0.165017	100
62.7172	96.8647	0.0825083	100
65.5258	96.9472	0	100
65.5355	96.9472	0.165017	100
65.5377	97.0297	0.0825083	100
65.5911	97.1122	0	100
65.5922	97.1122	0.165017	100
65.5967	97.1947	0.0825083	100
66.099	97.2772	0	100
66.1	97.2772	0.165017	100
66.1053	97.3597	0.0825083	100
69.6484	97.4422	0	100
69.6502	97.4835	0.0825083	100
70.3385	97.566	0	100
70.3458	97.566	0.165017	100
70.3738	97.6485	0.0825083	100
70.4854	97.731	0	100
70.4856	97.731	0.165017	100
70.4883	97.8135	0.0825083	100
72.8169	97.896	0	100
72.8183	97.9373	0.0825083	100
74.3986	98.0198	0	100
74.4058	98.0198	0.0825083	100
89.4685	98.1023	0	100
89.5029	98.1436	0.0825083	100
91.3685	98.2261	0	100
91.3695	98.2673	0.0825083	100
95.0047	98.3498	0	100
95.0168	98.3911	0.0825083	100
107.86	98.4736	0	100
107.863	98.5149	0.0825083	100
127.312	98.5974	0	100
127.324	98.5974	0.0825083	100
128.043	98.6799	0	100
128.099	98.6799	0.0825083	100
130.787	98.7624	0	100
130.816	98.8036	0.0825083	100
131.239	98.8861	0	100
131.247	98.8861	0.165017	100
131.258	98.9686	0.0825083	100
133.391	99.0512	0	100
133.414	99.0924	0.0825083	100
150.323	99.1749	0	100
150.34	99.2162	0.0825083	100
174.694	99.2987	0	100
174.705	99.3399	0.0825083	100
190.883	99.4224	0	100
190.888	99.4224	0.165017	100
190.9	99.505	0.0825083	100
204.291	99.5875	0	100
204.299	99.6287	0.0825083	100
216.222	99.7112	0	100
216.234	99.7525	0.0825083	100
338.484	99.835	0	100
338.531	99.835	0.165017	100
338.539	99.9175	0.0825083	100
