3.85353e-06	0	0	0
4.98648e-06	0	0	0
1.32915e-05	0	0	0
1.82322e-05	0	0	0
2.37653e-05	0	0	0
3.25378e-05	0	0	0
3.46649e-05	0	0	0
4.05602e-05	0	0	0
4.24382e-05	0	0	0
5.45641e-05	0	0	0
5.56302e-05	0	0	0
8.28745e-05	0	0	0
8.64425e-05	0	0	0
9.33334e-05	0	0	0
0.000108783	0	0	0
0.000119016	0	0	0
0.000122429	0	0	0
0.000126366	0	0	0
0.000132424	0	0	0
0.000139058	0	0	0
0.000147547	0	0	0
0.000154079	0	0	0
0.000159394	0	0	0
0.000165598	0	0	0
0.000174808	0	0	0
0.000202953	0	0	0
0.000215534	0	0	0
0.000222952	0	0	0
0.000228559	0	0	0
0.000236143	0	0	0
0.000248793	0	0	0
0.000250701	0	0	0
0.000257255	0	0	0
0.0002606	0	0	0
0.000263721	0	0	0
0.000294091	0	0	0
0.000296461	0	0	0
0.000343846	0	0	0
0.00037466	0	0	0
0.000379131	0	0	0
0.000386135	0	0	0
0.00039207	0	0	0
0.000393059	0	0	0
0.000413179	0	0	0
0.000413892	0	0	0
0.000418589	0	0	0
0.000435174	0	0	0
0.000435387	0	0	0
0.000439031	0	0	0
0.000446744	0	0	0
0.000456739	0	0	0
0.000459821	0	0	0
0.000460718	0	0	0
0.000472198	0	0	0
0.000481493	0	0	0
0.000493249	0	0	0
0.000524511	0	0	0
0.000538873	0	0	0
0.000557348	0	0	0
0.000561599	0	0	0
0.000570957	0	0	0
0.00057109	0	0	0
0.000575453	0	0	0
0.000577854	0	0	0
0.000583035	0	0	0
0.000599248	0	0	0
0.000611502	0	0	0
0.000614891	0	0	0
0.000615734	0	0	0
0.000616091	0	0	0
0.000633612	0	0	0
0.000639153	0	0	0
0.000643147	0	0	0
0.000662211	0	0	0
0.000667293	0	0	0
0.00067038	0	0	0
0.000699075	0	0	0
0.000700371	0	0	0
0.000707447	0	0	0
0.000731748	0	0	0
0.000743831	0	0	0
0.000753521	0	0	0
0.000755905	0	0	0
0.00075851	0	0	0
0.000771439	0	0	0
0.000779152	0	0	0
0.000780574	0	0	0
0.000803166	0	0	0
0.000803797	0	0	0
0.00080484	0	0	0
0.000825543	0	0	0
0.000828792	0	0	0
0.000832557	0	0	0
0.000849554	0	0	0
0.000863553	0	0	0
0.000864723	0	0	0
0.000899171	0	0	0
0.000914527	0	0	0
0.000918158	0	0	0
0.000965152	0	0	0
0.000976656	0	0	0
0.00099985	0	0	0
0.00100117	0	0	0
0.00100261	0	0	0
0.00100839	0	0	0
0.00101163	0	0	0
0.00101164	0	0	0
0.00101789	0	0	0
0.00101908	0	0	0
0.00104173	0	0	0
0.00104442	0	0	0
0.00104534	0	0	0
0.0010454	0	0	0
0.00105241	0	0	0
0.00105875	0	0	0
0.00106061	0	0	0
0.00109641	0	0	0
0.00110322	0	0	0
0.00110595	0	0	0
0.00110708	0	0	0
0.00110912	0	0	0
0.00112185	0	0	0
0.00114443	0	0	0
0.00114469	0	0	0
0.00114617	0	0	0
0.00114632	0	0	0
0.00114769	0	0	0
0.00116421	0	0	0
0.00116685	0	0	0
0.00117829	0	0	0
0.00118066	0	0	0
0.00118202	0	0	0
0.00118249	0	0	0
0.00118633	0	0	0
0.00118854	0	0	0
0.00118924	0	0	0
0.00118927	0	0	0
0.00119209	0	0	0
0.00120372	0	0	0
0.00120451	0	0	0
0.00122918	0	0	0
0.00123813	0	0	0
0.00124795	0	0	0
0.00125301	0	0	0
0.00126375	0	0	0
0.00127619	0	0	0
0.00127691	0	0	0
0.00128502	0	0	0
0.00128605	0	0	0
0.00129418	0	0	0
0.00130177	0	0	0
0.00132611	0	0	0
0.00133035	0	0	0
0.00133059	0	0	0
0.00135218	0	0	0
0.00136222	0	0	0
0.00136268	0	0	0
0.00136421	0	0	0
0.001372	0	0	0
0.00137723	0	0	0
0.00137775	0	0	0
0.00138325	0	0	0
0.00138593	0	0	0
0.00138696	0	0	0
0.00139943	0	0	0
0.001413	0	0	0
0.00141657	0	0	0
0.00142433	0	0	0
0.0014264	0	0	0
0.00142919	0	0	0
0.00143331	0	0	0
0.00145645	0	0	0
0.00145649	0	0	0
0.00147402	0	0	0
0.00147777	0	0	0
0.00148126	0	0	0
0.00148599	0	0	0
0.00150612	0	0	0
0.00152034	0	0	0
0.00152209	0	0	0
0.00152505	0	0	0
0.00152903	0	0	0
0.00154192	0	0	0
0.00154607	0	0	0
0.00156869	0	0	0
0.00157089	0	0	0
0.00158803	0	0	0
0.00159375	0	0	0
0.00161229	0	0	0
0.0016136	0	0	0
0.00162106	0	0	0
0.00162459	0	0	0
0.00163119	0	0	0
0.00163798	0	0	0
0.00164435	0	0	0
0.00164876	0	0	0
0.00165214	0	0	0
0.00165515	0	0	0
0.00165539	0	0	0
0.00168249	0	0	0
0.00168595	0	0	0
0.00168814	0	0	0
0.00169639	0	0	0
0.00169645	0	0	0
0.00170007	0	0	0
0.00170036	0	0	0
0.00170373	0	0	0
0.00171064	0	0	0
0.0017146	0	0	0
0.00172597	0	0	0
0.00173294	0	0	0
0.00173315	0	0	0
0.00174009	0	0	0
0.00174593	0	0	0
0.00174894	0	0	0
0.00175101	0	0	0
0.00175312	0	0	0
0.00176021	0	0	0
0.00176792	0	0	0
0.00177682	0	0	0
0.00177891	0	0	0
0.00178038	0	0	0
0.0017859	0	0	0
0.00179155	0	0	0
0.00179426	0	0	0
0.00179467	0	0	0
0.00179469	0	0	0
0.00181748	0	0	0
0.00182187	0	0	0
0.00182348	0	0	0
0.00183785	0	0	0
0.00184214	0	0	0
0.00184222	0	0	0
0.00184334	0	0	0
0.00185136	0	0	0
0.00186037	0	0	0
0.00186059	0	0	0
0.00186664	0	0	0
0.00187524	0	0	0
0.00188585	0	0	0
0.00188937	0	0	0
0.00190645	0	0	0
0.00193541	0	0	0
0.0019387	0	0	0
0.00194169	0	0	0
0.00195947	0	0	0
0.00196861	0	0	0
0.00197354	0	0	0
0.00198621	0	0	0
0.00200119	0	0	0
0.00200884	0	0	0
0.00205737	0	0	0
0.00206582	0	0	0
0.00206953	0	0	0
0.00207368	0	0	0
0.00207427	0	0	0
0.00208432	0	0	0
0.00209377	0	0	0
0.00209878	0	0	0
0.00210334	0	0	0
0.00211967	0	0	0
0.00213543	0	0	0
0.00214484	0	0	0
0.00214837	0	0	0
0.00215287	0	0	0
0.00217548	0	0	0
0.00218223	0	0	0
0.00219195	0	0	0
0.00219985	0	0	0
0.0022037	0	0	0
0.00221253	0	0	0
0.00222923	0	0	0
0.00223383	0	0	0
0.00223608	0	0	0
0.00224159	0	0	0
0.00226129	0	0	0
0.00230126	0	0	0
0.00230595	0	0	0
0.00230648	0	0	0
0.00231055	0	0	0
0.0023206	0	0	0
0.00232329	0	0	0
0.00232847	0	0	0
0.00233111	0	0	0
0.00233281	0	0	0
0.00236799	0	0	0
0.00237176	0	0	0
0.00238525	0	0	0
0.0023854	0	0	0
0.00240524	0	0	0
0.00241261	0	0	0
0.00242309	0	0	0
0.00242522	0	0	0
0.00242853	0	0	0
0.00244049	0	0	0
0.00247675	0	0	0
0.00250878	0	0	0
0.00250919	0	0	0
0.00251054	0	0	0
0.00251546	0	0	0
0.00252064	0	0	0
0.00252757	0	0	0
0.00252835	0	0	0
0.00252876	0	0	0
0.00254996	0	0	0
0.00255592	0	0	0
0.00255848	0	0	0
0.0025658	0	0	0
0.00256794	0	0	0
0.00256897	0	0	0
0.00258029	0	0	0
0.00258772	0	0	0
0.00259301	0	0	0
0.0025985	0	0	0
0.00260865	0	0	0
0.0026327	0	0	0
0.00265326	0	0	0
0.00266164	0	0	0
0.0026643	0	0	0
0.00266936	0	0	0
0.00268399	0	0	0
0.00268403	0	0	0
0.00268671	0	0	0
0.00270103	0	0	0
0.00278069	0	0	0
0.00278369	0	0	0
0.00278535	0	0	0
0.00278547	0	0	0
0.00279625	0	0	0
0.00279669	0	0	0
0.00280899	0	0	0
0.00280974	0	0	0
0.00281381	0	0	0
0.0028372	0	0	0
0.00284516	0	0	0
0.00285277	0	0	0
0.00287141	0	0	0
0.00288692	0	0	0
0.00290206	0	0	0
0.00290953	0	0	0
0.00293265	0	0	0
0.00294162	0	0	0
0.00294892	0	0	0
0.00298613	0	0	0
0.00304359	0	0	0
0.00309079	0	0	0
0.00313151	0	0	0
0.00315484	0	0	0
0.00321648	0	0	0
0.00325369	0	0	0
0.00330466	0	0	0
0.00332464	0	0	0
0.00337804	0	0	0
0.00337994	0	0	0
0.00338067	0	0	0
0.00339961	0	0	0
0.00341541	0	0	0
0.00342681	0	0	0
0.00345231	0	0	0
0.0035362	0	0	0
0.00357475	0	0	0
0.00358349	0	0	0
0.00360861	0	0	0
0.00361631	0	0	0
0.00364258	0	0	0
0.00364764	0	0	0
0.00366557	0	0	0
0.00366558	0	0	0
0.0037087	0	0	0
0.00371403	0	0	0
0.00371491	0	0	0
0.00379148	0	0	0
0.00379472	0	0	0
0.00386732	0	0	0
0.0039203	0	0	0
0.00392392	0	0	0
0.00398075	0	0	0
0.00409865	0	0	0
0.0041808	0	0	0
0.00419683	0	0	0
0.00436276	0	0	0
0.004976	0	0	0
0.0051682	0	0	0
0.00525343	0	0	0
0.00538015	0	0	0
0.00585593	0	0	0
0.00592116	0	0	0
0.00605097	0	0	0
0.00621066	0	0	0
0.00632607	0	0	0
0.00634339	0	0	0
0.00645267	0	0	0
0.00655859	0	0	0
0.00663251	0	0	0
0.00708213	0	0	0
0.00726587	0	0	0
0.00787699	0	0	0
0.00955511	0	0	0
0.0198567	0	0	0
0.0287598	0	0	0
0.0332703	0.0412541	0.0825083	0
0.0658435	0.123762	0	0
0.0671247	0.123762	0.0825083	0
0.0686602	0.206271	0	0
0.0727402	0.247525	0.0825083	0
0.0845485	0.330033	0	0
0.0858298	0.371287	0.0825083	0
0.0926076	0.453795	0	0
0.0930364	0.49505	0.0825083	0
0.0936447	0.577558	0	0
0.129487	0.577558	0	0
0.141018	0.577558	0	0
0.182414	0.577558	0	0
0.183957	0.577558	0	0
0.217358	0.577558	0	0
0.219115	0.577558	0	0
0.252075	0.577558	0	0
0.255532	0.618812	0.0825083	0
0.284362	0.70132	0	0
0.284657	0.70132	0.0825083	0
0.284809	0.783828	0	0
0.287463	0.783828	0.165017	0
0.289851	0.866337	0.0825083	0
0.326	0.948845	0	0
0.326808	0.990099	0.0825083	0
0.328556	1.07261	0	0
0.330123	1.07261	0	0
0.330676	1.11386	0.0825083	0
0.335666	1.19637	0	0
0.337071	1.23762	0.0825083	0
0.344973	1.32013	0	0
0.345055	1.36139	0.0825083	0
0.347982	1.44389	0	0
0.349792	1.44389	0.165017	0
0.3512	1.5264	0.0825083	0
0.373252	1.60891	0	0
0.376674	1.60891	0	0
0.394948	1.60891	0	0.271739
0.398837	1.60891	0	0.543478
0.401103	1.60891	0.165017	0.543478
0.401522	1.69142	0.0825083	0.543478
0.433456	1.77393	0	0.543478
0.434566	1.81518	0.0825083	0.543478
0.458234	1.89769	0	0.543478
0.469131	1.89769	0	0.543478
0.469545	1.93894	0.0825083	0.543478
0.522991	2.02145	0	0.543478
0.523844	2.02145	0.165017	0.543478
0.525307	2.10396	0.0825083	0.543478
0.535089	2.18647	0	0.543478
0.548483	2.18647	0	0.543478
0.567289	2.18647	0	0.815217
0.5722	2.18647	0.0825083	0.815217
0.582946	2.26898	0	0.815217
0.583937	2.31023	0.0825083	0.815217
0.652546	2.39274	0	0.815217
0.670996	2.39274	0	1.08696
0.671344	2.39274	0.0825083	1.08696
0.678098	2.47525	0	1.08696
0.697321	2.47525	0	1.08696
0.699256	2.47525	0.0825083	1.08696
0.702762	2.55776	0	1.08696
0.70508	2.59901	0.0825083	1.08696
0.705487	2.59901	0.165017	1.08696
0.705852	2.68152	0.0825083	1.08696
0.708644	2.76403	0	1.08696
0.7095	2.76403	0.165017	1.08696
0.709773	2.84653	0.0825083	1.08696
0.760868	2.92904	0	1.08696
0.760968	2.92904	0.165017	1.08696
0.761513	3.01155	0.0825083	1.08696
0.806693	3.09406	0	1.08696
0.855094	3.09406	0	1.08696
0.857154	3.09406	0.0825083	1.08696
0.871939	3.17657	0	1.08696
0.879746	3.17657	0	1.3587
0.902059	3.17657	0	1.63043
0.923734	3.17657	0	1.63043
0.924079	3.17657	0.165017	1.63043
0.924498	3.25908	0.0825083	1.63043
0.948952	3.34158	0	1.63043
0.960044	3.34158	0	1.63043
0.960683	3.38284	0.0825083	1.63043
0.977646	3.46535	0	1.63043
1.0052	3.46535	0	1.63043
1.01394	3.46535	0	1.90217
1.02332	3.46535	0	2.17391
1.02343	3.5066	0.0825083	2.17391
1.04579	3.58911	0	2.17391
1.06419	3.58911	0	2.17391
1.06429	3.63036	0.0825083	2.17391
1.07114	3.71287	0	2.17391
1.07379	3.71287	0.165017	2.17391
1.07833	3.79538	0.0825083	2.17391
1.10539	3.87789	0	2.17391
1.10744	3.87789	0	2.17391
1.10909	3.87789	0.165017	2.17391
1.11067	3.9604	0.0825083	2.17391
1.11422	4.0429	0	2.17391
1.11577	4.0429	0.165017	2.17391
1.11703	4.12541	0.0825083	2.17391
1.11789	4.12541	0.247525	2.17391
1.11885	4.20792	0.165017	2.17391
1.1198	4.29043	0.0825083	2.17391
1.13395	4.37294	0	2.17391
1.13448	4.37294	0.0825083	2.17391
1.14049	4.45545	0	2.17391
1.14438	4.45545	0	2.44565
1.14544	4.45545	0.165017	2.44565
1.14703	4.53795	0.0825083	2.44565
1.15395	4.62046	0	2.44565
1.16352	4.62046	0	2.71739
1.19069	4.62046	0	2.71739
1.20861	4.62046	0	2.71739
1.21534	4.62046	0.0825083	2.71739
1.22527	4.70297	0	2.71739
1.22997	4.74422	0.0825083	2.71739
1.27666	4.82673	0	2.71739
1.27785	4.82673	0.0825083	2.71739
1.27792	4.82673	0.0825083	2.71739
1.2979	4.90924	0	2.71739
1.29829	4.90924	0	2.71739
1.31653	4.90924	0	2.71739
1.32048	4.9505	0.0825083	2.71739
1.32338	5.033	0	2.71739
1.32478	5.07426	0.0825083	2.71739
1.32718	5.15677	0	2.71739
1.32733	5.15677	0.165017	2.71739
1.32927	5.23927	0.0825083	2.71739
1.36916	5.32178	0	2.71739
1.36968	5.36304	0.0825083	2.71739
1.38424	5.44554	0	2.71739
1.39716	5.44554	0	2.71739
1.4016	5.44554	0.0825083	2.71739
1.41789	5.52805	0	2.71739
1.41847	5.56931	0.0825083	2.71739
1.47818	5.65182	0	2.71739
1.54959	5.65182	0	2.98913
1.55786	5.65182	0	2.98913
1.56077	5.65182	0	3.26087
1.56823	5.65182	0.165017	3.26087
1.57408	5.73432	0.0825083	3.26087
1.58474	5.81683	0	3.26087
1.58731	5.81683	0.0825083	3.26087
1.58737	5.89934	0	3.26087
1.59273	5.89934	0	3.26087
1.59727	5.94059	0.0825083	3.26087
1.61403	6.0231	0	3.26087
1.6143	6.0231	0.0825083	3.26087
1.61479	6.0231	0.0825083	3.26087
1.61498	6.10561	0	3.26087
1.61691	6.10561	0	3.26087
1.61761	6.10561	0	3.53261
1.61816	6.10561	0	3.53261
1.62431	6.10561	0	3.53261
1.63787	6.10561	0	3.53261
1.63819	6.10561	0	3.53261
1.64451	6.10561	0	3.53261
1.67668	6.10561	0	3.80435
1.68	6.14686	0.0825083	3.80435
1.71423	6.22937	0	3.80435
1.72957	6.22937	0	4.07609
1.77324	6.22937	0	4.34783
1.77411	6.22937	0.165017	4.34783
1.77418	6.31188	0.0825083	4.34783
1.79503	6.39439	0	4.34783
1.79541	6.39439	0.0825083	4.34783
1.82501	6.4769	0	4.34783
1.85125	6.4769	0	4.34783
1.8747	6.4769	0	4.34783
1.88318	6.4769	0	4.61957
1.88393	6.4769	0.165017	4.61957
1.88417	6.55941	0.0825083	4.61957
1.88535	6.64191	0	4.61957
1.89184	6.64191	0	4.8913
1.89225	6.64191	0.165017	4.8913
1.89497	6.72442	0.0825083	4.8913
1.91373	6.80693	0	4.8913
1.91459	6.80693	0.165017	4.8913
1.91614	6.88944	0.0825083	4.8913
1.91622	6.88944	0.165017	4.8913
1.91724	6.97195	0.0825083	4.8913
1.9215	6.97195	0.0825083	4.8913
1.92439	7.05446	0	4.8913
1.92526	7.09571	0.0825083	4.8913
1.93858	7.17822	0	4.8913
1.97143	7.17822	0	4.8913
1.97166	7.17822	0.165017	4.8913
1.97345	7.26073	0.0825083	4.8913
1.98291	7.34323	0	4.8913
1.98666	7.34323	0.0825083	4.8913
2.00977	7.42574	0	4.8913
2.01259	7.467	0.0825083	4.8913
2.03913	7.5495	0	4.8913
2.04	7.59076	0.0825083	4.8913
2.09675	7.67327	0	4.8913
2.10175	7.67327	0.0825083	4.8913
2.11767	7.75578	0	4.8913
2.12459	7.75578	0	4.8913
2.13284	7.75578	0	5.16304
2.13394	7.75578	0.165017	5.16304
2.13476	7.83828	0.0825083	5.16304
2.14025	7.92079	0	5.16304
2.14363	7.92079	0	5.16304
2.15388	7.92079	0	5.16304
2.15476	7.96205	0.0825083	5.16304
2.21108	8.04455	0	5.16304
2.2214	8.04455	0	5.43478
2.25086	8.04455	0	5.70652
2.25206	8.04455	0	5.70652
2.25259	8.08581	0.0825083	5.70652
2.25657	8.16832	0	5.70652
2.27848	8.16832	0	5.70652
2.28836	8.16832	0	5.70652
2.3243	8.16832	0	5.97826
2.34765	8.16832	0	5.97826
2.3722	8.16832	0	5.97826
2.37535	8.20957	0.0825083	5.97826
2.38003	8.29208	0	5.97826
2.38201	8.33333	0.0825083	5.97826
2.40811	8.41584	0	5.97826
2.40823	8.41584	0.165017	5.97826
2.40847	8.49835	0.0825083	5.97826
2.42913	8.58086	0	5.97826
2.42996	8.58086	0.0825083	5.97826
2.4393	8.66337	0	5.97826
2.4397	8.66337	0.165017	5.97826
2.44005	8.74587	0.0825083	5.97826
2.44472	8.82838	0	5.97826
2.45335	8.82838	0	5.97826
2.47824	8.82838	0	5.97826
2.48017	8.82838	0	6.25
2.54383	8.82838	0	6.25
2.54422	8.82838	0.165017	6.25
2.54754	8.91089	0.0825083	6.25
2.55518	8.9934	0	6.25
2.55704	9.03465	0.0825083	6.25
2.58615	9.11716	0	6.25
2.58909	9.11716	0.0825083	6.25
2.59497	9.19967	0	6.25
2.59606	9.24092	0.0825083	6.25
2.62598	9.32343	0	6.25
2.62675	9.36469	0.0825083	6.25
2.62988	9.4472	0	6.25
2.63036	9.48845	0.0825083	6.25
2.63939	9.57096	0	6.25
2.67259	9.57096	0	6.52174
2.67906	9.57096	0	6.79348
2.68146	9.61221	0.0825083	6.79348
2.68584	9.69472	0	6.79348
2.72983	9.69472	0	6.79348
2.72984	9.73597	0.0825083	6.79348
2.7313	9.81848	0	6.79348
2.78301	9.81848	0	7.06522
2.7861	9.81848	0	7.06522
2.78944	9.85974	0.0825083	7.06522
2.79385	9.94224	0	7.06522
2.82552	9.94224	0	7.33696
2.82593	9.94224	0.0825083	7.33696
2.83435	10.0248	0	7.33696
2.83472	10.0248	0.0825083	7.33696
2.84704	10.1073	0	7.33696
2.84929	10.1485	0.0825083	7.33696
2.8609	10.231	0	7.33696
2.87277	10.231	0	7.6087
2.89732	10.231	0	7.6087
2.89946	10.231	0.165017	7.6087
2.89997	10.3135	0.0825083	7.6087
2.95039	10.396	0	7.6087
2.96027	10.396	0	7.88043
2.96048	10.396	0.0825083	7.88043
2.96304	10.4785	0	7.88043
2.99684	10.4785	0	7.88043
3.00546	10.4785	0	8.42391
3.02093	10.4785	0	8.42391
3.02583	10.5198	0.0825083	8.42391
3.02665	10.6023	0	8.42391
3.02905	10.6023	0	8.42391
3.03672	10.6023	0	8.42391
3.03744	10.6436	0.0825083	8.42391
3.06219	10.7261	0	8.42391
3.09233	10.7261	0	8.42391
3.09471	10.7673	0.0825083	8.42391
3.112	10.8498	0	8.42391
3.11235	10.8911	0.0825083	8.42391
3.11328	10.9736	0	8.42391
3.11417	10.9736	0.165017	8.42391
3.11545	11.0561	0.0825083	8.42391
3.12807	11.1386	0	8.42391
3.12841	11.1386	0.0825083	8.42391
3.13043	11.2211	0	8.42391
3.13043	11.2211	0.165017	8.42391
3.13063	11.2624	0.247525	8.42391
3.13067	11.3449	0.165017	8.42391
3.13231	11.4274	0.0825083	8.42391
3.13274	11.5099	0	8.42391
3.13313	11.5512	0.0825083	8.42391
3.20681	11.6337	0	8.42391
3.20693	11.6337	0.165017	8.42391
3.20887	11.7162	0.0825083	8.42391
3.22674	11.7987	0	8.42391
3.22725	11.8399	0.0825083	8.42391
3.24572	11.9224	0	8.42391
3.284	11.9224	0	8.42391
3.28986	11.9224	0	8.69565
3.29013	11.9637	0.0825083	8.69565
3.30645	12.0462	0	8.69565
3.30859	12.0462	0.0825083	8.69565
3.31714	12.1287	0	8.69565
3.31859	12.1287	0.0825083	8.69565
3.39274	12.2112	0	8.69565
3.43596	12.2112	0	8.69565
3.45052	12.2112	0	8.96739
3.45079	12.2525	0.0825083	8.96739
3.49976	12.335	0	8.96739
3.50167	12.3762	0.0825083	8.96739
3.58047	12.4587	0	8.96739
3.58076	12.4587	0.0825083	8.96739
3.60049	12.5413	0	8.96739
3.60126	12.5825	0.0825083	8.96739
3.61203	12.665	0	8.96739
3.61607	12.7063	0.0825083	8.96739
3.6356	12.7888	0	8.96739
3.63658	12.7888	0	9.51087
3.65521	12.7888	0	9.78261
3.65874	12.7888	0	9.78261
3.70302	12.7888	0	9.78261
3.70802	12.7888	0.0825083	9.78261
3.71674	12.8713	0	9.78261
3.77808	12.8713	0	9.78261
3.81737	12.8713	0	10.0543
3.81973	12.8713	0.0825083	10.0543
3.83603	12.9538	0	10.0543
3.86114	12.9538	0	10.3261
3.86146	12.995	0.0825083	10.3261
3.86643	13.0363	0.165017	10.3261
3.86653	13.1188	0.0825083	10.3261
3.88045	13.2013	0	10.3261
3.9189	13.2013	0	10.8696
3.92139	13.2013	0.0825083	10.8696
3.94451	13.2838	0	10.8696
3.94523	13.3251	0.0825083	10.8696
3.94626	13.3251	0.165017	10.8696
3.94674	13.4076	0.0825083	10.8696
3.94903	13.4901	0	10.8696
3.94956	13.5314	0.0825083	10.8696
3.96	13.6139	0	10.8696
3.9649	13.6139	0.165017	10.8696
3.96543	13.6964	0.0825083	10.8696
3.97806	13.7789	0	10.8696
3.97972	13.8201	0.0825083	10.8696
4.01787	13.9026	0	10.8696
4.02148	13.9439	0.0825083	10.8696
4.02836	14.0264	0	10.8696
4.02841	14.0264	0.0825083	10.8696
4.08526	14.1089	0	10.8696
4.08554	14.1502	0.0825083	10.8696
4.08711	14.2327	0	10.8696
4.0873	14.2739	0.0825083	10.8696
4.08757	14.3564	0	10.8696
4.2743	14.3564	0	10.8696
4.27598	14.3564	0.165017	10.8696
4.2763	14.4389	0.0825083	10.8696
4.27768	14.5215	0	10.8696
4.30443	14.5215	0	11.1413
4.30478	14.5627	0.0825083	11.1413
4.31553	14.6452	0	11.1413
4.3164	14.6865	0.0825083	11.1413
4.34647	14.769	0	11.1413
4.34847	14.769	0	11.1413
4.3521	14.8102	0.0825083	11.1413
4.42981	14.8927	0	11.1413
4.43265	14.8927	0	11.1413
4.45558	14.8927	0	11.1413
4.45587	14.934	0.0825083	11.1413
4.49294	15.0165	0	11.1413
4.5399	15.0165	0	11.413
4.54868	15.0165	0	11.413
4.54903	15.0578	0.0825083	11.413
4.5602	15.1403	0	11.413
4.56171	15.1403	0.165017	11.413
4.56323	15.2228	0.0825083	11.413
4.5729	15.3053	0	11.413
4.57838	15.3053	0.0825083	11.413
4.58975	15.3878	0	11.413
4.60088	15.3878	0	11.413
4.60106	15.429	0.0825083	11.413
4.65167	15.5116	0	11.413
4.65237	15.5528	0.0825083	11.413
4.82172	15.6353	0	11.413
4.86708	15.6353	0	11.413
4.86857	15.6766	0.0825083	11.413
4.91422	15.7591	0	11.413
4.91512	15.7591	0.165017	11.413
4.91692	15.8416	0.0825083	11.413
4.92863	15.9241	0	11.413
4.98814	15.9241	0	11.6848
5.01829	15.9241	0	11.6848
5.01945	15.9653	0.0825083	11.6848
5.03259	16.0479	0	11.6848
5.0345	16.0891	0.0825083	11.6848
5.04183	16.1716	0	11.6848
5.04259	16.2129	0.0825083	11.6848
5.08968	16.2954	0	11.6848
5.09054	16.2954	0.165017	11.6848
5.09076	16.3779	0.0825083	11.6848
5.154	16.4604	0	11.6848
5.15815	16.5016	0.0825083	11.6848
5.1612	16.5842	0	11.6848
5.16573	16.6254	0.0825083	11.6848
5.18888	16.7079	0	11.6848
5.19237	16.7492	0.0825083	11.6848
5.19916	16.8317	0	11.6848
5.20101	16.8317	0.0825083	11.6848
5.20458	16.9142	0	11.6848
5.20537	16.9554	0.0825083	11.6848
5.25969	17.038	0	11.6848
5.26082	17.0792	0.0825083	11.6848
5.27572	17.1617	0	11.6848
5.2816	17.203	0.0825083	11.6848
5.28782	17.2855	0	11.6848
5.28808	17.2855	0.0825083	11.6848
5.32006	17.368	0	11.6848
5.32042	17.4092	0.0825083	11.6848
5.32932	17.4917	0	11.6848
5.37385	17.4917	0	11.9565
5.39803	17.4917	0	12.2283
5.39985	17.4917	0.0825083	12.2283
5.44902	17.5743	0	12.2283
5.48616	17.5743	0	12.7717
5.4865	17.6155	0.0825083	12.7717
5.56541	17.698	0	12.7717
5.56593	17.698	0.0825083	12.7717
5.59243	17.7805	0	12.7717
5.64982	17.7805	0	13.0435
5.6541	17.7805	0	13.0435
5.65838	17.7805	0.165017	13.0435
5.65955	17.863	0.0825083	13.0435
5.66626	17.9455	0	13.0435
5.66693	17.9868	0.0825083	13.0435
5.67563	18.0693	0	13.0435
5.68084	18.1106	0.0825083	13.0435
5.70946	18.1931	0	13.0435
5.72504	18.1931	0	13.3152
5.76784	18.1931	0	13.587
5.76888	18.2343	0.0825083	13.587
5.78141	18.3168	0	13.587
5.78217	18.3581	0.0825083	13.587
5.80206	18.4406	0	13.587
5.8025	18.4818	0.0825083	13.587
5.82231	18.5644	0	13.587
5.86436	18.5644	0	13.587
5.86586	18.6056	0.0825083	13.587
5.88955	18.6881	0	13.587
5.95059	18.6881	0	13.587
5.95103	18.6881	0	13.8587
5.95188	18.6881	0.165017	13.8587
5.95218	18.7706	0.0825083	13.8587
5.95948	18.8531	0	13.8587
5.96046	18.8944	0.0825083	13.8587
5.97164	18.9769	0	13.8587
5.97191	19.0182	0.0825083	13.8587
6.00764	19.1007	0	13.8587
6.04609	19.1007	0	14.1304
6.04634	19.1007	0.165017	14.1304
6.04776	19.1832	0.0825083	14.1304
6.084	19.2657	0	14.1304
6.08535	19.2657	0.165017	14.1304
6.08557	19.3482	0.0825083	14.1304
6.11976	19.4307	0	14.1304
6.1206	19.4719	0.0825083	14.1304
6.15401	19.5545	0	14.1304
6.22353	19.5545	0	14.1304
6.22781	19.5545	0.0825083	14.1304
6.30515	19.637	0	14.1304
6.30646	19.637	0.165017	14.1304
6.30786	19.7195	0.0825083	14.1304
6.35321	19.802	0	14.1304
6.35363	19.8432	0.0825083	14.1304
6.36834	19.9257	0	14.1304
6.3718	19.967	0.0825083	14.1304
6.40654	20.0495	0	14.1304
6.40673	20.0908	0.0825083	14.1304
6.43796	20.1733	0	14.1304
6.50587	20.1733	0	14.4022
6.57652	20.1733	0	14.6739
6.57973	20.1733	0.165017	14.6739
6.58021	20.2558	0.0825083	14.6739
6.63449	20.3383	0	14.6739
6.63453	20.3795	0.0825083	14.6739
6.69751	20.462	0	14.6739
6.73674	20.462	0	14.9457
6.78311	20.462	0	14.9457
6.79088	20.5033	0.0825083	14.9457
6.81377	20.5858	0	14.9457
6.81413	20.6271	0.0825083	14.9457
6.88674	20.7096	0	14.9457
6.94746	20.7096	0	14.9457
7.056	20.7096	0	14.9457
7.05813	20.7508	0.0825083	14.9457
7.09046	20.8333	0	14.9457
7.15989	20.8333	0	15.2174
7.1604	20.8333	0.165017	15.2174
7.16065	20.9158	0.0825083	15.2174
7.16383	20.9984	0	15.2174
7.16436	21.0396	0.0825083	15.2174
7.2165	21.1221	0	15.2174
7.22269	21.1634	0.0825083	15.2174
7.26165	21.2459	0	15.2174
7.26274	21.2871	0.0825083	15.2174
7.3003	21.3696	0	15.2174
7.30385	21.3696	0.165017	15.2174
7.30408	21.4521	0.0825083	15.2174
7.36602	21.5347	0	15.2174
7.40118	21.5347	0	15.2174
7.40262	21.5347	0	15.2174
7.45171	21.5347	0	15.4891
7.52435	21.5347	0	15.7609
7.52654	21.5759	0.0825083	15.7609
7.54053	21.6584	0	15.7609
7.54061	21.6997	0.0825083	15.7609
7.56875	21.7822	0	15.7609
7.56888	21.8234	0.0825083	15.7609
7.59223	21.9059	0	15.7609
7.59243	21.9472	0.0825083	15.7609
7.61659	22.0297	0	15.7609
7.61683	22.071	0.0825083	15.7609
7.61738	22.071	0.247525	15.7609
7.61743	22.1535	0.165017	15.7609
7.61854	22.236	0.0825083	15.7609
7.72443	22.3185	0	15.7609
7.72513	22.3597	0.0825083	15.7609
7.7261	22.4422	0	15.7609
7.76081	22.4422	0	15.7609
7.76356	22.4835	0.0825083	15.7609
7.81424	22.566	0	15.7609
7.83286	22.566	0	16.0326
7.83402	22.6073	0.0825083	16.0326
7.84733	22.6898	0	16.0326
7.84795	22.731	0.0825083	16.0326
7.86758	22.8135	0	16.0326
7.97651	22.8135	0	16.0326
7.98044	22.8548	0.0825083	16.0326
8.00324	22.9373	0	16.0326
8.00415	22.9373	0	16.3043
8.00478	22.9785	0.0825083	16.3043
8.08586	23.0611	0	16.3043
8.08747	23.1023	0.0825083	16.3043
8.10995	23.1848	0	16.3043
8.1263	23.1848	0	16.3043
8.1351	23.1848	0	16.8478
8.13581	23.1848	0.165017	16.8478
8.13615	23.2673	0.0825083	16.8478
8.1559	23.3498	0	16.8478
8.20279	23.3498	0	17.1196
8.20303	23.3911	0.0825083	17.1196
8.24819	23.4736	0	17.1196
8.28142	23.4736	0	17.3913
8.28259	23.5149	0.0825083	17.3913
8.29849	23.5974	0	17.3913
8.30381	23.6386	0.0825083	17.3913
8.34004	23.7211	0	17.3913
8.39911	23.7211	0	17.663
8.40787	23.7211	0	17.663
8.40878	23.7211	0.165017	17.663
8.40984	23.7624	0.247525	17.663
8.41059	23.8449	0.165017	17.663
8.41124	23.9274	0.0825083	17.663
8.4292	24.0099	0	17.663
8.43139	24.0512	0.0825083	17.663
8.43836	24.1337	0	17.663
8.43843	24.1749	0.0825083	17.663
8.46771	24.2574	0	17.663
8.46775	24.2987	0.0825083	17.663
8.49464	24.3812	0	17.663
8.5087	24.3812	0	17.663
8.50957	24.4224	0.0825083	17.663
8.52263	24.5049	0	17.663
8.52756	24.5049	0.0825083	17.663
8.54452	24.5875	0	17.663
8.54647	24.6287	0.0825083	17.663
8.55957	24.7112	0	17.663
8.56037	24.7112	0.165017	17.663
8.56146	24.7937	0.0825083	17.663
8.57853	24.8762	0	17.663
8.61987	24.8762	0	17.663
8.62076	24.9175	0.0825083	17.663
8.65754	25	0	17.663
8.69565	25	0	17.663
8.69624	25	0.0825083	17.663
8.78025	25.0825	0	17.663
8.78205	25.1238	0.0825083	17.663
8.78272	25.165	0.165017	17.663
8.79246	25.2475	0.0825083	17.663
9.11692	25.33	0	17.663
9.15534	25.33	0	17.663
9.15675	25.33	0.0825083	17.663
9.19816	25.4125	0	17.663
9.19894	25.4125	0.165017	17.663
9.1994	25.4951	0.0825083	17.663
9.20236	25.5776	0	17.663
9.2028	25.5776	0.165017	17.663
9.20308	25.6601	0.0825083	17.663
9.32176	25.7426	0	17.663
9.32453	25.7838	0.0825083	17.663
9.41468	25.8663	0	17.663
9.41625	25.9076	0.0825083	17.663
9.44577	25.9901	0	17.663
9.46389	25.9901	0	17.663
9.46507	25.9901	0.165017	17.663
9.46662	26.0726	0.0825083	17.663
9.52392	26.1551	0	17.663
9.52622	26.1964	0.0825083	17.663
9.54789	26.2789	0	17.663
9.54832	26.2789	0.165017	17.663
9.55341	26.3614	0.0825083	17.663
9.57312	26.4439	0	17.663
9.66472	26.4439	0	17.9348
9.66485	26.4851	0.0825083	17.9348
9.66804	26.5677	0	17.9348
9.66816	26.5677	0.0825083	17.9348
9.76811	26.6502	0	17.9348
9.76824	26.6914	0.0825083	17.9348
9.77914	26.7739	0	17.9348
9.78171	26.8152	0.0825083	17.9348
9.84453	26.8977	0	17.9348
9.84496	26.9389	0.0825083	17.9348
9.89824	27.0215	0	17.9348
9.89862	27.0215	0.165017	17.9348
9.90337	27.104	0.0825083	17.9348
9.91418	27.1865	0	17.9348
9.91435	27.2277	0.0825083	17.9348
9.93697	27.3102	0	17.9348
9.93812	27.3102	0.0825083	17.9348
9.96671	27.3927	0	17.9348
10.0054	27.3927	0	17.9348
10.0055	27.3927	0.165017	17.9348
10.0129	27.4752	0.0825083	17.9348
10.0425	27.5578	0	17.9348
10.0431	27.5578	0.165017	17.9348
10.0457	27.6403	0.0825083	17.9348
10.1296	27.7228	0	17.9348
10.1307	27.7228	0.0825083	17.9348
10.1516	27.8053	0	17.9348
10.2301	27.8053	0	18.2065
10.2318	27.8053	0.0825083	18.2065
10.2859	27.8878	0	18.2065
10.2869	27.929	0.0825083	18.2065
10.3527	28.0116	0	18.2065
10.402	28.0116	0	18.4783
10.4025	28.0528	0.0825083	18.4783
10.6189	28.1353	0	18.4783
10.6198	28.1353	0.165017	18.4783
10.6223	28.2178	0.0825083	18.4783
10.7507	28.3003	0	18.4783
10.7523	28.3416	0.0825083	18.4783
10.8211	28.4241	0	18.4783
10.8229	28.4653	0.0825083	18.4783
10.8961	28.5479	0	18.4783
10.8992	28.5891	0.0825083	18.4783
10.9812	28.6716	0	18.4783
10.9838	28.7129	0.0825083	18.4783
10.9861	28.7954	0	18.4783
11.1269	28.7954	0	19.0217
11.1279	28.7954	0.165017	19.0217
11.1289	28.8779	0.0825083	19.0217
11.1879	28.9604	0	19.0217
11.376	28.9604	0	19.2935
11.3785	29.0016	0.0825083	19.2935
11.3878	29.0842	0	19.2935
11.3883	29.1254	0.0825083	19.2935
11.4453	29.2079	0	19.2935
11.449	29.2492	0.0825083	19.2935
11.5165	29.3317	0	19.2935
11.5167	29.3317	0.165017	19.2935
11.5171	29.4142	0.0825083	19.2935
11.586	29.4967	0	19.2935
11.5949	29.4967	0	19.5652
11.5953	29.4967	0.165017	19.5652
11.6016	29.5792	0.0825083	19.5652
11.6366	29.6617	0	19.5652
11.6367	29.703	0.0825083	19.5652
11.6911	29.7855	0	19.5652
11.6911	29.8267	0.0825083	19.5652
11.7233	29.9092	0	19.5652
11.7264	29.9092	0.0825083	19.5652
11.7714	29.9917	0	19.5652
11.783	29.9917	0	19.837
11.7837	30.033	0.0825083	19.837
11.8528	30.1155	0	19.837
11.8568	30.1568	0.0825083	19.837
11.8656	30.2393	0	19.837
11.9222	30.2393	0	19.837
11.928	30.2393	0	20.1087
11.9325	30.2393	0	20.3804
11.9328	30.2805	0.0825083	20.3804
11.9896	30.363	0	20.3804
11.9896	30.363	0.165017	20.3804
11.9917	30.4455	0.0825083	20.3804
11.9977	30.5281	0	20.3804
11.9982	30.5693	0.0825083	20.3804
12.0881	30.6518	0	20.3804
12.2539	30.6518	0	20.3804
12.2546	30.6518	0.0825083	20.3804
12.4488	30.7343	0	20.3804
12.4499	30.7756	0.0825083	20.3804
12.4587	30.8581	0	20.3804
12.4588	30.8993	0.0825083	20.3804
12.4961	30.9818	0	20.3804
12.4973	30.9818	0.165017	20.3804
12.4977	31.0644	0.0825083	20.3804
12.5264	31.1469	0	20.3804
12.5856	31.1469	0	20.9239
12.5867	31.1469	0.165017	20.9239
12.595	31.2294	0.0825083	20.9239
12.6312	31.3119	0	20.9239
12.6317	31.3119	0.165017	20.9239
12.632	31.3944	0.0825083	20.9239
12.6991	31.4769	0	20.9239
12.6992	31.4769	0.165017	20.9239
12.7012	31.5594	0.0825083	20.9239
12.7277	31.6419	0	20.9239
12.7433	31.6419	0	21.4674
12.7443	31.6832	0.0825083	21.4674
12.9026	31.7657	0	21.4674
12.9158	31.8069	0.0825083	21.4674
13.0254	31.8894	0	21.4674
13.0269	31.9307	0.0825083	21.4674
13.1092	32.0132	0	21.4674
13.1138	32.0545	0.0825083	21.4674
13.5495	32.137	0	21.4674
13.5509	32.137	0.0825083	21.4674
13.5963	32.2195	0	21.4674
14.0199	32.2195	0	21.7391
14.0952	32.2195	0	22.2826
14.0963	32.2607	0.0825083	22.2826
14.2157	32.3432	0	22.2826
14.2157	32.3432	0.0825083	22.2826
14.2738	32.4257	0	22.2826
14.2741	32.4257	0.165017	22.2826
14.2756	32.5083	0.0825083	22.2826
14.3595	32.5908	0	22.2826
14.3768	32.5908	0	22.8261
14.3786	32.632	0.0825083	22.8261
14.3791	32.632	0.247525	22.8261
14.3803	32.7145	0.165017	22.8261
14.3824	32.797	0.0825083	22.8261
14.3839	32.8383	0.165017	22.8261
14.3881	32.9208	0.0825083	22.8261
14.8638	33.0033	0	22.8261
14.8918	33.0033	0	23.3696
14.8921	33.0446	0.0825083	23.3696
14.9129	33.1271	0	23.3696
14.9184	33.1683	0.0825083	23.3696
14.9301	33.2508	0	23.3696
14.9354	33.2921	0.0825083	23.3696
14.9359	33.3333	0.165017	23.3696
14.9402	33.4158	0.0825083	23.3696
14.9412	33.4983	0	23.3696
14.9839	33.4983	0	23.6413
14.9845	33.5396	0.0825083	23.6413
15.0755	33.6221	0	23.6413
15.0766	33.6634	0.0825083	23.6413
15.0984	33.7459	0	23.6413
15.1004	33.7871	0.0825083	23.6413
15.1021	33.8696	0	23.6413
15.1024	33.9109	0.0825083	23.6413
15.2077	33.9934	0	23.6413
15.2097	34.0347	0.0825083	23.6413
15.2305	34.1172	0	23.6413
15.2307	34.1172	0.0825083	23.6413
15.3072	34.1997	0	23.6413
15.3075	34.2409	0.0825083	23.6413
15.3075	34.3234	0	23.6413
15.3106	34.3234	0.0825083	23.6413
15.3505	34.4059	0	23.6413
15.3564	34.4059	0.165017	23.6413
15.3569	34.4884	0.0825083	23.6413
15.4015	34.571	0	23.6413
15.4042	34.571	0.0825083	23.6413
15.4228	34.6535	0	23.6413
15.4236	34.6535	0.165017	23.6413
15.4261	34.736	0.0825083	23.6413
15.4409	34.8185	0	23.6413
15.4417	34.8597	0.0825083	23.6413
15.5321	34.9422	0	23.6413
15.7566	34.9422	0	23.913
15.7642	34.9835	0.0825083	23.913
15.8193	35.066	0	23.913
15.8233	35.1073	0.0825083	23.913
15.9021	35.1898	0	23.913
15.9029	35.1898	0.0825083	23.913
15.9716	35.2723	0	23.913
15.9717	35.3135	0.0825083	23.913
16.064	35.396	0	23.913
16.0649	35.396	0.0825083	23.913
16.2931	35.4785	0	23.913
16.2945	35.5198	0.0825083	23.913
16.377	35.6023	0	23.913
16.3783	35.6436	0.0825083	23.913
16.3898	35.7261	0	23.913
16.3931	35.7673	0.0825083	23.913
16.5923	35.8498	0	23.913
16.5932	35.8911	0.0825083	23.913
16.8429	35.9736	0	23.913
16.8432	36.0149	0.0825083	23.913
16.9258	36.0974	0	23.913
16.926	36.0974	0.165017	23.913
16.9262	36.1799	0.0825083	23.913
16.9315	36.2624	0	23.913
16.9324	36.2624	0.165017	23.913
16.9332	36.3449	0.0825083	23.913
16.9345	36.4274	0	23.913
16.9361	36.4274	0.0825083	23.913
16.9942	36.5099	0	23.913
17.0436	36.5099	0	24.1848
17.044	36.5512	0.0825083	24.1848
17.1116	36.6337	0	24.1848
17.178	36.6337	0	24.4565
17.1791	36.6749	0.0825083	24.4565
17.2799	36.7574	0	24.4565
17.2845	36.7987	0.0825083	24.4565
17.337	36.8812	0	24.4565
17.3412	36.9224	0.0825083	24.4565
17.3563	37.005	0	24.4565
17.3586	37.0462	0.0825083	24.4565
17.3858	37.1287	0	24.4565
17.3861	37.17	0.0825083	24.4565
17.4493	37.2525	0	24.4565
17.4498	37.2937	0.0825083	24.4565
17.5248	37.3762	0	24.4565
17.5385	37.3762	0.0825083	24.4565
17.8909	37.4587	0	24.4565
17.8935	37.4587	0.165017	24.4565
17.8969	37.5413	0.0825083	24.4565
17.9165	37.6238	0	24.4565
17.9181	37.665	0.0825083	24.4565
18.3494	37.7475	0	24.4565
18.3504	37.7475	0.0825083	24.4565
18.4324	37.83	0	24.4565
18.4339	37.8713	0.0825083	24.4565
18.5183	37.9538	0	24.4565
18.5212	37.995	0.0825083	24.4565
18.5343	38.0776	0	24.4565
18.5345	38.1188	0.0825083	24.4565
18.7261	38.2013	0	24.4565
18.7278	38.2426	0.0825083	24.4565
18.7638	38.3251	0	24.4565
18.7723	38.3663	0.0825083	24.4565
18.9055	38.4488	0	24.4565
18.9158	38.4901	0.0825083	24.4565
18.9561	38.5726	0	24.4565
18.9566	38.5726	0.0825083	24.4565
19.056	38.6551	0	24.4565
19.059	38.6964	0.0825083	24.4565
19.1423	38.7789	0	24.4565
19.1453	38.8201	0.0825083	24.4565
19.2422	38.9026	0	24.4565
19.2428	38.9026	0.0825083	24.4565
19.2597	38.9851	0	24.4565
19.3322	38.9851	0	25
19.3326	38.9851	0.0825083	25
19.8527	39.0677	0	25
19.8556	39.0677	0.0825083	25
19.8885	39.1502	0	25
19.8969	39.1914	0.0825083	25
19.9991	39.2739	0	25
19.9993	39.3152	0.0825083	25
20.0047	39.3977	0	25
20.0064	39.4389	0.0825083	25
20.0994	39.5215	0	25
20.1028	39.5627	0.0825083	25
20.12	39.6452	0	25
20.1215	39.6865	0.0825083	25
20.1245	39.769	0	25
20.1284	39.769	0.165017	25
20.1302	39.8515	0.0825083	25
20.15	39.934	0	25
20.1526	39.9752	0.0825083	25
20.3589	40.0578	0	25
20.6177	40.0578	0	25
20.6181	40.099	0.0825083	25
20.7249	40.1815	0	25
20.7393	40.1815	0	25
20.7412	40.2228	0.0825083	25
20.829	40.3053	0	25
20.8292	40.3465	0.0825083	25
21.2202	40.429	0	25
21.2207	40.429	0.0825083	25
21.2432	40.5116	0	25
21.2447	40.5528	0.0825083	25
21.5341	40.6353	0	25
21.5348	40.6353	0.165017	25
21.5379	40.7178	0.0825083	25
21.6811	40.8003	0	25
21.682	40.8416	0.0825083	25
21.8054	40.9241	0	25
21.8063	40.9241	0.0825083	25
21.8533	41.0066	0	25
21.8536	41.0479	0.0825083	25
22.7228	41.1304	0	25
22.724	41.1716	0.0825083	25
23.0711	41.2541	0	25
23.0737	41.2954	0.0825083	25
23.4273	41.3779	0	25
23.4273	41.3779	0.0825083	25
23.4946	41.4604	0	25
23.4995	41.5017	0.0825083	25
23.7723	41.5842	0	25
23.7728	41.5842	0.165017	25
23.7743	41.6667	0.0825083	25
23.7831	41.7492	0	25
23.7841	41.7492	0.165017	25
23.7866	41.8317	0.0825083	25
23.941	41.9142	0	25
23.9542	41.9554	0.0825083	25
24.8061	42.038	0	25
24.8071	42.038	0.165017	25
24.8088	42.1205	0.0825083	25
25.0519	42.203	0	25
25.0525	42.2442	0.0825083	25
25.4302	42.3267	0	25
25.4314	42.3267	0.0825083	25
25.4572	42.4092	0	25
25.4579	42.4092	0.165017	25
25.459	42.4917	0.0825083	25
25.5463	42.5743	0	25
25.5471	42.6155	0.0825083	25
25.8322	42.698	0	25
25.8364	42.7393	0.0825083	25
26.5728	42.8218	0	25
26.5816	42.863	0.0825083	25
26.6465	42.9455	0	25
26.6511	42.9455	0.165017	25
26.656	43.0281	0.0825083	25
26.9461	43.1106	0	25
26.9475	43.1518	0.0825083	25
27.454	43.2343	0	25
27.454	43.2343	0.0825083	25
27.5152	43.3168	0	25
27.5329	43.3168	0	25.2717
27.5348	43.3168	0.165017	25.2717
27.5452	43.3993	0.0825083	25.2717
27.6913	43.4818	0	25.2717
27.6919	43.5231	0.0825083	25.2717
27.9144	43.6056	0	25.2717
27.9153	43.6469	0.0825083	25.2717
28.1612	43.7294	0	25.2717
28.1616	43.7706	0.0825083	25.2717
28.533	43.8531	0	25.2717
28.5332	43.8531	0.165017	25.2717
28.5377	43.9356	0.0825083	25.2717
28.7204	44.0182	0	25.2717
28.7208	44.0594	0.0825083	25.2717
28.7336	44.1419	0	25.2717
28.7369	44.1832	0.0825083	25.2717
28.7979	44.2657	0	25.2717
28.803	44.3069	0.0825083	25.2717
29.1253	44.3894	0	25.2717
29.126	44.3894	0.165017	25.2717
29.1289	44.4719	0.0825083	25.2717
30.1589	44.5545	0	25.2717
30.1591	44.5957	0.0825083	25.2717
31.0414	44.6782	0	25.2717
31.0426	44.7195	0.0825083	25.2717
31.1382	44.802	0	25.2717
31.1413	44.8432	0.0825083	25.2717
32.4949	44.9257	0	25.2717
32.4955	44.9257	0.165017	25.2717
32.4957	45.0083	0.0825083	25.2717
32.5979	45.0908	0	25.2717
32.6004	45.0908	0.0825083	25.2717
33.2363	45.1733	0	25.2717
34.1303	45.1733	0	25.8152
34.1325	45.1733	0.165017	25.8152
34.1327	45.2558	0.0825083	25.8152
34.6853	45.3383	0	25.8152
34.6892	45.3795	0.0825083	25.8152
35.0962	45.462	0	25.8152
35.0963	45.5033	0.0825083	25.8152
35.2359	45.5858	0	25.8152
35.237	45.6271	0.0825083	25.8152
35.3452	45.7096	0	25.8152
35.3455	45.7096	0.165017	25.8152
35.3467	45.7921	0.0825083	25.8152
36.5333	45.8746	0	25.8152
36.5345	45.9158	0.0825083	25.8152
36.7977	45.9983	0	25.8152
36.7993	46.0396	0.0825083	25.8152
39.421	46.1221	0	25.8152
39.4228	46.1634	0.0825083	25.8152
39.9069	46.2459	0	25.8152
39.9107	46.2459	0.165017	25.8152
39.9122	46.3284	0.0825083	25.8152
39.9536	46.4109	0	25.8152
39.9567	46.4521	0.0825083	25.8152
41.0998	46.5347	0	25.8152
41.1002	46.5347	0.165017	25.8152
41.1054	46.6172	0.0825083	25.8152
41.9145	46.6997	0	25.8152
41.9167	46.6997	0.165017	25.8152
41.9206	46.7822	0.0825083	25.8152
42.5806	46.8647	0	25.8152
42.5825	46.9059	0.0825083	25.8152
44.7097	46.9884	0	25.8152
44.7104	46.9884	0.165017	25.8152
44.7111	47.071	0.0825083	25.8152
50.6331	47.1535	0	25.8152
50.6334	47.1947	0.0825083	25.8152
53.9592	47.2772	0	25.8152
53.9645	47.2772	0.0825083	25.8152
55.1296	47.3597	0	25.8152
55.13	47.401	0.0825083	25.8152
58.5508	47.4835	0	25.8152
58.5525	47.5248	0.0825083	25.8152
64.0788	47.6073	0	25.8152
64.0797	47.6485	0.0825083	25.8152
