6.93535e-06	0	0	0
2.12708e-05	0	0	0
2.97083e-05	0	0	0
3.13127e-05	0	0	0
3.91624e-05	0	0	0
4.14144e-05	0	0	0
4.62106e-05	0	0	0
4.64101e-05	0	0	0
4.84822e-05	0	0	0
5.00063e-05	0	0	0
5.05428e-05	0	0	0
5.19459e-05	0	0	0
5.59738e-05	0	0	0
5.84053e-05	0	0	0
6.08038e-05	0	0	0
6.65345e-05	0	0	0
6.6944e-05	0	0	0
7.77013e-05	0	0	0
9.00727e-05	0	0	0
0.000101256	0	0	0
0.000106461	0	0	0
0.00010803	0	0	0
0.000117433	0	0	0
0.000126911	0	0	0
0.000135074	0	0	0
0.000138556	0	0	0
0.000139132	0	0	0
0.000140029	0	0	0
0.000143232	0	0	0
0.000145457	0	0	0
0.000155474	0	0	0
0.000166317	0	0	0
0.000169083	0	0	0
0.000175629	0	0	0
0.000177116	0	0	0
0.000177699	0	0	0
0.000192442	0	0	0
0.000194226	0	0	0
0.000198578	0	0	0
0.00020392	0	0	0
0.000204897	0	0	0
0.000206755	0	0	0
0.000207057	0	0	0
0.000209178	0	0	0
0.00021125	0	0	0
0.000215035	0	0	0
0.000215878	0	0	0
0.00021703	0	0	0
0.000218632	0	0	0
0.000234306	0	0	0
0.000243613	0	0	0
0.000245206	0	0	0
0.00024725	0	0	0
0.000261435	0	0	0
0.000262538	0	0	0
0.00026411	0	0	0
0.000284827	0	0	0
0.000286185	0	0	0
0.000286663	0	0	0
0.000286778	0	0	0
0.000288001	0	0	0
0.000294233	0	0	0
0.000297213	0	0	0
0.000307046	0	0	0
0.000311319	0	0	0
0.000316344	0	0	0
0.000332003	0	0	0
0.000347962	0	0	0
0.000350656	0	0	0
0.000359082	0	0	0
0.000361408	0	0	0
0.000369473	0	0	0
0.000376261	0	0	0
0.000376474	0	0	0
0.00037928	0	0	0
0.000388352	0	0	0
0.000417762	0	0	0
0.000421208	0	0	0
0.00042903	0	0	0
0.000433181	0	0	0
0.000436023	0	0	0
0.000436047	0	0	0
0.00043709	0	0	0
0.000437511	0	0	0
0.000441168	0	0	0
0.000452725	0	0	0
0.000460153	0	0	0
0.000467061	0	0	0
0.000485776	0	0	0
0.00048908	0	0	0
0.000495918	0	0	0
0.000498188	0	0	0
0.00049928	0	0	0
0.000500222	0	0	0
0.000500579	0	0	0
0.000517647	0	0	0
0.000520001	0	0	0
0.000520661	0	0	0
0.000527013	0	0	0
0.000533625	0	0	0
0.000541724	0	0	0
0.000542963	0	0	0
0.000544308	0	0	0
0.00056942	0	0	0
0.000571092	0	0	0
0.000578005	0	0	0
0.000587268	0	0	0
0.000588953	0	0	0
0.000589495	0	0	0
0.000598455	0	0	0
0.000600163	0	0	0
0.000603992	0	0	0
0.000608359	0	0	0
0.000616473	0	0	0
0.000618901	0	0	0
0.000623477	0	0	0
0.000628799	0	0	0
0.000629573	0	0	0
0.000633898	0	0	0
0.000634065	0	0	0
0.000637826	0	0	0
0.000652719	0	0	0
0.000653254	0	0	0
0.000653647	0	0	0
0.000657397	0	0	0
0.000658009	0	0	0
0.000661022	0	0	0
0.000664861	0	0	0
0.000671577	0	0	0
0.000672612	0	0	0
0.000676901	0	0	0
0.000677555	0	0	0
0.000681084	0	0	0
0.000687019	0	0	0
0.000687792	0	0	0
0.000699964	0	0	0
0.000704251	0	0	0
0.000704786	0	0	0
0.000712387	0	0	0
0.000713542	0	0	0
0.000718498	0	0	0
0.000729984	0	0	0
0.000736742	0	0	0
0.000740038	0	0	0
0.000741742	0	0	0
0.00074486	0	0	0
0.000749196	0	0	0
0.000752657	0	0	0
0.000758078	0	0	0
0.00075892	0	0	0
0.000761114	0	0	0
0.000774563	0	0	0
0.000775545	0	0	0
0.000777312	0	0	0
0.000778266	0	0	0
0.000781849	0	0	0
0.000782863	0	0	0
0.000786543	0	0	0
0.000789072	0	0	0
0.000789741	0	0	0
0.000807306	0	0	0
0.000811162	0	0	0
0.000812407	0	0	0
0.000815753	0	0	0
0.000819665	0	0	0
0.000820982	0	0	0
0.000828765	0	0	0
0.000831295	0	0	0
0.000833512	0	0	0
0.000834519	0	0	0
0.000835892	0	0	0
0.000839088	0	0	0
0.000840686	0	0	0
0.000844852	0	0	0
0.000851496	0	0	0
0.000857858	0	0	0
0.000859146	0	0	0
0.000861473	0	0	0
0.000862729	0	0	0
0.000870666	0	0	0
0.000873721	0	0	0
0.00088242	0	0	0
0.000883755	0	0	0
0.000889918	0	0	0
0.000894658	0	0	0
0.000901941	0	0	0
0.00090221	0	0	0
0.000903613	0	0	0
0.000904703	0	0	0
0.000907352	0	0	0
0.000907943	0	0	0
0.00091205	0	0	0
0.000920723	0	0	0
0.000921002	0	0	0
0.000922015	0	0	0
0.000924577	0	0	0
0.000926579	0	0	0
0.000927919	0	0	0
0.000928337	0	0	0
0.000933776	0	0	0
0.000937564	0	0	0
0.00094256	0	0	0
0.000944176	0	0	0
0.000946019	0	0	0
0.000954729	0	0	0
0.000955974	0	0	0
0.000956416	0	0	0
0.000961862	0	0	0
0.000964304	0	0	0
0.000965052	0	0	0
0.00097571	0	0	0
0.000979146	0	0	0
0.000985222	0	0	0
0.000991988	0	0	0
0.00100299	0	0	0
0.00102061	0	0	0
0.0010208	0	0	0
0.00102353	0	0	0
0.00102863	0	0	0
0.00102982	0	0	0
0.00103374	0	0	0
0.00104112	0	0	0
0.00104378	0	0	0
0.00104507	0	0	0
0.00104564	0	0	0
0.0010474	0	0	0
0.00106201	0	0	0
0.00106396	0	0	0
0.00106542	0	0	0
0.00106619	0	0	0
0.00106843	0	0	0
0.00107003	0	0	0
0.00107021	0	0	0
0.00108605	0	0	0
0.00109319	0	0	0
0.00109516	0	0	0
0.00109587	0	0	0
0.00111262	0	0	0
0.00112294	0	0	0
0.0011231	0	0	0
0.00112588	0	0	0
0.00113203	0	0	0
0.00113582	0	0	0
0.00113944	0	0	0
0.0011436	0	0	0
0.00114722	0	0	0
0.00114889	0	0	0
0.00114895	0	0	0
0.00115735	0	0	0
0.00116068	0	0	0
0.00117256	0	0	0
0.00117945	0	0	0
0.00118286	0	0	0
0.00118733	0	0	0
0.00119274	0	0	0
0.0012	0	0	0
0.00120219	0	0	0
0.00120619	0	0	0
0.00121001	0	0	0
0.00121405	0	0	0
0.00121465	0	0	0
0.00121795	0	0	0
0.00121933	0	0	0
0.00121958	0	0	0
0.00122054	0	0	0
0.00122173	0	0	0
0.00123257	0	0	0
0.00123495	0	0	0
0.00126004	0	0	0
0.00126078	0	0	0
0.00126225	0	0	0
0.00127256	0	0	0
0.00127683	0	0	0
0.00128423	0	0	0
0.00128876	0	0	0
0.00129051	0	0	0
0.00129973	0	0	0
0.00130116	0	0	0
0.00131177	0	0	0
0.00131963	0	0	0
0.00132922	0	0	0
0.00135829	0	0	0
0.00136085	0	0	0
0.00136596	0	0	0
0.00138097	0	0	0
0.00138298	0	0	0
0.001389	0	0	0
0.00139376	0	0	0
0.00139381	0	0	0
0.00139523	0	0	0
0.001399	0	0	0
0.00140673	0	0	0
0.00142077	0	0	0
0.0014292	0	0	0
0.00142933	0	0	0
0.00143069	0	0	0
0.00143747	0	0	0
0.00143759	0	0	0
0.0014384	0	0	0
0.00143982	0	0	0
0.00144405	0	0	0
0.00144543	0	0	0
0.00144833	0	0	0
0.00145223	0	0	0
0.00145872	0	0	0
0.00146834	0	0	0
0.00147193	0	0	0
0.00147554	0	0	0
0.00147951	0	0	0
0.00148418	0	0	0
0.00148539	0	0	0
0.00148708	0	0	0
0.00149484	0	0	0
0.00150003	0	0	0
0.00151588	0	0	0
0.00152296	0	0	0
0.00154287	0	0	0
0.00154484	0	0	0
0.00155091	0	0	0
0.0015539	0	0	0
0.00156984	0	0	0
0.00157254	0	0	0
0.00157309	0	0	0
0.00157397	0	0	0
0.00157471	0	0	0
0.00157764	0	0	0
0.00158112	0	0	0
0.00158346	0	0	0
0.0015942	0	0	0
0.00160439	0	0	0
0.00160824	0	0	0
0.00161078	0	0	0
0.00161319	0	0	0
0.00161732	0	0	0
0.00162065	0	0	0
0.00162107	0	0	0
0.00162586	0	0	0
0.00162868	0	0	0
0.0016308	0	0	0
0.00163156	0	0	0
0.00163724	0	0	0
0.0016411	0	0	0
0.00164253	0	0	0
0.00165468	0	0	0
0.00166111	0	0	0
0.00167226	0	0	0
0.00167369	0	0	0
0.00168014	0	0	0
0.00168299	0	0	0
0.00168361	0	0	0
0.00168655	0	0	0
0.00168828	0	0	0
0.00169016	0	0	0
0.00169465	0	0	0
0.00169527	0	0	0
0.00169586	0	0	0
0.00169683	0	0	0
0.00169763	0	0	0
0.00170003	0	0	0
0.00170126	0	0	0
0.00170723	0	0	0
0.00170966	0	0	0
0.00172598	0	0	0
0.00172834	0	0	0
0.00172844	0	0	0
0.00173168	0	0	0
0.00173739	0	0	0
0.00173752	0	0	0
0.00174621	0	0	0
0.00176003	0	0	0
0.00176108	0	0	0
0.00177691	0	0	0
0.00178238	0	0	0
0.00178309	0	0	0
0.0017841	0	0	0
0.00178468	0	0	0
0.00178923	0	0	0
0.0017948	0	0	0
0.00180254	0	0	0
0.00180954	0	0	0
0.00181234	0	0	0
0.00181381	0	0	0
0.00181644	0	0	0
0.00182044	0	0	0
0.00182265	0	0	0
0.0018248	0	0	0
0.00183229	0	0	0
0.0018326	0	0	0
0.00184239	0	0	0
0.00184375	0	0	0
0.00184785	0	0	0
0.00185126	0	0	0
0.00185754	0	0	0
0.00185781	0	0	0
0.00186353	0	0	0
0.00186469	0	0	0
0.00187039	0	0	0
0.00187842	0	0	0
0.00187977	0	0	0
0.00188082	0	0	0
0.00188345	0	0	0
0.0019063	0	0	0
0.00190931	0	0	0
0.00190966	0	0	0
0.00192509	0	0	0
0.00192669	0	0	0
0.00192786	0	0	0
0.00193363	0	0	0
0.00193505	0	0	0
0.00193883	0	0	0
0.00195424	0	0	0
0.00196141	0	0	0
0.001963	0	0	0
0.00196837	0	0	0
0.00197259	0	0	0
0.00197421	0	0	0
0.00197446	0	0	0
0.00197806	0	0	0
0.00198352	0	0	0
0.00198779	0	0	0
0.00199229	0	0	0
0.00199905	0	0	0
0.00199972	0	0	0
0.00200136	0	0	0
0.00200152	0	0	0
0.00200886	0	0	0
0.00201365	0	0	0
0.00201926	0	0	0
0.00202832	0	0	0
0.00202982	0	0	0
0.0020373	0	0	0
0.00205226	0	0	0
0.0020531	0	0	0
0.00206298	0	0	0
0.00206431	0	0	0
0.00206634	0	0	0
0.00207537	0	0	0
0.00208406	0	0	0
0.00209597	0	0	0
0.00209993	0	0	0
0.0021161	0	0	0
0.00211693	0	0	0
0.00211767	0	0	0
0.00212504	0	0	0
0.00212517	0	0	0
0.00214912	0	0	0
0.00214996	0	0	0
0.00216852	0	0	0
0.00216874	0	0	0
0.00216884	0	0	0
0.00216979	0	0	0
0.00219717	0	0	0
0.00219797	0	0	0
0.00220253	0	0	0
0.00220462	0	0	0
0.00222279	0	0	0
0.00222291	0	0	0
0.00223821	0	0	0
0.00224128	0	0	0
0.00224477	0	0	0
0.00225891	0	0	0
0.00226466	0	0	0
0.00227453	0	0	0
0.00227491	0	0	0
0.00229449	0	0	0
0.00230422	0	0	0
0.00232378	0	0	0
0.00232478	0	0	0
0.00232638	0	0	0
0.00233127	0	0	0
0.00233921	0	0	0
0.00234257	0	0	0
0.00234469	0	0	0
0.002345	0	0	0
0.00234715	0	0	0
0.00235346	0	0	0
0.00235446	0	0	0
0.00236826	0	0	0
0.00237147	0	0	0
0.00237154	0	0	0
0.0023851	0	0	0
0.00239006	0	0	0
0.00239205	0	0	0
0.00240904	0	0	0
0.00240933	0	0	0
0.0024174	0	0	0
0.00243018	0	0	0
0.00243429	0	0	0
0.00243697	0	0	0
0.00246921	0	0	0
0.00247713	0	0	0
0.0024785	0	0	0
0.00248187	0	0	0
0.00250261	0	0	0
0.00250472	0	0	0
0.00252156	0	0	0
0.00253371	0	0	0
0.00253695	0	0	0
0.00253819	0	0	0
0.00254395	0	0	0
0.00256051	0	0	0
0.00256815	0	0	0
0.00257632	0	0	0
0.00257711	0	0	0
0.00258036	0	0	0
0.00259983	0	0	0
0.00261101	0	0	0
0.0026162	0	0	0
0.00261872	0	0	0
0.00262075	0	0	0
0.00262494	0	0	0
0.00262786	0	0	0
0.00262915	0	0	0
0.00263441	0	0	0
0.00265934	0	0	0
0.00267812	0	0	0
0.00270202	0	0	0
0.00270924	0	0	0
0.00272262	0	0	0
0.00272723	0	0	0
0.00274354	0	0	0
0.00276461	0	0	0
0.00278346	0	0	0
0.00279247	0	0	0
0.00279471	0	0	0
0.00281805	0	0	0
0.00283457	0	0	0
0.00283664	0	0	0
0.00284396	0	0	0
0.00285104	0	0	0
0.00288713	0	0	0
0.00290737	0	0	0
0.0029098	0	0	0
0.00291109	0	0	0
0.0029129	0	0	0
0.0029348	0	0	0
0.00295277	0	0	0
0.00297509	0	0	0
0.00298906	0	0	0
0.0030059	0	0	0
0.00300607	0	0	0
0.0030087	0	0	0
0.00301486	0	0	0
0.00302508	0	0	0
0.00303746	0	0	0
0.0030489	0	0	0
0.00305753	0	0	0
0.00310714	0	0	0
0.00310967	0	0	0
0.00316957	0	0	0
0.00317615	0	0	0
0.00318656	0	0	0
0.00320292	0	0	0
0.00321642	0	0	0
0.00321742	0	0	0
0.00321755	0	0	0
0.00322449	0	0	0
0.00322568	0	0	0
0.00322769	0	0	0
0.00325012	0	0	0
0.00325974	0	0	0
0.00326187	0	0	0
0.00328298	0	0	0
0.00331349	0	0	0
0.0033438	0	0	0
0.00336706	0	0	0
0.00337273	0	0	0
0.00337472	0	0	0
0.0034027	0	0	0
0.00342103	0	0	0
0.00342786	0	0	0
0.00345742	0	0	0
0.00346	0	0	0
0.0034609	0	0	0
0.00354582	0	0	0
0.00356385	0	0	0
0.00359636	0	0	0
0.00360289	0	0	0
0.00365466	0	0	0
0.00366567	0	0	0
0.00367683	0	0	0
0.00368678	0	0	0
0.0037157	0	0	0
0.00372662	0	0	0
0.00373153	0	0	0
0.00373408	0	0	0
0.00375079	0	0	0
0.00375786	0	0	0
0.00376043	0	0	0
0.00383379	0	0	0
0.00386436	0	0	0
0.00386528	0	0	0
0.0038735	0	0	0
0.00388927	0	0	0
0.00395117	0	0	0
0.00395595	0	0	0
0.00400196	0	0	0
0.00408651	0	0	0
0.00415366	0	0	0
0.00419172	0	0	0
0.00438837	0	0	0
0.00439319	0	0	0
0.00447433	0	0	0
0.00454098	0	0	0
0.00457059	0	0	0
0.00472202	0	0	0
0.00492031	0	0	0
0.00498606	0	0	0
0.00499231	0	0	0
0.00501574	0	0	0
0.00507117	0	0	0
0.00511326	0	0	0
0.00525738	0	0	0
0.00534685	0	0	0
0.00547935	0	0	0
0.00551054	0	0	0
0.00554628	0	0	0
0.00558174	0	0	0
0.00559089	0	0	0
0.00560377	0	0	0
0.00563874	0	0	0
0.00564719	0	0	0
0.00574061	0	0	0
0.00579873	0	0	0
0.00580968	0	0	0
0.00582055	0	0	0
0.00582123	0	0	0
0.00583544	0	0	0
0.00583989	0	0	0
0.00585633	0	0	0
0.00587004	0	0	0
0.00591288	0	0	0
0.00602172	0	0	0
0.00605368	0	0	0
0.00606006	0	0	0
0.006065	0	0	0
0.00609518	0	0	0
0.00615217	0	0	0
0.00626165	0	0	0
0.00634377	0	0	0
0.00650124	0	0	0
0.00651866	0	0	0
0.00654675	0	0	0
0.00676559	0	0	0
0.00731856	0	0	0
0.0111284	0	0	0
0.0149532	0	0	0
0.0179404	0	0	0
0.0191624	0	0	0
0.0254314	0	0	0
0.0304844	0	0	0
0.0512692	0	0	0
0.055246	0.0412541	0.0825083	0
0.0581202	0.123762	0	0
0.063163	0.123762	0	0
0.0662787	0.123762	0	0
0.0716484	0.123762	0	0
0.0802461	0.123762	0	0
0.0859723	0.123762	0	0
0.0860364	0.123762	0	0
0.0869469	0.123762	0.165017	0
0.0884866	0.165017	0.247525	0
0.0887408	0.247525	0.165017	0
0.0901924	0.330033	0.0825083	0
0.0909215	0.330033	0.0825083	0
0.104217	0.412541	0	0
0.111519	0.412541	0	0
0.116026	0.412541	0	0.27248
0.123402	0.412541	0	0.544959
0.129239	0.412541	0.0825083	0.544959
0.13014	0.412541	0.0825083	0.544959
0.135155	0.412541	0.0825083	0.544959
0.151985	0.412541	0.0825083	0.544959
0.157409	0.412541	0.0825083	0.544959
0.158843	0.412541	0.165017	0.544959
0.16306	0.49505	0.0825083	0.544959
0.164178	0.536304	0.165017	0.544959
0.165728	0.618812	0.0825083	0.544959
0.168794	0.618812	0.0825083	0.544959
0.173416	0.618812	0.0825083	0.544959
0.179997	0.618812	0.0825083	0.544959
0.180826	0.618812	0.0825083	0.817439
0.182175	0.618812	0.247525	0.817439
0.182317	0.618812	0.247525	0.817439
0.183936	0.70132	0.165017	0.817439
0.187111	0.783828	0.0825083	0.817439
0.191339	0.783828	0.0825083	0.817439
0.202852	0.866337	0	0.817439
0.207243	0.866337	0	0.817439
0.213202	0.866337	0	0.817439
0.214831	0.866337	0	0.817439
0.215268	0.866337	0	0.817439
0.223477	0.866337	0	0.817439
0.224417	0.866337	0.165017	0.817439
0.228897	0.948845	0.0825083	0.817439
0.229561	1.03135	0	0.817439
0.230473	1.03135	0	0.817439
0.235627	1.03135	0	0.817439
0.247726	1.03135	0	0.817439
0.248739	1.03135	0	0.817439
0.253349	1.03135	0	1.08992
0.253444	1.07261	0.0825083	1.08992
0.254613	1.15512	0	1.08992
0.262254	1.15512	0	1.08992
0.271802	1.15512	0.0825083	1.08992
0.275378	1.15512	0.0825083	1.08992
0.281714	1.15512	0.0825083	1.08992
0.283034	1.15512	0.247525	1.08992
0.283297	1.15512	0.247525	1.08992
0.284875	1.23762	0.165017	1.08992
0.28879	1.32013	0.0825083	1.08992
0.289545	1.32013	0.165017	1.08992
0.291984	1.40264	0.0825083	1.08992
0.292527	1.40264	0.0825083	1.08992
0.293714	1.44389	0.165017	1.08992
0.297702	1.5264	0.0825083	1.08992
0.304563	1.5264	0.0825083	1.08992
0.307779	1.5264	0.0825083	1.08992
0.324626	1.5264	0.0825083	1.08992
0.349727	1.5264	0.0825083	1.08992
0.358543	1.5264	0.0825083	1.3624
0.360716	1.56766	0.165017	1.3624
0.368664	1.65016	0.0825083	1.3624
0.369318	1.65016	0.247525	1.3624
0.37034	1.73267	0.165017	1.3624
0.370591	1.73267	0.165017	1.3624
0.372133	1.73267	0.165017	1.3624
0.372988	1.81518	0.0825083	1.3624
0.374824	1.81518	0.0825083	1.3624
0.376219	1.81518	0.0825083	1.3624
0.381921	1.81518	0.0825083	1.3624
0.383175	1.81518	0.247525	1.3624
0.38335	1.89769	0.165017	1.3624
0.388978	1.9802	0.0825083	1.3624
0.390255	1.9802	0.0825083	1.3624
0.391077	1.9802	0.0825083	1.3624
0.392507	1.9802	0.247525	1.3624
0.394774	2.06271	0.165017	1.3624
0.404463	2.14521	0.0825083	1.3624
0.40725	2.14521	0.0825083	1.63488
0.415043	2.14521	0.0825083	1.63488
0.416098	2.18647	0.165017	1.63488
0.417944	2.18647	0.330033	1.63488
0.417949	2.26898	0.247525	1.63488
0.422666	2.35149	0.165017	1.63488
0.427215	2.43399	0.0825083	1.63488
0.427448	2.43399	0.165017	1.63488
0.429127	2.5165	0.0825083	1.63488
0.430774	2.5165	0.0825083	1.63488
0.434151	2.55776	0.165017	1.63488
0.436918	2.64026	0.0825083	1.63488
0.438864	2.64026	0.0825083	1.63488
0.440827	2.64026	0.0825083	1.63488
0.441343	2.68152	0.165017	1.63488
0.445212	2.76403	0.0825083	1.63488
0.447179	2.76403	0.165017	1.63488
0.448898	2.76403	0.165017	1.90736
0.450371	2.84653	0.0825083	1.90736
0.45104	2.88779	0.165017	1.90736
0.463227	2.9703	0.0825083	1.90736
0.464408	2.9703	0.247525	1.90736
0.465912	3.05281	0.165017	1.90736
0.468726	3.13531	0.0825083	1.90736
0.474836	3.13531	0.0825083	1.90736
0.476269	3.13531	0.0825083	1.90736
0.476735	3.13531	0.247525	1.90736
0.479065	3.21782	0.165017	1.90736
0.481321	3.30033	0.0825083	1.90736
0.485143	3.30033	0.0825083	1.90736
0.485984	3.30033	0.165017	1.90736
0.498025	3.30033	0.165017	1.90736
0.498211	3.30033	0.330033	1.90736
0.498308	3.30033	0.330033	1.90736
0.50422	3.38284	0.247525	1.90736
0.514538	3.46535	0.165017	1.90736
0.518669	3.46535	0.165017	1.90736
0.531127	3.46535	0.165017	1.90736
0.532158	3.5066	0.247525	1.90736
0.532961	3.54785	0.330033	1.90736
0.535727	3.63036	0.247525	1.90736
0.542647	3.71287	0.165017	1.90736
0.546808	3.71287	0.247525	1.90736
0.550284	3.71287	0.247525	1.90736
0.550966	3.71287	0.247525	1.90736
0.554931	3.79538	0.165017	1.90736
0.556573	3.79538	0.165017	2.17984
0.590814	3.79538	0.165017	2.17984
0.594333	3.79538	0.165017	2.17984
0.604511	3.79538	0.165017	2.17984
0.606626	3.79538	0.165017	2.45232
0.616567	3.79538	0.165017	2.45232
0.617944	3.79538	0.165017	2.45232
0.618337	3.79538	0.330033	2.45232
0.618964	3.79538	0.330033	2.7248
0.619956	3.87789	0.247525	2.7248
0.625504	3.9604	0.165017	2.7248
0.630151	3.9604	0.165017	2.7248
0.633067	4.00165	0.247525	2.7248
0.633153	4.00165	0.412541	2.7248
0.636344	4.08416	0.330033	2.7248
0.637039	4.16667	0.247525	2.7248
0.639836	4.16667	0.247525	2.99728
0.645523	4.16667	0.247525	2.99728
0.651369	4.16667	0.247525	2.99728
0.653312	4.16667	0.247525	2.99728
0.653672	4.16667	0.412541	2.99728
0.654367	4.24918	0.330033	2.99728
0.656221	4.24918	0.330033	2.99728
0.658602	4.33168	0.247525	2.99728
0.664423	4.33168	0.247525	2.99728
0.673579	4.33168	0.247525	2.99728
0.674765	4.37294	0.330033	2.99728
0.677144	4.45545	0.247525	2.99728
0.678494	4.45545	0.247525	2.99728
0.680137	4.45545	0.412541	2.99728
0.683386	4.53795	0.330033	2.99728
0.685228	4.62046	0.247525	2.99728
0.687291	4.62046	0.247525	3.26975
0.708257	4.62046	0.247525	3.26975
0.7088	4.62046	0.412541	3.26975
0.709144	4.70297	0.330033	3.26975
0.714396	4.78548	0.247525	3.26975
0.716507	4.78548	0.412541	3.26975
0.716514	4.86799	0.330033	3.26975
0.720278	4.9505	0.247525	3.26975
0.721239	4.9505	0.330033	3.26975
0.721913	4.9505	0.49505	3.26975
0.722923	5.033	0.412541	3.26975
0.72346	5.11551	0.330033	3.26975
0.723605	5.11551	0.330033	3.26975
0.723672	5.11551	0.49505	3.26975
0.724984	5.19802	0.412541	3.26975
0.727738	5.28053	0.330033	3.26975
0.728623	5.32178	0.412541	3.26975
0.729883	5.40429	0.330033	3.26975
0.736358	5.4868	0.247525	3.26975
0.742241	5.4868	0.247525	3.26975
0.742533	5.4868	0.412541	3.26975
0.743818	5.4868	0.412541	3.54223
0.746022	5.56931	0.330033	3.54223
0.747155	5.65182	0.247525	3.54223
0.748143	5.65182	0.330033	3.54223
0.752418	5.65182	0.330033	3.54223
0.758925	5.73432	0.247525	3.54223
0.764094	5.73432	0.247525	3.54223
0.766792	5.73432	0.247525	3.54223
0.767923	5.73432	0.330033	3.54223
0.771244	5.81683	0.247525	3.54223
0.775697	5.81683	0.247525	3.54223
0.778992	5.81683	0.247525	3.54223
0.782448	5.81683	0.247525	3.54223
0.808533	5.81683	0.247525	3.54223
0.812288	5.85809	0.330033	3.54223
0.81755	5.94059	0.247525	3.54223
0.818385	5.94059	0.247525	3.81471
0.818602	5.98185	0.330033	3.81471
0.836611	6.06436	0.247525	3.81471
0.83957	6.10561	0.330033	3.81471
0.840774	6.18812	0.247525	3.81471
0.843906	6.22937	0.330033	3.81471
0.845217	6.31188	0.247525	3.81471
0.851925	6.35314	0.330033	3.81471
0.857484	6.43564	0.247525	3.81471
0.85866	6.43564	0.330033	3.81471
0.866719	6.51815	0.247525	3.81471
0.874887	6.51815	0.247525	3.81471
0.875018	6.55941	0.330033	3.81471
0.882221	6.64191	0.247525	3.81471
0.882483	6.64191	0.412541	3.81471
0.882913	6.72442	0.330033	3.81471
0.906593	6.80693	0.247525	3.81471
0.91302	6.80693	0.247525	3.81471
0.927489	6.80693	0.247525	4.08719
0.932793	6.80693	0.247525	4.08719
0.942917	6.80693	0.247525	4.08719
0.945117	6.80693	0.247525	4.08719
0.945528	6.80693	0.247525	4.08719
0.946712	6.84818	0.330033	4.08719
0.951736	6.93069	0.247525	4.08719
0.95333	6.93069	0.412541	4.08719
0.954038	6.93069	0.412541	4.08719
0.95498	7.0132	0.330033	4.08719
1.00095	7.09571	0.247525	4.08719
1.00317	7.13696	0.330033	4.08719
1.00394	7.17822	0.412541	4.08719
1.009	7.26073	0.330033	4.08719
1.01331	7.34323	0.247525	4.08719
1.01367	7.42574	0.165017	4.08719
1.0262	7.42574	0.165017	4.08719
1.03203	7.42574	0.165017	4.08719
1.03892	7.42574	0.247525	4.08719
1.04146	7.42574	0.247525	4.08719
1.04856	7.42574	0.247525	4.08719
1.062	7.42574	0.247525	4.08719
1.0635	7.467	0.330033	4.08719
1.06444	7.5495	0.247525	4.08719
1.06817	7.5495	0.247525	4.08719
1.07479	7.5495	0.330033	4.08719
1.08821	7.5495	0.330033	4.35967
1.09102	7.5495	0.49505	4.35967
1.09222	7.63201	0.412541	4.35967
1.09431	7.71452	0.330033	4.35967
1.09436	7.71452	0.330033	4.63215
1.11247	7.71452	0.330033	4.63215
1.11384	7.71452	0.49505	4.63215
1.11752	7.79703	0.412541	4.63215
1.11759	7.87954	0.330033	4.63215
1.12115	7.87954	0.330033	4.90463
1.12285	7.92079	0.412541	4.90463
1.12941	8.0033	0.330033	4.90463
1.13188	8.04455	0.412541	4.90463
1.15312	8.12706	0.330033	4.90463
1.1584	8.12706	0.330033	5.17711
1.1589	8.12706	0.49505	5.17711
1.1592	8.20957	0.412541	5.17711
1.18045	8.29208	0.330033	5.17711
1.18414	8.33333	0.412541	5.17711
1.20348	8.41584	0.330033	5.17711
1.20393	8.4571	0.412541	5.17711
1.20858	8.5396	0.330033	5.17711
1.21814	8.5396	0.330033	5.17711
1.21976	8.5396	0.412541	5.17711
1.22121	8.58086	0.49505	5.17711
1.22471	8.66337	0.412541	5.17711
1.25437	8.66337	0.412541	5.17711
1.25682	8.70462	0.49505	5.17711
1.26352	8.78713	0.412541	5.17711
1.26462	8.78713	0.577558	5.17711
1.26908	8.86964	0.49505	5.17711
1.26977	8.95215	0.412541	5.17711
1.27504	8.95215	0.412541	5.17711
1.27513	8.95215	0.412541	5.44959
1.27904	9.03465	0.330033	5.44959
1.2805	9.07591	0.412541	5.44959
1.28303	9.15842	0.330033	5.44959
1.2837	9.15842	0.330033	5.44959
1.28425	9.15842	0.49505	5.44959
1.28483	9.24092	0.412541	5.44959
1.2851	9.32343	0.330033	5.44959
1.29904	9.32343	0.330033	5.44959
1.3006	9.36469	0.412541	5.44959
1.30863	9.4472	0.330033	5.44959
1.31037	9.48845	0.412541	5.44959
1.3112	9.57096	0.330033	5.44959
1.3137	9.61221	0.412541	5.44959
1.31632	9.69472	0.330033	5.44959
1.32305	9.69472	0.330033	5.44959
1.33519	9.69472	0.330033	5.72207
1.33859	9.73597	0.412541	5.72207
1.35279	9.81848	0.330033	5.72207
1.36858	9.81848	0.330033	5.99455
1.36914	9.81848	0.412541	5.99455
1.37511	9.90099	0.330033	5.99455
1.37635	9.94224	0.412541	5.99455
1.3787	10.0248	0.330033	5.99455
1.38552	10.0248	0.330033	5.99455
1.38655	10.0248	0.49505	5.99455
1.387	10.1073	0.412541	5.99455
1.40276	10.1898	0.330033	5.99455
1.40771	10.1898	0.412541	5.99455
1.42484	10.2723	0.330033	5.99455
1.42829	10.2723	0.330033	6.26703
1.43427	10.2723	0.330033	6.26703
1.44126	10.2723	0.330033	6.26703
1.44182	10.2723	0.412541	6.26703
1.44561	10.3548	0.330033	6.26703
1.44836	10.3548	0.330033	6.26703
1.46448	10.3548	0.330033	6.26703
1.47219	10.3548	0.330033	6.53951
1.47526	10.3548	0.49505	6.53951
1.47569	10.4373	0.412541	6.53951
1.49192	10.5198	0.330033	6.53951
1.49437	10.5198	0.330033	6.53951
1.53541	10.5198	0.330033	6.53951
1.5359	10.5611	0.412541	6.53951
1.53986	10.6436	0.330033	6.53951
1.54006	10.6436	0.49505	6.53951
1.54196	10.7261	0.412541	6.53951
1.54931	10.8086	0.330033	6.53951
1.57148	10.8086	0.330033	6.53951
1.58857	10.8086	0.330033	6.81199
1.58894	10.8086	0.49505	6.81199
1.59113	10.8911	0.412541	6.81199
1.59139	10.9736	0.330033	6.81199
1.61093	10.9736	0.330033	7.08447
1.61292	10.9736	0.330033	7.08447
1.61329	11.0149	0.412541	7.08447
1.6135	11.0974	0.330033	7.08447
1.62404	11.0974	0.412541	7.08447
1.62651	11.1386	0.49505	7.08447
1.62796	11.2211	0.412541	7.08447
1.63159	11.2211	0.412541	7.35695
1.63177	11.2211	0.577558	7.35695
1.63216	11.3036	0.49505	7.35695
1.63401	11.3449	0.577558	7.35695
1.63829	11.4274	0.49505	7.35695
1.63992	11.4274	0.49505	7.35695
1.64033	11.4274	0.660066	7.35695
1.64097	11.5099	0.577558	7.35695
1.64192	11.5924	0.49505	7.35695
1.65344	11.6749	0.412541	7.35695
1.65377	11.6749	0.577558	7.35695
1.65577	11.7574	0.49505	7.35695
1.67628	11.8399	0.412541	7.35695
1.69265	11.9224	0.330033	7.35695
1.69897	11.9224	0.330033	7.62943
1.70687	11.9637	0.412541	7.62943
1.72029	12.0462	0.330033	7.62943
1.72076	12.0462	0.330033	7.90191
1.72933	12.0462	0.330033	7.90191
1.73881	12.0462	0.330033	7.90191
1.73975	12.0462	0.49505	7.90191
1.73995	12.1287	0.412541	7.90191
1.77543	12.2112	0.330033	7.90191
1.77651	12.2112	0.49505	7.90191
1.77667	12.2112	0.577558	7.90191
1.77691	12.2937	0.49505	7.90191
1.78097	12.3762	0.412541	7.90191
1.7904	12.3762	0.412541	7.90191
1.79618	12.4175	0.49505	7.90191
1.79772	12.4175	0.660066	7.90191
1.79928	12.5	0.577558	7.90191
1.79948	12.5825	0.49505	7.90191
1.81641	12.665	0.412541	7.90191
1.82026	12.665	0.577558	7.90191
1.82436	12.7063	0.660066	7.90191
1.82642	12.7063	0.660066	7.90191
1.82854	12.7888	0.577558	7.90191
1.83957	12.7888	0.577558	7.90191
1.8545	12.7888	0.577558	8.17439
1.8569	12.83	0.660066	8.17439
1.85854	12.83	0.825082	8.17439
1.85954	12.9125	0.742574	8.17439
1.86291	12.995	0.660066	8.17439
1.86948	13.0776	0.577558	8.17439
1.87293	13.0776	0.577558	8.17439
1.87366	13.1188	0.660066	8.17439
1.87718	13.2013	0.577558	8.17439
1.87892	13.2426	0.660066	8.17439
1.8917	13.3251	0.577558	8.17439
1.89784	13.3251	0.577558	8.17439
1.90051	13.3251	0.577558	8.44687
1.90057	13.3251	0.742574	8.44687
1.9017	13.3251	0.742574	8.44687
1.90387	13.4076	0.660066	8.44687
1.9072	13.4901	0.577558	8.44687
1.91622	13.4901	0.577558	8.71935
1.92991	13.4901	0.577558	8.99183
1.93385	13.4901	0.577558	9.26431
1.93399	13.5314	0.660066	9.26431
1.94474	13.6139	0.577558	9.26431
1.94619	13.6551	0.660066	9.26431
1.96166	13.7376	0.577558	9.26431
1.96215	13.7376	0.660066	9.26431
1.98261	13.8201	0.577558	9.26431
1.9855	13.8614	0.660066	9.26431
1.99317	13.9439	0.577558	9.26431
1.99332	13.9439	0.742574	9.26431
1.99338	14.0264	0.660066	9.26431
2.00151	14.0264	0.660066	9.26431
2.01032	14.1089	0.577558	9.26431
2.01168	14.1502	0.660066	9.26431
2.01576	14.2327	0.577558	9.26431
2.02148	14.2327	0.660066	9.26431
2.06229	14.3152	0.577558	9.26431
2.06405	14.3152	0.577558	9.26431
2.06548	14.3152	0.660066	9.26431
2.08518	14.3977	0.577558	9.26431
2.09028	14.3977	0.577558	9.26431
2.09333	14.3977	0.577558	9.53679
2.0936	14.3977	0.660066	9.53679
2.09376	14.4389	0.742574	9.53679
2.09387	14.4389	0.742574	9.80926
2.09474	14.5215	0.660066	9.80926
2.09736	14.5215	0.825082	9.80926
2.1	14.604	0.742574	9.80926
2.10086	14.6865	0.660066	9.80926
2.13133	14.769	0.577558	9.80926
2.15112	14.769	0.577558	9.80926
2.16098	14.769	0.577558	10.0817
2.16234	14.769	0.660066	10.0817
2.17727	14.8515	0.577558	10.0817
2.17787	14.8515	0.577558	10.0817
2.18013	14.8515	0.742574	10.0817
2.18197	14.934	0.660066	10.0817
2.19276	15.0165	0.577558	10.0817
2.19413	15.0165	0.577558	10.3542
2.20085	15.0165	0.577558	10.6267
2.20123	15.0578	0.660066	10.6267
2.21972	15.1403	0.577558	10.6267
2.22713	15.1815	0.660066	10.6267
2.24186	15.1815	0.660066	10.8992
2.24483	15.1815	0.825082	10.8992
2.24502	15.264	0.742574	10.8992
2.2698	15.3465	0.660066	10.8992
2.27026	15.3465	0.825082	10.8992
2.27201	15.429	0.742574	10.8992
2.27391	15.5116	0.660066	10.8992
2.27618	15.5528	0.742574	10.8992
2.27796	15.5941	0.825082	10.8992
2.28735	15.6766	0.742574	10.8992
2.28898	15.7591	0.660066	10.8992
2.28973	15.8003	0.742574	10.8992
2.29014	15.8003	0.742574	11.4441
2.29237	15.8828	0.660066	11.4441
2.29424	15.8828	0.825082	11.4441
2.29532	15.9653	0.742574	11.4441
2.30926	16.0479	0.660066	11.4441
2.31051	16.0479	0.825082	11.4441
2.31149	16.0479	0.825082	11.7166
2.31486	16.1304	0.742574	11.7166
2.32082	16.2129	0.660066	11.7166
2.32161	16.2129	0.825082	11.7166
2.323	16.2954	0.742574	11.7166
2.3263	16.3779	0.660066	11.7166
2.32769	16.4191	0.742574	11.7166
2.33011	16.4604	0.825082	11.7166
2.33024	16.5429	0.742574	11.7166
2.33547	16.6254	0.660066	11.7166
2.34902	16.6254	0.660066	11.7166
2.3578	16.6254	0.742574	11.7166
2.39354	16.7079	0.660066	11.7166
2.39933	16.7492	0.742574	11.7166
2.40214	16.8317	0.660066	11.7166
2.40755	16.8317	0.660066	11.9891
2.43355	16.9142	0.577558	11.9891
2.43415	16.9554	0.660066	11.9891
2.43568	16.9554	0.660066	12.2616
2.45762	17.038	0.577558	12.2616
2.46877	17.038	0.577558	12.2616
2.47396	17.0792	0.660066	12.2616
2.4762	17.1617	0.577558	12.2616
2.47647	17.203	0.660066	12.2616
2.47908	17.2855	0.577558	12.2616
2.48256	17.368	0.49505	12.2616
2.48473	17.4092	0.577558	12.2616
2.49227	17.4917	0.49505	12.2616
2.54	17.4917	0.49505	12.5341
2.54425	17.4917	0.577558	12.5341
2.57958	17.5743	0.49505	12.5341
2.58202	17.5743	0.660066	12.5341
2.58344	17.6568	0.577558	12.5341
2.62996	17.7393	0.49505	12.5341
2.63491	17.7393	0.49505	13.079
2.65183	17.7393	0.49505	13.079
2.65916	17.7393	0.49505	13.3515
2.66082	17.7393	0.49505	13.624
2.68105	17.7393	0.49505	13.8965
2.68452	17.7393	0.49505	14.1689
2.68755	17.7393	0.49505	14.1689
2.68859	17.7393	0.577558	14.1689
2.69359	17.8218	0.49505	14.1689
2.70215	17.8218	0.49505	14.4414
2.70491	17.863	0.577558	14.4414
2.71102	17.9455	0.49505	14.4414
2.71515	17.9455	0.49505	14.7139
2.71888	17.9868	0.577558	14.7139
2.71974	18.0281	0.660066	14.7139
2.74341	18.1106	0.577558	14.7139
2.75422	18.1106	0.577558	14.9864
2.7558	18.1518	0.660066	14.9864
2.83362	18.2343	0.577558	14.9864
2.83602	18.2756	0.660066	14.9864
2.86304	18.3581	0.577558	14.9864
2.86702	18.3581	0.577558	15.2589
2.87004	18.3581	0.577558	15.5313
2.87241	18.4406	0.49505	15.5313
2.88259	18.4406	0.49505	15.5313
2.88474	18.4818	0.577558	15.5313
2.91337	18.5644	0.49505	15.5313
2.91372	18.5644	0.49505	15.8038
2.91593	18.5644	0.49505	16.0763
2.91636	18.5644	0.577558	16.0763
2.93042	18.6469	0.49505	16.0763
2.93541	18.6469	0.49505	16.3488
2.94495	18.6469	0.49505	16.6213
2.98757	18.6469	0.49505	16.8937
2.98818	18.6469	0.660066	16.8937
2.99105	18.7294	0.577558	16.8937
2.99475	18.7294	0.577558	17.1662
3.01549	18.8119	0.49505	17.1662
3.02439	18.8119	0.49505	17.4387
3.02572	18.8119	0.49505	17.9837
3.02677	18.8119	0.660066	17.9837
3.0296	18.8944	0.577558	17.9837
3.03132	18.9769	0.49505	17.9837
3.06292	18.9769	0.577558	17.9837
3.06977	18.9769	0.660066	17.9837
3.11747	19.0594	0.577558	17.9837
3.12084	19.0594	0.660066	17.9837
3.1326	19.1419	0.577558	17.9837
3.13807	19.1832	0.660066	17.9837
3.15737	19.2657	0.577558	17.9837
3.16398	19.2657	0.577558	17.9837
3.16595	19.2657	0.577558	17.9837
3.16829	19.3069	0.660066	17.9837
3.16829	19.3894	0.577558	17.9837
3.17494	19.3894	0.577558	17.9837
3.1766	19.3894	0.660066	17.9837
3.19517	19.4719	0.577558	17.9837
3.20247	19.4719	0.577558	18.2561
3.21087	19.4719	0.577558	18.5286
3.21977	19.4719	0.577558	18.8011
3.26727	19.4719	0.577558	19.0736
3.26766	19.5132	0.660066	19.0736
3.29491	19.5957	0.577558	19.0736
3.29557	19.637	0.660066	19.0736
3.30119	19.7195	0.577558	19.0736
3.30136	19.7195	0.742574	19.0736
3.30443	19.802	0.660066	19.0736
3.34142	19.8845	0.577558	19.0736
3.35383	19.8845	0.577558	19.346
3.35424	19.9257	0.660066	19.346
3.36407	20.0083	0.577558	19.346
3.36452	20.0495	0.660066	19.346
3.38998	20.132	0.577558	19.346
3.39272	20.1733	0.660066	19.346
3.4153	20.2558	0.577558	19.346
3.41541	20.297	0.660066	19.346
3.41715	20.3795	0.577558	19.346
3.42311	20.462	0.49505	19.346
3.42549	20.5033	0.577558	19.346
3.42798	20.5858	0.49505	19.346
3.42883	20.6271	0.577558	19.346
3.43249	20.7096	0.49505	19.346
3.46719	20.7096	0.49505	19.6185
3.46848	20.7508	0.577558	19.6185
3.47366	20.8333	0.49505	19.6185
3.48069	20.8333	0.49505	19.891
3.48406	20.8333	0.660066	19.891
3.48565	20.8333	0.660066	20.1635
3.48603	20.9158	0.577558	20.1635
3.50015	20.9984	0.49505	20.1635
3.50028	20.9984	0.49505	20.436
3.50109	20.9984	0.577558	20.436
3.51231	21.0809	0.49505	20.436
3.51521	21.0809	0.577558	20.436
3.53275	21.1634	0.49505	20.436
3.53602	21.1634	0.660066	20.436
3.53682	21.2459	0.577558	20.436
3.55549	21.3284	0.49505	20.436
3.58224	21.3284	0.49505	20.7084
3.62361	21.3284	0.49505	20.9809
3.62497	21.3284	0.49505	21.2534
3.62877	21.3284	0.49505	21.5259
3.62877	21.3284	0.49505	21.7984
3.63172	21.3696	0.577558	21.7984
3.63352	21.4521	0.49505	21.7984
3.63371	21.4521	0.660066	21.7984
3.63631	21.5347	0.577558	21.7984
3.64747	21.6172	0.49505	21.7984
3.64817	21.6172	0.660066	21.7984
3.64834	21.6997	0.577558	21.7984
3.67491	21.7822	0.49505	21.7984
3.67624	21.8234	0.577558	21.7984
3.7335	21.9059	0.49505	21.7984
3.73459	21.9472	0.577558	21.7984
3.73538	22.0297	0.49505	21.7984
3.73542	22.071	0.577558	21.7984
3.73555	22.071	0.577558	22.0708
3.73613	22.1535	0.49505	22.0708
3.73782	22.1947	0.577558	22.0708
3.74108	22.2772	0.49505	22.0708
3.74142	22.2772	0.577558	22.0708
3.74513	22.3597	0.49505	22.0708
3.76605	22.3597	0.49505	22.0708
3.76652	22.3597	0.660066	22.0708
3.769	22.4422	0.577558	22.0708
3.76932	22.5248	0.49505	22.0708
3.76935	22.566	0.577558	22.0708
3.76937	22.6073	0.660066	22.0708
3.76947	22.6898	0.577558	22.0708
3.78298	22.7723	0.49505	22.0708
3.78518	22.8135	0.577558	22.0708
3.81269	22.896	0.49505	22.0708
3.81322	22.896	0.49505	22.3433
3.81349	22.896	0.660066	22.3433
3.81501	22.9785	0.577558	22.3433
3.83256	23.0611	0.49505	22.3433
3.83476	23.1023	0.577558	22.3433
3.84035	23.1848	0.49505	22.3433
3.84205	23.1848	0.660066	22.3433
3.84545	23.2673	0.577558	22.3433
3.85516	23.3498	0.49505	22.3433
3.8874	23.3498	0.49505	22.6158
3.89315	23.3498	0.49505	22.8883
3.89384	23.3911	0.577558	22.8883
3.90399	23.4736	0.49505	22.8883
3.91019	23.4736	0.660066	22.8883
3.91223	23.5561	0.577558	22.8883
3.95359	23.6386	0.49505	22.8883
3.99851	23.6386	0.49505	23.1608
4.00201	23.6799	0.577558	23.1608
4.0032	23.6799	0.577558	23.4332
4.00382	23.7211	0.660066	23.4332
4.00626	23.8036	0.577558	23.4332
4.00808	23.8861	0.49505	23.4332
4.00963	23.8861	0.49505	23.7057
4.01325	23.9274	0.577558	23.7057
4.05347	24.0099	0.49505	23.7057
4.06337	24.0099	0.49505	23.9782
4.06547	24.0924	0.412541	23.9782
4.06726	24.1337	0.49505	23.9782
4.07381	24.2162	0.412541	23.9782
4.0739	24.2162	0.577558	23.9782
4.07585	24.2987	0.49505	23.9782
4.11446	24.3812	0.412541	23.9782
4.13551	24.3812	0.412541	24.2507
4.14204	24.3812	0.412541	24.5232
4.14223	24.3812	0.577558	24.5232
4.14249	24.4637	0.49505	24.5232
4.15101	24.5462	0.412541	24.5232
4.15317	24.5462	0.49505	24.5232
4.16008	24.6287	0.412541	24.5232
4.16146	24.67	0.49505	24.5232
4.16166	24.67	0.660066	24.5232
4.16241	24.7525	0.577558	24.5232
4.16723	24.835	0.49505	24.5232
4.16906	24.835	0.49505	24.7956
4.16921	24.8762	0.577558	24.7956
4.19407	24.9587	0.49505	24.7956
4.19686	25	0.577558	24.7956
4.21297	25.0825	0.49505	24.7956
4.24344	25.0825	0.49505	25.0681
4.25897	25.0825	0.49505	25.6131
4.26172	25.0825	0.49505	25.6131
4.26267	25.1238	0.577558	25.6131
4.27918	25.2063	0.49505	25.6131
4.28182	25.2063	0.49505	25.8856
4.29126	25.2063	0.49505	26.158
4.29927	25.2063	0.49505	26.158
4.30168	25.2063	0.577558	26.158
4.31738	25.2888	0.49505	26.158
4.31783	25.3713	0.412541	26.158
4.37282	25.3713	0.412541	26.4305
4.37438	25.3713	0.577558	26.4305
4.37497	25.3713	0.577558	26.703
4.37574	25.4538	0.49505	26.703
4.37723	25.5363	0.412541	26.703
4.37731	25.5776	0.49505	26.703
4.38524	25.6601	0.412541	26.703
4.39417	25.6601	0.412541	26.9755
4.42589	25.7013	0.49505	26.9755
4.42642	25.7426	0.577558	26.9755
4.42966	25.8251	0.49505	26.9755
4.43146	25.8663	0.577558	26.9755
4.43826	25.9488	0.49505	26.9755
4.44653	25.9901	0.577558	26.9755
4.45722	26.0726	0.49505	26.9755
4.45769	26.1139	0.577558	26.9755
4.46345	26.1964	0.49505	26.9755
4.46566	26.1964	0.660066	26.9755
4.46587	26.2789	0.577558	26.9755
4.46728	26.3614	0.49505	26.9755
4.46783	26.3614	0.660066	26.9755
4.47191	26.4439	0.577558	26.9755
4.48125	26.5264	0.49505	26.9755
4.48641	26.5264	0.49505	27.248
4.49774	26.6089	0.412541	27.248
4.5035	26.6089	0.412541	27.5204
4.53111	26.6089	0.412541	27.7929
4.53123	26.6089	0.577558	27.7929
4.53214	26.6914	0.49505	27.7929
4.5375	26.7739	0.412541	27.7929
4.56208	26.7739	0.412541	28.0654
4.56363	26.7739	0.412541	28.3379
4.57712	26.8564	0.330033	28.3379
4.57853	26.8977	0.412541	28.3379
4.58428	26.9802	0.330033	28.3379
4.58602	27.0215	0.412541	28.3379
4.58735	27.104	0.330033	28.3379
4.60885	27.104	0.330033	28.3379
4.6107	27.1452	0.412541	28.3379
4.62343	27.2277	0.330033	28.3379
4.62872	27.2277	0.330033	28.6104
4.63423	27.2277	0.330033	28.8828
4.63781	27.2277	0.330033	29.1553
4.65999	27.2277	0.330033	29.4278
4.66164	27.2277	0.330033	29.7003
4.66374	27.2277	0.49505	29.7003
4.66452	27.3102	0.412541	29.7003
4.67044	27.3927	0.330033	29.7003
4.67325	27.3927	0.412541	29.7003
4.68524	27.4752	0.330033	29.7003
4.68784	27.4752	0.330033	29.7003
4.6927	27.4752	0.330033	29.9728
4.69728	27.5165	0.412541	29.9728
4.70092	27.599	0.330033	29.9728
4.71556	27.599	0.330033	30.2452
4.74331	27.599	0.330033	30.5177
4.75272	27.599	0.330033	30.7902
4.7529	27.6403	0.412541	30.7902
4.76777	27.7228	0.330033	30.7902
4.76945	27.7228	0.412541	30.7902
4.77146	27.8053	0.330033	30.7902
4.77275	27.8053	0.412541	30.7902
4.80167	27.8878	0.330033	30.7902
4.82082	27.929	0.412541	30.7902
4.82615	27.929	0.412541	30.7902
4.82749	27.929	0.412541	31.0627
4.82954	27.9703	0.49505	31.0627
4.83292	28.0528	0.412541	31.0627
4.83358	28.0941	0.49505	31.0627
4.83427	28.1766	0.412541	31.0627
4.83451	28.2178	0.49505	31.0627
4.83555	28.3003	0.412541	31.0627
4.83572	28.3003	0.412541	31.3351
4.83762	28.3003	0.577558	31.3351
4.83839	28.3828	0.49505	31.3351
4.85793	28.4653	0.412541	31.3351
4.85982	28.4653	0.412541	31.3351
4.89588	28.4653	0.412541	31.6076
4.89922	28.4653	0.49505	31.6076
4.90252	28.5479	0.412541	31.6076
4.90898	28.5479	0.412541	31.8801
4.90926	28.5479	0.412541	32.1526
4.91141	28.5479	0.49505	32.1526
4.95624	28.6304	0.412541	32.1526
4.95732	28.6716	0.49505	32.1526
4.98377	28.7541	0.412541	32.1526
4.99407	28.7541	0.412541	32.4251
4.99463	28.7954	0.49505	32.4251
5.06049	28.8779	0.412541	32.4251
5.06401	28.9191	0.49505	32.4251
5.06421	28.9191	0.49505	32.6975
5.10533	29.0016	0.412541	32.6975
5.10855	29.0429	0.49505	32.6975
5.14065	29.1254	0.412541	32.6975
5.16489	29.1254	0.412541	32.97
5.166	29.1667	0.49505	32.97
5.16824	29.2492	0.412541	32.97
5.17094	29.2904	0.49505	32.97
5.20201	29.3729	0.412541	32.97
5.20216	29.4142	0.49505	32.97
5.21407	29.4967	0.412541	32.97
5.21579	29.538	0.49505	32.97
5.22287	29.538	0.577558	32.97
5.22382	29.6205	0.49505	32.97
5.22523	29.6205	0.49505	33.2425
5.22611	29.703	0.412541	33.2425
5.22612	29.703	0.49505	33.2425
5.25218	29.7855	0.412541	33.2425
5.25427	29.8267	0.49505	33.2425
5.26161	29.9092	0.412541	33.2425
5.29238	29.9092	0.412541	33.515
5.31547	29.9092	0.412541	33.7875
5.34602	29.9092	0.412541	34.0599
5.34904	29.9505	0.49505	34.0599
5.35272	30.033	0.412541	34.0599
5.3655	30.033	0.412541	34.6049
5.36554	30.0743	0.49505	34.6049
5.40763	30.1568	0.412541	34.6049
5.40788	30.198	0.49505	34.6049
5.42019	30.2805	0.412541	34.6049
5.42029	30.3218	0.49505	34.6049
5.45067	30.4043	0.412541	34.6049
5.45078	30.4043	0.577558	34.6049
5.45219	30.4868	0.49505	34.6049
5.46017	30.5693	0.412541	34.6049
5.46027	30.6106	0.49505	34.6049
5.51216	30.6931	0.412541	34.6049
5.51301	30.7343	0.49505	34.6049
5.54713	30.8168	0.412541	34.6049
5.5543	30.8581	0.49505	34.6049
5.61166	30.9406	0.412541	34.6049
5.61413	30.9818	0.49505	34.6049
5.61688	31.0644	0.412541	34.6049
5.62371	31.0644	0.412541	35.1499
5.62455	31.1056	0.49505	35.1499
5.62565	31.1881	0.412541	35.1499
5.63229	31.2294	0.49505	35.1499
5.63276	31.2294	0.577558	35.1499
5.65344	31.3119	0.49505	35.1499
5.6542	31.3944	0.412541	35.1499
5.65434	31.4356	0.49505	35.1499
5.70978	31.5182	0.412541	35.1499
5.71097	31.5182	0.577558	35.1499
5.71132	31.5182	0.742574	35.1499
5.71148	31.6007	0.660066	35.1499
5.71174	31.6832	0.577558	35.1499
5.71515	31.7657	0.49505	35.1499
5.7377	31.8482	0.412541	35.1499
5.73782	31.8482	0.577558	35.1499
5.73839	31.9307	0.49505	35.1499
5.75676	32.0132	0.412541	35.1499
5.75731	32.0132	0.577558	35.1499
5.75779	32.0957	0.49505	35.1499
5.76972	32.1782	0.412541	35.1499
5.76981	32.2195	0.49505	35.1499
5.76986	32.2195	0.660066	35.1499
5.77095	32.302	0.577558	35.1499
5.77137	32.3432	0.660066	35.1499
5.77149	32.4257	0.577558	35.1499
5.77303	32.5083	0.49505	35.1499
5.77768	32.5908	0.412541	35.1499
5.78062	32.6733	0.330033	35.1499
5.78161	32.7145	0.412541	35.1499
5.8264	32.797	0.330033	35.1499
5.82804	32.8383	0.412541	35.1499
5.87805	32.9208	0.330033	35.1499
5.93723	32.9208	0.330033	35.4223
5.9569	32.9208	0.330033	35.6948
5.99514	32.9208	0.330033	35.9673
5.99707	32.9208	0.330033	36.2398
6.05247	32.9208	0.330033	36.5123
6.0532	32.962	0.412541	36.5123
6.06409	33.0446	0.330033	36.5123
6.07698	33.0446	0.330033	36.7847
6.07928	33.0858	0.412541	36.7847
6.11418	33.1683	0.330033	36.7847
6.11439	33.1683	0.412541	36.7847
6.18307	33.2508	0.330033	36.7847
6.1835	33.2921	0.412541	36.7847
6.2119	33.3746	0.330033	36.7847
6.21209	33.3746	0.49505	36.7847
6.21801	33.4571	0.412541	36.7847
6.21809	33.4983	0.49505	36.7847
6.21872	33.5809	0.412541	36.7847
6.22113	33.6634	0.330033	36.7847
6.22126	33.7046	0.412541	36.7847
6.23728	33.7871	0.330033	36.7847
6.26801	33.7871	0.330033	37.0572
6.27336	33.8284	0.412541	37.0572
6.27678	33.9109	0.330033	37.0572
6.279	33.9934	0.247525	37.0572
6.31864	33.9934	0.247525	37.3297
6.3187	33.9934	0.412541	37.3297
6.31988	34.0759	0.330033	37.3297
6.35625	34.1584	0.247525	37.3297
6.35672	34.1584	0.412541	37.3297
6.36131	34.2409	0.330033	37.3297
6.36959	34.3234	0.247525	37.3297
6.391	34.3234	0.247525	37.6022
6.40922	34.3234	0.247525	37.8747
6.42157	34.3234	0.247525	38.4196
6.42411	34.3234	0.330033	38.4196
6.42974	34.4059	0.247525	38.4196
6.43134	34.4472	0.330033	38.4196
6.43203	34.4884	0.412541	38.4196
6.44064	34.571	0.330033	38.4196
6.44331	34.571	0.330033	38.6921
6.48753	34.571	0.330033	39.2371
6.48801	34.6122	0.412541	39.2371
6.4904	34.6947	0.330033	39.2371
6.51912	34.6947	0.330033	39.5095
6.53542	34.6947	0.330033	39.782
6.57544	34.6947	0.330033	40.327
6.57566	34.6947	0.49505	40.327
6.57664	34.7772	0.412541	40.327
6.61038	34.8597	0.330033	40.327
6.61108	34.8597	0.49505	40.327
6.61475	34.9422	0.412541	40.327
6.6328	35.0248	0.330033	40.327
6.63582	35.066	0.412541	40.327
6.63684	35.1073	0.49505	40.327
6.64158	35.1898	0.412541	40.327
6.65066	35.2723	0.330033	40.327
6.65096	35.3135	0.412541	40.327
6.65181	35.396	0.330033	40.327
6.65263	35.396	0.412541	40.327
6.65467	35.4785	0.330033	40.327
6.65525	35.4785	0.412541	40.327
6.67608	35.5611	0.330033	40.327
6.67831	35.6023	0.412541	40.327
6.69863	35.6848	0.330033	40.327
6.69981	35.6848	0.49505	40.327
6.70156	35.7673	0.412541	40.327
6.70526	35.8498	0.330033	40.327
6.70647	35.8498	0.412541	40.327
6.70692	35.9323	0.330033	40.327
6.76991	35.9323	0.330033	40.5995
6.80201	35.9323	0.330033	40.8719
6.80546	35.9323	0.330033	41.1444
6.80573	35.9323	0.49505	41.1444
6.80743	36.0149	0.412541	41.1444
6.81846	36.0149	0.412541	41.4169
6.82056	36.0974	0.330033	41.4169
6.8209	36.0974	0.49505	41.4169
6.8212	36.1799	0.412541	41.4169
6.84998	36.2624	0.330033	41.4169
6.85622	36.3036	0.412541	41.4169
6.85914	36.3861	0.330033	41.4169
6.85952	36.4274	0.412541	41.4169
6.86501	36.5099	0.330033	41.4169
6.86564	36.5512	0.412541	41.4169
6.92897	36.6337	0.330033	41.4169
6.92929	36.6749	0.412541	41.4169
6.95677	36.7574	0.330033	41.4169
6.96167	36.7574	0.330033	41.9619
6.96236	36.7987	0.412541	41.9619
6.96886	36.8812	0.330033	41.9619
6.97134	36.9224	0.412541	41.9619
6.99903	37.005	0.330033	41.9619
6.99958	37.0462	0.412541	41.9619
6.99966	37.0462	0.577558	41.9619
6.99982	37.1287	0.49505	41.9619
7.00004	37.1287	0.577558	41.9619
7.00033	37.2112	0.49505	41.9619
7.0009	37.2937	0.412541	41.9619
7.00266	37.335	0.49505	41.9619
7.00306	37.4175	0.412541	41.9619
7.01423	37.5	0.330033	41.9619
7.02912	37.5	0.330033	42.2343
7.03214	37.5	0.49505	42.2343
7.03346	37.5825	0.412541	42.2343
7.04167	37.665	0.330033	42.2343
7.04228	37.665	0.49505	42.2343
7.04574	37.7475	0.412541	42.2343
7.08626	37.83	0.330033	42.2343
7.08759	37.83	0.330033	42.5068
7.16131	37.83	0.330033	42.7793
7.16158	37.83	0.412541	42.7793
7.20432	37.9125	0.330033	42.7793
7.20505	37.9538	0.412541	42.7793
7.22284	38.0363	0.330033	42.7793
7.22349	38.0363	0.49505	42.7793
7.22545	38.1188	0.412541	42.7793
7.25025	38.2013	0.330033	42.7793
7.25086	38.2426	0.412541	42.7793
7.25894	38.3251	0.330033	42.7793
7.26242	38.3663	0.412541	42.7793
7.26564	38.4488	0.330033	42.7793
7.28301	38.4488	0.330033	42.7793
7.28865	38.4488	0.412541	42.7793
7.30091	38.5314	0.330033	42.7793
7.31427	38.6139	0.247525	42.7793
7.31573	38.6551	0.330033	42.7793
7.33239	38.7376	0.247525	42.7793
7.38575	38.7376	0.247525	43.0518
7.38619	38.7789	0.330033	43.0518
7.43573	38.8614	0.247525	43.0518
7.46267	38.9439	0.165017	43.0518
7.464	38.9439	0.330033	43.0518
7.46439	39.0264	0.247525	43.0518
7.49413	39.1089	0.165017	43.0518
7.49586	39.1089	0.247525	43.0518
7.52745	39.1914	0.165017	43.0518
7.52965	39.2327	0.247525	43.0518
7.60411	39.3152	0.165017	43.0518
7.60572	39.3152	0.165017	43.3242
7.6064	39.3152	0.330033	43.3242
7.60675	39.3977	0.247525	43.3242
7.65076	39.4802	0.165017	43.3242
7.6515	39.4802	0.330033	43.3242
7.65155	39.5627	0.247525	43.3242
7.68713	39.6452	0.165017	43.3242
7.68903	39.6452	0.165017	43.5967
7.69667	39.6452	0.165017	44.1417
7.7014	39.6452	0.330033	44.1417
7.70236	39.7277	0.247525	44.1417
7.71398	39.8102	0.165017	44.1417
7.71738	39.8102	0.165017	44.4142
7.71871	39.8927	0.0825083	44.4142
7.7229	39.934	0.165017	44.4142
7.73767	40.0165	0.0825083	44.4142
7.73925	40.0578	0.165017	44.4142
7.74057	40.1403	0.0825083	44.4142
7.74266	40.1403	0.0825083	44.6866
7.7433	40.1403	0.247525	44.6866
7.74517	40.1403	0.330033	44.6866
7.75116	40.2228	0.247525	44.6866
7.78587	40.2228	0.247525	44.9591
7.79001	40.2228	0.247525	45.2316
7.79034	40.2228	0.412541	45.2316
7.79585	40.3053	0.330033	45.2316
7.8256	40.3878	0.247525	45.2316
7.84974	40.3878	0.247525	45.5041
7.87352	40.3878	0.247525	46.049
7.87524	40.429	0.330033	46.049
7.91487	40.5116	0.247525	46.049
7.93415	40.5116	0.247525	46.3215
7.93537	40.5528	0.330033	46.3215
7.96704	40.6353	0.247525	46.3215
7.96721	40.6766	0.330033	46.3215
7.96731	40.6766	0.49505	46.3215
7.96808	40.7591	0.412541	46.3215
7.97447	40.8416	0.330033	46.3215
7.98974	40.9241	0.247525	46.3215
7.99027	40.9653	0.330033	46.3215
7.99226	41.0479	0.247525	46.3215
7.99448	41.1304	0.165017	46.3215
8.01902	41.1304	0.165017	46.594
8.03553	41.1304	0.165017	46.8665
8.03647	41.1304	0.247525	46.8665
8.07637	41.2129	0.165017	46.8665
8.09356	41.2129	0.165017	47.139
8.09769	41.2129	0.165017	47.4114
8.13265	41.2129	0.165017	47.6839
8.14931	41.2129	0.165017	47.9564
8.15273	41.2541	0.247525	47.9564
8.15711	41.3366	0.165017	47.9564
8.15753	41.3779	0.247525	47.9564
8.17394	41.4604	0.165017	47.9564
8.17401	41.5017	0.247525	47.9564
8.18736	41.5842	0.165017	47.9564
8.18776	41.6254	0.247525	47.9564
8.2183	41.7079	0.165017	47.9564
8.21994	41.7492	0.247525	47.9564
8.22359	41.7492	0.247525	48.2289
8.23821	41.8317	0.165017	48.2289
8.23974	41.8729	0.247525	48.2289
8.31251	41.9554	0.165017	48.2289
8.31299	41.9554	0.247525	48.2289
8.40821	42.038	0.165017	48.2289
8.45333	42.038	0.165017	48.5014
8.45389	42.038	0.247525	48.5014
8.58275	42.1205	0.165017	48.5014
8.58454	42.1617	0.247525	48.5014
8.5855	42.1617	0.247525	48.7738
8.5865	42.203	0.330033	48.7738
8.588	42.2855	0.247525	48.7738
8.5893	42.368	0.165017	48.7738
8.59052	42.368	0.165017	49.0463
8.59097	42.4092	0.247525	49.0463
8.63135	42.4917	0.165017	49.0463
8.65105	42.4917	0.165017	49.3188
8.66539	42.4917	0.165017	49.3188
8.7063	42.4917	0.165017	49.5913
8.71017	42.4917	0.247525	49.5913
8.73806	42.5743	0.165017	49.5913
8.74733	42.5743	0.165017	50.1362
8.74735	42.5743	0.330033	50.1362
8.74833	42.6568	0.247525	50.1362
8.80626	42.7393	0.165017	50.1362
8.80684	42.7393	0.330033	50.1362
8.80698	42.8218	0.247525	50.1362
8.87944	42.9043	0.165017	50.1362
8.88129	42.9455	0.247525	50.1362
8.89003	43.0281	0.165017	50.1362
8.89191	43.0693	0.247525	50.1362
8.89273	43.0693	0.330033	50.1362
8.89546	43.1518	0.247525	50.1362
8.92747	43.2343	0.165017	50.1362
8.939	43.2343	0.165017	50.1362
8.93968	43.2343	0.247525	50.1362
8.95059	43.3168	0.165017	50.1362
8.95179	43.3168	0.247525	50.1362
8.97741	43.3993	0.165017	50.1362
8.97778	43.4406	0.247525	50.1362
8.98399	43.5231	0.165017	50.1362
8.98542	43.5644	0.247525	50.1362
8.99998	43.6469	0.165017	50.1362
9.00005	43.6881	0.247525	50.1362
9.07178	43.7706	0.165017	50.1362
9.07664	43.7706	0.330033	50.1362
9.07886	43.8531	0.247525	50.1362
9.08663	43.9356	0.165017	50.1362
9.09009	43.9769	0.247525	50.1362
9.11558	44.0594	0.165017	50.1362
9.11586	44.0594	0.330033	50.1362
9.12304	44.1419	0.247525	50.1362
9.12356	44.1832	0.330033	50.1362
9.1236	44.2657	0.247525	50.1362
9.12515	44.3069	0.330033	50.1362
9.13021	44.3894	0.247525	50.1362
9.17062	44.3894	0.247525	50.6812
9.17079	44.3894	0.247525	51.2262
9.17085	44.4307	0.330033	51.2262
9.23712	44.5132	0.247525	51.2262
9.23845	44.5545	0.330033	51.2262
9.24713	44.637	0.247525	51.2262
9.2475	44.637	0.412541	51.2262
9.24885	44.7195	0.330033	51.2262
9.26695	44.802	0.247525	51.2262
9.26707	44.802	0.412541	51.2262
9.2692	44.8845	0.330033	51.2262
9.27695	44.967	0.247525	51.2262
9.27756	44.967	0.412541	51.2262
9.27888	45.0495	0.330033	51.2262
9.28179	45.0908	0.412541	51.2262
9.28344	45.1733	0.330033	51.2262
9.33166	45.2558	0.247525	51.2262
9.33191	45.297	0.330033	51.2262
9.34725	45.3795	0.247525	51.2262
9.38383	45.3795	0.247525	51.4986
9.38472	45.3795	0.412541	51.4986
9.38596	45.462	0.330033	51.4986
9.38678	45.5446	0.247525	51.4986
9.38821	45.5446	0.412541	51.4986
9.38887	45.6271	0.330033	51.4986
9.39578	45.7096	0.247525	51.4986
9.39589	45.7096	0.330033	51.4986
9.39628	45.7096	0.49505	51.4986
9.39632	45.7921	0.412541	51.4986
9.39672	45.8746	0.330033	51.4986
9.41433	45.9571	0.247525	51.4986
9.41883	45.9983	0.330033	51.4986
9.44939	46.0809	0.247525	51.4986
9.48938	46.1634	0.165017	51.4986
9.49361	46.1634	0.247525	51.4986
9.50014	46.2459	0.165017	51.4986
9.51425	46.2459	0.165017	52.0436
9.51489	46.2459	0.330033	52.0436
9.51594	46.3284	0.247525	52.0436
9.53317	46.4109	0.165017	52.0436
9.54367	46.4109	0.165017	52.3161
9.58715	46.4934	0.0825083	52.3161
9.61932	46.4934	0.0825083	52.5886
9.61949	46.4934	0.165017	52.5886
9.63463	46.5759	0.0825083	52.5886
9.63587	46.6172	0.165017	52.5886
9.67084	46.6997	0.0825083	52.5886
9.68868	46.6997	0.0825083	52.861
9.68971	46.6997	0.247525	52.861
9.69059	46.7822	0.165017	52.861
9.7199	46.8647	0.0825083	52.861
9.72125	46.8647	0.247525	52.861
9.72175	46.9472	0.165017	52.861
9.74861	47.0297	0.0825083	52.861
9.78954	47.0297	0.0825083	53.406
9.79155	47.0297	0.0825083	53.6785
9.8249	47.0297	0.0825083	53.951
9.82745	47.071	0.165017	53.951
9.85344	47.1535	0.0825083	53.951
9.85512	47.1535	0.247525	53.951
9.85762	47.236	0.165017	53.951
9.85859	47.236	0.165017	54.2234
9.8783	47.3185	0.0825083	54.2234
9.87899	47.3185	0.247525	54.2234
9.8794	47.401	0.165017	54.2234
9.88279	47.4835	0.0825083	54.2234
9.88678	47.4835	0.165017	54.2234
9.93452	47.566	0.0825083	54.2234
9.93505	47.6073	0.165017	54.2234
9.94569	47.6898	0.0825083	54.2234
9.94785	47.731	0.165017	54.2234
9.97775	47.8135	0.0825083	54.2234
9.98083	47.8548	0.165017	54.2234
10.0179	47.9373	0.0825083	54.2234
10.0182	47.9785	0.165017	54.2234
10.0363	48.0611	0.0825083	54.2234
10.0555	48.0611	0.0825083	54.4959
10.1055	48.0611	0.0825083	55.0409
10.1056	48.1023	0.165017	55.0409
10.1294	48.1848	0.0825083	55.0409
10.1318	48.1848	0.247525	55.0409
10.1326	48.2673	0.165017	55.0409
10.1456	48.3498	0.0825083	55.0409
10.1537	48.3498	0.165017	55.0409
10.1551	48.4323	0.0825083	55.0409
10.1563	48.5149	0	55.0409
10.1607	48.5561	0.0825083	55.0409
10.1856	48.6386	0	55.0409
10.186	48.6799	0.0825083	55.0409
10.2071	48.7624	0	55.0409
10.2078	48.8036	0.0825083	55.0409
10.2339	48.8861	0	55.0409
10.2344	48.9274	0.0825083	55.0409
10.2686	49.0099	0	55.0409
10.2686	49.0512	0.0825083	55.0409
10.3246	49.1337	0	55.0409
10.3263	49.1749	0.0825083	55.0409
10.3265	49.2162	0.165017	55.0409
10.3295	49.2987	0.0825083	55.0409
10.3319	49.3812	0	55.0409
10.3625	49.3812	0	55.5858
10.3714	49.3812	0	55.8583
10.3733	49.3812	0	56.4033
10.4101	49.3812	0	56.6758
10.4114	49.4224	0.0825083	56.6758
10.4293	49.505	0	56.6758
10.4296	49.505	0.0825083	56.6758
10.4653	49.5875	0	56.6758
10.467	49.6287	0.0825083	56.6758
10.4702	49.6287	0.0825083	56.9482
10.475	49.7112	0	56.9482
10.4762	49.7112	0.165017	56.9482
10.4768	49.7937	0.0825083	56.9482
10.4773	49.835	0.165017	56.9482
10.4808	49.9175	0.0825083	56.9482
10.6511	50	0	56.9482
10.6519	50	0.0825083	56.9482
10.6764	50.0825	0	56.9482
10.6775	50.0825	0.165017	56.9482
10.6795	50.165	0.0825083	56.9482
10.7153	50.2475	0	56.9482
10.7185	50.2888	0.0825083	56.9482
10.7212	50.3713	0	56.9482
10.7222	50.3713	0	57.2207
10.7885	50.3713	0	57.4932
10.883	50.3713	0	57.7657
10.8832	50.3713	0.0825083	57.7657
10.962	50.4538	0	57.7657
10.9629	50.495	0.0825083	57.7657
10.9908	50.5776	0	57.7657
11.0697	50.5776	0	58.3106
11.0725	50.6188	0.0825083	58.3106
11.0759	50.7013	0	58.3106
11.0786	50.7426	0.0825083	58.3106
11.0848	50.7426	0.0825083	58.8556
11.1127	50.8251	0	58.8556
11.1146	50.8663	0.0825083	58.8556
11.1303	50.9488	0	58.8556
11.1408	50.9488	0	59.1281
11.1415	50.9901	0.0825083	59.1281
11.1809	51.0726	0	59.1281
11.1816	51.1139	0.0825083	59.1281
11.2127	51.1964	0	59.1281
11.2138	51.2376	0.0825083	59.1281
11.2474	51.3201	0	59.1281
11.2477	51.3201	0.165017	59.1281
11.2497	51.4026	0.0825083	59.1281
11.2563	51.4851	0	59.1281
11.2572	51.4851	0.0825083	59.1281
11.2754	51.5677	0	59.1281
11.2755	51.6089	0.0825083	59.1281
11.4044	51.6914	0	59.1281
11.4092	51.7327	0.0825083	59.1281
11.4388	51.8152	0	59.1281
11.4818	51.8152	0	59.4005
11.4839	51.8564	0.0825083	59.4005
11.4858	51.8977	0.165017	59.4005
11.4861	51.9802	0.0825083	59.4005
11.4888	52.0627	0	59.4005
11.5282	52.0627	0	59.9455
11.5295	52.104	0.0825083	59.9455
11.5827	52.1865	0	59.9455
11.5869	52.2277	0.0825083	59.9455
11.6289	52.3102	0	59.9455
11.6289	52.3515	0.0825083	59.9455
11.6302	52.434	0	59.9455
11.6355	52.4752	0.0825083	59.9455
11.6407	52.5578	0	59.9455
11.6435	52.599	0.0825083	59.9455
11.6455	52.6815	0	59.9455
11.6472	52.7228	0.0825083	59.9455
11.6885	52.8053	0	59.9455
11.842	52.8053	0	60.218
11.8472	52.8053	0	60.4905
11.8665	52.8053	0	61.0354
11.8799	52.8053	0	61.3079
11.9614	52.8053	0	61.8529
11.9642	52.8053	0.0825083	61.8529
12.0167	52.8878	0	61.8529
12.1116	52.8878	0	62.3978
12.1124	52.929	0.0825083	62.3978
12.1622	53.0116	0	62.3978
12.1659	53.0528	0.0825083	62.3978
12.1887	53.1353	0	62.3978
12.19	53.1766	0.0825083	62.3978
12.2665	53.2591	0	62.3978
12.2669	53.3003	0.0825083	62.3978
12.3479	53.3828	0	62.3978
12.3541	53.4241	0.0825083	62.3978
12.4276	53.5066	0	62.3978
12.4278	53.5479	0.0825083	62.3978
12.4759	53.6304	0	62.3978
12.4779	53.6716	0.0825083	62.3978
12.4953	53.7541	0	62.3978
12.4953	53.7954	0.0825083	62.3978
12.5097	53.8779	0	62.3978
12.5175	53.9191	0.0825083	62.3978
12.5657	53.9191	0.0825083	62.6703
12.5665	53.9191	0.165017	62.6703
12.5909	54.0017	0.0825083	62.6703
12.6758	54.0017	0.0825083	62.9428
12.6809	54.0429	0.165017	62.9428
12.6921	54.1254	0.0825083	62.9428
12.8344	54.1254	0.0825083	63.2153
12.8365	54.1667	0.165017	63.2153
12.8661	54.2492	0.0825083	63.2153
12.9201	54.2492	0.0825083	63.4877
12.9871	54.2492	0.0825083	64.0327
12.9875	54.2492	0.247525	64.0327
12.9886	54.3317	0.165017	64.0327
13.0166	54.4142	0.0825083	64.0327
13.018	54.4554	0.165017	64.0327
13.1888	54.538	0.0825083	64.0327
13.1967	54.538	0.0825083	64.5777
13.1999	54.5792	0.165017	64.5777
13.2797	54.6617	0.0825083	64.5777
13.2952	54.6617	0.0825083	64.8501
13.2955	54.703	0.165017	64.8501
13.3536	54.7855	0.0825083	64.8501
13.3557	54.8267	0.165017	64.8501
13.4026	54.9092	0.0825083	64.8501
13.4176	54.9092	0.0825083	65.1226
13.4289	54.9505	0.165017	65.1226
13.472	55.033	0.0825083	65.1226
13.4759	55.0743	0.165017	65.1226
13.5821	55.1568	0.0825083	65.1226
13.5853	55.198	0.165017	65.1226
13.6708	55.2805	0.0825083	65.1226
13.6717	55.2805	0.165017	65.1226
13.8317	55.363	0.0825083	65.1226
13.8794	55.363	0.0825083	65.3951
13.8861	55.4043	0.165017	65.3951
13.917	55.4868	0.0825083	65.3951
13.9243	55.5281	0.165017	65.3951
13.9279	55.6106	0.0825083	65.3951
13.9284	55.6106	0.165017	65.3951
13.956	55.6931	0.0825083	65.3951
14.0448	55.6931	0.0825083	65.6676
14.0758	55.6931	0.0825083	66.2125
14.0763	55.6931	0.165017	66.2125
14.0771	55.7756	0.0825083	66.2125
14.0802	55.7756	0.165017	66.2125
14.0853	55.8581	0.0825083	66.2125
14.1339	55.8581	0.0825083	66.485
14.134	55.8993	0.165017	66.485
14.1882	55.9818	0.0825083	66.485
14.1884	55.9818	0.247525	66.485
14.1894	56.0644	0.165017	66.485
14.1988	56.1469	0.0825083	66.485
14.1992	56.1469	0.247525	66.485
14.2022	56.2294	0.165017	66.485
14.2035	56.2706	0.247525	66.485
14.204	56.3531	0.165017	66.485
14.2215	56.4356	0.0825083	66.485
14.2533	56.4356	0.0825083	67.03
14.2667	56.4356	0.0825083	67.5749
14.2779	56.4356	0.0825083	67.8474
14.2794	56.4356	0.247525	67.8474
14.2809	56.5182	0.165017	67.8474
14.3079	56.6007	0.0825083	67.8474
14.3289	56.6007	0.0825083	68.3924
14.3311	56.6419	0.165017	68.3924
14.3825	56.7244	0.0825083	68.3924
14.3827	56.7657	0.165017	68.3924
14.3831	56.7657	0.330033	68.3924
14.3833	56.8482	0.247525	68.3924
14.3851	56.9307	0.165017	68.3924
14.4857	57.0132	0.0825083	68.3924
14.4864	57.0545	0.165017	68.3924
14.521	57.137	0.0825083	68.3924
14.5228	57.1782	0.165017	68.3924
14.5262	57.2607	0.0825083	68.3924
14.5271	57.2607	0.165017	68.3924
14.5279	57.302	0.247525	68.3924
14.5281	57.3845	0.165017	68.3924
14.5293	57.467	0.0825083	68.3924
14.5885	57.467	0.0825083	68.6648
14.5889	57.467	0.0825083	68.9373
14.5899	57.5083	0.165017	68.9373
14.6526	57.5908	0.0825083	68.9373
14.7252	57.5908	0.0825083	69.2098
14.7263	57.632	0.165017	69.2098
14.7347	57.7145	0.0825083	69.2098
14.7875	57.7145	0.0825083	69.4823
14.8014	57.7145	0.0825083	70.0272
14.8025	57.7145	0.247525	70.0272
14.805	57.797	0.165017	70.0272
14.8285	57.8795	0.0825083	70.0272
14.8288	57.8795	0.165017	70.0272
14.8484	57.962	0.0825083	70.0272
14.8495	58.0033	0.165017	70.0272
14.9054	58.0858	0.0825083	70.0272
14.9138	58.1271	0.165017	70.0272
14.9155	58.2096	0.0825083	70.0272
14.9214	58.2096	0.0825083	70.5722
14.9287	58.2096	0.165017	70.5722
14.9291	58.2508	0.247525	70.5722
14.9602	58.3333	0.165017	70.5722
15.1138	58.3333	0.165017	70.8447
15.1149	58.3746	0.247525	70.8447
15.2103	58.4571	0.165017	70.8447
15.211	58.4571	0.247525	70.8447
15.2978	58.5396	0.165017	70.8447
15.2983	58.5396	0.330033	70.8447
15.2987	58.6221	0.247525	70.8447
15.3132	58.7046	0.165017	70.8447
15.314	58.7459	0.247525	70.8447
15.3184	58.8284	0.165017	70.8447
15.3216	58.8696	0.247525	70.8447
15.3624	58.9521	0.165017	70.8447
15.3624	58.9521	0.330033	70.8447
15.3629	59.0347	0.247525	70.8447
15.4074	59.1172	0.165017	70.8447
15.4077	59.1584	0.247525	70.8447
15.492	59.2409	0.165017	70.8447
15.5779	59.2409	0.165017	71.3896
15.5786	59.2822	0.247525	71.3896
15.6376	59.3647	0.165017	71.3896
15.6703	59.3647	0.165017	71.6621
15.672	59.4059	0.247525	71.6621
15.6964	59.4884	0.165017	71.6621
15.6976	59.5297	0.247525	71.6621
15.7944	59.6122	0.165017	71.6621
15.7947	59.6122	0.330033	71.6621
15.7968	59.6947	0.247525	71.6621
15.8182	59.7772	0.165017	71.6621
15.8444	59.7772	0.165017	71.9346
15.8452	59.7772	0.247525	71.9346
15.8714	59.8597	0.165017	71.9346
15.9901	59.8597	0.165017	72.4796
15.9933	59.901	0.247525	72.4796
16.0174	59.9835	0.165017	72.4796
16.0175	59.9835	0.330033	72.4796
16.0181	60.0248	0.412541	72.4796
16.0214	60.1073	0.330033	72.4796
16.025	60.1898	0.247525	72.4796
16.025	60.231	0.330033	72.4796
16.0306	60.3135	0.247525	72.4796
16.0359	60.396	0.165017	72.4796
16.0488	60.396	0.165017	72.4796
16.2002	60.396	0.165017	73.0245
16.2026	60.4373	0.247525	73.0245
16.3039	60.5198	0.165017	73.0245
16.3319	60.6023	0.0825083	73.0245
16.3336	60.6436	0.165017	73.0245
16.3381	60.7261	0.0825083	73.0245
16.3402	60.7673	0.165017	73.0245
16.3986	60.8498	0.0825083	73.0245
16.3986	60.8911	0.165017	73.0245
16.4099	60.9736	0.0825083	73.0245
16.4121	60.9736	0.165017	73.0245
16.4474	61.0561	0.0825083	73.0245
16.4474	61.0974	0.165017	73.0245
16.4579	61.1799	0.0825083	73.0245
16.4594	61.1799	0.247525	73.0245
16.4595	61.2624	0.165017	73.0245
16.5801	61.3449	0.0825083	73.0245
16.5802	61.3449	0.247525	73.0245
16.5876	61.4274	0.165017	73.0245
16.5906	61.5099	0.0825083	73.0245
16.6595	61.5099	0.0825083	73.5695
16.6655	61.5512	0.165017	73.5695
16.7027	61.6337	0.0825083	73.5695
16.7032	61.6749	0.165017	73.5695
16.7202	61.7574	0.0825083	73.5695
16.7218	61.7987	0.165017	73.5695
16.8805	61.8812	0.0825083	73.5695
16.8813	61.9224	0.165017	73.5695
16.9002	62.005	0.0825083	73.5695
16.9012	62.0462	0.165017	73.5695
16.9391	62.1287	0.0825083	73.5695
16.9396	62.17	0.165017	73.5695
16.9639	62.2525	0.0825083	73.5695
16.9641	62.2937	0.165017	73.5695
17.0385	62.3762	0.0825083	73.5695
17.0396	62.4175	0.165017	73.5695
17.0828	62.5	0.0825083	73.5695
17.0861	62.5413	0.165017	73.5695
17.1048	62.6238	0.0825083	73.5695
17.105	62.665	0.165017	73.5695
17.1278	62.7475	0.0825083	73.5695
17.1291	62.7888	0.165017	73.5695
17.3396	62.8713	0.0825083	73.5695
17.3452	62.9125	0.165017	73.5695
17.4684	62.995	0.0825083	73.5695
17.5213	62.995	0.0825083	74.1144
17.5744	63.0776	0	74.1144
17.5748	63.0776	0.165017	74.1144
17.576	63.1601	0.0825083	74.1144
17.5775	63.2426	0	74.1144
17.5783	63.2838	0.0825083	74.1144
17.653	63.3663	0	74.1144
17.6546	63.4076	0.0825083	74.1144
17.6619	63.4901	0	74.1144
17.6628	63.4901	0.0825083	74.1144
17.6778	63.5726	0	74.1144
17.6797	63.6139	0.0825083	74.1144
17.7351	63.6964	0	74.1144
17.7645	63.6964	0	74.3869
17.7669	63.7376	0.0825083	74.3869
17.7903	63.8201	0	74.3869
17.8125	63.8614	0.0825083	74.3869
17.8162	63.9026	0.165017	74.3869
17.8781	63.9851	0.0825083	74.3869
17.8787	63.9851	0.165017	74.3869
17.8986	64.0677	0.0825083	74.3869
17.993	64.0677	0.0825083	74.9319
17.9943	64.1089	0.165017	74.9319
18.0053	64.1914	0.0825083	74.9319
18.0067	64.2327	0.165017	74.9319
18.1044	64.3152	0.0825083	74.9319
18.2312	64.3977	0	74.9319
18.3539	64.3977	0	75.4768
18.3562	64.4389	0.0825083	75.4768
18.426	64.5215	0	75.4768
18.4264	64.5627	0.0825083	75.4768
18.4305	64.604	0.165017	75.4768
18.4387	64.6865	0.0825083	75.4768
18.4426	64.7277	0.165017	75.4768
18.4668	64.8102	0.0825083	75.4768
18.4673	64.8515	0.165017	75.4768
18.4681	64.934	0.0825083	75.4768
18.47	64.934	0.247525	75.4768
18.4701	65.0165	0.165017	75.4768
18.5582	65.099	0.0825083	75.4768
18.5608	65.099	0.247525	75.4768
18.5634	65.1815	0.165017	75.4768
18.6401	65.264	0.0825083	75.4768
18.6413	65.264	0.165017	75.4768
18.7856	65.3465	0.0825083	75.4768
18.8243	65.3465	0.0825083	75.7493
18.9378	65.3465	0.0825083	76.0218
19.1202	65.3465	0.165017	76.0218
19.1262	65.3465	0.247525	76.0218
19.4114	65.429	0.165017	76.0218
19.5888	65.5116	0.0825083	76.0218
19.6333	65.5116	0.0825083	76.2943
19.6364	65.5528	0.165017	76.2943
19.7522	65.6353	0.0825083	76.2943
19.7529	65.6353	0.247525	76.2943
19.7532	65.7178	0.165017	76.2943
19.8169	65.8003	0.0825083	76.2943
19.9517	65.8003	0.0825083	76.5668
19.9539	65.8416	0.165017	76.5668
20.0175	65.9241	0.0825083	76.5668
20.0706	66.0066	0	76.5668
20.0733	66.0479	0.0825083	76.5668
20.1282	66.1304	0	76.5668
20.1286	66.1716	0.0825083	76.5668
20.307	66.2541	0	76.5668
20.3072	66.2954	0.0825083	76.5668
20.3947	66.3779	0	76.5668
20.6897	66.3779	0	77.1117
20.6911	66.4191	0.0825083	77.1117
20.7464	66.5016	0	77.1117
20.7464	66.5016	0.165017	77.1117
20.7481	66.5842	0.0825083	77.1117
20.9838	66.6667	0	77.1117
21.0387	66.6667	0	77.6567
21.0392	66.6667	0.0825083	77.6567
21.1744	66.7492	0	77.6567
21.1773	66.7904	0.0825083	77.6567
21.2901	66.8729	0	77.6567
21.2912	66.8729	0.165017	77.6567
21.2913	66.9554	0.0825083	77.6567
21.5525	67.038	0	77.6567
21.5583	67.0792	0.0825083	77.6567
21.5973	67.1617	0	77.6567
21.6043	67.1617	0.0825083	77.6567
21.6117	67.2442	0	77.6567
21.6121	67.2855	0.0825083	77.6567
21.6147	67.368	0	77.6567
21.6163	67.4092	0.0825083	77.6567
21.7652	67.4918	0	77.6567
21.7693	67.533	0.0825083	77.6567
21.825	67.6155	0	77.6567
21.8252	67.6568	0.0825083	77.6567
21.9553	67.7393	0	77.6567
21.9567	67.7805	0.0825083	77.6567
21.9919	67.863	0	77.6567
21.9919	67.9043	0.0825083	77.6567
22.057	67.9868	0	77.6567
22.0577	67.9868	0.165017	77.6567
22.061	68.0693	0.0825083	77.6567
22.1634	68.1518	0	77.6567
22.1669	68.1931	0.0825083	77.6567
22.4514	68.2756	0	77.6567
22.4518	68.3168	0.0825083	77.6567
22.4593	68.3993	0	77.6567
22.4596	68.3993	0.165017	77.6567
22.4609	68.4818	0.0825083	77.6567
22.5829	68.5644	0	77.6567
22.5834	68.6056	0.0825083	77.6567
22.6637	68.6881	0	77.6567
22.6651	68.6881	0.165017	77.6567
22.6658	68.7706	0.0825083	77.6567
22.8448	68.8531	0	77.6567
22.8869	68.8531	0.165017	77.6567
22.889	68.8944	0.247525	77.6567
22.9584	68.9769	0.165017	77.6567
22.9588	69.0182	0.247525	77.6567
22.973	69.1007	0.165017	77.6567
22.9746	69.1419	0.247525	77.6567
23.0839	69.2244	0.165017	77.6567
23.0849	69.2244	0.247525	77.6567
23.138	69.3069	0.165017	77.6567
23.3219	69.3069	0.165017	78.2016
23.3224	69.3482	0.247525	78.2016
23.4062	69.4307	0.165017	78.2016
23.4084	69.4307	0.330033	78.2016
23.4086	69.5132	0.247525	78.2016
23.5534	69.5957	0.165017	78.2016
23.5536	69.637	0.247525	78.2016
23.7059	69.7195	0.165017	78.2016
23.7893	69.7195	0.165017	78.7466
24.0289	69.7195	0.165017	79.2915
24.0308	69.7607	0.247525	79.2915
24.0571	69.8432	0.165017	79.2915
24.3902	69.8845	0.247525	79.2915
24.3904	69.9257	0.330033	79.2915
24.4675	70.0082	0.247525	79.2915
24.6564	70.0082	0.247525	79.564
24.9194	70.0908	0.165017	79.564
25.1462	70.1733	0.0825083	79.564
25.1464	70.2145	0.165017	79.564
25.1778	70.297	0.0825083	79.564
25.1782	70.297	0.247525	79.564
25.1843	70.3795	0.165017	79.564
25.252	70.462	0.0825083	79.564
25.2579	70.5033	0.165017	79.564
25.2932	70.5858	0.0825083	79.564
25.295	70.5858	0.247525	79.564
25.2956	70.6683	0.165017	79.564
25.2985	70.7096	0.247525	79.564
25.2995	70.7921	0.165017	79.564
25.3329	70.8746	0.0825083	79.564
25.3352	70.9158	0.165017	79.564
25.622	70.9984	0.0825083	79.564
25.8601	71.0809	0	79.564
25.8607	71.1221	0.0825083	79.564
25.9277	71.2046	0	79.564
25.9336	71.2459	0.0825083	79.564
25.9859	71.3284	0	79.564
25.9868	71.3696	0.0825083	79.564
25.999	71.4521	0	79.564
25.9998	71.4521	0.0825083	79.564
26.0399	71.5347	0	79.564
26.0407	71.5347	0.165017	79.564
26.0425	71.6172	0.0825083	79.564
26.2106	71.6997	0	79.564
26.2107	71.7409	0.0825083	79.564
26.3383	71.8234	0	79.564
26.3384	71.8234	0.165017	79.564
26.3484	71.9059	0.0825083	79.564
26.3568	71.9884	0	79.564
26.3596	72.0297	0.0825083	79.564
26.5513	72.1122	0	79.564
26.5515	72.1535	0.0825083	79.564
26.5895	72.236	0	79.564
26.5923	72.2772	0.0825083	79.564
26.5992	72.3597	0	79.564
26.6027	72.401	0.0825083	79.564
26.6677	72.4835	0	79.564
26.7529	72.4835	0	80.109
26.8299	72.4835	0	80.654
26.8316	72.5247	0.0825083	80.654
26.8463	72.6073	0	80.654
26.8486	72.6073	0.0825083	80.654
26.9105	72.6898	0	80.654
26.9767	72.6898	0	81.1989
26.9772	72.731	0.0825083	81.1989
27.4518	72.8135	0	81.1989
27.4529	72.8135	0.165017	81.1989
27.454	72.896	0.0825083	81.1989
27.8893	72.9785	0	81.1989
27.8899	72.9785	0.165017	81.1989
27.8924	73.0611	0.0825083	81.1989
28.018	73.1436	0	81.1989
28.0217	73.1848	0.0825083	81.1989
28.0879	73.2673	0	81.1989
28.0881	73.2673	0.165017	81.1989
28.0892	73.3498	0.0825083	81.1989
28.5168	73.4323	0	81.1989
28.517	73.4323	0.165017	81.1989
28.5174	73.5149	0.0825083	81.1989
28.8035	73.5974	0	81.1989
28.8035	73.6386	0.0825083	81.1989
29.2941	73.7211	0	81.1989
29.2944	73.7624	0.0825083	81.1989
29.6188	73.8449	0	81.1989
29.7308	73.8449	0.165017	81.1989
29.7318	73.8861	0.247525	81.1989
29.732	73.9686	0.165017	81.1989
29.7583	74.0512	0.0825083	81.1989
29.7607	74.0924	0.165017	81.1989
29.8079	74.1749	0.0825083	81.1989
29.8108	74.2162	0.165017	81.1989
29.8409	74.2987	0.0825083	81.1989
29.8471	74.3399	0.165017	81.1989
30.2325	74.4224	0.0825083	81.1989
30.2352	74.4637	0.165017	81.1989
30.4839	74.5462	0.0825083	81.1989
30.9902	74.5462	0.0825083	81.4714
30.9904	74.5462	0.247525	81.4714
30.992	74.6287	0.165017	81.4714
31.4367	74.7112	0.0825083	81.4714
31.8575	74.7112	0.0825083	81.7439
31.8594	74.7525	0.165017	81.7439
31.9735	74.835	0.0825083	81.7439
31.9742	74.835	0.247525	81.7439
31.9744	74.9175	0.165017	81.7439
32.3439	75	0.0825083	81.7439
32.6115	75.0825	0	81.7439
32.6116	75.0825	0.165017	81.7439
32.6119	75.165	0.0825083	81.7439
32.6733	75.2475	0	81.7439
32.6735	75.2888	0.0825083	81.7439
33.2775	75.3713	0	81.7439
33.2778	75.4125	0.0825083	81.7439
33.3763	75.495	0	81.7439
33.3801	75.5363	0.0825083	81.7439
33.5243	75.6188	0	81.7439
33.8088	75.6188	0	82.0163
33.8428	75.6188	0	82.2888
33.8441	75.6601	0.0825083	82.2888
33.9727	75.7426	0	82.2888
33.9783	75.7838	0.0825083	82.2888
34.2133	75.8663	0	82.2888
34.2155	75.9076	0.0825083	82.2888
34.4689	75.9901	0	82.2888
34.4777	75.9901	0.0825083	82.2888
34.4816	76.0726	0	82.2888
34.4824	76.0726	0.0825083	82.2888
34.5127	76.1551	0	82.2888
34.5129	76.1551	0.0825083	82.2888
35.3364	76.2376	0	82.2888
35.371	76.2376	0	82.5613
35.3714	76.2376	0.165017	82.5613
35.3719	76.3201	0.0825083	82.5613
35.9088	76.4026	0	82.5613
35.909	76.4439	0.0825083	82.5613
35.924	76.5264	0	82.5613
35.9241	76.5677	0.0825083	82.5613
37.5099	76.6502	0	82.5613
37.5112	76.6914	0.0825083	82.5613
37.5404	76.7739	0	82.5613
37.5405	76.8152	0.0825083	82.5613
37.9283	76.8977	0	82.5613
37.9864	76.8977	0.165017	82.5613
37.9865	76.9389	0.247525	82.5613
38.0734	77.0215	0.165017	82.5613
39.0204	77.104	0.0825083	82.5613
39.0259	77.104	0.165017	82.5613
39.0513	77.1865	0.0825083	82.5613
39.0544	77.2277	0.165017	82.5613
39.0955	77.3102	0.0825083	82.5613
39.0973	77.3515	0.165017	82.5613
39.1974	77.434	0.0825083	82.5613
39.21	77.4753	0.165017	82.5613
39.293	77.5578	0.0825083	82.5613
39.2951	77.599	0.165017	82.5613
39.7035	77.6815	0.0825083	82.5613
39.7042	77.7228	0.165017	82.5613
40.7205	77.8053	0.0825083	82.5613
41.1558	77.8878	0	82.5613
41.1561	77.929	0.0825083	82.5613
41.9807	78.0116	0	82.5613
43.8831	78.0116	0	83.1063
43.8833	78.0528	0.0825083	83.1063
44.162	78.1353	0	83.1063
44.1646	78.1766	0.0825083	83.1063
44.421	78.2591	0	83.1063
44.4217	78.3003	0.0825083	83.1063
45.9866	78.3828	0	83.1063
45.9874	78.4241	0.0825083	83.1063
47.0173	78.5066	0	83.1063
47.0198	78.5066	0.165017	83.1063
47.0254	78.5891	0.0825083	83.1063
48.0874	78.6716	0	83.1063
48.0885	78.7129	0.0825083	83.1063
48.5009	78.7954	0	83.1063
48.501	78.7954	0.0825083	83.1063
50.0804	78.8779	0	83.1063
50.9491	78.8779	0	83.3787
50.9504	78.9191	0.0825083	83.3787
53.0221	79.0016	0	83.3787
53.2887	79.0016	0	83.9237
53.2907	79.0016	0.165017	83.9237
53.3016	79.0842	0.0825083	83.9237
58.2611	79.1667	0	83.9237
58.3718	79.2079	0.0825083	83.9237
73.0453	79.2904	0	83.9237
73.2857	79.2904	0	84.4687
73.2868	79.2904	0.165017	84.4687
73.2875	79.3729	0.0825083	84.4687
79.3031	79.4554	0	84.4687
80.2981	79.4967	0.0825083	84.4687
81.5583	79.4967	0.0825083	85.0136
89.6694	79.5792	0	85.0136
89.6725	79.6205	0.0825083	85.0136
96.9644	79.703	0	85.0136
97.9412	79.7442	0.0825083	85.0136
100.263	79.8267	0	85.0136
102.206	79.8267	0	85.5586
102.883	79.868	0.0825083	85.5586
108.331	79.9505	0	85.5586
108.333	79.9505	0.165017	85.5586
108.336	80.033	0.0825083	85.5586
112.814	80.1155	0	85.5586
112.956	80.1155	0.165017	85.5586
115.363	80.198	0.0825083	85.5586
121.921	80.2805	0	85.5586
123.229	80.2805	0.0825083	85.5586
143.707	80.363	0	85.5586
152.193	80.363	0	86.1035
197.742	80.363	0	86.6485
197.8	80.363	0.165017	86.6485
199.123	80.4455	0.0825083	86.6485
206.633	80.5281	0	86.6485
208.892	80.5281	0	87.1935
211.139	80.5281	0.0825083	87.1935
260.198	80.6106	0	87.1935
286.63	80.6106	0	87.7384
287.134	80.6518	0.0825083	87.7384
289.662	80.7343	0	87.7384
292.516	80.7343	0.165017	87.7384
293.896	80.8168	0.0825083	87.7384
297.979	80.8993	0	87.7384
299.293	80.9406	0.0825083	87.7384
302.437	81.0231	0	87.7384
330.609	81.0231	0	88.0109
340.409	81.0231	0	88.2834
369.788	81.0231	0	88.8283
369.832	81.0644	0.0825083	88.8283
425.887	81.1469	0	88.8283
426.082	81.1469	0.0825083	88.8283
438.401	81.2294	0	88.8283
492.906	81.2294	0	89.3733
511.8	81.2294	0	89.9183
512.245	81.2706	0.0825083	89.9183
521.292	81.3531	0	89.9183
538.258	81.3531	0	90.4632
560.835	81.3531	0	91.0082
578.613	81.3531	0	91.5531
595.446	81.3531	0	91.8256
595.447	81.3531	0.165017	91.8256
596.065	81.4356	0.0825083	91.8256
607.995	81.5182	0	91.8256
610.332	81.5594	0.0825083	91.8256
629.427	81.6419	0	91.8256
637.778	81.6419	0	92.0981
638.519	81.6419	0.165017	92.0981
638.565	81.7244	0.0825083	92.0981
649.213	81.8069	0	92.0981
649.542	81.8482	0.0825083	92.0981
700.168	81.9307	0	92.0981
700.384	81.9307	0.165017	92.0981
701.342	82.0132	0.0825083	92.0981
701.482	82.0132	0.165017	92.0981
701.847	82.0957	0.0825083	92.0981
720.185	82.1782	0	92.0981
720.587	82.2195	0.0825083	92.0981
721.601	82.2195	0.165017	92.0981
721.99	82.302	0.0825083	92.0981
722.39	82.3432	0.165017	92.0981
724.524	82.4257	0.0825083	92.0981
728.92	82.5082	0	92.0981
728.99	82.5495	0.0825083	92.0981
746.958	82.632	0	92.0981
748.938	82.6733	0.0825083	92.0981
750.095	82.6733	0.0825083	92.3706
775.312	82.7558	0	92.3706
777.769	82.797	0.0825083	92.3706
820.65	82.8795	0	92.3706
820.811	82.8795	0.165017	92.3706
822.238	82.962	0.0825083	92.3706
832.305	83.0446	0	92.3706
845.902	83.0446	0	92.9155
845.914	83.0446	0.165017	92.9155
849.105	83.1271	0.0825083	92.9155
861.624	83.2096	0	92.9155
861.854	83.2508	0.0825083	92.9155
866.865	83.3333	0	92.9155
869.831	83.3333	0.0825083	92.9155
880.076	83.4158	0	92.9155
880.764	83.4158	0	93.4605
880.84	83.4571	0.0825083	93.4605
945.537	83.5396	0	93.4605
946.679	83.5396	0.165017	93.4605
948.129	83.6221	0.0825083	93.4605
949.392	83.7046	0	93.4605
952.551	83.7046	0.165017	93.4605
952.833	83.7871	0.0825083	93.4605
954.019	83.8696	0	93.4605
955.604	83.9109	0.0825083	93.4605
980.234	83.9934	0	93.4605
981.076	84.0347	0.0825083	93.4605
997.88	84.1172	0	93.4605
997.936	84.1584	0.0825083	93.4605
1006.99	84.2409	0	93.4605
1014.82	84.2409	0	94.0054
1017.14	84.2409	0.0825083	94.0054
1038.21	84.3234	0	94.0054
1056	84.3234	0	94.5504
1056.07	84.3647	0.0825083	94.5504
1113.15	84.4472	0	94.5504
1136.61	84.4472	0	95.0954
1137.32	84.4884	0.0825083	95.0954
1167.07	84.571	0	95.0954
1179.34	84.571	0	95.6403
1195.44	84.571	0	96.1853
1195.77	84.571	0.165017	96.1853
1195.79	84.6535	0.0825083	96.1853
1217.5	84.736	0	96.1853
1218.93	84.7772	0.0825083	96.1853
1401.67	84.8597	0	96.1853
1403.45	84.901	0.0825083	96.1853
1504.72	84.9835	0	96.1853
1504.87	85.0247	0.0825083	96.1853
1530.1	85.1073	0	96.1853
1530.91	85.1485	0.0825083	96.1853
1547.84	85.231	0	96.1853
1552.03	85.231	0	96.7302
1552.49	85.2723	0.0825083	96.7302
1611.28	85.3548	0	96.7302
1611.51	85.3548	0.0825083	96.7302
1621.51	85.4373	0	96.7302
1624.08	85.4785	0.0825083	96.7302
1637.09	85.5611	0	96.7302
1638.39	85.6023	0.0825083	96.7302
1848.92	85.6848	0	96.7302
1851.98	85.6848	0	97.2752
1854.41	85.6848	0.0825083	97.2752
1868.34	85.7673	0	97.2752
1869.91	85.7673	0	97.8202
1870.38	85.8086	0.0825083	97.8202
1912.89	85.8911	0	97.8202
1916.85	85.9323	0.0825083	97.8202
1936.29	86.0149	0	97.8202
1937.28	86.0149	0.165017	97.8202
1941.19	86.0974	0.0825083	97.8202
1980.51	86.1799	0	97.8202
1981.2	86.1799	0.165017	97.8202
1982.3	86.2624	0.0825083	97.8202
2082.53	86.3449	0	97.8202
2082.82	86.3449	0.165017	97.8202
2084.34	86.4274	0.0825083	97.8202
2387.79	86.5099	0	97.8202
2388.14	86.5099	0.165017	97.8202
2388.92	86.5924	0.0825083	97.8202
2420.61	86.6749	0	97.8202
2421	86.7162	0.0825083	97.8202
2694.91	86.7987	0	97.8202
2701.61	86.8399	0.0825083	97.8202
2810.41	86.9224	0	97.8202
2811.49	86.9637	0.0825083	97.8202
2885.59	87.0462	0	97.8202
2885.84	87.0462	0.165017	97.8202
2888.46	87.1287	0.0825083	97.8202
2982.79	87.2112	0	97.8202
2982.82	87.2525	0.0825083	97.8202
2986.41	87.335	0	97.8202
2988.32	87.3762	0.0825083	97.8202
3001.54	87.4587	0	97.8202
3001.55	87.4587	0.0825083	97.8202
3013.52	87.5413	0	97.8202
3014.41	87.5825	0.0825083	97.8202
3170.29	87.665	0	97.8202
3171.13	87.665	0.165017	97.8202
3171.72	87.7475	0.0825083	97.8202
3173.71	87.83	0	97.8202
3184.08	87.83	0	98.3651
3184.73	87.8713	0.0825083	98.3651
3201.28	87.9538	0	98.3651
3201.29	87.9538	0.165017	98.3651
3208.16	88.0363	0.0825083	98.3651
3212.6	88.1188	0	98.3651
3212.98	88.1601	0.0825083	98.3651
3329.48	88.2426	0	98.3651
3393.45	88.2426	0	98.9101
3433.18	88.2426	0	99.455
3436.17	88.2838	0.0825083	99.455
3685.69	88.3663	0	99.455
3685.93	88.4076	0.0825083	99.455
3711.82	88.4901	0	99.455
3712.88	88.4901	0.165017	99.455
3713.25	88.5726	0.0825083	99.455
3729.36	88.6551	0	99.455
3731.91	88.6964	0.0825083	99.455
3741.57	88.7789	0	99.455
3741.57	88.7789	0.0825083	99.455
3776.43	88.8614	0	99.455
3778.72	88.9026	0.0825083	99.455
3840.2	88.9851	0	99.455
3840.55	88.9851	0.165017	99.455
3844.54	89.0677	0.0825083	99.455
3874.33	89.1502	0	99.455
3874.56	89.1502	0.165017	99.455
3875.48	89.2327	0.0825083	99.455
3878.3	89.3152	0	99.455
3880.34	89.3152	0.0825083	99.455
3882.24	89.3977	0	99.455
3882.66	89.3977	0.165017	99.455
3883.02	89.4802	0.0825083	99.455
4004.9	89.5627	0	99.455
4005.79	89.5627	0.0825083	99.455
4050.41	89.6452	0	99.455
4052.19	89.6452	0.0825083	99.455
4104.93	89.7277	0	99.455
4105.11	89.7277	0.165017	99.455
4107.03	89.8102	0.0825083	99.455
4188.51	89.8927	0	99.455
4188.52	89.8927	0.165017	99.455
4189.24	89.9753	0.0825083	99.455
4304.19	90.0578	0	99.455
4305.65	90.0578	0.0825083	99.455
4575.67	90.1403	0	99.455
4575.87	90.1403	0.165017	99.455
4579.67	90.2228	0.0825083	99.455
4708.62	90.3053	0	99.455
4711.15	90.3465	0.0825083	99.455
4931.31	90.429	0	99.455
4931.46	90.429	0.165017	99.455
4933.28	90.5116	0.0825083	99.455
4956.27	90.5941	0	99.455
4956.44	90.5941	0.0825083	99.455
5180.44	90.6766	0	99.455
5185.41	90.7178	0.0825083	99.455
5276.2	90.8003	0	99.455
5277.02	90.8416	0.0825083	99.455
5458.7	90.9241	0	99.455
5458.85	90.9653	0.0825083	99.455
5640.78	91.0479	0	99.455
5641.79	91.0891	0.0825083	99.455
5779.13	91.1716	0	99.455
5780.14	91.1716	0.0825083	99.455
5780.42	91.1716	0.247525	99.455
5780.91	91.2541	0.165017	99.455
5782.18	91.3366	0.0825083	99.455
5921.26	91.4191	0	99.455
5922.16	91.4604	0.0825083	99.455
6080.11	91.5429	0	99.455
6080.31	91.5842	0.0825083	99.455
6110.65	91.6667	0	99.455
6284.74	91.6667	0	100
6287.82	91.7079	0.0825083	100
6308.98	91.7904	0	100
6310.77	91.7904	0.165017	100
6312.5	91.8729	0.0825083	100
6382.3	91.9554	0	100
6383.12	91.9554	0.165017	100
6383.2	92.038	0.0825083	100
6481.36	92.1205	0	100
6481.58	92.1205	0.165017	100
6483.03	92.203	0.0825083	100
6555.92	92.2855	0	100
6558.03	92.3267	0.0825083	100
6567	92.4092	0	100
6568.19	92.4505	0.0825083	100
6575.26	92.533	0	100
6575.62	92.5743	0.0825083	100
6739.2	92.6568	0	100
6739.24	92.698	0.0825083	100
7183.42	92.7805	0	100
7183.42	92.7805	0.165017	100
7184.79	92.863	0.0825083	100
7880.63	92.9455	0	100
7881.46	92.9455	0.165017	100
7882.82	93.0281	0.0825083	100
7998.02	93.1106	0	100
8002.35	93.1106	0.0825083	100
8018.63	93.1931	0	100
8018.85	93.2343	0.0825083	100
8027.16	93.3168	0	100
8027.98	93.3581	0.0825083	100
8060.3	93.4406	0	100
8060.39	93.4406	0.165017	100
8061.31	93.5231	0.0825083	100
8337.88	93.6056	0	100
8339.5	93.6469	0.0825083	100
8419.41	93.7294	0	100
8421.89	93.7294	0.0825083	100
8473.75	93.8119	0	100
8474.54	93.8119	0.165017	100
8475.25	93.8944	0.0825083	100
8525.83	93.9769	0	100
8526.1	94.0182	0.0825083	100
8668.52	94.1007	0	100
8668.8	94.1007	0.165017	100
8669.33	94.1832	0.0825083	100
8715.08	94.2657	0	100
8715.74	94.2657	0.0825083	100
8731.54	94.3482	0	100
8731.54	94.3894	0.0825083	100
8811.4	94.4719	0	100
8813.07	94.4719	0.165017	100
8813.39	94.5545	0.0825083	100
8943.75	94.637	0	100
8944.24	94.637	0.165017	100
8945.85	94.7195	0.0825083	100
8945.99	94.7607	0.165017	100
8946.26	94.802	0.247525	100
8947.12	94.8845	0.165017	100
8949.72	94.967	0.0825083	100
9103.87	95.0495	0	100
9105.34	95.0908	0.0825083	100
9264.03	95.1733	0	100
9264.45	95.2145	0.0825083	100
9376.63	95.297	0	100
9380.96	95.3383	0.0825083	100
9412.23	95.4208	0	100
9415.15	95.462	0.0825083	100
9667.78	95.5446	0	100
9667.91	95.5858	0.0825083	100
9701.41	95.6683	0	100
9702.57	95.7096	0.0825083	100
10570.1	95.7921	0	100
10570.7	95.7921	0.0825083	100
10582.3	95.8746	0	100
10582.8	95.9158	0.0825083	100
11122.7	95.9984	0	100
11126.5	96.0396	0.0825083	100
11139.6	96.1221	0	100
11142.7	96.1634	0.0825083	100
11780.3	96.2459	0	100
11781.8	96.2871	0.0825083	100
11825.5	96.3696	0	100
11827.7	96.3696	0.0825083	100
12054.6	96.4521	0	100
12055.8	96.4521	0.165017	100
12055.9	96.5347	0.0825083	100
12251.8	96.6172	0	100
12251.8	96.6172	0.165017	100
12251.9	96.6997	0.0825083	100
12361	96.7822	0	100
12362.9	96.8234	0.0825083	100
12480.3	96.9059	0	100
12481.4	96.9472	0.0825083	100
13191.7	97.0297	0	100
13191.7	97.071	0.0825083	100
13411.8	97.1535	0	100
13413.4	97.1947	0.0825083	100
13788.9	97.2772	0	100
13792.5	97.3185	0.0825083	100
14330.3	97.401	0	100
14330.5	97.401	0.165017	100
14334	97.4835	0.0825083	100
14423.1	97.566	0	100
14427.3	97.6073	0.0825083	100
14653.3	97.6898	0	100
14654.3	97.731	0.0825083	100
15640.1	97.8135	0	100
15640.8	97.8548	0.0825083	100
15701.2	97.9373	0	100
15701.6	97.9785	0.0825083	100
16856	98.0611	0	100
16857	98.0611	0.0825083	100
16965.6	98.1436	0	100
16966	98.1848	0.0825083	100
17812.7	98.2673	0	100
17812.8	98.2673	0.165017	100
17813.7	98.3498	0.0825083	100
18228.3	98.4323	0	100
18230.2	98.4736	0.0825083	100
18382.1	98.5561	0	100
18382.1	98.5561	0.0825083	100
18558	98.6386	0	100
18559.5	98.6386	0.0825083	100
19318.3	98.7211	0	100
19318.7	98.7211	0.165017	100
19319.7	98.8036	0.0825083	100
19386.5	98.8861	0	100
19386.6	98.9274	0.0825083	100
20350	99.0099	0	100
20350.3	99.0512	0.0825083	100
23790.6	99.1337	0	100
23791	99.1337	0.165017	100
23791.5	99.2162	0.0825083	100
25589.3	99.2987	0	100
25590.2	99.3399	0.0825083	100
25900.1	99.4224	0	100
25901.1	99.4224	0.165017	100
25901.5	99.505	0.0825083	100
26785.4	99.5875	0	100
26785.9	99.6287	0.0825083	100
27088.9	99.7112	0	100
27089.9	99.7525	0.0825083	100
48263.8	99.835	0	100
48263.8	99.835	0.165017	100
48267.4	99.9175	0.0825083	100
