2.01758e-06	0	0	0
4.74201e-06	0	0	0
7.96824e-06	0	0	0
1.81092e-05	0	0	0
1.99056e-05	0	0	0
2.93131e-05	0	0	0
3.27618e-05	0	0	0
3.63451e-05	0	0	0
4.02641e-05	0	0	0
4.0834e-05	0	0	0
4.37068e-05	0	0	0
4.67491e-05	0	0	0
4.7707e-05	0	0	0
7.94867e-05	0	0	0
8.46752e-05	0	0	0
8.75053e-05	0	0	0
9.3163e-05	0	0	0
9.9825e-05	0	0	0
0.000101171	0	0	0
0.000102797	0	0	0
0.000109393	0	0	0
0.000116539	0	0	0
0.000129953	0	0	0
0.000137899	0	0	0
0.000141882	0	0	0
0.000146343	0	0	0
0.000149502	0	0	0
0.000149779	0	0	0
0.000153086	0	0	0
0.000153691	0	0	0
0.000157664	0	0	0
0.000158615	0	0	0
0.000167594	0	0	0
0.000183006	0	0	0
0.00018615	0	0	0
0.000195253	0	0	0
0.000209805	0	0	0
0.0002256	0	0	0
0.000226895	0	0	0
0.000231293	0	0	0
0.000232547	0	0	0
0.000239049	0	0	0
0.00024073	0	0	0
0.000247422	0	0	0
0.000251637	0	0	0
0.000252328	0	0	0
0.000261799	0	0	0
0.000266202	0	0	0
0.000266375	0	0	0
0.00027181	0	0	0
0.000274858	0	0	0
0.000276611	0	0	0
0.000283758	0	0	0
0.000302285	0	0	0
0.000305085	0	0	0
0.00030858	0	0	0
0.000309018	0	0	0
0.000310147	0	0	0
0.000311197	0	0	0
0.000311217	0	0	0
0.000313317	0	0	0
0.000322286	0	0	0
0.000323376	0	0	0
0.000331173	0	0	0
0.000332329	0	0	0
0.000335225	0	0	0
0.000337244	0	0	0
0.000340007	0	0	0
0.000340497	0	0	0
0.000348069	0	0	0
0.000356137	0	0	0
0.00035906	0	0	0
0.000364865	0	0	0
0.000367849	0	0	0
0.00036788	0	0	0
0.000371353	0	0	0
0.000372498	0	0	0
0.00037583	0	0	0
0.000378622	0	0	0
0.000378832	0	0	0
0.000378863	0	0	0
0.000380933	0	0	0
0.000385203	0	0	0
0.000387042	0	0	0
0.000390691	0	0	0
0.000402308	0	0	0
0.000404826	0	0	0
0.000408554	0	0	0
0.000412562	0	0	0
0.000414226	0	0	0
0.000418171	0	0	0
0.000419463	0	0	0
0.000421987	0	0	0
0.000428726	0	0	0
0.000438013	0	0	0
0.000442108	0	0	0
0.000442323	0	0	0
0.000442993	0	0	0
0.000445475	0	0	0
0.000447362	0	0	0
0.000448777	0	0	0
0.000448808	0	0	0
0.000451612	0	0	0
0.000453141	0	0	0
0.000466826	0	0	0
0.000477338	0	0	0
0.000480265	0	0	0
0.000481722	0	0	0
0.000484789	0	0	0
0.00048632	0	0	0
0.000486525	0	0	0
0.000488179	0	0	0
0.000489146	0	0	0
0.000489709	0	0	0
0.000492426	0	0	0
0.000497832	0	0	0
0.000498613	0	0	0
0.000498615	0	0	0
0.000498987	0	0	0
0.000502764	0	0	0
0.000504721	0	0	0
0.000508425	0	0	0
0.000516364	0	0	0
0.000517755	0	0	0
0.000520953	0	0	0
0.000525076	0	0	0
0.000527379	0	0	0
0.000529364	0	0	0
0.000534707	0	0	0
0.000535655	0	0	0
0.000538763	0	0	0
0.000540258	0	0	0
0.000541963	0	0	0
0.000543313	0	0	0
0.000543334	0	0	0
0.000546545	0	0	0
0.000558145	0	0	0
0.000572485	0	0	0
0.000573859	0	0	0
0.000574621	0	0	0
0.000575726	0	0	0
0.000578542	0	0	0
0.000582136	0	0	0
0.000583105	0	0	0
0.00058553	0	0	0
0.000598424	0	0	0
0.000600521	0	0	0
0.000611328	0	0	0
0.000613862	0	0	0
0.000617516	0	0	0
0.000618681	0	0	0
0.000619256	0	0	0
0.00062267	0	0	0
0.000629653	0	0	0
0.00063023	0	0	0
0.000631906	0	0	0
0.00063495	0	0	0
0.000638896	0	0	0
0.000646549	0	0	0
0.000648578	0	0	0
0.000654626	0	0	0
0.000657579	0	0	0
0.000661764	0	0	0
0.000670001	0	0	0
0.000674258	0	0	0
0.000678139	0	0	0
0.000680018	0	0	0
0.000684756	0	0	0
0.000689767	0	0	0
0.000693495	0	0	0
0.000694848	0	0	0
0.000695377	0	0	0
0.000698388	0	0	0
0.000703879	0	0	0
0.000707325	0	0	0
0.000721995	0	0	0
0.000726021	0	0	0
0.000737977	0	0	0
0.000744725	0	0	0
0.0007491	0	0	0
0.000752506	0	0	0
0.000755563	0	0	0
0.000758949	0	0	0
0.000761702	0	0	0
0.000766434	0	0	0
0.000768984	0	0	0
0.000772907	0	0	0
0.000776939	0	0	0
0.00078387	0	0	0
0.000788466	0	0	0
0.000790367	0	0	0
0.000797543	0	0	0
0.000798352	0	0	0
0.000798384	0	0	0
0.000806505	0	0	0
0.000806824	0	0	0
0.000807456	0	0	0
0.000809383	0	0	0
0.000814051	0	0	0
0.000815412	0	0	0
0.000817188	0	0	0
0.000817324	0	0	0
0.000818051	0	0	0
0.00081859	0	0	0
0.000818695	0	0	0
0.000830134	0	0	0
0.000831253	0	0	0
0.000832034	0	0	0
0.000833059	0	0	0
0.00084069	0	0	0
0.000844065	0	0	0
0.000846203	0	0	0
0.000847989	0	0	0
0.000853631	0	0	0
0.000862441	0	0	0
0.000862597	0	0	0
0.00086397	0	0	0
0.00087438	0	0	0
0.000880404	0	0	0
0.000896749	0	0	0
0.000896876	0	0	0
0.000900636	0	0	0
0.000901599	0	0	0
0.000902802	0	0	0
0.000904381	0	0	0
0.000909733	0	0	0
0.00091398	0	0	0
0.00091784	0	0	0
0.000918184	0	0	0
0.000921018	0	0	0
0.00092299	0	0	0
0.000927299	0	0	0
0.000930525	0	0	0
0.000931679	0	0	0
0.000931926	0	0	0
0.000933524	0	0	0
0.000933769	0	0	0
0.000934805	0	0	0
0.000936866	0	0	0
0.000937548	0	0	0
0.000940511	0	0	0
0.000941888	0	0	0
0.000942863	0	0	0
0.000944025	0	0	0
0.000947016	0	0	0
0.000947248	0	0	0
0.000952075	0	0	0
0.000958715	0	0	0
0.000962443	0	0	0
0.0009683	0	0	0
0.000977336	0	0	0
0.000990529	0	0	0
0.000990955	0	0	0
0.000993886	0	0	0
0.000996623	0	0	0
0.00100273	0	0	0
0.00100541	0	0	0
0.0010067	0	0	0
0.00100773	0	0	0
0.00101083	0	0	0
0.00101162	0	0	0
0.00101426	0	0	0
0.00101583	0	0	0
0.00101695	0	0	0
0.00102032	0	0	0
0.00102111	0	0	0
0.00102114	0	0	0
0.00102305	0	0	0
0.00103007	0	0	0
0.00103184	0	0	0
0.00103477	0	0	0
0.00103518	0	0	0
0.00103718	0	0	0
0.00104276	0	0	0
0.00104334	0	0	0
0.00104697	0	0	0
0.001048	0	0	0
0.00104822	0	0	0
0.00104861	0	0	0
0.00104997	0	0	0
0.00106059	0	0	0
0.00106733	0	0	0
0.00106764	0	0	0
0.00106769	0	0	0
0.00107198	0	0	0
0.00107579	0	0	0
0.0010767	0	0	0
0.00107693	0	0	0
0.00107978	0	0	0
0.00107988	0	0	0
0.00108138	0	0	0
0.00108861	0	0	0
0.00108993	0	0	0
0.00109102	0	0	0
0.00109493	0	0	0
0.00109853	0	0	0
0.00109991	0	0	0
0.00110044	0	0	0
0.00110522	0	0	0
0.00111194	0	0	0
0.00111636	0	0	0
0.00111843	0	0	0
0.00112344	0	0	0
0.00114074	0	0	0
0.0011436	0	0	0
0.00114635	0	0	0
0.00114717	0	0	0
0.00115057	0	0	0
0.00115328	0	0	0
0.00115573	0	0	0
0.00115673	0	0	0
0.00115833	0	0	0
0.00116245	0	0	0
0.00116276	0	0	0
0.00116692	0	0	0
0.00117563	0	0	0
0.00117799	0	0	0
0.00118132	0	0	0
0.00118363	0	0	0
0.00118887	0	0	0
0.00118935	0	0	0
0.00120483	0	0	0
0.00120762	0	0	0
0.00120778	0	0	0
0.00120909	0	0	0
0.0012094	0	0	0
0.00120977	0	0	0
0.00121635	0	0	0
0.00121836	0	0	0
0.0012326	0	0	0
0.00123461	0	0	0
0.00123651	0	0	0
0.00123919	0	0	0
0.00123948	0	0	0
0.00124547	0	0	0
0.00124625	0	0	0
0.00125716	0	0	0
0.00125845	0	0	0
0.00126473	0	0	0
0.00126956	0	0	0
0.00127339	0	0	0
0.00127404	0	0	0
0.00127504	0	0	0
0.00127942	0	0	0
0.00128076	0	0	0
0.00129254	0	0	0
0.00129281	0	0	0
0.00129704	0	0	0
0.00129837	0	0	0
0.00130568	0	0	0
0.00130965	0	0	0
0.00130999	0	0	0
0.0013203	0	0	0
0.00132238	0	0	0
0.00132286	0	0	0
0.00132588	0	0	0
0.00132812	0	0	0
0.00133107	0	0	0
0.00134134	0	0	0
0.0013427	0	0	0
0.00134354	0	0	0
0.00134853	0	0	0
0.0013522	0	0	0
0.00135358	0	0	0
0.00136312	0	0	0
0.00136367	0	0	0
0.00136661	0	0	0
0.00136862	0	0	0
0.00136967	0	0	0
0.00136969	0	0	0
0.00137379	0	0	0
0.00137922	0	0	0
0.00138121	0	0	0
0.00139293	0	0	0
0.00139672	0	0	0
0.00139846	0	0	0
0.00140017	0	0	0
0.0014003	0	0	0
0.00140549	0	0	0
0.00140687	0	0	0
0.00141558	0	0	0
0.00142082	0	0	0
0.00142317	0	0	0
0.00142517	0	0	0
0.00142705	0	0	0
0.00143063	0	0	0
0.00143354	0	0	0
0.00143742	0	0	0
0.00143918	0	0	0
0.0014395	0	0	0
0.00143993	0	0	0
0.00144031	0	0	0
0.00144084	0	0	0
0.00144161	0	0	0
0.00144416	0	0	0
0.00144756	0	0	0
0.00144947	0	0	0
0.00144995	0	0	0
0.00145197	0	0	0
0.00145231	0	0	0
0.00145261	0	0	0
0.0014561	0	0	0
0.00145723	0	0	0
0.00146002	0	0	0
0.00146136	0	0	0
0.00146856	0	0	0
0.00147764	0	0	0
0.0014789	0	0	0
0.00148175	0	0	0
0.00148177	0	0	0
0.00148757	0	0	0
0.00148779	0	0	0
0.00149178	0	0	0
0.00149752	0	0	0
0.00149781	0	0	0
0.00150585	0	0	0
0.00150923	0	0	0
0.00151812	0	0	0
0.0015185	0	0	0
0.00151967	0	0	0
0.0015319	0	0	0
0.0015336	0	0	0
0.00153413	0	0	0
0.0015347	0	0	0
0.00154824	0	0	0
0.00155432	0	0	0
0.00155709	0	0	0
0.00156009	0	0	0
0.00156154	0	0	0
0.0015671	0	0	0
0.00156831	0	0	0
0.00156877	0	0	0
0.00157185	0	0	0
0.00157771	0	0	0
0.00158725	0	0	0
0.00159149	0	0	0
0.00159168	0	0	0
0.00159314	0	0	0
0.00159819	0	0	0
0.00160099	0	0	0
0.00160252	0	0	0
0.00160634	0	0	0
0.00160881	0	0	0
0.00160985	0	0	0
0.00161011	0	0	0
0.00161194	0	0	0
0.00161706	0	0	0
0.00162623	0	0	0
0.00163116	0	0	0
0.00163527	0	0	0
0.00163763	0	0	0
0.00164133	0	0	0
0.00164212	0	0	0
0.0016431	0	0	0
0.00164848	0	0	0
0.00165354	0	0	0
0.00165423	0	0	0
0.00166455	0	0	0
0.00166576	0	0	0
0.00166806	0	0	0
0.00167199	0	0	0
0.00168483	0	0	0
0.00168877	0	0	0
0.0016898	0	0	0
0.00169341	0	0	0
0.00169354	0	0	0
0.00169695	0	0	0
0.00169877	0	0	0
0.00170321	0	0	0
0.00170931	0	0	0
0.00170961	0	0	0
0.00171333	0	0	0
0.00171546	0	0	0
0.00171707	0	0	0
0.00172278	0	0	0
0.00173392	0	0	0
0.00173822	0	0	0
0.00174075	0	0	0
0.00174562	0	0	0
0.00174734	0	0	0
0.00175211	0	0	0
0.00175895	0	0	0
0.00177315	0	0	0
0.00178638	0	0	0
0.00178851	0	0	0
0.00179302	0	0	0
0.00179461	0	0	0
0.00179463	0	0	0
0.00179562	0	0	0
0.0017973	0	0	0
0.00180304	0	0	0
0.00180718	0	0	0
0.00180864	0	0	0
0.00181458	0	0	0
0.00182926	0	0	0
0.00182992	0	0	0
0.00184171	0	0	0
0.00184253	0	0	0
0.00184401	0	0	0
0.00184814	0	0	0
0.00184831	0	0	0
0.00184914	0	0	0
0.00185172	0	0	0
0.00185693	0	0	0
0.0018573	0	0	0
0.00185879	0	0	0
0.00187206	0	0	0
0.00187488	0	0	0
0.00188178	0	0	0
0.00188437	0	0	0
0.00188622	0	0	0
0.00189033	0	0	0
0.00189034	0	0	0
0.0018933	0	0	0
0.00189465	0	0	0
0.00190177	0	0	0
0.00190712	0	0	0
0.00191915	0	0	0
0.00192119	0	0	0
0.00193383	0	0	0
0.00195252	0	0	0
0.00197429	0	0	0
0.00198632	0	0	0
0.00199737	0	0	0
0.00199933	0	0	0
0.00200328	0	0	0
0.00201009	0	0	0
0.0020159	0	0	0
0.00204134	0	0	0
0.00204523	0	0	0
0.00204567	0	0	0
0.00205369	0	0	0
0.00205372	0	0	0
0.00205712	0	0	0
0.0020578	0	0	0
0.00206897	0	0	0
0.00207007	0	0	0
0.00207375	0	0	0
0.00207564	0	0	0
0.00209041	0	0	0
0.00209852	0	0	0
0.00210053	0	0	0
0.00211824	0	0	0
0.00212847	0	0	0
0.002148	0	0	0
0.00214899	0	0	0
0.0021499	0	0	0
0.00215	0	0	0
0.00215068	0	0	0
0.00215133	0	0	0
0.00215248	0	0	0
0.00215837	0	0	0
0.00216354	0	0	0
0.00216546	0	0	0
0.00217511	0	0	0
0.00218504	0	0	0
0.00218741	0	0	0
0.00219386	0	0	0
0.00221499	0	0	0
0.00221976	0	0	0
0.002225	0	0	0
0.00222652	0	0	0
0.00222891	0	0	0
0.00223028	0	0	0
0.00224413	0	0	0
0.00224499	0	0	0
0.00224885	0	0	0
0.00225231	0	0	0
0.00225426	0	0	0
0.00225855	0	0	0
0.00225946	0	0	0
0.00226498	0	0	0
0.00226557	0	0	0
0.00227078	0	0	0
0.00227589	0	0	0
0.00228351	0	0	0
0.00228551	0	0	0
0.00228623	0	0	0
0.00229053	0	0	0
0.00229148	0	0	0
0.0023123	0	0	0
0.00231377	0	0	0
0.00231633	0	0	0
0.00232071	0	0	0
0.00233349	0	0	0
0.00234819	0	0	0
0.00235319	0	0	0
0.0023575	0	0	0
0.00236069	0	0	0
0.00236234	0	0	0
0.00237404	0	0	0
0.00237588	0	0	0
0.00237857	0	0	0
0.00239897	0	0	0
0.00240182	0	0	0
0.00240211	0	0	0
0.00240333	0	0	0
0.00240492	0	0	0
0.00241492	0	0	0
0.00242553	0	0	0
0.00244299	0	0	0
0.00244888	0	0	0
0.00245275	0	0	0
0.00246412	0	0	0
0.00247635	0	0	0
0.00248347	0	0	0
0.00249994	0	0	0
0.00254298	0	0	0
0.00254562	0	0	0
0.00256278	0	0	0
0.00256977	0	0	0
0.00259579	0	0	0
0.00259696	0	0	0
0.00260774	0	0	0
0.00260947	0	0	0
0.00261168	0	0	0
0.00262689	0	0	0
0.00263675	0	0	0
0.00264166	0	0	0
0.0026436	0	0	0
0.00265616	0	0	0
0.00266123	0	0	0
0.00267329	0	0	0
0.00267486	0	0	0
0.00267821	0	0	0
0.00269279	0	0	0
0.00270562	0	0	0
0.00275711	0	0	0
0.00276437	0	0	0
0.00276536	0	0	0
0.00278739	0	0	0
0.00278751	0	0	0
0.00279015	0	0	0
0.00285066	0	0	0
0.00290076	0	0	0
0.00290126	0	0	0
0.00291277	0	0	0
0.00291947	0	0	0
0.00292274	0	0	0
0.00294853	0	0	0
0.00296749	0	0	0
0.00299898	0	0	0
0.00300976	0	0	0
0.00300996	0	0	0
0.00301298	0	0	0
0.00304292	0	0	0
0.00306863	0	0	0
0.00307376	0	0	0
0.00315304	0	0	0
0.00319882	0	0	0
0.00321993	0	0	0
0.00324597	0	0	0
0.00324815	0	0	0
0.00327567	0	0	0
0.00333357	0	0	0
0.00335448	0	0	0
0.00339292	0	0	0
0.00339601	0	0	0
0.00339664	0	0	0
0.00343747	0	0	0
0.00346504	0	0	0
0.00348095	0	0	0
0.00349151	0	0	0
0.00350509	0	0	0
0.00351996	0	0	0
0.00354238	0	0	0
0.00354817	0	0	0
0.00355603	0	0	0
0.00360952	0	0	0
0.00363681	0	0	0
0.00365614	0	0	0
0.00390279	0	0	0
0.00402806	0	0	0
0.00406156	0	0	0
0.00416397	0	0	0
0.00427842	0	0	0
0.00430489	0	0	0
0.00436638	0	0	0
0.00437647	0	0	0
0.00443518	0	0	0
0.0044568	0	0	0
0.00452098	0	0	0
0.00464935	0	0	0
0.00472583	0	0	0
0.00476773	0	0	0
0.00489103	0	0	0
0.00494684	0	0	0
0.0049729	0	0	0
0.00497668	0	0	0
0.00507273	0	0	0
0.00514284	0	0	0
0.00515	0	0	0
0.00547087	0	0	0
0.00556371	0	0	0
0.00602412	0	0	0
0.00624455	0	0	0
0.00627413	0	0	0
0.00641083	0	0	0
0.00642735	0	0	0
0.0105868	0	0	0
0.0122622	0	0	0
0.0142722	0	0	0
0.014762	0	0.165017	0
0.0155157	0.0825083	0.0825083	0
0.0237932	0.165017	0	0
0.0242023	0.206271	0.0825083	0
0.025477	0.206271	0.0825083	0
0.0290344	0.288779	0	0
0.0299643	0.288779	0	0
0.0301551	0.330033	0.0825083	0
0.0307027	0.412541	0	0
0.0310963	0.412541	0	0
0.0335849	0.412541	0	0
0.0345161	0.412541	0	0
0.0351796	0.453795	0.0825083	0
0.0353552	0.49505	0.165017	0
0.0367385	0.577558	0.0825083	0
0.0380504	0.577558	0.247525	0
0.039572	0.660066	0.165017	0
0.0410114	0.742574	0.0825083	0
0.0510797	0.825082	0	0
0.0578283	0.825082	0	0
0.0686841	0.825082	0	0
0.0736568	0.866337	0.0825083	0
0.0820318	0.948845	0	0
0.0919978	0.948845	0	0
0.0923788	0.990099	0.0825083	0
0.0926998	1.07261	0	0
0.0947431	1.07261	0.165017	0
0.0957296	1.15512	0.0825083	0
0.109852	1.23762	0	0
0.112261	1.23762	0	0.27248
0.11837	1.23762	0	0.27248
0.131908	1.23762	0	0.27248
0.133914	1.23762	0.165017	0.27248
0.134067	1.23762	0.165017	0.27248
0.135889	1.23762	0.165017	0.27248
0.136417	1.32013	0.0825083	0.27248
0.136664	1.36139	0.165017	0.27248
0.137748	1.44389	0.0825083	0.27248
0.138972	1.48515	0.165017	0.27248
0.139457	1.56766	0.0825083	0.27248
0.141099	1.56766	0.165017	0.27248
0.141812	1.65016	0.0825083	0.27248
0.143398	1.65016	0.0825083	0.27248
0.146318	1.73267	0	0.27248
0.161775	1.77393	0.0825083	0.27248
0.16229	1.77393	0.165017	0.27248
0.162371	1.77393	0.330033	0.27248
0.16342	1.85644	0.247525	0.27248
0.164995	1.93894	0.165017	0.27248
0.169422	2.02145	0.0825083	0.27248
0.174377	2.02145	0.0825083	0.27248
0.176167	2.02145	0.0825083	0.27248
0.17626	2.06271	0.165017	0.27248
0.182077	2.14521	0.0825083	0.27248
0.216	2.14521	0.0825083	0.27248
0.219205	2.14521	0.0825083	0.27248
0.238666	2.14521	0.0825083	0.27248
0.249492	2.14521	0.0825083	0.27248
0.256214	2.14521	0.0825083	0.27248
0.260812	2.18647	0.165017	0.27248
0.268122	2.26898	0.0825083	0.27248
0.275894	2.26898	0.0825083	0.27248
0.283214	2.26898	0.0825083	0.27248
0.28344	2.26898	0.247525	0.27248
0.28522	2.35149	0.165017	0.27248
0.286322	2.39274	0.247525	0.27248
0.288641	2.47525	0.165017	0.27248
0.296018	2.47525	0.165017	0.27248
0.298431	2.47525	0.165017	0.27248
0.30145	2.47525	0.247525	0.27248
0.301475	2.47525	0.412541	0.27248
0.301704	2.55776	0.330033	0.27248
0.313899	2.64026	0.247525	0.27248
0.319193	2.64026	0.330033	0.27248
0.320126	2.64026	0.330033	0.27248
0.322123	2.68152	0.412541	0.27248
0.328505	2.76403	0.330033	0.27248
0.328618	2.76403	0.330033	0.544959
0.340441	2.76403	0.330033	0.544959
0.34186	2.76403	0.330033	0.544959
0.341888	2.80528	0.412541	0.544959
0.342322	2.88779	0.330033	0.544959
0.343276	2.92904	0.412541	0.544959
0.350009	3.01155	0.330033	0.544959
0.356845	3.01155	0.330033	0.544959
0.362034	3.01155	0.330033	0.817439
0.37207	3.01155	0.330033	0.817439
0.373867	3.01155	0.330033	1.08992
0.374334	3.01155	0.412541	1.08992
0.379505	3.09406	0.330033	1.08992
0.389419	3.09406	0.49505	1.08992
0.391638	3.13531	0.577558	1.08992
0.392061	3.13531	0.577558	1.08992
0.39211	3.17657	0.660066	1.08992
0.392364	3.25908	0.577558	1.08992
0.404158	3.34158	0.49505	1.08992
0.405338	3.34158	0.49505	1.08992
0.412123	3.34158	0.49505	1.08992
0.412761	3.34158	0.577558	1.08992
0.415166	3.42409	0.49505	1.08992
0.417661	3.42409	0.49505	1.08992
0.418054	3.42409	0.660066	1.08992
0.418246	3.5066	0.577558	1.08992
0.423688	3.58911	0.49505	1.08992
0.425786	3.58911	0.577558	1.08992
0.426564	3.67162	0.49505	1.08992
0.440333	3.67162	0.49505	1.08992
0.452009	3.67162	0.49505	1.08992
0.452333	3.71287	0.577558	1.08992
0.45262	3.79538	0.49505	1.08992
0.452891	3.79538	0.660066	1.08992
0.454945	3.87789	0.577558	1.08992
0.457921	3.9604	0.49505	1.08992
0.469285	3.9604	0.577558	1.08992
0.485465	3.9604	0.577558	1.08992
0.490886	3.9604	0.742574	1.08992
0.49641	4.00165	0.825082	1.08992
0.496858	4.0429	0.907591	1.08992
0.498499	4.12541	0.825082	1.08992
0.500512	4.20792	0.742574	1.08992
0.501162	4.20792	0.825082	1.08992
0.529173	4.29043	0.742574	1.08992
0.533342	4.29043	0.742574	1.3624
0.533563	4.29043	0.825082	1.3624
0.54097	4.37294	0.742574	1.3624
0.541814	4.37294	0.742574	1.3624
0.54188	4.41419	0.825082	1.3624
0.564238	4.4967	0.742574	1.3624
0.565377	4.4967	0.742574	1.3624
0.571145	4.4967	0.742574	1.3624
0.575262	4.4967	0.742574	1.63488
0.575498	4.4967	0.825082	1.63488
0.596675	4.57921	0.742574	1.63488
0.597349	4.62046	0.825082	1.63488
0.600507	4.70297	0.742574	1.63488
0.601099	4.74422	0.825082	1.63488
0.622609	4.82673	0.742574	1.63488
0.623309	4.86799	0.825082	1.63488
0.628264	4.9505	0.742574	1.63488
0.628939	4.99175	0.825082	1.63488
0.631331	4.99175	0.907591	1.63488
0.631506	5.07426	0.825082	1.63488
0.634843	5.15677	0.742574	1.63488
0.636418	5.19802	0.825082	1.63488
0.637283	5.28053	0.742574	1.63488
0.638211	5.32178	0.825082	1.63488
0.648109	5.40429	0.742574	1.63488
0.654992	5.40429	0.742574	1.63488
0.681406	5.40429	0.742574	2.17984
0.688153	5.40429	0.742574	2.17984
0.706228	5.40429	0.742574	2.17984
0.708061	5.40429	0.825082	2.17984
0.708511	5.40429	0.825082	2.45232
0.715749	5.4868	0.742574	2.45232
0.716895	5.52805	0.825082	2.45232
0.724533	5.61056	0.742574	2.45232
0.725373	5.61056	0.742574	2.7248
0.726016	5.65182	0.825082	2.7248
0.743227	5.73432	0.742574	2.7248
0.743866	5.73432	0.907591	2.7248
0.745839	5.81683	0.825082	2.7248
0.748038	5.89934	0.742574	2.7248
0.772513	5.98185	0.660066	2.7248
0.772659	5.98185	0.660066	2.7248
0.77404	5.98185	0.825082	2.7248
0.779084	6.06436	0.742574	2.7248
0.779103	6.06436	0.907591	2.7248
0.782098	6.14686	0.825082	2.7248
0.782174	6.22937	0.742574	2.7248
0.801447	6.31188	0.660066	2.7248
0.804139	6.31188	0.825082	2.7248
0.805552	6.39439	0.742574	2.7248
0.819464	6.4769	0.660066	2.7248
0.820465	6.4769	0.825082	2.7248
0.821317	6.55941	0.742574	2.7248
0.822154	6.64191	0.660066	2.7248
0.822759	6.64191	0.825082	2.7248
0.822777	6.72442	0.742574	2.7248
0.826794	6.76568	0.825082	2.7248
0.826922	6.84818	0.742574	2.7248
0.830067	6.93069	0.660066	2.7248
0.830783	6.97195	0.742574	2.7248
0.843019	7.05446	0.660066	2.7248
0.862101	7.05446	0.825082	2.7248
0.865046	7.09571	0.907591	2.7248
0.874798	7.17822	0.825082	2.7248
0.877283	7.17822	0.825082	2.99728
0.888495	7.17822	0.825082	2.99728
0.889661	7.21947	0.907591	2.99728
0.901909	7.30198	0.825082	2.99728
0.902336	7.34323	0.907591	2.99728
0.922677	7.42574	0.825082	2.99728
0.928232	7.42574	0.825082	2.99728
0.932348	7.467	0.907591	2.99728
0.943909	7.5495	0.825082	2.99728
0.944333	7.5495	0.825082	3.26975
0.946585	7.5495	0.990099	3.26975
0.947064	7.63201	0.907591	3.26975
0.953451	7.71452	0.825082	3.26975
0.957465	7.71452	0.825082	3.54223
0.957785	7.71452	0.825082	3.54223
0.985227	7.71452	0.825082	3.54223
0.98608	7.71452	0.825082	3.54223
0.990603	7.71452	0.825082	3.81471
0.991617	7.71452	0.907591	3.81471
0.995727	7.79703	0.825082	3.81471
1.01246	7.79703	0.907591	3.81471
1.01562	7.79703	0.907591	4.08719
1.01679	7.83828	0.990099	4.08719
1.02922	7.92079	0.907591	4.08719
1.03022	7.92079	1.07261	4.08719
1.03102	8.0033	0.990099	4.08719
1.03237	8.08581	0.907591	4.08719
1.0357	8.08581	0.990099	4.08719
1.03651	8.12706	1.07261	4.08719
1.03663	8.20957	0.990099	4.08719
1.04342	8.29208	0.907591	4.08719
1.04365	8.29208	0.907591	4.35967
1.05	8.29208	0.990099	4.35967
1.05124	8.33333	1.07261	4.35967
1.05302	8.41584	0.990099	4.35967
1.05348	8.41584	0.990099	4.63215
1.07556	8.4571	1.07261	4.63215
1.09136	8.5396	0.990099	4.63215
1.09772	8.5396	0.990099	4.90463
1.1014	8.5396	0.990099	5.17711
1.11025	8.5396	0.990099	5.44959
1.11038	8.5396	1.15512	5.44959
1.11051	8.62211	1.07261	5.44959
1.11604	8.62211	1.07261	5.72207
1.1224	8.70462	0.990099	5.72207
1.12458	8.74587	1.07261	5.72207
1.12596	8.74587	1.07261	5.72207
1.13829	8.82838	0.990099	5.72207
1.14904	8.82838	1.15512	5.72207
1.15912	8.91089	1.07261	5.72207
1.16076	8.91089	1.07261	5.72207
1.16525	8.91089	1.15512	5.72207
1.17751	8.9934	1.07261	5.72207
1.17972	9.07591	0.990099	5.72207
1.18363	9.11716	1.07261	5.72207
1.18405	9.11716	1.23762	5.72207
1.18455	9.19967	1.15512	5.72207
1.18502	9.28218	1.07261	5.72207
1.18644	9.36469	0.990099	5.72207
1.1979	9.36469	1.07261	5.72207
1.19955	9.4472	0.990099	5.72207
1.20073	9.4472	0.990099	5.72207
1.20731	9.4472	0.990099	5.72207
1.20934	9.48845	1.07261	5.72207
1.20977	9.57096	0.990099	5.72207
1.22036	9.57096	1.07261	5.72207
1.22342	9.57096	1.15512	5.72207
1.23273	9.57096	1.15512	5.99455
1.24186	9.57096	1.15512	6.26703
1.24269	9.57096	1.15512	6.26703
1.24752	9.57096	1.15512	6.53951
1.24839	9.57096	1.32013	6.53951
1.24863	9.65347	1.23762	6.53951
1.24931	9.73597	1.15512	6.53951
1.2666	9.73597	1.15512	6.81199
1.27062	9.77723	1.23762	6.81199
1.2764	9.85974	1.15512	6.81199
1.27988	9.85974	1.15512	6.81199
1.28083	9.90099	1.23762	6.81199
1.28382	9.9835	1.15512	6.81199
1.29534	9.9835	1.15512	7.08447
1.29585	9.9835	1.32013	7.08447
1.2959	10.066	1.23762	7.08447
1.3009	10.1485	1.15512	7.08447
1.30266	10.1485	1.32013	7.08447
1.30281	10.231	1.23762	7.08447
1.33538	10.3135	1.15512	7.08447
1.33668	10.3548	1.23762	7.08447
1.33668	10.4373	1.15512	7.08447
1.33846	10.4373	1.15512	7.08447
1.34575	10.5198	1.07261	7.08447
1.37895	10.5198	1.07261	7.08447
1.37982	10.5198	1.23762	7.08447
1.38107	10.6023	1.15512	7.08447
1.38216	10.6848	1.07261	7.08447
1.38367	10.6848	1.07261	7.08447
1.3888	10.6848	1.07261	7.35695
1.39156	10.7261	1.15512	7.35695
1.39834	10.7261	1.15512	7.35695
1.40445	10.7261	1.15512	7.62943
1.41841	10.8086	1.07261	7.62943
1.42053	10.8086	1.23762	7.62943
1.42293	10.8911	1.15512	7.62943
1.42678	10.9736	1.07261	7.62943
1.42821	10.9736	1.23762	7.62943
1.42876	11.0561	1.15512	7.62943
1.43479	11.1386	1.07261	7.62943
1.47074	11.2211	0.990099	7.62943
1.48107	11.2624	1.07261	7.62943
1.48635	11.2624	1.07261	7.62943
1.48729	11.3036	1.15512	7.62943
1.48831	11.3861	1.07261	7.62943
1.51064	11.3861	1.07261	7.90191
1.52111	11.3861	1.07261	7.90191
1.52745	11.3861	1.07261	8.17439
1.53528	11.3861	1.07261	8.17439
1.53539	11.3861	1.15512	8.17439
1.54644	11.4686	1.07261	8.17439
1.574	11.4686	1.07261	8.17439
1.5762	11.5512	0.990099	8.17439
1.58194	11.5512	0.990099	8.17439
1.5945	11.5924	1.07261	8.17439
1.60649	11.6749	0.990099	8.17439
1.62205	11.6749	0.990099	8.44687
1.63645	11.6749	0.990099	8.44687
1.63828	11.6749	0.990099	8.44687
1.63894	11.7162	1.07261	8.44687
1.64355	11.7987	0.990099	8.44687
1.64415	11.7987	1.15512	8.44687
1.64542	11.8812	1.07261	8.44687
1.69593	11.9637	0.990099	8.44687
1.70314	11.9637	0.990099	8.71935
1.71335	12.005	1.07261	8.71935
1.71352	12.0462	1.15512	8.71935
1.72328	12.1287	1.07261	8.71935
1.72433	12.1287	1.07261	8.99183
1.72468	12.1287	1.07261	9.26431
1.73366	12.1287	1.07261	9.26431
1.73432	12.17	1.15512	9.26431
1.73591	12.2525	1.07261	9.26431
1.75929	12.2525	1.15512	9.26431
1.77406	12.2525	1.15512	9.53679
1.77688	12.2525	1.15512	9.80926
1.7893	12.335	1.07261	9.80926
1.79487	12.335	1.07261	9.80926
1.79622	12.3762	1.15512	9.80926
1.79773	12.4587	1.07261	9.80926
1.79802	12.4587	1.15512	9.80926
1.79891	12.4587	1.15512	9.80926
1.80164	12.5413	1.07261	9.80926
1.80517	12.6238	0.990099	9.80926
1.80522	12.6238	1.15512	9.80926
1.80527	12.665	1.23762	9.80926
1.80748	12.7475	1.15512	9.80926
1.80837	12.7475	1.32013	9.80926
1.81021	12.83	1.23762	9.80926
1.81059	12.8713	1.32013	9.80926
1.81839	12.9538	1.23762	9.80926
1.81932	12.995	1.32013	9.80926
1.82057	13.0776	1.23762	9.80926
1.82095	13.1601	1.15512	9.80926
1.82824	13.2426	1.07261	9.80926
1.83203	13.2426	1.07261	10.0817
1.83226	13.2426	1.07261	10.0817
1.83319	13.2426	1.23762	10.0817
1.83616	13.3251	1.15512	10.0817
1.83681	13.3251	1.15512	10.3542
1.84463	13.4076	1.07261	10.3542
1.84692	13.4076	1.23762	10.3542
1.84763	13.4901	1.15512	10.3542
1.85323	13.5726	1.07261	10.3542
1.85471	13.5726	1.15512	10.3542
1.85675	13.5726	1.15512	10.3542
1.85868	13.5726	1.15512	10.6267
1.88078	13.5726	1.32013	10.6267
1.89265	13.5726	1.32013	10.8992
1.89317	13.5726	1.32013	11.1717
1.89607	13.5726	1.32013	11.1717
1.89767	13.6139	1.40264	11.1717
1.89778	13.6139	1.40264	11.4441
1.90284	13.6964	1.32013	11.4441
1.9035	13.7376	1.40264	11.4441
1.91426	13.8201	1.32013	11.4441
1.91458	13.8201	1.48515	11.4441
1.915	13.9026	1.40264	11.4441
1.92527	13.9851	1.32013	11.4441
1.92821	13.9851	1.32013	11.4441
1.93003	14.0264	1.40264	11.4441
1.93172	14.0677	1.48515	11.4441
1.93175	14.1502	1.40264	11.4441
1.93196	14.1502	1.56766	11.4441
1.93559	14.2327	1.48515	11.4441
1.93711	14.3152	1.40264	11.4441
1.93928	14.3977	1.32013	11.4441
1.93928	14.4802	1.23762	11.4441
1.94948	14.4802	1.23762	11.7166
1.95177	14.4802	1.23762	11.7166
1.95808	14.4802	1.23762	11.9891
1.97044	14.4802	1.23762	12.5341
1.97113	14.5215	1.32013	12.5341
1.99186	14.604	1.23762	12.5341
2.0096	14.604	1.23762	12.5341
2.0099	14.604	1.32013	12.5341
2.01133	14.6865	1.23762	12.5341
2.03369	14.769	1.15512	12.5341
2.03512	14.769	1.15512	12.8065
2.0363	14.8515	1.07261	12.8065
2.04973	14.8515	1.07261	13.079
2.05245	14.8927	1.15512	13.079
2.05333	14.934	1.23762	13.079
2.05414	15.0165	1.15512	13.079
2.05862	15.0165	1.15512	13.3515
2.05936	15.0578	1.23762	13.3515
2.06404	15.1403	1.15512	13.3515
2.06523	15.1815	1.23762	13.3515
2.07305	15.264	1.15512	13.3515
2.07474	15.3053	1.23762	13.3515
2.09455	15.3878	1.15512	13.3515
2.09542	15.3878	1.15512	13.3515
2.09625	15.3878	1.15512	13.624
2.10174	15.3878	1.15512	13.8965
2.11097	15.429	1.23762	13.8965
2.11821	15.429	1.23762	13.8965
2.14088	15.429	1.23762	14.4414
2.14186	15.429	1.40264	14.4414
2.14331	15.5116	1.32013	14.4414
2.14335	15.5116	1.48515	14.4414
2.21185	15.5941	1.40264	14.4414
2.2133	15.5941	1.40264	14.7139
2.22422	15.5941	1.40264	14.9864
2.22843	15.5941	1.40264	15.5313
2.23175	15.6353	1.48515	15.5313
2.24983	15.7178	1.40264	15.5313
2.25184	15.7591	1.48515	15.5313
2.25889	15.8416	1.40264	15.5313
2.26323	15.8828	1.48515	15.5313
2.26489	15.9241	1.56766	15.5313
2.26513	16.0066	1.48515	15.5313
2.26535	16.0066	1.65016	15.5313
2.2655	16.0891	1.56766	15.5313
2.2679	16.1716	1.48515	15.5313
2.27347	16.2541	1.40264	15.5313
2.27678	16.2954	1.48515	15.5313
2.27827	16.2954	1.56766	15.5313
2.28246	16.3779	1.48515	15.5313
2.29413	16.3779	1.48515	15.5313
2.31121	16.4604	1.40264	15.5313
2.31151	16.5016	1.48515	15.5313
2.32422	16.5842	1.40264	15.5313
2.32437	16.6667	1.32013	15.5313
2.32646	16.7492	1.23762	15.5313
2.32692	16.8317	1.15512	15.5313
2.34234	16.8317	1.15512	15.8038
2.35273	16.8317	1.15512	16.0763
2.35631	16.8317	1.15512	16.3488
2.38259	16.9142	1.07261	16.3488
2.38268	16.9142	1.23762	16.3488
2.38468	16.9967	1.15512	16.3488
2.40446	17.0792	1.07261	16.3488
2.41163	17.1617	0.990099	16.3488
2.4121	17.203	1.07261	16.3488
2.42745	17.2855	0.990099	16.3488
2.42902	17.2855	0.990099	16.3488
2.43082	17.3267	1.07261	16.3488
2.43184	17.368	1.15512	16.3488
2.43271	17.4505	1.07261	16.3488
2.43458	17.4505	1.07261	16.6213
2.43511	17.4505	1.23762	16.6213
2.43556	17.533	1.15512	16.6213
2.45306	17.6155	1.07261	16.6213
2.4539	17.6155	1.15512	16.6213
2.46414	17.698	1.07261	16.6213
2.47165	17.698	1.07261	16.8937
2.4729	17.7393	1.15512	16.8937
2.48981	17.8218	1.07261	16.8937
2.50076	17.9043	0.990099	16.8937
2.53092	17.9043	0.990099	17.1662
2.54632	17.9043	0.990099	17.4387
2.57074	17.9043	0.990099	17.7112
2.5728	17.9868	0.907591	17.7112
2.57686	18.0693	0.825082	17.7112
2.58536	18.0693	0.825082	17.9837
2.58587	18.0693	0.990099	17.9837
2.58587	18.1518	0.907591	17.9837
2.58622	18.2343	0.825082	17.9837
2.5875	18.2756	0.907591	17.9837
2.59105	18.3581	0.825082	17.9837
2.59168	18.3581	0.990099	17.9837
2.59319	18.4406	0.907591	17.9837
2.59357	18.4406	1.07261	17.9837
2.59383	18.5231	0.990099	17.9837
2.59427	18.6056	0.907591	17.9837
2.5947	18.6469	0.990099	17.9837
2.59592	18.7294	0.907591	17.9837
2.60047	18.8119	0.825082	17.9837
2.61274	18.8119	0.825082	18.2561
2.61566	18.8119	0.825082	18.5286
2.62228	18.8119	0.825082	18.8011
2.62554	18.8944	0.742574	18.8011
2.65313	18.8944	0.742574	19.0736
2.65944	18.9356	0.825082	19.0736
2.66908	19.0182	0.742574	19.0736
2.6732	19.1007	0.660066	19.0736
2.67663	19.1007	0.742574	19.0736
2.68088	19.1832	0.660066	19.0736
2.68218	19.2244	0.742574	19.0736
2.69414	19.3069	0.660066	19.0736
2.6948	19.3069	0.825082	19.0736
2.6962	19.3894	0.742574	19.0736
2.71834	19.4719	0.660066	19.0736
2.71954	19.4719	0.825082	19.0736
2.72233	19.5545	0.742574	19.0736
2.7359	19.637	0.660066	19.0736
2.75912	19.637	0.660066	19.0736
2.78336	19.637	0.660066	19.346
2.7972	19.637	0.660066	19.6185
2.79819	19.637	0.742574	19.6185
2.79823	19.637	0.907591	19.6185
2.80377	19.7195	0.825082	19.6185
2.80398	19.802	0.742574	19.6185
2.8076	19.802	0.825082	19.6185
2.81006	19.8845	0.742574	19.6185
2.81204	19.8845	0.742574	19.891
2.81256	19.8845	0.907591	19.891
2.81292	19.967	0.825082	19.891
2.84028	20.0495	0.742574	19.891
2.84453	20.0495	0.742574	20.1635
2.84507	20.0908	0.825082	20.1635
2.86051	20.1733	0.742574	20.1635
2.86397	20.1733	0.907591	20.1635
2.86415	20.2558	0.825082	20.1635
2.87902	20.3383	0.742574	20.1635
2.87912	20.3383	0.907591	20.1635
2.87986	20.4208	0.825082	20.1635
2.88161	20.5033	0.742574	20.1635
2.88392	20.5033	0.742574	20.436
2.88468	20.5446	0.825082	20.436
2.89422	20.6271	0.742574	20.436
2.91505	20.6271	0.907591	20.436
2.94189	20.6271	0.907591	20.7084
2.94213	20.6683	0.990099	20.7084
2.95173	20.7508	0.907591	20.7084
2.96383	20.7508	0.907591	20.7084
2.98534	20.7508	0.907591	20.9809
2.98666	20.7508	1.07261	20.9809
2.9883	20.8333	0.990099	20.9809
2.9891	20.9158	0.907591	20.9809
3.02121	20.9984	0.825082	20.9809
3.03432	21.0396	0.907591	20.9809
3.03522	21.0809	0.990099	20.9809
3.03527	21.1634	0.907591	20.9809
3.04004	21.1634	0.907591	20.9809
3.04126	21.2046	0.990099	20.9809
3.07878	21.2871	0.907591	20.9809
3.09546	21.2871	0.907591	21.2534
3.1235	21.2871	0.907591	21.2534
3.14721	21.2871	1.07261	21.2534
3.14739	21.2871	1.23762	21.2534
3.14779	21.3696	1.15512	21.2534
3.14806	21.3696	1.15512	21.5259
3.1517	21.4521	1.07261	21.5259
3.15268	21.4934	1.15512	21.5259
3.15628	21.5759	1.07261	21.5259
3.16057	21.6584	0.990099	21.5259
3.16216	21.6584	1.15512	21.5259
3.16759	21.7409	1.07261	21.5259
3.17499	21.8234	0.990099	21.5259
3.1757	21.8234	1.15512	21.5259
3.17884	21.9059	1.07261	21.5259
3.19846	21.9884	0.990099	21.5259
3.20977	21.9884	0.990099	21.7984
3.21209	21.9884	0.990099	22.0708
3.2185	22.071	0.907591	22.0708
3.21855	22.1122	0.990099	22.0708
3.22654	22.1947	0.907591	22.0708
3.22921	22.236	0.990099	22.0708
3.23039	22.236	0.990099	22.0708
3.23075	22.2772	1.07261	22.0708
3.23268	22.3597	0.990099	22.0708
3.23807	22.4422	0.907591	22.0708
3.23881	22.4835	0.990099	22.0708
3.26145	22.566	0.907591	22.0708
3.26677	22.6073	0.990099	22.0708
3.26745	22.6485	1.07261	22.0708
3.26889	22.731	0.990099	22.0708
3.27493	22.8135	0.907591	22.0708
3.27616	22.8135	1.07261	22.0708
3.27769	22.896	0.990099	22.0708
3.28308	22.9785	0.907591	22.0708
3.28348	22.9785	1.07261	22.0708
3.28426	23.0611	0.990099	22.0708
3.2843	23.1436	0.907591	22.0708
3.30641	23.2261	0.825082	22.0708
3.30737	23.2261	0.990099	22.0708
3.31055	23.3086	0.907591	22.0708
3.31998	23.3911	0.825082	22.0708
3.325	23.3911	0.825082	22.3433
3.35853	23.4736	0.742574	22.3433
3.36148	23.4736	0.825082	22.3433
3.37081	23.5561	0.742574	22.3433
3.37154	23.5974	0.825082	22.3433
3.37671	23.6799	0.742574	22.3433
3.38354	23.6799	0.742574	22.6158
3.38726	23.7624	0.660066	22.6158
3.38793	23.7624	0.742574	22.6158
3.38799	23.8449	0.660066	22.6158
3.39025	23.9274	0.577558	22.6158
3.3922	23.9686	0.660066	22.6158
3.40617	24.0512	0.577558	22.6158
3.40731	24.0512	0.742574	22.6158
3.40861	24.1337	0.660066	22.6158
3.42069	24.2162	0.577558	22.6158
3.42537	24.2987	0.49505	22.6158
3.42884	24.2987	0.49505	22.8883
3.42997	24.2987	0.49505	23.1608
3.43499	24.2987	0.49505	23.4332
3.43508	24.3399	0.577558	23.4332
3.4778	24.4224	0.49505	23.4332
3.48301	24.4224	0.49505	23.7057
3.48319	24.4637	0.577558	23.7057
3.49605	24.5462	0.49505	23.7057
3.49988	24.5875	0.577558	23.7057
3.50407	24.67	0.49505	23.7057
3.51344	24.67	0.49505	23.9782
3.5457	24.67	0.49505	23.9782
3.54963	24.7112	0.577558	23.9782
3.55097	24.7937	0.49505	23.9782
3.55426	24.835	0.577558	23.9782
3.55736	24.9175	0.49505	23.9782
3.56679	24.9175	0.49505	24.2507
3.56799	24.9175	0.577558	24.2507
3.56863	25	0.49505	24.2507
3.56912	25.0413	0.577558	24.2507
3.5714	25.1238	0.49505	24.2507
3.58729	25.1238	0.49505	24.2507
3.59729	25.1238	0.660066	24.2507
3.59741	25.165	0.742574	24.2507
3.6114	25.2475	0.660066	24.2507
3.61198	25.2475	0.825082	24.2507
3.61533	25.33	0.742574	24.2507
3.62619	25.4125	0.660066	24.2507
3.62803	25.4125	0.660066	24.7956
3.6281	25.4125	0.742574	24.7956
3.63689	25.4951	0.660066	24.7956
3.6456	25.4951	0.660066	25.0681
3.64568	25.5363	0.742574	25.0681
3.65989	25.6188	0.660066	25.0681
3.67975	25.6188	0.660066	25.3406
3.68427	25.6601	0.742574	25.3406
3.688	25.7426	0.660066	25.3406
3.68924	25.7838	0.742574	25.3406
3.69589	25.8663	0.660066	25.3406
3.70285	25.9488	0.577558	25.3406
3.70953	25.9488	0.577558	25.6131
3.70998	25.9488	0.742574	25.6131
3.71031	26.0314	0.660066	25.6131
3.71184	26.1139	0.577558	25.6131
3.71187	26.1551	0.660066	25.6131
3.71482	26.2376	0.577558	25.6131
3.7157	26.2789	0.660066	25.6131
3.75145	26.3614	0.577558	25.6131
3.75419	26.4439	0.49505	25.6131
3.75506	26.4439	0.660066	25.6131
3.75684	26.5264	0.577558	25.6131
3.77334	26.6089	0.49505	25.6131
3.77401	26.6502	0.577558	25.6131
3.77925	26.7327	0.49505	25.6131
3.78192	26.7739	0.577558	25.6131
3.79582	26.8564	0.49505	25.6131
3.79822	26.8977	0.577558	25.6131
3.82812	26.9802	0.49505	25.6131
3.82815	27.0627	0.412541	25.6131
3.82897	27.0627	0.577558	25.6131
3.8297	27.1452	0.49505	25.6131
3.83959	27.2277	0.412541	25.6131
3.84197	27.2277	0.49505	25.6131
3.84203	27.3102	0.412541	25.6131
3.85831	27.3515	0.49505	25.6131
3.85855	27.3927	0.577558	25.6131
3.86628	27.4752	0.49505	25.6131
3.86646	27.4752	0.660066	25.6131
3.86865	27.5578	0.577558	25.6131
3.90208	27.6403	0.49505	25.6131
3.92132	27.6403	0.49505	25.8856
3.94836	27.6403	0.49505	26.158
3.97878	27.7228	0.412541	26.158
4.02934	27.7228	0.412541	26.158
4.03375	27.7228	0.412541	26.703
4.0347	27.764	0.49505	26.703
4.03876	27.8465	0.412541	26.703
4.04293	27.8465	0.49505	26.703
4.04425	27.8465	0.577558	26.703
4.06482	27.929	0.49505	26.703
4.06485	27.929	0.577558	26.703
4.06894	28.0116	0.49505	26.703
4.0691	28.0116	0.49505	26.9755
4.07419	28.0116	0.49505	27.248
4.09546	28.0116	0.49505	27.5204
4.09946	28.0528	0.577558	27.5204
4.10346	28.0528	0.577558	27.7929
4.10421	28.0528	0.577558	27.7929
4.11311	28.1353	0.49505	27.7929
4.14049	28.1353	0.49505	28.0654
4.14235	28.1766	0.577558	28.0654
4.14276	28.1766	0.742574	28.0654
4.14336	28.2591	0.660066	28.0654
4.14368	28.3416	0.577558	28.0654
4.1698	28.4241	0.49505	28.0654
4.16987	28.4653	0.577558	28.0654
4.18389	28.5479	0.49505	28.0654
4.18418	28.5891	0.577558	28.0654
4.20108	28.6716	0.49505	28.0654
4.20139	28.6716	0.660066	28.0654
4.20297	28.7541	0.577558	28.0654
4.21087	28.8366	0.49505	28.0654
4.21136	28.8779	0.577558	28.0654
4.21336	28.9191	0.660066	28.0654
4.21346	28.9191	0.660066	28.3379
4.21368	29.0016	0.577558	28.3379
4.21434	29.0842	0.49505	28.3379
4.22254	29.0842	0.49505	28.6104
4.22565	29.1254	0.577558	28.6104
4.24995	29.2079	0.49505	28.6104
4.2509	29.2492	0.577558	28.6104
4.26523	29.3317	0.49505	28.6104
4.26729	29.3729	0.577558	28.6104
4.26964	29.4554	0.49505	28.6104
4.27614	29.538	0.412541	28.6104
4.27753	29.538	0.577558	28.6104
4.27963	29.6205	0.49505	28.6104
4.30713	29.703	0.412541	28.6104
4.30812	29.703	0.49505	28.6104
4.31365	29.7855	0.412541	28.6104
4.31665	29.8267	0.49505	28.6104
4.32044	29.9092	0.412541	28.6104
4.34246	29.9092	0.412541	28.8828
4.34255	29.9505	0.49505	28.8828
4.34881	30.033	0.412541	28.8828
4.35089	30.0743	0.49505	28.8828
4.39037	30.1568	0.412541	28.8828
4.39083	30.1568	0.577558	28.8828
4.39177	30.2393	0.49505	28.8828
4.39315	30.3218	0.412541	28.8828
4.39626	30.3218	0.412541	29.1553
4.41759	30.363	0.49505	29.1553
4.41773	30.4043	0.577558	29.1553
4.42664	30.4868	0.49505	29.1553
4.42674	30.4868	0.660066	29.1553
4.42748	30.5693	0.577558	29.1553
4.42819	30.5693	0.577558	29.4278
4.42998	30.6518	0.49505	29.4278
4.43404	30.6518	0.49505	29.7003
4.43615	30.6518	0.660066	29.7003
4.43718	30.7343	0.577558	29.7003
4.43931	30.8168	0.49505	29.7003
4.44261	30.8168	0.577558	29.7003
4.4441	30.8581	0.660066	29.7003
4.4518	30.9406	0.577558	29.7003
4.45258	30.9818	0.660066	29.7003
4.46992	31.0644	0.577558	29.7003
4.47031	31.1056	0.660066	29.7003
4.47229	31.1881	0.577558	29.7003
4.47589	31.2294	0.660066	29.7003
4.47829	31.3119	0.577558	29.7003
4.47858	31.3119	0.577558	30.2452
4.5177	31.3119	0.577558	30.5177
4.5179	31.3119	0.660066	30.5177
4.52936	31.3944	0.577558	30.5177
4.52939	31.4356	0.660066	30.5177
4.54394	31.5182	0.577558	30.5177
4.54952	31.5182	0.577558	30.7902
4.5501	31.5594	0.660066	30.7902
4.55037	31.6419	0.577558	30.7902
4.56065	31.6419	0.577558	30.7902
4.5616	31.6832	0.660066	30.7902
4.58716	31.7657	0.577558	30.7902
4.58727	31.7657	0.742574	30.7902
4.58855	31.8482	0.660066	30.7902
4.59548	31.9307	0.577558	30.7902
4.60773	31.9307	0.742574	30.7902
4.62989	32.0132	0.660066	30.7902
4.68449	32.0132	0.660066	30.7902
4.68574	32.0545	0.742574	30.7902
4.68925	32.0957	0.825082	30.7902
4.7054	32.1782	0.742574	30.7902
4.70572	32.2195	0.825082	30.7902
4.71132	32.302	0.742574	30.7902
4.74711	32.302	0.742574	31.3351
4.75173	32.302	0.742574	31.6076
4.75216	32.302	0.825082	31.6076
4.76271	32.3845	0.742574	31.6076
4.7648	32.3845	0.825082	31.6076
4.79511	32.467	0.742574	31.6076
4.79664	32.467	0.825082	31.6076
4.82465	32.5495	0.742574	31.6076
4.83725	32.5908	0.825082	31.6076
4.83813	32.5908	0.907591	31.6076
4.83952	32.6733	0.825082	31.6076
4.85398	32.6733	0.825082	31.8801
4.85511	32.7145	0.907591	31.8801
4.86525	32.797	0.825082	31.8801
4.92292	32.797	0.825082	32.1526
4.9375	32.8795	0.742574	32.1526
4.93751	32.8795	0.907591	32.1526
4.93769	32.962	0.825082	32.1526
4.94357	33.0446	0.742574	32.1526
4.94472	33.1271	0.660066	32.1526
4.95557	33.1271	0.742574	32.1526
4.99676	33.2096	0.660066	32.1526
4.99742	33.2096	0.825082	32.1526
5.00142	33.2921	0.742574	32.1526
5.02103	33.3746	0.660066	32.1526
5.02104	33.3746	0.742574	32.1526
5.0231	33.3746	0.825082	32.1526
5.02509	33.4571	0.742574	32.1526
5.0275	33.5396	0.660066	32.1526
5.04359	33.6221	0.577558	32.1526
5.05149	33.7046	0.49505	32.1526
5.052	33.7046	0.49505	32.4251
5.05718	33.7046	0.49505	32.4251
5.07665	33.7046	0.49505	32.6975
5.09667	33.7046	0.49505	32.97
5.09838	33.7459	0.577558	32.97
5.11103	33.8284	0.49505	32.97
5.11445	33.9109	0.412541	32.97
5.11977	33.9109	0.412541	33.2425
5.1208	33.9109	0.577558	33.2425
5.12153	33.9934	0.49505	33.2425
5.12523	34.0759	0.412541	33.2425
5.12593	34.0759	0.49505	33.2425
5.13199	34.1584	0.412541	33.2425
5.13213	34.1997	0.49505	33.2425
5.13405	34.2822	0.412541	33.2425
5.15593	34.2822	0.412541	33.7875
5.15707	34.3234	0.49505	33.7875
5.17045	34.4059	0.412541	33.7875
5.17156	34.4059	0.412541	34.0599
5.17349	34.4059	0.577558	34.0599
5.17356	34.4059	0.660066	34.0599
5.17667	34.4884	0.577558	34.0599
5.18447	34.571	0.49505	34.0599
5.18527	34.6122	0.577558	34.0599
5.19203	34.6947	0.49505	34.0599
5.19221	34.6947	0.577558	34.0599
5.21117	34.7772	0.49505	34.0599
5.21343	34.7772	0.577558	34.0599
5.22469	34.8597	0.49505	34.0599
5.22716	34.901	0.577558	34.0599
5.22998	34.9835	0.49505	34.0599
5.23875	34.9835	0.49505	34.3324
5.23907	35.0248	0.577558	34.3324
5.23919	35.066	0.660066	34.3324
5.23982	35.1485	0.577558	34.3324
5.26198	35.231	0.49505	34.3324
5.26719	35.231	0.49505	34.6049
5.26778	35.231	0.49505	35.1499
5.26798	35.231	0.660066	35.1499
5.26852	35.3135	0.577558	35.1499
5.2859	35.396	0.49505	35.1499
5.30741	35.396	0.49505	35.4223
5.30974	35.396	0.49505	35.6948
5.31042	35.4373	0.577558	35.6948
5.32003	35.5198	0.49505	35.6948
5.32239	35.5198	0.660066	35.6948
5.32241	35.5611	0.742574	35.6948
5.32271	35.6436	0.660066	35.6948
5.32364	35.7261	0.577558	35.6948
5.32606	35.8086	0.49505	35.6948
5.32967	35.8086	0.49505	35.9673
5.33085	35.8498	0.577558	35.9673
5.34059	35.9323	0.49505	35.9673
5.3472	35.9323	0.49505	36.2398
5.34895	35.9736	0.577558	36.2398
5.36507	36.0561	0.49505	36.2398
5.36554	36.0974	0.577558	36.2398
5.40644	36.1799	0.49505	36.2398
5.40997	36.1799	0.577558	36.2398
5.42639	36.1799	0.577558	36.5123
5.47216	36.1799	0.577558	36.7847
5.47289	36.2211	0.660066	36.7847
5.49046	36.3036	0.577558	36.7847
5.49333	36.3449	0.660066	36.7847
5.4935	36.3449	0.660066	37.0572
5.50961	36.4274	0.577558	37.0572
5.51039	36.4686	0.660066	37.0572
5.5205	36.5512	0.577558	37.0572
5.5419	36.5512	0.577558	37.3297
5.54309	36.5512	0.577558	37.6022
5.54461	36.5512	0.742574	37.6022
5.5447	36.6337	0.660066	37.6022
5.58122	36.7162	0.577558	37.6022
5.59606	36.7987	0.49505	37.6022
5.65979	36.8399	0.577558	37.6022
5.66156	36.9224	0.49505	37.6022
5.66539	36.9224	0.577558	37.6022
5.66667	37.005	0.49505	37.6022
5.66751	37.005	0.660066	37.6022
5.66841	37.0875	0.577558	37.6022
5.67025	37.0875	0.577558	38.1471
5.69923	37.17	0.49505	38.1471
5.69929	37.17	0.660066	38.1471
5.70052	37.2525	0.577558	38.1471
5.70957	37.335	0.49505	38.1471
5.71879	37.335	0.49505	38.4196
5.71888	37.335	0.660066	38.4196
5.71907	37.4175	0.577558	38.4196
5.72434	37.5	0.49505	38.4196
5.80096	37.5825	0.412541	38.4196
5.80253	37.6238	0.49505	38.4196
5.80425	37.665	0.577558	38.4196
5.8048	37.7475	0.49505	38.4196
5.81136	37.83	0.412541	38.4196
5.81183	37.8713	0.49505	38.4196
5.82683	37.9538	0.412541	38.4196
5.8289	37.995	0.49505	38.4196
5.82902	37.995	0.660066	38.4196
5.82964	38.0776	0.577558	38.4196
5.83093	38.1188	0.660066	38.4196
5.83195	38.2013	0.577558	38.4196
5.84154	38.2838	0.49505	38.4196
5.84297	38.2838	0.660066	38.4196
5.84387	38.3663	0.577558	38.4196
5.84445	38.4488	0.49505	38.4196
5.84493	38.4488	0.660066	38.4196
5.84545	38.5314	0.577558	38.4196
5.86068	38.6139	0.49505	38.4196
5.86657	38.6551	0.577558	38.4196
5.89091	38.7376	0.49505	38.4196
5.92791	38.7376	0.49505	38.6921
5.93181	38.7376	0.49505	38.9646
5.93637	38.7376	0.49505	39.2371
5.93693	38.7376	0.577558	39.2371
5.95898	38.8201	0.49505	39.2371
5.98496	38.8201	0.660066	39.2371
5.98692	38.8614	0.742574	39.2371
5.99453	38.9439	0.660066	39.2371
5.99472	38.9851	0.742574	39.2371
5.9955	39.0677	0.660066	39.2371
6.00285	39.1089	0.742574	39.2371
6.00381	39.1089	0.907591	39.2371
6.00439	39.1914	0.825082	39.2371
6.01133	39.2739	0.742574	39.2371
6.01471	39.3152	0.825082	39.2371
6.01625	39.3564	0.907591	39.2371
6.01891	39.4389	0.825082	39.2371
6.04667	39.5215	0.742574	39.2371
6.04723	39.5627	0.825082	39.2371
6.04889	39.6452	0.742574	39.2371
6.07305	39.6452	0.742574	39.5095
6.09786	39.7277	0.660066	39.5095
6.10111	39.7277	0.660066	39.5095
6.10209	39.769	0.742574	39.5095
6.11719	39.8515	0.660066	39.5095
6.1175	39.8515	0.825082	39.5095
6.11852	39.934	0.742574	39.5095
6.11891	40.0165	0.660066	39.5095
6.12146	40.0578	0.742574	39.5095
6.15612	40.1403	0.660066	39.5095
6.18157	40.1403	0.660066	39.782
6.18213	40.1403	0.660066	40.327
6.20281	40.1403	0.660066	40.327
6.22817	40.1815	0.742574	40.327
6.24153	40.2228	0.825082	40.327
6.24276	40.264	0.907591	40.327
6.25698	40.3465	0.825082	40.327
6.2838	40.3465	0.825082	40.5995
6.28454	40.3878	0.907591	40.5995
6.30863	40.4703	0.825082	40.5995
6.30993	40.4703	0.990099	40.5995
6.31112	40.5528	0.907591	40.5995
6.38112	40.6353	0.825082	40.5995
6.38586	40.6353	0.825082	40.8719
6.38632	40.6766	0.907591	40.8719
6.40275	40.7591	0.825082	40.8719
6.40877	40.7591	0.990099	40.8719
6.40934	40.8416	0.907591	40.8719
6.42802	40.9241	0.825082	40.8719
6.42915	40.9653	0.907591	40.8719
6.42943	41.0479	0.825082	40.8719
6.4298	41.0479	0.990099	40.8719
6.43045	41.1304	0.907591	40.8719
6.448	41.2129	0.825082	40.8719
6.44904	41.2541	0.907591	40.8719
6.46279	41.3366	0.825082	40.8719
6.46485	41.3366	0.907591	40.8719
6.47174	41.4191	0.825082	40.8719
6.47214	41.4604	0.907591	40.8719
6.50068	41.5429	0.825082	40.8719
6.50304	41.5429	0.907591	40.8719
6.50715	41.6254	0.825082	40.8719
6.5168	41.6254	0.825082	41.1444
6.51726	41.6667	0.907591	41.1444
6.5409	41.7492	0.825082	41.1444
6.54327	41.7492	0.907591	41.1444
6.58102	41.8317	0.825082	41.1444
6.58107	41.8317	0.990099	41.1444
6.58121	41.9142	0.907591	41.1444
6.58319	41.9554	0.990099	41.1444
6.59481	42.038	0.907591	41.1444
6.62395	42.038	0.907591	41.4169
6.62871	42.1205	0.825082	41.4169
6.68796	42.1205	0.825082	41.9619
6.68797	42.1617	0.907591	41.9619
6.69338	42.2442	0.825082	41.9619
6.69372	42.2442	0.990099	41.9619
6.69473	42.2442	1.15512	41.9619
6.69712	42.3267	1.07261	41.9619
6.69915	42.4092	0.990099	41.9619
6.69921	42.4917	0.907591	41.9619
6.72652	42.533	0.990099	41.9619
6.73394	42.533	0.990099	42.2343
6.73477	42.5743	1.07261	42.2343
6.73902	42.6568	0.990099	42.2343
6.75673	42.7393	0.907591	42.2343
6.76801	42.7393	0.907591	42.5068
6.76854	42.7805	0.990099	42.5068
6.77311	42.863	0.907591	42.5068
6.77417	42.9455	0.825082	42.5068
6.77708	42.9868	0.907591	42.5068
6.82824	43.0693	0.825082	42.5068
6.86969	43.1518	0.742574	42.5068
6.90026	43.1518	0.742574	42.7793
6.90048	43.1931	0.825082	42.7793
6.90054	43.2756	0.742574	42.7793
6.90533	43.2756	0.742574	43.0518
6.90685	43.3168	0.825082	43.0518
6.92411	43.3993	0.742574	43.0518
6.92609	43.4406	0.825082	43.0518
6.93138	43.4406	0.825082	43.3242
7.00272	43.4406	0.825082	43.5967
7.00399	43.4406	0.907591	43.5967
7.01543	43.5231	0.825082	43.5967
7.01872	43.5644	0.907591	43.5967
7.02747	43.6469	0.825082	43.5967
7.03308	43.6881	0.907591	43.5967
7.04867	43.7706	0.825082	43.5967
7.06089	43.7706	0.825082	43.8692
7.06834	43.8531	0.742574	43.8692
7.10283	43.8531	0.742574	44.1417
7.10391	43.8944	0.825082	44.1417
7.1898	43.9769	0.742574	44.1417
7.1916	43.9769	0.742574	44.6866
7.26685	44.0182	0.825082	44.6866
7.27532	44.0182	0.825082	44.9591
7.27631	44.0594	0.907591	44.9591
7.29223	44.1419	0.825082	44.9591
7.29316	44.1419	0.825082	45.2316
7.30155	44.1419	0.825082	45.5041
7.30296	44.1419	0.907591	45.5041
7.30498	44.2244	0.825082	45.5041
7.33405	44.2244	0.825082	45.7766
7.33478	44.2657	0.907591	45.7766
7.33631	44.3482	0.825082	45.7766
7.34221	44.4307	0.742574	45.7766
7.34369	44.4307	0.907591	45.7766
7.34393	44.5132	0.825082	45.7766
7.35205	44.5957	0.742574	45.7766
7.3529	44.637	0.825082	45.7766
7.35315	44.7195	0.742574	45.7766
7.35356	44.7195	0.907591	45.7766
7.35449	44.802	0.825082	45.7766
7.35798	44.8845	0.742574	45.7766
7.37451	44.967	0.660066	45.7766
7.37461	44.967	0.825082	45.7766
7.37483	45.0495	0.742574	45.7766
7.37773	45.132	0.660066	45.7766
7.38235	45.1733	0.742574	45.7766
7.38279	45.2558	0.660066	45.7766
7.38465	45.2558	0.742574	45.7766
7.38569	45.3383	0.660066	45.7766
7.38844	45.3383	0.742574	45.7766
7.3948	45.4208	0.660066	45.7766
7.39522	45.4208	0.742574	45.7766
7.44838	45.5033	0.660066	45.7766
7.47866	45.5033	0.660066	46.049
7.48064	45.5446	0.742574	46.049
7.53252	45.6271	0.660066	46.049
7.5358	45.6271	0.660066	46.3215
7.5835	45.6271	0.742574	46.3215
7.58381	45.6271	0.907591	46.3215
7.58464	45.7096	0.825082	46.3215
7.61967	45.7921	0.742574	46.3215
7.64961	45.8746	0.660066	46.3215
7.65599	45.9571	0.577558	46.3215
7.70115	46.0396	0.49505	46.3215
7.74297	46.0396	0.577558	46.3215
7.762	46.0396	0.577558	46.594
7.76824	46.0396	0.742574	46.594
7.7789	46.0396	0.742574	46.8665
7.78114	46.0809	0.825082	46.8665
7.78363	46.1634	0.742574	46.8665
7.78549	46.2046	0.825082	46.8665
7.79783	46.2871	0.742574	46.8665
7.81527	46.3696	0.660066	46.8665
7.81713	46.3696	0.660066	47.139
7.81756	46.4109	0.742574	47.139
7.82312	46.4934	0.660066	47.139
7.85129	46.4934	0.660066	47.4114
7.87805	46.4934	0.660066	47.4114
7.87813	46.4934	0.825082	47.4114
7.88184	46.5759	0.742574	47.4114
7.90447	46.6584	0.660066	47.4114
7.92105	46.6584	0.660066	47.6839
7.92794	46.6584	0.660066	48.2289
7.93403	46.6997	0.742574	48.2289
7.93535	46.7409	0.825082	48.2289
7.94062	46.8234	0.742574	48.2289
7.94227	46.8647	0.825082	48.2289
7.94818	46.9472	0.742574	48.2289
7.94826	46.9884	0.825082	48.2289
7.9559	47.071	0.742574	48.2289
7.95896	47.1122	0.825082	48.2289
7.96037	47.1947	0.742574	48.2289
7.96493	47.236	0.825082	48.2289
7.98996	47.3185	0.742574	48.2289
7.99178	47.3597	0.825082	48.2289
8.0229	47.4422	0.742574	48.2289
8.02372	47.4422	0.907591	48.2289
8.02378	47.5248	0.825082	48.2289
8.02855	47.6073	0.742574	48.2289
8.07869	47.6898	0.660066	48.2289
8.08101	47.6898	0.660066	48.5014
8.09409	47.731	0.742574	48.5014
8.09892	47.8135	0.660066	48.5014
8.10058	47.8135	0.660066	48.7738
8.10448	47.8135	0.660066	49.0463
8.13562	47.8135	0.660066	49.0463
8.15633	47.8135	0.742574	49.0463
8.15768	47.8548	0.825082	49.0463
8.16196	47.9373	0.742574	49.0463
8.16385	47.9785	0.825082	49.0463
8.16473	48.0611	0.742574	49.0463
8.16971	48.1023	0.825082	49.0463
8.18074	48.1848	0.742574	49.0463
8.19356	48.1848	0.825082	49.0463
8.20637	48.1848	0.825082	49.3188
8.2072	48.2261	0.907591	49.3188
8.21306	48.3086	0.825082	49.3188
8.24916	48.3086	0.825082	49.5913
8.24998	48.3086	0.907591	49.5913
8.25587	48.3911	0.825082	49.5913
8.28262	48.3911	0.825082	49.8638
8.28429	48.4323	0.907591	49.8638
8.28717	48.5149	0.825082	49.8638
8.28985	48.5149	0.990099	49.8638
8.2922	48.5974	0.907591	49.8638
8.30397	48.6799	0.825082	49.8638
8.31461	48.6799	0.825082	50.4087
8.31708	48.6799	0.825082	50.9537
8.37099	48.6799	0.825082	51.2262
8.37265	48.7624	0.742574	51.2262
8.37273	48.8036	0.825082	51.2262
8.37519	48.8861	0.742574	51.2262
8.37904	48.8861	0.742574	51.7711
8.38032	48.8861	0.742574	52.0436
8.4089	48.9686	0.660066	52.0436
8.41037	49.0099	0.742574	52.0436
8.42049	49.0924	0.660066	52.0436
8.45323	49.0924	0.660066	52.3161
8.45388	49.0924	0.825082	52.3161
8.45581	49.1749	0.742574	52.3161
8.45871	49.2574	0.660066	52.3161
8.46025	49.2574	0.825082	52.3161
8.46032	49.3399	0.742574	52.3161
8.46522	49.4224	0.660066	52.3161
8.46766	49.4637	0.742574	52.3161
8.46869	49.4637	0.742574	52.861
8.48474	49.5462	0.660066	52.861
8.48523	49.5875	0.742574	52.861
8.50166	49.67	0.660066	52.861
8.50179	49.7112	0.742574	52.861
8.50603	49.7937	0.660066	52.861
8.51305	49.8762	0.577558	52.861
8.5798	49.8762	0.577558	53.1335
8.58152	49.9175	0.660066	53.1335
8.60746	50	0.577558	53.1335
8.62004	50.0825	0.49505	53.1335
8.62703	50.0825	0.49505	53.6785
8.63428	50.0825	0.49505	54.2234
8.63445	50.1238	0.577558	54.2234
8.68623	50.2063	0.49505	54.2234
8.68657	50.2475	0.577558	54.2234
8.72226	50.33	0.49505	54.2234
8.72332	50.4125	0.412541	54.2234
8.74519	50.4125	0.412541	54.4959
8.7471	50.4538	0.49505	54.4959
8.80596	50.5363	0.412541	54.4959
8.80624	50.5363	0.577558	54.4959
8.80957	50.6188	0.49505	54.4959
8.86359	50.7013	0.412541	54.4959
8.86628	50.7013	0.577558	54.4959
8.867	50.7838	0.49505	54.4959
8.86747	50.8251	0.577558	54.4959
8.8702	50.9076	0.49505	54.4959
8.89247	50.9901	0.412541	54.4959
8.89602	51.0314	0.49505	54.4959
8.8991	51.1139	0.412541	54.4959
8.90227	51.1139	0.49505	54.4959
8.92556	51.1964	0.412541	54.4959
8.9508	51.1964	0.412541	54.7684
8.95463	51.1964	0.412541	55.0409
9.00154	51.1964	0.412541	55.3134
9.00197	51.1964	0.577558	55.3134
9.00493	51.2789	0.49505	55.3134
9.01122	51.3614	0.412541	55.3134
9.01162	51.3614	0.49505	55.3134
9.01206	51.3614	0.660066	55.3134
9.01477	51.4439	0.577558	55.3134
9.0161	51.5264	0.49505	55.3134
9.06635	51.6089	0.412541	55.3134
9.06679	51.6502	0.49505	55.3134
9.116	51.7327	0.412541	55.3134
9.11616	51.7327	0.577558	55.3134
9.12515	51.8152	0.49505	55.3134
9.16047	51.8977	0.412541	55.3134
9.16743	51.8977	0.412541	55.5858
9.16783	51.8977	0.577558	55.5858
9.16837	51.9802	0.49505	55.5858
9.17032	52.0627	0.412541	55.5858
9.22424	52.0627	0.412541	55.8583
9.2462	52.0627	0.412541	56.1308
9.24838	52.104	0.49505	56.1308
9.29165	52.1865	0.412541	56.1308
9.29197	52.1865	0.577558	56.1308
9.29264	52.269	0.49505	56.1308
9.32432	52.3515	0.412541	56.1308
9.32744	52.3515	0.49505	56.1308
9.34544	52.434	0.412541	56.1308
9.34656	52.434	0.577558	56.1308
9.34774	52.5165	0.49505	56.1308
9.36165	52.599	0.412541	56.1308
9.36237	52.599	0.412541	56.6758
9.36468	52.6815	0.330033	56.6758
9.36543	52.7228	0.412541	56.6758
9.38683	52.8053	0.330033	56.6758
9.38751	52.8465	0.412541	56.6758
9.40226	52.929	0.330033	56.6758
9.40454	52.9703	0.412541	56.6758
9.43723	53.0528	0.330033	56.6758
9.44268	53.0941	0.412541	56.6758
9.48158	53.1766	0.330033	56.6758
9.48754	53.2178	0.412541	56.6758
9.48895	53.3003	0.330033	56.6758
9.49032	53.3416	0.412541	56.6758
9.50551	53.4241	0.330033	56.6758
9.50569	53.4241	0.49505	56.6758
9.50667	53.5066	0.412541	56.6758
9.54975	53.5891	0.330033	56.6758
9.62474	53.5891	0.330033	56.9482
9.68793	53.6304	0.412541	56.9482
9.68898	53.6716	0.49505	56.9482
9.7309	53.7541	0.412541	56.9482
9.7322	53.7541	0.577558	56.9482
9.73223	53.8366	0.49505	56.9482
9.73273	53.9191	0.412541	56.9482
9.73369	53.9191	0.577558	56.9482
9.73407	54.0017	0.49505	56.9482
9.82104	54.0842	0.412541	56.9482
9.87005	54.1254	0.49505	56.9482
9.8706	54.1667	0.577558	56.9482
9.89575	54.2492	0.49505	56.9482
9.90176	54.3317	0.412541	56.9482
9.98674	54.3729	0.49505	56.9482
9.99069	54.4554	0.412541	56.9482
9.99167	54.4554	0.577558	56.9482
9.99194	54.538	0.49505	56.9482
9.9938	54.6205	0.412541	56.9482
10.1488	54.703	0.330033	56.9482
10.1502	54.703	0.330033	57.4932
10.1505	54.703	0.49505	57.4932
10.1511	54.7855	0.412541	57.4932
10.1599	54.868	0.330033	57.4932
10.1671	54.9092	0.412541	57.4932
10.1761	54.9917	0.330033	57.4932
10.2488	55.0743	0.247525	57.4932
10.2489	55.0743	0.412541	57.4932
10.2497	55.1568	0.330033	57.4932
10.2732	55.2393	0.247525	57.4932
10.2733	55.2393	0.330033	57.4932
10.2771	55.3218	0.247525	57.4932
10.2808	55.363	0.330033	57.4932
10.283	55.4455	0.247525	57.4932
10.2841	55.4868	0.330033	57.4932
10.3123	55.5693	0.247525	57.4932
10.3131	55.5693	0.412541	57.4932
10.3146	55.6106	0.49505	57.4932
10.3207	55.6931	0.412541	57.4932
10.3675	55.7756	0.330033	57.4932
10.3719	55.7756	0.330033	57.7657
10.3961	55.8581	0.247525	57.7657
10.399	55.8581	0.330033	57.7657
10.4007	55.9406	0.247525	57.7657
10.4574	55.9406	0.412541	57.7657
10.4898	55.9818	0.49505	57.7657
10.527	55.9818	0.577558	57.7657
10.5285	56.0231	0.660066	57.7657
10.5558	56.1056	0.577558	57.7657
10.5694	56.1056	0.577558	58.0381
10.5697	56.1056	0.742574	58.0381
10.5707	56.1881	0.660066	58.0381
10.5932	56.2706	0.577558	58.0381
10.5945	56.2706	0.742574	58.0381
10.5953	56.3531	0.660066	58.0381
10.5954	56.4356	0.577558	58.0381
10.5977	56.4769	0.660066	58.0381
10.6337	56.5594	0.577558	58.0381
10.6386	56.6007	0.660066	58.0381
10.6428	56.6832	0.577558	58.0381
10.6462	56.7244	0.660066	58.0381
10.6581	56.8069	0.577558	58.0381
10.6585	56.8482	0.660066	58.0381
10.7044	56.9307	0.577558	58.0381
10.7053	56.9719	0.660066	58.0381
10.7542	57.0545	0.577558	58.0381
10.7542	57.0545	0.742574	58.0381
10.7545	57.137	0.660066	58.0381
10.7662	57.2195	0.577558	58.0381
10.7848	57.2195	0.577558	58.3106
10.7879	57.2607	0.660066	58.3106
10.7885	57.3432	0.577558	58.3106
10.8075	57.4257	0.49505	58.3106
10.8078	57.467	0.577558	58.3106
10.8203	57.5495	0.49505	58.3106
10.8225	57.5495	0.660066	58.3106
10.8243	57.632	0.577558	58.3106
10.8359	57.7145	0.49505	58.3106
10.8435	57.7145	0.49505	58.8556
10.8474	57.7145	0.660066	58.8556
10.8476	57.797	0.577558	58.8556
10.8522	57.8795	0.49505	58.8556
10.8524	57.9208	0.577558	58.8556
10.8629	58.0033	0.49505	58.8556
10.8893	58.0858	0.412541	58.8556
10.8906	58.1271	0.49505	58.8556
10.899	58.2096	0.412541	58.8556
10.9005	58.2508	0.49505	58.8556
10.9543	58.3333	0.412541	58.8556
10.9707	58.3333	0.412541	59.4005
10.9713	58.3333	0.577558	59.4005
10.9713	58.4158	0.49505	59.4005
10.979	58.4983	0.412541	59.4005
11.0081	58.5809	0.330033	59.4005
11.038	58.5809	0.330033	59.673
11.0415	58.5809	0.330033	59.9455
11.0624	58.5809	0.330033	60.218
11.081	58.6634	0.247525	60.218
11.0813	58.7046	0.330033	60.218
11.1771	58.7871	0.247525	60.218
11.2	58.7871	0.247525	60.4905
11.2622	58.8284	0.330033	60.4905
11.2633	58.8284	0.412541	60.4905
11.2682	58.9109	0.330033	60.4905
11.285	58.9934	0.247525	60.4905
11.2888	59.0347	0.330033	60.4905
11.3139	59.1172	0.247525	60.4905
11.3157	59.1584	0.330033	60.4905
11.345	59.2409	0.247525	60.4905
11.3453	59.2409	0.412541	60.4905
11.3458	59.3234	0.330033	60.4905
11.3639	59.4059	0.247525	60.4905
11.4885	59.4059	0.247525	60.7629
11.4897	59.4059	0.247525	61.0354
11.4911	59.4059	0.330033	61.0354
11.525	59.4884	0.247525	61.0354
11.5283	59.5297	0.330033	61.0354
11.5485	59.6122	0.247525	61.0354
11.6102	59.6122	0.247525	61.3079
11.7179	59.6122	0.247525	61.5804
11.798	59.6122	0.247525	62.1253
11.7981	59.6535	0.330033	62.1253
11.7986	59.736	0.247525	62.1253
11.8038	59.7772	0.330033	62.1253
11.8343	59.8597	0.247525	62.1253
11.8368	59.8597	0.247525	62.3978
11.8407	59.8597	0.412541	62.3978
11.8417	59.9422	0.330033	62.3978
11.8988	60.0248	0.247525	62.3978
11.9009	60.0248	0.412541	62.3978
11.9026	60.1073	0.330033	62.3978
11.9424	60.1898	0.247525	62.3978
11.9559	60.231	0.330033	62.3978
11.9564	60.2723	0.412541	62.3978
11.9637	60.3548	0.330033	62.3978
11.9659	60.396	0.412541	62.3978
11.9799	60.4785	0.330033	62.3978
11.9816	60.5198	0.412541	62.3978
12.0323	60.6023	0.330033	62.3978
12.0325	60.6436	0.412541	62.3978
12.0868	60.7261	0.330033	62.3978
12.0876	60.7673	0.412541	62.3978
12.0891	60.8498	0.330033	62.3978
12.0908	60.8911	0.412541	62.3978
12.0996	60.9736	0.330033	62.3978
12.1266	61.0149	0.412541	62.3978
12.1357	61.0149	0.577558	62.3978
12.1361	61.0561	0.660066	62.3978
12.1751	61.1386	0.577558	62.3978
12.215	61.1799	0.660066	62.3978
12.2393	61.2624	0.577558	62.3978
12.242	61.2624	0.577558	62.9428
12.2431	61.2624	0.742574	62.9428
12.2437	61.3449	0.660066	62.9428
12.2464	61.4274	0.577558	62.9428
12.25	61.4274	0.577558	63.4877
12.3102	61.4274	0.577558	63.7602
12.311	61.5099	0.49505	63.7602
12.3116	61.5099	0.577558	63.7602
12.3287	61.5924	0.49505	63.7602
12.3549	61.5924	0.577558	63.7602
12.3646	61.6749	0.49505	63.7602
12.367	61.7162	0.577558	63.7602
12.3741	61.7987	0.49505	63.7602
12.3748	61.8399	0.577558	63.7602
12.383	61.9224	0.49505	63.7602
12.5449	62.005	0.412541	63.7602
12.5452	62.0462	0.49505	63.7602
12.5498	62.1287	0.412541	63.7602
12.5501	62.1287	0.577558	63.7602
12.5512	62.2112	0.49505	63.7602
12.5557	62.2937	0.412541	63.7602
12.559	62.335	0.49505	63.7602
12.6008	62.4175	0.412541	63.7602
12.6069	62.4175	0.412541	64.3052
12.6077	62.4175	0.412541	64.5777
12.7173	62.5	0.330033	64.5777
12.7175	62.5413	0.412541	64.5777
12.7275	62.6238	0.330033	64.5777
12.7284	62.665	0.412541	64.5777
12.7436	62.7475	0.330033	64.5777
12.7666	62.7475	0.330033	64.8501
12.7673	62.7888	0.412541	64.8501
12.7995	62.8713	0.330033	64.8501
12.8066	62.8713	0.330033	65.1226
12.8083	62.9125	0.412541	65.1226
12.842	62.995	0.330033	65.1226
12.8442	63.0363	0.412541	65.1226
12.861	63.1188	0.330033	65.1226
12.8633	63.1601	0.412541	65.1226
12.8773	63.2426	0.330033	65.1226
12.8784	63.2426	0.49505	65.1226
12.8808	63.3251	0.412541	65.1226
12.8963	63.4076	0.330033	65.1226
12.8989	63.4488	0.412541	65.1226
12.9154	63.5314	0.330033	65.1226
12.9158	63.5726	0.412541	65.1226
12.9705	63.6551	0.330033	65.1226
13.0453	63.7376	0.247525	65.1226
13.0765	63.8201	0.165017	65.1226
13.0784	63.8201	0.330033	65.1226
13.0796	63.9026	0.247525	65.1226
13.1045	63.9851	0.165017	65.1226
13.105	63.9851	0.330033	65.1226
13.1056	64.0677	0.247525	65.1226
13.2729	64.1502	0.165017	65.1226
13.4216	64.1502	0.165017	65.1226
13.4222	64.1502	0.330033	65.1226
13.4234	64.2327	0.247525	65.1226
13.4255	64.3152	0.165017	65.1226
13.4307	64.3152	0.247525	65.1226
13.6149	64.3977	0.165017	65.1226
13.7145	64.3977	0.165017	65.6676
13.7146	64.3977	0.165017	65.9401
13.718	64.4389	0.247525	65.9401
13.7502	64.5215	0.165017	65.9401
13.7542	64.5215	0.330033	65.9401
13.7554	64.604	0.247525	65.9401
13.7628	64.6865	0.165017	65.9401
13.7645	64.6865	0.247525	65.9401
13.7936	64.769	0.165017	65.9401
13.7961	64.8102	0.247525	65.9401
13.8012	64.8927	0.165017	65.9401
13.8037	64.934	0.247525	65.9401
13.8378	65.0165	0.165017	65.9401
13.8389	65.0165	0.330033	65.9401
13.8394	65.099	0.247525	65.9401
13.8838	65.1815	0.165017	65.9401
13.885	65.1815	0.330033	65.9401
13.8875	65.264	0.247525	65.9401
13.923	65.3465	0.165017	65.9401
13.9256	65.3465	0.165017	66.2125
13.9273	65.3878	0.247525	66.2125
13.9819	65.4703	0.165017	66.2125
13.9858	65.4703	0.247525	66.2125
13.9905	65.5528	0.165017	66.2125
13.9907	65.5941	0.247525	66.2125
14.0713	65.6766	0.165017	66.2125
14.0715	65.7178	0.247525	66.2125
14.0736	65.7591	0.330033	66.2125
14.0749	65.8416	0.247525	66.2125
14.0763	65.9241	0.165017	66.2125
14.1344	65.9241	0.165017	66.485
14.1357	65.9653	0.247525	66.485
14.1521	66.0479	0.165017	66.485
14.1563	66.0479	0.330033	66.485
14.1568	66.1304	0.247525	66.485
14.2684	66.2129	0.165017	66.485
14.2691	66.2541	0.247525	66.485
14.3047	66.3366	0.165017	66.485
14.3105	66.3366	0.165017	67.03
14.3548	66.4191	0.0825083	67.03
14.432	66.4191	0.0825083	67.3025
14.4356	66.4604	0.165017	67.3025
14.4569	66.5429	0.0825083	67.3025
14.457	66.5842	0.165017	67.3025
14.4636	66.6667	0.0825083	67.3025
14.4639	66.6667	0.165017	67.3025
14.4654	66.7079	0.247525	67.3025
14.4955	66.7904	0.165017	67.3025
14.4961	66.7904	0.330033	67.3025
14.4995	66.8729	0.247525	67.3025
14.5241	66.9554	0.165017	67.3025
14.5571	66.9554	0.165017	67.5749
14.6112	67.038	0.0825083	67.5749
14.6115	67.038	0.165017	67.5749
14.6372	67.1205	0.0825083	67.5749
14.6384	67.1205	0.247525	67.5749
14.6404	67.203	0.165017	67.5749
14.6739	67.2855	0.0825083	67.5749
14.704	67.2855	0.0825083	67.8474
14.7042	67.3267	0.165017	67.8474
14.8315	67.4092	0.0825083	67.8474
14.8322	67.4092	0.247525	67.8474
14.8324	67.4918	0.165017	67.8474
14.8686	67.5743	0.0825083	67.8474
14.8707	67.6155	0.165017	67.8474
14.8802	67.698	0.0825083	67.8474
14.8819	67.698	0.165017	67.8474
14.9554	67.7805	0.0825083	67.8474
15.4624	67.7805	0.247525	67.8474
15.4662	67.8218	0.330033	67.8474
15.4794	67.9043	0.247525	67.8474
15.4804	67.9043	0.412541	67.8474
15.4804	67.9868	0.330033	67.8474
15.6136	68.0693	0.247525	67.8474
15.6139	68.1106	0.330033	67.8474
15.6263	68.1931	0.247525	67.8474
15.6274	68.2343	0.330033	67.8474
15.6661	68.3168	0.247525	67.8474
15.6822	68.3993	0.165017	67.8474
15.7009	68.4818	0.0825083	67.8474
15.7018	68.5231	0.165017	67.8474
15.7036	68.6056	0.0825083	67.8474
15.7052	68.6469	0.165017	67.8474
15.7131	68.7294	0.0825083	67.8474
15.7162	68.7706	0.165017	67.8474
15.7253	68.8531	0.0825083	67.8474
15.7696	68.8531	0.0825083	68.3924
15.8186	68.8944	0.165017	68.3924
15.8966	68.9356	0.247525	68.3924
15.8979	68.9356	0.330033	68.3924
15.9015	69.0182	0.247525	68.3924
15.9019	69.0182	0.330033	68.3924
15.9203	69.1007	0.247525	68.3924
15.9231	69.1007	0.412541	68.3924
15.9281	69.1832	0.330033	68.3924
15.9675	69.2657	0.247525	68.3924
15.9691	69.2657	0.412541	68.3924
15.9752	69.3482	0.330033	68.3924
15.9882	69.4307	0.247525	68.3924
15.9883	69.4719	0.330033	68.3924
16.0221	69.5545	0.247525	68.3924
16.0229	69.5957	0.330033	68.3924
16.0368	69.6782	0.247525	68.3924
16.1259	69.6782	0.247525	68.9373
16.2267	69.7607	0.165017	68.9373
16.2274	69.7607	0.247525	68.9373
16.3738	69.8432	0.165017	68.9373
16.3739	69.8845	0.247525	68.9373
16.4272	69.967	0.165017	68.9373
16.4559	69.967	0.165017	69.4823
16.4581	70.0082	0.247525	69.4823
16.4892	70.0908	0.165017	69.4823
16.5351	70.0908	0.165017	70.0272
16.5503	70.0908	0.165017	70.2997
16.5743	70.0908	0.165017	70.5722
16.5761	70.132	0.247525	70.5722
16.5895	70.2145	0.165017	70.5722
16.59	70.2145	0.247525	70.5722
16.6083	70.297	0.165017	70.5722
16.6094	70.3383	0.247525	70.5722
16.6171	70.4208	0.165017	70.5722
16.6269	70.4208	0.165017	70.8447
16.6295	70.4208	0.247525	70.8447
16.645	70.5033	0.165017	70.8447
16.672	70.5446	0.247525	70.8447
16.6727	70.5858	0.330033	70.8447
16.6819	70.6683	0.247525	70.8447
16.6851	70.7096	0.330033	70.8447
16.6892	70.7921	0.247525	70.8447
16.7845	70.7921	0.247525	71.1172
16.8633	70.8746	0.165017	71.1172
16.8648	70.9158	0.247525	71.1172
16.9365	70.9984	0.165017	71.1172
16.9367	70.9984	0.330033	71.1172
16.9368	71.0809	0.247525	71.1172
17.0378	71.1634	0.165017	71.1172
17.0386	71.2046	0.247525	71.1172
17.0568	71.2871	0.165017	71.1172
17.0589	71.3284	0.247525	71.1172
17.1578	71.4109	0.165017	71.1172
17.1735	71.4934	0.0825083	71.1172
17.1738	71.5347	0.165017	71.1172
17.383	71.6172	0.0825083	71.1172
17.3839	71.6172	0.247525	71.1172
17.3851	71.6997	0.165017	71.1172
17.4214	71.7822	0.0825083	71.1172
17.5613	71.8647	0	71.1172
17.6128	71.8647	0	71.6621
17.6176	71.9059	0.0825083	71.6621
17.659	71.9884	0	71.6621
17.6646	71.9884	0.0825083	71.6621
17.7846	72.071	0	71.6621
17.8629	72.071	0.165017	71.6621
17.8642	72.1122	0.247525	71.6621
17.8963	72.1947	0.165017	71.6621
17.947	72.1947	0.165017	72.2071
17.947	72.236	0.247525	72.2071
17.954	72.3185	0.165017	72.2071
17.9792	72.3185	0.165017	72.4796
17.9817	72.3185	0.247525	72.4796
17.9973	72.401	0.165017	72.4796
17.9976	72.401	0.330033	72.4796
18.0008	72.4835	0.247525	72.4796
18.1767	72.566	0.165017	72.4796
18.1774	72.566	0.330033	72.4796
18.179	72.6485	0.247525	72.4796
18.2523	72.731	0.165017	72.4796
18.2924	72.7723	0.247525	72.4796
18.2929	72.8135	0.330033	72.4796
18.362	72.896	0.247525	72.4796
18.363	72.9373	0.330033	72.4796
18.364	73.0198	0.247525	72.4796
18.3643	73.0611	0.330033	72.4796
18.4373	73.1436	0.247525	72.4796
18.4526	73.1436	0.247525	72.752
18.4536	73.1848	0.330033	72.752
18.5257	73.2673	0.247525	72.752
18.5274	73.3086	0.330033	72.752
18.7767	73.3911	0.247525	72.752
18.8387	73.3911	0.247525	73.297
18.8756	73.4323	0.330033	73.297
18.8757	73.4323	0.49505	73.297
18.8764	73.5149	0.412541	73.297
18.9332	73.5974	0.330033	73.297
19.1651	73.5974	0.412541	73.297
19.1997	73.6799	0.330033	73.297
19.1997	73.7211	0.412541	73.297
19.2096	73.8036	0.330033	73.297
19.2097	73.8036	0.49505	73.297
19.2105	73.8861	0.412541	73.297
19.6035	73.9686	0.330033	73.297
19.6036	74.0099	0.412541	73.297
19.6041	74.0924	0.330033	73.297
19.6656	74.0924	0.330033	73.5695
19.6684	74.1337	0.412541	73.5695
19.6888	74.2162	0.330033	73.5695
19.6889	74.2574	0.412541	73.5695
19.8066	74.3399	0.330033	73.5695
19.8071	74.3399	0.412541	73.5695
19.9346	74.4224	0.330033	73.5695
19.9385	74.4637	0.412541	73.5695
19.9447	74.5462	0.330033	73.5695
19.9509	74.5462	0.412541	73.5695
19.9669	74.6287	0.330033	73.5695
19.9925	74.7112	0.247525	73.5695
19.9954	74.7112	0.330033	73.5695
20.1526	74.7937	0.247525	73.5695
20.1531	74.835	0.330033	73.5695
20.3605	74.9175	0.247525	73.5695
20.4089	75	0.165017	73.5695
20.4095	75	0.330033	73.5695
20.4138	75.0825	0.247525	73.5695
20.5128	75.165	0.165017	73.5695
20.5148	75.2063	0.247525	73.5695
20.5247	75.2888	0.165017	73.5695
20.5261	75.2888	0.330033	73.5695
20.5278	75.3713	0.247525	73.5695
20.8028	75.4538	0.165017	73.5695
20.8051	75.495	0.247525	73.5695
20.8821	75.5776	0.165017	73.5695
20.8822	75.6188	0.247525	73.5695
21.0907	75.7013	0.165017	73.5695
21.0932	75.7426	0.247525	73.5695
21.186	75.8251	0.165017	73.5695
21.236	75.8251	0.165017	73.842
21.3778	75.9076	0.0825083	73.842
21.5122	75.9901	0	73.842
21.5136	75.9901	0.165017	73.842
21.5155	76.0726	0.0825083	73.842
21.6017	76.1551	0	73.842
21.625	76.1964	0.0825083	73.842
21.6253	76.2376	0.165017	73.842
21.9205	76.3201	0.0825083	73.842
21.9208	76.3614	0.165017	73.842
22.0449	76.4439	0.0825083	73.842
22.0538	76.4851	0.165017	73.842
22.0759	76.5677	0.0825083	73.842
22.0815	76.5677	0.165017	73.842
22.1781	76.6502	0.0825083	73.842
22.1783	76.6914	0.165017	73.842
22.3016	76.7739	0.0825083	73.842
22.3053	76.8152	0.165017	73.842
22.3494	76.8977	0.0825083	73.842
22.3508	76.8977	0.165017	73.842
22.3663	76.9802	0.0825083	73.842
22.3703	77.0215	0.165017	73.842
22.4147	77.104	0.0825083	73.842
22.4158	77.1452	0.165017	73.842
22.4372	77.2277	0.0825083	73.842
22.4373	77.269	0.165017	73.842
22.4531	77.3515	0.0825083	73.842
22.4569	77.3515	0.247525	73.842
22.4571	77.434	0.165017	73.842
22.4982	77.5165	0.0825083	73.842
22.5058	77.5578	0.165017	73.842
22.6713	77.6403	0.0825083	73.842
22.8817	77.6815	0.165017	73.842
22.8829	77.7228	0.247525	73.842
23.0399	77.8053	0.165017	73.842
23.0416	77.8465	0.247525	73.842
23.1179	77.929	0.165017	73.842
23.1957	77.929	0.247525	73.842
23.3302	77.929	0.247525	74.1144
23.3312	77.9703	0.330033	74.1144
23.3355	78.0528	0.247525	74.1144
23.3377	78.0941	0.330033	74.1144
23.3683	78.1766	0.247525	74.1144
23.4433	78.1766	0.247525	74.3869
23.4483	78.1766	0.247525	74.9319
23.4484	78.2178	0.330033	74.9319
23.4561	78.3003	0.247525	74.9319
23.5277	78.3003	0.247525	75.2044
23.9865	78.3828	0.165017	75.2044
24.7321	78.3828	0.165017	75.7493
24.7335	78.3828	0.330033	75.7493
24.7338	78.4653	0.247525	75.7493
24.7488	78.5479	0.165017	75.7493
24.79	78.6304	0.0825083	75.7493
24.7919	78.6716	0.165017	75.7493
24.8072	78.7541	0.0825083	75.7493
24.8088	78.7954	0.165017	75.7493
24.8641	78.8779	0.0825083	75.7493
24.8698	78.9191	0.165017	75.7493
24.8722	79.0016	0.0825083	75.7493
24.8739	79.0429	0.165017	75.7493
24.9233	79.1254	0.0825083	75.7493
24.9246	79.1667	0.165017	75.7493
25.3858	79.2492	0.0825083	75.7493
25.3884	79.2904	0.165017	75.7493
25.3986	79.3729	0.0825083	75.7493
25.4009	79.4142	0.165017	75.7493
25.4229	79.4967	0.0825083	75.7493
25.4251	79.538	0.165017	75.7493
25.4397	79.6205	0.0825083	75.7493
25.4426	79.6617	0.165017	75.7493
25.6502	79.7442	0.0825083	75.7493
25.6527	79.7442	0.165017	75.7493
25.6599	79.8267	0.0825083	75.7493
25.6608	79.868	0.165017	75.7493
25.686	79.9505	0.0825083	75.7493
25.6879	79.9918	0.165017	75.7493
26.3816	80.0743	0.0825083	75.7493
26.3865	80.0743	0.0825083	76.2943
26.4728	80.0743	0.0825083	76.8392
26.6333	80.1155	0.165017	76.8392
26.6341	80.1155	0.247525	76.8392
26.7022	80.198	0.165017	76.8392
26.7038	80.2393	0.247525	76.8392
26.7877	80.3218	0.165017	76.8392
26.7904	80.363	0.247525	76.8392
26.9967	80.4455	0.165017	76.8392
26.9971	80.4868	0.247525	76.8392
27.2676	80.5693	0.165017	76.8392
27.2686	80.6106	0.247525	76.8392
27.4686	80.6931	0.165017	76.8392
27.6158	80.7756	0.0825083	76.8392
27.7656	80.7756	0.0825083	77.3842
27.7658	80.7756	0.247525	77.3842
27.7696	80.8581	0.165017	77.3842
27.8446	80.9406	0.0825083	77.3842
27.8584	81.0231	0	77.3842
27.8614	81.0644	0.0825083	77.3842
27.9554	81.1469	0	77.3842
28.0305	81.1469	0	77.9292
28.0323	81.1881	0.0825083	77.9292
28.0949	81.2706	0	77.9292
28.2265	81.2706	0	78.4741
28.2299	81.3119	0.0825083	78.4741
28.4797	81.3944	0	78.4741
28.4804	81.3944	0.165017	78.4741
28.4804	81.4769	0.0825083	78.4741
28.5135	81.5594	0	78.4741
28.5139	81.5594	0.0825083	78.4741
28.7993	81.6419	0	78.4741
28.8047	81.6832	0.0825083	78.4741
29.0157	81.7657	0	78.4741
29.0176	81.8069	0.0825083	78.4741
29.1136	81.8894	0	78.4741
29.1143	81.9307	0.0825083	78.4741
29.1851	82.0132	0	78.4741
29.187	82.0545	0.0825083	78.4741
29.3428	82.137	0	78.4741
29.345	82.1782	0.0825083	78.4741
29.6649	82.2607	0	78.4741
29.6655	82.2607	0.165017	78.4741
29.6656	82.3432	0.0825083	78.4741
29.7246	82.4257	0	78.4741
29.7281	82.467	0.0825083	78.4741
29.9642	82.5495	0	78.4741
29.9693	82.5908	0.0825083	78.4741
30.0645	82.6733	0	78.4741
30.0741	82.6733	0.0825083	78.4741
30.57	82.7558	0	78.4741
30.5788	82.7558	0	78.7466
30.5797	82.797	0.0825083	78.7466
30.7299	82.8795	0	78.7466
30.7327	82.9208	0.0825083	78.7466
30.796	83.0033	0	78.7466
30.8398	83.0033	0.0825083	78.7466
30.8404	83.0446	0.165017	78.7466
30.8416	83.0858	0.247525	78.7466
30.8468	83.1683	0.165017	78.7466
30.8472	83.2096	0.247525	78.7466
31.1501	83.2921	0.165017	78.7466
31.4789	83.3746	0.0825083	78.7466
31.4805	83.4158	0.165017	78.7466
31.727	83.4984	0.0825083	78.7466
31.7956	83.4984	0.247525	78.7466
31.7957	83.4984	0.412541	78.7466
31.7957	83.5809	0.330033	78.7466
31.9894	83.6634	0.247525	78.7466
32.2802	83.7459	0.165017	78.7466
32.4024	83.8284	0.0825083	78.7466
32.4025	83.8284	0.247525	78.7466
32.4038	83.9109	0.165017	78.7466
32.6495	83.9934	0.0825083	78.7466
32.9326	84.0759	0	78.7466
32.935	84.1172	0.0825083	78.7466
33.0512	84.1997	0	78.7466
33.0523	84.1997	0.0825083	78.7466
33.5263	84.2822	0	78.7466
33.5264	84.3234	0.0825083	78.7466
34.0167	84.4059	0	78.7466
34.0167	84.4472	0.0825083	78.7466
34.0838	84.5297	0	78.7466
34.0863	84.5297	0.0825083	78.7466
34.3812	84.6122	0	78.7466
35.681	84.6122	0	79.0191
35.6812	84.6122	0.0825083	79.0191
36.1	84.6947	0	79.0191
36.1006	84.736	0.0825083	79.0191
36.5258	84.8185	0	79.0191
36.5284	84.8597	0.0825083	79.0191
36.6746	84.9422	0	79.0191
36.6754	84.9422	0.0825083	79.0191
36.7105	85.0247	0	79.0191
36.7115	85.066	0.0825083	79.0191
36.895	85.1485	0	79.0191
37.0274	85.1485	0	79.2915
38.1355	85.1485	0	79.564
38.1975	85.1485	0	79.8365
38.2003	85.1898	0.0825083	79.8365
39.9584	85.2723	0	79.8365
39.9616	85.2723	0.0825083	79.8365
40.6066	85.3548	0	79.8365
40.607	85.3548	0.165017	79.8365
40.6105	85.4373	0.0825083	79.8365
41.109	85.5198	0	79.8365
41.1109	85.5611	0.0825083	79.8365
41.1215	85.6436	0	79.8365
42.0957	85.6848	0.0825083	79.8365
42.3759	85.6848	0.0825083	80.3815
42.3759	85.7261	0.165017	80.3815
42.4492	85.8086	0.0825083	80.3815
42.551	85.8498	0.165017	80.3815
42.8948	85.9323	0.0825083	80.3815
43.7414	86.0149	0	80.3815
44.0928	86.0149	0	80.9264
44.0938	86.0561	0.0825083	80.9264
44.9654	86.1386	0	80.9264
44.9674	86.1799	0.0825083	80.9264
45.8885	86.2624	0	80.9264
45.8893	86.3036	0.0825083	80.9264
45.9585	86.3861	0	80.9264
45.9614	86.4274	0.0825083	80.9264
46.0269	86.5099	0	80.9264
46.0286	86.5512	0.0825083	80.9264
47.4751	86.6337	0	80.9264
47.4754	86.6749	0.0825083	80.9264
48.2618	86.7574	0	80.9264
48.2626	86.7987	0.0825083	80.9264
48.5524	86.8812	0	80.9264
48.5528	86.9224	0.0825083	80.9264
49.8204	87.005	0	80.9264
49.8217	87.0462	0.0825083	80.9264
51.4495	87.1287	0	80.9264
51.4499	87.17	0.0825083	80.9264
51.5004	87.2525	0	80.9264
51.5031	87.2525	0.0825083	80.9264
51.6674	87.335	0	80.9264
51.6677	87.3762	0.0825083	80.9264
51.8614	87.4587	0	80.9264
53.1922	87.5	0.0825083	80.9264
53.1958	87.5413	0.165017	80.9264
54.6262	87.6238	0.0825083	80.9264
54.6275	87.665	0.165017	80.9264
54.8949	87.7475	0.0825083	80.9264
59.0022	87.83	0	80.9264
62.4454	87.83	0	81.4714
62.4461	87.8713	0.0825083	81.4714
69.4959	87.9538	0	81.4714
69.8317	87.9538	0.0825083	81.4714
70.9825	88.0363	0	81.4714
74.5481	88.0363	0.0825083	81.4714
84.0415	88.1188	0	81.4714
84.0428	88.1188	0.165017	81.4714
84.0436	88.2013	0.0825083	81.4714
86.8229	88.2838	0	81.4714
90.3286	88.2838	0	82.0163
90.3288	88.3251	0.0825083	82.0163
96.8228	88.4076	0	82.0163
98.1901	88.4076	0	82.5613
98.1903	88.4076	0.165017	82.5613
98.1932	88.4901	0.0825083	82.5613
104.23	88.5726	0	82.5613
107.334	88.5726	0	82.8338
119.988	88.5726	0	83.1063
121.682	88.6139	0.0825083	83.1063
132.095	88.6964	0	83.1063
132.099	88.6964	0.165017	83.1063
132.344	88.7789	0.0825083	83.1063
140.985	88.8614	0	83.1063
144.132	88.8614	0.0825083	83.1063
165.635	88.9439	0	83.1063
183.824	88.9439	0	83.3787
199.216	88.9439	0	83.6512
199.248	88.9851	0.0825083	83.6512
200.548	88.9851	0.0825083	84.1962
231.105	89.0677	0	84.1962
233.608	89.1089	0.0825083	84.1962
294.696	89.1914	0	84.1962
295.017	89.2327	0.0825083	84.1962
304.482	89.3152	0	84.1962
305.194	89.3564	0.0825083	84.1962
310.37	89.4389	0	84.1962
311.044	89.4802	0.0825083	84.1962
312	89.5627	0	84.1962
319.924	89.5627	0	84.7411
328.927	89.5627	0	85.2861
407.8	89.5627	0	85.8311
418.971	89.5627	0	86.376
445.062	89.5627	0	86.921
477.396	89.5627	0	87.1935
497.066	89.5627	0	87.7384
498.526	89.5627	0	88.2834
498.796	89.604	0.0825083	88.2834
499.068	89.6865	0	88.2834
514.8	89.6865	0	88.5559
516.269	89.7277	0.0825083	88.5559
531.197	89.8102	0	88.5559
572.996	89.8102	0	88.8283
576.414	89.8515	0.0825083	88.8283
592.813	89.934	0	88.8283
662.535	89.934	0	89.3733
663.463	89.9753	0.0825083	89.3733
666.329	90.0578	0	89.3733
666.48	90.099	0.0825083	89.3733
671.849	90.1815	0	89.3733
673.464	90.2228	0.0825083	89.3733
742.265	90.3053	0	89.3733
742.416	90.3465	0.0825083	89.3733
765.637	90.429	0	89.3733
800.462	90.429	0	89.9183
836.472	90.429	0	90.4632
836.608	90.429	0.165017	90.4632
836.847	90.5116	0.0825083	90.4632
886.176	90.5941	0	90.4632
886.178	90.5941	0.165017	90.4632
886.588	90.6766	0.0825083	90.4632
886.917	90.7178	0.165017	90.4632
887.788	90.8003	0.0825083	90.4632
888.048	90.8003	0.0825083	91.0082
946.424	90.8828	0	91.0082
951.067	90.8828	0	91.5531
984.812	90.8828	0	92.0981
985.52	90.9241	0.0825083	92.0981
996.08	91.0066	0	92.0981
1010.2	91.0066	0	92.6431
1066.56	91.0066	0	92.9155
1066.87	91.0479	0.0825083	92.9155
1117.76	91.1304	0	92.9155
1136.62	91.1304	0	93.4605
1137.02	91.1716	0.0825083	93.4605
1167.47	91.2541	0	93.4605
1181.86	91.2541	0	94.0054
1182.98	91.2954	0.0825083	94.0054
1226.04	91.3779	0	94.0054
1227.31	91.4191	0.0825083	94.0054
1363.7	91.5016	0	94.0054
1679.8	91.5016	0	94.5504
1682.15	91.5429	0.0825083	94.5504
1703.33	91.6254	0	94.5504
1739.55	91.6254	0	95.0954
1841.83	91.6254	0	95.6403
1979.5	91.6254	0	96.1853
1980.15	91.6667	0.0825083	96.1853
2056.64	91.7492	0	96.1853
2059.38	91.7492	0.165017	96.1853
2063.71	91.8317	0.0825083	96.1853
2066.07	91.9142	0	96.1853
2068.63	91.9142	0	96.7302
2068.71	91.9554	0.0825083	96.7302
2111.43	92.038	0	96.7302
2111.65	92.038	0.165017	96.7302
2113.44	92.1205	0.0825083	96.7302
2225.27	92.203	0	96.7302
2306.48	92.203	0	97.2752
2307.02	92.2442	0.0825083	97.2752
2318.82	92.3267	0	97.2752
2319.03	92.368	0.0825083	97.2752
2337.12	92.4505	0	97.2752
2378.72	92.4505	0	97.8202
2378.75	92.4918	0.0825083	97.8202
2450.45	92.5743	0	97.8202
2451.15	92.6155	0.0825083	97.8202
2495.65	92.698	0	97.8202
2627.2	92.698	0	98.3651
2647.75	92.698	0	98.9101
2647.77	92.7393	0.0825083	98.9101
2718.09	92.8218	0	98.9101
2718.5	92.8218	0.165017	98.9101
2718.97	92.9043	0.0825083	98.9101
2810.83	92.9868	0	98.9101
2811.94	93.0281	0.0825083	98.9101
2865.07	93.1106	0	98.9101
2883.98	93.1106	0	99.455
2884.83	93.1518	0.0825083	99.455
2958.44	93.2343	0	99.455
3164.16	93.2343	0	100
3164.29	93.2343	0.0825083	100
3180.76	93.3168	0	100
3180.9	93.3581	0.0825083	100
3185.61	93.4406	0	100
3187.14	93.4818	0.0825083	100
3415.51	93.5644	0	100
3416.52	93.6056	0.0825083	100
3430.2	93.6881	0	100
3430.52	93.7294	0.0825083	100
3508.76	93.8119	0	100
3508.77	93.8119	0.0825083	100
3519.11	93.8944	0	100
3519.32	93.9356	0.0825083	100
3776.87	94.0182	0	100
3777.4	94.0182	0.0825083	100
3822.19	94.1007	0	100
3823.15	94.1419	0.0825083	100
3858.68	94.2244	0	100
3859	94.2657	0.0825083	100
4948.59	94.3482	0	100
4948.73	94.3894	0.0825083	100
5118.14	94.4719	0	100
5118.33	94.5132	0.0825083	100
5365.9	94.5957	0	100
5366.7	94.637	0.0825083	100
5399.57	94.7195	0	100
5401.03	94.7607	0.0825083	100
5518.69	94.8432	0	100
5518.87	94.8845	0.0825083	100
5758.96	94.967	0	100
5760	95.0082	0.0825083	100
6101.26	95.0908	0	100
6102.32	95.132	0.0825083	100
6231.92	95.2145	0	100
6233.31	95.2558	0.0825083	100
6949.28	95.3383	0	100
6949.74	95.3795	0.0825083	100
7153.76	95.462	0	100
7156.23	95.5033	0.0825083	100
7238.87	95.5858	0	100
7239.61	95.5858	0.165017	100
7240.64	95.6683	0.0825083	100
7862.68	95.7508	0	100
7863.03	95.7921	0.0825083	100
8984.18	95.8746	0	100
8984.2	95.8746	0.165017	100
8984.81	95.9571	0.0825083	100
9202.52	96.0396	0	100
9204.88	96.0809	0.0825083	100
9224.12	96.1634	0	100
9224.21	96.1634	0.165017	100
9224.7	96.2459	0.0825083	100
9497.48	96.3284	0	100
9497.54	96.3284	0.165017	100
9500.85	96.4109	0.0825083	100
10424.9	96.4934	0	100
10425.8	96.5347	0.0825083	100
10462.7	96.6172	0	100
10462.7	96.6584	0.0825083	100
10662	96.7409	0	100
10663.1	96.7822	0.0825083	100
10696.5	96.8647	0	100
10698	96.8647	0.0825083	100
10774.6	96.9472	0	100
10774.7	96.9884	0.0825083	100
10776	97.071	0	100
10777	97.1122	0.0825083	100
11212.5	97.1947	0	100
11214.6	97.1947	0.0825083	100
11346.4	97.2772	0	100
11346.5	97.3185	0.0825083	100
11422.4	97.401	0	100
11422.5	97.401	0.0825083	100
11424.1	97.401	0.0825083	100
11430.9	97.4835	0	100
11432.1	97.5247	0.0825083	100
11470.7	97.6073	0	100
11471.5	97.6485	0.0825083	100
11486.2	97.731	0	100
11487.5	97.7723	0.0825083	100
12540.9	97.8548	0	100
12542.9	97.896	0.0825083	100
13041.1	97.9785	0	100
13041.7	97.9785	0.165017	100
13042.2	98.0611	0.0825083	100
13059.7	98.1436	0	100
13059.8	98.1436	0.165017	100
13062.9	98.2261	0.0825083	100
13802.3	98.3086	0	100
13802.9	98.3498	0.0825083	100
15530.1	98.4323	0	100
15532.5	98.4736	0.0825083	100
16387.3	98.5561	0	100
16387.6	98.5561	0.165017	100
16391.6	98.6386	0.0825083	100
17425.5	98.7211	0	100
17425.5	98.7624	0.0825083	100
18703.5	98.8449	0	100
18703.6	98.8861	0.0825083	100
19020.3	98.9686	0	100
19021.6	99.0099	0.0825083	100
19928.3	99.0924	0	100
19930	99.1337	0.0825083	100
21989	99.2162	0	100
21989.5	99.2574	0.0825083	100
26886.4	99.3399	0	100
26886.6	99.3812	0.0825083	100
27227.3	99.4637	0	100
27227.3	99.4637	0.165017	100
27228	99.5462	0.0825083	100
32550.7	99.6287	0	100
32550.9	99.67	0.0825083	100
33383.5	99.7525	0	100
33385.1	99.7937	0.0825083	100
34105.4	99.8762	0	100
34105.5	99.9175	0.0825083	100
