1.4047e-06	0	0	0
3.5598e-06	0	0	0
8.03162e-06	0	0	0
1.27665e-05	0	0	0
1.38487e-05	0	0	0
1.50953e-05	0	0	0
3.48522e-05	0	0	0
3.87007e-05	0	0	0
4.6052e-05	0	0	0
4.77775e-05	0	0	0
5.92927e-05	0	0	0
5.93681e-05	0	0	0
6.5805e-05	0	0	0
7.20132e-05	0	0	0
7.89882e-05	0	0	0
9.4952e-05	0	0	0
9.5893e-05	0	0	0
9.89015e-05	0	0	0
0.000103206	0	0	0
0.000107828	0	0	0
0.000108032	0	0	0
0.000126846	0	0	0
0.000139825	0	0	0
0.000145585	0	0	0
0.00014913	0	0	0
0.000155015	0	0	0
0.000157359	0	0	0
0.000177936	0	0	0
0.000181987	0	0	0
0.000184199	0	0	0
0.00018727	0	0	0
0.000191044	0	0	0
0.000194415	0	0	0
0.000198175	0	0	0
0.00019914	0	0	0
0.000206056	0	0	0
0.000207392	0	0	0
0.00021044	0	0	0
0.000218823	0	0	0
0.000221728	0	0	0
0.000221904	0	0	0
0.000223668	0	0	0
0.000223738	0	0	0
0.000229452	0	0	0
0.00023003	0	0	0
0.000231159	0	0	0
0.000234779	0	0	0
0.000241677	0	0	0
0.00026066	0	0	0
0.000262651	0	0	0
0.000262979	0	0	0
0.000274459	0	0	0
0.000282918	0	0	0
0.000285893	0	0	0
0.000290987	0	0	0
0.000292432	0	0	0
0.000295987	0	0	0
0.000298216	0	0	0
0.000299864	0	0	0
0.000307525	0	0	0
0.000308484	0	0	0
0.000313007	0	0	0
0.000314306	0	0	0
0.000319222	0	0	0
0.000322109	0	0	0
0.000331857	0	0	0
0.0003322	0	0	0
0.000333438	0	0	0
0.000342308	0	0	0
0.000348819	0	0	0
0.00034891	0	0	0
0.000350675	0	0	0
0.000353152	0	0	0
0.000357135	0	0	0
0.000369072	0	0	0
0.000369936	0	0	0
0.000371753	0	0	0
0.000371956	0	0	0
0.000381595	0	0	0
0.000385307	0	0	0
0.000386976	0	0	0
0.000387204	0	0	0
0.00039109	0	0	0
0.000392802	0	0	0
0.00039346	0	0	0
0.00039701	0	0	0
0.000397474	0	0	0
0.000403261	0	0	0
0.000405295	0	0	0
0.000412102	0	0	0
0.000414916	0	0	0
0.000415002	0	0	0
0.000418516	0	0	0
0.000422373	0	0	0
0.000424784	0	0	0
0.000426849	0	0	0
0.000430513	0	0	0
0.000435459	0	0	0
0.000438165	0	0	0
0.000444292	0	0	0
0.000460484	0	0	0
0.000461907	0	0	0
0.000462484	0	0	0
0.000463427	0	0	0
0.00046467	0	0	0
0.000472526	0	0	0
0.00047495	0	0	0
0.000480392	0	0	0
0.000487723	0	0	0
0.000504144	0	0	0
0.000504408	0	0	0
0.000506467	0	0	0
0.000518271	0	0	0
0.00052526	0	0	0
0.000536006	0	0	0
0.000539772	0	0	0
0.000540277	0	0	0
0.000545412	0	0	0
0.000552354	0	0	0
0.000553787	0	0	0
0.000553813	0	0	0
0.000555751	0	0	0
0.000557985	0	0	0
0.000563824	0	0	0
0.000570189	0	0	0
0.000572538	0	0	0
0.000574946	0	0	0
0.000577721	0	0	0
0.000578848	0	0	0
0.000582675	0	0	0
0.000583148	0	0	0
0.000590608	0	0	0
0.000591662	0	0	0
0.00059432	0	0	0
0.000602889	0	0	0
0.000607567	0	0	0
0.000612204	0	0	0
0.000612331	0	0	0
0.000617336	0	0	0
0.000619621	0	0	0
0.000619889	0	0	0
0.000626186	0	0	0
0.000628737	0	0	0
0.000631629	0	0	0
0.000639922	0	0	0
0.000640036	0	0	0
0.000640205	0	0	0
0.000646546	0	0	0
0.000648881	0	0	0
0.000654909	0	0	0
0.000656282	0	0	0
0.000656819	0	0	0
0.00066339	0	0	0
0.000664615	0	0	0
0.00066623	0	0	0
0.000670414	0	0	0
0.000670453	0	0	0
0.000674282	0	0	0
0.000674868	0	0	0
0.0006814	0	0	0
0.000687813	0	0	0
0.000692153	0	0	0
0.000705719	0	0	0
0.000708737	0	0	0
0.000711089	0	0	0
0.000720766	0	0	0
0.000725632	0	0	0
0.000727069	0	0	0
0.000731367	0	0	0
0.000740733	0	0	0
0.000744706	0	0	0
0.000753396	0	0	0
0.000758599	0	0	0
0.000760671	0	0	0
0.000760767	0	0	0
0.000767827	0	0	0
0.000767868	0	0	0
0.000775844	0	0	0
0.000777699	0	0	0
0.000778949	0	0	0
0.000781792	0	0	0
0.000782423	0	0	0
0.000785789	0	0	0
0.000794858	0	0	0
0.000795482	0	0	0
0.000801403	0	0	0
0.000802592	0	0	0
0.000806336	0	0	0
0.000811	0	0	0
0.000822104	0	0	0
0.000822761	0	0	0
0.000822819	0	0	0
0.000830096	0	0	0
0.000831232	0	0	0
0.0008396	0	0	0
0.000839861	0	0	0
0.000845846	0	0	0
0.000857675	0	0	0
0.000859422	0	0	0
0.000860251	0	0	0
0.000863621	0	0	0
0.000864515	0	0	0
0.000869592	0	0	0
0.000869661	0	0	0
0.000870374	0	0	0
0.000871685	0	0	0
0.000875404	0	0	0
0.000876278	0	0	0
0.000884605	0	0	0
0.000894779	0	0	0
0.000897396	0	0	0
0.000906651	0	0	0
0.000908569	0	0	0
0.000912625	0	0	0
0.000913883	0	0	0
0.000915302	0	0	0
0.000915458	0	0	0
0.000917432	0	0	0
0.000917509	0	0	0
0.000918078	0	0	0
0.000923982	0	0	0
0.000928471	0	0	0
0.000938294	0	0	0
0.00094241	0	0	0
0.000943033	0	0	0
0.00094501	0	0	0
0.000947509	0	0	0
0.000949421	0	0	0
0.000950785	0	0	0
0.000950789	0	0	0
0.000952842	0	0	0
0.000957504	0	0	0
0.000957712	0	0	0
0.000959707	0	0	0
0.000962005	0	0	0
0.000971646	0	0	0
0.000972154	0	0	0
0.000981256	0	0	0
0.000983164	0	0	0
0.000984715	0	0	0
0.000988228	0	0	0
0.000990861	0	0	0
0.000991877	0	0	0
0.00099337	0	0	0
0.00100695	0	0	0
0.00100753	0	0	0
0.00100892	0	0	0
0.00100966	0	0	0
0.00101268	0	0	0
0.00101624	0	0	0
0.0010168	0	0	0
0.00103358	0	0	0
0.00103741	0	0	0
0.00104946	0	0	0
0.00105513	0	0	0
0.00105516	0	0	0
0.0010569	0	0	0
0.00105872	0	0	0
0.00106123	0	0	0
0.00106335	0	0	0
0.0010671	0	0	0
0.00107366	0	0	0
0.00107398	0	0	0
0.00107576	0	0	0
0.00107688	0	0	0
0.00107928	0	0	0
0.00108182	0	0	0
0.00108774	0	0	0
0.00109259	0	0	0
0.00109942	0	0	0
0.00110021	0	0	0
0.00110112	0	0	0
0.00110322	0	0	0
0.00110537	0	0	0
0.0011116	0	0	0
0.00111438	0	0	0
0.0011175	0	0	0
0.00111756	0	0	0
0.00112037	0	0	0
0.00112083	0	0	0
0.00112131	0	0	0
0.00112337	0	0	0
0.00112575	0	0	0
0.00113377	0	0	0
0.00113402	0	0	0
0.00113482	0	0	0
0.00114299	0	0	0
0.00114315	0	0	0
0.00115381	0	0	0
0.00115462	0	0	0
0.00115974	0	0	0
0.00116313	0	0	0
0.00117276	0	0	0
0.00117552	0	0	0
0.00117637	0	0	0
0.00117647	0	0	0
0.00118184	0	0	0
0.00118523	0	0	0
0.00119213	0	0	0
0.00119524	0	0	0
0.00119642	0	0	0
0.0012029	0	0	0
0.00120411	0	0	0
0.00120594	0	0	0
0.0012093	0	0	0
0.00121619	0	0	0
0.00121637	0	0	0
0.00122208	0	0	0
0.00122497	0	0	0
0.00122533	0	0	0
0.00123099	0	0	0
0.00123797	0	0	0
0.00124987	0	0	0
0.00125372	0	0	0
0.00125495	0	0	0
0.00125708	0	0	0
0.00128666	0	0	0
0.00129543	0	0	0
0.00129574	0	0	0
0.00130246	0	0	0
0.00131	0	0	0
0.00131042	0	0	0
0.00131746	0	0	0
0.00132146	0	0	0
0.00132524	0	0	0
0.00132817	0	0	0
0.0013304	0	0	0
0.00133252	0	0	0
0.00133481	0	0	0
0.00135063	0	0	0
0.00135693	0	0	0
0.00135852	0	0	0
0.0013604	0	0	0
0.00136049	0	0	0
0.00136165	0	0	0
0.00136646	0	0	0
0.0013665	0	0	0
0.00137307	0	0	0
0.00137317	0	0	0
0.00137836	0	0	0
0.0013835	0	0	0
0.00138574	0	0	0
0.00138749	0	0	0
0.00138812	0	0	0
0.00138847	0	0	0
0.00138928	0	0	0
0.00139085	0	0	0
0.00139448	0	0	0
0.00139653	0	0	0
0.00139667	0	0	0
0.00139882	0	0	0
0.00140074	0	0	0
0.00140461	0	0	0
0.00140821	0	0	0
0.00141782	0	0	0
0.00141823	0	0	0
0.00141933	0	0	0
0.00142137	0	0	0
0.00142336	0	0	0
0.00142342	0	0	0
0.00142388	0	0	0
0.00143197	0	0	0
0.00143315	0	0	0
0.0014352	0	0	0
0.00143576	0	0	0
0.00143969	0	0	0
0.00144237	0	0	0
0.00144687	0	0	0
0.0014508	0	0	0
0.00145205	0	0	0
0.0014563	0	0	0
0.0014599	0	0	0
0.00146144	0	0	0
0.00146586	0	0	0
0.00147112	0	0	0
0.00148005	0	0	0
0.00148637	0	0	0
0.00149232	0	0	0
0.00149729	0	0	0
0.00150454	0	0	0
0.00151314	0	0	0
0.00151423	0	0	0
0.00151896	0	0	0
0.00151905	0	0	0
0.00152137	0	0	0
0.00152278	0	0	0
0.00153906	0	0	0
0.0015399	0	0	0
0.00154232	0	0	0
0.00154307	0	0	0
0.0015436	0	0	0
0.00154912	0	0	0
0.00154931	0	0	0
0.00155027	0	0	0
0.00155458	0	0	0
0.00155579	0	0	0
0.00155579	0	0	0
0.00156039	0	0	0
0.00156569	0	0	0
0.00156577	0	0	0
0.00157955	0	0	0
0.00159286	0	0	0
0.00159481	0	0	0
0.00159581	0	0	0
0.00159644	0	0	0
0.00160158	0	0	0
0.00160349	0	0	0
0.00160421	0	0	0
0.00160437	0	0	0
0.0016045	0	0	0
0.00160652	0	0	0
0.00161084	0	0	0
0.00161169	0	0	0
0.00162132	0	0	0
0.00162248	0	0	0
0.00162267	0	0	0
0.00162778	0	0	0
0.00162925	0	0	0
0.0016342	0	0	0
0.00164001	0	0	0
0.00164831	0	0	0
0.00165161	0	0	0
0.00165661	0	0	0
0.00165719	0	0	0
0.00165885	0	0	0
0.00166235	0	0	0
0.00166807	0	0	0
0.00167138	0	0	0
0.00167314	0	0	0
0.00167397	0	0	0
0.00168042	0	0	0
0.00168218	0	0	0
0.00169349	0	0	0
0.00169553	0	0	0
0.00169697	0	0	0
0.00170571	0	0	0
0.00171965	0	0	0
0.00172153	0	0	0
0.00172617	0	0	0
0.00172617	0	0	0
0.00172896	0	0	0
0.00173011	0	0	0
0.00173836	0	0	0
0.00173999	0	0	0
0.00174046	0	0	0
0.00175362	0	0	0
0.00175432	0	0	0
0.00176282	0	0	0
0.00176594	0	0	0
0.00177268	0	0	0
0.00178114	0	0	0
0.00178765	0	0	0
0.00180528	0	0	0
0.00181154	0	0	0
0.00181429	0	0	0
0.00181833	0	0	0
0.00182116	0	0	0
0.00182718	0	0	0
0.00184477	0	0	0
0.00185089	0	0	0
0.00185274	0	0	0
0.00185446	0	0	0
0.00186082	0	0	0
0.00186084	0	0	0
0.00186489	0	0	0
0.00186493	0	0	0
0.00187589	0	0	0
0.00187866	0	0	0
0.00188357	0	0	0
0.00188379	0	0	0
0.00188777	0	0	0
0.00188896	0	0	0
0.00189068	0	0	0
0.00189421	0	0	0
0.0019004	0	0	0
0.00190144	0	0	0
0.00190654	0	0	0
0.00191224	0	0	0
0.0019185	0	0	0
0.0019211	0	0	0
0.00192233	0	0	0
0.00192249	0	0	0
0.00192677	0	0	0
0.00193352	0	0	0
0.00194834	0	0	0
0.00195081	0	0	0
0.00196363	0	0	0
0.00196431	0	0	0
0.00197238	0	0	0
0.0019744	0	0	0
0.00198044	0	0	0
0.00198841	0	0	0
0.00200106	0	0	0
0.00201561	0	0	0
0.00202578	0	0	0
0.00203922	0	0	0
0.0020442	0	0	0
0.00205071	0	0	0
0.00205536	0	0	0
0.00205682	0	0	0
0.00206675	0	0	0
0.00206844	0	0	0
0.00207342	0	0	0
0.00207708	0	0	0
0.00208132	0	0	0
0.00208383	0	0	0
0.00209181	0	0	0
0.00209917	0	0	0
0.00210088	0	0	0
0.00210761	0	0	0
0.00210945	0	0	0
0.00211351	0	0	0
0.00211449	0	0	0
0.00211733	0	0	0
0.00213389	0	0	0
0.00214622	0	0	0
0.00214644	0	0	0
0.00215649	0	0	0
0.00215907	0	0	0
0.00215934	0	0	0
0.0021605	0	0	0
0.00216954	0	0	0
0.00217015	0	0	0
0.00217106	0	0	0
0.0021729	0	0	0
0.0021742	0	0	0
0.00218722	0	0	0
0.00218811	0	0	0
0.00218984	0	0	0
0.00219216	0	0	0
0.00219411	0	0	0
0.00219585	0	0	0
0.00219755	0	0	0
0.00220123	0	0	0
0.00220527	0	0	0
0.00221177	0	0	0
0.00223319	0	0	0
0.00224128	0	0	0
0.00224314	0	0	0
0.00224934	0	0	0
0.00227096	0	0	0
0.00227491	0	0	0
0.00227491	0	0	0
0.00229233	0	0	0
0.00229473	0	0	0
0.00229794	0	0	0
0.00230357	0	0	0
0.0023425	0	0	0
0.0023489	0	0	0
0.00235013	0	0	0
0.00235588	0	0	0
0.00236142	0	0	0
0.00236554	0	0	0
0.0023769	0	0	0
0.00238151	0	0	0
0.00238177	0	0	0
0.00238917	0	0	0
0.00240653	0	0	0
0.00241244	0	0	0
0.00241429	0	0	0
0.00242385	0	0	0
0.00242613	0	0	0
0.00243958	0	0	0
0.00244804	0	0	0
0.00244918	0	0	0
0.00246877	0	0	0
0.00247955	0	0	0
0.00250918	0	0	0
0.00251014	0	0	0
0.00252115	0	0	0
0.00252146	0	0	0
0.00252426	0	0	0
0.00252868	0	0	0
0.00253781	0	0	0
0.00255402	0	0	0
0.00256756	0	0	0
0.00256925	0	0	0
0.00257298	0	0	0
0.00258119	0	0	0
0.0026193	0	0	0
0.00263276	0	0	0
0.00263933	0	0	0
0.00264014	0	0	0
0.00265367	0	0	0
0.00265689	0	0	0
0.00266612	0	0	0
0.00266749	0	0	0
0.00268291	0	0	0
0.00268895	0	0	0
0.00270683	0	0	0
0.00270711	0	0	0
0.00271488	0	0	0
0.00272874	0	0	0
0.0027293	0	0	0
0.00273072	0	0	0
0.00273349	0	0	0
0.00275309	0	0	0
0.00276161	0	0	0
0.00276553	0	0	0
0.00280781	0	0	0
0.00282125	0	0	0
0.00287641	0	0	0
0.00291405	0	0	0
0.00292069	0	0	0
0.00293459	0	0	0
0.00293893	0	0	0
0.00294575	0	0	0
0.00296841	0	0	0
0.00298682	0	0	0
0.00301728	0	0	0
0.00304059	0	0	0
0.00305016	0	0	0
0.00306221	0	0	0
0.00306293	0	0	0
0.00306387	0	0	0
0.0030738	0	0	0
0.00313741	0	0	0
0.00315038	0	0	0
0.00315278	0	0	0
0.00315746	0	0	0
0.00318874	0	0	0
0.00320558	0	0	0
0.0032235	0	0	0
0.00323822	0	0	0
0.00325719	0	0	0
0.00328119	0	0	0
0.00332908	0	0	0
0.00339856	0	0	0
0.00340672	0	0	0
0.00341556	0	0	0
0.0034179	0	0	0
0.00342967	0	0	0
0.00343718	0	0	0
0.00351435	0	0	0
0.00358241	0	0	0
0.00364482	0	0	0
0.00367138	0	0	0
0.00367317	0	0	0
0.00369141	0	0	0
0.00370297	0	0	0
0.0037184	0	0	0
0.00375131	0	0	0
0.00385123	0	0	0
0.00392883	0	0	0
0.00401532	0	0	0
0.00410564	0	0	0
0.00410965	0	0	0
0.00430001	0	0	0
0.00446828	0	0	0
0.00447105	0	0	0
0.00452701	0	0	0
0.00476775	0	0	0
0.0048143	0	0	0
0.00483974	0	0	0
0.00486101	0	0	0
0.00509696	0	0	0
0.00521457	0	0	0
0.00545218	0	0	0
0.00574821	0	0	0
0.00586731	0	0	0
0.00588322	0	0	0
0.0059178	0	0	0
0.00596455	0	0	0
0.00822135	0	0	0
0.00834913	0	0	0
0.00840486	0	0	0
0.00893988	0	0	0
0.0089452	0	0	0
0.0122025	0	0	0
0.0125166	0	0	0
0.0137595	0	0	0
0.0140741	0	0	0
0.0150387	0	0.165017	0
0.0167611	0.0825083	0.0825083	0
0.017652	0.123762	0.165017	0
0.0179344	0.206271	0.0825083	0
0.0180335	0.288779	0	0
0.0183362	0.288779	0.0825083	0
0.021732	0.371287	0	0
0.0302614	0.371287	0	0
0.0313335	0.412541	0.0825083	0
0.0321243	0.49505	0	0
0.0322479	0.49505	0	0
0.036498	0.49505	0	0
0.0428967	0.49505	0	0
0.0457118	0.49505	0	0
0.0459506	0.49505	0	0
0.0644581	0.49505	0.0825083	0
0.067735	0.49505	0.0825083	0
0.0723207	0.49505	0.0825083	0
0.0742492	0.536304	0.165017	0
0.0767032	0.618812	0.0825083	0
0.0767375	0.618812	0.247525	0
0.0772342	0.70132	0.165017	0
0.0811389	0.783828	0.0825083	0
0.0856484	0.783828	0.0825083	0
0.0895422	0.783828	0.165017	0
0.0902431	0.825082	0.247525	0
0.0997148	0.907591	0.165017	0
0.101867	0.948845	0.247525	0
0.103338	1.03135	0.165017	0
0.103936	1.03135	0.330033	0
0.104181	1.11386	0.247525	0
0.109245	1.19637	0.165017	0
0.118703	1.19637	0.165017	0.271739
0.119223	1.19637	0.165017	0.543478
0.122061	1.19637	0.165017	0.815217
0.125374	1.19637	0.165017	0.815217
0.125769	1.19637	0.165017	0.815217
0.129842	1.23762	0.247525	0.815217
0.136555	1.23762	0.247525	0.815217
0.143178	1.23762	0.247525	0.815217
0.145236	1.23762	0.247525	0.815217
0.148115	1.23762	0.247525	0.815217
0.161335	1.27888	0.330033	0.815217
0.162696	1.32013	0.412541	0.815217
0.166243	1.40264	0.330033	0.815217
0.169185	1.40264	0.412541	0.815217
0.176362	1.48515	0.330033	0.815217
0.18945	1.48515	0.330033	0.815217
0.189722	1.48515	0.49505	0.815217
0.190247	1.56766	0.412541	0.815217
0.19882	1.65016	0.330033	0.815217
0.199493	1.65016	0.49505	0.815217
0.20317	1.65016	0.49505	0.815217
0.214453	1.65016	0.49505	0.815217
0.214496	1.65016	0.49505	1.08696
0.228055	1.65016	0.49505	1.08696
0.231078	1.65016	0.49505	1.08696
0.242962	1.65016	0.49505	1.08696
0.249577	1.65016	0.49505	1.08696
0.257266	1.65016	0.49505	1.08696
0.259345	1.73267	0.412541	1.08696
0.269554	1.73267	0.412541	1.3587
0.274559	1.73267	0.412541	1.3587
0.275093	1.73267	0.577558	1.3587
0.275456	1.73267	0.577558	1.3587
0.276443	1.81518	0.49505	1.3587
0.277993	1.85644	0.577558	1.3587
0.27835	1.93894	0.49505	1.3587
0.281099	2.02145	0.412541	1.3587
0.282427	2.02145	0.412541	1.63043
0.283364	2.02145	0.412541	1.90217
0.287928	2.06271	0.49505	1.90217
0.295002	2.14521	0.412541	1.90217
0.295248	2.18647	0.49505	1.90217
0.32151	2.26898	0.412541	1.90217
0.321918	2.31023	0.49505	1.90217
0.323394	2.39274	0.412541	1.90217
0.330403	2.39274	0.412541	1.90217
0.333007	2.39274	0.412541	1.90217
0.341223	2.39274	0.412541	1.90217
0.341303	2.39274	0.577558	1.90217
0.343686	2.47525	0.49505	1.90217
0.347373	2.47525	0.577558	1.90217
0.348224	2.47525	0.577558	1.90217
0.350078	2.47525	0.577558	1.90217
0.350806	2.55776	0.49505	1.90217
0.352613	2.55776	0.49505	1.90217
0.354266	2.55776	0.49505	1.90217
0.373518	2.55776	0.49505	1.90217
0.374553	2.55776	0.49505	1.90217
0.375028	2.59901	0.577558	1.90217
0.378887	2.68152	0.49505	1.90217
0.380213	2.68152	0.660066	1.90217
0.380304	2.76403	0.577558	1.90217
0.380595	2.76403	0.660066	1.90217
0.381467	2.84653	0.577558	1.90217
0.388008	2.92904	0.49505	1.90217
0.388049	2.92904	0.660066	1.90217
0.389966	3.01155	0.577558	1.90217
0.400535	3.09406	0.49505	1.90217
0.400885	3.09406	0.49505	1.90217
0.401674	3.09406	0.49505	1.90217
0.427864	3.09406	0.49505	1.90217
0.430918	3.13531	0.577558	1.90217
0.431594	3.13531	0.577558	1.90217
0.431622	3.13531	0.660066	1.90217
0.431936	3.21782	0.577558	1.90217
0.455588	3.30033	0.49505	1.90217
0.463473	3.34158	0.577558	1.90217
0.463739	3.38284	0.660066	1.90217
0.46789	3.46535	0.577558	1.90217
0.469941	3.46535	0.577558	1.90217
0.472071	3.46535	0.577558	2.44565
0.475625	3.46535	0.577558	2.44565
0.477189	3.46535	0.742574	2.44565
0.478278	3.54785	0.660066	2.44565
0.478526	3.54785	0.660066	2.44565
0.486195	3.63036	0.577558	2.44565
0.486305	3.67162	0.660066	2.44565
0.50077	3.75413	0.577558	2.44565
0.50218	3.83663	0.49505	2.44565
0.508463	3.83663	0.49505	2.71739
0.508492	3.83663	0.577558	2.71739
0.511663	3.87789	0.660066	2.71739
0.512515	3.9604	0.577558	2.71739
0.512947	3.9604	0.577558	2.71739
0.513462	4.00165	0.660066	2.71739
0.514501	4.08416	0.577558	2.71739
0.539966	4.16667	0.49505	2.71739
0.540116	4.16667	0.577558	2.71739
0.54564	4.24918	0.49505	2.71739
0.547077	4.24918	0.49505	2.98913
0.548778	4.24918	0.49505	2.98913
0.550939	4.24918	0.577558	2.98913
0.564017	4.24918	0.577558	2.98913
0.564587	4.24918	0.577558	2.98913
0.567012	4.24918	0.660066	2.98913
0.572201	4.33168	0.577558	2.98913
0.573357	4.33168	0.742574	2.98913
0.575433	4.41419	0.660066	2.98913
0.580051	4.4967	0.577558	2.98913
0.580504	4.53795	0.660066	2.98913
0.587863	4.62046	0.577558	2.98913
0.598296	4.62046	0.577558	2.98913
0.602173	4.62046	0.742574	2.98913
0.60429	4.62046	0.825082	2.98913
0.605213	4.62046	0.825082	2.98913
0.606574	4.62046	0.990099	2.98913
0.606806	4.70297	0.907591	2.98913
0.609148	4.78548	0.825082	2.98913
0.611439	4.86799	0.742574	2.98913
0.615072	4.90924	0.825082	2.98913
0.622649	4.99175	0.742574	2.98913
0.625285	4.99175	0.742574	2.98913
0.627963	4.99175	0.742574	2.98913
0.629586	4.99175	0.742574	2.98913
0.629934	4.99175	0.742574	3.26087
0.63891	4.99175	0.742574	3.53261
0.641314	4.99175	0.907591	3.53261
0.650636	5.07426	0.825082	3.53261
0.650837	5.11551	0.907591	3.53261
0.653179	5.19802	0.825082	3.53261
0.655977	5.28053	0.742574	3.53261
0.666117	5.28053	0.742574	3.53261
0.671493	5.28053	0.742574	3.80435
0.68543	5.28053	0.825082	3.80435
0.685493	5.32178	0.907591	3.80435
0.699679	5.40429	0.825082	3.80435
0.708842	5.40429	0.825082	3.80435
0.710299	5.40429	0.825082	3.80435
0.710731	5.40429	0.825082	4.07609
0.711891	5.40429	0.825082	4.07609
0.71745	5.40429	0.825082	4.07609
0.71806	5.40429	0.990099	4.07609
0.71807	5.40429	0.990099	4.07609
0.71889	5.4868	0.907591	4.07609
0.720736	5.4868	0.990099	4.07609
0.727328	5.56931	0.907591	4.07609
0.731203	5.65182	0.825082	4.07609
0.740748	5.65182	0.825082	4.34783
0.743135	5.65182	0.825082	4.34783
0.74753	5.65182	0.825082	4.34783
0.74816	5.65182	0.825082	4.34783
0.748256	5.65182	0.990099	4.34783
0.750877	5.73432	0.907591	4.34783
0.755388	5.81683	0.825082	4.34783
0.759455	5.81683	0.825082	4.34783
0.760027	5.81683	0.825082	4.34783
0.760063	5.85809	0.907591	4.34783
0.760292	5.85809	0.990099	4.34783
0.795817	5.94059	0.907591	4.34783
0.796152	5.94059	1.07261	4.34783
0.801634	6.0231	0.990099	4.34783
0.81454	6.10561	0.907591	4.34783
0.818509	6.10561	0.907591	4.61957
0.831686	6.14686	0.990099	4.61957
0.83277	6.18812	1.07261	4.61957
0.833682	6.22937	1.15512	4.61957
0.833786	6.31188	1.07261	4.61957
0.844162	6.39439	0.990099	4.61957
0.847537	6.39439	0.990099	4.8913
0.868945	6.4769	0.907591	4.8913
0.868951	6.51815	0.990099	4.8913
0.880386	6.60066	0.907591	4.8913
0.880973	6.60066	1.07261	4.8913
0.899586	6.68317	0.990099	4.8913
0.909712	6.68317	0.990099	4.8913
0.917388	6.68317	0.990099	4.8913
0.921253	6.72442	1.07261	4.8913
0.924268	6.80693	0.990099	4.8913
0.949005	6.80693	0.990099	4.8913
0.949206	6.80693	1.15512	4.8913
0.950681	6.88944	1.07261	4.8913
0.951899	6.97195	0.990099	4.8913
0.957452	7.05446	0.907591	4.8913
0.970639	7.05446	0.990099	4.8913
0.972311	7.05446	0.990099	5.16304
0.972443	7.09571	1.07261	5.16304
0.975205	7.17822	0.990099	5.16304
0.983474	7.17822	0.990099	5.16304
0.986229	7.26073	0.907591	5.16304
0.989305	7.26073	0.907591	5.43478
0.993185	7.34323	0.825082	5.43478
1.00478	7.42574	0.742574	5.43478
1.02458	7.42574	0.742574	5.43478
1.02753	7.42574	0.907591	5.43478
1.02802	7.50825	0.825082	5.43478
1.03048	7.59076	0.742574	5.43478
1.04132	7.67327	0.660066	5.43478
1.04148	7.67327	0.742574	5.43478
1.04335	7.67327	0.742574	5.43478
1.04722	7.75578	0.660066	5.43478
1.05419	7.75578	0.660066	5.43478
1.06852	7.75578	0.660066	5.70652
1.07221	7.79703	0.742574	5.70652
1.08488	7.87954	0.660066	5.70652
1.11092	7.87954	0.660066	5.97826
1.11242	7.92079	0.742574	5.97826
1.12956	8.0033	0.660066	5.97826
1.12992	8.0033	0.742574	5.97826
1.14058	8.08581	0.660066	5.97826
1.14093	8.08581	0.825082	5.97826
1.1423	8.16832	0.742574	5.97826
1.14236	8.16832	0.742574	6.25
1.14323	8.16832	0.825082	6.25
1.1453	8.20957	0.907591	6.25
1.1456	8.29208	0.825082	6.25
1.14615	8.37459	0.742574	6.25
1.14987	8.4571	0.660066	6.25
1.15005	8.4571	0.742574	6.25
1.15187	8.5396	0.660066	6.25
1.15376	8.5396	0.742574	6.25
1.15616	8.62211	0.660066	6.25
1.16189	8.62211	0.660066	6.52174
1.16535	8.62211	0.660066	6.52174
1.1767	8.62211	0.660066	6.52174
1.1772	8.62211	0.825082	6.52174
1.17755	8.70462	0.742574	6.52174
1.20077	8.78713	0.660066	6.52174
1.20689	8.78713	0.660066	7.06522
1.21385	8.78713	0.660066	7.06522
1.22508	8.78713	0.660066	7.06522
1.22809	8.82838	0.742574	7.06522
1.24173	8.91089	0.660066	7.06522
1.24723	8.91089	0.660066	7.06522
1.25512	8.91089	0.660066	7.06522
1.25915	8.91089	0.660066	7.06522
1.26969	8.91089	0.660066	7.06522
1.28825	8.91089	0.660066	7.33696
1.28828	8.91089	0.825082	7.33696
1.29488	8.91089	0.825082	7.6087
1.29536	8.91089	0.825082	7.88043
1.29583	8.91089	0.825082	7.88043
1.30251	8.91089	0.825082	8.15217
1.30315	8.91089	0.907591	8.15217
1.30594	8.91089	0.907591	8.15217
1.30792	8.91089	1.07261	8.15217
1.30998	8.91089	1.07261	8.42391
1.31246	8.9934	0.990099	8.42391
1.31309	9.07591	0.907591	8.42391
1.3136	9.07591	1.07261	8.42391
1.31494	9.15842	0.990099	8.42391
1.32864	9.24092	0.907591	8.42391
1.32887	9.24092	1.07261	8.42391
1.32976	9.32343	0.990099	8.42391
1.33804	9.40594	0.907591	8.42391
1.34181	9.40594	0.907591	8.69565
1.34524	9.40594	0.907591	8.69565
1.3458	9.4472	0.990099	8.69565
1.35245	9.5297	0.907591	8.69565
1.35279	9.57096	0.990099	8.69565
1.35878	9.65347	0.907591	8.69565
1.36757	9.65347	0.907591	8.96739
1.37732	9.65347	0.907591	9.23913
1.37817	9.65347	0.990099	9.23913
1.38498	9.73597	0.907591	9.23913
1.38544	9.73597	0.907591	9.51087
1.3866	9.73597	0.907591	9.78261
1.39051	9.73597	0.907591	10.3261
1.39933	9.73597	0.907591	10.3261
1.4019	9.73597	0.907591	10.8696
1.40274	9.73597	0.907591	10.8696
1.40491	9.81848	0.825082	10.8696
1.40781	9.85974	0.907591	10.8696
1.41061	9.85974	0.907591	11.1413
1.41997	9.94224	0.825082	11.1413
1.42113	9.94224	0.825082	11.413
1.43201	9.94224	0.825082	11.413
1.43846	10.0248	0.742574	11.413
1.44924	10.0248	0.742574	11.413
1.4502	10.066	0.825082	11.413
1.47821	10.1485	0.742574	11.413
1.47884	10.1485	0.825082	11.413
1.4825	10.1485	0.825082	11.413
1.48283	10.1485	0.825082	11.413
1.49677	10.231	0.742574	11.413
1.49914	10.2723	0.825082	11.413
1.50187	10.3548	0.742574	11.413
1.51063	10.3548	0.742574	11.413
1.51296	10.396	0.825082	11.413
1.54823	10.4785	0.742574	11.413
1.55052	10.4785	0.825082	11.413
1.55665	10.5611	0.742574	11.413
1.55721	10.6023	0.825082	11.413
1.55967	10.6848	0.742574	11.413
1.56085	10.6848	0.742574	11.413
1.56732	10.6848	0.742574	11.413
1.57437	10.6848	0.742574	11.6848
1.58026	10.6848	0.742574	11.9565
1.58152	10.7261	0.825082	11.9565
1.58298	10.8086	0.742574	11.9565
1.58389	10.8498	0.825082	11.9565
1.58428	10.8911	0.907591	11.9565
1.58434	10.9736	0.825082	11.9565
1.58844	11.0561	0.742574	11.9565
1.58941	11.0561	0.742574	11.9565
1.5902	11.0561	0.742574	12.2283
1.59164	11.0974	0.825082	12.2283
1.59583	11.0974	0.907591	12.2283
1.59585	11.0974	0.907591	12.2283
1.59822	11.1799	0.825082	12.2283
1.59845	11.1799	0.990099	12.2283
1.59863	11.2624	0.907591	12.2283
1.60951	11.3449	0.825082	12.2283
1.61034	11.3449	0.825082	12.2283
1.61051	11.3861	0.907591	12.2283
1.6131	11.3861	0.990099	12.2283
1.61549	11.4686	0.907591	12.2283
1.63112	11.4686	0.907591	12.2283
1.63203	11.5099	0.990099	12.2283
1.63454	11.5924	0.907591	12.2283
1.63595	11.6337	0.990099	12.2283
1.65052	11.7162	0.907591	12.2283
1.66888	11.7162	0.907591	12.5
1.66978	11.7162	1.07261	12.5
1.67119	11.7987	0.990099	12.5
1.67569	11.8812	0.907591	12.5
1.67573	11.8812	1.07261	12.5
1.67779	11.9637	0.990099	12.5
1.6905	12.0462	0.907591	12.5
1.71573	12.1287	0.825082	12.5
1.72018	12.17	0.907591	12.5
1.72025	12.2112	0.990099	12.5
1.72139	12.2937	0.907591	12.5
1.72715	12.3762	0.825082	12.5
1.75348	12.4587	0.742574	12.5
1.75654	12.4587	0.742574	13.0435
1.76593	12.4587	0.742574	13.3152
1.76643	12.5	0.825082	13.3152
1.77563	12.5825	0.742574	13.3152
1.77705	12.5825	0.907591	13.3152
1.77853	12.665	0.825082	13.3152
1.78452	12.7475	0.742574	13.3152
1.8129	12.7475	0.742574	13.587
1.81294	12.7475	0.825082	13.587
1.81411	12.7475	0.825082	13.587
1.81502	12.7475	0.825082	13.8587
1.81504	12.7888	0.907591	13.8587
1.817	12.8713	0.825082	13.8587
1.82731	12.9538	0.742574	13.8587
1.83524	12.9538	0.742574	14.4022
1.85403	12.9538	0.742574	14.6739
1.85709	12.995	0.825082	14.6739
1.8657	12.995	0.825082	14.6739
1.87419	12.995	0.825082	14.9457
1.87659	12.995	0.825082	15.2174
1.87988	12.995	0.825082	15.2174
1.89197	12.995	0.825082	15.4891
1.89946	12.995	0.825082	15.4891
1.90003	12.995	0.825082	15.4891
1.9031	12.995	0.990099	15.4891
1.90357	13.0363	1.07261	15.4891
1.90456	13.1188	0.990099	15.4891
1.9049	13.2013	0.907591	15.4891
1.92517	13.2838	0.825082	15.4891
1.92605	13.3251	0.907591	15.4891
1.93632	13.4076	0.825082	15.4891
1.93655	13.4076	0.825082	15.7609
1.93677	13.4488	0.907591	15.7609
1.96499	13.5314	0.825082	15.7609
1.97555	13.5314	0.825082	16.0326
1.98673	13.5314	0.825082	16.3043
1.99343	13.5314	0.907591	16.3043
1.99487	13.5314	0.907591	16.3043
1.99695	13.5726	0.990099	16.3043
1.99846	13.6551	0.907591	16.3043
2.0213	13.7376	0.825082	16.3043
2.02216	13.7376	0.907591	16.3043
2.03222	13.8201	0.825082	16.3043
2.04176	13.9026	0.742574	16.3043
2.08197	13.9026	0.742574	16.5761
2.09453	13.9026	0.742574	16.8478
2.09468	13.9026	0.742574	17.3913
2.09506	13.9026	0.907591	17.3913
2.09587	13.9851	0.825082	17.3913
2.10424	14.0677	0.742574	17.3913
2.11065	14.1089	0.825082	17.3913
2.11125	14.1089	0.990099	17.3913
2.11137	14.1089	0.990099	17.3913
2.11339	14.1914	0.907591	17.3913
2.11557	14.2739	0.825082	17.3913
2.11663	14.2739	0.825082	17.663
2.11978	14.2739	0.825082	17.663
2.13338	14.2739	0.990099	17.663
2.13624	14.3564	0.907591	17.663
2.13796	14.3977	0.990099	17.663
2.14027	14.3977	1.07261	17.663
2.1407	14.3977	1.07261	17.9348
2.14352	14.4802	0.990099	17.9348
2.164	14.4802	0.990099	17.9348
2.16508	14.5215	1.07261	17.9348
2.16528	14.5215	1.07261	17.9348
2.19772	14.604	0.990099	17.9348
2.19956	14.604	1.15512	17.9348
2.20029	14.6865	1.07261	17.9348
2.20638	14.769	0.990099	17.9348
2.21152	14.769	1.15512	17.9348
2.22271	14.8515	1.07261	17.9348
2.23903	14.8927	1.15512	17.9348
2.23992	14.8927	1.15512	18.2065
2.24437	14.8927	1.23762	18.2065
2.24799	14.9752	1.15512	18.2065
2.26478	14.9752	1.15512	18.2065
2.286	14.9752	1.15512	18.4783
2.29811	14.9752	1.23762	18.4783
2.29973	15.0165	1.32013	18.4783
2.3037	15.099	1.23762	18.4783
2.31382	15.099	1.23762	18.75
2.31396	15.1403	1.32013	18.75
2.31433	15.2228	1.23762	18.75
2.33185	15.3053	1.15512	18.75
2.34998	15.3878	1.07261	18.75
2.3532	15.3878	1.07261	19.0217
2.35651	15.429	1.15512	19.0217
2.39659	15.5116	1.07261	19.0217
2.39785	15.5116	1.07261	19.0217
2.39789	15.5116	1.07261	19.2935
2.41915	15.5116	1.07261	19.2935
2.4199	15.5528	1.15512	19.2935
2.4208	15.5941	1.23762	19.2935
2.421	15.6766	1.15512	19.2935
2.42133	15.7591	1.07261	19.2935
2.43098	15.7591	1.07261	19.2935
2.43565	15.8003	1.15512	19.2935
2.44438	15.8828	1.07261	19.2935
2.44473	15.9241	1.15512	19.2935
2.49177	16.0066	1.07261	19.2935
2.49266	16.0479	1.15512	19.2935
2.53008	16.1304	1.07261	19.2935
2.53259	16.1716	1.15512	19.2935
2.53373	16.2541	1.07261	19.2935
2.55097	16.2541	1.07261	19.5652
2.55249	16.2541	1.23762	19.5652
2.55387	16.3366	1.15512	19.5652
2.59076	16.4191	1.07261	19.5652
2.5973	16.5016	0.990099	19.5652
2.60538	16.5016	0.990099	20.1087
2.60547	16.5429	1.07261	20.1087
2.60786	16.6254	0.990099	20.1087
2.60868	16.6254	0.990099	20.3804
2.6233	16.6254	0.990099	20.3804
2.62846	16.6667	1.07261	20.3804
2.63004	16.7079	1.15512	20.3804
2.63009	16.7904	1.07261	20.3804
2.67957	16.8729	0.990099	20.3804
2.7004	16.9142	1.07261	20.3804
2.70053	16.9142	1.23762	20.3804
2.70179	16.9967	1.15512	20.3804
2.70308	17.0792	1.07261	20.3804
2.70343	17.0792	1.23762	20.3804
2.7043	17.1617	1.15512	20.3804
2.7062	17.1617	1.15512	20.3804
2.71711	17.2442	1.07261	20.3804
2.7206	17.2855	1.15512	20.3804
2.73197	17.368	1.07261	20.3804
2.74248	17.4092	1.15512	20.3804
2.7468	17.4917	1.07261	20.3804
2.75226	17.5743	0.990099	20.3804
2.79768	17.5743	0.990099	20.3804
2.81236	17.6568	0.907591	20.3804
2.81256	17.698	0.990099	20.3804
2.82333	17.7805	0.907591	20.3804
2.8267	17.8218	0.990099	20.3804
2.83984	17.9043	0.907591	20.3804
2.84168	17.9043	1.07261	20.3804
2.84247	17.9868	0.990099	20.3804
2.84312	17.9868	1.15512	20.3804
2.84336	18.0693	1.07261	20.3804
2.84767	18.1518	0.990099	20.3804
2.85047	18.2343	0.907591	20.3804
2.85147	18.2756	0.990099	20.3804
2.85681	18.3581	0.907591	20.3804
2.85815	18.3581	0.907591	20.6522
2.85937	18.3581	0.990099	20.6522
2.8633	18.3581	0.990099	20.9239
2.86363	18.4406	0.907591	20.9239
2.8884	18.5231	0.825082	20.9239
2.88921	18.5644	0.907591	20.9239
2.89269	18.6469	0.825082	20.9239
2.89282	18.6469	0.907591	20.9239
2.89289	18.6881	0.990099	20.9239
2.89299	18.6881	1.15512	20.9239
2.89654	18.7706	1.07261	20.9239
2.89772	18.8531	0.990099	20.9239
2.90264	18.9356	0.907591	20.9239
2.91444	18.9356	0.907591	20.9239
2.91558	18.9769	0.990099	20.9239
2.92584	19.0594	0.907591	20.9239
2.92636	19.0594	0.990099	20.9239
2.93025	19.1419	0.907591	20.9239
2.94156	19.1419	0.907591	20.9239
2.95686	19.1419	0.907591	21.4674
2.95752	19.1832	0.990099	21.4674
2.95984	19.1832	1.07261	21.4674
2.96904	19.2657	0.990099	21.4674
2.96923	19.2657	1.15512	21.4674
2.97051	19.3482	1.07261	21.4674
2.99211	19.4307	0.990099	21.4674
2.99262	19.4307	1.15512	21.4674
2.99501	19.4719	1.23762	21.4674
2.99537	19.5545	1.15512	21.4674
2.99965	19.637	1.07261	21.4674
3.00741	19.7195	0.990099	21.4674
3.00853	19.7195	1.15512	21.4674
3.00859	19.802	1.07261	21.4674
3.0184	19.8845	0.990099	21.4674
3.01929	19.9257	1.07261	21.4674
3.03691	20.0083	0.990099	21.4674
3.03884	20.0908	0.907591	21.4674
3.03905	20.132	0.990099	21.4674
3.03934	20.2145	0.907591	21.4674
3.04431	20.2145	0.907591	21.4674
3.05153	20.297	0.825082	21.4674
3.08728	20.297	0.825082	21.7391
3.09007	20.3383	0.907591	21.7391
3.10081	20.4208	0.825082	21.7391
3.11247	20.462	0.907591	21.7391
3.11458	20.462	0.990099	21.7391
3.11835	20.5446	0.907591	21.7391
3.11848	20.5858	0.990099	21.7391
3.17168	20.6683	0.907591	21.7391
3.1717	20.6683	1.07261	21.7391
3.17275	20.7508	0.990099	21.7391
3.1838	20.8333	0.907591	21.7391
3.18436	20.8333	1.07261	21.7391
3.18443	20.9158	0.990099	21.7391
3.19751	20.9984	0.907591	21.7391
3.20256	20.9984	0.990099	21.7391
3.20873	21.0809	0.907591	21.7391
3.20951	21.0809	0.990099	21.7391
3.21017	21.1221	1.07261	21.7391
3.21233	21.2046	0.990099	21.7391
3.21361	21.2046	0.990099	22.0109
3.2171	21.2871	0.907591	22.0109
3.2177	21.3284	0.990099	22.0109
3.22581	21.4109	0.907591	22.0109
3.23968	21.4109	0.907591	22.2826
3.24166	21.4109	0.990099	22.2826
3.24186	21.4934	0.907591	22.2826
3.24457	21.5347	0.990099	22.2826
3.24608	21.6172	0.907591	22.2826
3.24682	21.6172	1.07261	22.2826
3.24931	21.6997	0.990099	22.2826
3.24959	21.7822	0.907591	22.2826
3.25271	21.7822	0.907591	22.5543
3.25939	21.8647	0.825082	22.5543
3.29155	21.8647	0.825082	23.0978
3.32082	21.8647	0.825082	23.3696
3.32332	21.8647	0.907591	23.3696
3.3283	21.9472	0.825082	23.3696
3.3507	21.9472	0.907591	23.3696
3.35178	21.9884	0.990099	23.3696
3.36964	22.071	0.907591	23.3696
3.37125	22.071	1.07261	23.3696
3.37162	22.1535	0.990099	23.3696
3.40199	22.236	0.907591	23.3696
3.40636	22.236	1.07261	23.3696
3.40656	22.3185	0.990099	23.3696
3.40672	22.401	0.907591	23.3696
3.41867	22.401	0.907591	23.6413
3.4198	22.401	0.990099	23.6413
3.43137	22.4835	0.907591	23.6413
3.43653	22.566	0.825082	23.6413
3.44613	22.566	0.825082	23.913
3.46796	22.566	0.825082	24.1848
3.47263	22.566	0.825082	24.4565
3.48323	22.566	0.825082	24.7283
3.49526	22.566	0.825082	24.7283
3.49716	22.6073	0.907591	24.7283
3.50609	22.6898	0.825082	24.7283
3.50797	22.731	0.907591	24.7283
3.54951	22.8135	0.825082	24.7283
3.54992	22.8548	0.907591	24.7283
3.55013	22.9373	0.825082	24.7283
3.55123	22.9785	0.907591	24.7283
3.56586	23.0611	0.825082	24.7283
3.57872	23.0611	0.825082	25
3.58075	23.1436	0.742574	25
3.58225	23.1436	0.825082	25
3.59887	23.2261	0.742574	25
3.59889	23.2673	0.825082	25
3.60328	23.3498	0.742574	25
3.62085	23.4323	0.660066	25
3.62127	23.4323	0.742574	25
3.63342	23.5149	0.660066	25
3.63959	23.5561	0.742574	25
3.64309	23.6386	0.660066	25
3.67514	23.7211	0.577558	25
3.68546	23.8036	0.49505	25
3.68565	23.8449	0.577558	25
3.70659	23.9274	0.49505	25
3.70691	23.9274	0.660066	25
3.7116	24.0099	0.577558	25
3.71189	24.0512	0.660066	25
3.7122	24.1337	0.577558	25
3.72118	24.2162	0.49505	25
3.75256	24.2162	0.577558	25
3.76443	24.2162	0.577558	25.2717
3.78085	24.2162	0.577558	25.5435
3.78283	24.2574	0.660066	25.5435
3.81594	24.3399	0.577558	25.5435
3.82406	24.3399	0.577558	25.8152
3.82474	24.3399	0.742574	25.8152
3.82481	24.4224	0.660066	25.8152
3.84387	24.5049	0.577558	25.8152
3.84653	24.5462	0.660066	25.8152
3.87356	24.6287	0.577558	25.8152
3.87402	24.67	0.660066	25.8152
3.92512	24.7525	0.577558	25.8152
3.93018	24.7525	0.577558	26.087
3.9357	24.7525	0.577558	26.3587
3.93604	24.7937	0.660066	26.3587
3.94336	24.8762	0.577558	26.3587
3.94347	24.8762	0.742574	26.3587
3.94374	24.9587	0.660066	26.3587
3.94736	25.0413	0.577558	26.3587
3.95333	25.0413	0.660066	26.3587
3.96733	25.1238	0.577558	26.3587
4.01402	25.1238	0.577558	26.3587
4.01535	25.165	0.660066	26.3587
4.02701	25.2475	0.577558	26.3587
4.04168	25.33	0.49505	26.3587
4.04348	25.3713	0.577558	26.3587
4.0665	25.4538	0.49505	26.3587
4.09659	25.5363	0.412541	26.3587
4.09808	25.5363	0.49505	26.3587
4.10272	25.6188	0.412541	26.3587
4.10785	25.6188	0.49505	26.3587
4.11593	25.7013	0.412541	26.3587
4.11633	25.7426	0.49505	26.3587
4.12783	25.8251	0.412541	26.3587
4.14539	25.8251	0.412541	26.3587
4.15026	25.8251	0.412541	26.6304
4.16235	25.8251	0.412541	26.6304
4.17001	25.8251	0.412541	26.9022
4.18333	25.8251	0.412541	27.1739
4.18443	25.8251	0.412541	27.4457
4.19219	25.8251	0.412541	27.4457
4.2011	25.8663	0.49505	27.4457
4.2036	25.9488	0.412541	27.4457
4.20412	25.9901	0.49505	27.4457
4.20983	25.9901	0.577558	27.4457
4.218	26.0726	0.49505	27.4457
4.22006	26.1139	0.577558	27.4457
4.2215	26.1964	0.49505	27.4457
4.22203	26.1964	0.660066	27.4457
4.23056	26.2789	0.577558	27.4457
4.23131	26.3201	0.660066	27.4457
4.23875	26.4026	0.577558	27.4457
4.2417	26.4026	0.660066	27.4457
4.24544	26.4439	0.742574	27.4457
4.24762	26.5264	0.660066	27.4457
4.26997	26.5264	0.660066	27.7174
4.27418	26.5264	0.660066	27.9891
4.27482	26.5264	0.742574	27.9891
4.29429	26.6089	0.660066	27.9891
4.31182	26.6089	0.660066	28.2609
4.31977	26.6089	0.660066	28.5326
4.31982	26.6502	0.742574	28.5326
4.34796	26.7327	0.660066	28.5326
4.34896	26.7327	0.742574	28.5326
4.37792	26.8152	0.660066	28.5326
4.40801	26.8977	0.577558	28.5326
4.42357	26.8977	0.577558	28.8043
4.44957	26.8977	0.577558	29.0761
4.45005	26.9389	0.660066	29.0761
4.46772	27.0215	0.577558	29.0761
4.47034	27.0627	0.660066	29.0761
4.47497	27.1452	0.577558	29.0761
4.47609	27.1452	0.660066	29.0761
4.49135	27.2277	0.577558	29.0761
4.49726	27.2277	0.577558	29.3478
4.50211	27.2277	0.577558	29.6196
4.50484	27.269	0.660066	29.6196
4.51656	27.269	0.660066	29.8913
4.56452	27.3515	0.577558	29.8913
4.56683	27.3927	0.660066	29.8913
4.59469	27.4752	0.577558	29.8913
4.59636	27.5165	0.660066	29.8913
4.6101	27.599	0.577558	29.8913
4.61272	27.6403	0.660066	29.8913
4.61458	27.6815	0.742574	29.8913
4.61525	27.764	0.660066	29.8913
4.61872	27.8465	0.577558	29.8913
4.61922	27.8878	0.660066	29.8913
4.62127	27.8878	0.660066	30.163
4.65533	27.9703	0.577558	30.163
4.65563	28.0116	0.660066	30.163
4.65964	28.0941	0.577558	30.163
4.66109	28.1353	0.660066	30.163
4.6739	28.2178	0.577558	30.163
4.69321	28.2178	0.577558	30.7065
4.69964	28.2178	0.577558	30.7065
4.7005	28.2178	0.742574	30.7065
4.70208	28.3003	0.660066	30.7065
4.71281	28.3828	0.577558	30.7065
4.71724	28.4241	0.660066	30.7065
4.72943	28.5066	0.577558	30.7065
4.76768	28.5066	0.577558	31.25
4.77969	28.5066	0.577558	31.5217
4.78473	28.5066	0.577558	31.7935
4.78553	28.5479	0.660066	31.7935
4.78623	28.5891	0.742574	31.7935
4.78795	28.6716	0.660066	31.7935
4.8167	28.7541	0.577558	31.7935
4.85027	28.7541	0.742574	31.7935
4.85139	28.7954	0.825082	31.7935
4.89568	28.8779	0.742574	31.7935
4.90106	28.8779	0.742574	32.0652
4.90185	28.9191	0.825082	32.0652
4.90465	29.0016	0.742574	32.0652
4.91264	29.0016	0.742574	32.337
4.91436	29.0016	0.742574	32.6087
4.95215	29.0842	0.660066	32.6087
4.95226	29.0842	0.825082	32.6087
4.95324	29.1667	0.742574	32.6087
4.9562	29.2492	0.660066	32.6087
4.95926	29.2904	0.742574	32.6087
5.00007	29.3729	0.660066	32.6087
5.00015	29.3729	0.742574	32.6087
5.01464	29.4554	0.660066	32.6087
5.015	29.4554	0.660066	32.6087
5.01593	29.4967	0.742574	32.6087
5.02073	29.5792	0.660066	32.6087
5.0212	29.5792	0.660066	33.1522
5.02189	29.6205	0.742574	33.1522
5.02382	29.6617	0.825082	33.1522
5.02808	29.7442	0.742574	33.1522
5.0281	29.7442	0.907591	33.1522
5.02962	29.8267	0.825082	33.1522
5.03435	29.9092	0.742574	33.1522
5.03576	29.9092	0.742574	33.6957
5.03783	29.9505	0.825082	33.6957
5.04656	30.033	0.742574	33.6957
5.04764	30.1155	0.660066	33.6957
5.04809	30.1568	0.742574	33.6957
5.05607	30.2393	0.660066	33.6957
5.05759	30.2805	0.742574	33.6957
5.06515	30.363	0.660066	33.6957
5.07124	30.363	0.660066	33.9674
5.07302	30.363	0.660066	34.2391
5.07597	30.363	0.742574	34.2391
5.08135	30.4455	0.660066	34.2391
5.08656	30.4455	0.660066	34.7826
5.09844	30.4455	0.660066	35.0543
5.10233	30.4868	0.742574	35.0543
5.13617	30.5693	0.660066	35.0543
5.13889	30.6106	0.742574	35.0543
5.17014	30.6931	0.660066	35.0543
5.17099	30.6931	0.825082	35.0543
5.17115	30.7756	0.742574	35.0543
5.18896	30.8581	0.660066	35.0543
5.1932	30.8581	0.825082	35.0543
5.19596	30.8581	0.825082	35.3261
5.19737	30.9406	0.742574	35.3261
5.2484	31.0231	0.660066	35.3261
5.2527	31.1056	0.577558	35.3261
5.29462	31.1056	0.577558	35.5978
5.3406	31.1056	0.742574	35.5978
5.34136	31.1056	0.907591	35.5978
5.3423	31.1881	0.825082	35.5978
5.34405	31.2706	0.742574	35.5978
5.36878	31.2706	0.742574	35.8696
5.37007	31.3119	0.825082	35.8696
5.38854	31.3944	0.742574	35.8696
5.40131	31.3944	0.742574	36.413
5.4077	31.3944	0.742574	36.9565
5.44748	31.3944	0.742574	37.2283
5.4624	31.3944	0.742574	37.7717
5.46339	31.3944	0.825082	37.7717
5.46704	31.4769	0.742574	37.7717
5.50062	31.5594	0.660066	37.7717
5.50064	31.6007	0.742574	37.7717
5.54464	31.6832	0.660066	37.7717
5.54747	31.6832	0.660066	38.0435
5.55563	31.6832	0.660066	38.3152
5.567	31.6832	0.660066	38.587
5.56726	31.7244	0.742574	38.587
5.56924	31.8069	0.660066	38.587
5.57732	31.8069	0.660066	38.587
5.58144	31.8482	0.742574	38.587
5.58852	31.9307	0.660066	38.587
5.59104	31.9307	0.742574	38.587
5.6026	32.0132	0.660066	38.587
5.60627	32.0545	0.742574	38.587
5.61817	32.137	0.660066	38.587
5.63428	32.137	0.660066	38.587
5.63797	32.137	0.660066	38.587
5.63863	32.137	0.660066	38.8587
5.64132	32.1782	0.742574	38.8587
5.65849	32.2607	0.660066	38.8587
5.65868	32.2607	0.825082	38.8587
5.65946	32.3432	0.742574	38.8587
5.67306	32.4257	0.660066	38.8587
5.67383	32.467	0.742574	38.8587
5.686	32.5495	0.660066	38.8587
5.68617	32.5908	0.742574	38.8587
5.69599	32.6733	0.660066	38.8587
5.69617	32.6733	0.825082	38.8587
5.6996	32.7558	0.742574	38.8587
5.7152	32.8383	0.660066	38.8587
5.73269	32.8383	0.825082	38.8587
5.73765	32.8383	0.825082	39.1304
5.73857	32.8383	0.990099	39.1304
5.74178	32.9208	0.907591	39.1304
5.7423	33.0033	0.825082	39.1304
5.74291	33.0033	0.990099	39.1304
5.74823	33.0858	0.907591	39.1304
5.75094	33.1683	0.825082	39.1304
5.75266	33.1683	0.907591	39.1304
5.79916	33.2508	0.825082	39.1304
5.79918	33.2508	0.990099	39.1304
5.80019	33.3333	0.907591	39.1304
5.80549	33.4158	0.825082	39.1304
5.81165	33.4158	0.825082	39.4022
5.81552	33.4158	0.990099	39.4022
5.8161	33.4983	0.907591	39.4022
5.81871	33.5809	0.825082	39.4022
5.81975	33.5809	0.990099	39.4022
5.82042	33.6634	0.907591	39.4022
5.87347	33.7459	0.825082	39.4022
5.89237	33.7459	0.825082	39.6739
5.89347	33.7459	0.907591	39.6739
5.89839	33.8284	0.825082	39.6739
5.90406	33.8284	0.825082	39.9457
5.90787	33.9109	0.742574	39.9457
5.90838	33.9521	0.825082	39.9457
5.96078	34.0347	0.742574	39.9457
5.96114	34.0759	0.825082	39.9457
5.99896	34.1584	0.742574	39.9457
6.00039	34.1997	0.825082	39.9457
6.0023	34.2822	0.742574	39.9457
6.00241	34.3234	0.825082	39.9457
6.00875	34.4059	0.742574	39.9457
6.0092	34.4059	0.907591	39.9457
6.0231	34.4059	0.907591	40.2174
6.02723	34.4884	0.825082	40.2174
6.03744	34.571	0.742574	40.2174
6.04645	34.571	0.742574	40.4891
6.04972	34.6535	0.660066	40.4891
6.05015	34.6947	0.742574	40.4891
6.05434	34.736	0.825082	40.4891
6.05695	34.8185	0.742574	40.4891
6.06354	34.901	0.660066	40.4891
6.0637	34.9422	0.742574	40.4891
6.06855	35.0248	0.660066	40.4891
6.07374	35.1073	0.577558	40.4891
6.07376	35.1485	0.660066	40.4891
6.09365	35.231	0.577558	40.4891
6.09387	35.231	0.660066	40.4891
6.09489	35.2723	0.742574	40.4891
6.09875	35.3548	0.660066	40.4891
6.10187	35.396	0.742574	40.4891
6.1355	35.4785	0.660066	40.4891
6.13707	35.5198	0.742574	40.4891
6.13722	35.5198	0.825082	40.4891
6.13935	35.6023	0.742574	40.4891
6.14907	35.6848	0.660066	40.4891
6.1745	35.7673	0.577558	40.4891
6.17771	35.8086	0.660066	40.4891
6.19349	35.8911	0.577558	40.4891
6.20991	35.9323	0.660066	40.4891
6.2103	35.9323	0.825082	40.4891
6.21081	36.0149	0.742574	40.4891
6.25024	36.0974	0.660066	40.4891
6.25325	36.1386	0.742574	40.4891
6.26493	36.2211	0.660066	40.4891
6.26554	36.2211	0.825082	40.4891
6.26705	36.3036	0.742574	40.4891
6.32967	36.3861	0.660066	40.4891
6.34912	36.3861	0.660066	40.7609
6.34956	36.4274	0.742574	40.7609
6.37017	36.5099	0.660066	40.7609
6.37361	36.5512	0.742574	40.7609
6.37406	36.5512	0.907591	40.7609
6.376	36.6337	0.825082	40.7609
6.37823	36.7162	0.742574	40.7609
6.39894	36.7987	0.660066	40.7609
6.40263	36.7987	0.742574	40.7609
6.40762	36.8812	0.660066	40.7609
6.40943	36.8812	0.742574	40.7609
6.41063	36.9637	0.660066	40.7609
6.41428	36.9637	0.742574	40.7609
6.46041	37.0462	0.660066	40.7609
6.46111	37.0875	0.742574	40.7609
6.48278	37.17	0.660066	40.7609
6.48399	37.17	0.742574	40.7609
6.48574	37.2525	0.660066	40.7609
6.48704	37.2525	0.742574	40.7609
6.50469	37.335	0.660066	40.7609
6.50505	37.335	0.825082	40.7609
6.5055	37.4175	0.742574	40.7609
6.54474	37.5	0.660066	40.7609
6.58005	37.5	0.660066	41.3043
6.58025	37.5	0.742574	41.3043
6.58509	37.5825	0.660066	41.3043
6.61836	37.5825	0.660066	41.5761
6.61904	37.6238	0.742574	41.5761
6.62404	37.7063	0.660066	41.5761
6.67304	37.7063	0.660066	41.8478
6.67878	37.7063	0.660066	42.1196
6.68093	37.7063	0.825082	42.1196
6.68492	37.7888	0.742574	42.1196
6.70111	37.8713	0.660066	42.1196
6.70162	37.8713	0.825082	42.1196
6.70237	37.9538	0.742574	42.1196
6.72557	38.0363	0.660066	42.1196
6.72847	38.0363	0.825082	42.1196
6.73035	38.1188	0.742574	42.1196
6.7317	38.2013	0.660066	42.1196
6.73454	38.2013	0.742574	42.1196
6.73495	38.2838	0.660066	42.1196
6.73656	38.3663	0.577558	42.1196
6.74223	38.4076	0.660066	42.1196
6.82159	38.4076	0.660066	42.3913
6.85351	38.4076	0.660066	42.663
6.86548	38.4076	0.660066	42.9348
6.89878	38.4076	0.660066	43.2065
6.89959	38.4488	0.742574	43.2065
6.927	38.5314	0.660066	43.2065
6.94647	38.6139	0.577558	43.2065
6.95079	38.6551	0.660066	43.2065
6.95832	38.7376	0.577558	43.2065
6.95836	38.7789	0.660066	43.2065
6.99274	38.8614	0.577558	43.2065
6.99493	38.8614	0.742574	43.2065
6.99605	38.9439	0.660066	43.2065
7.00894	39.0264	0.577558	43.2065
7.0323	39.0264	0.577558	43.2065
7.07509	39.0264	0.577558	43.4783
7.0762	39.0677	0.660066	43.4783
7.10391	39.1502	0.577558	43.4783
7.10416	39.1502	0.742574	43.4783
7.10719	39.2327	0.660066	43.4783
7.10839	39.3152	0.577558	43.4783
7.12645	39.3152	0.577558	43.75
7.12846	39.3152	0.577558	44.2935
7.13166	39.3564	0.660066	44.2935
7.13296	39.3564	0.660066	44.5652
7.13585	39.4389	0.577558	44.5652
7.13592	39.4389	0.660066	44.5652
7.13984	39.5215	0.577558	44.5652
7.14751	39.5627	0.660066	44.5652
7.15122	39.5627	0.660066	44.837
7.15243	39.5627	0.825082	44.837
7.154	39.6452	0.742574	44.837
7.17832	39.7277	0.660066	44.837
7.17971	39.769	0.742574	44.837
7.20378	39.8515	0.660066	44.837
7.2315	39.8515	0.660066	45.1087
7.23225	39.8927	0.742574	45.1087
7.24118	39.9752	0.660066	45.1087
7.2412	40.0165	0.742574	45.1087
7.25217	40.099	0.660066	45.1087
7.25363	40.099	0.660066	45.3804
7.26048	40.1815	0.577558	45.3804
7.26111	40.1815	0.742574	45.3804
7.26114	40.264	0.660066	45.3804
7.26478	40.3465	0.577558	45.3804
7.27474	40.3465	0.577558	45.9239
7.27569	40.3465	0.660066	45.9239
7.28553	40.429	0.577558	45.9239
7.29421	40.4703	0.660066	45.9239
7.29608	40.5116	0.742574	45.9239
7.31354	40.5941	0.660066	45.9239
7.31864	40.5941	0.660066	46.1957
7.34235	40.5941	0.660066	46.7391
7.34323	40.5941	0.742574	46.7391
7.35757	40.6766	0.660066	46.7391
7.36021	40.6766	0.660066	47.0109
7.3638	40.7178	0.742574	47.0109
7.37842	40.8003	0.660066	47.0109
7.37994	40.8003	0.825082	47.0109
7.38019	40.8828	0.742574	47.0109
7.3956	40.9653	0.660066	47.0109
7.40926	40.9653	0.660066	47.2826
7.41095	41.0066	0.742574	47.2826
7.41342	41.0891	0.660066	47.2826
7.4207	41.1304	0.742574	47.2826
7.42256	41.1716	0.825082	47.2826
7.44558	41.2541	0.742574	47.2826
7.45386	41.2541	0.742574	47.8261
7.45495	41.2954	0.825082	47.8261
7.47224	41.3779	0.742574	47.8261
7.47955	41.3779	0.742574	48.3696
7.50431	41.3779	0.742574	48.913
7.50813	41.3779	0.907591	48.913
7.50912	41.4604	0.825082	48.913
7.54729	41.5429	0.742574	48.913
7.54891	41.5429	0.825082	48.913
7.55336	41.6254	0.742574	48.913
7.55566	41.6667	0.825082	48.913
7.57701	41.7492	0.742574	48.913
7.58239	41.7904	0.825082	48.913
7.61652	41.8729	0.742574	48.913
7.61872	41.8729	0.825082	48.913
7.64144	41.9554	0.742574	48.913
7.69648	41.9554	0.742574	49.4565
7.69814	41.9554	0.825082	49.4565
7.71532	42.038	0.742574	49.4565
7.82004	42.038	0.742574	49.7283
7.83949	42.0792	0.825082	49.7283
7.83967	42.0792	0.990099	49.7283
7.8422	42.1617	0.907591	49.7283
7.84357	42.2442	0.825082	49.7283
7.8452	42.3267	0.742574	49.7283
7.8937	42.3267	0.742574	50
7.90233	42.368	0.825082	50
7.90238	42.368	0.907591	50
7.95267	42.4505	0.825082	50
7.975	42.533	0.742574	50
7.98021	42.6155	0.660066	50
7.98324	42.6155	0.825082	50
7.99153	42.698	0.742574	50
8.00129	42.7805	0.660066	50
8.00801	42.7805	0.660066	50.2717
8.0302	42.863	0.577558	50.2717
8.03122	42.9043	0.660066	50.2717
8.07882	42.9868	0.577558	50.2717
8.1416	42.9868	0.577558	50.8152
8.14404	43.0281	0.660066	50.8152
8.15823	43.1106	0.577558	50.8152
8.15879	43.1518	0.660066	50.8152
8.18206	43.2343	0.577558	50.8152
8.18414	43.2756	0.660066	50.8152
8.19518	43.3581	0.577558	50.8152
8.19554	43.3581	0.742574	50.8152
8.20361	43.4406	0.660066	50.8152
8.21372	43.5231	0.577558	50.8152
8.2167	43.5231	0.660066	50.8152
8.2174	43.6056	0.577558	50.8152
8.21987	43.6056	0.577558	50.8152
8.21987	43.6056	0.742574	50.8152
8.22651	43.6881	0.660066	50.8152
8.23302	43.7706	0.577558	50.8152
8.26188	43.7706	0.742574	50.8152
8.26708	43.8119	0.825082	50.8152
8.30632	43.8944	0.742574	50.8152
8.31263	43.9356	0.825082	50.8152
8.35803	44.0182	0.742574	50.8152
8.4029	44.1007	0.660066	50.8152
8.40664	44.1007	0.825082	50.8152
8.40737	44.1832	0.742574	50.8152
8.40931	44.2657	0.660066	50.8152
8.41692	44.2657	0.660066	51.3587
8.4373	44.3069	0.742574	51.3587
8.44305	44.3069	0.825082	51.3587
8.50145	44.3894	0.742574	51.3587
8.54912	44.3894	0.742574	51.6304
8.55084	44.3894	0.742574	51.9022
8.55113	44.3894	0.825082	51.9022
8.55169	44.3894	0.990099	51.9022
8.55398	44.4719	0.907591	51.9022
8.58077	44.5545	0.825082	51.9022
8.58104	44.5545	0.990099	51.9022
8.5858	44.637	0.907591	51.9022
8.58629	44.7195	0.825082	51.9022
8.59891	44.802	0.742574	51.9022
8.63682	44.802	0.742574	52.1739
8.63824	44.8432	0.825082	52.1739
8.64963	44.9257	0.742574	52.1739
8.65115	44.967	0.825082	52.1739
8.65444	45.0495	0.742574	52.1739
8.6553	45.0908	0.825082	52.1739
8.66364	45.1733	0.742574	52.1739
8.66598	45.1733	0.825082	52.1739
8.66922	45.2558	0.742574	52.1739
8.67027	45.297	0.825082	52.1739
8.68068	45.3795	0.742574	52.1739
8.68084	45.4208	0.825082	52.1739
8.69804	45.5033	0.742574	52.1739
8.70806	45.5033	0.742574	52.1739
8.71026	45.5446	0.825082	52.1739
8.71911	45.6271	0.742574	52.1739
8.71933	45.6271	0.907591	52.1739
8.72128	45.7096	0.825082	52.1739
8.76878	45.7921	0.742574	52.1739
8.76961	45.8333	0.825082	52.1739
8.77793	45.9158	0.742574	52.1739
8.78161	45.9158	0.825082	52.1739
8.81085	45.9983	0.742574	52.1739
8.81245	46.0396	0.825082	52.1739
8.81334	46.0809	0.907591	52.1739
8.81515	46.1634	0.825082	52.1739
8.82624	46.2459	0.742574	52.1739
8.82721	46.2459	0.825082	52.1739
8.83996	46.3284	0.742574	52.1739
8.84005	46.3284	0.907591	52.1739
8.84375	46.4109	0.825082	52.1739
8.85564	46.4934	0.742574	52.1739
8.85751	46.5347	0.825082	52.1739
8.85898	46.6172	0.742574	52.1739
8.86822	46.6172	0.742574	52.7174
8.88654	46.6997	0.660066	52.7174
8.88973	46.6997	0.660066	52.9891
8.89027	46.6997	0.742574	52.9891
9.04565	46.7822	0.660066	52.9891
9.04705	46.8234	0.742574	52.9891
9.06966	46.9059	0.660066	52.9891
9.10075	46.9472	0.742574	52.9891
9.10989	47.0297	0.660066	52.9891
9.1191	47.0297	0.660066	53.5326
9.16148	47.0297	0.825082	53.5326
9.16371	47.0297	0.825082	53.8043
9.16543	47.0297	0.907591	53.8043
9.16699	47.0297	0.990099	53.8043
9.16726	47.1122	0.907591	53.8043
9.19058	47.1947	0.825082	53.8043
9.19296	47.2772	0.742574	53.8043
9.19968	47.2772	0.825082	53.8043
9.20264	47.3185	0.907591	53.8043
9.20271	47.401	0.825082	53.8043
9.2196	47.4835	0.742574	53.8043
9.21994	47.5248	0.825082	53.8043
9.22928	47.6073	0.742574	53.8043
9.23178	47.6485	0.825082	53.8043
9.23202	47.6898	0.907591	53.8043
9.23414	47.7723	0.825082	53.8043
9.24609	47.8548	0.742574	53.8043
9.24644	47.896	0.825082	53.8043
9.24716	47.896	0.907591	53.8043
9.25239	47.9785	0.825082	53.8043
9.26537	48.0611	0.742574	53.8043
9.30056	48.1436	0.660066	53.8043
9.30121	48.1848	0.742574	53.8043
9.37603	48.2673	0.660066	53.8043
9.3809	48.3086	0.742574	53.8043
9.38216	48.3911	0.660066	53.8043
9.38234	48.4323	0.742574	53.8043
9.39066	48.5149	0.660066	53.8043
9.3928	48.5561	0.742574	53.8043
9.45038	48.6386	0.660066	53.8043
9.45835	48.6386	0.660066	54.0761
9.46129	48.6799	0.742574	54.0761
9.46679	48.7624	0.660066	54.0761
9.46737	48.7624	0.825082	54.0761
9.481	48.8449	0.742574	54.0761
9.4919	48.9274	0.660066	54.0761
9.49201	48.9274	0.825082	54.0761
9.49471	49.0099	0.742574	54.0761
9.49922	49.0924	0.660066	54.0761
9.50209	49.0924	0.825082	54.0761
9.51262	49.0924	0.825082	54.3478
9.57718	49.0924	0.907591	54.3478
9.62192	49.0924	0.907591	54.6196
9.62357	49.1337	0.990099	54.6196
9.6496	49.2162	0.907591	54.6196
9.6596	49.2162	0.907591	54.8913
9.66169	49.2162	1.07261	54.8913
9.66259	49.2987	0.990099	54.8913
9.66454	49.3399	1.07261	54.8913
9.68833	49.4224	0.990099	54.8913
9.68847	49.4224	1.15512	54.8913
9.68877	49.505	1.07261	54.8913
9.69131	49.5875	0.990099	54.8913
9.70975	49.67	0.907591	54.8913
9.7103	49.67	1.07261	54.8913
9.71375	49.7525	0.990099	54.8913
9.76062	49.835	0.907591	54.8913
9.96032	49.835	0.907591	55.4348
9.96047	49.8762	0.990099	55.4348
10.035	49.9587	0.907591	55.4348
10.0457	49.9587	0.990099	55.4348
10.0469	49.9587	0.990099	55.7065
10.0811	49.9587	0.990099	55.9783
10.1155	49.9587	0.990099	56.5217
10.1174	50	1.07261	56.5217
10.132	50.0825	0.990099	56.5217
10.139	50.1238	1.07261	56.5217
10.1598	50.2063	0.990099	56.5217
10.1601	50.2063	1.15512	56.5217
10.162	50.2888	1.07261	56.5217
10.1804	50.3713	0.990099	56.5217
10.1809	50.4125	1.07261	56.5217
10.2032	50.495	0.990099	56.5217
10.2072	50.495	1.07261	56.5217
10.2658	50.5776	0.990099	56.5217
10.2838	50.6601	0.907591	56.5217
10.3086	50.6601	0.907591	56.7935
10.3105	50.6601	0.907591	57.337
10.3432	50.6601	0.907591	57.8804
10.3438	50.6601	1.07261	57.8804
10.3501	50.7426	0.990099	57.8804
10.3618	50.8251	0.907591	57.8804
10.3666	50.8251	0.990099	57.8804
10.3671	50.8663	1.07261	57.8804
10.3686	50.9488	0.990099	57.8804
10.3705	51.0314	0.907591	57.8804
10.377	51.0314	0.907591	58.1522
10.3774	51.0314	0.990099	58.1522
10.3945	51.1139	0.907591	58.1522
10.4135	51.1964	0.825082	58.1522
10.4137	51.2376	0.907591	58.1522
10.483	51.3201	0.825082	58.1522
10.487	51.3614	0.907591	58.1522
10.5266	51.4439	0.825082	58.1522
10.5445	51.4439	0.825082	58.4239
10.5468	51.5264	0.742574	58.4239
10.5469	51.5677	0.825082	58.4239
10.5799	51.6502	0.742574	58.4239
10.5807	51.6914	0.825082	58.4239
10.5946	51.7739	0.742574	58.4239
10.5972	51.8152	0.825082	58.4239
10.6677	51.8977	0.742574	58.4239
10.6753	51.9389	0.825082	58.4239
10.6859	52.0215	0.742574	58.4239
10.7034	52.104	0.660066	58.4239
10.7084	52.104	0.742574	58.4239
10.7296	52.104	0.742574	58.6957
10.7374	52.104	0.742574	59.2391
10.7616	52.104	0.742574	59.7826
10.7638	52.104	0.907591	59.7826
10.7679	52.1865	0.825082	59.7826
10.9031	52.269	0.742574	59.7826
10.9045	52.269	0.907591	59.7826
10.905	52.3515	0.825082	59.7826
10.9157	52.434	0.742574	59.7826
10.9213	52.4752	0.825082	59.7826
10.9241	52.5578	0.742574	59.7826
10.9267	52.5578	0.825082	59.7826
10.9448	52.6403	0.742574	59.7826
10.9463	52.6815	0.825082	59.7826
10.9728	52.764	0.742574	59.7826
10.9738	52.764	0.825082	59.7826
11.0431	52.8465	0.742574	59.7826
11.063	52.8465	0.742574	60.0543
11.0671	52.8878	0.825082	60.0543
11.0879	52.9703	0.742574	60.0543
11.0888	53.0116	0.825082	60.0543
11.1628	53.0941	0.742574	60.0543
11.1829	53.1766	0.660066	60.0543
11.2172	53.1766	0.660066	60.3261
11.2193	53.2178	0.742574	60.3261
11.2195	53.3003	0.660066	60.3261
11.2908	53.3003	0.660066	60.8696
11.2955	53.3828	0.577558	60.8696
11.2966	53.4241	0.660066	60.8696
11.3074	53.5066	0.577558	60.8696
11.3081	53.5066	0.742574	60.8696
11.3085	53.5891	0.660066	60.8696
11.3123	53.6716	0.577558	60.8696
11.3142	53.7129	0.660066	60.8696
11.3461	53.7954	0.577558	60.8696
11.347	53.8366	0.660066	60.8696
11.3979	53.9191	0.577558	60.8696
11.4076	54.0017	0.49505	60.8696
11.4108	54.0429	0.577558	60.8696
11.4249	54.1254	0.49505	60.8696
11.493	54.1254	0.49505	61.1413
11.5338	54.2079	0.412541	61.1413
11.5421	54.2079	0.412541	61.6848
11.5467	54.2904	0.330033	61.6848
11.5467	54.3317	0.412541	61.6848
11.5587	54.4142	0.330033	61.6848
11.559	54.4554	0.412541	61.6848
11.5764	54.538	0.330033	61.6848
11.5775	54.538	0.49505	61.6848
11.5819	54.6205	0.412541	61.6848
11.6927	54.703	0.330033	61.6848
11.6934	54.703	0.49505	61.6848
11.6985	54.7855	0.412541	61.6848
11.741	54.868	0.330033	61.6848
11.7437	54.9092	0.412541	61.6848
11.7484	54.9917	0.330033	61.6848
11.7993	54.9917	0.330033	61.9565
11.7995	54.9917	0.49505	61.9565
11.7996	55.0743	0.412541	61.9565
11.8044	55.0743	0.412541	62.2283
11.8439	55.1568	0.330033	62.2283
11.8446	55.1568	0.412541	62.2283
11.874	55.2393	0.330033	62.2283
11.9585	55.2393	0.412541	62.2283
11.9604	55.2393	0.412541	62.7717
11.9606	55.2805	0.49505	62.7717
12.0478	55.363	0.412541	62.7717
12.0706	55.363	0.412541	63.0435
12.0708	55.363	0.577558	63.0435
12.0714	55.4455	0.49505	63.0435
12.1868	55.5281	0.412541	63.0435
12.1884	55.5693	0.49505	63.0435
12.2272	55.6518	0.412541	63.0435
12.2333	55.6518	0.412541	63.3152
12.2559	55.7343	0.330033	63.3152
12.2794	55.7343	0.330033	63.3152
12.2829	55.7343	0.330033	63.8587
12.2862	55.7756	0.412541	63.8587
12.3292	55.8581	0.330033	63.8587
12.3295	55.8993	0.412541	63.8587
12.3346	55.9818	0.330033	63.8587
12.4157	56.0644	0.247525	63.8587
12.4183	56.1056	0.330033	63.8587
12.4378	56.1881	0.247525	63.8587
12.4427	56.2706	0.165017	63.8587
12.4447	56.3119	0.247525	63.8587
12.5089	56.3944	0.165017	63.8587
12.5141	56.3944	0.247525	63.8587
12.5299	56.4769	0.165017	63.8587
12.5323	56.5182	0.247525	63.8587
12.534	56.6007	0.165017	63.8587
12.5346	56.6419	0.247525	63.8587
12.5797	56.7244	0.165017	63.8587
12.5811	56.7657	0.247525	63.8587
12.6244	56.8482	0.165017	63.8587
12.65	56.9307	0.0825083	63.8587
12.6505	56.9719	0.165017	63.8587
12.6608	57.0545	0.0825083	63.8587
12.6792	57.0545	0.0825083	64.1304
12.7063	57.0545	0.0825083	64.4022
12.7129	57.0545	0.165017	64.4022
12.7161	57.137	0.0825083	64.4022
12.7183	57.1782	0.165017	64.4022
12.7849	57.2607	0.0825083	64.4022
12.8261	57.2607	0.0825083	64.6739
12.8269	57.302	0.165017	64.6739
12.8278	57.3845	0.0825083	64.6739
12.8293	57.3845	0.247525	64.6739
12.8334	57.467	0.165017	64.6739
12.8369	57.5495	0.0825083	64.6739
12.838	57.5495	0.0825083	65.2174
12.8413	57.5495	0.0825083	65.7609
12.842	57.5495	0.165017	65.7609
12.8826	57.632	0.0825083	65.7609
12.8838	57.6733	0.165017	65.7609
12.8952	57.7558	0.0825083	65.7609
12.8956	57.7558	0.247525	65.7609
12.8983	57.8383	0.165017	65.7609
12.9259	57.9208	0.0825083	65.7609
13.0315	57.962	0.165017	65.7609
13.0354	57.962	0.247525	65.7609
13.0418	58.0446	0.165017	65.7609
13.0487	58.0446	0.165017	66.0326
13.0938	58.0446	0.165017	66.3043
13.0963	58.0858	0.247525	66.3043
13.2377	58.1683	0.165017	66.3043
13.2413	58.2096	0.247525	66.3043
13.255	58.2921	0.165017	66.3043
13.255	58.2921	0.330033	66.3043
13.2564	58.3746	0.247525	66.3043
13.2927	58.4571	0.165017	66.3043
13.2927	58.4571	0.330033	66.3043
13.294	58.5396	0.247525	66.3043
13.298	58.6221	0.165017	66.3043
13.3961	58.7046	0.0825083	66.3043
13.3964	58.7046	0.247525	66.3043
13.3982	58.7871	0.165017	66.3043
13.4605	58.8696	0.0825083	66.3043
13.4609	58.8696	0.165017	66.3043
13.4767	58.9521	0.0825083	66.3043
13.477	58.9934	0.165017	66.3043
13.5093	59.0759	0.0825083	66.3043
13.5149	59.1172	0.165017	66.3043
13.5159	59.1172	0.330033	66.3043
13.518	59.1997	0.247525	66.3043
13.5209	59.2822	0.165017	66.3043
13.614	59.3647	0.0825083	66.3043
13.6253	59.3647	0.165017	66.3043
13.6312	59.4059	0.247525	66.3043
13.6392	59.4884	0.165017	66.3043
13.6449	59.4884	0.165017	66.5761
13.6744	59.571	0.0825083	66.5761
13.6752	59.571	0.247525	66.5761
13.6787	59.6535	0.165017	66.5761
13.7292	59.736	0.0825083	66.5761
13.7307	59.736	0.247525	66.5761
13.7309	59.8185	0.165017	66.5761
13.7337	59.901	0.0825083	66.5761
13.7339	59.901	0.247525	66.5761
13.7415	59.9835	0.165017	66.5761
13.7455	60.066	0.0825083	66.5761
13.7459	60.066	0.165017	66.5761
13.7465	60.1073	0.247525	66.5761
13.7793	60.1898	0.165017	66.5761
13.7799	60.231	0.247525	66.5761
13.8612	60.3135	0.165017	66.5761
13.8797	60.3135	0.165017	66.8478
13.8904	60.3135	0.165017	67.1196
13.9863	60.3135	0.165017	67.663
13.9871	60.3548	0.247525	67.663
13.9873	60.4373	0.165017	67.663
13.9889	60.4373	0.330033	67.663
13.9897	60.5198	0.247525	67.663
14.0025	60.6023	0.165017	67.663
14.0201	60.6023	0.165017	67.9348
14.0217	60.6436	0.247525	67.9348
14.045	60.7261	0.165017	67.9348
14.0461	60.7673	0.247525	67.9348
14.0666	60.8498	0.165017	67.9348
14.0722	60.8498	0.165017	68.2065
14.0759	60.8911	0.247525	68.2065
14.1541	60.9736	0.165017	68.2065
14.1549	60.9736	0.330033	68.2065
14.1573	61.0561	0.247525	68.2065
14.1578	61.0561	0.247525	68.4783
14.1599	61.1386	0.165017	68.4783
14.1603	61.1799	0.247525	68.4783
14.2004	61.2624	0.165017	68.4783
14.2004	61.3036	0.247525	68.4783
14.2361	61.3861	0.165017	68.4783
14.2385	61.4274	0.247525	68.4783
14.2416	61.5099	0.165017	68.4783
14.2419	61.5512	0.247525	68.4783
14.2891	61.6337	0.165017	68.4783
14.2894	61.6749	0.247525	68.4783
14.4295	61.7574	0.165017	68.4783
14.4309	61.7574	0.330033	68.4783
14.4337	61.8399	0.247525	68.4783
14.5318	61.9224	0.165017	68.4783
14.533	61.9224	0.330033	68.4783
14.5334	62.005	0.247525	68.4783
14.5459	62.0875	0.165017	68.4783
14.5463	62.1287	0.247525	68.4783
14.5538	62.2112	0.165017	68.4783
14.5562	62.2525	0.247525	68.4783
14.5571	62.335	0.165017	68.4783
14.6205	62.335	0.165017	68.75
14.6213	62.3762	0.247525	68.75
14.6586	62.4587	0.165017	68.75
14.6589	62.5	0.247525	68.75
14.6606	62.5825	0.165017	68.75
14.6637	62.6238	0.247525	68.75
14.6653	62.7063	0.165017	68.75
14.6676	62.7063	0.330033	68.75
14.6689	62.7888	0.247525	68.75
14.6797	62.8713	0.165017	68.75
14.6803	62.9125	0.247525	68.75
14.7144	62.995	0.165017	68.75
14.715	63.0363	0.247525	68.75
14.7248	63.1188	0.165017	68.75
14.7281	63.1188	0.247525	68.75
14.7858	63.2013	0.165017	68.75
14.8558	63.2013	0.165017	69.0217
14.8571	63.2426	0.247525	69.0217
14.8589	63.3251	0.165017	69.0217
14.8624	63.3251	0.247525	69.0217
14.8816	63.4076	0.165017	69.0217
14.883	63.4488	0.247525	69.0217
14.8963	63.5314	0.165017	69.0217
14.9101	63.5314	0.165017	69.2935
14.9115	63.5314	0.165017	69.837
15.0084	63.5314	0.165017	70.3804
15.0098	63.5726	0.247525	70.3804
15.0319	63.6551	0.165017	70.3804
15.0374	63.6551	0.247525	70.3804
15.0375	63.6551	0.412541	70.3804
15.0412	63.7376	0.330033	70.3804
15.0493	63.8201	0.247525	70.3804
15.0517	63.8614	0.330033	70.3804
15.0534	63.9026	0.412541	70.3804
15.0665	63.9851	0.330033	70.3804
15.0677	64.0264	0.412541	70.3804
15.0991	64.1089	0.330033	70.3804
15.1035	64.1502	0.412541	70.3804
15.1039	64.1914	0.49505	70.3804
15.1039	64.2327	0.577558	70.3804
15.1039	64.3152	0.49505	70.3804
15.1176	64.3977	0.412541	70.3804
15.1184	64.4389	0.49505	70.3804
15.1341	64.5215	0.412541	70.3804
15.1363	64.5627	0.49505	70.3804
15.1472	64.6452	0.412541	70.3804
15.1472	64.6452	0.577558	70.3804
15.1518	64.7277	0.49505	70.3804
15.1696	64.8102	0.412541	70.3804
15.1719	64.8515	0.49505	70.3804
15.1742	64.934	0.412541	70.3804
15.2207	64.934	0.412541	70.6522
15.2914	64.934	0.412541	70.9239
15.2915	64.9753	0.49505	70.9239
15.3114	65.0578	0.412541	70.9239
15.3275	65.1403	0.330033	70.9239
15.3276	65.1403	0.49505	70.9239
15.3277	65.2228	0.412541	70.9239
15.3423	65.3053	0.330033	70.9239
15.3424	65.3053	0.412541	70.9239
15.3673	65.3878	0.330033	70.9239
15.3964	65.3878	0.330033	71.4674
15.4347	65.4703	0.247525	71.4674
15.4351	65.4703	0.330033	71.4674
15.4841	65.5528	0.247525	71.4674
15.5343	65.6353	0.165017	71.4674
15.6005	65.6353	0.165017	71.7391
15.6005	65.6766	0.247525	71.7391
15.6459	65.7591	0.165017	71.7391
15.646	65.7591	0.247525	71.7391
15.7296	65.8416	0.165017	71.7391
15.7658	65.8416	0.165017	72.2826
15.7675	65.8828	0.247525	72.2826
16.0597	65.9653	0.165017	72.2826
16.0612	65.9653	0.330033	72.2826
16.0623	66.0479	0.247525	72.2826
16.1001	66.1304	0.165017	72.2826
16.1022	66.1304	0.330033	72.2826
16.1031	66.2129	0.247525	72.2826
16.1053	66.2954	0.165017	72.2826
16.1081	66.3366	0.247525	72.2826
16.1473	66.4191	0.165017	72.2826
16.1492	66.4604	0.247525	72.2826
16.171	66.5429	0.165017	72.2826
16.1737	66.5842	0.247525	72.2826
16.1937	66.6667	0.165017	72.2826
16.1952	66.7079	0.247525	72.2826
16.343	66.7904	0.165017	72.2826
16.3437	66.8317	0.247525	72.2826
16.4293	66.9142	0.165017	72.2826
16.4298	66.9554	0.247525	72.2826
16.5105	67.038	0.165017	72.2826
16.5114	67.0792	0.247525	72.2826
16.5377	67.1617	0.165017	72.2826
16.5394	67.1617	0.247525	72.2826
16.5435	67.2442	0.165017	72.2826
16.5437	67.2855	0.247525	72.2826
16.5755	67.368	0.165017	72.2826
16.5758	67.368	0.330033	72.2826
16.5787	67.4505	0.247525	72.2826
16.62	67.533	0.165017	72.2826
16.6201	67.5743	0.247525	72.2826
16.6304	67.6568	0.165017	72.2826
16.6355	67.698	0.247525	72.2826
16.6811	67.7805	0.165017	72.2826
16.76	67.7805	0.165017	72.5543
16.7606	67.7805	0.330033	72.5543
16.7621	67.863	0.247525	72.5543
16.8432	67.9455	0.165017	72.5543
16.8439	67.9455	0.247525	72.5543
16.8599	68.0281	0.165017	72.5543
16.9887	68.0281	0.165017	73.0978
17.0606	68.0281	0.165017	73.3696
17.0699	68.1106	0.0825083	73.3696
17.0723	68.1106	0.247525	73.3696
17.0723	68.1931	0.165017	73.3696
17.2099	68.2756	0.0825083	73.3696
17.2807	68.2756	0.0825083	73.913
17.3393	68.2756	0.0825083	74.1848
17.349	68.2756	0.0825083	74.4565
17.3542	68.3168	0.165017	74.4565
17.3702	68.3993	0.0825083	74.4565
17.3737	68.3993	0.165017	74.4565
17.4001	68.4818	0.0825083	74.4565
17.4079	68.5231	0.165017	74.4565
17.4186	68.6056	0.0825083	74.4565
17.4242	68.6056	0.0825083	74.7283
17.4476	68.6056	0.0825083	75
17.4477	68.6056	0.247525	75
17.4479	68.6881	0.165017	75
17.4983	68.7706	0.0825083	75
17.5721	68.7706	0.0825083	75.2717
17.5723	68.8119	0.165017	75.2717
17.5986	68.8944	0.0825083	75.2717
17.6002	68.9356	0.165017	75.2717
17.6766	69.0182	0.0825083	75.2717
17.6768	69.0182	0.247525	75.2717
17.6769	69.1007	0.165017	75.2717
17.6921	69.1832	0.0825083	75.2717
18.039	69.1832	0.0825083	75.8152
18.0416	69.2657	0	75.8152
18.0447	69.3069	0.0825083	75.8152
18.0628	69.3894	0	75.8152
18.0657	69.3894	0.165017	75.8152
18.0678	69.4719	0.0825083	75.8152
18.0841	69.5545	0	75.8152
18.0846	69.5957	0.0825083	75.8152
18.1261	69.6782	0	75.8152
18.1276	69.7195	0.0825083	75.8152
18.3411	69.802	0	75.8152
18.38	69.802	0	76.3587
18.3803	69.8432	0.0825083	76.3587
18.4178	69.9257	0	76.3587
18.4209	69.967	0.0825083	76.3587
18.4771	70.0495	0	76.3587
18.4776	70.0908	0.0825083	76.3587
18.8006	70.1733	0	76.3587
18.8022	70.2145	0.0825083	76.3587
18.8036	70.297	0	76.3587
18.8067	70.3383	0.0825083	76.3587
18.8587	70.4208	0	76.3587
18.8691	70.4208	0	76.9022
18.8692	70.462	0.0825083	76.9022
18.9047	70.5446	0	76.9022
18.9056	70.5858	0.0825083	76.9022
19.037	70.6683	0	76.9022
19.0422	70.7096	0.0825083	76.9022
19.0744	70.7921	0	76.9022
19.075	70.7921	0.0825083	76.9022
19.1278	70.8746	0	76.9022
19.1336	70.9158	0.0825083	76.9022
19.4802	70.9984	0	76.9022
19.4817	70.9984	0.165017	76.9022
19.6009	71.0809	0.0825083	76.9022
19.601	71.1221	0.165017	76.9022
19.608	71.2046	0.0825083	76.9022
19.6126	71.2459	0.165017	76.9022
19.6263	71.3284	0.0825083	76.9022
19.6265	71.3696	0.165017	76.9022
19.6592	71.4521	0.0825083	76.9022
19.6673	71.4934	0.165017	76.9022
19.7493	71.5759	0.0825083	76.9022
19.7962	71.5759	0.0825083	77.1739
19.7974	71.6172	0.165017	77.1739
20.04	71.6997	0.0825083	77.1739
20.0422	71.6997	0.247525	77.1739
20.0464	71.7822	0.165017	77.1739
20.0598	71.8647	0.0825083	77.1739
20.0977	71.8647	0.0825083	77.7174
20.0996	71.9059	0.165017	77.7174
20.3422	71.9884	0.0825083	77.7174
20.3716	71.9884	0.0825083	78.2609
20.3719	72.0297	0.165017	78.2609
20.4652	72.1122	0.0825083	78.2609
20.4677	72.1122	0.165017	78.2609
20.4971	72.1947	0.0825083	78.2609
20.498	72.236	0.165017	78.2609
20.8746	72.3185	0.0825083	78.2609
20.8748	72.3597	0.165017	78.2609
20.9344	72.4422	0.0825083	78.2609
20.9396	72.4835	0.165017	78.2609
21.1425	72.566	0.0825083	78.2609
21.1433	72.566	0.247525	78.2609
21.1436	72.6485	0.165017	78.2609
21.1777	72.731	0.0825083	78.2609
21.2461	72.731	0.247525	78.2609
21.3066	72.731	0.247525	78.8043
21.3204	72.731	0.247525	78.8043
21.4392	72.8135	0.165017	78.8043
21.4397	72.8135	0.247525	78.8043
21.4406	72.896	0.165017	78.8043
21.5491	72.9785	0.0825083	78.8043
21.5496	73.0198	0.165017	78.8043
21.5773	73.1023	0.0825083	78.8043
21.7933	73.1023	0.0825083	79.3478
21.7934	73.1436	0.165017	79.3478
21.9188	73.2261	0.0825083	79.3478
21.9195	73.2673	0.165017	79.3478
21.9381	73.3498	0.0825083	79.3478
21.9422	73.3911	0.165017	79.3478
21.9453	73.3911	0.330033	79.3478
21.9669	73.4736	0.247525	79.3478
21.9712	73.5149	0.330033	79.3478
22.2661	73.5974	0.247525	79.3478
22.2683	73.6386	0.330033	79.3478
22.2808	73.7211	0.247525	79.3478
22.2881	73.7624	0.330033	79.3478
22.4718	73.8449	0.247525	79.3478
22.4721	73.8449	0.412541	79.3478
22.4722	73.9274	0.330033	79.3478
22.5082	74.0099	0.247525	79.3478
22.5106	74.0512	0.330033	79.3478
22.706	74.1337	0.247525	79.3478
22.7099	74.1337	0.412541	79.3478
22.7107	74.2162	0.330033	79.3478
22.7176	74.2987	0.247525	79.3478
22.9555	74.3812	0.165017	79.3478
23.1403	74.3812	0.165017	79.8913
23.1411	74.4224	0.247525	79.8913
23.1466	74.505	0.165017	79.8913
23.1639	74.505	0.247525	79.8913
23.1666	74.505	0.412541	79.8913
23.1668	74.5875	0.330033	79.8913
23.2461	74.67	0.247525	79.8913
23.2461	74.7112	0.330033	79.8913
23.2565	74.7937	0.247525	79.8913
23.2567	74.7937	0.412541	79.8913
23.2588	74.8762	0.330033	79.8913
23.3133	74.9587	0.247525	79.8913
23.3139	75	0.330033	79.8913
23.3276	75.0825	0.247525	79.8913
23.3277	75.1238	0.330033	79.8913
23.4333	75.2063	0.247525	79.8913
23.4349	75.2475	0.330033	79.8913
23.5647	75.33	0.247525	79.8913
23.5653	75.3713	0.330033	79.8913
23.5846	75.4538	0.247525	79.8913
23.5893	75.495	0.330033	79.8913
23.5922	75.5776	0.247525	79.8913
23.5926	75.5776	0.412541	79.8913
23.5949	75.6601	0.330033	79.8913
23.6866	75.7426	0.247525	79.8913
23.6879	75.7426	0.412541	79.8913
23.6917	75.8251	0.330033	79.8913
23.7093	75.9076	0.247525	79.8913
23.7094	75.9488	0.330033	79.8913
23.9302	76.0314	0.247525	79.8913
24.0351	76.1139	0.165017	79.8913
24.7522	76.1964	0.0825083	79.8913
24.7533	76.1964	0.247525	79.8913
24.7583	76.2789	0.165017	79.8913
24.9224	76.3614	0.0825083	79.8913
24.9583	76.4439	0	79.8913
24.9613	76.4851	0.0825083	79.8913
25.028	76.5677	0	79.8913
25.0319	76.6089	0.0825083	79.8913
25.314	76.6914	0	79.8913
25.9805	76.6914	0	80.163
25.9808	76.7327	0.0825083	80.163
26.0483	76.8152	0	80.163
26.051	76.8564	0.0825083	80.163
26.1429	76.9389	0	80.163
26.1463	76.9389	0	80.7065
26.5576	76.9802	0.0825083	80.7065
26.5878	77.0627	0	80.7065
26.5956	77.104	0.0825083	80.7065
26.7448	77.1865	0	80.7065
26.7479	77.2277	0.0825083	80.7065
26.887	77.3102	0	80.7065
26.8885	77.3102	0.165017	80.7065
26.8996	77.3927	0.0825083	80.7065
26.9022	77.3927	0.247525	80.7065
26.9027	77.4753	0.165017	80.7065
26.9425	77.5578	0.0825083	80.7065
26.9436	77.599	0.165017	80.7065
27.0457	77.6815	0.0825083	80.7065
27.111	77.764	0	80.7065
27.1159	77.764	0.0825083	80.7065
27.3839	77.8465	0	80.7065
27.3869	77.8878	0.0825083	80.7065
27.4476	77.9703	0	80.7065
27.4502	78.0116	0.0825083	80.7065
27.4825	78.0941	0	80.7065
27.4873	78.1353	0.0825083	80.7065
27.5692	78.2178	0	80.7065
27.5694	78.2178	0.165017	80.7065
27.5795	78.3003	0.0825083	80.7065
27.7349	78.3828	0	80.7065
27.7373	78.4241	0.0825083	80.7065
27.9118	78.5066	0	80.7065
27.9121	78.5066	0.165017	80.7065
27.9153	78.5891	0.0825083	80.7065
27.9999	78.6716	0	80.7065
28.0011	78.6716	0.0825083	80.7065
28.2707	78.7541	0	80.7065
28.2718	78.7541	0.165017	80.7065
28.275	78.8366	0.0825083	80.7065
28.2946	78.9191	0	80.7065
28.2976	78.9604	0.0825083	80.7065
28.8089	79.0429	0	80.7065
28.8109	79.0842	0.0825083	80.7065
29.1711	79.1667	0	80.7065
29.1718	79.2079	0.0825083	80.7065
29.5182	79.2904	0	80.7065
29.5185	79.3317	0.0825083	80.7065
29.8729	79.4142	0	80.7065
30.0455	79.4142	0	81.25
30.0513	79.4142	0.0825083	81.25
30.2317	79.4967	0	81.25
30.2324	79.4967	0.0825083	81.25
30.5113	79.5792	0	81.25
30.5126	79.6205	0.0825083	81.25
30.5342	79.703	0	81.25
30.5386	79.7442	0.0825083	81.25
31.1964	79.8267	0	81.25
31.1976	79.868	0.0825083	81.25
31.2956	79.9505	0	81.25
31.2976	79.9918	0.0825083	81.25
31.7382	80.0743	0	81.25
31.7388	80.1155	0.0825083	81.25
31.808	80.198	0	81.25
32.0473	80.198	0.165017	81.25
32.0476	80.198	0.330033	81.25
32.0507	80.2805	0.247525	81.25
32.0905	80.363	0.165017	81.25
32.0907	80.4043	0.247525	81.25
32.3098	80.4868	0.165017	81.25
32.3609	80.5693	0.0825083	81.25
32.3619	80.5693	0.247525	81.25
32.3624	80.6518	0.165017	81.25
32.3628	80.6931	0.247525	81.25
32.3632	80.7756	0.165017	81.25
32.6453	80.8581	0.0825083	81.25
32.6489	80.8993	0.165017	81.25
32.8169	80.9818	0.0825083	81.25
32.819	81.0231	0.165017	81.25
33.1971	81.1056	0.0825083	81.25
33.1978	81.1056	0.247525	81.25
33.1979	81.1881	0.165017	81.25
33.6031	81.2706	0.0825083	81.25
33.6048	81.3119	0.165017	81.25
33.6226	81.3944	0.0825083	81.25
33.6228	81.4356	0.165017	81.25
33.638	81.5182	0.0825083	81.25
33.6393	81.5182	0.165017	81.25
33.9446	81.6007	0.0825083	81.25
34.3831	81.6832	0	81.25
34.3858	81.7244	0.0825083	81.25
34.3948	81.8069	0	81.25
34.3951	81.8482	0.0825083	81.25
34.5456	81.9307	0	81.25
34.5476	81.9719	0.0825083	81.25
34.7543	82.0545	0	81.25
34.7544	82.0957	0.0825083	81.25
35.4275	82.1782	0	81.25
35.4277	82.1782	0.165017	81.25
35.4306	82.2607	0.0825083	81.25
36.1143	82.3432	0	81.25
36.1145	82.3432	0.0825083	81.25
36.8069	82.4257	0	81.25
36.808	82.4257	0.165017	81.25
36.8108	82.5082	0.0825083	81.25
37.2326	82.5908	0	81.25
37.2906	82.632	0.0825083	81.25
37.2935	82.6733	0.165017	81.25
37.3082	82.7558	0.0825083	81.25
37.3119	82.797	0.165017	81.25
37.4534	82.8795	0.0825083	81.25
37.4557	82.9208	0.165017	81.25
37.6332	83.0033	0.0825083	81.25
37.6356	83.0446	0.165017	81.25
38.2053	83.1271	0.0825083	81.25
38.2068	83.1271	0.247525	81.25
38.208	83.2096	0.165017	81.25
38.3223	83.2921	0.0825083	81.25
38.6816	83.3746	0	81.25
38.6818	83.3746	0.165017	81.25
38.6848	83.4571	0.0825083	81.25
38.8021	83.5396	0	81.25
38.803	83.5809	0.0825083	81.25
39.4578	83.6634	0	81.25
39.4669	83.7046	0.0825083	81.25
40.1982	83.7871	0	81.25
40.1992	83.7871	0.0825083	81.25
40.3299	83.8696	0	81.25
40.3364	83.9109	0.0825083	81.25
40.3559	83.9934	0	81.25
40.3565	84.0347	0.0825083	81.25
40.9101	84.1172	0	81.25
40.9117	84.1172	0.0825083	81.25
41.173	84.1997	0	81.25
41.1739	84.2409	0.0825083	81.25
41.7127	84.3234	0	81.25
41.7132	84.3647	0.0825083	81.25
41.8385	84.4472	0	81.25
41.8402	84.4884	0.0825083	81.25
41.9501	84.571	0	81.25
41.9503	84.6122	0.0825083	81.25
42.5286	84.6947	0	81.25
42.5288	84.736	0.0825083	81.25
45.0375	84.8185	0	81.25
45.0388	84.8597	0.0825083	81.25
46.1062	84.9422	0	81.25
47.5012	84.9422	0	81.5217
47.5088	84.9835	0.0825083	81.5217
48.0018	85.066	0	81.5217
48.0019	85.1073	0.0825083	81.5217
48.8912	85.1898	0	81.5217
48.8954	85.231	0.0825083	81.5217
49.3456	85.3135	0	81.5217
49.354	85.3548	0.0825083	81.5217
49.4459	85.4373	0	81.5217
49.4469	85.4373	0.165017	81.5217
49.4487	85.5198	0.0825083	81.5217
49.4599	85.6023	0	81.5217
49.4612	85.6023	0.165017	81.5217
49.4614	85.6848	0.0825083	81.5217
51.7488	85.7673	0	81.5217
51.7538	85.7673	0.165017	81.5217
53.0198	85.8498	0.0825083	81.5217
56.2777	85.9323	0	81.5217
57.8238	85.9323	0.0825083	81.5217
58.6775	86.0149	0	81.5217
59.122	86.0149	0.165017	81.5217
59.3761	86.0561	0.247525	81.5217
59.5126	86.1386	0.165017	81.5217
60.0976	86.2211	0.0825083	81.5217
62.3161	86.3036	0	81.5217
65.0935	86.3036	0	82.0652
76.0477	86.3036	0	82.337
82.158	86.3036	0	82.8804
82.8577	86.3036	0	83.4239
91.9186	86.3036	0	83.9674
95.9675	86.3036	0	84.2391
106.129	86.3036	0	84.7826
132.928	86.3036	0	85.3261
137.474	86.3036	0	85.5978
148.174	86.3036	0	85.8696
148.55	86.3449	0.0825083	85.8696
148.69	86.4274	0	85.8696
150.882	86.4686	0.0825083	85.8696
158.1	86.5512	0	85.8696
186.887	86.5512	0	86.413
188.915	86.5512	0	86.6848
202.117	86.5512	0	87.2283
218.655	86.5512	0	87.7717
221.458	86.5512	0.0825083	87.7717
228.133	86.6337	0	87.7717
258.838	86.6337	0	88.0435
296.055	86.6337	0	88.587
323.834	86.6337	0	89.1304
360.607	86.6337	0	89.4022
366.474	86.6337	0	89.9457
399.988	86.6337	0	90.2174
411.662	86.6337	0	90.4891
412.267	86.6749	0.0825083	90.4891
413.214	86.7574	0	90.4891
416.957	86.7987	0.0825083	90.4891
440.645	86.8812	0	90.4891
442.909	86.8812	0.165017	90.4891
444.591	86.9637	0.0825083	90.4891
482.733	87.0462	0	90.4891
554.365	87.0462	0	91.0326
602.68	87.0462	0	91.5761
604.025	87.0875	0.0825083	91.5761
614.497	87.17	0	91.5761
614.836	87.2112	0.0825083	91.5761
694.705	87.2937	0	91.5761
695.96	87.335	0.0825083	91.5761
740.807	87.4175	0	91.5761
741.747	87.4587	0.0825083	91.5761
780.151	87.5413	0	91.5761
855.57	87.5413	0	92.1196
915.104	87.5413	0	92.663
915.557	87.5413	0	93.2065
916.258	87.5825	0.0825083	93.2065
955.801	87.665	0	93.2065
982.067	87.665	0	93.75
982.817	87.7063	0.0825083	93.75
993.125	87.7888	0	93.75
1011.68	87.7888	0	94.2935
1013.55	87.7888	0.165017	94.2935
1014.14	87.8713	0.0825083	94.2935
1042.87	87.9538	0	94.2935
1043.27	87.9538	0	94.5652
1046.89	87.995	0.0825083	94.5652
1052.43	87.995	0.0825083	95.1087
1139.62	88.0776	0	95.1087
1242.34	88.0776	0	95.6522
1277.28	88.0776	0	96.1957
1325.62	88.0776	0	96.7391
1325.87	88.1188	0.0825083	96.7391
1441.35	88.2013	0	96.7391
1442.92	88.2426	0.0825083	96.7391
1479.32	88.3251	0	96.7391
1486.76	88.3251	0	97.2826
1490.93	88.3663	0.0825083	97.2826
1491.73	88.4488	0	97.2826
1537.11	88.4488	0	97.8261
1539.63	88.4901	0.0825083	97.8261
1631.05	88.5726	0	97.8261
1631.58	88.6139	0.0825083	97.8261
1691.37	88.6964	0	97.8261
1692.84	88.7376	0.0825083	97.8261
1714.24	88.8201	0	97.8261
1714.38	88.8201	0.165017	97.8261
1714.41	88.9026	0.0825083	97.8261
1766.9	88.9851	0	97.8261
1813.51	88.9851	0	98.3696
1814.29	89.0264	0.0825083	98.3696
1836.62	89.1089	0	98.3696
1836.63	89.1502	0.0825083	98.3696
1865.95	89.2327	0	98.3696
1866.53	89.2327	0.0825083	98.3696
1928.05	89.3152	0	98.3696
1929.42	89.3564	0.0825083	98.3696
1954.43	89.4389	0	98.3696
1954.8	89.4802	0.0825083	98.3696
1958.42	89.5627	0	98.3696
1959.49	89.5627	0.0825083	98.3696
1998.64	89.6452	0	98.3696
1998.98	89.6865	0.0825083	98.3696
2058.06	89.769	0	98.3696
2059.64	89.769	0.165017	98.3696
2060.43	89.8515	0.0825083	98.3696
2162.16	89.934	0	98.3696
2162.21	89.9753	0.0825083	98.3696
2185.27	90.0578	0	98.3696
2225.14	90.0578	0	98.913
2227.26	90.099	0.0825083	98.913
2280.31	90.1815	0	98.913
2283.12	90.2228	0.0825083	98.913
2316.82	90.3053	0	98.913
2317.35	90.3465	0.0825083	98.913
2463.55	90.429	0	98.913
2463.55	90.429	0.0825083	98.913
2481.44	90.5116	0	98.913
2484.14	90.5528	0.0825083	98.913
2509.07	90.6353	0	98.913
2509.8	90.6353	0.165017	98.913
2510.39	90.7178	0.0825083	98.913
2593.3	90.8003	0	98.913
2593.3	90.8003	0.0825083	98.913
2633.22	90.8828	0	98.913
2634.46	90.8828	0	99.4565
2635.49	90.9241	0.0825083	99.4565
2665.42	91.0066	0	99.4565
2665.72	91.0479	0.0825083	99.4565
2817.91	91.1304	0	99.4565
2818.42	91.1304	0.165017	99.4565
2819.09	91.2129	0.0825083	99.4565
3122.33	91.2954	0	99.4565
3122.97	91.3366	0.0825083	99.4565
3127.32	91.4191	0	99.4565
3127.93	91.4191	0.165017	99.4565
3128.57	91.5016	0.0825083	99.4565
3236.51	91.5842	0	99.4565
3237.18	91.6254	0.0825083	99.4565
3540.64	91.7079	0	99.4565
3541.84	91.7492	0.0825083	99.4565
3580.99	91.8317	0	99.4565
3582.34	91.8729	0.0825083	99.4565
3658	91.9554	0	99.4565
3683.56	91.9554	0	100
3685.47	91.9967	0.0825083	100
3692.29	92.0792	0	100
3693.23	92.1205	0.0825083	100
3789.51	92.203	0	100
3790.27	92.2442	0.0825083	100
3848.18	92.3267	0	100
3848.6	92.368	0.0825083	100
3902.66	92.4505	0	100
3903.58	92.4505	0.165017	100
3903.73	92.533	0.0825083	100
3904.21	92.6155	0	100
3904.39	92.6568	0.0825083	100
3921.71	92.7393	0	100
3922.08	92.7805	0.0825083	100
4246.26	92.863	0	100
4247.6	92.863	0.165017	100
4248.51	92.9455	0.0825083	100
5077.3	93.0281	0	100
5077.96	93.0693	0.0825083	100
5202.81	93.1518	0	100
5203.02	93.1931	0.0825083	100
5317.94	93.2756	0	100
5319.11	93.3168	0.0825083	100
5420.57	93.3993	0	100
5421.69	93.4406	0.0825083	100
5491.79	93.5231	0	100
5491.98	93.5231	0.165017	100
5492.43	93.6056	0.0825083	100
5606.09	93.6881	0	100
5606.12	93.6881	0.165017	100
5606.42	93.7706	0.0825083	100
5729.86	93.8531	0	100
5729.98	93.8531	0.165017	100
5734.18	93.9356	0.0825083	100
6029.79	94.0182	0	100
6030.28	94.0594	0.0825083	100
6181.4	94.1419	0	100
6183.07	94.1832	0.0825083	100
6188.19	94.2657	0	100
6189.24	94.3069	0.0825083	100
6206.96	94.3894	0	100
6208.11	94.3894	0.165017	100
6210.12	94.4719	0.0825083	100
6327.41	94.5545	0	100
6327.6	94.5957	0.0825083	100
6421.17	94.6782	0	100
6421.17	94.6782	0.165017	100
6421.74	94.7607	0.0825083	100
6489.98	94.8432	0	100
6490.51	94.8845	0.0825083	100
6629.61	94.967	0	100
6629.75	94.967	0.0825083	100
6652.67	95.0495	0	100
6652.93	95.0908	0.0825083	100
6970.18	95.1733	0	100
6970.21	95.2145	0.0825083	100
6990.4	95.297	0	100
6992.74	95.3383	0.0825083	100
7168.71	95.4208	0	100
7169.5	95.462	0.0825083	100
7314.22	95.5446	0	100
7316.7	95.5858	0.0825083	100
7491.8	95.6683	0	100
7492.74	95.6683	0.165017	100
7500.46	95.7508	0.0825083	100
7722.13	95.8333	0	100
7723.02	95.8746	0.0825083	100
7844.6	95.9571	0	100
7844.86	95.9571	0.165017	100
7845.6	96.0396	0.0825083	100
8065.62	96.1221	0	100
8070.77	96.1634	0.0825083	100
8125.12	96.2459	0	100
8125.83	96.2459	0.0825083	100
8126.56	96.2459	0.165017	100
8126.88	96.3284	0.0825083	100
8131.22	96.4109	0	100
8134.33	96.4521	0.0825083	100
8235.28	96.5347	0	100
8237.8	96.5759	0.0825083	100
8599.89	96.6584	0	100
8600.86	96.6997	0.0825083	100
8965.09	96.7822	0	100
8965.67	96.8234	0.0825083	100
9124.18	96.9059	0	100
9124.44	96.9472	0.0825083	100
9167.44	97.0297	0	100
9167.76	97.071	0.0825083	100
9745.84	97.1535	0	100
9746.12	97.1947	0.0825083	100
10289.9	97.2772	0	100
10290.3	97.2772	0.165017	100
10290.6	97.3597	0.0825083	100
10698.3	97.4422	0	100
10699	97.4835	0.0825083	100
11557.7	97.566	0	100
11558.1	97.6073	0.0825083	100
11996.7	97.6898	0	100
11997	97.6898	0.165017	100
12000.5	97.7723	0.0825083	100
12433.7	97.8548	0	100
12434.6	97.8548	0.165017	100
12434.8	97.9373	0.0825083	100
12504.7	98.0198	0	100
12505	98.0198	0.165017	100
12505.4	98.1023	0.0825083	100
13093.1	98.1848	0	100
13093.9	98.1848	0.165017	100
13093.9	98.2673	0.0825083	100
13796	98.3498	0	100
13799	98.3911	0.0825083	100
13917.6	98.4736	0	100
13919.5	98.5149	0.0825083	100
14407.2	98.5974	0	100
14407.6	98.5974	0.0825083	100
14732.8	98.6799	0	100
14733.4	98.6799	0.165017	100
14734.7	98.7624	0.0825083	100
16253.7	98.8449	0	100
16254.8	98.8861	0.0825083	100
17911.2	98.9686	0	100
17912.2	99.0099	0.0825083	100
18840.8	99.0924	0	100
18841.3	99.1337	0.0825083	100
19461.2	99.2162	0	100
19461.8	99.2574	0.0825083	100
19671.5	99.3399	0	100
19672.4	99.3812	0.0825083	100
20430.9	99.4637	0	100
20430.9	99.4637	0.165017	100
20432.7	99.5462	0.0825083	100
20545.8	99.6287	0	100
20548.4	99.67	0.0825083	100
21288.3	99.7525	0	100
21289.4	99.7937	0.0825083	100
27364.5	99.8762	0	100
27365.3	99.9175	0.0825083	100
