5.62627e-06	0	0	0
1.76605e-05	0	0	0
2.12476e-05	0	0	0
2.25104e-05	0	0	0
3.23972e-05	0	0	0
4.00276e-05	0	0	0
4.35663e-05	0	0	0
4.6392e-05	0	0	0
5.91715e-05	0	0	0
6.81998e-05	0	0	0
8.13652e-05	0	0	0
0.000103328	0	0	0
0.000104288	0	0	0
0.000109324	0	0	0
0.000109753	0	0	0
0.000109824	0	0	0
0.000114581	0	0	0
0.000158991	0	0	0
0.000171402	0	0	0
0.000189706	0	0	0
0.000192731	0	0	0
0.000223306	0	0	0
0.000232628	0	0	0
0.000235824	0	0	0
0.000239893	0	0	0
0.000249453	0	0	0
0.000255337	0	0	0
0.000265342	0	0	0
0.00027107	0	0	0
0.000289121	0	0	0
0.000295487	0	0	0
0.000306245	0	0	0
0.000310743	0	0	0
0.000315296	0	0	0
0.000318122	0	0	0
0.000323275	0	0	0
0.00037607	0	0	0
0.000381416	0	0	0
0.000388374	0	0	0
0.000393491	0	0	0
0.000394474	0	0	0
0.000425199	0	0	0
0.000426581	0	0	0
0.000429706	0	0	0
0.000466046	0	0	0
0.00046936	0	0	0
0.00047531	0	0	0
0.000502431	0	0	0
0.000502928	0	0	0
0.000506149	0	0	0
0.000511441	0	0	0
0.000512384	0	0	0
0.00054985	0	0	0
0.000594359	0	0	0
0.000600814	0	0	0
0.000601644	0	0	0
0.000618499	0	0	0
0.000654849	0	0	0
0.0006669	0	0	0
0.000696008	0	0	0
0.000700956	0	0	0
0.000716477	0	0	0
0.000718726	0	0	0
0.000722947	0	0	0
0.000731268	0	0	0
0.000736066	0	0	0
0.000779249	0	0	0
0.000850259	0	0	0
0.00086543	0	0	0
0.000921925	0	0	0
0.000929951	0	0	0
0.000940033	0	0	0
0.000988695	0	0	0
0.00101056	0	0	0
0.00102939	0	0	0
0.00105788	0	0	0
0.00106075	0	0	0
0.00113874	0	0	0
0.00114917	0	0	0
0.00115281	0	0	0
0.00122602	0	0	0
0.00124718	0	0	0
0.00127423	0	0	0
0.00127855	0	0	0
0.00132354	0	0	0
0.00133241	0	0	0
0.00142775	0	0	0
0.00144884	0	0	0
0.00145887	0	0	0
0.00147942	0	0	0
0.00149238	0	0	0
0.00152879	0	0	0
0.00153545	0	0	0
0.00157953	0	0	0
0.00158763	0	0	0
0.00158769	0	0	0
0.00159158	0	0	0
0.00159935	0	0	0
0.00164479	0	0	0
0.00164592	0	0	0
0.00165543	0	0	0
0.00166931	0	0	0
0.00168048	0	0	0
0.00170806	0	0	0
0.00172347	0	0	0
0.00173366	0	0	0
0.00173723	0	0	0
0.00180021	0	0	0
0.00182941	0	0	0
0.00184594	0	0	0
0.0018628	0	0	0
0.00188166	0	0	0
0.0019	0	0	0
0.00192614	0	0	0
0.00195028	0	0	0
0.00195249	0	0	0
0.00198389	0	0	0
0.00198703	0	0	0
0.00202433	0	0	0
0.00205747	0	0	0
0.00206245	0	0	0
0.00210183	0	0	0
0.00212391	0	0	0
0.00212749	0	0	0
0.00213696	0	0	0
0.00217424	0	0	0
0.00221027	0	0	0
0.00221257	0	0	0
0.00227109	0	0	0
0.00236837	0	0	0
0.00238134	0	0	0
0.00238416	0	0	0
0.00242369	0	0	0
0.00243015	0	0	0
0.00245201	0	0	0
0.00246185	0	0	0
0.00252814	0	0	0
0.00276146	0	0	0
0.00280189	0	0	0
0.00288534	0	0	0
0.00290506	0	0	0
0.00292252	0	0	0
0.00293153	0	0	0
0.00294466	0	0	0
0.00304839	0	0	0
0.00307982	0	0	0
0.00311169	0	0	0
0.00314708	0	0	0
0.00317239	0	0	0
0.00321248	0	0	0
0.0032852	0	0	0
0.00329468	0	0	0
0.00330168	0	0	0
0.00336415	0	0	0
0.00353891	0	0	0
0.00359941	0	0	0
0.00360283	0	0	0
0.00361219	0	0	0
0.00362639	0	0	0
0.00374862	0	0	0
0.00380447	0	0	0
0.00382336	0	0	0
0.00385132	0	0	0
0.00385854	0	0	0
0.00396502	0	0	0
0.00397638	0	0	0
0.00399137	0	0	0
0.00400983	0	0	0
0.00405112	0	0	0
0.00405125	0	0	0
0.0041302	0	0	0
0.00426353	0	0	0
0.00439054	0	0	0
0.00441556	0	0	0
0.00446317	0	0	0
0.00457843	0	0	0
0.00473822	0	0	0
0.00494387	0	0	0
0.00509249	0	0	0
0.00517692	0	0	0
0.00517964	0	0	0
0.00529345	0	0	0
0.00529456	0	0	0
0.00542808	0	0	0
0.00545948	0	0	0
0.00548348	0	0	0
0.00562673	0	0	0
0.00567354	0	0	0
0.00573739	0	0	0
0.00574756	0	0	0
0.00582061	0	0	0
0.00584747	0	0	0
0.0058567	0	0	0
0.00587167	0	0	0
0.00587379	0	0	0
0.00595681	0	0	0
0.00596711	0	0	0
0.00598527	0	0	0
0.00602315	0	0	0
0.00604513	0	0	0
0.00607794	0	0	0
0.00609766	0	0	0
0.00610945	0	0	0
0.00612395	0	0	0
0.00617486	0	0	0
0.00621826	0	0	0
0.00628045	0	0	0
0.00654239	0	0	0
0.00664359	0	0	0
0.00669457	0	0	0
0.00669934	0	0	0
0.0067138	0	0	0
0.00695887	0	0	0
0.00697693	0	0	0
0.00723268	0	0	0
0.0073371	0	0	0
0.00734767	0	0	0
0.00743787	0	0	0
0.00744872	0	0	0
0.00752254	0	0	0
0.00791915	0	0	0
0.00793161	0	0	0
0.00816159	0	0	0
0.00819229	0	0	0
0.00820488	0	0	0
0.00822705	0	0	0
0.00828588	0	0	0
0.00837274	0	0	0
0.00850971	0	0	0
0.00855685	0	0	0
0.00858828	0	0	0
0.00861061	0	0	0
0.0086251	0	0	0
0.00869668	0	0	0
0.0087236	0	0	0
0.00877096	0	0	0
0.0088781	0	0	0
0.00894724	0	0	0
0.00895869	0	0	0
0.0089806	0	0	0
0.00901562	0	0	0
0.00902501	0	0	0
0.00903048	0	0	0
0.00915255	0	0	0
0.00917084	0	0	0
0.00921488	0	0	0
0.0092565	0	0	0
0.00927836	0	0	0
0.00934053	0	0	0
0.00941298	0	0	0
0.00943617	0	0	0
0.00944591	0	0	0
0.00976134	0	0	0
0.00991043	0	0	0
0.0100363	0	0	0
0.010061	0	0	0
0.0101245	0	0	0
0.0103147	0	0	0
0.0104571	0	0	0
0.0106335	0	0	0
0.0106779	0	0	0
0.0111491	0	0	0
0.0120052	0	0	0
0.0139417	0	0	0
0.0143815	0	0	0
0.0144716	0.0412541	0.0825083	0
0.0179642	0.0412541	0.0825083	0
0.0229839	0.0412541	0.0825083	0
0.0236257	0.123762	0	0
0.0236575	0.123762	0	0
0.0237194	0.123762	0	0
0.0237582	0.123762	0	0
0.0237665	0.123762	0	0
0.0238323	0.123762	0	0
0.0239094	0.123762	0	0
0.0240296	0.123762	0	0
0.0240604	0.123762	0	0
0.0241013	0.123762	0	0
0.0241054	0.123762	0	0
0.0241854	0.123762	0	0
0.0242845	0.123762	0	0
0.0243006	0.123762	0	0
0.0243859	0.123762	0	0
0.0245764	0.123762	0	0
0.0246067	0.123762	0	0
0.0246274	0.123762	0	0
0.024662	0.123762	0	0
0.0246665	0.123762	0	0
0.0246765	0.123762	0	0
0.0247174	0.123762	0	0
0.024904	0.123762	0	0
0.0249161	0.123762	0	0
0.0249745	0.123762	0	0
0.025005	0.123762	0	0
0.025273	0.123762	0	0
0.0253063	0.123762	0	0
0.0253659	0.123762	0	0
0.0253711	0.123762	0	0
0.0254806	0.123762	0	0
0.0255357	0.123762	0	0
0.0255799	0.123762	0	0
0.0256672	0.123762	0	0
0.0257934	0.123762	0	0
0.0258095	0.123762	0	0
0.0258434	0.123762	0	0
0.0259416	0.123762	0	0
0.0259966	0.123762	0	0
0.0260145	0.123762	0	0
0.0260922	0.123762	0	0
0.0261848	0.123762	0	0
0.026192	0.123762	0	0
0.0263288	0.123762	0	0
0.0264355	0.123762	0	0
0.026639	0.123762	0	0
0.0268334	0.123762	0	0
0.0269582	0.123762	0	0
0.0269853	0.123762	0	0
0.0271904	0.123762	0	0
0.0272966	0.123762	0	0
0.0273136	0.123762	0	0
0.0273586	0.123762	0	0
0.0273983	0.123762	0	0
0.0274386	0.123762	0	0
0.0275338	0.123762	0	0
0.0276171	0.123762	0	0
0.0276802	0.123762	0	0
0.0276818	0.123762	0	0
0.0278111	0.123762	0	0
0.0279317	0.123762	0	0
0.0279712	0.123762	0	0
0.0280013	0.123762	0	0
0.0280222	0.123762	0	0
0.0281146	0.123762	0	0
0.0282696	0.123762	0	0
0.0284598	0.123762	0	0
0.028656	0.123762	0	0
0.0287135	0.123762	0	0
0.0287211	0.123762	0	0
0.0287545	0.123762	0	0
0.0288336	0.123762	0	0
0.0289098	0.123762	0	0
0.0289336	0.123762	0	0
0.0289521	0.123762	0	0
0.0289781	0.123762	0	0
0.0291752	0.123762	0	0
0.0291795	0.123762	0	0
0.0292334	0.123762	0	0
0.0292381	0.123762	0	0
0.0292662	0.123762	0	0
0.0292858	0.123762	0	0
0.0294218	0.123762	0	0
0.029479	0.123762	0	0
0.0295799	0.123762	0	0
0.0295996	0.123762	0	0
0.0296255	0.123762	0	0
0.0297011	0.123762	0	0
0.0297251	0.123762	0	0
0.0297538	0.123762	0	0
0.0297721	0.123762	0	0
0.0297868	0.123762	0	0
0.0297901	0.123762	0	0
0.0298158	0.123762	0	0
0.0298558	0.123762	0	0
0.0298671	0.123762	0	0
0.0299604	0.123762	0	0
0.0299966	0.123762	0	0
0.030057	0.123762	0	0
0.0300957	0.123762	0	0
0.0301141	0.123762	0	0
0.0301487	0.123762	0	0
0.0302884	0.123762	0	0
0.0302955	0.123762	0	0
0.0303297	0.123762	0	0
0.0303546	0.123762	0	0
0.0303557	0.123762	0	0
0.030452	0.123762	0	0
0.030513	0.123762	0	0
0.0305431	0.123762	0	0
0.0305877	0.123762	0	0
0.0307075	0.123762	0	0
0.0308631	0.123762	0	0
0.0309369	0.123762	0	0
0.0310773	0.123762	0	0
0.03115	0.123762	0	0
0.0311911	0.123762	0	0
0.0312127	0.123762	0	0
0.0313619	0.123762	0	0
0.0313676	0.123762	0	0
0.0313729	0.123762	0	0
0.0314393	0.123762	0	0
0.0314584	0.123762	0	0
0.0314623	0.123762	0	0
0.0315478	0.123762	0	0
0.0316021	0.123762	0	0
0.0316319	0.123762	0	0
0.0316345	0.123762	0	0
0.0316611	0.123762	0	0
0.0317662	0.123762	0	0
0.0318259	0.123762	0	0
0.0318428	0.123762	0	0
0.0318542	0.123762	0	0
0.0320063	0.123762	0	0
0.0321999	0.123762	0	0
0.0322448	0.123762	0	0
0.0323654	0.123762	0	0
0.0323691	0.123762	0	0
0.0324324	0.123762	0	0
0.0324855	0.123762	0	0
0.0325749	0.123762	0	0
0.0327627	0.123762	0	0
0.0329856	0.123762	0	0
0.0329975	0.123762	0	0
0.0330669	0.123762	0	0
0.0331013	0.123762	0	0
0.0331419	0.123762	0	0
0.0333279	0.123762	0	0
0.0334291	0.123762	0	0
0.0338012	0.123762	0	0
0.0341007	0.123762	0	0
0.0345092	0.123762	0	0
0.0350709	0.123762	0	0
0.035306	0.123762	0	0
0.0357261	0.123762	0	0
0.0378858	0.123762	0	0
0.0396323	0.165017	0.0825083	0
0.0411987	0.165017	0.0825083	0
0.0438754	0.247525	0	0
0.0443361	0.247525	0	0
0.04577	0.247525	0	0.125313
0.0460373	0.247525	0	0.125313
0.0525708	0.247525	0	0.125313
0.0528542	0.247525	0	0.125313
0.0586131	0.247525	0	0.125313
0.0692303	0.247525	0.0825083	0.125313
0.0858153	0.247525	0.0825083	0.125313
0.0917213	0.247525	0.0825083	0.125313
0.0965108	0.247525	0.247525	0.125313
0.0967789	0.330033	0.165017	0.125313
0.0987635	0.412541	0.0825083	0.125313
0.106855	0.412541	0.0825083	0.125313
0.115553	0.412541	0.0825083	0.125313
0.119909	0.412541	0.0825083	0.125313
0.120655	0.412541	0.0825083	0.125313
0.130973	0.412541	0.0825083	0.250627
0.134383	0.412541	0.0825083	0.250627
0.135111	0.412541	0.0825083	0.250627
0.139364	0.412541	0.0825083	0.250627
0.149009	0.412541	0.0825083	0.250627
0.156057	0.412541	0.0825083	0.250627
0.156705	0.453795	0.165017	0.250627
0.163413	0.536304	0.0825083	0.250627
0.167346	0.536304	0.0825083	0.250627
0.168008	0.536304	0.0825083	0.250627
0.168165	0.536304	0.165017	0.250627
0.169746	0.536304	0.165017	0.250627
0.178848	0.618812	0.0825083	0.250627
0.18026	0.618812	0.0825083	0.250627
0.186337	0.618812	0.0825083	0.250627
0.193818	0.618812	0.0825083	0.250627
0.20163	0.618812	0.0825083	0.250627
0.214108	0.618812	0.165017	0.250627
0.231264	0.618812	0.165017	0.250627
0.231684	0.618812	0.165017	0.250627
0.232796	0.660066	0.247525	0.250627
0.250536	0.742574	0.165017	0.250627
0.254982	0.742574	0.165017	0.250627
0.255075	0.742574	0.330033	0.250627
0.256155	0.825082	0.247525	0.250627
0.270167	0.907591	0.165017	0.250627
0.275542	0.907591	0.165017	0.37594
0.276189	0.948845	0.247525	0.37594
0.284991	1.03135	0.165017	0.37594
0.294159	1.03135	0.165017	0.37594
0.297242	1.03135	0.165017	0.37594
0.297912	1.03135	0.165017	0.37594
0.301293	1.03135	0.165017	0.37594
0.303683	1.03135	0.165017	0.37594
0.314026	1.03135	0.165017	0.37594
0.317615	1.03135	0.165017	0.37594
0.318935	1.03135	0.165017	0.626566
0.319246	1.03135	0.247525	0.626566
0.32318	1.11386	0.165017	0.626566
0.326077	1.11386	0.165017	0.626566
0.329371	1.11386	0.165017	0.75188
0.338111	1.11386	0.165017	0.877193
0.345345	1.11386	0.165017	0.877193
0.356267	1.11386	0.165017	0.877193
0.363978	1.11386	0.165017	0.877193
0.36416	1.15512	0.247525	0.877193
0.366539	1.23762	0.165017	0.877193
0.3701	1.23762	0.165017	0.877193
0.375576	1.23762	0.165017	0.877193
0.377832	1.23762	0.165017	0.877193
0.377989	1.23762	0.165017	0.877193
0.383455	1.23762	0.165017	0.877193
0.383831	1.23762	0.247525	0.877193
0.384109	1.23762	0.247525	0.877193
0.384201	1.23762	0.247525	0.877193
0.384661	1.32013	0.165017	0.877193
0.386867	1.32013	0.165017	0.877193
0.392916	1.32013	0.165017	0.877193
0.393958	1.32013	0.165017	0.877193
0.400922	1.32013	0.165017	0.877193
0.401036	1.32013	0.165017	0.877193
0.40417	1.32013	0.165017	0.877193
0.405039	1.32013	0.165017	0.877193
0.407604	1.32013	0.165017	0.877193
0.412006	1.32013	0.165017	0.877193
0.412302	1.32013	0.165017	0.877193
0.413018	1.32013	0.165017	0.877193
0.42009	1.32013	0.165017	0.877193
0.427104	1.32013	0.247525	0.877193
0.427746	1.32013	0.247525	1.00251
0.429608	1.32013	0.412541	1.00251
0.429737	1.32013	0.412541	1.00251
0.4312	1.40264	0.330033	1.00251
0.431214	1.48515	0.247525	1.00251
0.433156	1.48515	0.247525	1.00251
0.43905	1.48515	0.247525	1.00251
0.443086	1.48515	0.247525	1.00251
0.444005	1.5264	0.330033	1.00251
0.44696	1.60891	0.247525	1.00251
0.449301	1.60891	0.247525	1.12782
0.452305	1.60891	0.247525	1.12782
0.457623	1.60891	0.247525	1.37845
0.458118	1.60891	0.247525	1.37845
0.458144	1.65016	0.330033	1.37845
0.458888	1.65016	0.330033	1.37845
0.459235	1.73267	0.247525	1.37845
0.459337	1.73267	0.247525	1.37845
0.46029	1.73267	0.247525	1.50376
0.462395	1.73267	0.247525	1.50376
0.466328	1.73267	0.247525	1.50376
0.470518	1.73267	0.247525	1.50376
0.473951	1.73267	0.247525	1.50376
0.475805	1.77393	0.330033	1.50376
0.480615	1.85644	0.247525	1.50376
0.48124	1.85644	0.330033	1.50376
0.484844	1.85644	0.330033	1.62907
0.485662	1.85644	0.330033	1.62907
0.487468	1.93894	0.247525	1.62907
0.487549	1.93894	0.247525	1.75439
0.48891	1.93894	0.247525	1.75439
0.492088	1.93894	0.247525	1.75439
0.492874	1.93894	0.247525	1.75439
0.493495	1.93894	0.247525	1.75439
0.494735	1.93894	0.247525	1.75439
0.49516	1.9802	0.330033	1.75439
0.497459	2.06271	0.247525	1.75439
0.499674	2.10396	0.330033	1.75439
0.506549	2.10396	0.330033	1.75439
0.512394	2.18647	0.247525	1.75439
0.514588	2.22772	0.330033	1.75439
0.515008	2.31023	0.247525	1.75439
0.518758	2.31023	0.247525	1.75439
0.520883	2.31023	0.247525	1.75439
0.522278	2.31023	0.247525	1.75439
0.522687	2.31023	0.247525	1.75439
0.524823	2.31023	0.247525	1.75439
0.526268	2.31023	0.247525	1.75439
0.526567	2.35149	0.330033	1.75439
0.533115	2.43399	0.247525	1.75439
0.53319	2.43399	0.247525	1.75439
0.53379	2.47525	0.330033	1.75439
0.536555	2.47525	0.330033	1.75439
0.543157	2.55776	0.247525	1.75439
0.543294	2.59901	0.330033	1.75439
0.544311	2.68152	0.247525	1.75439
0.54444	2.68152	0.330033	1.75439
0.549848	2.76403	0.247525	1.75439
0.551234	2.76403	0.247525	1.8797
0.556636	2.80528	0.330033	1.8797
0.561941	2.88779	0.247525	1.8797
0.564234	2.88779	0.247525	1.8797
0.570374	2.88779	0.247525	1.8797
0.57487	2.88779	0.247525	1.8797
0.582928	2.88779	0.247525	1.8797
0.584637	2.88779	0.247525	1.8797
0.585663	2.92904	0.330033	1.8797
0.586208	3.01155	0.247525	1.8797
0.588582	3.01155	0.247525	1.8797
0.591572	3.01155	0.247525	1.8797
0.604284	3.01155	0.247525	1.8797
0.60463	3.01155	0.330033	1.8797
0.60602	3.05281	0.412541	1.8797
0.609579	3.13531	0.330033	1.8797
0.610698	3.13531	0.330033	1.8797
0.61348	3.13531	0.330033	1.8797
0.613668	3.13531	0.330033	1.8797
0.614569	3.13531	0.330033	2.00501
0.616053	3.13531	0.330033	2.00501
0.617087	3.13531	0.330033	2.00501
0.618553	3.13531	0.330033	2.00501
0.618869	3.13531	0.330033	2.00501
0.62398	3.13531	0.330033	2.00501
0.625337	3.17657	0.412541	2.00501
0.625414	3.17657	0.412541	2.00501
0.62713	3.25908	0.330033	2.00501
0.630653	3.25908	0.330033	2.00501
0.631055	3.25908	0.330033	2.00501
0.635724	3.25908	0.330033	2.00501
0.644779	3.25908	0.330033	2.00501
0.646247	3.25908	0.412541	2.00501
0.650302	3.25908	0.412541	2.00501
0.650951	3.25908	0.412541	2.00501
0.655388	3.25908	0.412541	2.00501
0.658838	3.25908	0.412541	2.00501
0.664542	3.25908	0.412541	2.00501
0.666273	3.25908	0.49505	2.00501
0.667319	3.25908	0.49505	2.00501
0.676773	3.25908	0.49505	2.00501
0.677548	3.25908	0.49505	2.00501
0.680027	3.25908	0.49505	2.00501
0.68353	3.25908	0.49505	2.00501
0.684553	3.25908	0.49505	2.13033
0.685383	3.25908	0.49505	2.13033
0.686348	3.25908	0.49505	2.13033
0.686792	3.25908	0.49505	2.13033
0.694861	3.25908	0.49505	2.13033
0.695434	3.25908	0.49505	2.13033
0.69691	3.25908	0.577558	2.13033
0.697747	3.25908	0.577558	2.13033
0.697857	3.25908	0.577558	2.13033
0.699768	3.25908	0.577558	2.13033
0.699865	3.25908	0.577558	2.13033
0.705848	3.25908	0.577558	2.13033
0.711002	3.25908	0.577558	2.13033
0.717276	3.25908	0.577558	2.13033
0.726698	3.25908	0.577558	2.13033
0.728682	3.25908	0.577558	2.13033
0.733333	3.25908	0.577558	2.13033
0.734501	3.30033	0.660066	2.13033
0.737211	3.38284	0.577558	2.13033
0.73877	3.38284	0.577558	2.13033
0.739289	3.38284	0.577558	2.25564
0.741035	3.38284	0.577558	2.25564
0.747776	3.38284	0.577558	2.25564
0.748893	3.38284	0.577558	2.25564
0.752241	3.38284	0.660066	2.25564
0.754125	3.38284	0.660066	2.38095
0.757314	3.38284	0.660066	2.38095
0.758684	3.38284	0.660066	2.38095
0.773653	3.38284	0.660066	2.38095
0.790559	3.38284	0.660066	2.38095
0.790717	3.38284	0.660066	2.38095
0.792359	3.38284	0.825082	2.38095
0.793407	3.46535	0.742574	2.38095
0.798569	3.54785	0.660066	2.38095
0.801443	3.54785	0.660066	2.38095
0.803867	3.54785	0.660066	2.50627
0.805623	3.54785	0.660066	2.50627
0.807587	3.54785	0.660066	2.50627
0.812124	3.54785	0.660066	2.50627
0.812503	3.54785	0.742574	2.50627
0.816872	3.54785	0.742574	2.50627
0.819724	3.54785	0.742574	2.63158
0.821774	3.54785	0.742574	2.63158
0.826277	3.54785	0.742574	2.63158
0.827133	3.54785	0.742574	2.63158
0.837192	3.54785	0.742574	2.63158
0.849591	3.54785	0.742574	2.63158
0.854276	3.54785	0.742574	2.63158
0.864401	3.54785	0.742574	2.63158
0.867639	3.54785	0.742574	2.63158
0.867753	3.58911	0.825082	2.63158
0.868137	3.67162	0.742574	2.63158
0.880464	3.67162	0.742574	2.63158
0.887071	3.67162	0.742574	2.63158
0.894372	3.67162	0.742574	2.63158
0.895916	3.67162	0.742574	2.63158
0.903826	3.67162	0.742574	2.63158
0.906094	3.67162	0.742574	2.75689
0.906341	3.67162	0.742574	2.88221
0.911614	3.67162	0.742574	2.88221
0.913716	3.67162	0.742574	2.88221
0.917828	3.67162	0.742574	2.88221
0.922868	3.67162	0.742574	2.88221
0.931388	3.67162	0.742574	2.88221
0.933166	3.67162	0.742574	3.13283
0.933812	3.67162	0.742574	3.13283
0.934152	3.71287	0.825082	3.13283
0.934368	3.71287	0.825082	3.13283
0.938448	3.79538	0.742574	3.13283
0.938932	3.79538	0.742574	3.25815
0.939236	3.79538	0.742574	3.25815
0.944914	3.79538	0.742574	3.25815
0.946815	3.79538	0.742574	3.25815
0.947371	3.79538	0.742574	3.38346
0.949871	3.79538	0.742574	3.50877
0.955858	3.79538	0.742574	3.50877
0.963752	3.79538	0.742574	3.50877
0.965537	3.79538	0.742574	3.50877
0.96874	3.79538	0.742574	3.50877
0.973552	3.79538	0.742574	3.50877
0.975925	3.79538	0.742574	3.50877
0.978181	3.79538	0.742574	3.50877
0.980149	3.79538	0.742574	3.50877
0.987185	3.79538	0.742574	3.50877
0.987376	3.79538	0.742574	3.63409
0.98887	3.79538	0.742574	3.63409
0.990234	3.79538	0.742574	3.63409
0.993961	3.79538	0.742574	3.63409
0.997506	3.79538	0.742574	3.63409
1.00073	3.79538	0.742574	3.63409
1.00678	3.79538	0.742574	3.63409
1.00731	3.83663	0.825082	3.63409
1.00737	3.83663	0.825082	3.63409
1.00822	3.91914	0.742574	3.63409
1.00848	3.91914	0.742574	3.63409
1.01043	3.91914	0.742574	3.63409
1.01765	3.91914	0.742574	3.63409
1.01783	3.91914	0.907591	3.63409
1.01798	3.91914	0.907591	3.7594
1.0211	4.00165	0.825082	3.7594
1.0216	4.00165	0.825082	3.7594
1.02965	4.08416	0.742574	3.7594
1.03905	4.08416	0.742574	3.88471
1.04149	4.08416	0.742574	3.88471
1.0426	4.08416	0.742574	3.88471
1.04588	4.08416	0.742574	4.01003
1.04675	4.08416	0.742574	4.01003
1.04677	4.08416	0.742574	4.01003
1.05153	4.08416	0.742574	4.01003
1.05447	4.12541	0.825082	4.01003
1.05587	4.20792	0.742574	4.01003
1.05638	4.20792	0.825082	4.01003
1.06215	4.29043	0.742574	4.01003
1.06389	4.29043	0.742574	4.01003
1.06901	4.29043	0.742574	4.13534
1.06917	4.29043	0.742574	4.13534
1.07776	4.29043	0.742574	4.13534
1.08529	4.29043	0.742574	4.13534
1.08653	4.29043	0.742574	4.13534
1.08692	4.29043	0.907591	4.13534
1.08787	4.37294	0.825082	4.13534
1.09491	4.37294	0.825082	4.13534
1.09984	4.37294	0.825082	4.13534
1.10287	4.37294	0.825082	4.13534
1.10438	4.41419	0.907591	4.13534
1.10601	4.41419	0.907591	4.13534
1.1084	4.41419	0.907591	4.26065
1.11072	4.4967	0.825082	4.26065
1.11592	4.4967	0.825082	4.26065
1.11968	4.4967	0.907591	4.26065
1.1202	4.4967	0.907591	4.26065
1.12668	4.4967	0.990099	4.26065
1.13235	4.57921	0.907591	4.26065
1.13375	4.57921	0.907591	4.26065
1.13384	4.57921	1.07261	4.26065
1.13445	4.66172	0.990099	4.26065
1.1368	4.66172	0.990099	4.26065
1.14617	4.74422	0.907591	4.26065
1.1468	4.82673	0.825082	4.26065
1.15017	4.82673	0.825082	4.38596
1.15667	4.82673	0.825082	4.38596
1.17116	4.82673	0.825082	4.38596
1.17392	4.82673	0.825082	4.38596
1.17617	4.82673	0.825082	4.38596
1.17923	4.82673	0.825082	4.38596
1.18428	4.82673	0.825082	4.38596
1.1871	4.82673	0.825082	4.38596
1.19148	4.82673	0.825082	4.38596
1.19334	4.82673	0.825082	4.51128
1.1935	4.86799	0.907591	4.51128
1.19447	4.90924	0.990099	4.51128
1.19449	4.99175	0.907591	4.51128
1.19956	5.07426	0.825082	4.51128
1.20424	5.07426	0.825082	4.63659
1.21209	5.07426	0.825082	4.63659
1.22525	5.07426	0.825082	4.63659
1.22855	5.07426	0.825082	4.63659
1.22911	5.07426	0.825082	4.63659
1.22966	5.07426	0.825082	4.63659
1.22983	5.07426	0.825082	4.63659
1.23441	5.07426	0.825082	4.7619
1.24824	5.07426	0.825082	4.7619
1.25291	5.07426	0.825082	4.7619
1.25806	5.07426	0.825082	4.7619
1.2599	5.07426	0.825082	4.88722
1.27081	5.07426	0.825082	4.88722
1.28176	5.07426	0.825082	4.88722
1.29058	5.07426	0.825082	5.13784
1.29148	5.07426	0.825082	5.26316
1.295	5.07426	0.825082	5.26316
1.29939	5.07426	0.825082	5.26316
1.30328	5.11551	0.907591	5.26316
1.30813	5.19802	0.825082	5.26316
1.30859	5.19802	0.907591	5.26316
1.30887	5.28053	0.825082	5.26316
1.3093	5.32178	0.907591	5.26316
1.31703	5.40429	0.825082	5.26316
1.31718	5.40429	0.990099	5.26316
1.31877	5.4868	0.907591	5.26316
1.3194	5.52805	0.990099	5.26316
1.32138	5.61056	0.907591	5.26316
1.32355	5.69307	0.825082	5.26316
1.33412	5.69307	0.825082	5.26316
1.34569	5.69307	0.825082	5.26316
1.34768	5.69307	0.825082	5.26316
1.34816	5.73432	0.907591	5.26316
1.35064	5.81683	0.825082	5.26316
1.35092	5.81683	0.990099	5.26316
1.35624	5.89934	0.907591	5.26316
1.3581	5.98185	0.825082	5.26316
1.36373	5.98185	0.825082	5.38847
1.36625	5.98185	0.825082	5.38847
1.38372	5.98185	0.825082	5.38847
1.39386	5.98185	0.825082	5.38847
1.39497	5.98185	0.825082	5.51378
1.39943	5.98185	0.825082	5.51378
1.40039	5.98185	0.825082	5.6391
1.40238	5.98185	0.907591	5.6391
1.40344	6.0231	0.990099	5.6391
1.40528	6.10561	0.907591	5.6391
1.4091	6.18812	0.825082	5.6391
1.41274	6.18812	0.825082	5.6391
1.41524	6.18812	0.825082	5.6391
1.4243	6.18812	0.825082	5.76441
1.43063	6.18812	0.825082	5.88972
1.43543	6.18812	0.825082	6.01504
1.43707	6.22937	0.907591	6.01504
1.43952	6.31188	0.825082	6.01504
1.44086	6.35314	0.907591	6.01504
1.44121	6.39439	0.990099	6.01504
1.4419	6.4769	0.907591	6.01504
1.45198	6.55941	0.825082	6.01504
1.45256	6.55941	0.907591	6.01504
1.45979	6.64191	0.825082	6.01504
1.4616	6.64191	0.907591	6.01504
1.46733	6.72442	0.825082	6.01504
1.46816	6.76568	0.907591	6.01504
1.46954	6.80693	0.990099	6.01504
1.4704	6.88944	0.907591	6.01504
1.47919	6.97195	0.825082	6.01504
1.47989	6.97195	0.825082	6.01504
1.47992	6.97195	0.825082	6.01504
1.48085	6.97195	0.825082	6.01504
1.48635	6.97195	0.825082	6.01504
1.48745	6.97195	0.825082	6.01504
1.49013	6.97195	0.825082	6.01504
1.49652	6.97195	0.825082	6.01504
1.50829	6.97195	0.825082	6.01504
1.51235	6.97195	0.825082	6.01504
1.51773	6.97195	0.825082	6.14035
1.52458	6.97195	0.825082	6.14035
1.53186	6.97195	0.825082	6.26566
1.54019	6.97195	0.825082	6.39098
1.54419	6.97195	0.825082	6.39098
1.54666	6.97195	0.825082	6.39098
1.55139	6.97195	0.825082	6.39098
1.56069	6.97195	0.825082	6.39098
1.56775	6.97195	0.825082	6.39098
1.57836	6.97195	0.825082	6.39098
1.58138	6.97195	0.825082	6.39098
1.5828	6.97195	0.907591	6.39098
1.58305	6.97195	0.990099	6.39098
1.58343	6.97195	0.990099	6.39098
1.59074	6.97195	0.990099	6.39098
1.59249	6.97195	0.990099	6.39098
1.59724	7.05446	0.907591	6.39098
1.60183	7.05446	0.907591	6.39098
1.62038	7.13696	0.825082	6.39098
1.62439	7.13696	0.825082	6.39098
1.62557	7.13696	0.825082	6.39098
1.62725	7.13696	0.825082	6.51629
1.65391	7.13696	0.825082	6.6416
1.65403	7.13696	0.990099	6.6416
1.65465	7.21947	0.907591	6.6416
1.66744	7.30198	0.825082	6.6416
1.67143	7.30198	0.825082	6.89223
1.67312	7.30198	0.825082	6.89223
1.67397	7.34323	0.907591	6.89223
1.68768	7.42574	0.825082	6.89223
1.68774	7.467	0.907591	6.89223
1.68862	7.5495	0.825082	6.89223
1.69103	7.5495	0.825082	6.89223
1.69573	7.5495	0.825082	6.89223
1.70211	7.5495	0.825082	7.01754
1.70306	7.5495	0.990099	7.01754
1.70507	7.63201	0.907591	7.01754
1.71579	7.71452	0.825082	7.01754
1.71956	7.71452	0.825082	7.01754
1.72272	7.71452	0.825082	7.01754
1.73259	7.71452	0.825082	7.14286
1.74062	7.71452	0.907591	7.14286
1.74557	7.71452	0.907591	7.14286
1.75017	7.71452	0.907591	7.26817
1.75326	7.75578	0.990099	7.26817
1.7584	7.83828	0.907591	7.26817
1.76004	7.83828	0.907591	7.26817
1.78169	7.83828	0.907591	7.26817
1.78217	7.87954	0.990099	7.26817
1.78352	7.96205	0.907591	7.26817
1.786	8.04455	0.825082	7.26817
1.78672	8.04455	0.990099	7.26817
1.78677	8.12706	0.907591	7.26817
1.79441	8.20957	0.825082	7.26817
1.79879	8.20957	0.825082	7.26817
1.79925	8.25082	0.907591	7.26817
1.80266	8.33333	0.825082	7.26817
1.81116	8.33333	0.825082	7.26817
1.82053	8.33333	0.825082	7.39348
1.82775	8.33333	0.825082	7.39348
1.84846	8.33333	0.825082	7.39348
1.85583	8.33333	0.907591	7.39348
1.86131	8.33333	0.907591	7.39348
1.86324	8.33333	0.907591	7.39348
1.86683	8.33333	0.907591	7.39348
1.89165	8.33333	0.907591	7.39348
1.89388	8.33333	0.907591	7.39348
1.90619	8.33333	0.907591	7.39348
1.91027	8.33333	0.907591	7.39348
1.91851	8.41584	0.825082	7.39348
1.93292	8.41584	0.825082	7.39348
1.93857	8.41584	0.825082	7.39348
1.95478	8.41584	0.825082	7.39348
1.96469	8.41584	0.825082	7.39348
1.96501	8.41584	0.825082	7.39348
1.98398	8.41584	0.907591	7.39348
1.98495	8.41584	1.07261	7.39348
1.98729	8.49835	0.990099	7.39348
1.98813	8.49835	0.990099	7.39348
1.99666	8.58086	0.907591	7.39348
1.99818	8.58086	0.907591	7.39348
2.00002	8.58086	0.907591	7.39348
2.00017	8.58086	0.907591	7.39348
2.01325	8.58086	0.907591	7.39348
2.01776	8.58086	0.990099	7.39348
2.01947	8.66337	0.907591	7.39348
2.02268	8.66337	0.907591	7.5188
2.03343	8.66337	0.907591	7.76942
2.03454	8.70462	0.990099	7.76942
2.04012	8.78713	0.907591	7.76942
2.04504	8.78713	0.907591	7.76942
2.04837	8.78713	0.907591	7.89474
2.06418	8.78713	0.907591	7.89474
2.08012	8.78713	0.990099	7.89474
2.08103	8.82838	1.07261	7.89474
2.08475	8.91089	0.990099	7.89474
2.08947	8.95215	1.07261	7.89474
2.09161	9.03465	0.990099	7.89474
2.09248	9.03465	0.990099	7.89474
2.10021	9.03465	0.990099	7.89474
2.1047	9.03465	0.990099	8.14536
2.10767	9.11716	0.907591	8.14536
2.10867	9.11716	0.990099	8.14536
2.11744	9.11716	0.990099	8.14536
2.13626	9.11716	0.990099	8.27068
2.13643	9.11716	0.990099	8.27068
2.15396	9.11716	0.990099	8.39599
2.17923	9.11716	0.990099	8.5213
2.1898	9.11716	0.990099	8.5213
2.19757	9.11716	0.990099	8.64662
2.19785	9.11716	0.990099	8.64662
2.20487	9.11716	0.990099	8.64662
2.20511	9.15842	1.07261	8.64662
2.20882	9.24092	0.990099	8.64662
2.21105	9.24092	0.990099	8.64662
2.21868	9.24092	0.990099	8.64662
2.2293	9.24092	1.07261	8.64662
2.23316	9.32343	0.990099	8.64662
2.23447	9.36469	1.07261	8.64662
2.24186	9.4472	0.990099	8.64662
2.25193	9.4472	0.990099	8.64662
2.25451	9.4472	0.990099	8.64662
2.2691	9.4472	0.990099	8.64662
2.26943	9.4472	1.07261	8.64662
2.27913	9.5297	0.990099	8.64662
2.27918	9.57096	1.07261	8.64662
2.28597	9.57096	1.07261	8.64662
2.28619	9.65347	0.990099	8.64662
2.29265	9.65347	0.990099	8.77193
2.29585	9.65347	0.990099	8.77193
2.3014	9.65347	1.07261	8.77193
2.30822	9.65347	1.07261	8.77193
2.3083	9.65347	1.15512	8.77193
2.30885	9.73597	1.07261	8.77193
2.32267	9.73597	1.07261	8.77193
2.32306	9.73597	1.07261	8.77193
2.32348	9.73597	1.23762	8.77193
2.32352	9.81848	1.15512	8.77193
2.32393	9.90099	1.07261	8.77193
2.33327	9.90099	1.07261	8.77193
2.33781	9.90099	1.07261	8.77193
2.33874	9.94224	1.15512	8.77193
2.34178	10.0248	1.07261	8.77193
2.35419	10.0248	1.07261	8.77193
2.35737	10.0248	1.15512	8.77193
2.36354	10.0248	1.15512	8.77193
2.37348	10.0248	1.15512	8.77193
2.37778	10.0248	1.15512	8.77193
2.38526	10.0248	1.15512	9.02256
2.39306	10.0248	1.15512	9.02256
2.39522	10.0248	1.15512	9.14787
2.40086	10.1073	1.07261	9.14787
2.40227	10.1073	1.07261	9.27318
2.4231	10.1073	1.07261	9.3985
2.43139	10.1073	1.07261	9.3985
2.4314	10.1073	1.07261	9.3985
2.45058	10.1073	1.15512	9.3985
2.45575	10.1073	1.15512	9.52381
2.48766	10.1073	1.15512	9.64912
2.49142	10.1073	1.15512	9.64912
2.49235	10.1073	1.15512	9.64912
2.50091	10.1073	1.15512	9.64912
2.50209	10.1073	1.15512	9.64912
2.50312	10.1073	1.23762	9.64912
2.51105	10.1898	1.15512	9.64912
2.51662	10.2723	1.07261	9.64912
2.52202	10.2723	1.07261	9.77444
2.52285	10.2723	1.23762	9.77444
2.52628	10.3548	1.15512	9.77444
2.54159	10.4373	1.07261	9.77444
2.54645	10.4373	1.07261	9.77444
2.54664	10.4785	1.15512	9.77444
2.54781	10.5611	1.07261	9.77444
2.55741	10.5611	1.07261	9.89975
2.55751	10.6023	1.15512	9.89975
2.56206	10.6848	1.07261	9.89975
2.5648	10.6848	1.07261	10.0251
2.56551	10.6848	1.07261	10.1504
2.56609	10.6848	1.07261	10.2757
2.56686	10.7673	0.990099	10.2757
2.56792	10.8086	1.07261	10.2757
2.5699	10.8911	0.990099	10.2757
2.57329	10.8911	0.990099	10.2757
2.57507	10.8911	0.990099	10.2757
2.57708	10.8911	1.07261	10.2757
2.57755	10.9736	0.990099	10.2757
2.57779	11.0561	0.907591	10.2757
2.5787	11.0561	0.907591	10.2757
2.60272	11.0561	0.907591	10.2757
2.60296	11.0974	0.990099	10.2757
2.605	11.1799	0.907591	10.2757
2.60579	11.1799	0.907591	10.2757
2.61862	11.2624	0.825082	10.2757
2.63077	11.2624	0.825082	10.2757
2.63336	11.2624	0.825082	10.401
2.63705	11.2624	0.825082	10.5263
2.64966	11.3449	0.742574	10.5263
2.66511	11.3449	0.742574	10.5263
2.66568	11.3861	0.825082	10.5263
2.67071	11.4686	0.742574	10.5263
2.67851	11.4686	0.742574	10.6516
2.6871	11.4686	0.742574	10.9023
2.699	11.4686	0.742574	10.9023
2.70813	11.4686	0.742574	11.0276
2.71568	11.4686	0.742574	11.1529
2.74299	11.4686	0.742574	11.1529
2.75888	11.4686	0.742574	11.1529
2.76113	11.4686	0.742574	11.2782
2.77231	11.4686	0.742574	11.4035
2.78653	11.4686	0.742574	11.4035
2.79998	11.4686	0.742574	11.5288
2.8109	11.4686	0.742574	11.6541
2.81808	11.4686	0.742574	11.6541
2.8187	11.5099	0.825082	11.6541
2.81899	11.5099	0.825082	11.7794
2.8209	11.5924	0.742574	11.7794
2.82276	11.6337	0.825082	11.7794
2.82487	11.7162	0.742574	11.7794
2.82542	11.7574	0.825082	11.7794
2.84124	11.8399	0.742574	11.7794
2.84478	11.8399	0.742574	11.9048
2.85559	11.8399	0.742574	12.0301
2.85876	11.8812	0.825082	12.0301
2.85979	11.8812	0.825082	12.0301
2.86028	11.8812	0.907591	12.0301
2.86273	11.9637	0.825082	12.0301
2.8843	12.0462	0.742574	12.0301
2.89265	12.0462	0.742574	12.0301
2.89426	12.0462	0.825082	12.0301
2.90104	12.0462	0.825082	12.0301
2.90116	12.0875	0.907591	12.0301
2.9019	12.0875	0.907591	12.0301
2.90478	12.17	0.825082	12.0301
2.92001	12.17	0.825082	12.0301
2.92019	12.2112	0.907591	12.0301
2.92463	12.2937	0.825082	12.0301
2.92592	12.2937	0.990099	12.0301
2.92612	12.3762	0.907591	12.0301
2.93498	12.4587	0.825082	12.0301
2.93616	12.5413	0.742574	12.0301
2.93818	12.5413	0.742574	12.0301
2.94932	12.5413	0.742574	12.1554
2.95091	12.5825	0.825082	12.1554
2.95597	12.665	0.742574	12.1554
2.97159	12.665	0.742574	12.1554
2.97429	12.7063	0.825082	12.1554
2.9764	12.7888	0.742574	12.1554
2.98357	12.7888	0.742574	12.406
2.99248	12.7888	0.742574	12.406
2.99521	12.7888	0.742574	12.406
2.99588	12.7888	0.742574	12.5313
2.99612	12.83	0.825082	12.5313
2.99873	12.9125	0.742574	12.5313
3.0207	12.995	0.660066	12.5313
3.02772	12.995	0.660066	12.6566
3.0308	12.995	0.660066	12.782
3.03162	13.0363	0.742574	12.782
3.03732	13.1188	0.660066	12.782
3.04074	13.1601	0.742574	12.782
3.04081	13.1601	0.907591	12.782
3.04227	13.2426	0.825082	12.782
3.04673	13.3251	0.742574	12.782
3.06646	13.4076	0.660066	12.782
3.06656	13.4076	0.825082	12.782
3.06956	13.4901	0.742574	12.782
3.06987	13.4901	0.742574	12.9073
3.10392	13.5726	0.660066	12.9073
3.15082	13.5726	0.660066	13.0326
3.15097	13.6139	0.742574	13.0326
3.15212	13.6964	0.660066	13.0326
3.15839	13.6964	0.660066	13.0326
3.16605	13.6964	0.660066	13.1579
3.16894	13.6964	0.660066	13.2832
3.16922	13.6964	0.825082	13.2832
3.17157	13.7789	0.742574	13.2832
3.17651	13.8614	0.660066	13.2832
3.17769	13.9026	0.742574	13.2832
3.18814	13.9851	0.660066	13.2832
3.18953	14.0264	0.742574	13.2832
3.20833	14.1089	0.660066	13.2832
3.22468	14.1089	0.660066	13.4085
3.2253	14.1089	0.660066	13.4085
3.24712	14.1089	0.660066	13.4085
3.2672	14.1089	0.660066	13.5338
3.26987	14.1502	0.742574	13.5338
3.27102	14.2327	0.660066	13.5338
3.27331	14.3152	0.577558	13.5338
3.30236	14.3152	0.577558	13.5338
3.33317	14.3152	0.660066	13.5338
3.33416	14.3152	0.660066	13.6591
3.33608	14.3152	0.825082	13.6591
3.33726	14.3977	0.742574	13.6591
3.35499	14.4802	0.660066	13.6591
3.36723	14.4802	0.742574	13.6591
3.36758	14.4802	0.825082	13.6591
3.38609	14.5627	0.742574	13.6591
3.38786	14.5627	0.742574	13.7845
3.40539	14.5627	0.742574	13.7845
3.41914	14.5627	0.742574	13.9098
3.42211	14.6452	0.660066	13.9098
3.45521	14.6452	0.660066	13.9098
3.45562	14.6865	0.742574	13.9098
3.46266	14.769	0.660066	13.9098
3.4629	14.8102	0.742574	13.9098
3.46333	14.8927	0.660066	13.9098
3.46702	14.8927	0.660066	14.0351
3.47099	14.934	0.742574	14.0351
3.47524	15.0165	0.660066	14.0351
3.47891	15.0165	0.660066	14.1604
3.47926	15.0165	0.742574	14.1604
3.48161	15.099	0.660066	14.1604
3.48403	15.099	0.742574	14.1604
3.55448	15.1815	0.660066	14.1604
3.55554	15.2228	0.742574	14.1604
3.56368	15.3053	0.660066	14.1604
3.56696	15.3053	0.742574	14.1604
3.57142	15.3878	0.660066	14.1604
3.58542	15.3878	0.660066	14.2857
3.59057	15.429	0.742574	14.2857
3.60028	15.5116	0.660066	14.2857
3.60062	15.5116	0.660066	14.411
3.60368	15.5116	0.660066	14.411
3.60428	15.5116	0.825082	14.411
3.60507	15.5941	0.742574	14.411
3.60602	15.6766	0.660066	14.411
3.62374	15.6766	0.660066	14.5363
3.62482	15.6766	0.742574	14.5363
3.65772	15.6766	0.742574	14.5363
3.65825	15.7178	0.825082	14.5363
3.66816	15.8003	0.742574	14.5363
3.6928	15.8003	0.742574	14.5363
3.69542	15.8416	0.825082	14.5363
3.70601	15.9241	0.742574	14.5363
3.70605	15.9653	0.825082	14.5363
3.70837	16.0479	0.742574	14.5363
3.71065	16.0479	0.742574	14.5363
3.71731	16.0479	0.742574	14.6617
3.72281	16.0479	0.742574	14.787
3.7242	16.0479	0.742574	14.9123
3.72499	16.0479	0.742574	15.0376
3.73036	16.0479	0.742574	15.0376
3.731	16.0479	0.742574	15.0376
3.74749	16.0479	0.742574	15.1629
3.75448	16.0479	0.742574	15.2882
3.75482	16.0479	0.907591	15.2882
3.756	16.0479	0.907591	15.4135
3.75643	16.1304	0.825082	15.4135
3.77229	16.2129	0.742574	15.4135
3.77251	16.2129	0.907591	15.4135
3.77258	16.2954	0.825082	15.4135
3.77434	16.3779	0.742574	15.4135
3.79193	16.3779	0.742574	15.5388
3.81345	16.3779	0.742574	15.5388
3.81847	16.4191	0.825082	15.5388
3.82938	16.5016	0.742574	15.5388
3.83225	16.5429	0.825082	15.5388
3.8335	16.5429	0.825082	15.5388
3.84166	16.6254	0.742574	15.5388
3.84195	16.6254	0.742574	15.6642
3.86661	16.6254	0.742574	15.6642
3.86705	16.6254	0.907591	15.6642
3.86818	16.7079	0.825082	15.6642
3.86997	16.7904	0.742574	15.6642
3.8732	16.8317	0.825082	15.6642
3.90409	16.9142	0.742574	15.6642
3.90875	16.9967	0.660066	15.6642
3.93276	16.9967	0.660066	15.9148
3.93517	16.9967	0.660066	16.0401
3.94467	16.9967	0.660066	16.1654
3.94919	16.9967	0.742574	16.1654
3.94973	16.9967	0.825082	16.1654
3.95493	17.0792	0.742574	16.1654
3.95661	17.0792	0.907591	16.1654
3.95938	17.0792	0.907591	16.416
3.96002	17.1617	0.825082	16.416
3.96084	17.2442	0.742574	16.416
3.96431	17.3267	0.660066	16.416
3.98326	17.3267	0.660066	16.5414
3.99391	17.3267	0.660066	16.6667
4.00206	17.3267	0.660066	16.792
4.01015	17.3267	0.660066	16.9173
4.01366	17.368	0.742574	16.9173
4.02671	17.4505	0.660066	16.9173
4.02736	17.4505	0.660066	17.0426
4.02751	17.4505	0.742574	17.0426
4.03134	17.533	0.660066	17.0426
4.05762	17.533	0.660066	17.0426
4.10257	17.533	0.660066	17.1679
4.10407	17.533	0.660066	17.2932
4.10668	17.533	0.825082	17.2932
4.1116	17.6155	0.742574	17.2932
4.11836	17.6155	0.742574	17.4185
4.13398	17.6155	0.742574	17.5439
4.13498	17.6155	0.907591	17.5439
4.13522	17.698	0.825082	17.5439
4.13723	17.698	0.825082	17.6692
4.17359	17.7805	0.742574	17.6692
4.18183	17.7805	0.742574	17.6692
4.1892	17.863	0.660066	17.6692
4.19339	17.863	0.660066	17.7945
4.22515	17.863	0.660066	17.9198
4.22541	17.9455	0.577558	17.9198
4.22993	17.9455	0.577558	18.0451
4.23071	17.9455	0.577558	18.1704
4.24239	17.9455	0.577558	18.2957
4.24339	17.9455	0.577558	18.4211
4.26519	17.9455	0.577558	18.5464
4.27621	17.9455	0.660066	18.5464
4.28211	17.9455	0.660066	18.5464
4.28256	17.9868	0.742574	18.5464
4.28488	18.0693	0.660066	18.5464
4.29902	18.0693	0.660066	18.6717
4.29948	18.1106	0.742574	18.6717
4.34179	18.1931	0.660066	18.6717
4.3439	18.2343	0.742574	18.6717
4.34723	18.3168	0.660066	18.6717
4.36082	18.3168	0.660066	18.797
4.37286	18.3993	0.577558	18.797
4.39408	18.3993	0.577558	18.797
4.39951	18.3993	0.577558	18.9223
4.42575	18.3993	0.577558	19.0476
4.42937	18.4406	0.660066	19.0476
4.44086	18.5231	0.577558	19.0476
4.44107	18.5644	0.660066	19.0476
4.4417	18.6469	0.577558	19.0476
4.44229	18.6881	0.660066	19.0476
4.44231	18.6881	0.660066	19.2982
4.46146	18.7706	0.577558	19.2982
4.46178	18.7706	0.660066	19.2982
4.49807	18.8531	0.577558	19.2982
4.50457	18.8531	0.577558	19.4236
4.51267	18.8531	0.577558	19.5489
4.52685	18.8531	0.577558	19.6742
4.52774	18.8944	0.660066	19.6742
4.53024	18.9769	0.577558	19.6742
4.53926	18.9769	0.577558	19.7995
4.53933	18.9769	0.742574	19.7995
4.54024	19.0594	0.660066	19.7995
4.54436	19.1419	0.577558	19.7995
4.54568	19.1419	0.742574	19.7995
4.54793	19.2244	0.660066	19.7995
4.59631	19.3069	0.577558	19.7995
4.59641	19.3069	0.577558	19.9248
4.59794	19.3482	0.660066	19.9248
4.62195	19.4307	0.577558	19.9248
4.62282	19.4307	0.742574	19.9248
4.62423	19.5132	0.660066	19.9248
4.63044	19.5957	0.577558	19.9248
4.63801	19.5957	0.577558	20.0501
4.64492	19.5957	0.577558	20.1754
4.64604	19.637	0.660066	20.1754
4.65984	19.7195	0.577558	20.1754
4.66008	19.7195	0.742574	20.1754
4.66056	19.802	0.660066	20.1754
4.67504	19.8845	0.577558	20.1754
4.67595	19.8845	0.577558	20.3008
4.73808	19.8845	0.577558	20.4261
4.7398	19.967	0.49505	20.4261
4.75633	19.967	0.49505	20.4261
4.77034	19.967	0.49505	20.5514
4.7715	20.0083	0.577558	20.5514
4.77225	20.0908	0.49505	20.5514
4.77297	20.0908	0.577558	20.5514
4.77827	20.0908	0.577558	20.802
4.81577	20.0908	0.577558	20.9273
4.83368	20.1733	0.49505	20.9273
4.84612	20.1733	0.49505	20.9273
4.8466	20.1733	0.49505	21.0526
4.86211	20.1733	0.49505	21.3033
4.87568	20.1733	0.49505	21.4286
4.88964	20.1733	0.49505	21.5539
4.88985	20.2145	0.577558	21.5539
4.90169	20.2145	0.577558	21.5539
4.91862	20.297	0.49505	21.5539
4.93609	20.297	0.49505	21.6792
4.93624	20.297	0.49505	21.6792
4.9383	20.3383	0.577558	21.6792
4.94869	20.4208	0.49505	21.6792
4.95148	20.462	0.577558	21.6792
4.96485	20.5446	0.49505	21.6792
5.00048	20.5446	0.49505	21.9298
5.01014	20.5446	0.49505	21.9298
5.01536	20.5446	0.49505	22.0551
5.01727	20.5858	0.577558	22.0551
5.02974	20.6683	0.49505	22.0551
5.03904	20.6683	0.49505	22.1805
5.04042	20.7096	0.577558	22.1805
5.06006	20.7921	0.49505	22.1805
5.06069	20.7921	0.49505	22.3058
5.08462	20.7921	0.49505	22.3058
5.11709	20.7921	0.49505	22.4311
5.1192	20.8333	0.577558	22.4311
5.11936	20.9158	0.49505	22.4311
5.11988	20.9158	0.49505	22.5564
5.11998	20.9571	0.577558	22.5564
5.15048	21.0396	0.49505	22.5564
5.16834	21.0396	0.49505	22.6817
5.21471	21.0396	0.49505	22.6817
5.22323	21.0396	0.49505	22.807
5.28411	21.0396	0.49505	22.9323
5.31842	21.0396	0.49505	23.0576
5.32002	21.0396	0.660066	23.0576
5.32133	21.1221	0.577558	23.0576
5.37147	21.2046	0.49505	23.0576
5.37261	21.2459	0.577558	23.0576
5.42528	21.3284	0.49505	23.0576
5.42952	21.3284	0.49505	23.183
5.43107	21.3284	0.660066	23.183
5.43859	21.4109	0.577558	23.183
5.44779	21.4934	0.49505	23.183
5.44909	21.5347	0.577558	23.183
5.46331	21.6172	0.49505	23.183
5.46433	21.6172	0.49505	23.3083
5.46628	21.6584	0.577558	23.3083
5.47055	21.7409	0.49505	23.3083
5.47176	21.7409	0.660066	23.3083
5.47198	21.8234	0.577558	23.3083
5.49937	21.9059	0.49505	23.3083
5.53621	21.9059	0.49505	23.3083
5.54215	21.9059	0.49505	23.4336
5.55003	21.9059	0.49505	23.5589
5.55221	21.9059	0.660066	23.5589
5.55593	21.9884	0.577558	23.5589
5.56879	22.071	0.49505	23.5589
5.58369	22.071	0.49505	23.6842
5.58458	22.1122	0.577558	23.6842
5.58813	22.1947	0.49505	23.6842
5.61555	22.2772	0.412541	23.6842
5.63602	22.2772	0.412541	23.8095
5.66011	22.2772	0.412541	23.8095
5.66055	22.2772	0.412541	23.9348
5.66301	22.3185	0.49505	23.9348
5.67288	22.401	0.412541	23.9348
5.67438	22.401	0.412541	24.0602
5.695	22.401	0.412541	24.1855
5.69503	22.401	0.412541	24.3108
5.69678	22.4422	0.49505	24.3108
5.70446	22.5248	0.412541	24.3108
5.70771	22.5248	0.49505	24.3108
5.70996	22.6073	0.412541	24.3108
5.71005	22.6485	0.49505	24.3108
5.73172	22.731	0.412541	24.3108
5.73206	22.7723	0.49505	24.3108
5.77117	22.8548	0.412541	24.3108
5.78436	22.8548	0.412541	24.5614
5.79302	22.8548	0.412541	24.6867
5.85893	22.8548	0.412541	24.6867
5.89578	22.8548	0.412541	24.812
5.90041	22.896	0.49505	24.812
5.92146	22.9785	0.412541	24.812
5.92232	22.9785	0.49505	24.812
5.92237	23.0198	0.577558	24.812
5.92343	23.1023	0.49505	24.812
5.95329	23.1848	0.412541	24.812
5.95344	23.2261	0.49505	24.812
5.95392	23.2261	0.49505	24.9373
5.95507	23.3086	0.412541	24.9373
5.95557	23.3498	0.49505	24.9373
5.96009	23.4323	0.412541	24.9373
5.98498	23.4323	0.412541	25.0627
6.0064	23.4323	0.412541	25.188
6.01262	23.5149	0.330033	25.188
6.01288	23.5149	0.412541	25.188
6.01356	23.5974	0.330033	25.188
6.01545	23.5974	0.49505	25.188
6.01732	23.6799	0.412541	25.188
6.02246	23.7624	0.330033	25.188
6.0335	23.7624	0.330033	25.3133
6.04963	23.7624	0.330033	25.4386
6.04969	23.8036	0.412541	25.4386
6.05328	23.8861	0.330033	25.4386
6.0689	23.8861	0.330033	25.4386
6.06949	23.8861	0.49505	25.4386
6.07026	23.9686	0.412541	25.4386
6.07457	24.0512	0.330033	25.4386
6.07968	24.0924	0.412541	25.4386
6.09353	24.1749	0.330033	25.4386
6.10192	24.1749	0.330033	25.5639
6.12526	24.1749	0.330033	25.5639
6.12536	24.1749	0.330033	25.6892
6.13236	24.1749	0.330033	25.9398
6.13441	24.1749	0.412541	25.9398
6.15285	24.2574	0.330033	25.9398
6.15574	24.2574	0.330033	26.0652
6.15602	24.2987	0.412541	26.0652
6.16327	24.3812	0.330033	26.0652
6.1639	24.3812	0.412541	26.0652
6.16576	24.4637	0.330033	26.0652
6.16624	24.5049	0.412541	26.0652
6.17503	24.5875	0.330033	26.0652
6.17594	24.6287	0.412541	26.0652
6.17607	24.67	0.49505	26.0652
6.17612	24.7525	0.412541	26.0652
6.19346	24.835	0.330033	26.0652
6.20854	24.835	0.330033	26.1905
6.23404	24.835	0.330033	26.3158
6.27261	24.835	0.330033	26.4411
6.30216	24.835	0.330033	26.5664
6.30315	24.8762	0.412541	26.5664
6.30827	24.8762	0.412541	26.6917
6.31849	24.9587	0.330033	26.6917
6.3187	24.9587	0.412541	26.6917
6.34086	25.0413	0.330033	26.6917
6.41667	25.0413	0.412541	26.6917
6.42221	25.0825	0.49505	26.6917
6.45536	25.165	0.412541	26.6917
6.45594	25.165	0.577558	26.6917
6.45829	25.2475	0.49505	26.6917
6.46727	25.33	0.412541	26.6917
6.50401	25.33	0.412541	26.817
6.5339	25.33	0.412541	26.9424
6.54325	25.33	0.412541	27.0677
6.5505	25.33	0.412541	27.193
6.55573	25.33	0.412541	27.3183
6.55598	25.33	0.577558	27.3183
6.55703	25.4125	0.49505	27.3183
6.55705	25.4125	0.49505	27.4436
6.58676	25.4951	0.412541	27.4436
6.61216	25.4951	0.412541	27.5689
6.61356	25.5363	0.49505	27.5689
6.63482	25.6188	0.412541	27.5689
6.63564	25.6188	0.412541	27.5689
6.63725	25.6601	0.49505	27.5689
6.6597	25.7426	0.412541	27.5689
6.6611	25.8251	0.330033	27.5689
6.73641	25.8251	0.330033	27.6942
6.73878	25.8663	0.412541	27.6942
6.75323	25.9488	0.330033	27.6942
6.78127	25.9488	0.330033	27.8195
6.8081	25.9488	0.330033	27.9449
6.81719	25.9488	0.330033	28.1955
6.8608	25.9488	0.330033	28.3208
6.8624	25.9488	0.49505	28.3208
6.86243	26.0314	0.412541	28.3208
6.8709	26.1139	0.330033	28.3208
6.87487	26.1551	0.412541	28.3208
6.87662	26.2376	0.330033	28.3208
6.95434	26.3201	0.247525	28.3208
6.95764	26.3201	0.247525	28.4461
6.96953	26.3201	0.247525	28.5714
7.01557	26.3201	0.247525	28.6967
7.01955	26.3201	0.330033	28.6967
7.11588	26.4026	0.247525	28.6967
7.11672	26.4026	0.330033	28.6967
7.13835	26.4851	0.247525	28.6967
7.15759	26.4851	0.247525	28.8221
7.15768	26.4851	0.412541	28.8221
7.16169	26.5677	0.330033	28.8221
7.21446	26.6502	0.247525	28.8221
7.22397	26.6502	0.247525	28.9474
7.26106	26.6502	0.247525	28.9474
7.27036	26.6502	0.247525	29.198
7.27656	26.6502	0.247525	29.3233
7.27762	26.6914	0.330033	29.3233
7.28948	26.7739	0.247525	29.3233
7.2897	26.8152	0.330033	29.3233
7.2915	26.8977	0.247525	29.3233
7.34168	26.9802	0.165017	29.3233
7.34339	26.9802	0.330033	29.3233
7.34371	27.0627	0.247525	29.3233
7.34413	27.0627	0.247525	29.5739
7.48217	27.1452	0.165017	29.5739
7.50528	27.1452	0.165017	29.6992
7.50734	27.1452	0.165017	29.8246
7.51193	27.1865	0.247525	29.8246
7.52084	27.269	0.165017	29.8246
7.52131	27.269	0.330033	29.8246
7.52605	27.3515	0.247525	29.8246
7.54548	27.434	0.165017	29.8246
7.55142	27.434	0.165017	29.9499
7.55926	27.4752	0.247525	29.9499
7.58873	27.5578	0.165017	29.9499
7.58952	27.5578	0.330033	29.9499
7.58973	27.6403	0.247525	29.9499
7.6135	27.7228	0.165017	29.9499
7.61411	27.7228	0.330033	29.9499
7.61606	27.8053	0.247525	29.9499
7.67444	27.8878	0.165017	29.9499
7.72346	27.8878	0.165017	30.0752
7.75992	27.8878	0.165017	30.0752
7.78447	27.8878	0.165017	30.2005
7.81695	27.8878	0.165017	30.2005
7.81952	27.929	0.247525	30.2005
7.82067	28.0116	0.165017	30.2005
7.82161	28.0528	0.247525	30.2005
7.82228	28.1353	0.165017	30.2005
7.82317	28.1353	0.165017	30.3258
7.82318	28.1766	0.247525	30.3258
7.85477	28.2591	0.165017	30.3258
7.90022	28.2591	0.165017	30.4511
7.94014	28.2591	0.165017	30.5764
7.9659	28.2591	0.165017	30.7018
7.96593	28.3003	0.247525	30.7018
7.987	28.3828	0.165017	30.7018
7.98789	28.4241	0.247525	30.7018
8.01087	28.5066	0.165017	30.7018
8.01224	28.5066	0.330033	30.7018
8.01377	28.5891	0.247525	30.7018
8.01455	28.5891	0.412541	30.7018
8.01645	28.6716	0.330033	30.7018
8.01801	28.7541	0.247525	30.7018
8.06742	28.8366	0.165017	30.7018
8.08663	28.8366	0.165017	30.8271
8.08894	28.8779	0.247525	30.8271
8.09556	28.9604	0.165017	30.8271
8.09671	29.0016	0.247525	30.8271
8.09841	29.0016	0.247525	30.9524
8.1123	29.0842	0.165017	30.9524
8.14112	29.0842	0.165017	31.0777
8.14216	29.1254	0.247525	31.0777
8.14509	29.2079	0.165017	31.0777
8.14851	29.2492	0.247525	31.0777
8.15588	29.3317	0.165017	31.0777
8.15934	29.3729	0.247525	31.0777
8.18156	29.4554	0.165017	31.0777
8.1833	29.4967	0.247525	31.0777
8.1841	29.5792	0.165017	31.0777
8.18595	29.5792	0.247525	31.0777
8.19824	29.6617	0.165017	31.0777
8.24306	29.6617	0.165017	31.203
8.24414	29.6617	0.330033	31.203
8.24762	29.7442	0.247525	31.203
8.25312	29.8267	0.165017	31.203
8.2538	29.868	0.247525	31.203
8.27473	29.9505	0.165017	31.203
8.2796	29.9505	0.165017	31.203
8.281	29.9505	0.165017	31.3283
8.32321	29.9505	0.165017	31.4536
8.32399	29.9917	0.247525	31.4536
8.33746	30.0743	0.165017	31.4536
8.41951	30.0743	0.165017	31.5789
8.43017	30.0743	0.165017	31.7043
8.43744	30.0743	0.165017	31.8296
8.49817	30.0743	0.165017	31.9549
8.55909	30.0743	0.165017	31.9549
8.58191	30.0743	0.165017	32.0802
8.58244	30.1155	0.247525	32.0802
8.59789	30.1155	0.247525	32.2055
8.61452	30.1155	0.247525	32.3308
8.61674	30.1155	0.247525	32.4561
8.65386	30.1155	0.247525	32.5815
8.65435	30.1568	0.330033	32.5815
8.69409	30.2393	0.247525	32.5815
8.71285	30.2393	0.247525	32.7068
8.81346	30.2393	0.247525	32.8321
8.81702	30.2805	0.330033	32.8321
8.84474	30.363	0.247525	32.8321
8.84531	30.4043	0.330033	32.8321
8.85987	30.4868	0.247525	32.8321
8.86242	30.4868	0.247525	32.9574
8.90134	30.4868	0.247525	33.0827
8.92871	30.4868	0.247525	33.3333
8.92874	30.4868	0.330033	33.3333
8.94504	30.5693	0.247525	33.3333
8.95527	30.5693	0.247525	33.4586
9.00854	30.5693	0.247525	33.584
9.00885	30.6106	0.330033	33.584
9.02869	30.6931	0.247525	33.584
9.04178	30.6931	0.247525	33.7093
9.07277	30.6931	0.247525	33.8346
9.09579	30.6931	0.247525	33.9599
9.09649	30.7343	0.330033	33.9599
9.1209	30.8168	0.247525	33.9599
9.14446	30.8168	0.247525	34.0852
9.19415	30.8168	0.247525	34.2105
9.19681	30.8581	0.330033	34.2105
9.21363	30.9406	0.247525	34.2105
9.21527	30.9818	0.330033	34.2105
9.22336	31.0644	0.247525	34.2105
9.24253	31.0644	0.247525	34.3358
9.26148	31.0644	0.247525	34.4612
9.26293	31.1056	0.330033	34.4612
9.27287	31.1881	0.247525	34.4612
9.27289	31.2294	0.330033	34.4612
9.27925	31.3119	0.247525	34.4612
9.27938	31.3531	0.330033	34.4612
9.28228	31.4356	0.247525	34.4612
9.30442	31.4356	0.247525	34.5865
9.31477	31.4769	0.330033	34.5865
9.38041	31.5594	0.247525	34.5865
9.42089	31.5594	0.247525	34.7118
9.51838	31.5594	0.247525	34.8371
9.51942	31.5594	0.412541	34.8371
9.52046	31.6419	0.330033	34.8371
9.52826	31.7244	0.247525	34.8371
9.52896	31.7657	0.330033	34.8371
9.57154	31.8482	0.247525	34.8371
9.57284	31.8894	0.330033	34.8371
9.59443	31.9719	0.247525	34.8371
9.60429	32.0545	0.165017	34.8371
9.64384	32.0545	0.165017	34.9624
9.66006	32.0545	0.165017	35.0877
9.66042	32.0957	0.247525	35.0877
9.71795	32.1782	0.165017	35.0877
9.73514	32.1782	0.165017	35.3383
9.73679	32.2195	0.247525	35.3383
9.77512	32.302	0.165017	35.3383
9.79654	32.302	0.165017	35.4637
9.79685	32.3432	0.247525	35.4637
9.82202	32.4257	0.165017	35.4637
9.82316	32.4257	0.165017	35.589
9.8481	32.4257	0.165017	35.7143
9.85398	32.4257	0.165017	35.9649
9.8817	32.4257	0.165017	36.0902
9.88203	32.467	0.247525	36.0902
9.89159	32.5495	0.165017	36.0902
9.89275	32.5495	0.165017	36.2155
9.89573	32.5495	0.165017	36.3409
9.91727	32.5495	0.165017	36.4662
9.9178	32.5908	0.247525	36.4662
9.97754	32.6733	0.165017	36.4662
9.97842	32.7145	0.247525	36.4662
9.98736	32.797	0.165017	36.4662
9.98965	32.8383	0.247525	36.4662
9.9997	32.9208	0.165017	36.4662
9.99978	32.962	0.247525	36.4662
10.0289	33.0446	0.165017	36.4662
10.0347	33.0446	0.165017	36.5915
10.0355	33.0858	0.247525	36.5915
10.0461	33.1683	0.165017	36.5915
10.0548	33.1683	0.165017	36.5915
10.1959	33.1683	0.165017	36.7168
10.1965	33.2096	0.247525	36.7168
10.211	33.2921	0.165017	36.7168
10.2329	33.2921	0.165017	36.8421
10.237	33.2921	0.165017	36.9674
10.2395	33.2921	0.165017	37.0927
10.3917	33.3746	0.0825083	37.0927
10.4331	33.3746	0.0825083	37.218
10.456	33.3746	0.0825083	37.3434
10.4571	33.3746	0.247525	37.3434
10.462	33.4571	0.165017	37.3434
10.493	33.5396	0.0825083	37.3434
10.6742	33.5396	0.0825083	37.4687
10.684	33.5396	0.0825083	37.594
10.6841	33.5809	0.165017	37.594
10.685	33.6634	0.0825083	37.594
10.7136	33.6634	0.0825083	37.7193
10.7149	33.6634	0.165017	37.7193
10.7174	33.7459	0.0825083	37.7193
10.7221	33.7459	0.0825083	37.8446
10.7253	33.7871	0.165017	37.8446
10.7414	33.8696	0.0825083	37.8446
10.7439	33.8696	0.0825083	37.9699
10.7516	33.8696	0.0825083	38.2206
10.7812	33.8696	0.0825083	38.4712
10.8108	33.8696	0.0825083	38.5965
10.8115	33.8696	0.247525	38.5965
10.8166	33.9521	0.165017	38.5965
10.8209	34.0347	0.0825083	38.5965
10.8366	34.0347	0.0825083	38.7218
10.8739	34.0347	0.0825083	38.8471
10.8934	34.0347	0.0825083	38.8471
10.8935	34.0759	0.165017	38.8471
10.9239	34.1584	0.0825083	38.8471
11.0024	34.1584	0.0825083	38.9724
11.004	34.1997	0.165017	38.9724
11.0259	34.2822	0.0825083	38.9724
11.0307	34.3234	0.165017	38.9724
11.041	34.4059	0.0825083	38.9724
11.1277	34.4059	0.0825083	38.9724
11.1294	34.4059	0.247525	38.9724
11.1295	34.4059	0.412541	38.9724
11.1298	34.4884	0.330033	38.9724
11.1308	34.571	0.247525	38.9724
11.1326	34.6535	0.165017	38.9724
11.134	34.6535	0.165017	39.0977
11.1661	34.736	0.0825083	39.0977
11.1661	34.7772	0.165017	39.0977
11.1788	34.8597	0.0825083	39.0977
11.1838	34.8597	0.0825083	39.0977
11.2216	34.8597	0.0825083	39.2231
11.2235	34.901	0.165017	39.2231
11.2497	34.9835	0.0825083	39.2231
11.2504	35.0248	0.165017	39.2231
11.2517	35.1073	0.0825083	39.2231
11.3147	35.1073	0.0825083	39.3484
11.3148	35.1073	0.0825083	39.4737
11.315	35.1073	0.247525	39.4737
11.3159	35.1898	0.165017	39.4737
11.3541	35.2723	0.0825083	39.4737
11.3667	35.2723	0.0825083	39.599
11.5068	35.2723	0.0825083	39.7243
11.5455	35.2723	0.0825083	39.8496
11.5473	35.3135	0.165017	39.8496
11.5707	35.396	0.0825083	39.8496
11.5712	35.4373	0.165017	39.8496
11.7029	35.5198	0.0825083	39.8496
11.7072	35.5198	0.0825083	39.8496
11.7218	35.5198	0.0825083	39.9749
11.7225	35.5198	0.165017	39.9749
11.7226	35.5611	0.247525	39.9749
11.7232	35.6436	0.165017	39.9749
11.7961	35.7261	0.0825083	39.9749
11.8133	35.7261	0.0825083	40.1003
11.8239	35.7261	0.0825083	40.2256
11.8248	35.7261	0.247525	40.2256
11.8253	35.8086	0.165017	40.2256
11.8609	35.8911	0.0825083	40.2256
11.8789	35.8911	0.0825083	40.3509
11.8992	35.8911	0.0825083	40.4762
11.9059	35.8911	0.0825083	40.7268
11.9074	35.9323	0.165017	40.7268
11.934	36.0149	0.0825083	40.7268
11.9515	36.0149	0.0825083	40.8521
11.9563	36.0149	0.0825083	40.8521
11.9582	36.0149	0.165017	40.8521
11.961	36.0974	0.0825083	40.8521
12.0149	36.0974	0.0825083	40.9774
12.0152	36.0974	0.165017	40.9774
12.0191	36.1799	0.0825083	40.9774
12.0267	36.1799	0.0825083	41.1028
12.0302	36.1799	0.247525	41.1028
12.031	36.2624	0.165017	41.1028
12.0483	36.3449	0.0825083	41.1028
12.0493	36.3861	0.165017	41.1028
12.1546	36.4686	0.0825083	41.1028
12.2043	36.4686	0.0825083	41.2281
12.3104	36.4686	0.0825083	41.3534
12.3117	36.5099	0.165017	41.3534
12.3846	36.5924	0.0825083	41.3534
12.4258	36.5924	0.0825083	41.4787
12.4276	36.5924	0.0825083	41.604
12.4532	36.5924	0.0825083	41.8546
12.4534	36.6337	0.165017	41.8546
12.472	36.7162	0.0825083	41.8546
12.4724	36.7162	0.247525	41.8546
12.474	36.7987	0.165017	41.8546
12.5673	36.8812	0.0825083	41.8546
12.5679	36.8812	0.165017	41.8546
12.5703	36.9637	0.0825083	41.8546
12.5895	36.9637	0.0825083	41.9799
12.5917	36.9637	0.0825083	42.1053
12.632	36.9637	0.0825083	42.2306
12.6327	36.9637	0.165017	42.2306
12.6405	37.0462	0.0825083	42.2306
12.6553	37.0462	0.0825083	42.3559
12.6556	37.0875	0.165017	42.3559
12.6782	37.17	0.0825083	42.3559
12.6822	37.17	0.0825083	42.3559
12.683	37.2112	0.165017	42.3559
12.6888	37.2937	0.0825083	42.3559
12.689	37.2937	0.247525	42.3559
12.6918	37.3762	0.165017	42.3559
12.7356	37.4587	0.0825083	42.3559
12.7656	37.4587	0.0825083	42.4812
12.7667	37.4587	0.247525	42.4812
12.7669	37.5413	0.165017	42.4812
12.8153	37.6238	0.0825083	42.4812
12.832	37.7063	0	42.4812
12.8341	37.7063	0	42.4812
12.8512	37.7063	0	42.6065
12.8543	37.7475	0.0825083	42.6065
12.8558	37.83	0	42.6065
12.8605	37.8713	0.0825083	42.6065
12.8715	37.9538	0	42.6065
12.8735	37.9538	0	42.7318
12.8737	37.995	0.0825083	42.7318
12.9519	38.0776	0	42.7318
12.9944	38.0776	0	42.8571
13.0026	38.0776	0	43.1078
13.0032	38.0776	0.165017	43.1078
13.0093	38.1601	0.0825083	43.1078
13.0865	38.2426	0	43.1078
13.0887	38.2426	0.0825083	43.1078
13.0891	38.2426	0.247525	43.1078
13.0905	38.3251	0.165017	43.1078
13.0961	38.4076	0.0825083	43.1078
13.0988	38.4488	0.165017	43.1078
13.2134	38.5314	0.0825083	43.1078
13.2258	38.5314	0.0825083	43.3584
13.2263	38.5314	0.0825083	43.4837
13.2268	38.5314	0.247525	43.4837
13.2286	38.6139	0.165017	43.4837
13.3025	38.6964	0.0825083	43.4837
13.304	38.6964	0.247525	43.4837
13.3041	38.7789	0.165017	43.4837
13.3134	38.8614	0.0825083	43.4837
13.3171	38.9026	0.165017	43.4837
13.3198	38.9851	0.0825083	43.4837
13.3356	38.9851	0.0825083	43.7343
13.3362	39.0264	0.165017	43.7343
13.3646	39.1089	0.0825083	43.7343
13.3897	39.1089	0.0825083	43.8596
13.3931	39.1089	0.0825083	43.985
13.4302	39.1089	0.0825083	44.1103
13.4312	39.1089	0.247525	44.1103
13.4319	39.1914	0.165017	44.1103
13.4469	39.2739	0.0825083	44.1103
13.449	39.3152	0.165017	44.1103
13.4686	39.3977	0.0825083	44.1103
13.5084	39.3977	0.0825083	44.2356
13.619	39.3977	0.0825083	44.3609
13.6317	39.3977	0.0825083	44.4862
13.6327	39.4389	0.165017	44.4862
13.7115	39.5215	0.0825083	44.4862
13.714	39.5215	0.247525	44.4862
13.7143	39.604	0.165017	44.4862
13.7203	39.6865	0.0825083	44.4862
13.7222	39.7277	0.165017	44.4862
13.7497	39.8102	0.0825083	44.4862
13.8813	39.8102	0.0825083	44.6115
13.8825	39.8102	0.247525	44.6115
13.8832	39.8927	0.165017	44.6115
13.8986	39.9752	0.0825083	44.6115
13.9001	40.0165	0.165017	44.6115
13.9054	40.099	0.0825083	44.6115
13.9564	40.099	0.0825083	44.7368
13.9709	40.099	0.0825083	44.8622
13.9711	40.1403	0.165017	44.8622
14.0314	40.2228	0.0825083	44.8622
14.0493	40.2228	0.0825083	45.1128
14.0756	40.2228	0.0825083	45.2381
14.0945	40.2228	0.0825083	45.3634
14.0949	40.264	0.165017	45.3634
14.0982	40.3465	0.0825083	45.3634
14.0992	40.3878	0.165017	45.3634
14.2507	40.4703	0.0825083	45.3634
14.3457	40.4703	0.0825083	45.4887
14.3473	40.5116	0.165017	45.4887
14.3474	40.5941	0.0825083	45.4887
14.3487	40.6353	0.165017	45.4887
14.3971	40.7178	0.0825083	45.4887
14.4114	40.7178	0.0825083	45.4887
14.4126	40.7178	0.0825083	45.614
14.4127	40.7178	0.165017	45.614
14.4499	40.8003	0.0825083	45.614
14.4526	40.8003	0.247525	45.614
14.453	40.8828	0.165017	45.614
14.4995	40.9653	0.0825083	45.614
14.5004	40.9653	0.0825083	45.8647
14.6799	40.9653	0.0825083	45.99
14.6842	40.9653	0.0825083	46.1153
14.686	40.9653	0.165017	46.1153
14.7018	41.0479	0.0825083	46.1153
14.7041	41.0891	0.165017	46.1153
14.7354	41.1716	0.0825083	46.1153
14.8165	41.2129	0.165017	46.1153
14.9073	41.2954	0.0825083	46.1153
14.9183	41.2954	0.0825083	46.2406
14.9202	41.3366	0.165017	46.2406
14.9871	41.4191	0.0825083	46.2406
15.0005	41.4191	0.0825083	46.3659
15.0007	41.4604	0.165017	46.3659
15.0155	41.5429	0.0825083	46.3659
15.0163	41.5429	0.165017	46.3659
15.0725	41.6254	0.0825083	46.3659
15.0788	41.6254	0.0825083	46.3659
15.0793	41.6667	0.165017	46.3659
15.0804	41.6667	0.165017	46.4912
15.0861	41.7492	0.0825083	46.4912
15.0866	41.7904	0.165017	46.4912
15.1104	41.8729	0.0825083	46.4912
15.1201	41.8729	0.0825083	46.6165
15.2243	41.8729	0.0825083	46.7419
15.2717	41.8729	0.0825083	46.8672
15.2741	41.9142	0.165017	46.8672
15.3149	41.9967	0.0825083	46.8672
15.4028	41.9967	0.0825083	46.9925
15.4031	42.038	0.165017	46.9925
15.43	42.1205	0.0825083	46.9925
15.4339	42.1205	0.0825083	47.2431
15.4371	42.1617	0.165017	47.2431
15.5939	42.2442	0.0825083	47.2431
15.6624	42.2442	0.0825083	47.3684
15.6629	42.2855	0.165017	47.3684
15.6999	42.368	0.0825083	47.3684
15.7002	42.368	0.0825083	47.4937
15.736	42.368	0.0825083	47.619
15.7397	42.4092	0.165017	47.619
15.7456	42.4917	0.0825083	47.619
15.7458	42.533	0.165017	47.619
15.7902	42.6155	0.0825083	47.619
15.8348	42.6155	0.0825083	47.7444
15.8395	42.6568	0.165017	47.7444
15.8548	42.7393	0.0825083	47.7444
15.8607	42.7805	0.165017	47.7444
15.8815	42.863	0.0825083	47.7444
15.9019	42.863	0.0825083	47.995
15.9427	42.863	0.0825083	48.1203
15.9442	42.9043	0.165017	48.1203
15.9536	42.9868	0.0825083	48.1203
15.9964	42.9868	0.0825083	48.2456
16.0423	42.9868	0.0825083	48.3709
16.0442	43.0281	0.165017	48.3709
16.0878	43.1106	0.0825083	48.3709
16.0882	43.1518	0.165017	48.3709
16.0928	43.2343	0.0825083	48.3709
16.1259	43.2343	0.0825083	48.6216
16.1531	43.2343	0.0825083	48.8722
16.19	43.2343	0.0825083	48.9975
16.2024	43.2343	0.165017	48.9975
16.3078	43.2343	0.165017	49.2481
16.321	43.2343	0.165017	49.3734
16.3325	43.2343	0.165017	49.4987
16.3344	43.2756	0.247525	49.4987
16.3466	43.3581	0.165017	49.4987
16.3846	43.4406	0.0825083	49.4987
16.3865	43.4406	0.165017	49.4987
16.4105	43.5231	0.0825083	49.4987
16.4109	43.5644	0.165017	49.4987
16.5177	43.6469	0.0825083	49.4987
16.5182	43.6881	0.165017	49.4987
16.5283	43.7706	0.0825083	49.4987
16.5542	43.7706	0.0825083	49.6241
16.6438	43.7706	0.0825083	49.7494
16.746	43.8119	0.165017	49.7494
16.7632	43.8119	0.165017	49.8747
16.7687	43.8944	0.0825083	49.8747
16.7702	43.9356	0.165017	49.8747
16.7901	44.0182	0.0825083	49.8747
16.793	44.0182	0.0825083	50
16.8966	44.0182	0.0825083	50.1253
16.9316	44.1007	0	50.1253
17.0503	44.1007	0	50.2506
17.071	44.1007	0	50.5013
17.0731	44.1007	0.165017	50.5013
17.0758	44.1832	0.0825083	50.5013
17.1888	44.2657	0	50.5013
17.2828	44.2657	0	50.7519
17.3986	44.2657	0	51.0025
17.4	44.3069	0.0825083	51.0025
17.447	44.3894	0	51.0025
17.4478	44.4307	0.0825083	51.0025
17.4858	44.5132	0	51.0025
17.5622	44.5132	0	51.2531
17.6627	44.5132	0	51.3784
17.6718	44.5132	0.165017	51.3784
17.6911	44.5957	0.0825083	51.3784
17.7044	44.5957	0.0825083	51.5038
17.7419	44.5957	0.0825083	51.6291
17.7455	44.5957	0.165017	51.6291
17.7574	44.6782	0.0825083	51.6291
17.7955	44.6782	0.0825083	51.8797
17.8069	44.6782	0.0825083	52.1303
17.8078	44.7195	0.165017	52.1303
17.9034	44.802	0.0825083	52.1303
17.9043	44.802	0.0825083	52.2556
17.905	44.802	0.247525	52.2556
17.9101	44.8845	0.165017	52.2556
17.9207	44.967	0.0825083	52.2556
17.9401	44.967	0.0825083	52.381
18.0463	44.967	0.0825083	52.5063
18.0749	44.967	0.0825083	52.6316
18.0754	45.0083	0.165017	52.6316
18.2876	45.0908	0.0825083	52.6316
18.3369	45.0908	0.0825083	52.8822
18.3637	45.0908	0.0825083	52.8822
18.4123	45.0908	0.0825083	53.0075
18.4134	45.132	0.165017	53.0075
18.4151	45.2145	0.0825083	53.0075
18.4173	45.2145	0.247525	53.0075
18.4527	45.297	0.165017	53.0075
18.5286	45.297	0.165017	53.2581
18.6444	45.297	0.165017	53.3835
18.6705	45.297	0.165017	53.5088
18.6881	45.297	0.165017	53.7594
18.689	45.297	0.247525	53.7594
18.7436	45.3795	0.165017	53.7594
18.804	45.462	0.0825083	53.7594
18.804	45.5033	0.165017	53.7594
18.8675	45.5858	0.0825083	53.7594
18.8701	45.5858	0.0825083	53.8847
18.8721	45.6271	0.165017	53.8847
19.0191	45.7096	0.0825083	53.8847
19.0221	45.7508	0.165017	53.8847
19.1427	45.8333	0.0825083	53.8847
19.144	45.8746	0.165017	53.8847
19.2574	45.9571	0.0825083	53.8847
19.2644	46.0396	0	53.8847
19.2887	46.0396	0	54.01
19.2892	46.0396	0	54.1353
19.2897	46.0809	0.0825083	54.1353
19.295	46.1634	0	54.1353
19.3385	46.1634	0	54.386
19.3485	46.1634	0	54.5113
19.3513	46.2046	0.0825083	54.5113
19.4104	46.2871	0	54.5113
19.719	46.2871	0	54.6366
19.8332	46.2871	0	54.7619
19.8803	46.2871	0	54.8872
20.0216	46.2871	0	55.0125
20.1704	46.2871	0	55.2632
20.171	46.3284	0.0825083	55.2632
20.1934	46.4109	0	55.2632
20.2961	46.4109	0	55.2632
20.2971	46.4521	0.0825083	55.2632
20.3283	46.5347	0	55.2632
20.3378	46.5759	0.0825083	55.2632
20.3804	46.6584	0	55.2632
20.3988	46.6584	0	55.3885
20.5146	46.6584	0	55.5138
20.5146	46.6584	0.165017	55.5138
20.5196	46.7409	0.0825083	55.5138
20.5388	46.8234	0	55.5138
20.5945	46.8234	0	55.6391
20.6313	46.8234	0	55.6391
20.6325	46.8234	0.165017	55.6391
20.6335	46.9059	0.0825083	55.6391
20.7721	46.9884	0	55.6391
20.8197	46.9884	0	55.7644
20.8199	46.9884	0.0825083	55.7644
20.8289	47.071	0	55.7644
20.8832	47.071	0	56.015
20.9652	47.071	0	56.2657
21.0153	47.071	0	56.391
21.0396	47.071	0	56.5163
21.0935	47.071	0	56.7669
21.0939	47.1122	0.0825083	56.7669
21.1104	47.1947	0	56.7669
21.1123	47.236	0.0825083	56.7669
21.1973	47.3185	0	56.7669
21.2001	47.3185	0	57.0175
21.2733	47.3185	0	57.1429
21.2756	47.3597	0.0825083	57.1429
21.5164	47.4422	0	57.1429
21.5179	47.4835	0.0825083	57.1429
21.5975	47.566	0	57.1429
21.6035	47.6073	0.0825083	57.1429
21.6479	47.6898	0	57.1429
21.8138	47.6898	0	57.1429
21.8196	47.6898	0	57.2682
21.8199	47.731	0.0825083	57.2682
21.8598	47.8135	0	57.2682
21.8599	47.8135	0	57.3935
21.8604	47.8135	0.165017	57.3935
21.862	47.896	0.0825083	57.3935
21.9872	47.9785	0	57.3935
22.053	47.9785	0	57.6441
22.0534	48.0198	0.0825083	57.6441
22.3637	48.1023	0	57.6441
22.3667	48.1023	0.165017	57.6441
22.3682	48.1848	0.0825083	57.6441
22.4632	48.2673	0	57.6441
22.5735	48.2673	0	57.7694
22.6182	48.2673	0	57.8947
22.7482	48.2673	0	58.0201
22.7487	48.3086	0.0825083	58.0201
22.8896	48.3911	0	58.0201
22.9153	48.3911	0	58.1454
22.9176	48.3911	0	58.2707
22.9347	48.3911	0	58.5213
22.9352	48.4323	0.0825083	58.5213
23.0561	48.5149	0	58.5213
23.0665	48.5149	0.0825083	58.5213
23.1419	48.5974	0	58.5213
23.145	48.5974	0	58.6466
23.3034	48.5974	0	58.8972
23.3301	48.6386	0.0825083	58.8972
23.3349	48.6386	0.0825083	59.0226
23.3396	48.6799	0.165017	59.0226
23.4023	48.7624	0.0825083	59.0226
23.5355	48.7624	0.0825083	59.1479
23.6961	48.7624	0.0825083	59.2732
23.7381	48.7624	0.0825083	59.3985
23.8454	48.7624	0.0825083	59.6491
23.9166	48.8449	0	59.6491
24.1587	48.8449	0	59.8997
24.1618	48.8449	0	60.0251
24.1636	48.8861	0.0825083	60.0251
24.3135	48.9686	0	60.0251
24.3163	49.0099	0.0825083	60.0251
24.5586	49.0924	0	60.0251
24.5588	49.0924	0.165017	60.0251
24.559	49.1749	0.0825083	60.0251
24.5811	49.2574	0	60.0251
24.617	49.2574	0	60.1504
24.6173	49.2574	0.0825083	60.1504
24.7804	49.3399	0	60.1504
25.0102	49.3399	0	60.2757
25.0112	49.3399	0.165017	60.2757
25.0118	49.4224	0.0825083	60.2757
25.0752	49.505	0	60.2757
25.0763	49.5462	0.0825083	60.2757
25.2609	49.6287	0	60.2757
25.2673	49.6287	0	60.401
25.3136	49.6287	0	60.5263
25.3152	49.67	0.0825083	60.5263
25.7726	49.7525	0	60.5263
25.7745	49.7525	0.165017	60.5263
25.7764	49.835	0.0825083	60.5263
25.9458	49.9175	0	60.5263
26.0124	49.9175	0	60.7769
26.0153	49.9175	0.0825083	60.7769
26.0567	50	0	60.7769
26.0575	50.0413	0.0825083	60.7769
26.0629	50.1238	0	60.7769
26.0652	50.165	0.0825083	60.7769
26.3042	50.2475	0	60.7769
26.3075	50.2475	0.165017	60.7769
26.3169	50.33	0.0825083	60.7769
26.5666	50.4125	0	60.7769
26.6706	50.4125	0	60.9023
26.6713	50.4538	0.0825083	60.9023
26.8194	50.5363	0	60.9023
26.8198	50.5776	0.0825083	60.9023
27.0798	50.6601	0	60.9023
27.755	50.6601	0	61.0276
27.7572	50.7013	0.0825083	61.0276
27.8196	50.7838	0	61.0276
28.1673	50.7838	0	61.2782
28.1681	50.8251	0.0825083	61.2782
28.1941	50.9076	0	61.2782
28.505	50.9076	0	61.4035
28.796	50.9076	0	61.5288
28.9335	50.9076	0	61.7794
28.9492	50.9076	0	61.9048
29.078	50.9076	0	62.0301
29.1499	50.9076	0	62.1554
29.15	50.9488	0.0825083	62.1554
29.5583	51.0314	0	62.1554
29.5603	51.0726	0.0825083	62.1554
29.5899	51.1551	0	62.1554
29.59	51.1964	0.0825083	62.1554
29.7002	51.2789	0	62.1554
29.7207	51.2789	0	62.406
29.9614	51.2789	0	62.5313
30.4044	51.2789	0	62.6566
30.8367	51.2789	0	62.9073
31.0525	51.2789	0	63.0326
31.0554	51.3201	0.0825083	63.0326
31.26	51.4026	0	63.0326
31.4691	51.4026	0	63.1579
31.476	51.4439	0.0825083	63.1579
31.7397	51.5264	0	63.1579
31.7401	51.5677	0.0825083	63.1579
31.9917	51.6502	0	63.1579
31.9988	51.6502	0.0825083	63.1579
32.2842	51.7327	0	63.1579
32.2842	51.7327	0.165017	63.1579
32.2851	51.8152	0.0825083	63.1579
32.4526	51.8977	0	63.1579
32.4527	51.9389	0.0825083	63.1579
32.4919	52.0215	0	63.1579
32.5895	52.0215	0	63.2832
32.5968	52.0627	0.0825083	63.2832
32.7961	52.1452	0	63.2832
32.8958	52.1452	0	63.4085
32.8961	52.1452	0.165017	63.4085
32.8978	52.2277	0.0825083	63.4085
32.9387	52.3102	0	63.4085
33.7051	52.3102	0	63.5338
33.7669	52.3102	0	63.6591
33.7669	52.3515	0.0825083	63.6591
33.9671	52.434	0	63.6591
34.4731	52.434	0	63.7845
34.4756	52.434	0.165017	63.7845
34.4791	52.5165	0.0825083	63.7845
34.7072	52.599	0	63.7845
34.7961	52.599	0	63.9098
36.4426	52.599	0	64.1604
36.8081	52.599	0	64.2857
37.1405	52.6403	0.0825083	64.2857
37.6058	52.6403	0.0825083	64.5363
37.6664	52.6403	0.0825083	64.6617
37.6667	52.6815	0.165017	64.6617
37.8898	52.764	0.0825083	64.6617
38.1141	52.8465	0	64.6617
38.118	52.8878	0.0825083	64.6617
38.1383	52.9703	0	64.6617
38.1935	52.9703	0	64.787
38.1939	52.9703	0.165017	64.787
38.1943	53.0528	0.0825083	64.787
38.3304	53.1353	0	64.787
38.3314	53.1766	0.0825083	64.787
38.5644	53.2591	0	64.787
39.861	53.2591	0	64.9123
41.1786	53.2591	0	65.0376
41.7249	53.3003	0.0825083	65.0376
41.8158	53.3003	0.0825083	65.2882
42.5033	53.3003	0.0825083	65.4135
42.5815	53.3003	0.0825083	65.5388
42.582	53.3416	0.165017	65.5388
43.0295	53.4241	0.0825083	65.5388
43.4054	53.4241	0.0825083	65.6642
43.49	53.5066	0	65.6642
43.4946	53.5479	0.0825083	65.6642
44.3765	53.6304	0	65.6642
44.3801	53.6304	0.165017	65.6642
44.3817	53.7129	0.0825083	65.6642
45.2649	53.7954	0	65.6642
46.1408	53.7954	0	65.7895
46.145	53.8366	0.0825083	65.7895
46.8218	53.9191	0	65.7895
47.6763	53.9191	0	65.9148
49.3483	53.9191	0	66.0401
49.3485	53.9191	0.0825083	66.0401
51.8718	54.0017	0	66.0401
52.0406	54.0017	0	66.1654
52.1794	54.0017	0	66.2907
54.631	54.0017	0	66.416
57.763	54.0017	0	66.6667
57.7631	54.0429	0.0825083	66.6667
59.0332	54.1254	0	66.6667
64.2248	54.1254	0	66.792
64.989	54.1667	0.0825083	66.792
65.2095	54.1667	0.0825083	66.9173
65.7301	54.2492	0	66.9173
77.9568	54.2492	0	67.0426
84.1762	54.2492	0	67.1679
84.7293	54.2904	0.0825083	67.1679
85.566	54.2904	0.0825083	67.2932
87.691	54.3729	0	67.2932
88.9472	54.3729	0	67.5439
89.3153	54.3729	0.0825083	67.5439
92.2307	54.4554	0	67.5439
92.2308	54.4554	0.165017	67.5439
92.2327	54.538	0.0825083	67.5439
106.336	54.6205	0	67.5439
118.174	54.6205	0	67.6692
121.026	54.6205	0	67.7945
126.474	54.6205	0	67.9198
129.393	54.6205	0	68.1704
129.544	54.6617	0.0825083	68.1704
139.936	54.7442	0	68.1704
140.46	54.7442	0	68.4211
147.798	54.7442	0	68.6717
149.432	54.7442	0	68.797
155.63	54.7442	0	68.9223
156.823	54.7442	0	69.0476
161.213	54.7442	0	69.2982
162.192	54.7442	0.0825083	69.2982
166.779	54.8267	0	69.2982
172.974	54.8267	0	69.4236
175.65	54.8267	0	69.6742
182.679	54.8267	0	69.9248
189.223	54.8267	0	70.0501
190.038	54.868	0.0825083	70.0501
190.731	54.9505	0	70.0501
190.733	54.9505	0.165017	70.0501
191.525	55.033	0.0825083	70.0501
193.601	55.1155	0	70.0501
194.921	55.1155	0	70.3008
201.747	55.1155	0	70.4261
201.84	55.1568	0.0825083	70.4261
204.36	55.2393	0	70.4261
209.216	55.2393	0	70.5514
209.435	55.2393	0	70.802
209.798	55.2805	0.0825083	70.802
211.664	55.363	0	70.802
213.687	55.363	0	70.9273
214.283	55.363	0	71.0526
214.712	55.363	0	71.1779
220.817	55.363	0	71.3033
221.75	55.363	0	71.4286
226.248	55.363	0	71.5539
226.866	55.363	0.165017	71.5539
226.871	55.4455	0.0825083	71.5539
227.029	55.5281	0	71.5539
229.219	55.5281	0	71.6792
230.992	55.5281	0.165017	71.6792
231.468	55.6106	0.0825083	71.6792
232.255	55.6106	0.165017	71.6792
232.44	55.6106	0.165017	71.9298
232.506	55.6106	0.165017	72.0551
232.943	55.6931	0.0825083	72.0551
234.222	55.7756	0	72.0551
239.837	55.7756	0	72.1805
246.754	55.7756	0	72.3058
248.424	55.7756	0	72.5564
257.96	55.7756	0	72.6817
267.52	55.7756	0	72.9323
271.824	55.7756	0	73.183
274.432	55.7756	0	73.4336
279.937	55.7756	0	73.6842
280.63	55.8168	0.0825083	73.6842
290.948	55.8993	0	73.6842
292.556	55.8993	0	73.9348
293.013	55.8993	0	74.0602
294.301	55.8993	0.165017	74.0602
295.633	55.9818	0.0825083	74.0602
310.77	56.0644	0	74.0602
319.417	56.0644	0	74.3108
321.396	56.1056	0.0825083	74.3108
321.876	56.1881	0	74.3108
332.817	56.1881	0	74.4361
335.19	56.1881	0	74.6867
335.243	56.1881	0	74.812
345.392	56.1881	0	74.9373
355.326	56.1881	0	75.188
355.381	56.1881	0	75.4386
361.139	56.1881	0	75.5639
363.1	56.1881	0	75.8145
364.518	56.1881	0	76.0652
366.221	56.1881	0	76.1905
372.979	56.1881	0	76.4411
373.492	56.1881	0.0825083	76.4411
373.727	56.1881	0.0825083	76.4411
389.19	56.2706	0	76.4411
394.012	56.2706	0	76.5664
394.054	56.2706	0.165017	76.5664
395.377	56.3531	0.0825083	76.5664
398.202	56.4356	0	76.5664
399.325	56.4769	0.0825083	76.5664
415.525	56.5594	0	76.5664
415.964	56.5594	0	76.817
417.674	56.5594	0	76.9424
422.272	56.5594	0	77.0677
425.934	56.5594	0	77.193
437.837	56.5594	0	77.3183
438.024	56.6007	0.0825083	77.3183
444.041	56.6832	0	77.3183
444.664	56.6832	0	77.4436
465.908	56.6832	0	77.6942
475.097	56.6832	0	77.9449
481.909	56.6832	0	78.1955
508.16	56.6832	0	78.4461
516.899	56.6832	0	78.6967
538.243	56.6832	0	78.8221
540.687	56.7244	0.0825083	78.8221
551.111	56.8069	0	78.8221
551.513	56.8482	0.0825083	78.8221
567.399	56.9307	0	78.8221
595.334	56.9307	0	78.9474
595.766	56.9307	0	79.0727
597.579	56.9307	0	79.3233
602.964	56.9307	0	79.4486
606.869	56.9307	0	79.6992
611.515	56.9307	0	79.9499
611.612	56.9307	0	80.0752
611.774	56.9307	0.165017	80.0752
612.942	56.9719	0.247525	80.0752
613.14	57.0545	0.165017	80.0752
613.652	57.137	0.0825083	80.0752
618.198	57.2195	0	80.0752
618.921	57.2195	0.165017	80.0752
619.234	57.302	0.0825083	80.0752
622.692	57.3845	0	80.0752
624.146	57.4257	0.0825083	80.0752
637.055	57.5083	0	80.0752
637.219	57.5083	0	80.2005
641	57.5495	0.0825083	80.2005
647.141	57.632	0	80.2005
647.524	57.632	0	80.3258
656.213	57.632	0	80.5764
657.806	57.632	0	80.8271
668.054	57.632	0	81.0777
672.469	57.6733	0.0825083	81.0777
687.295	57.7558	0	81.0777
690.955	57.7558	0	81.203
717.862	57.7558	0	81.4536
718.31	57.7558	0.0825083	81.4536
719.16	57.8383	0	81.4536
719.79	57.8383	0.0825083	81.4536
719.812	57.8383	0.165017	81.4536
720.49	57.9208	0.0825083	81.4536
721.941	58.0033	0	81.4536
723.951	58.0446	0.0825083	81.4536
724.088	58.0858	0.165017	81.4536
725.383	58.1683	0.0825083	81.4536
726.126	58.2508	0	81.4536
753.61	58.2508	0	81.5789
755.577	58.2508	0	81.8296
757.706	58.2508	0	81.9549
757.897	58.2508	0.165017	81.9549
758.565	58.2508	0.165017	82.0802
759.174	58.3333	0.0825083	82.0802
770.247	58.4158	0	82.0802
770.33	58.4158	0.165017	82.0802
770.929	58.4983	0.0825083	82.0802
775.959	58.5809	0	82.0802
776.349	58.5809	0.165017	82.0802
778.383	58.6634	0.0825083	82.0802
783.357	58.7459	0	82.0802
791.153	58.7459	0	82.2055
802.928	58.7459	0	82.4561
803.02	58.7871	0.0825083	82.4561
830.172	58.8696	0	82.4561
834.025	58.8696	0	82.7068
835.193	58.8696	0	82.9574
840.228	58.8696	0	83.208
842.303	58.8696	0.0825083	83.208
848.032	58.9521	0	83.208
861.823	58.9521	0	83.3333
861.909	58.9934	0.0825083	83.3333
862.042	59.0759	0	83.3333
866.968	59.0759	0	83.584
867.523	59.0759	0	83.8346
868.495	59.1172	0.0825083	83.8346
875.959	59.1997	0	83.8346
876.169	59.1997	0.165017	83.8346
876.839	59.2822	0.0825083	83.8346
877.671	59.2822	0.0825083	84.0852
894.384	59.3647	0	84.0852
894.786	59.4059	0.0825083	84.0852
900.961	59.4884	0	84.0852
904.389	59.4884	0	84.3358
904.531	59.4884	0	84.5865
920.594	59.4884	0	84.8371
942.848	59.4884	0	84.9624
949.153	59.4884	0	85.213
955.856	59.4884	0	85.4637
982.399	59.4884	0	85.7143
982.65	59.4884	0.165017	85.7143
983.253	59.4884	0.165017	85.8396
983.642	59.571	0.0825083	85.8396
987.727	59.6535	0	85.8396
987.933	59.6947	0.0825083	85.8396
1004.87	59.7772	0	85.8396
1005.14	59.8185	0.0825083	85.8396
1005.34	59.8597	0.165017	85.8396
1007.32	59.9422	0.0825083	85.8396
1042.17	60.0248	0	85.8396
1042.97	60.066	0.0825083	85.8396
1044.95	60.1485	0	85.8396
1053.51	60.1485	0	86.0902
1062.61	60.1485	0	86.3409
1083.22	60.1485	0	86.5915
1083.32	60.1898	0.0825083	86.5915
1089.01	60.2723	0	86.5915
1098.65	60.2723	0	86.8421
1098.67	60.2723	0.0825083	86.8421
1102.82	60.3548	0	86.8421
1112.09	60.3548	0	87.0927
1112.65	60.3548	0	87.3434
1138.68	60.3548	0	87.4687
1143.19	60.396	0.0825083	87.4687
1178.34	60.4785	0	87.4687
1194.27	60.4785	0	87.594
1195.05	60.4785	0.165017	87.594
1198.41	60.5198	0.247525	87.594
1199.04	60.6023	0.165017	87.594
1199.2	60.6023	0.330033	87.594
1199.2	60.6848	0.247525	87.594
1200.88	60.7673	0.165017	87.594
1201.85	60.8498	0.0825083	87.594
1220.45	60.9323	0	87.594
1220.97	60.9736	0.0825083	87.594
1227.02	61.0561	0	87.594
1235.7	61.0561	0	87.7193
1252.54	61.0561	0	87.8446
1255.45	61.0561	0	87.9699
1257.03	61.0974	0.0825083	87.9699
1258.17	61.0974	0.0825083	88.2206
1276.54	61.1799	0	88.2206
1278.67	61.1799	0.165017	88.2206
1280.92	61.2624	0.0825083	88.2206
1283.66	61.3449	0	88.2206
1292.64	61.3449	0	88.4712
1292.99	61.3861	0.0825083	88.4712
1293.86	61.4686	0	88.4712
1299.47	61.4686	0.0825083	88.4712
1333.23	61.5512	0	88.4712
1333.72	61.5512	0.165017	88.4712
1333.75	61.6337	0.0825083	88.4712
1345.04	61.7162	0	88.4712
1345.73	61.7162	0.165017	88.4712
1346.74	61.7987	0.0825083	88.4712
1352.5	61.8812	0	88.4712
1353.84	61.8812	0	88.5965
1355.28	61.8812	0	88.7218
1357.02	61.8812	0	88.8471
1357.7	61.8812	0	89.0977
1358.05	61.8812	0.165017	89.0977
1359.54	61.9637	0.0825083	89.0977
1370.88	62.0462	0	89.0977
1372.37	62.0462	0	89.2231
1375.52	62.0462	0	89.3484
1376.38	62.0462	0	89.4737
1376.59	62.0462	0	89.599
1382.35	62.0462	0	89.7243
1383.99	62.0462	0	89.8496
1384.99	62.0462	0	89.9749
1387.03	62.0462	0	90.1003
1391.19	62.0875	0.0825083	90.1003
1391.89	62.17	0	90.1003
1404.97	62.17	0	90.3509
1405.94	62.2112	0.0825083	90.3509
1415.95	62.2937	0	90.3509
1442.29	62.2937	0	90.6015
1443.34	62.335	0.0825083	90.6015
1444.78	62.4175	0	90.6015
1446	62.4175	0	90.7268
1447.15	62.4175	0	90.8521
1456.56	62.4175	0	90.9774
1471.42	62.4175	0	91.1028
1472.95	62.4175	0.165017	91.1028
1473.26	62.5	0.0825083	91.1028
1473.57	62.5825	0	91.1028
1475.73	62.6238	0.0825083	91.1028
1481.67	62.7063	0	91.1028
1482.86	62.7475	0.0825083	91.1028
1485.36	62.83	0	91.1028
1485.47	62.83	0.165017	91.1028
1487.28	62.9125	0.0825083	91.1028
1499.22	62.995	0	91.1028
1499.38	63.0363	0.0825083	91.1028
1508.55	63.1188	0	91.1028
1508.97	63.1188	0.165017	91.1028
1511.99	63.2013	0.0825083	91.1028
1518.77	63.2838	0	91.1028
1519.74	63.3251	0.0825083	91.1028
1519.77	63.3663	0.165017	91.1028
1521.4	63.4488	0.0825083	91.1028
1555.27	63.5314	0	91.1028
1555.5	63.5314	0.165017	91.1028
1555.92	63.6139	0.0825083	91.1028
1566.08	63.6964	0	91.1028
1589.07	63.6964	0	91.3534
1600.27	63.6964	0	91.604
1600.54	63.6964	0.0825083	91.604
1627.67	63.7789	0	91.604
1627.99	63.8201	0.0825083	91.604
1628.22	63.8614	0.165017	91.604
1632.2	63.9439	0.0825083	91.604
1640.84	64.0264	0	91.604
1643.01	64.0677	0.0825083	91.604
1643.13	64.0677	0.165017	91.604
1643.93	64.1502	0.0825083	91.604
1662.51	64.2327	0	91.604
1662.63	64.2327	0.165017	91.604
1663.15	64.3152	0.0825083	91.604
1664.29	64.3152	0.0825083	91.7293
1668.71	64.3977	0	91.7293
1668.96	64.4389	0.0825083	91.7293
1671.83	64.5215	0	91.7293
1678.34	64.5215	0	91.9799
1679.73	64.5215	0.0825083	91.9799
1680.99	64.604	0	91.9799
1692.57	64.604	0	92.1053
1695.74	64.604	0	92.3559
1695.84	64.604	0.165017	92.3559
1697.64	64.6865	0.0825083	92.3559
1729.7	64.769	0	92.3559
1747.15	64.769	0	92.6065
1749.14	64.8102	0.0825083	92.6065
1757.14	64.8927	0	92.6065
1758.08	64.8927	0	92.7318
1771.17	64.8927	0	92.9825
1775.21	64.8927	0	93.1078
1783.28	64.8927	0	93.2331
1783.57	64.8927	0	93.3584
1786.94	64.8927	0	93.609
1793.3	64.8927	0	93.7343
1795.7	64.8927	0	93.8596
1799.81	64.8927	0	93.985
1800.26	64.8927	0	94.1103
1802.01	64.8927	0	94.2356
1802.52	64.8927	0.165017	94.2356
1802.86	64.9753	0.0825083	94.2356
1808.36	65.0578	0	94.2356
1810.13	65.099	0.0825083	94.2356
1812.51	65.1815	0	94.2356
1812.8	65.1815	0.165017	94.2356
1813.4	65.264	0.0825083	94.2356
1816.68	65.3465	0	94.2356
1826.46	65.3465	0	94.4862
1827.52	65.3465	0	94.7368
1829.39	65.3878	0.0825083	94.7368
1841.12	65.4703	0	94.7368
1844.47	65.5116	0.0825083	94.7368
1846.67	65.5941	0	94.7368
1846.99	65.6353	0.0825083	94.7368
1848.68	65.7178	0	94.7368
1848.8	65.7591	0.0825083	94.7368
1867.67	65.8416	0	94.7368
1868.33	65.8416	0.165017	94.7368
1868.73	65.9241	0.0825083	94.7368
1885.72	66.0066	0	94.7368
1891.84	66.0066	0	94.9875
1921.66	66.0066	0	95.2381
1923.3	66.0479	0.0825083	95.2381
1955.07	66.1304	0	95.2381
1955.17	66.1304	0.0825083	95.2381
1958.94	66.2129	0	95.2381
1959.72	66.2541	0.0825083	95.2381
1976.03	66.3366	0	95.2381
1976.28	66.3366	0.165017	95.2381
1976.85	66.4191	0.0825083	95.2381
1990.55	66.5016	0	95.2381
1995.61	66.5016	0	95.4887
1997.38	66.5016	0.165017	95.4887
1998.46	66.5842	0.0825083	95.4887
2011.62	66.6667	0	95.4887
2011.66	66.7079	0.0825083	95.4887
2022.3	66.7904	0	95.4887
2025.08	66.7904	0.0825083	95.4887
2033.97	66.8729	0	95.4887
2037.77	66.8729	0	95.614
2040.9	66.8729	0	95.7393
2041.86	66.8729	0	95.8647
2057.82	66.8729	0	95.99
2058.02	66.8729	0	96.1153
2063.62	66.8729	0	96.2406
2069.79	66.8729	0	96.3659
2070.2	66.8729	0	96.4912
2074.36	66.8729	0	96.6165
2079.8	66.8729	0	96.7419
2082.61	66.8729	0	96.8672
2084.37	66.8729	0	96.9925
2138.5	66.8729	0	97.1178
2139.12	66.9142	0.0825083	97.1178
2151.48	66.9967	0	97.1178
2155	67.038	0.0825083	97.1178
2159.66	67.1205	0	97.1178
2160.81	67.1617	0.0825083	97.1178
2182.05	67.2442	0	97.1178
2182.64	67.2855	0.0825083	97.1178
2222.69	67.368	0	97.1178
2224.05	67.4092	0.0825083	97.1178
2291	67.4918	0	97.1178
2291	67.4918	0.0825083	97.1178
2295.63	67.5743	0	97.1178
2323.35	67.5743	0	97.3684
2324.86	67.5743	0	97.619
2326.43	67.6155	0.0825083	97.619
2331.88	67.698	0	97.619
2332.88	67.7393	0.0825083	97.619
2354.55	67.8218	0	97.619
2355.33	67.8218	0.165017	97.619
2356.5	67.9043	0.0825083	97.619
2422.61	67.9868	0	97.619
2476.18	67.9868	0	97.8697
2476.53	68.0281	0.0825083	97.8697
2476.8	68.0281	0.247525	97.8697
2477.49	68.1106	0.165017	97.8697
2481.24	68.1931	0.0825083	97.8697
2487.21	68.2756	0	97.8697
2559.3	68.2756	0	98.1203
2559.79	68.2756	0	98.2456
2560.15	68.2756	0.0825083	98.2456
2561.12	68.3581	0	98.2456
2561.55	68.3581	0	98.3709
2562.72	68.3581	0	98.4962
2563.93	68.3993	0.0825083	98.4962
2564.07	68.4818	0	98.4962
2567.39	68.4818	0	98.6216
2567.93	68.4818	0	98.7469
2569.06	68.4818	0	98.8722
2569.59	68.4818	0	98.9975
2619.37	68.4818	0	99.2481
2621.86	68.4818	0	99.4987
2621.94	68.4818	0.165017	99.4987
2625.7	68.5644	0.0825083	99.4987
2631.42	68.6469	0	99.4987
2632.54	68.6881	0.0825083	99.4987
2698.09	68.7706	0	99.4987
2699.16	68.7706	0.0825083	99.4987
2773.04	68.8531	0	99.4987
2774.81	68.8531	0.0825083	99.4987
2782.04	68.9356	0	99.4987
2784.92	68.9769	0.0825083	99.4987
2803.36	69.0594	0	99.4987
2803.96	69.1007	0.0825083	99.4987
2806.22	69.1832	0	99.4987
2807.01	69.1832	0.0825083	99.4987
2855.48	69.2657	0	99.4987
2855.61	69.3069	0.0825083	99.4987
2873.63	69.3894	0	99.4987
2876.34	69.4307	0.0825083	99.4987
2892.22	69.5132	0	99.4987
2894.46	69.5132	0.0825083	99.4987
2897.2	69.5957	0	99.4987
2897.4	69.5957	0.165017	99.4987
2899.16	69.6782	0.0825083	99.4987
2905.12	69.7607	0	99.4987
2905.3	69.802	0.0825083	99.4987
2908.09	69.8845	0	99.4987
2908.67	69.9257	0.0825083	99.4987
2909.09	69.967	0.165017	99.4987
2909.45	70.0495	0.0825083	99.4987
2927.81	70.132	0	99.4987
2928.39	70.1733	0.0825083	99.4987
2934.57	70.2558	0	99.4987
2935.49	70.297	0.0825083	99.4987
2942.51	70.3795	0	99.4987
2943.35	70.4208	0.0825083	99.4987
2945.28	70.5033	0	99.4987
2947.99	70.5446	0.0825083	99.4987
2956.77	70.6271	0	99.4987
2959.08	70.6683	0.0825083	99.4987
2986.1	70.7508	0	99.4987
2986.75	70.7921	0.0825083	99.4987
3035.68	70.8746	0	99.4987
3036.35	70.8746	0	99.7494
3037.3	70.8746	0.0825083	99.7494
3049.4	70.9571	0	99.7494
3051.88	70.9571	0.165017	99.7494
3052.78	71.0396	0.0825083	99.7494
3176.62	71.1221	0	99.7494
3177.98	71.1221	0.0825083	99.7494
3190.03	71.2046	0	99.7494
3190.5	71.2459	0.0825083	99.7494
3191.58	71.3284	0	99.7494
3192.21	71.3284	0.165017	99.7494
3192.25	71.4109	0.0825083	99.7494
3262.28	71.4934	0	99.7494
3262.57	71.5347	0.0825083	99.7494
3319.3	71.6172	0	99.7494
3319.37	71.6172	0.165017	99.7494
3319.58	71.6997	0.0825083	99.7494
3360.41	71.7822	0	99.7494
3361.62	71.7822	0.165017	99.7494
3362.02	71.8647	0.0825083	99.7494
3388.92	71.9472	0	99.7494
3390.24	71.9884	0.0825083	99.7494
3395.56	72.071	0	99.7494
3395.99	72.071	0.165017	99.7494
3396.02	72.1535	0.0825083	99.7494
3450.95	72.236	0	99.7494
3451.13	72.2772	0.0825083	99.7494
3564.92	72.3597	0	99.7494
3565.13	72.3597	0.165017	99.7494
3571.97	72.4422	0.0825083	99.7494
3572.08	72.4422	0.247525	99.7494
3573.07	72.5247	0.165017	99.7494
3573.6	72.6073	0.0825083	99.7494
3586.09	72.6898	0	99.7494
3587.9	72.6898	0.0825083	99.7494
3588.22	72.7723	0	99.7494
3588.7	72.8135	0.0825083	99.7494
3617	72.896	0	99.7494
3617.75	72.9373	0.0825083	99.7494
3666.62	73.0198	0	99.7494
3667.99	73.0611	0.0825083	99.7494
3678.69	73.1436	0	99.7494
3678.71	73.1436	0.165017	99.7494
3680.63	73.2261	0.0825083	99.7494
3771.35	73.3086	0	99.7494
3771.75	73.3086	0.0825083	99.7494
3814.77	73.3911	0	99.7494
3814.85	73.4323	0.0825083	99.7494
3836.44	73.5149	0	99.7494
3837.29	73.5561	0.0825083	99.7494
3867.95	73.6386	0	99.7494
3875.01	73.6386	0.0825083	99.7494
3895.02	73.7211	0	99.7494
3896.35	73.7211	0.0825083	99.7494
3907.2	73.8036	0	99.7494
3925.64	73.8036	0	100
3925.74	73.8036	0.165017	100
3925.88	73.8861	0.0825083	100
3964.03	73.9686	0	100
3964.71	74.0099	0.0825083	100
3974.85	74.0924	0	100
3976.03	74.1337	0.0825083	100
4000.97	74.2162	0	100
4001.72	74.2162	0.165017	100
4001.81	74.2987	0.0825083	100
4022.84	74.3812	0	100
4022.91	74.4224	0.0825083	100
4027.91	74.505	0	100
4030.16	74.505	0.0825083	100
4089.33	74.5875	0	100
4089.35	74.6287	0.0825083	100
4110.5	74.7112	0	100
4113.06	74.7112	0.165017	100
4116.77	74.7937	0.0825083	100
4126.11	74.8762	0	100
4128.22	74.8762	0.165017	100
4129.48	74.9587	0.0825083	100
4179.84	75.0413	0	100
4181.25	75.0413	0.0825083	100
4258.88	75.1238	0	100
4259.02	75.1238	0.165017	100
4259.51	75.2063	0.0825083	100
4289.46	75.2888	0	100
4289.54	75.2888	0.165017	100
4289.84	75.3713	0.0825083	100
4295.03	75.4538	0	100
4296.33	75.4538	0.165017	100
4299.27	75.5363	0.0825083	100
4304.88	75.6188	0	100
4310.42	75.6601	0.0825083	100
4342.29	75.7426	0	100
4342.35	75.7426	0.165017	100
4342.54	75.8251	0.0825083	100
4451.92	75.9076	0	100
4453.16	75.9076	0.0825083	100
4491.47	75.9901	0	100
4491.89	76.0314	0.0825083	100
4519.22	76.1139	0	100
4519.3	76.1551	0.0825083	100
4544.7	76.2376	0	100
4545.35	76.2376	0.165017	100
4545.85	76.3201	0.0825083	100
4556.59	76.4026	0	100
4556.81	76.4439	0.0825083	100
4599.73	76.5264	0	100
4601.36	76.5264	0.0825083	100
4602.94	76.6089	0	100
4603.54	76.6502	0.0825083	100
4649.19	76.7327	0	100
4649.59	76.7739	0.0825083	100
4667.87	76.8564	0	100
4672.07	76.8977	0.0825083	100
4688.84	76.9802	0	100
4690.06	77.0215	0.0825083	100
4943.96	77.104	0	100
4944.24	77.104	0.0825083	100
4959.65	77.1865	0	100
4961.17	77.1865	0.0825083	100
5106.44	77.269	0	100
5107.63	77.269	0.165017	100
5108.54	77.3515	0.0825083	100
5117.63	77.434	0	100
5117.8	77.4753	0.0825083	100
5118.03	77.4753	0.165017	100
5118.48	77.5578	0.0825083	100
5133.03	77.6403	0	100
5133.79	77.6815	0.0825083	100
5159.25	77.764	0	100
5159.66	77.764	0.0825083	100
5255.26	77.8465	0	100
5255.53	77.8465	0.165017	100
5257.32	77.929	0.0825083	100
5269.65	78.0116	0	100
5269.99	78.0116	0.165017	100
5272.2	78.0941	0.0825083	100
5368.11	78.1766	0	100
5368.23	78.1766	0.0825083	100
5386.2	78.2591	0	100
5386.37	78.2591	0.0825083	100
5389.09	78.3416	0	100
5389.16	78.3416	0.165017	100
5390.68	78.4241	0.0825083	100
5487.23	78.5066	0	100
5488.71	78.5479	0.0825083	100
5525.41	78.6304	0	100
5525.73	78.6304	0.165017	100
5527.74	78.7129	0.0825083	100
5588.83	78.7954	0	100
5589.23	78.8366	0.0825083	100
5610.61	78.9191	0	100
5612.2	78.9604	0.0825083	100
5628	79.0429	0	100
5628.01	79.0429	0.165017	100
5630.6	79.1254	0.0825083	100
5663.68	79.2079	0	100
5663.69	79.2492	0.0825083	100
5673.47	79.3317	0	100
5674.07	79.3729	0.0825083	100
5723.79	79.4554	0	100
5723.86	79.4554	0.0825083	100
5912.93	79.538	0	100
5913.56	79.5792	0.0825083	100
5929.13	79.6617	0	100
5930.92	79.6617	0.165017	100
5933.21	79.7442	0.0825083	100
5961	79.8267	0	100
5961.38	79.868	0.0825083	100
6053.56	79.9505	0	100
6054.76	79.9918	0.0825083	100
6064.18	80.0743	0	100
6065.23	80.1155	0.0825083	100
6065.49	80.198	0	100
6066.01	80.2393	0.0825083	100
6095.05	80.3218	0	100
6095.14	80.3218	0.165017	100
6095.88	80.4043	0.0825083	100
6146.74	80.4868	0	100
6148.56	80.5281	0.0825083	100
6173.27	80.6106	0	100
6175.61	80.6518	0.0825083	100
6187.78	80.7343	0	100
6187.89	80.7343	0.0825083	100
6192.79	80.8168	0	100
6192.79	80.8168	0.165017	100
6193.66	80.8993	0.0825083	100
6326.1	80.9818	0	100
6326.66	80.9818	0.0825083	100
6345.5	81.0644	0	100
6346.35	81.1056	0.0825083	100
6407.75	81.1881	0	100
6407.89	81.2294	0.0825083	100
6425.06	81.3119	0	100
6425.25	81.3119	0.165017	100
6426.14	81.3944	0.0825083	100
6434.65	81.4769	0	100
6436.44	81.5182	0.0825083	100
6479.77	81.6007	0	100
6480.41	81.6007	0.0825083	100
6512.25	81.6832	0	100
6513.22	81.7244	0.0825083	100
6519.07	81.8069	0	100
6519.58	81.8069	0.165017	100
6519.99	81.8894	0.0825083	100
6556.26	81.9719	0	100
6556.49	81.9719	0.0825083	100
6702.49	82.0545	0	100
6704.86	82.0957	0.0825083	100
6744.9	82.1782	0	100
6745.74	82.2195	0.0825083	100
6756.1	82.302	0	100
6757.91	82.3432	0.0825083	100
6785.34	82.4257	0	100
6785.52	82.4257	0.165017	100
6787.37	82.5082	0.0825083	100
6833.22	82.5908	0	100
6833.8	82.5908	0.0825083	100
6850.36	82.6733	0	100
6850.87	82.7145	0.0825083	100
6972.26	82.797	0	100
6974.18	82.8383	0.0825083	100
7044.6	82.9208	0	100
7046.58	82.962	0.0825083	100
7105.86	83.0446	0	100
7108.39	83.0858	0.0825083	100
7177.12	83.1683	0	100
7177.76	83.1683	0.165017	100
7179.32	83.2508	0.0825083	100
7310.2	83.3333	0	100
7313.73	83.3746	0.0825083	100
7384.85	83.4571	0	100
7385.04	83.4571	0.165017	100
7385.46	83.5396	0.0825083	100
7423.86	83.6221	0	100
7425.41	83.6221	0.0825083	100
7435.3	83.7046	0	100
7435.89	83.7046	0.0825083	100
7457.35	83.7871	0	100
7458.16	83.8284	0.0825083	100
7498.66	83.9109	0	100
7501.41	83.9521	0.0825083	100
7642.52	84.0347	0	100
7643.29	84.0759	0.0825083	100
7743.27	84.1584	0	100
7743.95	84.1997	0.0825083	100
7771.26	84.2822	0	100
7771.95	84.3234	0.0825083	100
7795.78	84.4059	0	100
7796.97	84.4472	0.0825083	100
7846.97	84.5297	0	100
7849.8	84.571	0.0825083	100
7858.92	84.6535	0	100
7859.6	84.6535	0.0825083	100
7990.33	84.736	0	100
7994.11	84.7772	0.0825083	100
7998.96	84.8597	0	100
8000.52	84.8597	0.0825083	100
8061.26	84.9422	0	100
8062.68	84.9422	0.165017	100
8064.13	85.0247	0.0825083	100
8067.66	85.1073	0	100
8068.68	85.1485	0.0825083	100
8096.4	85.231	0	100
8096.75	85.231	0.165017	100
8099.45	85.3135	0.0825083	100
8198.06	85.396	0	100
8199.8	85.4373	0.0825083	100
8486.97	85.5198	0	100
8488.98	85.5611	0.0825083	100
8595.63	85.6436	0	100
8595.72	85.6848	0.0825083	100
8837.34	85.7673	0	100
8837.79	85.8086	0.0825083	100
8873.63	85.8911	0	100
8874	85.8911	0.165017	100
8877.19	85.9736	0.0825083	100
8946.15	86.0561	0	100
8947.06	86.0974	0.0825083	100
9050.48	86.1799	0	100
9050.95	86.1799	0.0825083	100
9101.49	86.2624	0	100
9102.3	86.3036	0.0825083	100
9106.95	86.3861	0	100
9107.95	86.4274	0.0825083	100
9158.16	86.5099	0	100
9159.29	86.5512	0.0825083	100
9162.79	86.6337	0	100
9163.12	86.6337	0.165017	100
9163.59	86.7162	0.0825083	100
9184.07	86.7987	0	100
9185.03	86.7987	0.165017	100
9192.18	86.8812	0.0825083	100
9248	86.9637	0	100
9251.05	87.005	0.0825083	100
9270.63	87.0875	0	100
9272.45	87.1287	0.0825083	100
9347.04	87.2112	0	100
9347.14	87.2525	0.0825083	100
9352.83	87.335	0	100
9352.86	87.3762	0.0825083	100
9357.58	87.4587	0	100
9357.74	87.4587	0.0825083	100
9358.72	87.5413	0	100
9360.81	87.5825	0.0825083	100
9447.31	87.665	0	100
9447.61	87.665	0.165017	100
9448.68	87.7475	0.0825083	100
9576.07	87.83	0	100
9576.37	87.83	0.165017	100
9579.18	87.9125	0.0825083	100
9712.85	87.995	0	100
9712.88	88.0363	0.0825083	100
9748.03	88.1188	0	100
9749.64	88.1601	0.0825083	100
9781.02	88.2426	0	100
9781.5	88.2426	0.165017	100
9781.82	88.3251	0.0825083	100
9790.41	88.4076	0	100
9792.9	88.4488	0.0825083	100
9810.75	88.5314	0	100
9812.35	88.5726	0.0825083	100
9820.74	88.6551	0	100
9821.58	88.6964	0.0825083	100
9930.36	88.7789	0	100
9932.95	88.8201	0.0825083	100
10082.2	88.9026	0	100
10082.8	88.9026	0.165017	100
10084.2	88.9851	0.0825083	100
10129.2	89.0677	0	100
10129.4	89.1089	0.0825083	100
10258	89.1914	0	100
10258.7	89.1914	0.0825083	100
10514.4	89.2739	0	100
10514.4	89.3152	0.0825083	100
10523.4	89.3977	0	100
10524	89.3977	0.0825083	100
10729.5	89.4802	0	100
10729.6	89.4802	0.165017	100
10729.7	89.5627	0.0825083	100
10798	89.6452	0	100
10798.7	89.6452	0.165017	100
10799.4	89.7277	0.0825083	100
10999.4	89.8102	0	100
10999.5	89.8102	0.165017	100
10999.8	89.8927	0.0825083	100
11024.2	89.9753	0	100
11024.7	90.0165	0.0825083	100
11166.2	90.099	0	100
11167	90.099	0.165017	100
11167.2	90.1815	0.0825083	100
11185.6	90.264	0	100
11186.8	90.3053	0.0825083	100
11215.9	90.3878	0	100
11218.8	90.429	0.0825083	100
11222.7	90.5116	0	100
11224.6	90.5528	0.0825083	100
11447.1	90.6353	0	100
11448.3	90.6766	0.0825083	100
11475.4	90.7591	0	100
11476.6	90.7591	0.0825083	100
11500.9	90.8416	0	100
11503.8	90.8828	0.0825083	100
11596.7	90.9653	0	100
11597.5	91.0066	0.0825083	100
11805.1	91.0891	0	100
11805.3	91.0891	0.165017	100
11806.6	91.1716	0.0825083	100
11929	91.2541	0	100
11929.3	91.2541	0.165017	100
11929.4	91.3366	0.0825083	100
11934.7	91.4191	0	100
11938.6	91.4604	0.0825083	100
11984.5	91.5429	0	100
11986.5	91.5842	0.0825083	100
12131.3	91.6667	0	100
12132	91.6667	0.165017	100
12133.4	91.7492	0.0825083	100
12194.6	91.8317	0	100
12197.8	91.8729	0.0825083	100
12229.7	91.9554	0	100
12230.3	91.9967	0.0825083	100
12269	92.0792	0	100
12270.9	92.1205	0.0825083	100
13065.8	92.203	0	100
13065.9	92.203	0.165017	100
13066.3	92.2855	0.0825083	100
13092.6	92.368	0	100
13093	92.4092	0.0825083	100
13335	92.4918	0	100
13340.2	92.533	0.0825083	100
14018.1	92.6155	0	100
14018.4	92.6568	0.0825083	100
14196.1	92.7393	0	100
14196.9	92.7393	0.0825083	100
14407.2	92.8218	0	100
14407.4	92.863	0.0825083	100
14605.3	92.9455	0	100
14607.3	92.9868	0.0825083	100
14645	93.0693	0	100
14645.2	93.1106	0.0825083	100
14777.2	93.1931	0	100
14778.7	93.2343	0.0825083	100
14782.5	93.3168	0	100
14782.6	93.3581	0.0825083	100
14822.6	93.4406	0	100
14822.9	93.4818	0.0825083	100
14845.8	93.5644	0	100
14846	93.6056	0.0825083	100
14856.7	93.6881	0	100
14856.9	93.7294	0.0825083	100
15030.3	93.8119	0	100
15031.6	93.8119	0.165017	100
15032.4	93.8944	0.0825083	100
15085.2	93.9769	0	100
15085.2	94.0182	0.0825083	100
15199	94.1007	0	100
15199.4	94.1007	0.165017	100
15200	94.1832	0.0825083	100
16003.7	94.2657	0	100
16005.8	94.2657	0.165017	100
16005.9	94.3482	0.0825083	100
16281.9	94.4307	0	100
16283.6	94.4719	0.0825083	100
16356.8	94.5545	0	100
16357.8	94.5957	0.0825083	100
16386.6	94.6782	0	100
16387.5	94.6782	0.165017	100
16387.8	94.7607	0.0825083	100
16812.8	94.8432	0	100
16813	94.8845	0.0825083	100
16907.4	94.967	0	100
16908.6	94.967	0.0825083	100
16916.1	95.0495	0	100
16916.7	95.0495	0.165017	100
16918	95.132	0.0825083	100
16993.1	95.2145	0	100
16993.7	95.2558	0.0825083	100
17875.1	95.3383	0	100
17876.1	95.3795	0.0825083	100
17970.9	95.462	0	100
17972.1	95.5033	0.0825083	100
18185.5	95.5858	0	100
18185.8	95.5858	0.165017	100
18186.1	95.6683	0.0825083	100
18431	95.7508	0	100
18431	95.7508	0.165017	100
18431.4	95.8333	0.0825083	100
18478.9	95.9158	0	100
18480.1	95.9571	0.0825083	100
18959.9	96.0396	0	100
18960.1	96.0809	0.0825083	100
19565.6	96.1634	0	100
19566.3	96.2046	0.0825083	100
19716.2	96.2871	0	100
19716.2	96.2871	0.165017	100
19717.3	96.3696	0.0825083	100
20318.9	96.4521	0	100
20319	96.4521	0.165017	100
20319.1	96.5347	0.0825083	100
20319.3	96.5759	0.165017	100
20319.4	96.6584	0.0825083	100
20367.8	96.7409	0	100
20368.9	96.7409	0.0825083	100
21003.1	96.8234	0	100
21003.4	96.8647	0.0825083	100
21062.2	96.9472	0	100
21064.1	96.9472	0.0825083	100
21783.5	97.0297	0	100
21784.3	97.0297	0.0825083	100
22526	97.1122	0	100
22526	97.1122	0.165017	100
22528.3	97.1947	0.0825083	100
22577.9	97.2772	0	100
22579.7	97.3185	0.0825083	100
22868	97.401	0	100
22868.9	97.4422	0.0825083	100
23132.1	97.5247	0	100
23132.7	97.566	0.0825083	100
24860.2	97.6485	0	100
24860.3	97.6898	0.0825083	100
25424.1	97.7723	0	100
25426.1	97.7723	0.165017	100
25426.5	97.8548	0.0825083	100
25655.9	97.9373	0	100
25656.4	97.9373	0.165017	100
25656.5	98.0198	0.0825083	100
25811.8	98.1023	0	100
25812.6	98.1023	0.165017	100
25813.8	98.1848	0.0825083	100
26603.1	98.2673	0	100
26605.8	98.3086	0.0825083	100
26693.8	98.3911	0	100
26696.3	98.3911	0.0825083	100
27026.1	98.4736	0	100
27026.6	98.4736	0.165017	100
27027	98.5561	0.0825083	100
27168.4	98.6386	0	100
27169.3	98.6799	0.0825083	100
27799.1	98.7624	0	100
27801.9	98.8036	0.0825083	100
27860.7	98.8861	0	100
27860.9	98.9274	0.0825083	100
28220.6	99.0099	0	100
28221	99.0512	0.0825083	100
29885.3	99.1337	0	100
29885.9	99.1337	0.165017	100
29887	99.2162	0.0825083	100
33687.8	99.2987	0	100
33688	99.2987	0.165017	100
33688.8	99.3812	0.0825083	100
36030.2	99.4637	0	100
36030.3	99.505	0.0825083	100
36549.1	99.5875	0	100
36549.5	99.6287	0.0825083	100
39123.2	99.7112	0	100
39123.5	99.7525	0.0825083	100
59540.4	99.835	0	100
59540.8	99.835	0.165017	100
59542.2	99.9175	0.0825083	100
