5.31909e-05	0	0	0
5.83018e-05	0	0	0
6.46035e-05	0	0	0
0.000107136	0	0	0
0.000108098	0	0	0
0.00012063	0	0	0
0.000123244	0	0	0
0.000124328	0	0	0
0.00012803	0	0	0
0.00013184	0	0	0
0.000152279	0	0	0
0.000156716	0	0	0
0.000165966	0	0	0
0.000167518	0	0	0
0.000176408	0	0	0
0.000181131	0	0	0
0.000205175	0	0	0
0.000230463	0	0	0
0.000231092	0	0	0
0.000255168	0	0	0
0.000258155	0	0	0
0.000258731	0	0	0
0.00026491	0	0	0
0.000294984	0	0	0
0.000302855	0	0	0
0.000306894	0	0	0
0.000316512	0	0	0
0.000320573	0	0	0
0.000344431	0	0	0
0.000356533	0	0	0
0.000357409	0	0	0
0.00037119	0	0	0
0.000374066	0	0	0
0.00037528	0	0	0
0.000378123	0	0	0
0.000382905	0	0	0
0.000405317	0	0	0
0.000424178	0	0	0
0.000431994	0	0	0
0.000486201	0	0	0
0.000498152	0	0	0
0.000511178	0	0	0
0.000520764	0	0	0
0.00052594	0	0	0
0.000571861	0	0	0
0.000575126	0	0	0
0.000578838	0	0	0
0.000582899	0	0	0
0.000612514	0	0	0
0.000629653	0	0	0
0.000644612	0	0	0
0.000651067	0	0	0
0.000661426	0	0	0
0.000704003	0	0	0
0.000706241	0	0	0
0.000737927	0	0	0
0.000762533	0	0	0
0.000772019	0	0	0
0.000783268	0	0	0
0.000784989	0	0	0
0.000790152	0	0	0
0.000791557	0	0	0
0.000861546	0	0	0
0.000875721	0	0	0
0.000882833	0	0	0
0.000885124	0	0	0
0.000913035	0	0	0
0.000913936	0	0	0
0.000973336	0	0	0
0.000974189	0	0	0
0.000995304	0	0	0
0.00101156	0	0	0
0.0010273	0	0	0
0.00102834	0	0	0
0.00103954	0	0	0
0.00104675	0	0	0
0.0010469	0	0	0
0.0010532	0	0	0
0.0010693	0	0	0
0.00107922	0	0	0.125471
0.00108083	0	0	0.125471
0.00109961	0	0	0.125471
0.00110776	0	0	0.125471
0.00112679	0	0	0.125471
0.00115614	0	0	0.125471
0.00119575	0	0	0.125471
0.00120685	0	0	0.125471
0.0012213	0	0	0.125471
0.0012308	0	0	0.125471
0.00123516	0	0	0.125471
0.001238	0	0	0.125471
0.00126093	0	0	0.125471
0.00127118	0	0	0.125471
0.00128052	0	0	0.125471
0.00128169	0	0	0.125471
0.00128579	0	0	0.125471
0.00128889	0	0	0.125471
0.00128896	0	0	0.125471
0.00129084	0	0	0.125471
0.00129444	0	0	0.125471
0.00130522	0	0	0.125471
0.00131161	0	0	0.125471
0.00131986	0	0	0.125471
0.00132768	0	0	0.125471
0.00134642	0	0	0.125471
0.00135143	0	0	0.125471
0.0013545	0	0	0.125471
0.00136009	0	0	0.125471
0.0013615	0	0	0.125471
0.00136163	0	0	0.125471
0.00136653	0	0	0.125471
0.00137689	0	0	0.125471
0.00137807	0	0	0.125471
0.00141767	0	0	0.125471
0.00142504	0	0	0.125471
0.00143528	0	0	0.125471
0.00144454	0	0	0.125471
0.00144467	0	0	0.125471
0.00147003	0	0	0.125471
0.00147109	0	0	0.125471
0.00148145	0	0	0.125471
0.00148214	0	0	0.125471
0.00148579	0	0	0.125471
0.00148635	0	0	0.125471
0.0014872	0	0	0.125471
0.0014977	0	0	0.125471
0.0015252	0	0	0.125471
0.00153264	0	0	0.125471
0.00153541	0	0	0.125471
0.00155053	0	0	0.125471
0.00158434	0	0	0.125471
0.00158509	0	0	0.125471
0.00159057	0	0	0.125471
0.00159504	0	0	0.125471
0.00160571	0	0	0.125471
0.00163483	0	0	0.125471
0.0016362	0	0	0.125471
0.00164006	0	0	0.125471
0.00165669	0	0	0.125471
0.00166029	0	0	0.125471
0.00166659	0	0	0.125471
0.00167105	0	0	0.125471
0.00172031	0	0	0.125471
0.00172484	0	0	0.125471
0.00173737	0	0	0.125471
0.00173835	0	0	0.125471
0.00173945	0	0	0.125471
0.00175256	0	0	0.125471
0.001786	0	0	0.125471
0.00178911	0	0	0.125471
0.00178953	0	0	0.125471
0.00180036	0	0	0.125471
0.00181996	0	0	0.125471
0.00184387	0	0	0.125471
0.00184789	0	0	0.125471
0.00186012	0	0	0.125471
0.00187099	0	0	0.125471
0.00187919	0	0	0.125471
0.00188057	0	0	0.125471
0.00188431	0	0	0.125471
0.00189783	0	0	0.125471
0.0019314	0	0	0.125471
0.00193408	0	0	0.125471
0.00193541	0	0	0.125471
0.00194929	0	0	0.125471
0.00195758	0	0	0.125471
0.00197469	0	0	0.125471
0.00198849	0	0	0.125471
0.00200755	0	0	0.125471
0.00201118	0	0	0.125471
0.00201623	0	0	0.125471
0.00201909	0	0	0.125471
0.00202126	0	0	0.125471
0.00203103	0	0	0.125471
0.00203185	0	0	0.125471
0.00204981	0	0	0.125471
0.00205123	0	0	0.125471
0.00205618	0	0	0.125471
0.00208023	0	0	0.125471
0.00209631	0	0	0.125471
0.00210177	0	0	0.125471
0.00210261	0	0	0.125471
0.00212781	0	0	0.125471
0.00213709	0	0	0.125471
0.00215069	0	0	0.125471
0.00218152	0	0	0.125471
0.00219665	0	0	0.125471
0.00222031	0	0	0.125471
0.00222884	0	0	0.125471
0.00226899	0	0	0.125471
0.00227006	0	0	0.125471
0.00227069	0	0	0.125471
0.00227781	0	0	0.125471
0.00228918	0	0	0.125471
0.00232114	0	0	0.125471
0.00235601	0	0	0.125471
0.0023628	0	0	0.125471
0.00236836	0	0	0.125471
0.00236964	0	0	0.125471
0.00237146	0	0	0.125471
0.00238066	0	0	0.125471
0.00240012	0	0	0.125471
0.0024213	0	0	0.125471
0.0024265	0	0	0.125471
0.00243542	0	0	0.125471
0.00244005	0	0	0.125471
0.00244157	0	0	0.125471
0.00244419	0	0	0.125471
0.00244611	0	0	0.125471
0.00246328	0	0	0.125471
0.00250251	0	0	0.125471
0.00250449	0	0	0.125471
0.00252211	0	0	0.125471
0.00252411	0	0	0.125471
0.0025256	0	0	0.125471
0.00254733	0	0	0.125471
0.00256395	0	0	0.125471
0.0025664	0	0	0.125471
0.0025726	0	0	0.125471
0.00259541	0	0	0.125471
0.00260028	0	0	0.125471
0.00260633	0	0	0.125471
0.00261543	0	0	0.125471
0.00262134	0	0	0.125471
0.00262181	0	0	0.125471
0.00263126	0	0	0.125471
0.00263492	0	0	0.125471
0.00263519	0	0	0.125471
0.00263599	0	0	0.125471
0.00263742	0	0	0.125471
0.00264289	0	0	0.125471
0.00264416	0	0	0.125471
0.00265159	0	0	0.125471
0.00265523	0	0	0.125471
0.00265767	0	0	0.125471
0.00266337	0	0	0.125471
0.00266358	0	0	0.125471
0.00266499	0	0	0.125471
0.00266501	0	0	0.125471
0.00266818	0	0	0.125471
0.00267992	0	0	0.125471
0.00268011	0	0	0.125471
0.00268303	0	0	0.125471
0.00269604	0	0	0.125471
0.00269794	0	0	0.125471
0.00270214	0	0	0.125471
0.00270724	0	0	0.125471
0.00271159	0	0	0.125471
0.00272123	0	0	0.125471
0.00273406	0	0	0.125471
0.00277536	0	0	0.125471
0.00277835	0	0	0.125471
0.00280552	0	0	0.125471
0.00280753	0	0	0.125471
0.00281667	0	0	0.125471
0.0028174	0	0	0.125471
0.00285721	0	0	0.125471
0.00285925	0	0	0.125471
0.00287125	0	0	0.125471
0.00287898	0	0	0.125471
0.00291897	0	0	0.125471
0.0029216	0	0	0.125471
0.00292383	0	0	0.125471
0.00294544	0	0	0.125471
0.00296642	0	0	0.125471
0.00298298	0	0	0.125471
0.00298664	0	0	0.125471
0.00298811	0	0	0.125471
0.00300126	0	0	0.125471
0.00303261	0	0	0.125471
0.00306303	0	0	0.125471
0.00307756	0	0	0.125471
0.00309027	0	0	0.125471
0.00313292	0	0	0.125471
0.00313309	0	0	0.125471
0.00318555	0	0	0.125471
0.00322591	0	0	0.125471
0.00326357	0	0	0.125471
0.00327649	0	0	0.125471
0.00331198	0	0	0.125471
0.00331458	0	0	0.125471
0.00334554	0	0	0.125471
0.00338062	0	0	0.125471
0.00342285	0	0	0.125471
0.0034281	0	0	0.125471
0.00343589	0	0	0.125471
0.00354443	0	0	0.125471
0.00356221	0	0	0.125471
0.00359401	0	0	0.125471
0.00362465	0	0	0.125471
0.00366245	0	0	0.125471
0.00368655	0	0	0.125471
0.00368785	0	0	0.125471
0.00370453	0	0	0.125471
0.00371765	0	0	0.125471
0.00372647	0	0	0.125471
0.00372963	0	0	0.125471
0.00373693	0	0	0.125471
0.0037442	0	0	0.125471
0.00374998	0	0	0.125471
0.0037761	0	0	0.125471
0.00381235	0	0	0.125471
0.00386926	0	0	0.125471
0.00390953	0	0	0.125471
0.00392228	0	0	0.125471
0.0039349	0	0	0.125471
0.0039553	0	0	0.125471
0.00397679	0	0	0.125471
0.00400759	0	0	0.125471
0.00403063	0	0	0.125471
0.00404634	0	0	0.125471
0.00407852	0	0	0.125471
0.00408155	0	0	0.125471
0.00408398	0	0	0.125471
0.0040861	0	0	0.125471
0.00409206	0	0	0.125471
0.00410863	0	0	0.125471
0.00411238	0	0	0.125471
0.00413805	0	0	0.125471
0.0041454	0	0	0.125471
0.00415764	0	0	0.125471
0.00415839	0	0	0.125471
0.00417837	0	0	0.125471
0.00418932	0	0	0.125471
0.00421162	0	0	0.125471
0.00423721	0	0	0.125471
0.00425489	0	0	0.125471
0.00425983	0	0	0.125471
0.00426146	0	0	0.125471
0.00427855	0	0	0.125471
0.00428389	0	0	0.125471
0.0043117	0	0	0.125471
0.00431731	0	0	0.125471
0.00434134	0	0	0.125471
0.00437471	0	0	0.125471
0.00439237	0	0	0.125471
0.00442002	0	0	0.125471
0.0044582	0	0	0.125471
0.00448806	0	0	0.125471
0.00450236	0	0	0.125471
0.00456731	0	0	0.125471
0.00457043	0	0	0.125471
0.00459962	0	0	0.125471
0.00460726	0	0	0.125471
0.00463229	0	0	0.125471
0.0047044	0	0	0.125471
0.0047139	0	0	0.125471
0.0047245	0	0	0.125471
0.00476096	0	0	0.125471
0.00477341	0	0	0.125471
0.00478728	0	0	0.125471
0.00480106	0	0	0.125471
0.00487806	0	0	0.125471
0.00487906	0	0	0.125471
0.00491497	0	0	0.125471
0.00493864	0	0	0.125471
0.00493902	0	0	0.125471
0.00496497	0	0	0.125471
0.00499209	0	0	0.125471
0.00501095	0	0	0.125471
0.00502406	0	0	0.125471
0.00507164	0	0	0.125471
0.00510714	0	0	0.125471
0.00511002	0	0	0.125471
0.00511719	0	0	0.125471
0.00514119	0	0	0.125471
0.00516675	0	0	0.125471
0.00520574	0	0	0.125471
0.00522131	0	0	0.125471
0.00523464	0	0	0.125471
0.00527697	0	0	0.125471
0.00531369	0	0	0.125471
0.00533618	0	0	0.125471
0.00537575	0	0	0.125471
0.00537887	0	0	0.125471
0.00544298	0	0	0.125471
0.00549083	0	0	0.125471
0.00552205	0	0	0.125471
0.00560356	0	0	0.125471
0.00569028	0	0	0.125471
0.00569128	0	0	0.125471
0.00571168	0	0	0.125471
0.00574602	0	0	0.125471
0.00577691	0	0	0.125471
0.00588272	0	0	0.125471
0.00589244	0	0	0.125471
0.00593421	0	0	0.125471
0.00606428	0	0	0.125471
0.00606955	0	0	0.125471
0.0060698	0	0	0.125471
0.00607339	0	0	0.125471
0.00608727	0	0	0.125471
0.00609973	0	0	0.125471
0.00610129	0	0	0.125471
0.00611804	0	0	0.125471
0.00621513	0	0	0.125471
0.00621959	0	0	0.125471
0.00621973	0	0	0.125471
0.00625364	0	0	0.125471
0.00626324	0	0	0.125471
0.00631456	0	0	0.125471
0.00635829	0	0	0.125471
0.00640843	0	0	0.125471
0.00666895	0	0	0.125471
0.00673158	0	0	0.125471
0.00679457	0	0	0.125471
0.00682322	0	0	0.125471
0.00683639	0	0	0.125471
0.00687539	0	0	0.125471
0.00689838	0	0	0.125471
0.00696423	0	0	0.125471
0.00700611	0	0	0.125471
0.00701014	0	0	0.125471
0.00701563	0	0	0.125471
0.00702204	0	0	0.125471
0.00703431	0	0	0.125471
0.00705463	0	0	0.125471
0.00711615	0	0	0.125471
0.00716663	0	0	0.125471
0.00723112	0	0	0.125471
0.00724062	0	0	0.125471
0.00726412	0	0	0.125471
0.00730322	0	0	0.125471
0.00733311	0	0	0.125471
0.0074001	0	0	0.125471
0.00747159	0	0	0.125471
0.00757033	0	0	0.125471
0.00766137	0	0	0.125471
0.00766344	0	0	0.125471
0.00774301	0	0	0.125471
0.00793469	0	0	0.125471
0.00823484	0	0	0.125471
0.00826835	0	0	0.125471
0.00842189	0	0	0.125471
0.0084307	0	0	0.125471
0.00848143	0	0	0.125471
0.00854704	0	0	0.125471
0.00868816	0	0	0.125471
0.00872478	0	0	0.125471
0.00876038	0	0	0.125471
0.00895723	0	0	0.125471
0.00899475	0	0	0.125471
0.0091505	0	0	0.125471
0.00938663	0	0	0.125471
0.00951838	0	0	0.125471
0.00975589	0	0	0.125471
0.0100337	0	0	0.125471
0.0100681	0	0	0.125471
0.0107419	0	0	0.125471
0.0195681	0	0	0.125471
0.0221729	0.0412541	0.0825083	0.125471
0.0304195	0.0412541	0.0825083	0.125471
0.0641976	0.123762	0	0.125471
0.0653468	0.123762	0	0.250941
0.0662233	0.123762	0	0.250941
0.0754265	0.123762	0	0.250941
0.0777715	0.165017	0.0825083	0.250941
0.084177	0.247525	0	0.250941
0.0852916	0.247525	0	0.250941
0.0861836	0.247525	0	0.250941
0.0879034	0.247525	0.0825083	0.250941
0.0888456	0.288779	0.165017	0.250941
0.0918257	0.371287	0.0825083	0.250941
0.0923391	0.371287	0.165017	0.250941
0.0935549	0.453795	0.0825083	0.250941
0.0987922	0.536304	0	0.250941
0.101078	0.536304	0	0.250941
0.102527	0.536304	0	0.250941
0.104804	0.536304	0	0.250941
0.112748	0.536304	0	0.250941
0.118226	0.536304	0	0.250941
0.122335	0.536304	0	0.250941
0.132451	0.536304	0	0.250941
0.133505	0.577558	0.0825083	0.250941
0.134972	0.660066	0	0.250941
0.147274	0.660066	0	0.250941
0.161017	0.660066	0	0.250941
0.165174	0.660066	0	0.250941
0.168303	0.660066	0	0.250941
0.170582	0.660066	0	0.376412
0.171563	0.660066	0	0.376412
0.174357	0.660066	0.0825083	0.376412
0.175822	0.742574	0	0.376412
0.178809	0.742574	0	0.376412
0.180965	0.742574	0	0.376412
0.181084	0.742574	0.165017	0.376412
0.182205	0.742574	0.165017	0.376412
0.18342	0.825082	0.0825083	0.376412
0.184622	0.825082	0.0825083	0.501882
0.184673	0.907591	0	0.501882
0.189912	0.907591	0	0.501882
0.211566	0.907591	0	0.501882
0.211857	0.907591	0	0.501882
0.213864	0.907591	0	0.501882
0.214971	0.948845	0.0825083	0.501882
0.220515	1.03135	0	0.501882
0.225471	1.03135	0	0.501882
0.238249	1.03135	0	0.501882
0.24078	1.03135	0.165017	0.501882
0.240951	1.11386	0.0825083	0.501882
0.243215	1.19637	0	0.501882
0.24797	1.19637	0	0.501882
0.248773	1.19637	0	0.627353
0.25087	1.19637	0	0.627353
0.252428	1.19637	0.0825083	0.627353
0.27076	1.27888	0	0.627353
0.27154	1.27888	0.165017	0.627353
0.271987	1.36139	0.0825083	0.627353
0.281446	1.44389	0	0.627353
0.287941	1.48515	0.0825083	0.627353
0.294295	1.56766	0	0.627353
0.303298	1.56766	0	0.627353
0.303969	1.56766	0.0825083	0.627353
0.30411	1.65016	0	0.627353
0.304745	1.65016	0.0825083	0.627353
0.305065	1.73267	0	0.627353
0.30519	1.73267	0	0.627353
0.305582	1.73267	0	0.627353
0.306043	1.73267	0	0.627353
0.307217	1.73267	0	0.627353
0.30804	1.73267	0	0.627353
0.308389	1.73267	0	0.627353
0.309015	1.73267	0	0.627353
0.30968	1.73267	0	0.627353
0.310227	1.73267	0	0.627353
0.311951	1.73267	0	0.627353
0.313801	1.73267	0	0.627353
0.31509	1.73267	0	0.627353
0.315416	1.73267	0	0.627353
0.319363	1.73267	0	0.627353
0.325028	1.73267	0	0.627353
0.326765	1.73267	0	0.627353
0.326875	1.73267	0	0.627353
0.337629	1.73267	0	0.752823
0.341214	1.73267	0	0.752823
0.35381	1.73267	0.0825083	0.752823
0.371046	1.73267	0.0825083	0.752823
0.372172	1.73267	0.0825083	0.752823
0.381883	1.73267	0.0825083	0.878294
0.382311	1.77393	0.165017	0.878294
0.387709	1.85644	0.0825083	0.878294
0.387726	1.85644	0.0825083	0.878294
0.388721	1.85644	0.0825083	0.878294
0.39043	1.85644	0.0825083	0.878294
0.400383	1.85644	0.0825083	0.878294
0.403661	1.85644	0.0825083	0.878294
0.403953	1.85644	0.0825083	0.878294
0.40748	1.85644	0.0825083	1.00376
0.408426	1.85644	0.165017	1.00376
0.412589	1.93894	0.0825083	1.00376
0.421557	1.93894	0.0825083	1.00376
0.425251	1.93894	0.0825083	1.00376
0.434346	1.93894	0.0825083	1.00376
0.444052	1.93894	0.0825083	1.12923
0.444578	1.93894	0.0825083	1.12923
0.447882	1.93894	0.0825083	1.12923
0.452717	1.93894	0.165017	1.12923
0.454113	2.02145	0.0825083	1.12923
0.454548	2.02145	0.165017	1.12923
0.45854	2.02145	0.165017	1.12923
0.460683	2.02145	0.165017	1.12923
0.462499	2.02145	0.330033	1.12923
0.463262	2.10396	0.247525	1.12923
0.474543	2.18647	0.165017	1.12923
0.474757	2.18647	0.330033	1.12923
0.475187	2.26898	0.247525	1.12923
0.490686	2.35149	0.165017	1.12923
0.491082	2.35149	0.165017	1.25471
0.49623	2.35149	0.165017	1.38018
0.500385	2.35149	0.165017	1.38018
0.500907	2.35149	0.165017	1.38018
0.502624	2.35149	0.165017	1.38018
0.502921	2.39274	0.247525	1.38018
0.506023	2.47525	0.165017	1.38018
0.511243	2.47525	0.165017	1.38018
0.518196	2.47525	0.165017	1.38018
0.532748	2.47525	0.165017	1.50565
0.540303	2.47525	0.165017	1.63112
0.541316	2.47525	0.165017	1.63112
0.552701	2.47525	0.165017	1.75659
0.553962	2.5165	0.247525	1.75659
0.557001	2.59901	0.165017	1.75659
0.560036	2.59901	0.247525	1.75659
0.562961	2.59901	0.247525	1.75659
0.564213	2.59901	0.247525	1.75659
0.567397	2.59901	0.247525	1.75659
0.568491	2.59901	0.247525	1.88206
0.573668	2.59901	0.247525	2.00753
0.575513	2.59901	0.247525	2.00753
0.575814	2.59901	0.330033	2.00753
0.576336	2.68152	0.247525	2.00753
0.578255	2.68152	0.247525	2.00753
0.584058	2.68152	0.247525	2.00753
0.587541	2.68152	0.247525	2.133
0.601753	2.68152	0.247525	2.133
0.605437	2.68152	0.247525	2.25847
0.608741	2.68152	0.247525	2.25847
0.611745	2.68152	0.247525	2.25847
0.612565	2.68152	0.247525	2.25847
0.622161	2.68152	0.247525	2.25847
0.623773	2.68152	0.247525	2.25847
0.636173	2.68152	0.330033	2.25847
0.650777	2.68152	0.330033	2.38394
0.654631	2.68152	0.330033	2.38394
0.656744	2.68152	0.330033	2.38394
0.659825	2.68152	0.330033	2.38394
0.660626	2.68152	0.412541	2.38394
0.66261	2.68152	0.412541	2.38394
0.663722	2.68152	0.412541	2.38394
0.664951	2.68152	0.412541	2.50941
0.665362	2.68152	0.412541	2.50941
0.668965	2.68152	0.412541	2.50941
0.672871	2.68152	0.412541	2.63488
0.677444	2.68152	0.412541	2.76035
0.685853	2.68152	0.412541	2.88582
0.687435	2.68152	0.412541	3.01129
0.690011	2.72277	0.49505	3.01129
0.690468	2.80528	0.412541	3.01129
0.691759	2.80528	0.412541	3.01129
0.696146	2.80528	0.412541	3.01129
0.700057	2.80528	0.412541	3.01129
0.71331	2.80528	0.412541	3.01129
0.713604	2.80528	0.412541	3.01129
0.718783	2.80528	0.412541	3.01129
0.724589	2.80528	0.412541	3.01129
0.731821	2.80528	0.412541	3.01129
0.732222	2.84653	0.49505	3.01129
0.733303	2.92904	0.412541	3.01129
0.734799	2.92904	0.412541	3.13676
0.734833	2.92904	0.577558	3.13676
0.735481	3.01155	0.49505	3.13676
0.74179	3.09406	0.412541	3.13676
0.745471	3.09406	0.412541	3.13676
0.74784	3.09406	0.412541	3.13676
0.748063	3.09406	0.412541	3.13676
0.753916	3.09406	0.412541	3.13676
0.754246	3.09406	0.412541	3.13676
0.75452	3.09406	0.412541	3.13676
0.75954	3.09406	0.412541	3.13676
0.761926	3.09406	0.412541	3.13676
0.763915	3.09406	0.412541	3.13676
0.766338	3.09406	0.412541	3.13676
0.766643	3.13531	0.49505	3.13676
0.772151	3.21782	0.412541	3.13676
0.793084	3.21782	0.412541	3.13676
0.796668	3.21782	0.412541	3.13676
0.797727	3.21782	0.412541	3.13676
0.801325	3.21782	0.412541	3.13676
0.80165	3.21782	0.412541	3.13676
0.803074	3.21782	0.412541	3.13676
0.803742	3.21782	0.412541	3.26223
0.804327	3.21782	0.49505	3.26223
0.807087	3.30033	0.412541	3.26223
0.808174	3.30033	0.412541	3.26223
0.811093	3.30033	0.412541	3.26223
0.819947	3.30033	0.412541	3.26223
0.82261	3.30033	0.412541	3.26223
0.82414	3.30033	0.412541	3.26223
0.827245	3.30033	0.412541	3.26223
0.829027	3.30033	0.412541	3.3877
0.829674	3.30033	0.412541	3.3877
0.82981	3.34158	0.49505	3.3877
0.831219	3.34158	0.577558	3.3877
0.841143	3.42409	0.49505	3.3877
0.841308	3.42409	0.49505	3.3877
0.842307	3.46535	0.577558	3.3877
0.84338	3.5066	0.660066	3.3877
0.843552	3.5066	0.660066	3.51317
0.843886	3.5066	0.660066	3.51317
0.845433	3.58911	0.577558	3.51317
0.853082	3.67162	0.49505	3.51317
0.857265	3.67162	0.49505	3.51317
0.858825	3.75413	0.412541	3.51317
0.866943	3.75413	0.412541	3.51317
0.872397	3.75413	0.412541	3.63864
0.875082	3.75413	0.412541	3.63864
0.879965	3.75413	0.412541	3.63864
0.880001	3.75413	0.412541	3.63864
0.881924	3.75413	0.412541	3.63864
0.883889	3.75413	0.412541	3.63864
0.886806	3.75413	0.412541	3.63864
0.887836	3.75413	0.412541	3.76412
0.887949	3.75413	0.412541	3.76412
0.891331	3.75413	0.412541	3.76412
0.894074	3.75413	0.412541	3.76412
0.897038	3.75413	0.412541	3.76412
0.897991	3.79538	0.49505	3.76412
0.899586	3.87789	0.412541	3.76412
0.907453	3.87789	0.412541	3.76412
0.909444	3.87789	0.577558	3.76412
0.909851	3.9604	0.49505	3.76412
0.910249	4.0429	0.412541	3.76412
0.91119	4.0429	0.412541	3.76412
0.914077	4.0429	0.412541	3.76412
0.917769	4.0429	0.412541	3.76412
0.922847	4.0429	0.412541	3.76412
0.929731	4.0429	0.412541	3.76412
0.929996	4.08416	0.49505	3.76412
0.930606	4.08416	0.49505	3.88959
0.940061	4.16667	0.412541	3.88959
0.949507	4.16667	0.412541	4.01506
0.950908	4.24918	0.330033	4.01506
0.955615	4.24918	0.330033	4.01506
0.957396	4.24918	0.330033	4.01506
0.96429	4.24918	0.330033	4.01506
0.967419	4.24918	0.330033	4.01506
0.97601	4.24918	0.330033	4.14053
0.977251	4.24918	0.330033	4.266
0.980277	4.24918	0.330033	4.266
0.982763	4.24918	0.330033	4.266
0.983518	4.24918	0.49505	4.266
0.984155	4.33168	0.412541	4.266
0.989178	4.41419	0.330033	4.266
0.991288	4.45545	0.412541	4.266
0.996138	4.53795	0.330033	4.266
1.00901	4.53795	0.330033	4.266
1.01384	4.53795	0.330033	4.266
1.02135	4.53795	0.330033	4.266
1.02596	4.53795	0.330033	4.39147
1.02665	4.53795	0.330033	4.39147
1.03083	4.53795	0.330033	4.39147
1.03201	4.57921	0.412541	4.39147
1.03727	4.66172	0.330033	4.39147
1.05306	4.66172	0.330033	4.39147
1.06218	4.66172	0.330033	4.51694
1.0623	4.66172	0.330033	4.51694
1.06243	4.66172	0.330033	4.51694
1.06619	4.66172	0.330033	4.51694
1.06683	4.66172	0.330033	4.51694
1.07073	4.66172	0.330033	4.51694
1.07259	4.66172	0.330033	4.51694
1.07433	4.66172	0.330033	4.51694
1.07561	4.66172	0.412541	4.51694
1.0773	4.66172	0.412541	4.51694
1.0781	4.66172	0.412541	4.51694
1.0799	4.66172	0.412541	4.51694
1.08497	4.66172	0.412541	4.51694
1.08612	4.74422	0.330033	4.51694
1.09069	4.78548	0.412541	4.51694
1.09086	4.78548	0.412541	4.51694
1.0925	4.78548	0.412541	4.51694
1.1021	4.86799	0.330033	4.51694
1.1029	4.86799	0.330033	4.51694
1.10322	4.86799	0.330033	4.51694
1.10525	4.86799	0.330033	4.51694
1.10543	4.86799	0.49505	4.51694
1.10608	4.9505	0.412541	4.51694
1.11087	5.033	0.330033	4.51694
1.11798	5.033	0.330033	4.51694
1.12169	5.07426	0.412541	4.51694
1.12227	5.15677	0.330033	4.51694
1.12797	5.15677	0.330033	4.51694
1.12927	5.15677	0.330033	4.51694
1.13013	5.15677	0.330033	4.51694
1.13243	5.15677	0.330033	4.51694
1.13904	5.15677	0.330033	4.51694
1.15599	5.15677	0.330033	4.51694
1.15611	5.15677	0.49505	4.51694
1.15671	5.23927	0.412541	4.51694
1.15702	5.23927	0.412541	4.51694
1.16061	5.32178	0.330033	4.51694
1.16853	5.32178	0.330033	4.51694
1.16864	5.32178	0.330033	4.51694
1.1687	5.32178	0.330033	4.51694
1.16961	5.32178	0.412541	4.51694
1.16968	5.32178	0.412541	4.51694
1.17491	5.40429	0.330033	4.51694
1.17746	5.40429	0.330033	4.51694
1.17922	5.40429	0.412541	4.51694
1.18211	5.40429	0.412541	4.64241
1.18228	5.44554	0.49505	4.64241
1.18355	5.44554	0.49505	4.76788
1.19741	5.52805	0.412541	4.76788
1.20239	5.52805	0.412541	4.76788
1.20444	5.52805	0.412541	4.76788
1.20453	5.52805	0.412541	4.89335
1.20592	5.56931	0.49505	4.89335
1.20658	5.56931	0.49505	4.89335
1.20795	5.56931	0.49505	5.01882
1.21701	5.65182	0.412541	5.01882
1.22037	5.65182	0.412541	5.01882
1.22515	5.65182	0.412541	5.01882
1.22521	5.65182	0.577558	5.01882
1.22635	5.73432	0.49505	5.01882
1.22682	5.73432	0.49505	5.01882
1.22775	5.73432	0.49505	5.01882
1.22856	5.81683	0.412541	5.01882
1.22959	5.85809	0.49505	5.01882
1.23622	5.94059	0.412541	5.01882
1.23752	5.98185	0.49505	5.01882
1.24211	6.06436	0.412541	5.01882
1.24527	6.06436	0.412541	5.01882
1.25544	6.06436	0.412541	5.14429
1.25556	6.06436	0.412541	5.14429
1.25632	6.06436	0.412541	5.14429
1.26161	6.06436	0.412541	5.14429
1.26775	6.06436	0.412541	5.14429
1.27095	6.06436	0.412541	5.14429
1.27309	6.06436	0.412541	5.14429
1.27332	6.06436	0.412541	5.14429
1.27899	6.06436	0.412541	5.14429
1.28004	6.06436	0.412541	5.26976
1.28598	6.06436	0.412541	5.26976
1.28947	6.06436	0.49505	5.26976
1.2899	6.10561	0.577558	5.26976
1.29838	6.18812	0.49505	5.26976
1.30365	6.18812	0.49505	5.26976
1.31035	6.18812	0.49505	5.26976
1.31554	6.18812	0.49505	5.26976
1.3166	6.18812	0.49505	5.26976
1.32078	6.18812	0.49505	5.26976
1.32701	6.18812	0.49505	5.26976
1.32721	6.22937	0.577558	5.26976
1.33213	6.31188	0.49505	5.26976
1.3349	6.31188	0.49505	5.26976
1.33749	6.31188	0.577558	5.26976
1.34637	6.31188	0.577558	5.26976
1.35301	6.31188	0.577558	5.39523
1.35366	6.31188	0.577558	5.39523
1.36999	6.31188	0.577558	5.39523
1.37538	6.31188	0.577558	5.39523
1.38341	6.31188	0.577558	5.39523
1.38594	6.31188	0.577558	5.5207
1.38992	6.31188	0.577558	5.64617
1.39283	6.35314	0.660066	5.64617
1.39364	6.35314	0.660066	5.64617
1.39541	6.43564	0.577558	5.64617
1.3984	6.43564	0.577558	5.64617
1.39885	6.43564	0.577558	5.64617
1.40093	6.43564	0.577558	5.64617
1.4056	6.43564	0.577558	5.64617
1.40781	6.43564	0.577558	5.64617
1.40796	6.43564	0.660066	5.64617
1.4085	6.43564	0.742574	5.64617
1.41817	6.51815	0.660066	5.64617
1.42132	6.51815	0.660066	5.64617
1.42266	6.55941	0.742574	5.64617
1.42502	6.64191	0.660066	5.64617
1.42777	6.64191	0.660066	5.64617
1.4321	6.64191	0.660066	5.64617
1.4329	6.64191	0.742574	5.64617
1.43347	6.64191	0.742574	5.77164
1.43493	6.72442	0.660066	5.77164
1.43785	6.72442	0.660066	5.77164
1.43815	6.72442	0.660066	5.77164
1.43868	6.80693	0.577558	5.77164
1.44455	6.80693	0.577558	5.77164
1.44992	6.80693	0.577558	5.77164
1.45166	6.80693	0.577558	5.77164
1.45212	6.80693	0.577558	5.77164
1.45274	6.80693	0.660066	5.77164
1.46926	6.80693	0.660066	5.77164
1.47733	6.80693	0.660066	5.77164
1.48633	6.80693	0.660066	5.77164
1.48857	6.80693	0.660066	5.77164
1.48969	6.80693	0.660066	5.77164
1.49561	6.80693	0.660066	5.77164
1.49777	6.80693	0.660066	5.77164
1.51175	6.80693	0.660066	5.77164
1.51568	6.80693	0.660066	5.89711
1.51682	6.84818	0.742574	5.89711
1.51843	6.93069	0.660066	5.89711
1.52013	6.93069	0.660066	5.89711
1.52322	6.93069	0.660066	5.89711
1.52573	6.93069	0.660066	5.89711
1.53487	6.93069	0.660066	5.89711
1.53528	6.93069	0.660066	5.89711
1.54664	6.93069	0.660066	6.02258
1.54832	6.93069	0.660066	6.02258
1.54859	6.97195	0.742574	6.02258
1.54992	7.05446	0.660066	6.02258
1.56028	7.05446	0.660066	6.14806
1.56228	7.05446	0.825082	6.14806
1.56875	7.13696	0.742574	6.14806
1.57158	7.21947	0.660066	6.14806
1.58157	7.21947	0.660066	6.27353
1.58303	7.21947	0.660066	6.27353
1.58337	7.21947	0.660066	6.27353
1.5845	7.21947	0.660066	6.27353
1.58452	7.26073	0.742574	6.27353
1.58558	7.26073	0.742574	6.27353
1.58907	7.34323	0.660066	6.27353
1.59215	7.42574	0.577558	6.27353
1.59706	7.42574	0.577558	6.27353
1.5981	7.42574	0.577558	6.27353
1.59984	7.42574	0.577558	6.27353
1.60502	7.42574	0.577558	6.27353
1.60591	7.42574	0.577558	6.27353
1.6073	7.42574	0.577558	6.27353
1.611	7.42574	0.577558	6.27353
1.61173	7.42574	0.577558	6.27353
1.61975	7.42574	0.577558	6.27353
1.62389	7.42574	0.577558	6.27353
1.63198	7.42574	0.577558	6.27353
1.63362	7.42574	0.577558	6.399
1.63633	7.42574	0.577558	6.52447
1.64207	7.42574	0.577558	6.64994
1.64241	7.42574	0.577558	6.64994
1.64421	7.42574	0.577558	6.64994
1.64537	7.42574	0.577558	6.64994
1.64542	7.42574	0.577558	6.77541
1.65119	7.42574	0.577558	6.77541
1.65266	7.42574	0.577558	6.77541
1.65313	7.42574	0.660066	6.77541
1.65473	7.50825	0.577558	6.77541
1.65516	7.5495	0.660066	6.77541
1.65816	7.63201	0.577558	6.77541
1.66091	7.67327	0.660066	6.77541
1.6613	7.67327	0.660066	6.77541
1.66703	7.75578	0.577558	6.77541
1.66892	7.75578	0.577558	6.90088
1.66912	7.75578	0.660066	6.90088
1.67948	7.83828	0.577558	6.90088
1.68948	7.83828	0.577558	7.02635
1.69395	7.83828	0.577558	7.02635
1.69398	7.83828	0.742574	7.02635
1.69554	7.92079	0.660066	7.02635
1.70487	8.0033	0.577558	7.02635
1.71671	8.0033	0.660066	7.02635
1.71695	8.0033	0.825082	7.02635
1.71861	8.0033	0.825082	7.02635
1.71942	8.08581	0.742574	7.02635
1.72071	8.16832	0.660066	7.02635
1.73113	8.16832	0.660066	7.02635
1.74207	8.16832	0.660066	7.15182
1.74212	8.20957	0.742574	7.15182
1.74495	8.29208	0.660066	7.15182
1.74621	8.33333	0.742574	7.15182
1.74942	8.33333	0.742574	7.27729
1.74954	8.41584	0.660066	7.27729
1.74998	8.41584	0.742574	7.27729
1.75242	8.49835	0.660066	7.27729
1.75454	8.5396	0.742574	7.27729
1.75673	8.62211	0.660066	7.27729
1.75731	8.70462	0.577558	7.27729
1.76444	8.70462	0.577558	7.40276
1.7694	8.70462	0.660066	7.40276
1.77209	8.70462	0.660066	7.40276
1.77507	8.70462	0.660066	7.40276
1.77887	8.70462	0.660066	7.40276
1.79027	8.70462	0.660066	7.40276
1.80353	8.70462	0.660066	7.40276
1.80415	8.74587	0.742574	7.40276
1.80434	8.74587	0.742574	7.40276
1.81866	8.82838	0.660066	7.40276
1.82119	8.82838	0.660066	7.40276
1.82375	8.82838	0.660066	7.40276
1.82375	8.82838	0.825082	7.40276
1.8261	8.91089	0.742574	7.40276
1.83096	8.9934	0.660066	7.40276
1.83241	8.9934	0.660066	7.40276
1.83365	8.9934	0.660066	7.40276
1.83629	8.9934	0.660066	7.40276
1.84067	8.9934	0.660066	7.40276
1.84119	8.9934	0.660066	7.52823
1.84466	8.9934	0.660066	7.52823
1.84936	8.9934	0.660066	7.52823
1.86083	9.07591	0.577558	7.52823
1.86477	9.07591	0.577558	7.52823
1.86696	9.07591	0.577558	7.52823
1.87016	9.07591	0.577558	7.52823
1.87191	9.07591	0.577558	7.52823
1.88728	9.15842	0.49505	7.52823
1.89204	9.15842	0.49505	7.6537
1.89717	9.15842	0.49505	7.6537
1.9157	9.24092	0.412541	7.6537
1.92565	9.24092	0.412541	7.77917
1.92602	9.24092	0.412541	7.90464
1.9325	9.24092	0.412541	7.90464
1.93818	9.24092	0.412541	7.90464
1.94803	9.24092	0.49505	7.90464
1.96817	9.24092	0.49505	7.90464
1.9711	9.28218	0.577558	7.90464
1.97475	9.36469	0.49505	7.90464
1.97826	9.36469	0.577558	7.90464
1.98461	9.36469	0.577558	7.90464
1.98566	9.36469	0.577558	7.90464
1.98589	9.36469	0.577558	8.03011
1.98945	9.36469	0.660066	8.03011
1.98972	9.36469	0.825082	8.03011
1.99016	9.4472	0.742574	8.03011
1.9909	9.5297	0.660066	8.03011
2.00003	9.5297	0.660066	8.15558
2.00055	9.5297	0.660066	8.15558
2.00077	9.57096	0.742574	8.15558
2.00252	9.57096	0.742574	8.15558
2.003	9.57096	0.825082	8.15558
2.00618	9.57096	0.825082	8.15558
2.00699	9.65347	0.742574	8.15558
2.02986	9.65347	0.742574	8.15558
2.03596	9.65347	0.742574	8.28105
2.03994	9.65347	0.742574	8.40652
2.05203	9.65347	0.742574	8.40652
2.05325	9.65347	0.907591	8.40652
2.0535	9.73597	0.825082	8.40652
2.05391	9.81848	0.742574	8.40652
2.05866	9.90099	0.660066	8.40652
2.06282	9.90099	0.660066	8.40652
2.07714	9.90099	0.660066	8.53199
2.08279	9.90099	0.742574	8.53199
2.10251	9.90099	0.742574	8.53199
2.11247	9.90099	0.742574	8.53199
2.12926	9.90099	0.742574	8.53199
2.13102	9.90099	0.742574	8.53199
2.13139	9.90099	0.907591	8.53199
2.13338	9.90099	0.907591	8.78294
2.13427	9.90099	0.907591	8.78294
2.13955	9.9835	0.825082	8.78294
2.13996	9.9835	0.825082	8.78294
2.15473	9.9835	0.825082	8.90841
2.16782	9.9835	0.825082	8.90841
2.16951	10.0248	0.907591	8.90841
2.16962	10.0248	0.990099	8.90841
2.17007	10.066	1.07261	8.90841
2.17338	10.1485	0.990099	8.90841
2.18721	10.231	0.907591	8.90841
2.18941	10.2723	0.990099	8.90841
2.18976	10.2723	0.990099	8.90841
2.2028	10.3548	0.907591	8.90841
2.21994	10.3548	0.990099	8.90841
2.2519	10.3548	0.990099	8.90841
2.25302	10.3548	1.07261	8.90841
2.25396	10.3548	1.07261	8.90841
2.25787	10.4373	0.990099	8.90841
2.25888	10.4785	1.07261	8.90841
2.26197	10.5611	0.990099	8.90841
2.28117	10.5611	0.990099	8.90841
2.28318	10.6023	1.07261	8.90841
2.28521	10.6848	0.990099	8.90841
2.29374	10.6848	0.990099	9.03388
2.31763	10.6848	0.990099	9.15935
2.32089	10.7261	1.07261	9.15935
2.32195	10.8086	0.990099	9.15935
2.34075	10.8086	0.990099	9.15935
2.3692	10.8086	0.990099	9.28482
2.37342	10.8086	0.990099	9.41029
2.37492	10.8086	0.990099	9.53576
2.38182	10.8086	0.990099	9.7867
2.3948	10.8086	0.990099	9.7867
2.40768	10.8086	0.990099	9.7867
2.41026	10.8086	0.990099	9.91217
2.41395	10.8086	0.990099	10.0376
2.42706	10.8086	0.990099	10.1631
2.45132	10.8086	0.990099	10.2886
2.46123	10.8086	0.990099	10.2886
2.46503	10.8086	0.990099	10.4141
2.47473	10.8086	0.990099	10.4141
2.47494	10.8911	0.907591	10.4141
2.47639	10.9323	0.990099	10.4141
2.48852	11.0149	0.907591	10.4141
2.49697	11.0149	0.907591	10.5395
2.50455	11.0149	0.907591	10.5395
2.50663	11.0149	0.907591	10.665
2.53527	11.0149	0.907591	10.665
2.53614	11.0149	1.07261	10.665
2.53737	11.0974	0.990099	10.665
2.54016	11.1799	0.907591	10.665
2.55874	11.1799	0.990099	10.665
2.55937	11.2211	1.07261	10.665
2.55971	11.2211	1.15512	10.665
2.56963	11.3036	1.07261	10.665
2.57168	11.3449	1.15512	10.665
2.57922	11.4274	1.07261	10.665
2.58451	11.4686	1.15512	10.665
2.59387	11.4686	1.15512	10.9159
2.59843	11.4686	1.15512	10.9159
2.59929	11.5099	1.23762	10.9159
2.62607	11.5924	1.15512	10.9159
2.66301	11.5924	1.15512	11.0414
2.66974	11.5924	1.15512	11.0414
2.68411	11.5924	1.15512	11.0414
2.69911	11.5924	1.15512	11.1669
2.70132	11.5924	1.15512	11.1669
2.70259	11.5924	1.23762	11.1669
2.70349	11.6749	1.15512	11.1669
2.70775	11.7574	1.07261	11.1669
2.70879	11.7987	1.15512	11.1669
2.73715	11.8812	1.07261	11.1669
2.73756	11.8812	1.15512	11.1669
2.73808	11.9637	1.07261	11.1669
2.75184	11.9637	1.07261	11.1669
2.75713	12.0462	0.990099	11.1669
2.75748	12.0462	0.990099	11.2923
2.76792	12.0462	0.990099	11.2923
2.76994	12.0462	0.990099	11.4178
2.7858	12.0462	0.990099	11.5433
2.78588	12.0875	1.07261	11.5433
2.79335	12.17	0.990099	11.5433
2.79447	12.17	0.990099	11.5433
2.79468	12.17	1.15512	11.5433
2.79529	12.2525	1.07261	11.5433
2.80672	12.335	0.990099	11.5433
2.80779	12.3762	1.07261	11.5433
2.81503	12.4587	0.990099	11.5433
2.83155	12.4587	0.990099	11.6688
2.84109	12.4587	0.990099	11.6688
2.8415	12.5	1.07261	11.6688
2.85426	12.5825	0.990099	11.6688
2.85431	12.6238	1.07261	11.6688
2.86321	12.7063	0.990099	11.6688
2.86468	12.7475	1.07261	11.6688
2.88396	12.83	0.990099	11.6688
2.89337	12.83	0.990099	11.7942
2.89406	12.8713	1.07261	11.7942
2.90986	12.9538	0.990099	11.7942
2.91183	12.9538	0.990099	11.7942
2.9145	13.0363	0.907591	11.7942
2.96683	13.1188	0.825082	11.7942
2.97952	13.1188	0.825082	11.7942
2.98108	13.1601	0.907591	11.7942
3.00028	13.2426	0.825082	11.7942
3.00517	13.2426	0.825082	11.9197
3.00948	13.2426	0.825082	12.0452
3.02521	13.2426	0.907591	12.0452
3.05137	13.2426	0.907591	12.1706
3.05347	13.2426	0.907591	12.2961
3.0536	13.2426	1.07261	12.2961
3.05378	13.3251	0.990099	12.2961
3.06797	13.4076	0.907591	12.2961
3.06865	13.4076	0.907591	12.4216
3.07007	13.4488	0.990099	12.4216
3.07301	13.5314	0.907591	12.4216
3.07824	13.6139	0.825082	12.4216
3.10534	13.6139	0.825082	12.5471
3.10768	13.6551	0.907591	12.5471
3.10912	13.7376	0.825082	12.5471
3.13927	13.8201	0.742574	12.5471
3.14014	13.8614	0.825082	12.5471
3.14906	13.9439	0.742574	12.5471
3.1494	13.9851	0.825082	12.5471
3.19062	14.0677	0.742574	12.5471
3.20939	14.1502	0.660066	12.5471
3.2124	14.1502	0.742574	12.5471
3.2355	14.2327	0.660066	12.5471
3.23691	14.2739	0.742574	12.5471
3.25222	14.3564	0.660066	12.5471
3.25321	14.3977	0.742574	12.5471
3.26694	14.4802	0.660066	12.5471
3.26827	14.5627	0.577558	12.5471
3.27411	14.5627	0.660066	12.5471
3.27573	14.6452	0.577558	12.5471
3.27773	14.6452	0.742574	12.5471
3.28035	14.7277	0.660066	12.5471
3.30354	14.8102	0.577558	12.5471
3.30638	14.8515	0.660066	12.5471
3.30774	14.934	0.577558	12.5471
3.30929	14.934	0.577558	12.6725
3.31057	14.934	0.577558	12.6725
3.31559	14.934	0.577558	12.798
3.32007	14.9752	0.660066	12.798
3.34444	15.0578	0.577558	12.798
3.39544	15.1403	0.49505	12.798
3.43123	15.1403	0.49505	12.798
3.43358	15.1815	0.577558	12.798
3.43844	15.264	0.49505	12.798
3.43899	15.264	0.660066	12.798
3.44189	15.3465	0.577558	12.798
3.44314	15.429	0.49505	12.798
3.45446	15.5116	0.412541	12.798
3.47572	15.5116	0.412541	12.798
3.4793	15.5528	0.49505	12.798
3.49034	15.6353	0.412541	12.798
3.49123	15.6353	0.49505	12.798
3.49237	15.6353	0.49505	12.798
3.50239	15.7178	0.412541	12.798
3.51174	15.7178	0.49505	12.798
3.52114	15.8003	0.412541	12.798
3.52118	15.8003	0.577558	12.798
3.52231	15.8828	0.49505	12.798
3.52593	15.9653	0.412541	12.798
3.56115	15.9653	0.412541	12.798
3.56297	15.9653	0.412541	12.9235
3.56464	16.0066	0.49505	12.9235
3.56486	16.0891	0.412541	12.9235
3.56843	16.0891	0.577558	12.9235
3.56854	16.1716	0.49505	12.9235
3.56891	16.2541	0.412541	12.9235
3.56895	16.2541	0.49505	12.9235
3.57807	16.3366	0.412541	12.9235
3.58738	16.3366	0.412541	13.0489
3.61086	16.3366	0.412541	13.1744
3.61275	16.3366	0.412541	13.1744
3.61291	16.3366	0.577558	13.1744
3.61408	16.4191	0.49505	13.1744
3.61453	16.5016	0.412541	13.1744
3.62235	16.5016	0.412541	13.2999
3.67512	16.5842	0.330033	13.2999
3.67531	16.5842	0.49505	13.2999
3.67584	16.6667	0.412541	13.2999
3.68595	16.7492	0.330033	13.2999
3.70145	16.7492	0.330033	13.4253
3.70699	16.7492	0.330033	13.5508
3.70779	16.7904	0.412541	13.5508
3.74802	16.8729	0.330033	13.5508
3.7487	16.8729	0.330033	13.5508
3.81809	16.8729	0.330033	13.5508
3.82235	16.8729	0.330033	13.5508
3.84288	16.8729	0.330033	13.6763
3.84944	16.8729	0.330033	13.6763
3.88882	16.8729	0.330033	13.8018
3.89971	16.8729	0.330033	13.8018
3.90038	16.9142	0.412541	13.8018
3.90127	16.9967	0.330033	13.8018
3.91849	17.0792	0.247525	13.8018
3.91968	17.1205	0.330033	13.8018
3.92402	17.203	0.247525	13.8018
3.92445	17.203	0.412541	13.8018
3.92797	17.2855	0.330033	13.8018
3.94424	17.368	0.247525	13.8018
3.94783	17.368	0.330033	13.8018
3.98215	17.368	0.330033	13.8018
3.99689	17.368	0.330033	13.8018
4.00362	17.368	0.330033	13.9272
4.00726	17.4505	0.247525	13.9272
4.01569	17.4505	0.247525	13.9272
4.02865	17.4505	0.247525	13.9272
4.03483	17.4917	0.330033	13.9272
4.03709	17.5743	0.247525	13.9272
4.04262	17.6568	0.165017	13.9272
4.06883	17.6568	0.165017	13.9272
4.07009	17.698	0.247525	13.9272
4.07741	17.7805	0.165017	13.9272
4.07779	17.8218	0.247525	13.9272
4.07836	17.9043	0.165017	13.9272
4.0841	17.9043	0.165017	14.0527
4.08735	17.9455	0.247525	14.0527
4.09182	18.0281	0.165017	14.0527
4.09653	18.0693	0.247525	14.0527
4.15105	18.1518	0.165017	14.0527
4.15735	18.1518	0.165017	14.1782
4.15932	18.1518	0.165017	14.3036
4.16893	18.1518	0.165017	14.4291
4.17335	18.1518	0.165017	14.4291
4.17357	18.1518	0.165017	14.4291
4.17878	18.1931	0.247525	14.4291
4.19575	18.2756	0.165017	14.4291
4.19598	18.3168	0.247525	14.4291
4.1964	18.3993	0.165017	14.4291
4.22112	18.3993	0.165017	14.4291
4.22219	18.3993	0.165017	14.5546
4.22774	18.4406	0.247525	14.5546
4.23659	18.5231	0.165017	14.5546
4.24593	18.5231	0.165017	14.68
4.24702	18.5231	0.330033	14.68
4.24887	18.6056	0.247525	14.68
4.28046	18.6881	0.165017	14.68
4.28061	18.7294	0.247525	14.68
4.28367	18.7294	0.247525	14.8055
4.29534	18.8119	0.165017	14.8055
4.29569	18.8531	0.247525	14.8055
4.30318	18.9356	0.165017	14.8055
4.30399	18.9356	0.165017	14.931
4.30445	18.9769	0.247525	14.931
4.3054	18.9769	0.247525	15.0565
4.30711	18.9769	0.247525	15.3074
4.3333	19.0594	0.165017	15.3074
4.33402	19.0594	0.330033	15.3074
4.33724	19.1419	0.247525	15.3074
4.41922	19.2244	0.165017	15.3074
4.4844	19.2244	0.165017	15.4329
4.48845	19.2244	0.165017	15.4329
4.49283	19.2657	0.247525	15.4329
4.49342	19.3482	0.165017	15.4329
4.49346	19.3894	0.247525	15.4329
4.50496	19.4719	0.165017	15.4329
4.50744	19.4719	0.165017	15.5583
4.50816	19.4719	0.330033	15.5583
4.51066	19.5545	0.247525	15.5583
4.51101	19.5545	0.247525	15.6838
4.52889	19.637	0.165017	15.6838
4.53249	19.637	0.165017	15.8093
4.55045	19.637	0.165017	15.9348
4.55269	19.6782	0.247525	15.9348
4.55656	19.6782	0.247525	16.0602
4.55951	19.7607	0.165017	16.0602
4.56875	19.7607	0.165017	16.1857
4.57053	19.7607	0.247525	16.1857
4.57347	19.8432	0.165017	16.1857
4.57494	19.8432	0.247525	16.1857
4.58396	19.9257	0.165017	16.1857
4.5875	19.9257	0.165017	16.3112
4.5883	19.967	0.247525	16.3112
4.58852	20.0083	0.330033	16.3112
4.59054	20.0908	0.247525	16.3112
4.59834	20.1733	0.165017	16.3112
4.66416	20.1733	0.165017	16.4366
4.66844	20.1733	0.165017	16.5621
4.66977	20.2145	0.247525	16.5621
4.67163	20.2145	0.247525	16.6876
4.73982	20.297	0.165017	16.6876
4.74142	20.3383	0.247525	16.6876
4.74526	20.4208	0.165017	16.6876
4.75053	20.4208	0.165017	16.813
4.75071	20.4208	0.165017	16.9385
4.80012	20.4208	0.165017	17.1895
4.80024	20.4208	0.247525	17.1895
4.81145	20.5033	0.165017	17.1895
4.81393	20.5033	0.165017	17.3149
4.81475	20.5446	0.247525	17.3149
4.82634	20.6271	0.165017	17.3149
4.82729	20.6271	0.330033	17.3149
4.82731	20.7096	0.247525	17.3149
4.86079	20.7921	0.165017	17.3149
4.92146	20.8746	0.0825083	17.3149
4.92247	20.9158	0.165017	17.3149
4.94752	20.9984	0.0825083	17.3149
4.97096	20.9984	0.0825083	17.4404
4.97151	20.9984	0.247525	17.4404
4.97933	21.0809	0.165017	17.4404
4.99855	21.0809	0.165017	17.5659
4.99923	21.0809	0.247525	17.5659
5.00787	21.1634	0.165017	17.5659
5.00837	21.1634	0.247525	17.5659
5.02901	21.2459	0.165017	17.5659
5.03493	21.2459	0.165017	17.6913
5.03541	21.2871	0.247525	17.6913
5.03714	21.3696	0.165017	17.6913
5.03747	21.3696	0.330033	17.6913
5.04241	21.4521	0.247525	17.6913
5.0458	21.5347	0.165017	17.6913
5.06678	21.5347	0.165017	17.6913
5.12154	21.5347	0.165017	17.8168
5.12449	21.5347	0.165017	17.9423
5.12937	21.5347	0.165017	18.0678
5.13295	21.5759	0.247525	18.0678
5.13607	21.6584	0.165017	18.0678
5.13621	21.6997	0.247525	18.0678
5.14504	21.7822	0.165017	18.0678
5.14593	21.7822	0.247525	18.0678
5.16492	21.8647	0.165017	18.0678
5.16537	21.9059	0.247525	18.0678
5.17843	21.9884	0.165017	18.0678
5.19199	21.9884	0.165017	18.3187
5.19493	22.0297	0.247525	18.3187
5.19755	22.1122	0.165017	18.3187
5.20776	22.1122	0.165017	18.4442
5.24734	22.1122	0.165017	18.4442
5.24737	22.1122	0.247525	18.4442
5.24951	22.1122	0.247525	18.5696
5.2631	22.1947	0.165017	18.5696
5.265	22.236	0.247525	18.5696
5.26737	22.3185	0.165017	18.5696
5.26875	22.3185	0.247525	18.5696
5.26967	22.401	0.165017	18.5696
5.27552	22.401	0.165017	18.5696
5.27697	22.401	0.330033	18.5696
5.27923	22.4835	0.247525	18.5696
5.28943	22.566	0.165017	18.5696
5.29839	22.6485	0.0825083	18.5696
5.30144	22.6898	0.165017	18.5696
5.30571	22.7723	0.0825083	18.5696
5.31219	22.7723	0.0825083	18.6951
5.3416	22.7723	0.0825083	18.6951
5.34207	22.7723	0.0825083	18.8206
5.34406	22.8135	0.165017	18.8206
5.34839	22.896	0.0825083	18.8206
5.35164	22.9373	0.165017	18.8206
5.37262	23.0198	0.0825083	18.8206
5.40051	23.0198	0.0825083	19.0715
5.4063	23.0198	0.0825083	19.3225
5.40744	23.0198	0.0825083	19.4479
5.45489	23.0198	0.0825083	19.5734
5.45646	23.0611	0.165017	19.5734
5.45957	23.1436	0.0825083	19.5734
5.46035	23.1436	0.165017	19.5734
5.46248	23.1848	0.247525	19.5734
5.4626	23.2261	0.330033	19.5734
5.46288	23.3086	0.247525	19.5734
5.48287	23.3911	0.165017	19.5734
5.49123	23.3911	0.165017	19.6989
5.50789	23.3911	0.165017	19.8243
5.508	23.4323	0.247525	19.8243
5.52703	23.5149	0.165017	19.8243
5.53228	23.5149	0.330033	19.8243
5.53509	23.5974	0.247525	19.8243
5.57628	23.6799	0.165017	19.8243
5.5926	23.6799	0.165017	19.9498
5.5931	23.7211	0.247525	19.9498
5.60142	23.8036	0.165017	19.9498
5.61099	23.8036	0.165017	20.0753
5.61186	23.8449	0.247525	20.0753
5.61406	23.9274	0.165017	20.0753
5.62237	23.9274	0.165017	20.2008
5.62319	23.9274	0.330033	20.2008
5.62452	24.0099	0.247525	20.2008
5.64693	24.0924	0.165017	20.2008
5.64948	24.0924	0.165017	20.2008
5.65762	24.0924	0.165017	20.3262
5.66545	24.0924	0.165017	20.4517
5.66553	24.0924	0.165017	20.4517
5.66915	24.1337	0.247525	20.4517
5.67707	24.2162	0.165017	20.4517
5.67722	24.2574	0.247525	20.4517
5.71078	24.3399	0.165017	20.4517
5.71226	24.3812	0.247525	20.4517
5.71309	24.3812	0.247525	20.4517
5.72373	24.4637	0.165017	20.4517
5.72388	24.5049	0.247525	20.4517
5.78758	24.5875	0.165017	20.4517
5.78794	24.6287	0.247525	20.4517
5.79515	24.7112	0.165017	20.4517
5.81832	24.7112	0.165017	20.5772
5.83987	24.7112	0.165017	20.7026
5.8734	24.7112	0.165017	20.8281
5.90225	24.7112	0.165017	20.9536
5.92701	24.7112	0.165017	20.9536
5.9275	24.7525	0.247525	20.9536
5.92791	24.7937	0.330033	20.9536
5.92873	24.8762	0.247525	20.9536
5.94187	24.9587	0.165017	20.9536
5.95345	24.9587	0.165017	21.079
5.9555	25	0.247525	21.079
5.97058	25.0825	0.165017	21.079
5.98487	25.0825	0.165017	21.2045
5.98869	25.1238	0.247525	21.2045
5.98944	25.2063	0.165017	21.2045
6.0593	25.2063	0.165017	21.33
6.06186	25.2063	0.165017	21.4555
6.06251	25.2063	0.165017	21.5809
6.07345	25.2063	0.165017	21.7064
6.07795	25.2475	0.247525	21.7064
6.11446	25.33	0.165017	21.7064
6.15365	25.33	0.165017	21.8319
6.15945	25.33	0.165017	21.8319
6.22594	25.33	0.165017	22.0828
6.22761	25.33	0.330033	22.0828
6.22881	25.4125	0.247525	22.0828
6.25288	25.4951	0.165017	22.0828
6.28452	25.4951	0.165017	22.2083
6.30523	25.5363	0.247525	22.2083
6.41237	25.5363	0.247525	22.3338
6.43385	25.5363	0.247525	22.4592
6.4436	25.5363	0.247525	22.5847
6.4569	25.5363	0.247525	22.7102
6.45861	25.5363	0.330033	22.7102
6.46311	25.6188	0.247525	22.7102
6.51384	25.6188	0.247525	22.8356
6.5443	25.7013	0.165017	22.8356
6.5454	25.7013	0.330033	22.8356
6.54623	25.7838	0.247525	22.8356
6.56549	25.8663	0.165017	22.8356
6.58563	25.8663	0.165017	22.8356
6.58618	25.8663	0.247525	22.8356
6.64435	25.9488	0.165017	22.8356
6.64547	25.9901	0.247525	22.8356
6.67268	26.0726	0.165017	22.8356
6.6831	26.0726	0.165017	22.9611
6.72071	26.0726	0.165017	23.0866
6.7359	26.0726	0.165017	23.3375
6.74318	26.0726	0.165017	23.463
6.82114	26.0726	0.165017	23.5885
6.87497	26.0726	0.165017	23.7139
6.88417	26.0726	0.165017	23.8394
6.8863	26.1551	0.0825083	23.8394
6.88978	26.1551	0.165017	23.8394
6.89001	26.2376	0.0825083	23.8394
6.92837	26.2376	0.0825083	23.9649
6.92904	26.2376	0.247525	23.9649
6.92968	26.3201	0.165017	23.9649
6.96306	26.4026	0.0825083	23.9649
6.96371	26.4026	0.0825083	24.0903
7.00225	26.4026	0.0825083	24.2158
7.01853	26.4026	0.0825083	24.3413
7.03697	26.4026	0.0825083	24.4668
7.03718	26.4439	0.165017	24.4668
7.06682	26.5264	0.0825083	24.4668
7.09407	26.5264	0.0825083	24.5922
7.18078	26.5264	0.0825083	24.7177
7.23795	26.5264	0.0825083	24.8432
7.24781	26.5264	0.0825083	24.9686
7.24882	26.5677	0.165017	24.9686
7.24954	26.6089	0.247525	24.9686
7.25214	26.6914	0.165017	24.9686
7.29204	26.7739	0.0825083	24.9686
7.29247	26.8152	0.165017	24.9686
7.30326	26.8977	0.0825083	24.9686
7.31847	26.8977	0.0825083	25.0941
7.36718	26.8977	0.0825083	25.2196
7.36811	26.8977	0.165017	25.2196
7.37192	26.9802	0.0825083	25.2196
7.38963	26.9802	0.0825083	25.345
7.48281	26.9802	0.0825083	25.4705
7.51622	26.9802	0.0825083	25.4705
7.51832	26.9802	0.247525	25.4705
7.51878	27.0627	0.165017	25.4705
7.53062	27.1452	0.0825083	25.4705
7.53094	27.1865	0.165017	25.4705
7.5326	27.269	0.0825083	25.4705
7.53316	27.269	0.0825083	25.596
7.53903	27.269	0.165017	25.596
7.56512	27.3515	0.0825083	25.596
7.59716	27.3515	0.0825083	25.7215
7.61928	27.3515	0.0825083	25.8469
7.64955	27.3515	0.0825083	25.9724
7.6504	27.3515	0.247525	25.9724
7.6511	27.434	0.165017	25.9724
7.68181	27.5165	0.0825083	25.9724
7.68557	27.5578	0.165017	25.9724
7.68729	27.6403	0.0825083	25.9724
7.69062	27.6403	0.0825083	26.0979
7.69082	27.6815	0.165017	26.0979
7.78204	27.764	0.0825083	26.0979
7.78415	27.8053	0.165017	26.0979
7.78865	27.8878	0.0825083	26.0979
7.78871	27.929	0.165017	26.0979
7.78938	27.929	0.330033	26.0979
7.79271	28.0116	0.247525	26.0979
7.79286	28.0941	0.165017	26.0979
7.79808	28.1766	0.0825083	26.0979
7.79949	28.2178	0.165017	26.0979
7.8235	28.3003	0.0825083	26.0979
7.82406	28.3003	0.247525	26.0979
7.82605	28.3828	0.165017	26.0979
7.83473	28.4653	0.0825083	26.0979
7.8353	28.4653	0.247525	26.0979
7.83705	28.5479	0.165017	26.0979
7.83936	28.6304	0.0825083	26.0979
7.86558	28.6304	0.0825083	26.2233
7.89866	28.6304	0.0825083	26.3488
7.89927	28.6304	0.165017	26.3488
7.90464	28.7129	0.0825083	26.3488
7.95213	28.7129	0.0825083	26.4743
7.95217	28.7129	0.0825083	26.5997
7.95954	28.7129	0.0825083	26.7252
7.96047	28.7541	0.165017	26.7252
7.96176	28.8366	0.0825083	26.7252
7.96351	28.8366	0.0825083	26.9762
7.97222	28.8779	0.165017	26.9762
7.9724	28.9604	0.0825083	26.9762
7.97592	28.9604	0.0825083	27.2271
7.98272	28.9604	0.0825083	27.3526
7.98364	29.0016	0.165017	27.3526
7.99394	29.0842	0.0825083	27.3526
8.01732	29.0842	0.0825083	27.478
8.13688	29.0842	0.0825083	27.6035
8.13865	29.0842	0.0825083	27.729
8.14044	29.1254	0.165017	27.729
8.19298	29.2079	0.0825083	27.729
8.19332	29.2079	0.165017	27.729
8.22589	29.2904	0.0825083	27.729
8.22657	29.3317	0.165017	27.729
8.23763	29.4142	0.0825083	27.729
8.25515	29.4142	0.0825083	27.8545
8.25755	29.4554	0.165017	27.8545
8.29493	29.538	0.0825083	27.8545
8.29564	29.5792	0.165017	27.8545
8.34297	29.6617	0.0825083	27.8545
8.34305	29.6617	0.247525	27.8545
8.34529	29.7442	0.165017	27.8545
8.34796	29.8267	0.0825083	27.8545
8.36364	29.8267	0.0825083	27.9799
8.37955	29.8267	0.0825083	28.1054
8.38119	29.868	0.165017	28.1054
8.39514	29.9505	0.0825083	28.1054
8.43184	29.9505	0.0825083	28.1054
8.44453	29.9505	0.0825083	28.2309
8.44489	29.9505	0.247525	28.2309
8.44645	30.033	0.165017	28.2309
8.54335	30.1155	0.0825083	28.2309
8.55982	30.1155	0.0825083	28.3563
8.601	30.1155	0.0825083	28.3563
8.60269	30.1155	0.0825083	28.4818
8.60354	30.1155	0.0825083	28.6073
8.60479	30.1568	0.165017	28.6073
8.61013	30.2393	0.0825083	28.6073
8.67972	30.2393	0.0825083	28.7327
8.68394	30.2393	0.0825083	28.8582
8.75015	30.2393	0.0825083	28.9837
8.77716	30.2393	0.0825083	29.2346
8.77779	30.2393	0.247525	29.2346
8.78269	30.3218	0.165017	29.2346
8.81352	30.4043	0.0825083	29.2346
8.84665	30.4043	0.0825083	29.3601
8.84874	30.4455	0.165017	29.3601
8.90364	30.5281	0.0825083	29.3601
8.90404	30.5281	0.247525	29.3601
8.90411	30.6106	0.165017	29.3601
8.90414	30.6931	0.0825083	29.3601
8.91017	30.6931	0.0825083	29.3601
8.91126	30.6931	0.0825083	29.611
8.94449	30.6931	0.0825083	29.7365
8.94458	30.6931	0.247525	29.7365
8.94802	30.7756	0.165017	29.7365
8.99868	30.8581	0.0825083	29.7365
8.99951	30.8581	0.247525	29.7365
9.00417	30.9406	0.165017	29.7365
9.01228	31.0231	0.0825083	29.7365
9.01276	31.0644	0.165017	29.7365
9.02293	31.1469	0.0825083	29.7365
9.02469	31.1881	0.165017	29.7365
9.03205	31.2706	0.0825083	29.7365
9.04279	31.2706	0.0825083	29.862
9.04691	31.2706	0.0825083	30.1129
9.04787	31.3119	0.165017	30.1129
9.07116	31.3944	0.0825083	30.1129
9.07161	31.4356	0.165017	30.1129
9.08153	31.5182	0.0825083	30.1129
9.12282	31.5182	0.0825083	30.2384
9.12566	31.5182	0.0825083	30.2384
9.15573	31.5182	0.0825083	30.3639
9.18969	31.5182	0.0825083	30.6148
9.24567	31.5182	0.0825083	30.7403
9.2459	31.5182	0.165017	30.7403
9.25032	31.6007	0.0825083	30.7403
9.25293	31.6007	0.0825083	30.8657
9.27322	31.6007	0.0825083	30.9912
9.32753	31.6832	0	30.9912
9.32858	31.6832	0.0825083	30.9912
9.34433	31.7657	0	30.9912
9.34514	31.7657	0.0825083	30.9912
9.35133	31.8482	0	30.9912
9.35816	31.8894	0.0825083	30.9912
9.36731	31.9719	0	30.9912
9.36972	31.9719	0.165017	30.9912
9.3726	32.0545	0.0825083	30.9912
9.37452	32.137	0	30.9912
9.3749	32.137	0.165017	30.9912
9.37491	32.2195	0.0825083	30.9912
9.3921	32.302	0	30.9912
9.39739	32.302	0	31.2422
9.40074	32.3432	0.0825083	31.2422
9.40108	32.4257	0	31.2422
9.41231	32.4257	0	31.4931
9.41272	32.467	0.0825083	31.4931
9.42815	32.5495	0	31.4931
9.42827	32.5495	0	31.6186
9.43018	32.5908	0.0825083	31.6186
9.43503	32.6733	0	31.6186
9.43829	32.6733	0	31.744
9.52753	32.6733	0	31.8695
9.52841	32.7145	0.0825083	31.8695
9.54569	32.797	0	31.8695
9.55779	32.797	0	31.995
9.5584	32.797	0.0825083	31.995
9.56991	32.8795	0	31.995
9.58817	32.8795	0	32.1205
9.58842	32.9208	0.0825083	32.1205
9.62542	33.0033	0	32.1205
9.63647	33.0033	0	32.2459
9.63912	33.0446	0.0825083	32.2459
9.69549	33.1271	0	32.2459
9.69982	33.1683	0.0825083	32.2459
9.70008	33.2508	0	32.2459
9.73952	33.2508	0	32.3714
9.74951	33.2508	0	32.4969
9.7539	33.2508	0	32.6223
9.75588	33.2508	0	32.7478
9.75601	33.2508	0.165017	32.7478
9.75606	33.3333	0.0825083	32.7478
9.76077	33.3333	0.0825083	32.8733
9.76122	33.4158	0	32.8733
9.76135	33.4158	0.0825083	32.8733
9.85795	33.4983	0	32.8733
9.94676	33.4983	0	32.9987
9.97027	33.4983	0	33.1242
9.97734	33.4983	0	33.2497
9.97989	33.5396	0.0825083	33.2497
9.98822	33.6221	0	33.2497
9.99693	33.6634	0.0825083	33.2497
10.006	33.6634	0.0825083	33.3752
10.051	33.6634	0.0825083	33.3752
10.0603	33.6634	0.0825083	33.6261
10.0615	33.7046	0.165017	33.6261
10.073	33.7871	0.0825083	33.6261
10.0766	33.7871	0.0825083	33.7516
10.1108	33.7871	0.0825083	33.877
10.1443	33.7871	0.0825083	34.0025
10.1447	33.7871	0.165017	34.0025
10.1939	33.8696	0.0825083	34.0025
10.2148	33.8696	0.0825083	34.128
10.217	33.8696	0.0825083	34.3789
10.2401	33.8696	0.0825083	34.5044
10.2415	33.9109	0.165017	34.5044
10.2501	33.9934	0.0825083	34.5044
10.3398	33.9934	0.0825083	34.6299
10.3431	33.9934	0.247525	34.6299
10.3444	34.0759	0.165017	34.6299
10.3463	34.0759	0.165017	34.7553
10.3604	34.1584	0.0825083	34.7553
10.3617	34.1584	0.0825083	34.8808
10.3655	34.1997	0.165017	34.8808
10.3781	34.2822	0.0825083	34.8808
10.3816	34.3234	0.165017	34.8808
10.383	34.4059	0.0825083	34.8808
10.3842	34.4472	0.165017	34.8808
10.4117	34.5297	0.0825083	34.8808
10.4121	34.571	0.165017	34.8808
10.4139	34.6535	0.0825083	34.8808
10.4781	34.6535	0.0825083	35.0063
10.4787	34.6535	0.247525	35.0063
10.4796	34.736	0.165017	35.0063
10.4843	34.8185	0.0825083	35.0063
10.4847	34.8185	0.247525	35.0063
10.487	34.901	0.165017	35.0063
10.5387	34.9835	0.0825083	35.0063
10.5906	34.9835	0.0825083	35.1317
10.6173	34.9835	0.0825083	35.2572
10.6426	34.9835	0.0825083	35.2572
10.6432	35.0248	0.165017	35.2572
10.677	35.1073	0.0825083	35.2572
10.6832	35.1073	0.0825083	35.3827
10.6841	35.1073	0.0825083	35.6336
10.7457	35.1073	0.0825083	35.7591
10.7692	35.1073	0.0825083	35.8846
10.8066	35.1073	0.0825083	36.01
10.813	35.1073	0.0825083	36.1355
10.9089	35.1073	0.0825083	36.261
10.9167	35.1073	0.0825083	36.3864
10.9174	35.1485	0.165017	36.3864
10.9547	35.231	0.0825083	36.3864
10.9674	35.231	0.0825083	36.6374
10.9678	35.231	0.165017	36.6374
11.0536	35.3135	0.0825083	36.6374
11.1327	35.3135	0.0825083	36.7629
11.1632	35.3135	0.0825083	36.8883
11.1663	35.3135	0.0825083	37.1393
11.1679	35.3548	0.165017	37.1393
11.1834	35.4373	0.0825083	37.1393
11.1844	35.4373	0.165017	37.1393
11.2295	35.5198	0.0825083	37.1393
11.2333	35.5611	0.165017	37.1393
11.3004	35.6436	0.0825083	37.1393
11.3068	35.6436	0.0825083	37.2647
11.308	35.6436	0.0825083	37.5157
11.3085	35.6848	0.165017	37.5157
11.3127	35.7673	0.0825083	37.5157
11.3143	35.8086	0.165017	37.5157
11.3195	35.8911	0.0825083	37.5157
11.3996	35.8911	0.0825083	37.6412
11.4004	35.9323	0.165017	37.6412
11.4252	36.0149	0.0825083	37.6412
11.4564	36.0149	0.0825083	37.7666
11.4656	36.0149	0.165017	37.7666
11.4902	36.0974	0.0825083	37.7666
11.4904	36.1386	0.165017	37.7666
11.5644	36.2211	0.0825083	37.7666
11.5701	36.2211	0.0825083	38.0176
11.6014	36.2211	0.0825083	38.143
11.6037	36.2624	0.165017	38.143
11.6746	36.3449	0.0825083	38.143
11.6886	36.3449	0.0825083	38.2685
11.6893	36.3861	0.165017	38.2685
11.6918	36.4686	0.0825083	38.2685
11.7071	36.4686	0.0825083	38.394
11.736	36.4686	0.0825083	38.5194
11.7381	36.5099	0.165017	38.5194
11.7771	36.5924	0.0825083	38.5194
11.795	36.5924	0.0825083	38.7704
11.8151	36.5924	0.0825083	38.8959
11.8152	36.6337	0.165017	38.8959
11.865	36.7162	0.0825083	38.8959
11.8738	36.7987	0	38.8959
11.8757	36.7987	0.0825083	38.8959
11.899	36.8812	0	38.8959
11.9044	36.8812	0	39.1468
11.9063	36.9224	0.0825083	39.1468
11.9544	37.005	0	39.1468
11.9568	37.0462	0.0825083	39.1468
11.9673	37.1287	0	39.1468
11.977	37.1287	0	39.3977
11.9776	37.17	0.0825083	39.3977
12.0197	37.2525	0	39.3977
12.0217	37.2525	0	39.5232
12.0312	37.2525	0	39.6487
12.0338	37.2525	0	39.7742
12.0448	37.2525	0	39.8996
12.0581	37.2525	0	40.0251
12.097	37.2525	0	40.1506
12.139	37.2525	0	40.276
12.1394	37.2937	0.0825083	40.276
12.1864	37.3762	0	40.276
12.1896	37.4175	0.0825083	40.276
12.2271	37.5	0	40.276
12.2292	37.5	0	40.4015
12.2304	37.5	0.165017	40.4015
12.2331	37.5825	0.0825083	40.4015
12.2908	37.665	0	40.4015
12.2965	37.665	0	40.527
12.2968	37.7063	0.0825083	40.527
12.3224	37.7888	0	40.527
12.3231	37.83	0.0825083	40.527
12.3628	37.9125	0	40.527
12.3917	37.9125	0	40.6524
12.3934	37.9538	0.0825083	40.6524
12.3974	38.0363	0	40.6524
12.4266	38.0363	0	40.7779
12.5022	38.0363	0	40.9034
12.5041	38.0363	0.0825083	40.9034
12.5147	38.1188	0	40.9034
12.5158	38.1188	0.165017	40.9034
12.5884	38.2013	0.0825083	40.9034
12.61	38.2013	0.0825083	41.0289
12.6156	38.2426	0.165017	41.0289
12.6361	38.3251	0.0825083	41.0289
12.6674	38.3251	0.0825083	41.0289
12.6795	38.3251	0.0825083	41.2798
12.6996	38.3251	0.165017	41.2798
12.712	38.3251	0.165017	41.5307
12.7296	38.3251	0.165017	41.6562
12.7329	38.3663	0.247525	41.6562
12.7343	38.4488	0.165017	41.6562
12.8225	38.4488	0.165017	41.7817
12.8822	38.4488	0.165017	41.9072
12.9593	38.4488	0.165017	42.0326
13.0263	38.4488	0.165017	42.1581
13.073	38.4488	0.165017	42.2836
13.0742	38.4901	0.247525	42.2836
13.1093	38.5726	0.165017	42.2836
13.1097	38.6139	0.247525	42.2836
13.1163	38.6964	0.165017	42.2836
13.1392	38.6964	0.165017	42.409
13.296	38.6964	0.165017	42.5345
13.297	38.6964	0.330033	42.5345
13.2999	38.7789	0.247525	42.5345
13.397	38.8614	0.165017	42.5345
13.4147	38.8614	0.165017	42.66
13.4149	38.9026	0.247525	42.66
13.5021	38.9851	0.165017	42.66
13.5399	38.9851	0.165017	42.66
13.5455	39.0264	0.247525	42.66
13.5502	39.1089	0.165017	42.66
13.6365	39.1089	0.165017	42.7854
13.6366	39.1502	0.247525	42.7854
13.6398	39.2327	0.165017	42.7854
13.6583	39.2327	0.165017	42.9109
13.6748	39.2327	0.165017	43.0364
13.6751	39.2327	0.330033	43.0364
13.6774	39.3152	0.247525	43.0364
13.681	39.3977	0.165017	43.0364
13.6842	39.4389	0.247525	43.0364
13.7147	39.5215	0.165017	43.0364
13.7159	39.5627	0.247525	43.0364
13.8135	39.6452	0.165017	43.0364
13.8199	39.6865	0.247525	43.0364
13.8709	39.769	0.165017	43.0364
13.874	39.8102	0.247525	43.0364
13.985	39.8927	0.165017	43.0364
13.9862	39.934	0.247525	43.0364
14.035	40.0165	0.165017	43.0364
14.0514	40.0165	0.165017	43.1619
14.0546	40.0578	0.247525	43.1619
14.0862	40.1403	0.165017	43.1619
14.0872	40.1403	0.330033	43.1619
14.0878	40.2228	0.247525	43.1619
14.1575	40.3053	0.165017	43.1619
14.1582	40.3465	0.247525	43.1619
14.2432	40.429	0.165017	43.1619
14.4172	40.429	0.165017	43.2873
14.429	40.5116	0.0825083	43.2873
14.6902	40.5116	0.0825083	43.4128
14.6923	40.5528	0.165017	43.4128
14.7618	40.6353	0.0825083	43.4128
14.7626	40.6766	0.165017	43.4128
14.763	40.7591	0.0825083	43.4128
14.8753	40.7591	0.0825083	43.6637
14.9205	40.7591	0.0825083	43.7892
14.9587	40.7591	0.0825083	43.9147
14.9986	40.7591	0.0825083	44.0401
15.0102	40.7591	0.0825083	44.1656
15.0106	40.8003	0.165017	44.1656
15.0877	40.8828	0.0825083	44.1656
15.1199	40.8828	0.0825083	44.2911
15.12	40.9241	0.165017	44.2911
15.1328	41.0066	0.0825083	44.2911
15.1338	41.0066	0.165017	44.2911
15.1339	41.0891	0.0825083	44.2911
15.1345	41.1304	0.165017	44.2911
15.1621	41.2129	0.0825083	44.2911
15.2518	41.2954	0	44.2911
15.3001	41.2954	0	44.4166
15.3152	41.2954	0	44.542
15.3183	41.2954	0.165017	44.542
15.3203	41.3779	0.0825083	44.542
15.3426	41.4604	0	44.542
15.345	41.5017	0.0825083	44.542
15.4423	41.5842	0	44.542
15.4739	41.5842	0	44.6675
15.4878	41.5842	0	44.793
15.4897	41.6254	0.0825083	44.793
15.542	41.7079	0	44.793
15.5424	41.7492	0.0825083	44.793
15.609	41.8317	0	44.793
15.6099	41.8317	0.0825083	44.793
15.639	41.9142	0	44.793
15.6433	41.9142	0	45.0439
15.7249	41.9142	0	45.1694
15.7259	41.9142	0.0825083	45.1694
15.8117	41.9967	0	45.1694
15.8796	41.9967	0	45.4203
15.8803	41.9967	0	45.4203
15.8926	41.9967	0	45.5458
15.9065	41.9967	0	45.7967
15.9074	42.038	0.0825083	45.7967
15.9296	42.1205	0	45.7967
16.0041	42.1205	0	45.9222
16.0084	42.1617	0.0825083	45.9222
16.0307	42.2442	0	45.9222
16.0322	42.2855	0.0825083	45.9222
16.0589	42.368	0	45.9222
16.0707	42.368	0	46.0477
16.1308	42.368	0	46.1731
16.1908	42.368	0	46.2986
16.1916	42.368	0.0825083	46.2986
16.2831	42.4505	0	46.2986
16.2866	42.4917	0.0825083	46.2986
16.2982	42.5743	0	46.2986
16.3164	42.5743	0	46.4241
16.3404	42.5743	0	46.5496
16.3412	42.5743	0	46.675
16.3731	42.5743	0	46.8005
16.3823	42.5743	0	46.926
16.4214	42.5743	0	47.1769
16.4278	42.5743	0	47.3024
16.4348	42.6155	0.0825083	47.3024
16.4356	42.698	0	47.3024
16.5175	42.698	0	47.4279
16.5781	42.698	0	47.5533
16.6123	42.698	0	47.6788
16.6153	42.698	0.0825083	47.6788
16.632	42.7805	0	47.6788
16.6326	42.8218	0.0825083	47.6788
16.6343	42.9043	0	47.6788
16.6362	42.9455	0.0825083	47.6788
16.6586	43.0281	0	47.6788
16.723	43.0281	0	47.8043
16.724	43.0281	0.0825083	47.8043
16.7395	43.1106	0	47.8043
16.7406	43.1518	0.0825083	47.8043
16.7858	43.2343	0	47.8043
16.8364	43.2343	0	47.9297
16.881	43.2343	0	48.0552
16.9172	43.2343	0	48.1807
16.9189	43.2343	0.165017	48.1807
16.9213	43.3168	0.0825083	48.1807
16.9353	43.3993	0	48.1807
16.9519	43.3993	0	48.3061
16.9533	43.3993	0.165017	48.3061
16.9544	43.4406	0.247525	48.3061
16.9548	43.5231	0.165017	48.3061
16.9559	43.6056	0.0825083	48.3061
16.9822	43.6881	0	48.3061
17.0216	43.6881	0	48.4316
17.0306	43.6881	0	48.6826
17.1119	43.6881	0	48.9335
17.1126	43.7294	0.0825083	48.9335
17.2079	43.8119	0	48.9335
17.2084	43.8531	0.0825083	48.9335
17.258	43.9356	0	48.9335
17.3371	43.9356	0	49.1844
17.3701	43.9356	0	49.3099
17.4154	43.9356	0.0825083	49.3099
17.418	43.9356	0.0825083	49.5609
17.5045	44.0182	0	49.5609
17.5411	44.0182	0	49.8118
17.6871	44.0182	0	49.9373
17.6884	44.0594	0.0825083	49.9373
17.7593	44.1419	0	49.9373
17.7595	44.1419	0.165017	49.9373
17.7624	44.2244	0.0825083	49.9373
17.776	44.3069	0	49.9373
17.7765	44.3069	0.165017	49.9373
17.7785	44.3894	0.0825083	49.9373
17.8153	44.4719	0	49.9373
17.8172	44.4719	0.165017	49.9373
17.8198	44.5545	0.0825083	49.9373
17.8329	44.637	0	49.9373
17.8785	44.637	0	50.0627
18.0105	44.637	0	50.1882
18.1256	44.637	0	50.3137
18.2554	44.637	0	50.4391
18.2572	44.6782	0.0825083	50.4391
18.2893	44.7607	0	50.4391
18.2929	44.802	0.0825083	50.4391
18.385	44.8845	0	50.4391
18.3898	44.8845	0.0825083	50.4391
18.4163	44.967	0	50.4391
18.4325	44.967	0	50.5646
18.4976	44.967	0	50.6901
18.4991	45.0083	0.0825083	50.6901
18.5373	45.0908	0	50.6901
18.6147	45.0908	0	50.8156
18.6149	45.132	0.0825083	50.8156
18.6283	45.2145	0	50.8156
18.789	45.2558	0.0825083	50.8156
18.8341	45.2558	0.0825083	50.941
18.9882	45.2558	0.0825083	50.941
18.9912	45.297	0.165017	50.941
19.1055	45.3795	0.0825083	50.941
19.2608	45.3795	0.0825083	51.0665
19.2645	45.3795	0.0825083	51.3174
19.278	45.3795	0.0825083	51.4429
19.2965	45.3795	0.0825083	51.5684
19.2993	45.3795	0.165017	51.5684
19.377	45.462	0.0825083	51.5684
19.3849	45.462	0.0825083	51.6939
19.3872	45.462	0.0825083	51.8193
19.4302	45.462	0.0825083	51.9448
19.4319	45.5033	0.165017	51.9448
19.4937	45.5858	0.0825083	51.9448
19.6129	45.5858	0.0825083	52.0703
19.792	45.5858	0.0825083	52.3212
19.8161	45.5858	0.0825083	52.4467
19.8171	45.5858	0.247525	52.4467
19.818	45.6683	0.165017	52.4467
19.8892	45.7508	0.0825083	52.4467
19.9588	45.7508	0.0825083	52.5721
19.9646	45.7508	0.0825083	52.8231
20.0523	45.8333	0	52.8231
20.1551	45.8333	0	52.9486
20.1621	45.8746	0.0825083	52.9486
20.1906	45.9571	0	52.9486
20.1932	45.9983	0.0825083	52.9486
20.2219	46.0809	0	52.9486
20.2569	46.0809	0	53.074
20.2604	46.1221	0.0825083	53.074
20.2933	46.2046	0	53.074
20.2972	46.2046	0	53.1995
20.3068	46.2046	0	53.325
20.3495	46.2046	0	53.4504
20.3517	46.2459	0.0825083	53.4504
20.5804	46.3284	0	53.4504
20.7459	46.3284	0	53.5759
20.7462	46.3696	0.0825083	53.5759
20.7543	46.4521	0	53.5759
20.7583	46.4934	0.0825083	53.5759
20.9485	46.5759	0	53.5759
20.9507	46.5759	0.165017	53.5759
20.9516	46.6584	0.0825083	53.5759
20.9536	46.7409	0	53.5759
20.9575	46.7822	0.0825083	53.5759
20.9715	46.8647	0	53.5759
20.973	46.9059	0.0825083	53.5759
21.0833	46.9884	0	53.5759
21.1187	46.9884	0	53.8269
21.2272	46.9884	0	53.9523
21.3433	46.9884	0	54.0778
21.6222	46.9884	0	54.2033
21.6497	46.9884	0	54.3287
21.6524	47.0297	0.0825083	54.3287
21.8648	47.1122	0	54.3287
21.9189	47.1122	0	54.5797
21.9189	47.1122	0.0825083	54.5797
21.9762	47.1947	0	54.5797
21.9819	47.1947	0	54.7051
22.1559	47.1947	0	54.8306
22.1647	47.236	0.0825083	54.8306
22.233	47.3185	0	54.8306
22.2542	47.3185	0	54.8306
22.2821	47.3185	0	55.0816
22.2857	47.3597	0.0825083	55.0816
22.5249	47.4422	0	55.0816
22.6375	47.4422	0	55.207
22.6997	47.4422	0	55.3325
23.0606	47.4422	0	55.458
23.1246	47.4422	0	55.5834
23.126	47.4422	0.165017	55.5834
23.1294	47.5248	0.0825083	55.5834
23.1323	47.6073	0	55.5834
23.1325	47.6485	0.0825083	55.5834
23.1968	47.731	0	55.5834
23.2468	47.731	0	55.7089
23.2475	47.731	0.165017	55.7089
23.2481	47.8135	0.0825083	55.7089
23.3263	47.896	0	55.7089
23.4832	47.896	0	55.9599
23.4845	47.9373	0.0825083	55.9599
23.5683	48.0198	0	55.9599
23.6648	48.0198	0	56.2108
23.6652	48.0198	0.0825083	56.2108
23.6975	48.1023	0	56.2108
23.8621	48.1023	0	56.2108
24.1441	48.1023	0	56.4617
24.146	48.1436	0.0825083	56.4617
24.344	48.2261	0	56.4617
24.3448	48.2673	0.0825083	56.4617
24.4099	48.3498	0	56.4617
24.4199	48.3911	0.0825083	56.4617
24.4911	48.4736	0	56.4617
24.5153	48.4736	0	56.7127
24.5161	48.5149	0.0825083	56.7127
24.5476	48.5974	0	56.7127
24.5497	48.6386	0.0825083	56.7127
24.5604	48.7211	0	56.7127
24.6326	48.7211	0	56.8381
24.6543	48.7211	0	56.9636
24.6555	48.7624	0.0825083	56.9636
24.6922	48.8449	0	56.9636
24.8436	48.8449	0	57.0891
24.8442	48.8861	0.0825083	57.0891
24.9417	48.9686	0	57.0891
25.0266	48.9686	0	57.2146
25.0426	48.9686	0	57.34
25.043	48.9686	0.165017	57.34
25.0442	49.0512	0.0825083	57.34
25.1219	49.1337	0	57.34
25.2168	49.1337	0	57.4655
25.2382	49.1337	0	57.591
25.2382	49.1749	0.0825083	57.591
25.3399	49.2574	0	57.591
25.4547	49.2574	0	57.7164
25.5241	49.2574	0	57.9674
25.5258	49.2574	0.165017	57.9674
25.5272	49.3399	0.0825083	57.9674
25.5529	49.4224	0	57.9674
25.557	49.4637	0.0825083	57.9674
25.6659	49.5462	0	57.9674
25.6679	49.5462	0.0825083	57.9674
25.7539	49.6287	0	57.9674
25.8452	49.6287	0	58.0928
25.8487	49.67	0.0825083	58.0928
25.9306	49.7525	0	58.0928
25.932	49.7525	0.165017	58.0928
25.9376	49.835	0.0825083	58.0928
26.0197	49.9175	0	58.0928
26.1272	49.9175	0	58.2183
26.1312	49.9175	0.165017	58.2183
26.1318	50	0.0825083	58.2183
26.2463	50.0825	0	58.2183
26.3094	50.0825	0	58.3438
26.4203	50.0825	0	58.4693
26.6885	50.0825	0	58.5947
26.8181	50.0825	0	58.7202
26.8962	50.0825	0	58.9711
26.8971	50.0825	0.0825083	58.9711
27.366	50.165	0	58.9711
27.3688	50.2063	0.0825083	58.9711
27.3829	50.2888	0	58.9711
27.552	50.2888	0.165017	58.9711
27.5521	50.2888	0.330033	58.9711
27.553	50.3713	0.247525	58.9711
27.5549	50.4538	0.165017	58.9711
27.5762	50.4538	0.165017	59.0966
27.5765	50.495	0.247525	59.0966
27.577	50.5776	0.165017	59.0966
27.6571	50.5776	0.165017	59.2221
27.6577	50.6188	0.247525	59.2221
27.78	50.7013	0.165017	59.2221
27.78	50.7426	0.247525	59.2221
28.0144	50.8251	0.165017	59.2221
28.0145	50.8663	0.247525	59.2221
28.1228	50.9488	0.165017	59.2221
28.1607	51.0314	0.0825083	59.2221
28.1835	51.0314	0.0825083	59.473
28.1857	51.0726	0.165017	59.473
28.3342	51.1551	0.0825083	59.473
28.4237	51.1551	0.0825083	59.5985
28.426	51.1964	0.165017	59.5985
28.8804	51.2789	0.0825083	59.5985
28.8874	51.2789	0.0825083	59.724
28.8879	51.3201	0.165017	59.724
29.2685	51.4026	0.0825083	59.724
29.3836	51.4026	0.165017	59.724
29.3875	51.4439	0.247525	59.724
29.6078	51.5264	0.165017	59.724
29.9681	51.6089	0.0825083	59.724
29.9863	51.6089	0.0825083	59.8494
29.9932	51.6914	0	59.8494
30.7665	51.6914	0	60.1004
30.7859	51.6914	0	60.2258
30.7879	51.6914	0.165017	60.2258
30.7881	51.7739	0.0825083	60.2258
30.8692	51.8564	0	60.2258
30.8771	51.8564	0	60.3513
31.1004	51.8564	0.165017	60.3513
31.1984	51.9389	0.0825083	60.3513
31.3282	52.0215	0	60.3513
31.5678	52.0215	0	60.4768
31.6652	52.0215	0	60.6023
31.6661	52.0627	0.0825083	60.6023
31.8418	52.1452	0	60.6023
31.8452	52.1865	0.0825083	60.6023
32.3659	52.269	0	60.6023
32.4513	52.269	0	60.7277
32.4515	52.269	0.165017	60.7277
32.454	52.3515	0.0825083	60.7277
32.5067	52.434	0	60.7277
32.5067	52.4752	0.0825083	60.7277
32.7508	52.5578	0	60.7277
32.7532	52.599	0.0825083	60.7277
33.0412	52.6815	0	60.7277
33.044	52.6815	0.0825083	60.7277
33.2035	52.764	0	60.7277
33.2065	52.8053	0.0825083	60.7277
33.4211	52.8878	0	60.7277
33.4248	52.8878	0	60.8532
33.4841	52.8878	0	60.9787
34.5494	52.8878	0	61.1041
34.5506	52.929	0.0825083	61.1041
35.6156	53.0116	0	61.1041
35.6845	53.0116	0	61.3551
36.3284	53.0116	0	61.4806
36.4827	53.0116	0	61.606
36.5601	53.0116	0	61.7315
36.5621	53.0528	0.0825083	61.7315
36.5857	53.1353	0	61.7315
36.7622	53.1353	0	61.857
37.2298	53.1353	0	62.1079
37.2342	53.1353	0.0825083	62.1079
37.5151	53.2178	0	62.1079
37.5201	53.2591	0.0825083	62.1079
37.8159	53.3416	0	62.1079
38.5325	53.3416	0	62.3588
38.7831	53.3416	0	62.4843
39.603	53.3416	0	62.7353
39.6035	53.3828	0.0825083	62.7353
39.7835	53.4653	0	62.7353
39.8729	53.4653	0	62.9862
41.0414	53.4653	0	63.1117
41.0415	53.5066	0.0825083	63.1117
42.653	53.5891	0	63.1117
43.4447	53.5891	0	63.2371
43.4473	53.6304	0.0825083	63.2371
44.2111	53.7129	0	63.2371
44.2111	53.7541	0.0825083	63.2371
44.3816	53.8366	0	63.2371
44.6226	53.8366	0	63.3626
45.0046	53.8366	0	63.4881
45.0653	53.8779	0.0825083	63.4881
45.6162	53.8779	0.0825083	63.6136
45.6219	53.8779	0.0825083	63.739
46.6794	53.9604	0	63.739
46.7672	53.9604	0	63.8645
47.1605	53.9604	0	63.99
47.3083	53.9604	0	64.1154
48.0784	53.9604	0	64.2409
48.0786	54.0017	0.0825083	64.2409
48.4912	54.0842	0	64.2409
49.7204	54.0842	0	64.4918
56.2112	54.0842	0	64.7428
56.214	54.1254	0.0825083	64.7428
56.4692	54.2079	0	64.7428
56.4766	54.2492	0.0825083	64.7428
57.0338	54.3317	0	64.7428
57.0351	54.3729	0.0825083	64.7428
62.941	54.4554	0	64.7428
68.9802	54.4554	0	64.8683
69.9066	54.4554	0	64.9937
69.9094	54.4967	0.0825083	64.9937
76.4315	54.5792	0	64.9937
76.4914	54.5792	0	65.2447
81.3033	54.5792	0	65.4956
82.433	54.5792	0	65.6211
84.7096	54.5792	0	65.7466
85.2203	54.5792	0.165017	65.7466
86.3995	54.6617	0.0825083	65.7466
87.5456	54.7442	0	65.7466
96.0464	54.7442	0	65.872
98.2206	54.7442	0.0825083	65.872
99.0082	54.8267	0	65.872
103.171	54.8267	0	65.9975
109.85	54.8267	0	66.123
114.554	54.8267	0	66.3739
116.142	54.8267	0	66.4994
119.89	54.8267	0	66.6248
126.183	54.8267	0	66.7503
126.678	54.8267	0.165017	66.7503
126.824	54.9092	0.0825083	66.7503
128.656	54.9917	0	66.7503
129.113	54.9917	0	66.8758
135.585	54.9917	0	67.1267
140.234	54.9917	0	67.2522
147.359	54.9917	0	67.3777
149.88	54.9917	0	67.5031
150.849	54.9917	0	67.6286
151.208	54.9917	0	67.8795
153.082	54.9917	0	68.005
153.089	55.033	0.0825083	68.005
153.403	55.1155	0	68.005
153.493	55.1568	0.0825083	68.005
163.844	55.2393	0	68.005
166.757	55.2393	0	68.1305
167.993	55.2393	0	68.256
168.807	55.2393	0	68.3814
169.779	55.2393	0	68.5069
174.541	55.2393	0	68.7578
181.176	55.2393	0	68.8833
181.818	55.2805	0.0825083	68.8833
182.321	55.3218	0.165017	68.8833
185.478	55.4043	0.0825083	68.8833
186.474	55.4868	0	68.8833
191.775	55.4868	0	69.0088
192.886	55.4868	0	69.1343
206.245	55.4868	0	69.2597
207.497	55.4868	0	69.3852
207.683	55.4868	0	69.6361
209.866	55.5281	0.0825083	69.6361
214.941	55.6106	0	69.6361
217.237	55.6106	0	69.7616
222.493	55.6106	0	70.0126
224.401	55.6106	0	70.2635
225.557	55.6106	0	70.389
230.093	55.6106	0	70.5144
241.513	55.6106	0	70.6399
248.441	55.6106	0	70.7654
249.922	55.6106	0	71.0163
252.787	55.6518	0.0825083	71.0163
257.522	55.7343	0	71.0163
268.14	55.7343	0	71.1418
270.898	55.7343	0	71.3927
274.458	55.7343	0	71.5182
275.406	55.7343	0	71.6437
275.912	55.7756	0.0825083	71.6437
278.775	55.8581	0	71.6437
282.035	55.8581	0	71.8946
285.095	55.8581	0	72.0201
286.765	55.8581	0	72.1455
288.134	55.8581	0	72.271
290.563	55.8581	0	72.3965
295.65	55.8581	0	72.522
301.489	55.8581	0	72.6474
311.62	55.8581	0	72.7729
312.163	55.8581	0	72.8984
318.446	55.8581	0	73.0238
318.992	55.8993	0.0825083	73.0238
321.267	55.9818	0	73.0238
324.742	56.0231	0.0825083	73.0238
331.688	56.1056	0	73.0238
332.575	56.1056	0	73.1493
332.903	56.1056	0.165017	73.1493
333.02	56.1881	0.0825083	73.1493
348.722	56.2706	0	73.1493
349.015	56.2706	0	73.2748
349.351	56.2706	0	73.5257
357.711	56.2706	0	73.7767
358.632	56.2706	0.165017	73.7767
359.267	56.3531	0.0825083	73.7767
377.204	56.4356	0	73.7767
378.227	56.4356	0	74.0276
387.023	56.4356	0	74.1531
398.842	56.4356	0	74.2785
408.192	56.4356	0	74.5295
421.718	56.4356	0	74.655
421.867	56.4356	0.165017	74.655
422.606	56.5182	0.0825083	74.655
423.631	56.5182	0.247525	74.655
424.79	56.6007	0.165017	74.655
424.912	56.6832	0.0825083	74.655
427.216	56.7657	0	74.655
437.551	56.7657	0	74.7804
439.481	56.7657	0	75.0314
439.849	56.7657	0.165017	75.0314
440.277	56.8482	0.0825083	75.0314
447.98	56.9307	0	75.0314
452.051	56.9307	0	75.2823
453.55	56.9307	0	75.5332
466.923	56.9307	0	75.6587
468.028	56.9307	0	75.7842
469.159	56.9307	0.0825083	75.7842
471.366	57.0132	0	75.7842
480.352	57.0132	0	75.9097
480.904	57.0132	0	76.0351
486.149	57.0132	0	76.1606
489.152	57.0132	0	76.4115
491.025	57.0132	0	76.537
493.003	57.0545	0.0825083	76.537
493.984	57.137	0	76.537
493.992	57.137	0.165017	76.537
495.568	57.2195	0.0825083	76.537
495.574	57.302	0	76.537
495.802	57.302	0.165017	76.537
497.485	57.3845	0.0825083	76.537
498.902	57.467	0	76.537
518.894	57.467	0	76.788
521.311	57.467	0	76.9134
525.497	57.467	0	77.0389
526.263	57.467	0	77.1644
527.431	57.467	0	77.4153
532.204	57.467	0	77.5408
534.99	57.5083	0.0825083	77.5408
536.806	57.5908	0	77.5408
538.228	57.5908	0	77.7917
538.767	57.5908	0	77.9172
542.045	57.5908	0	78.0427
542.944	57.5908	0	78.1681
545.082	57.5908	0	78.4191
551.382	57.5908	0	78.67
551.673	57.5908	0	78.7955
553.789	57.5908	0	79.0464
563.921	57.5908	0	79.1719
569.15	57.5908	0	79.2974
574.649	57.5908	0	79.4228
575.63	57.5908	0	79.6738
579.137	57.5908	0	79.7992
600.657	57.5908	0	79.9247
607.228	57.5908	0	80.0502
615.317	57.5908	0	80.1757
624.305	57.5908	0	80.3011
624.416	57.5908	0.0825083	80.3011
625.659	57.6733	0	80.3011
634.969	57.6733	0	80.5521
640.981	57.6733	0	80.6775
645.614	57.6733	0	80.803
645.934	57.7145	0.0825083	80.803
646.599	57.7558	0.165017	80.803
648.448	57.8383	0.0825083	80.803
649.406	57.9208	0	80.803
649.468	57.9208	0.165017	80.803
651.147	58.0033	0.0825083	80.803
656.336	58.0033	0.0825083	80.9285
658.845	58.0858	0	80.9285
676.086	58.0858	0	81.1794
676.407	58.0858	0	81.4304
676.647	58.1271	0.0825083	81.4304
703.104	58.2096	0	81.4304
703.814	58.2508	0.0825083	81.4304
710.446	58.3333	0	81.4304
712.341	58.3333	0	81.5558
725.823	58.3333	0	81.6813
728.062	58.3333	0	81.8068
729.638	58.3333	0.165017	81.8068
730.171	58.3333	0.165017	81.9322
732.031	58.4158	0.0825083	81.9322
733.099	58.4983	0	81.9322
733.532	58.4983	0	82.1832
741.305	58.4983	0	82.3087
741.961	58.4983	0	82.4341
742.222	58.5396	0.0825083	82.4341
742.634	58.6221	0	82.4341
744.36	58.6221	0	82.5596
748.305	58.6221	0	82.6851
749.878	58.6221	0	82.936
750.253	58.6221	0.165017	82.936
750.287	58.6221	0.165017	83.0615
750.886	58.7046	0.0825083	83.0615
751.458	58.7046	0.0825083	83.187
757.953	58.7871	0	83.187
761.451	58.7871	0	83.4379
762.71	58.7871	0	83.6888
765.535	58.8284	0.0825083	83.6888
768.06	58.8284	0.0825083	83.9398
802.752	58.9109	0	83.9398
813.393	58.9109	0	84.1907
813.883	58.9521	0.0825083	84.1907
832.449	59.0347	0	84.1907
832.519	59.0759	0.0825083	84.1907
845.586	59.1584	0	84.1907
845.716	59.1997	0.0825083	84.1907
858.469	59.2822	0	84.1907
861.259	59.2822	0	84.3162
862.83	59.2822	0	84.4417
864.871	59.2822	0.0825083	84.4417
869.243	59.3647	0	84.4417
869.311	59.4059	0.0825083	84.4417
875.552	59.4884	0	84.4417
880.413	59.4884	0	84.6926
880.516	59.5297	0.0825083	84.6926
912.081	59.6122	0	84.6926
912.476	59.6122	0.165017	84.6926
913.852	59.6947	0.0825083	84.6926
923.821	59.7772	0	84.6926
925.503	59.8185	0.0825083	84.6926
930.9	59.901	0	84.6926
933.691	59.901	0	84.8181
936.117	59.901	0	84.9435
936.405	59.901	0.165017	84.9435
936.915	59.9835	0.0825083	84.9435
941.835	60.066	0	84.9435
942.647	60.066	0	85.069
942.675	60.066	0	85.1945
945.097	60.066	0	85.3199
947.081	60.066	0	85.5709
958.238	60.066	0	85.6964
958.463	60.1073	0.0825083	85.6964
973.071	60.1898	0	85.6964
975.495	60.1898	0	85.8218
975.787	60.1898	0	85.9473
977.733	60.1898	0	86.1982
979.247	60.231	0.0825083	86.1982
987.199	60.3135	0	86.1982
987.752	60.3135	0	86.4492
993.353	60.3135	0	86.7001
996.751	60.3548	0.0825083	86.7001
998.322	60.4373	0	86.7001
1004.05	60.4373	0	86.9511
1007.4	60.4373	0	87.0765
1012.72	60.4373	0	87.202
1017.28	60.4373	0	87.3275
1024.33	60.4373	0	87.4529
1026.1	60.4373	0	87.7039
1030.73	60.4373	0	87.8294
1032	60.4373	0	87.9548
1034.53	60.4373	0	88.0803
1036.84	60.4373	0	88.3312
1036.94	60.4373	0	88.4567
1039.5	60.4373	0	88.5822
1039.63	60.4373	0	88.7077
1041.87	60.4373	0	88.8331
1047.5	60.4373	0	88.9586
1049	60.4373	0	89.0841
1050.42	60.4373	0	89.2095
1053.37	60.4373	0	89.335
1060.13	60.4373	0	89.4605
1065.86	60.4373	0	89.7114
1066.73	60.4785	0.0825083	89.7114
1068.79	60.5611	0	89.7114
1069.04	60.6023	0.0825083	89.7114
1076.66	60.6848	0	89.7114
1077.12	60.7261	0.0825083	89.7114
1082.55	60.8086	0	89.7114
1082.88	60.8086	0.165017	89.7114
1083.02	60.8086	0.165017	89.9624
1083.47	60.8911	0.0825083	89.9624
1083.88	60.8911	0.165017	89.9624
1084.01	60.9736	0.0825083	89.9624
1084.17	61.0561	0	89.9624
1084.25	61.0974	0.0825083	89.9624
1087.55	61.1799	0	89.9624
1087.61	61.1799	0.165017	89.9624
1091.42	61.2624	0.0825083	89.9624
1098.61	61.3449	0	89.9624
1115.27	61.3449	0	90.2133
1121.73	61.3449	0	90.4642
1121.9	61.3449	0.165017	90.4642
1123.09	61.4274	0.0825083	90.4642
1127.04	61.5099	0	90.4642
1136.45	61.5099	0	90.7152
1136.6	61.5099	0.0825083	90.7152
1142.05	61.5924	0	90.7152
1155.73	61.5924	0	90.9661
1159.62	61.5924	0	91.2171
1186.32	61.5924	0	91.3425
1196.93	61.5924	0	91.468
1203.17	61.5924	0	91.7189
1212.19	61.5924	0	91.8444
1214.32	61.6337	0.0825083	91.8444
1225.32	61.7162	0	91.8444
1225.32	61.7162	0.165017	91.8444
1225.69	61.7987	0.0825083	91.8444
1243.8	61.8812	0	91.8444
1244.49	61.9224	0.0825083	91.8444
1284.16	62.005	0	91.8444
1285.16	62.005	0.165017	91.8444
1286.91	62.0875	0.0825083	91.8444
1295.45	62.17	0	91.8444
1322.02	62.17	0	91.9699
1349.41	62.17	0	92.2208
1349.85	62.2112	0.0825083	92.2208
1353.31	62.2937	0	92.2208
1353.99	62.335	0.0825083	92.2208
1359.6	62.4175	0	92.2208
1361.88	62.4587	0.0825083	92.2208
1377.51	62.5413	0	92.2208
1380.26	62.5825	0.0825083	92.2208
1389.3	62.665	0	92.2208
1389.31	62.665	0.165017	92.2208
1389.56	62.7475	0.0825083	92.2208
1409.93	62.83	0	92.2208
1410.44	62.83	0.165017	92.2208
1410.57	62.9125	0.0825083	92.2208
1422.53	62.995	0	92.2208
1438.05	62.995	0	92.3463
1443.24	62.995	0	92.5972
1445.9	63.0363	0.0825083	92.5972
1446.73	63.0776	0.165017	92.5972
1447.75	63.1601	0.0825083	92.5972
1467.32	63.2426	0	92.5972
1468.45	63.2426	0	92.8482
1471.19	63.2838	0.0825083	92.8482
1471.43	63.3663	0	92.8482
1493.68	63.3663	0	93.0991
1497.73	63.3663	0	93.2246
1523.96	63.3663	0	93.4755
1530.1	63.3663	0	93.7265
1531.13	63.4076	0.0825083	93.7265
1536.23	63.4901	0	93.7265
1542.53	63.4901	0	93.9774
1547.08	63.4901	0	94.1029
1567.23	63.4901	0	94.2284
1587.92	63.4901	0	94.4793
1589.95	63.4901	0	94.7302
1608.75	63.4901	0	94.8557
1609.56	63.5314	0.0825083	94.8557
1622.45	63.6139	0	94.8557
1622.49	63.6551	0.0825083	94.8557
1644.72	63.7376	0	94.8557
1664.7	63.7376	0	95.1067
1664.92	63.7789	0.0825083	95.1067
1691.52	63.8614	0	95.1067
1708.29	63.8614	0	95.3576
1708.42	63.9026	0.0825083	95.3576
1709.17	63.9851	0	95.3576
1710.7	64.0264	0.0825083	95.3576
1711.36	64.1089	0	95.3576
1712.6	64.1502	0.0825083	95.3576
1743.18	64.2327	0	95.3576
1743.64	64.2739	0.0825083	95.3576
1750.8	64.3564	0	95.3576
1751.33	64.3977	0.0825083	95.3576
1771.44	64.4802	0	95.3576
1794.04	64.4802	0	95.6085
1796.84	64.5215	0.0825083	95.6085
1805.99	64.604	0	95.6085
1808.1	64.604	0.0825083	95.6085
1818.27	64.6865	0	95.6085
1819.01	64.6865	0.165017	95.6085
1820.07	64.769	0.0825083	95.6085
1820.41	64.8515	0	95.6085
1830.71	64.8515	0	95.734
1834.37	64.8515	0	95.8595
1839.2	64.8515	0	95.9849
1875.75	64.8515	0	96.2359
1876.44	64.8515	0.0825083	96.2359
1876.76	64.934	0	96.2359
1882.06	64.934	0	96.4868
1902	64.934	0	96.7378
1903.6	64.934	0.0825083	96.7378
1912.6	65.0165	0	96.7378
1912.83	65.0578	0.0825083	96.7378
1918.84	65.1403	0	96.7378
1919.28	65.1403	0.165017	96.7378
1919.55	65.2228	0.0825083	96.7378
1921.62	65.3053	0	96.7378
1921.64	65.3053	0.165017	96.7378
1923.37	65.3878	0.0825083	96.7378
1930.18	65.4703	0	96.7378
1930.99	65.5116	0.0825083	96.7378
1953.69	65.5941	0	96.7378
1954.41	65.6353	0.0825083	96.7378
1985.21	65.7178	0	96.7378
1985.6	65.7178	0.165017	96.7378
1985.9	65.8003	0.0825083	96.7378
2049.61	65.8828	0	96.7378
2062.57	65.8828	0	96.9887
2067.31	65.8828	0.0825083	96.9887
2087.03	65.9653	0	96.9887
2087.2	65.9653	0.165017	96.9887
2087.45	66.0479	0.0825083	96.9887
2098.19	66.1304	0	96.9887
2118.51	66.1304	0	97.2396
2118.61	66.1304	0.165017	97.2396
2119.54	66.2129	0.0825083	97.2396
2124.69	66.2954	0	97.2396
2125.02	66.3366	0.0825083	97.2396
2133.3	66.4191	0	97.2396
2133.45	66.4191	0.165017	97.2396
2136.03	66.5016	0.0825083	97.2396
2210.98	66.5842	0	97.2396
2220.96	66.5842	0	97.4906
2221.78	66.5842	0.0825083	97.4906
2237.84	66.6667	0	97.4906
2238.22	66.6667	0.0825083	97.4906
2246.81	66.7492	0	97.4906
2297.19	66.7492	0	97.7415
2298.19	66.7492	0.165017	97.7415
2298.72	66.8317	0.0825083	97.7415
2324.07	66.9142	0	97.7415
2325.65	66.9554	0.0825083	97.7415
2329.51	67.038	0	97.7415
2354.57	67.038	0	97.9925
2355.79	67.038	0.165017	97.9925
2357.85	67.1205	0.0825083	97.9925
2358.46	67.203	0	97.9925
2382.43	67.203	0	98.2434
2383.69	67.203	0.165017	98.2434
2384.9	67.2855	0.0825083	98.2434
2403.77	67.368	0	98.2434
2413.28	67.368	0	98.4944
2414.1	67.368	0.0825083	98.4944
2463.97	67.4505	0	98.4944
2498	67.4505	0	98.7453
2498.98	67.4505	0.0825083	98.7453
2506.29	67.533	0	98.7453
2506.52	67.533	0.165017	98.7453
2507.44	67.6155	0.0825083	98.7453
2515.77	67.698	0	98.7453
2517.4	67.698	0.165017	98.7453
2518.99	67.7805	0.0825083	98.7453
2522.26	67.863	0	98.7453
2524.63	67.9043	0.0825083	98.7453
2529.65	67.9868	0	98.7453
2532.28	68.0281	0.0825083	98.7453
2556.97	68.1106	0	98.7453
2560.82	68.1106	0.0825083	98.7453
2566.5	68.1931	0	98.7453
2568.09	68.1931	0.165017	98.7453
2570.8	68.2756	0.0825083	98.7453
2603.38	68.3581	0	98.7453
2603.73	68.3993	0.0825083	98.7453
2640.36	68.4818	0	98.7453
2640.66	68.4818	0.165017	98.7453
2641.19	68.5644	0.0825083	98.7453
2650.94	68.6469	0	98.7453
2653.64	68.6881	0.0825083	98.7453
2662.03	68.7706	0	98.7453
2662.6	68.8119	0.0825083	98.7453
2671.97	68.8944	0	98.7453
2691.7	68.8944	0	98.9962
2691.73	68.8944	0.0825083	98.9962
2707.78	68.9769	0	98.9962
2708.38	68.9769	0.165017	98.9962
2709.32	69.0594	0.0825083	98.9962
2723.19	69.1419	0	98.9962
2723.54	69.1419	0.0825083	98.9962
2733.26	69.2244	0	98.9962
2755.41	69.2244	0	99.2472
2755.82	69.2657	0.0825083	99.2472
2756	69.3482	0	99.2472
2757.77	69.3482	0.165017	99.2472
2758.41	69.4307	0.0825083	99.2472
2758.67	69.4719	0.165017	99.2472
2758.95	69.5545	0.0825083	99.2472
2769.36	69.637	0	99.2472
2770.11	69.6782	0.0825083	99.2472
2770.34	69.7195	0.165017	99.2472
2772.34	69.802	0.0825083	99.2472
2892.09	69.8845	0	99.2472
2893.94	69.8845	0	99.4981
2894.31	69.8845	0.0825083	99.4981
2900.45	69.967	0	99.4981
2902.07	69.967	0.0825083	99.4981
2976.33	70.0495	0	99.4981
2996.48	70.0495	0	99.7491
2997.27	70.0495	0.165017	99.7491
3000.28	70.132	0.0825083	99.7491
3027.51	70.2145	0	99.7491
3027.61	70.2558	0.0825083	99.7491
3047.45	70.3383	0	99.7491
3048.07	70.3383	0.165017	99.7491
3048.57	70.4208	0.0825083	99.7491
3098.3	70.5033	0	99.7491
3098.54	70.5446	0.0825083	99.7491
3100.52	70.6271	0	99.7491
3100.89	70.6683	0.0825083	99.7491
3101.81	70.7508	0	99.7491
3104.75	70.7921	0.0825083	99.7491
3149.23	70.8746	0	99.7491
3151.56	70.9158	0.0825083	99.7491
3202.73	70.9984	0	99.7491
3203.02	70.9984	0.0825083	99.7491
3243.75	71.0809	0	99.7491
3246.45	71.1221	0.0825083	99.7491
3320.6	71.2046	0	99.7491
3320.93	71.2459	0.0825083	99.7491
3353.5	71.3284	0	99.7491
3353.89	71.3284	0.0825083	99.7491
3404.24	71.4109	0	99.7491
3406.79	71.4521	0.0825083	99.7491
3407.61	71.5347	0	99.7491
3407.62	71.5347	0.165017	99.7491
3408.89	71.6172	0.0825083	99.7491
3409.32	71.6997	0	99.7491
3409.39	71.6997	0.165017	99.7491
3411.55	71.7822	0.0825083	99.7491
3537.11	71.8647	0	99.7491
3538.95	71.9059	0.0825083	99.7491
3548.08	71.9884	0	99.7491
3550.58	72.0297	0.0825083	99.7491
3651.2	72.1122	0	99.7491
3651.21	72.1122	0.165017	99.7491
3652.46	72.1947	0.0825083	99.7491
3668.36	72.2772	0	99.7491
3669.52	72.2772	0.165017	99.7491
3669.6	72.3597	0.0825083	99.7491
3703.97	72.4422	0	99.7491
3704.95	72.4422	0.0825083	99.7491
3733.07	72.5247	0	99.7491
3733.31	72.566	0.0825083	99.7491
3765.67	72.6485	0	99.7491
3767.44	72.6898	0.0825083	99.7491
3817.72	72.7723	0	99.7491
3817.74	72.8135	0.0825083	99.7491
3823.93	72.896	0	99.7491
3826.02	72.9373	0.0825083	99.7491
3900.69	73.0198	0	99.7491
3900.84	73.0611	0.0825083	99.7491
3919.97	73.1436	0	99.7491
3920.05	73.1436	0.165017	99.7491
3921.32	73.2261	0.0825083	99.7491
3931.91	73.3086	0	99.7491
3932.73	73.3498	0.0825083	99.7491
3940.17	73.4323	0	99.7491
4101.34	73.4323	0	100
4101.44	73.4736	0.0825083	100
4107.77	73.5561	0	100
4109.6	73.5974	0.0825083	100
4126.61	73.6799	0	100
4126.7	73.7211	0.0825083	100
4126.78	73.8036	0	100
4127.26	73.8036	0.0825083	100
4185.74	73.8861	0	100
4187.56	73.8861	0.0825083	100
4311.98	73.9686	0	100
4312.46	73.9686	0.0825083	100
4400.74	74.0512	0	100
4400.98	74.0512	0.165017	100
4403.54	74.1337	0.0825083	100
4424.66	74.2162	0	100
4425.32	74.2162	0.0825083	100
4449.77	74.2987	0	100
4450.42	74.2987	0.0825083	100
4456.25	74.3812	0	100
4457.07	74.3812	0.165017	100
4457.31	74.4637	0.0825083	100
4457.58	74.4637	0.247525	100
4458.62	74.5462	0.165017	100
4461.23	74.6287	0.0825083	100
4470.49	74.7112	0	100
4471.27	74.7112	0.165017	100
4479.01	74.7937	0.0825083	100
4558.75	74.8762	0	100
4559.31	74.9175	0.0825083	100
4588.74	75	0	100
4589.06	75	0.165017	100
4589.77	75.0825	0.0825083	100
4595.65	75.165	0	100
4596.11	75.165	0.0825083	100
4596.44	75.2475	0	100
4596.83	75.2888	0.0825083	100
4672.9	75.3713	0	100
4674.38	75.4125	0.0825083	100
4737.52	75.495	0	100
4737.88	75.495	0.165017	100
4738.26	75.5776	0.0825083	100
4754.21	75.6601	0	100
4755.87	75.6601	0.0825083	100
4757.65	75.7426	0	100
4757.71	75.7426	0.165017	100
4764.38	75.8251	0.0825083	100
4770.15	75.9076	0	100
4771.06	75.9076	0.0825083	100
4776.65	75.9901	0	100
4779.77	76.0314	0.0825083	100
4799.99	76.1139	0	100
4800.16	76.1139	0.165017	100
4800.46	76.1964	0.0825083	100
4833.22	76.2789	0	100
4833.31	76.2789	0.165017	100
4833.84	76.3614	0.0825083	100
4841.19	76.4439	0	100
4842.03	76.4851	0.0825083	100
4852.82	76.5677	0	100
4853.27	76.6089	0.0825083	100
4853.64	76.6914	0	100
4853.67	76.6914	0.165017	100
4855.01	76.7739	0.0825083	100
4872.72	76.8564	0	100
4874.76	76.8564	0.0825083	100
4887.94	76.9389	0	100
4889.16	76.9389	0.165017	100
4890.29	77.0215	0.0825083	100
4895.15	77.104	0	100
4897.84	77.1452	0.0825083	100
4899.63	77.2277	0	100
4899.63	77.269	0.0825083	100
4952.82	77.3515	0	100
4953.44	77.3515	0.165017	100
4959.36	77.434	0.0825083	100
4974.14	77.5165	0	100
4974.47	77.5578	0.0825083	100
5009.77	77.6403	0	100
5010.51	77.6403	0.165017	100
5015.44	77.7228	0.0825083	100
5028.31	77.8053	0	100
5029.26	77.8465	0.0825083	100
5060.74	77.929	0	100
5060.74	77.929	0.0825083	100
5073.15	78.0116	0	100
5073.25	78.0116	0.0825083	100
5078.9	78.0941	0	100
5080.64	78.1353	0.0825083	100
5132.2	78.2178	0	100
5132.66	78.2178	0.165017	100
5133.29	78.3003	0.0825083	100
5142.73	78.3828	0	100
5142.78	78.3828	0.165017	100
5143.42	78.4653	0.0825083	100
5377.42	78.5479	0	100
5378.14	78.5479	0.165017	100
5378.66	78.6304	0.0825083	100
5390.6	78.7129	0	100
5391.85	78.7129	0.0825083	100
5409.27	78.7954	0	100
5409.42	78.7954	0.165017	100
5409.66	78.8779	0.0825083	100
5409.69	78.8779	0.247525	100
5410.65	78.9604	0.165017	100
5412.1	79.0429	0.0825083	100
5468.24	79.1254	0	100
5468.28	79.1667	0.0825083	100
5547.31	79.2492	0	100
5547.41	79.2904	0.0825083	100
5548.5	79.3729	0	100
5548.73	79.4142	0.0825083	100
5584.86	79.4967	0	100
5585.12	79.4967	0.165017	100
5586.17	79.5792	0.0825083	100
5652.45	79.6617	0	100
5652.88	79.703	0.0825083	100
5653.17	79.703	0.247525	100
5653.67	79.7855	0.165017	100
5654.33	79.868	0.0825083	100
5686.79	79.9505	0	100
5686.95	79.9918	0.0825083	100
5687.72	80.0743	0	100
5687.77	80.1155	0.0825083	100
5695.68	80.198	0	100
5695.84	80.2393	0.0825083	100
5763.57	80.3218	0	100
5764.25	80.363	0.0825083	100
5804.05	80.4455	0	100
5804.1	80.4455	0.165017	100
5804.17	80.5281	0.0825083	100
5815.08	80.6106	0	100
5820.24	80.6106	0.0825083	100
5844.86	80.6931	0	100
5844.99	80.7343	0.0825083	100
5851.11	80.8168	0	100
5851.36	80.8581	0.0825083	100
5903.25	80.9406	0	100
5904.11	80.9406	0.165017	100
5904.14	81.0231	0.0825083	100
6088.77	81.1056	0	100
6090.43	81.1469	0.0825083	100
6259.86	81.2294	0	100
6260.92	81.2706	0.0825083	100
6355.49	81.3531	0	100
6356.69	81.3944	0.0825083	100
6364.68	81.4769	0	100
6364.86	81.5182	0.0825083	100
6370.13	81.6007	0	100
6371.07	81.6007	0.165017	100
6374.06	81.6832	0.0825083	100
6499.84	81.7657	0	100
6500.29	81.7657	0.165017	100
6502.01	81.8482	0.0825083	100
6502.97	81.9307	0	100
6506.77	81.9719	0.0825083	100
6516.14	82.0545	0	100
6517.32	82.0545	0.0825083	100
6520.67	82.137	0	100
6525.01	82.137	0.0825083	100
6533	82.2195	0	100
6534.37	82.2607	0.0825083	100
6537.41	82.3432	0	100
6537.77	82.3845	0.0825083	100
6544.63	82.467	0	100
6548.85	82.5082	0.0825083	100
6599.67	82.5908	0	100
6600.81	82.632	0.0825083	100
6606.92	82.7145	0	100
6610.47	82.7558	0.0825083	100
6676.34	82.8383	0	100
6677.25	82.8383	0.0825083	100
7006.74	82.9208	0	100
7007.19	82.962	0.0825083	100
7009.48	83.0446	0	100
7011.27	83.0446	0.0825083	100
7037.48	83.1271	0	100
7037.81	83.1683	0.0825083	100
7156.69	83.2508	0	100
7157.34	83.2508	0.165017	100
7158.19	83.3333	0.0825083	100
7189.02	83.4158	0	100
7192.68	83.4571	0.0825083	100
7220.15	83.5396	0	100
7222.14	83.5396	0.0825083	100
7326.83	83.6221	0	100
7327.84	83.6634	0.0825083	100
7369.19	83.7459	0	100
7369.27	83.7459	0.165017	100
7369.27	83.8284	0.0825083	100
7375.2	83.9109	0	100
7375.31	83.9109	0.165017	100
7376.53	83.9934	0.0825083	100
7387.62	84.0759	0	100
7388.13	84.0759	0.165017	100
7389.13	84.1584	0.0825083	100
7404.28	84.2409	0	100
7404.7	84.2822	0.0825083	100
7431.12	84.3647	0	100
7432.26	84.3647	0.0825083	100
7456.38	84.4472	0	100
7459.56	84.4884	0.0825083	100
7468.37	84.571	0	100
7469.55	84.6122	0.0825083	100
7518.98	84.6947	0	100
7520.53	84.736	0.0825083	100
7604.75	84.8185	0	100
7607	84.8597	0.0825083	100
7619.33	84.9422	0	100
7619.35	84.9835	0.0825083	100
7652.05	85.066	0	100
7652.39	85.1073	0.0825083	100
7659.92	85.1898	0	100
7660.15	85.231	0.0825083	100
7703.98	85.3135	0	100
7712.18	85.3548	0.0825083	100
7751.39	85.4373	0	100
7752.03	85.4373	0.0825083	100
7803.69	85.5198	0	100
7804.36	85.5611	0.0825083	100
7824.98	85.6436	0	100
7825.29	85.6436	0.165017	100
7829.04	85.7261	0.0825083	100
7873.3	85.8086	0	100
7875.36	85.8498	0.0825083	100
7945.12	85.9323	0	100
7945.34	85.9323	0.165017	100
7946.78	86.0149	0.0825083	100
8012.58	86.0974	0	100
8013.29	86.1386	0.0825083	100
8131.14	86.2211	0	100
8131.38	86.2624	0.0825083	100
8181.3	86.3449	0	100
8182.15	86.3449	0.0825083	100
8195.04	86.4274	0	100
8196.29	86.4686	0.0825083	100
8407.76	86.5512	0	100
8408.11	86.5512	0.165017	100
8410.54	86.6337	0.0825083	100
8453.81	86.7162	0	100
8454.32	86.7574	0.0825083	100
8467.96	86.8399	0	100
8467.96	86.8399	0.165017	100
8468.89	86.9224	0.0825083	100
8500.55	87.005	0	100
8502.79	87.0462	0.0825083	100
8530.83	87.1287	0	100
8531.69	87.1287	0.0825083	100
8599.11	87.2112	0	100
8601.6	87.2525	0.0825083	100
8635.28	87.335	0	100
8636.21	87.335	0.0825083	100
8657.67	87.4175	0	100
8657.78	87.4175	0.165017	100
8658.5	87.5	0.0825083	100
8712.4	87.5825	0	100
8712.98	87.5825	0.0825083	100
8819.79	87.665	0	100
8820.38	87.7063	0.0825083	100
8911.82	87.7888	0	100
8916.58	87.7888	0.0825083	100
9017.16	87.8713	0	100
9017.18	87.9125	0.0825083	100
9065.33	87.995	0	100
9067.2	87.995	0.165017	100
9068.34	88.0776	0.0825083	100
9220.69	88.1601	0	100
9222.33	88.1601	0.0825083	100
9236.9	88.2426	0	100
9238.89	88.2426	0.0825083	100
9349.68	88.3251	0	100
9350.65	88.3251	0.165017	100
9350.92	88.4076	0.0825083	100
9429.07	88.4901	0	100
9429.33	88.5314	0.0825083	100
9459.13	88.6139	0	100
9463.6	88.6551	0.0825083	100
9525.8	88.7376	0	100
9527.96	88.7789	0.0825083	100
9541.41	88.8614	0	100
9541.53	88.8614	0.0825083	100
9546.15	88.9439	0	100
9546.59	88.9851	0.0825083	100
9558.46	89.0677	0	100
9558.51	89.0677	0.0825083	100
9578.59	89.1502	0	100
9578.85	89.1914	0.0825083	100
9698.65	89.2739	0	100
9698.67	89.2739	0.0825083	100
9999.72	89.3564	0	100
9999.72	89.3564	0.0825083	100
10041.6	89.4389	0	100
10042.3	89.4389	0.165017	100
10044.7	89.5215	0.0825083	100
10053.9	89.604	0	100
10054.7	89.6452	0.0825083	100
10069.2	89.7277	0	100
10069.8	89.769	0.0825083	100
10132.1	89.8515	0	100
10132.3	89.8927	0.0825083	100
10212.8	89.9753	0	100
10213.1	90.0165	0.0825083	100
10243	90.099	0	100
10243.6	90.1403	0.0825083	100
10274.3	90.2228	0	100
10274.3	90.2228	0.0825083	100
10290.9	90.3053	0	100
10292.4	90.3465	0.0825083	100
10316.8	90.429	0	100
10318.7	90.429	0.0825083	100
10383.2	90.5116	0	100
10383.7	90.5528	0.0825083	100
10611.2	90.6353	0	100
10611.7	90.6766	0.0825083	100
10732.3	90.7591	0	100
10732.4	90.7591	0.165017	100
10733.4	90.8416	0.0825083	100
10995.8	90.9241	0	100
10996.6	90.9653	0.0825083	100
11036.9	91.0479	0	100
11037.4	91.0891	0.0825083	100
11121.2	91.1716	0	100
11121.3	91.2129	0.0825083	100
11195.2	91.2954	0	100
11197.2	91.3366	0.0825083	100
11441.9	91.4191	0	100
11442.4	91.4191	0.165017	100
11443.9	91.5016	0.0825083	100
11451.3	91.5842	0	100
11451.4	91.6254	0.0825083	100
11576.9	91.7079	0	100
11577.3	91.7492	0.0825083	100
11653.7	91.8317	0	100
11653.9	91.8729	0.0825083	100
11749	91.9554	0	100
11749.8	91.9967	0.0825083	100
11759.1	92.0792	0	100
11759.3	92.1205	0.0825083	100
11842.9	92.203	0	100
11843.4	92.2442	0.0825083	100
12024.5	92.3267	0	100
12025.2	92.368	0.0825083	100
12464.7	92.4505	0	100
12464.9	92.4505	0.165017	100
12465.2	92.533	0.0825083	100
12499.4	92.6155	0	100
12500.5	92.6155	0.165017	100
12500.7	92.698	0.0825083	100
12504.1	92.7805	0	100
12504.2	92.8218	0.0825083	100
12827.9	92.9043	0	100
12828.2	92.9043	0.165017	100
12828.6	92.9868	0.0825083	100
12879.7	93.0693	0	100
12880	93.0693	0.165017	100
12881	93.1518	0.0825083	100
12887.1	93.2343	0	100
12887.2	93.2756	0.0825083	100
13010.6	93.3581	0	100
13011.2	93.3993	0.0825083	100
13033.8	93.4818	0	100
13036.9	93.5231	0.0825083	100
13630.4	93.6056	0	100
13631	93.6469	0.0825083	100
13689.1	93.7294	0	100
13689.6	93.7706	0.0825083	100
13791.1	93.8531	0	100
13792.1	93.8944	0.0825083	100
13889.4	93.9769	0	100
13889.8	93.9769	0.165017	100
13891.6	94.0594	0.0825083	100
14037.6	94.1419	0	100
14038.3	94.1832	0.0825083	100
14047.4	94.2657	0	100
14047.4	94.2657	0.165017	100
14049.2	94.3482	0.0825083	100
14163.2	94.4307	0	100
14163.8	94.4719	0.0825083	100
14267.2	94.5545	0	100
14269.3	94.5957	0.0825083	100
14287.4	94.6782	0	100
14287.6	94.7195	0.0825083	100
14509.3	94.802	0	100
14510.7	94.802	0.165017	100
14512.1	94.8845	0.0825083	100
14530.9	94.967	0	100
14532.2	94.967	0.165017	100
14532.7	95.0495	0.0825083	100
14562.7	95.132	0	100
14565.4	95.132	0.165017	100
14565.8	95.2145	0.0825083	100
14789.8	95.297	0	100
14790	95.3383	0.0825083	100
14808.8	95.4208	0	100
14809.3	95.4208	0.165017	100
14809.7	95.5033	0.0825083	100
15050.8	95.5858	0	100
15055.3	95.6271	0.0825083	100
15572.3	95.7096	0	100
15574.6	95.7096	0.165017	100
15578.6	95.7921	0.0825083	100
15739	95.8746	0	100
15742.6	95.9158	0.0825083	100
16166.8	95.9984	0	100
16167.6	96.0396	0.0825083	100
16360.5	96.1221	0	100
16360.9	96.1221	0.165017	100
16362	96.2046	0.0825083	100
16878.1	96.2871	0	100
16878.4	96.2871	0.165017	100
16879	96.3696	0.0825083	100
17071.5	96.4521	0	100
17073.2	96.4934	0.0825083	100
17456.8	96.5759	0	100
17459	96.6172	0.0825083	100
17531.3	96.6997	0	100
17531.7	96.7409	0.0825083	100
19137.2	96.8234	0	100
19137.4	96.8234	0.0825083	100
19269.5	96.9059	0	100
19269.9	96.9472	0.0825083	100
19341.9	97.0297	0	100
19343.7	97.0297	0.0825083	100
19456	97.1122	0	100
19457	97.1535	0.0825083	100
19612.3	97.236	0	100
19612.6	97.236	0.165017	100
19613.3	97.3185	0.0825083	100
19631.9	97.401	0	100
19631.9	97.4422	0.0825083	100
19986.2	97.5247	0	100
19986.3	97.566	0.0825083	100
20383.9	97.6485	0	100
20385	97.6898	0.0825083	100
20464.8	97.7723	0	100
20466.3	97.7723	0.165017	100
20466.4	97.8548	0.0825083	100
22217.4	97.9373	0	100
22218.6	97.9373	0.165017	100
22225.6	98.0198	0.0825083	100
23030.2	98.1023	0	100
23030.6	98.1436	0.0825083	100
23359.3	98.2261	0	100
23360.1	98.2673	0.0825083	100
24464.2	98.3498	0	100
24466.1	98.3911	0.0825083	100
25704.2	98.4736	0	100
25704.2	98.4736	0.165017	100
25704.9	98.5561	0.0825083	100
26048.6	98.6386	0	100
26050	98.6799	0.0825083	100
26069.3	98.7624	0	100
26069.6	98.8036	0.0825083	100
27949.3	98.8861	0	100
27949.6	98.9274	0.0825083	100
28287.7	99.0099	0	100
28287.7	99.0099	0.165017	100
28290.4	99.0924	0.0825083	100
28323.4	99.1749	0	100
28323.6	99.1749	0.165017	100
28324.1	99.2574	0.0825083	100
29713.4	99.3399	0	100
29713.6	99.3812	0.0825083	100
30798.7	99.4637	0	100
30800.1	99.4637	0.165017	100
30801.1	99.5462	0.0825083	100
31222.4	99.6287	0	100
31223.3	99.67	0.0825083	100
36335.9	99.7525	0	100
36336.9	99.7937	0.0825083	100
42640.5	99.8762	0	100
42640.6	99.9175	0.0825083	100
